#####################################################################
# Alchemist log file - simulation started at: 2026-07-02T13:00+0000 #
#####################################################################
#
# seed = 4.0, NumberOfHerds = 2, intrinsicForwardCoefficient = 0.24420530945486513, intrinsicLateralMultiplier = 0.5
#
# The columns have the following meaning: 
# time node-0 node-1 node-2 node-3 node-4 node-5 node-6 node-7 node-8 node-9 node-10 node-11 node-12 node-13 node-14 node-15 node-16 node-17 node-18 node-19 node-20 node-21 node-22 node-23 node-24 node-25 node-26 node-27 node-28 node-29 node-30 node-31 node-32 node-33 node-34 node-35 node-36 node-37 node-38 node-39 node-40 node-41 node-42 node-43 node-44 node-45 node-46 node-47 node-48 node-49 node-50 node-51 node-52 node-53 node-54 node-55 node-56 node-57 node-58 node-59 node-60 node-61 node-62 node-63 node-64 node-65 node-66 node-67 node-68 node-69 node-70 node-71 node-72 node-73 node-74 node-75 node-76 node-77 node-78 node-79 node-80 node-81 node-82 node-83 node-84 node-85 node-86 node-87 node-88 node-89 node-90 node-91 node-92 node-93 node-94 node-95 node-96 node-97 node-98 node-99 node-100 node-101 node-102 node-103 node-104 node-105 node-106 node-107 node-108 node-109 node-110 node-111 node-112 node-113 node-114 node-115 node-116 node-117 node-118 node-119 node-120 node-121 node-122 node-123 node-124 node-125 node-126 node-127 node-128 node-129 node-130 node-131 node-132 node-133 node-134 node-135 node-136 node-137 node-138 node-139 node-0[x] node-0[y] node-1[x] node-1[y] node-2[x] node-2[y] node-3[x] node-3[y] node-4[x] node-4[y] node-5[x] node-5[y] node-6[x] node-6[y] node-7[x] node-7[y] node-8[x] node-8[y] node-9[x] node-9[y] node-10[x] node-10[y] node-11[x] node-11[y] node-12[x] node-12[y] node-13[x] node-13[y] node-14[x] node-14[y] node-15[x] node-15[y] node-16[x] node-16[y] node-17[x] node-17[y] node-18[x] node-18[y] node-19[x] node-19[y] node-20[x] node-20[y] node-21[x] node-21[y] node-22[x] node-22[y] node-23[x] node-23[y] node-24[x] node-24[y] node-25[x] node-25[y] node-26[x] node-26[y] node-27[x] node-27[y] node-28[x] node-28[y] node-29[x] node-29[y] node-30[x] node-30[y] node-31[x] node-31[y] node-32[x] node-32[y] node-33[x] node-33[y] node-34[x] node-34[y] node-35[x] node-35[y] node-36[x] node-36[y] node-37[x] node-37[y] node-38[x] node-38[y] node-39[x] node-39[y] node-40[x] node-40[y] node-41[x] node-41[y] node-42[x] node-42[y] node-43[x] node-43[y] node-44[x] node-44[y] node-45[x] node-45[y] node-46[x] node-46[y] node-47[x] node-47[y] node-48[x] node-48[y] node-49[x] node-49[y] node-50[x] node-50[y] node-51[x] node-51[y] node-52[x] node-52[y] node-53[x] node-53[y] node-54[x] node-54[y] node-55[x] node-55[y] node-56[x] node-56[y] node-57[x] node-57[y] node-58[x] node-58[y] node-59[x] node-59[y] node-60[x] node-60[y] node-61[x] node-61[y] node-62[x] node-62[y] node-63[x] node-63[y] node-64[x] node-64[y] node-65[x] node-65[y] node-66[x] node-66[y] node-67[x] node-67[y] node-68[x] node-68[y] node-69[x] node-69[y] node-70[x] node-70[y] node-71[x] node-71[y] node-72[x] node-72[y] node-73[x] node-73[y] node-74[x] node-74[y] node-75[x] node-75[y] node-76[x] node-76[y] node-77[x] node-77[y] node-78[x] node-78[y] node-79[x] node-79[y] node-80[x] node-80[y] node-81[x] node-81[y] node-82[x] node-82[y] node-83[x] node-83[y] node-84[x] node-84[y] node-85[x] node-85[y] node-86[x] node-86[y] node-87[x] node-87[y] node-88[x] node-88[y] node-89[x] node-89[y] node-90[x] node-90[y] node-91[x] node-91[y] node-92[x] node-92[y] node-93[x] node-93[y] node-94[x] node-94[y] node-95[x] node-95[y] node-96[x] node-96[y] node-97[x] node-97[y] node-98[x] node-98[y] node-99[x] node-99[y] node-100[x] node-100[y] node-101[x] node-101[y] node-102[x] node-102[y] node-103[x] node-103[y] node-104[x] node-104[y] node-105[x] node-105[y] node-106[x] node-106[y] node-107[x] node-107[y] node-108[x] node-108[y] node-109[x] node-109[y] node-110[x] node-110[y] node-111[x] node-111[y] node-112[x] node-112[y] node-113[x] node-113[y] node-114[x] node-114[y] node-115[x] node-115[y] node-116[x] node-116[y] node-117[x] node-117[y] node-118[x] node-118[y] node-119[x] node-119[y] node-120[x] node-120[y] node-121[x] node-121[y] node-122[x] node-122[y] node-123[x] node-123[y] node-124[x] node-124[y] node-125[x] node-125[y] node-126[x] node-126[y] node-127[x] node-127[y] node-128[x] node-128[y] node-129[x] node-129[y] node-130[x] node-130[y] node-131[x] node-131[y] node-132[x] node-132[y] node-133[x] node-133[y] node-134[x] node-134[y] node-135[x] node-135[y] node-136[x] node-136[y] node-137[x] node-137[y] node-138[x] node-138[y] node-139[x] node-139[y] 
0.0 0.0 0.0 0.0 0.0 0.0 0.0 0.0 0.0 0.0 0.0 0.0 0.0 0.0 0.0 0.0 0.0 0.0 0.0 0.0 0.0 0.0 0.0 0.0 0.0 0.0 0.0 0.0 0.0 0.0 0.0 0.0 0.0 0.0 0.0 0.0 0.0 0.0 0.0 0.0 0.0 0.0 0.0 0.0 0.0 0.0 0.0 0.0 0.0 0.0 0.0 0.0 0.0 0.0 0.0 0.0 0.0 0.0 0.0 0.0 0.0 0.0 0.0 0.0 0.0 0.0 0.0 0.0 0.0 0.0 0.0 0.0 0.0 0.0 0.0 0.0 0.0 0.0 0.0 0.0 0.0 0.0 0.0 0.0 0.0 0.0 0.0 0.0 0.0 0.0 0.0 0.0 0.0 0.0 0.0 0.0 0.0 0.0 0.0 0.0 0.0 0.0 0.0 0.0 0.0 0.0 0.0 0.0 0.0 0.0 0.0 0.0 0.0 0.0 0.0 0.0 0.0 0.0 0.0 0.0 0.0 0.0 0.0 0.0 0.0 0.0 0.0 0.0 0.0 0.0 0.0 0.0 0.0 0.0 0.0 0.0 0.0 0.0 0.0 0.0 0.0 180.8913378840096 -307.6991944370159 -968.5150956313154 124.45850571804397 151.0884127348324 -275.52612037058395 -977.7878396866492 147.55486337762667 167.5242337963037 -274.743533656947 -968.2014775190597 160.62788678556927 165.52565656949116 -271.5008124573737 -982.7276306383311 151.1001410861571 187.2190741461011 -289.31271390306637 -987.5259909545388 152.05941906786825 186.96960551890197 -298.0116558384636 -953.2492871209903 146.65446241685143 176.07950703281008 -300.31180536797797 -971.6600129705697 152.54599705954337 165.8703646494093 -286.7253329815847 -960.3368601785502 146.0183395586081 164.6669651863278 -294.9529002175805 -950.2026930862946 144.22213621606002 169.11691014627158 -306.55156028355145 -962.3748650817128 160.46996253734284 176.2455758078311 -269.1535473222978 -943.586732331787 130.50108296088845 164.46641742119948 -291.0829163974804 -968.1521889514416 144.11380781993978 183.772350951722 -305.8986766926008 -957.5342151162753 130.74983827445317 187.8964108218585 -276.964563635083 -967.2343853458433 128.4970466085346 175.82318227898656 -282.23146394485383 -956.0938294626247 120.2896499932296 178.18327142863447 -313.0184155841219 -971.3413362234987 156.29802591226618 162.84274580851803 -272.91862472620875 -943.0383501451679 142.64051542325737 160.92446106344656 -305.07890943185777 -966.4964142535224 149.5802116951716 169.4585926687185 -270.059140751819 -952.5510061633671 128.44730204703563 153.28844154281367 -303.00472655854907 -983.7641299734124 144.85984949914615 145.78840254907288 -299.5075946586076 -955.0168443037187 143.0766502782998 146.45155404495836 -289.10645145612995 -948.9701154271687 154.42409284824956 171.23376717381186 -299.03588498563704 -986.3145569119063 142.00452787053436 155.21523960230763 -278.5843991094825 -951.4280472277607 156.568603695339 163.50387907695256 -314.2786785523926 -976.1147396488576 125.66416054319515 169.83419558290356 -288.0668449313966 -960.5674900809908 122.82581745666337 183.00873340825464 -301.3582002190667 -971.6643977090952 159.4682457614968 180.52340664437108 -280.2802832063229 -986.3643910234655 133.23015599855626 173.13172031391008 -268.93277554924464 -945.5689559265073 150.13302214489585 163.6171578294644 -302.61366433301737 -962.7551685719397 153.46326481991653 183.9371876514888 -276.1668764565455 -983.3770404513282 157.33799075607024 159.77282591011073 -271.2725816371247 -940.5787769473875 149.10446826822178 181.9594626933313 -286.0343162049329 -943.0961971296425 138.89480327746395 182.9845154436239 -310.28262735129925 -983.8717766392767 129.37481799599695 169.7831484669 -283.15114309825435 -980.3008004106686 161.64336742289169 163.2687299303422 -298.7154289119609 -989.3274767129783 141.97630612607634 179.47841690567478 -304.79763263955294 -964.3609798365379 145.27684714248443 161.96346744535276 -285.9529293293957 -955.1620479379725 149.05253414036193 160.1976093778061 -277.32063822577464 -950.1450749267095 134.2425830931514 171.2269916826555 -274.00334547800907 -961.830695175966 136.93488476612794 175.74888887969053 -274.9629928173339 -975.7529325325377 141.89509299803456 170.3302183569615 -310.01788089675546 -969.923446221126 140.22612280517393 191.334601531708 -284.33590787814444 -949.2457746824675 159.68360398749078 165.7318849702584 -306.66246251893114 -972.2011615147036 146.65922279956084 159.19644729356725 -294.5371779499671 -941.8270113089592 134.56949779320243 155.35955515036807 -272.27933021569714 -988.4281055078382 146.80683784298606 185.26104459406514 -294.1577809706718 -955.0671608222087 155.50875745397806 192.59905108523378 -293.29041633133903 -951.0902948709102 140.11679096070756 152.95334365812175 -309.52845459628486 -966.2417732287054 119.15039295869035 177.11399759850667 -289.6397667815351 -956.4683770564425 126.22525535442166 190.20979314488284 -300.9842553142317 -956.9663400538759 165.90028129370666 150.0970643393348 -300.9840464502038 -960.1432322334434 150.8992549553475 173.1694997215336 -278.5743090224812 -976.2625995488287 160.48856109527944 172.7130320038526 -284.53105958713076 -981.6831997454838 135.34521907011654 146.92638970468278 -280.5002658398015 -980.7407823949127 127.54155488413728 180.98833600559254 -294.0957079119835 -960.9947389579607 168.39341966915217 147.6082916322158 -294.6500221048263 -972.6217961679876 162.99876559769555 156.0316911499626 -300.0547396144372 -940.0091575044839 145.4750461934657 175.58446671873767 -293.40252683836417 -970.0618971539676 132.95375931575737 144.7063013473067 -284.47569365595496 -978.124970327193 156.30456773190704 173.92443554667773 -310.7822475997548 -983.9755377802569 137.82003609462453 164.25460562074002 -266.0071758664968 -975.4868396605967 145.59480361141587 154.7707955344599 -290.6636137429142 -966.4288084855588 137.97149062992463 144.13954670504415 -291.7700918679106 -980.7510603485924 154.79676583962976 184.91400191328546 -285.06137482220845 -978.4386149166004 151.7399097458127 160.91023050310397 -266.52761365697137 -961.1605078213552 125.87207199378648 169.86978252237 -294.67088514476296 -942.3094196712475 155.00556171520063 153.639786476442 -286.26904355065693 -960.9390845999895 163.2519189510769 187.62211853274692 -304.48042721485456 -945.7670681641766 128.06959665814855 151.1817742177322 -297.71584521978514 -940.1237729388419 141.89169109443804
0.004819367455573431 0.0 0.0 0.0 0.0 0.0 0.0 0.0 0.0 0.0 0.0 0.0 0.0 0.0 0.0 0.0 0.0 0.0 0.0 0.0 0.0 0.0 0.0 0.0 0.0 0.0 0.0 0.0 0.0 0.0 0.0 0.0 0.0 0.0 0.0 0.0 0.0 0.0 0.0 0.0 0.0 0.0 0.0 0.0 0.0 0.0 0.0 0.0 0.0 0.0 0.0 0.0 0.0 0.0 0.0 0.0 0.0 0.0 0.0 0.0 0.0 0.0 0.0 0.0 0.0 0.0 0.0 0.0 0.0 0.0 0.0 0.0 0.0 0.0 0.0 0.0 0.0 0.0 0.0 0.0 0.0 0.0 0.0 0.0 0.0 0.0 0.0 0.0 0.0 0.0 0.0 0.0 0.0 0.0 0.0 0.0 0.0 0.0 0.0 0.0 0.0 0.0 0.0 0.0 0.0 0.0 0.0 0.0 0.0 0.0 0.0 0.0 0.0 0.0 0.0 0.0 0.0 0.0 0.0 0.0 0.0 0.0 0.0 0.0 0.0 0.0 0.0 0.0 0.0 0.0 0.0 0.0 0.0 0.0 0.0 0.0 0.0 0.0 0.0 0.0 0.0 180.8913378840096 -307.6991944370159 -968.5150956313154 124.45850571804397 151.0884127348324 -275.52612037058395 -977.7878396866492 147.55486337762667 167.5242337963037 -274.743533656947 -968.2014775190597 160.62788678556927 165.52565656949116 -271.5008124573737 -982.7276306383311 151.1001410861571 187.2190741461011 -289.31271390306637 -987.5259909545388 152.05941906786825 186.96960551890197 -298.0116558384636 -953.2492871209903 146.65446241685143 176.07950703281008 -300.31180536797797 -971.6600129705697 152.54599705954337 165.8703646494093 -286.7253329815847 -960.3368601785502 146.0183395586081 164.6669651863278 -294.9529002175805 -950.2026930862946 144.22213621606002 169.11691014627158 -306.55156028355145 -962.3748650817128 160.46996253734284 176.2455758078311 -269.1535473222978 -943.586732331787 130.50108296088845 164.46641742119948 -291.0829163974804 -968.1521889514416 144.11380781993978 183.772350951722 -305.8986766926008 -957.5342151162753 130.74983827445317 187.8964108218585 -276.964563635083 -967.2343853458433 128.4970466085346 175.82318227898656 -282.23146394485383 -956.0938294626247 120.2896499932296 178.18327142863447 -313.0184155841219 -971.3413362234987 156.29802591226618 162.84274580851803 -272.91862472620875 -943.0383501451679 142.64051542325737 160.92446106344656 -305.07890943185777 -966.4964142535224 149.5802116951716 169.4585926687185 -270.059140751819 -952.5510061633671 128.44730204703563 153.28844154281367 -303.00472655854907 -983.7641299734124 144.85984949914615 145.78840254907288 -299.5075946586076 -955.0168443037187 143.0766502782998 146.05004355867555 -288.8283610714189 -948.9701154271687 154.42409284824956 171.23376717381186 -299.03588498563704 -986.3145569119063 142.00452787053436 155.21523960230763 -278.5843991094825 -951.4280472277607 156.568603695339 163.50387907695256 -314.2786785523926 -976.1147396488576 125.66416054319515 169.83419558290356 -288.0668449313966 -960.5674900809908 122.82581745666337 183.00873340825464 -301.3582002190667 -971.6643977090952 159.4682457614968 180.52340664437108 -280.2802832063229 -986.3643910234655 133.23015599855626 173.13172031391008 -268.93277554924464 -945.5689559265073 150.13302214489585 163.6171578294644 -302.61366433301737 -962.7551685719397 153.46326481991653 183.9371876514888 -276.1668764565455 -983.3770404513282 157.33799075607024 159.77282591011073 -271.2725816371247 -940.5787769473875 149.10446826822178 181.9594626933313 -286.0343162049329 -943.0961971296425 138.89480327746395 182.9845154436239 -310.28262735129925 -983.8717766392767 129.37481799599695 169.7831484669 -283.15114309825435 -980.3008004106686 161.64336742289169 163.2687299303422 -298.7154289119609 -989.3274767129783 141.97630612607634 179.47841690567478 -304.79763263955294 -964.3609798365379 145.27684714248443 161.96346744535276 -285.9529293293957 -955.1620479379725 149.05253414036193 160.1976093778061 -277.32063822577464 -950.1450749267095 134.2425830931514 171.2269916826555 -274.00334547800907 -961.830695175966 136.93488476612794 175.74888887969053 -274.9629928173339 -975.7529325325377 141.89509299803456 170.3302183569615 -310.01788089675546 -969.923446221126 140.22612280517393 191.334601531708 -284.33590787814444 -949.2457746824675 159.68360398749078 165.7318849702584 -306.66246251893114 -972.2011615147036 146.65922279956084 159.19644729356725 -294.5371779499671 -941.8270113089592 134.56949779320243 155.35955515036807 -272.27933021569714 -988.4281055078382 146.80683784298606 185.26104459406514 -294.1577809706718 -955.0671608222087 155.50875745397806 192.59905108523378 -293.29041633133903 -951.0902948709102 140.11679096070756 152.95334365812175 -309.52845459628486 -966.2417732287054 119.15039295869035 177.11399759850667 -289.6397667815351 -956.4683770564425 126.22525535442166 190.20979314488284 -300.9842553142317 -956.9663400538759 165.90028129370666 150.0970643393348 -300.9840464502038 -960.1432322334434 150.8992549553475 173.1694997215336 -278.5743090224812 -976.2625995488287 160.48856109527944 172.7130320038526 -284.53105958713076 -981.6831997454838 135.34521907011654 146.92638970468278 -280.5002658398015 -980.7407823949127 127.54155488413728 180.98833600559254 -294.0957079119835 -960.9947389579607 168.39341966915217 147.6082916322158 -294.6500221048263 -972.6217961679876 162.99876559769555 156.0316911499626 -300.0547396144372 -940.0091575044839 145.4750461934657 175.58446671873767 -293.40252683836417 -970.0618971539676 132.95375931575737 144.7063013473067 -284.47569365595496 -978.124970327193 156.30456773190704 173.92443554667773 -310.7822475997548 -983.9755377802569 137.82003609462453 164.25460562074002 -266.0071758664968 -975.4868396605967 145.59480361141587 154.7707955344599 -290.6636137429142 -966.4288084855588 137.97149062992463 144.13954670504415 -291.7700918679106 -980.7510603485924 154.79676583962976 184.91400191328546 -285.06137482220845 -978.4386149166004 151.7399097458127 160.91023050310397 -266.52761365697137 -961.1605078213552 125.87207199378648 169.86978252237 -294.67088514476296 -942.3094196712475 155.00556171520063 153.639786476442 -286.26904355065693 -960.9390845999895 163.2519189510769 187.62211853274692 -304.48042721485456 -945.7670681641766 128.06959665814855 151.1817742177322 -297.71584521978514 -940.1237729388419 141.89169109443804
10.004819367455573 2.7800819805010613 0.8791391140374953 2.4865809165690087 1.965814820666779 1.9658148206668333 1.965814820666779 1.5848905769640886 1.5848905769641104 1.9658148206668073 2.4865809165690655 2.486580916569091 1.5848905769641 1.9658148206668333 1.7582782280751663 1.758278228075052 1.9658148206667505 5.274834684225123 1.7582782280751663 1.758278228075052 1.9658148206667505 1.9658148206668333 3.624783426788681 5.274834684225123 1.7582782280751663 1.758278228075052 1.7582782280751663 1.758278228075052 1.7582782280751663 1.758278228075052 1.7582782280751663 1.758278228075052 5.274834684225078 2.637417342112461 1.7582782280751663 1.758278228075052 3.6247834267886563 2.637417342112461 0.879139114037445 2.637417342112461 1.9658148206667505 3.624783426788613 1.7582782280751663 3.6247834267886403 1.7582782280751663 2.4865809165690087 2.486580916569176 1.758278228075052 0.879139114037445 0.8791391140376101 1.7582782280751663 1.9658148206668073 0.8791391140374953 0.8791391140376101 1.9658148206667505 1.9658148206668073 2.4865809165690655 1.9658148206668333 1.965814820666779 1.9658148206668333 0.879139114037445 1.758278228075052 1.965814820666779 3.624783426788613 1.7582782280751663 1.9658148206668333 3.624783426788681 1.9658148206668073 3.6247834267886563 3.624783426788613 3.6247834267886563 3.6247834267886403 3.624783426788681 5.274834684225123 1.7582782280751663 1.758278228075052 3.6247834267886563 2.4865809165690087 2.486580916569176 1.5848905769640886 0.879139114037445 1.5848905769640653 1.9658148206667505 1.758278228075052 1.5848905769641 0.8791391140376101 0.879139114037445 1.5848905769640653 1.9658148206667505 1.5848905769640886 0.879139114037445 2.4865809165690087 1.7582782280751663 1.9658148206668073 0.879139114037445 0.8791391140376101 1.7582782280751663 0.0 2.486580916569176 0.8791391140376101 0.8791391140374953 0.0 0.879139114037445 2.4865809165690087 1.965814820666779 1.9658148206668073 1.5848905769641 2.486580916569091 0.879139114037445 3.6247834267886403 1.965814820666779 1.9658148206668073 3.6247834267886563 3.6247834267886403 1.965814820666779 1.9658148206668073 1.7582782280751663 2.637417342112461 3.624783426788681 1.9658148206668073 1.7582782280751663 1.758278228075052 1.7582782280751663 3.6247834267886403 1.7582782280751663 1.758278228075052 1.7582782280751663 1.9658148206668073 2.6374173421125486 1.9658148206668073 1.7582782280751663 3.6247834267886403 3.6247834267886563 5.274834684225123 1.7582782280751663 3.6247834267886403 1.9658148206667505 1.758278228075052 1.7582782280751663 1.9658148206668333 1.965814820666779 175.43969613762428 -305.7056864716876 -973.4058940849911 124.87459307013089 143.10428796917836 -271.1844692259955 -983.384413507764 148.84796332112404 162.50227338696655 -273.6417463146623 -973.0026554581359 161.5240919315638 162.26352792274648 -269.8532892028864 -988.2489852682687 152.13077700405083 183.88357015426686 -286.4083899543842 -992.7048711365339 156.2556309034611 183.0935458484294 -295.02999674821183 -957.5289269510045 148.07443064169536 170.61303050798998 -295.33742862474685 -975.9810731157382 153.35258169093842 161.7162145942257 -284.14518437761575 -964.808358706073 147.34985224121056 159.14619599993918 -291.129157427804 -954.9142505107715 145.5984591559622 165.24085047579902 -303.56990119329964 -967.0416122488897 162.08634437419877 175.2269648136893 -265.4774525826177 -946.9475568891404 131.12842656308462 157.95749710988753 -285.6835915317909 -973.1326079197169 144.04977737811907 179.0315602578979 -302.0210363974301 -964.4223102237917 133.77455827212165 185.11708759944622 -273.25721871383536 -972.7717475862363 130.77278726849707 172.225212993225 -278.8482943683193 -959.7235155637766 119.47664021370298 176.06792398643233 -310.0680066754377 -976.6674422137824 157.04379267590633 158.7042208441182 -269.4581200081047 -949.0398225690133 143.76077185575056 155.148643972348 -302.26675540317996 -971.3872127071982 149.9962990472585 165.21969008274797 -266.52911343753726 -956.5583945074377 130.93429895710733 148.93353624448866 -300.28553276222465 -987.6802915158505 145.83927764154544 138.25187322970388 -296.66419044836226 -960.2373221689477 143.05743009377883 143.27072033626337 -285.1210161501711 -952.5101810137211 154.09120086263053 165.30327979957409 -297.3048423142359 -992.2856204018741 142.62226138047006 150.78299916241303 -276.40576099179634 -955.7347060495069 158.11777014624536 161.91346222260512 -312.28596089941306 -980.7494715951243 124.79033289591361 166.97753721892173 -284.90005568878723 -963.9283146383443 123.45316105885959 178.14452261285876 -296.80095905290216 -976.5712037732259 161.12943785565247 176.94106244939326 -276.01675751565307 -994.0622833364426 135.90918897421628 169.6185035589355 -266.4994846830231 -951.7784720263962 148.8078793505512 159.70243058820702 -299.90228308208475 -968.6830280916408 156.3087437883861 178.0535755496022 -271.79476544273854 -990.1595074337898 159.59772380557752 153.57987324194565 -269.06269333787105 -945.2903343718644 150.48079120812397 178.04473545207392 -283.3229349540003 -949.0512530091551 138.26743204533085 182.2266674844168 -307.9677262375331 -990.7598717467931 132.39953799366543 162.4629994814561 -279.5664279662293 -986.7087777242773 164.57846690596068 158.8521145812313 -295.6564346801395 -998.2224509366586 140.90401726507483 172.5523610172963 -300.00057350328774 -969.2517782902138 145.69293449457138 154.6359010706915 -280.8777798084194 -960.3537231563569 150.51847759486347 157.46437111539612 -274.83344985415897 -953.0257816901557 134.78030618074808 167.33530692139925 -271.90204250189277 -964.5321609102127 138.43284344153992 172.51376250942698 -272.1281914648296 -980.4196796997148 143.51147483489055 165.20275195528927 -308.8430189947764 -974.8302522852568 141.88731489932962 189.72855958657678 -283.22354633930024 -950.417266520392 161.392818913012 161.63944496586072 -304.4221143504593 -976.6870613656488 147.24815366265202 153.33587767168177 -290.7751452109765 -943.8819132564889 134.20780316073885 149.0275572898475 -270.27019715958505 -993.4853499543235 148.9929579883491 181.6787003990873 -289.894255280002 -959.5674619965765 155.3551064975579 190.57587356303603 -292.78032052191907 -956.2051446110846 139.33258382802543 151.39417698534163 -305.7750247150351 -969.4681670141596 120.49791325174793 173.37698312038958 -286.457352448142 -960.3541296650033 126.70216057426352 188.86621649367893 -300.3507394032399 -958.7075702003077 167.2189989399197 145.24768832237362 -299.4076740619419 -966.1751135911661 152.52203431039814 169.43248524341652 -275.3918946890881 -981.6031068625344 160.49174603940835 168.64074127811503 -281.11642939918204 -984.5639065089297 135.88294215771322 143.88460118834325 -276.31407529070134 -986.0220781278965 128.52738054473127 176.1545850794151 -291.6389794095864 -966.0967936617458 170.33948091756136 143.48539175859966 -290.30916127258683 -978.1143481510807 165.51456515461177 153.11332273519486 -296.5481499363309 -941.5391314008061 145.26378994335647 170.2874952554915 -290.32790751575914 -975.9289388059138 134.79419243911192 140.58340147369051 -280.1348328237156 -982.8910346464561 157.19421844330859 170.18742106856064 -307.59983326636166 -990.1722588437564 139.22516168137125 161.0893970028287 -261.14138444640287 -980.288017599673 146.4910087574104 150.78694085319927 -286.1219976675333 -972.4142732989488 137.846642320349 136.86548267960242 -289.4055332855178 -985.8371074419221 155.49772234597026 181.64189857521455 -281.3097846166743 -983.2093839217991 152.13359196924975 155.81401428299927 -263.59203952672175 -968.5575233696235 127.50124886703182 164.1252156128389 -290.09801888781465 -944.0506498176794 156.32427936141366 148.45140033633294 -280.89315632114295 -964.9912832013597 165.49885696419483 184.14756934855717 -301.7768585093138 -950.3121795958439 127.6758868047746 147.26704697647483 -295.00446396885275 -943.8430795545929 140.59856352100365
20.004819367455575 0.8791391140376101 1.7582782280751703 3.624783426788613 5.2748346842251035 2.486580916569091 1.7582782280751281 1.5848905769640886 5.274834684225243 1.758278228075052 2.4865809165691166 1.758278228075052 1.9658148206669483 1.7582782280749938 3.6247834267886216 1.9658148206668073 1.758278228074836 1.758278228075052 1.7582782280750637 1.758278228075052 1.7582782280749736 3.6247834267886403 0.8791391140375084 3.6247834267886403 1.9658148206666786 0.8791391140376101 1.7582782280750944 0.8791391140376101 1.9658148206667638 1.9658148206668333 1.75827822807518 0.8791391140376101 1.7582782280749765 2.637417342112461 0.8791391140375988 1.7582782280749938 1.9658148206667765 2.637417342112461 0.8791391140375117 1.758278228075052 0.8791391140374801 2.4865809165690087 1.7582782280750298 3.624783426788613 1.7582782280751805 3.6247834267886403 0.8791391140375006 3.6247834267886403 0.0 0.8791391140376101 1.9658148206668205 1.5848905769640886 1.758278228075121 0.8791391140376101 1.7582782280749292 1.758278228075052 5.274834684225161 2.637417342112461 1.7582782280748668 1.758278228075052 0.8791391140375565 0.8791391140376101 1.965814820666652 1.758278228075052 1.7582782280748606 1.758278228075052 0.8791391140375021 1.758278228075052 1.7582782280750007 5.274834684225123 1.7582782280750555 2.637417342112461 2.4865809165688626 1.7582782280749938 1.7582782280751328 1.758278228075052 3.6247834267887624 1.758278228075052 1.7582782280749547 2.637417342112461 0.8791391140374973 2.486580916569091 3.6247834267887304 1.758278228075052 3.6247834267888015 0.8791391140376101 1.7582782280751013 0.0 1.965814820666762 1.758278228075052 0.8791391140374925 5.274834684225123 0.8791391140375258 1.758278228075052 1.9658148206667425 1.758278228075052 0.8791391140375163 0.8791391140376101 3.6247834267885373 0.8791391140376101 1.7582782280749223 0.8791391140376101 1.7582782280750333 2.4865809165690087 1.9658148206668808 1.758278228075052 1.9658148206667665 3.624783426788613 0.8791391140375333 2.4865809165690087 1.9658148206668933 0.8791391140376101 3.6247834267886003 3.624783426788613 1.7582782280751998 3.6247834267886403 0.8791391140374943 1.758278228075052 1.7582782280751295 1.9658148206668073 1.9658148206668309 0.8791391140376101 3.624783426788733 2.486580916569091 5.27483468422494 3.624783426788613 0.8791391140375159 1.9658148206668073 1.965814820666779 1.758278228075052 1.7582782280751323 1.758278228075052 1.758278228075218 0.8791391140376101 1.7582782280749807 0.8791391140376101 1.7582782280752045 1.758278228075052 1.7582782280750402 1.758278228075052 0.8791391140375447 171.0230807885134 -302.64669223986624 -976.7185967705944 125.7520118957811 135.27186653097658 -265.1655329685498 -991.0512683229076 150.3768616064748 158.68792376727987 -270.9998876599075 -977.9011294646593 163.20757362573397 157.78520252284974 -266.45449453556836 -995.4816123992838 153.84959698937018 180.94957664871544 -283.78215639041304 -999.8589779999689 157.65116625664785 179.3409062795286 -292.72793852895387 -962.524253875175 149.25924710730072 166.4745055435901 -291.8769239066426 -980.7739455502086 154.27914397880417 157.1605540527593 -281.28694538893575 -969.0365909821393 148.64311802518748 153.18524875648293 -287.2976020926355 -959.2203236985712 145.16138875778867 162.73961763809783 -299.4610457857691 -971.135471640953 164.10104526572533 171.33528005243295 -263.37614960650126 -949.4378839133026 131.09679450481258 151.51770423857886 -282.11450149054974 -976.8614851139865 145.0383512038084 175.5413859829244 -300.19782380602464 -967.8264391231339 134.1689902469157 183.75788585745852 -273.504058916979 -977.1828460481979 131.11097899199316 168.19448303961315 -276.94774663534423 -962.0786355444733 120.16608871340706 173.79790626109101 -308.19870912403 -980.3411894770926 158.00010112021394 153.20649413773072 -266.24445549314424 -952.0100354300381 143.81879378458135 151.14916420030363 -298.60549544193435 -975.6105318034483 151.29476858926168 161.04249754756333 -263.33888655875245 -959.9641906842145 131.32318913840592 144.37787570302228 -297.42729377354465 -991.7856768091751 146.4094904145257 131.37931969054497 -294.5777222506805 -965.6525238941996 143.3291751241108 139.14782046264722 -280.78015531793164 -955.3903052540716 154.63090230560388 160.42344391339452 -293.6279572622065 -998.3574953999404 144.60335566545592 145.17747744523743 -271.6321394917066 -958.1354432685123 158.56692491192246 159.10288881862547 -310.3393282064358 -984.3547416804977 126.73189767014296 162.62263192059677 -282.18086189246293 -967.8125825780281 123.93558809399123 173.7279072637479 -293.74196482108067 -981.8935192304036 161.90185158812474 172.78691239420968 -273.43660891168406 -1000.1797134667189 138.93548527577875 165.0011329666832 -263.30144525884634 -955.2286229689229 148.9569487186582 155.74161838694752 -295.97074528152007 -973.6447588147502 158.98593021063164 175.66013772268906 -269.2458670203371 -994.7463674078842 161.5505605696157 147.58025842770462 -265.5014158420217 -949.6561225540355 151.04831914668742 174.55456117710042 -281.4997223625948 -951.4071042304454 138.9561899803744 180.09569495143103 -305.89767344298394 -993.6296926214594 135.4724343545762 155.0811404452263 -275.64191239870735 -991.5046732011225 165.53585987005357 154.52845946447374 -291.1765286555447 -1004.4077560561714 142.61975349768136 167.99670047582993 -297.1423345146077 -974.0080175048033 146.8417043919457 149.97244551843704 -276.45958383461027 -965.843037487901 153.04289097452587 151.50342387193987 -271.00189451899035 -955.036084839184 134.6595663427363 163.07336185542766 -267.761936912795 -966.9789277417888 138.64197510766817 168.95446079445026 -268.47474404897605 -987.2120575423851 141.86207048233766 160.50804622146737 -306.18553524923783 -980.4006809215226 142.70997041098977 187.31949666887996 -281.55500403103395 -952.1581654298549 162.71276562115736 157.46225243067605 -301.2318874716743 -981.8203711965308 148.97930832060092 146.89608480037313 -287.2060551697352 -945.5781528931061 135.7669104550117 141.68436582440248 -266.07540375274397 -998.3657829754533 149.51512886612434 177.8026407286147 -286.9125961897503 -962.8822009893718 156.22621372867835 187.90434535141193 -290.6329325858003 -959.7459690363839 139.00122680979422 150.06622542492147 -304.26115268990804 -972.8296128667591 121.1335532922465 168.8369476697069 -282.71875734532676 -963.1444525384857 127.72236715112015 187.83198040875354 -297.5550007776948 -961.9774550611933 168.33045511069494 138.37513478321472 -297.32120586426015 -972.1438931427148 155.1395290306566 165.5564255729439 -272.4102355988364 -986.4511778641541 162.42520918794418 161.85373058209208 -276.1186150197754 -986.0512849227596 135.92138383965766 138.55716985587867 -271.13894330432885 -988.468947993557 131.2577599610558 173.09717147229193 -288.33314497462135 -970.4157697484849 171.15582842616269 140.7060685361875 -286.601816351339 -983.9584480174699 166.1501751946844 148.5732872845122 -292.8095548335157 -943.8051383426349 146.4323395591391 165.2069041261705 -286.51197727137423 -978.3772121307513 135.01108009572295 136.19803630614706 -275.31512636362373 -987.5483100515038 158.8435860553166 166.6972467935871 -305.7766206749563 -993.5334734366886 139.90901111614602 157.08991723078432 -257.48012448515726 -986.2264899487303 146.664621690827 145.6446396730924 -281.9662669876516 -975.2517543541061 138.63120818007886 134.34862475111746 -286.1770339921226 -992.9510776782939 156.667333856314 178.16734939102477 -278.6062159111336 -987.4757222937142 153.2355681605316 151.52081903546014 -261.2126461658942 -970.9552926132225 127.95662446801089 159.50784502058661 -286.8999794636377 -945.9707907183113 156.68316176241856 144.18945527036126 -276.7530507320449 -968.1715407094334 167.091690631956 181.21357584300577 -299.1506249453426 -953.1924536034129 128.2144665663232 141.8310303208732 -292.13059988938903 -945.193768216085 141.3477222958544
30.004819367455575 1.758278228075052 1.7582782280750675 2.4865809165690087 0.8791391140374484 1.758278228075052 1.7582782280750227 1.758278228075052 3.624783426788781 1.758278228075052 1.7582782280748477 1.9658148206668073 1.7582782280750515 3.6247834267886403 0.879139114037481 1.758278228075052 1.9658148206670047 1.9658148206668073 3.6247834267886514 0.8791391140376101 1.7582782280749312 1.9658148206668333 0.8791391140375553 3.6247834267886403 1.96581482066683 0.8791391140376101 1.7582782280751406 0.8791391140376101 1.7582782280751752 2.486580916569091 1.7582782280748341 0.8791391140376101 1.7582782280751073 1.9658148206668333 2.4865809165689465 1.758278228075052 1.7582782280750189 1.9658148206668333 1.7582782280750702 1.758278228075052 1.7582782280750169 1.9658148206667825 0.8791391140374359 1.758278228075052 0.8791391140374893 1.758278228075052 0.8791391140374994 5.274834684225123 1.7582782280749851 0.0 1.9658148206669228 1.758278228075052 1.7582782280751026 3.624783426788613 1.5848905769641077 1.758278228075052 1.758278228075115 1.758278228075052 1.7582782280749147 0.0 3.6247834267885657 1.758278228075052 2.4865809165688875 3.6247834267886403 0.8791391140375 0.8791391140376101 1.7582782280750282 0.8791391140376101 5.274834684225257 1.9658148206668073 2.486580916569033 1.758278228075052 3.6247834267886723 0.8791391140376101 3.6247834267886354 2.7800819805010613 1.9658148206667478 0.8791391140376101 1.7582782280748888 1.5848905769640653 1.7582782280748865 1.758278228075052 0.8791391140374973 3.6247834267886403 1.7582782280748388 0.8791391140376101 1.7582782280749567 0.8791391140376101 3.6247834267884684 3.6247834267886403 1.758278228075077 1.9658148206668333 0.8791391140375009 1.758278228075052 2.4865809165690664 1.758278228075052 0.0 0.8791391140376101 1.9658148206667778 0.8791391140376101 1.7582782280751048 1.758278228075052 0.8791391140374838 1.9658148206668073 1.7582782280749216 0.0 5.274834684224935 0.8791391140376101 3.6247834267886616 0.8791391140376101 5.274834684225111 0.8791391140376101 1.9658148206669823 1.758278228075052 1.7582782280750087 1.9658148206668333 0.879139114037529 1.7582782280749938 3.6247834267887455 2.7800819805010613 1.7582782280752185 1.758278228075052 0.0 3.6247834267886403 2.4865809165689146 1.758278228075052 2.4865809165692045 1.758278228075052 1.96581482066673 0.8791391140376101 1.7582782280752076 2.486580916569091 1.9658148206668518 3.624783426788613 0.8791391140374474 3.624783426788613 1.7582782280750187 0.8791391140376101 1.7582782280751281 0.8791391140376101 1.7582782280750273 168.61401787081658 -300.97814993159994 -978.7607099422994 127.91365549683809 128.23417933253924 -262.45969047281653 -996.2267687550038 150.76432935530048 154.53377371209626 -268.4197390559385 -982.6752888819005 164.21530725874996 153.306877122953 -263.0556998682502 -1004.3330519333533 154.63850234310092 179.359159794368 -281.7894387374335 -1005.478985526324 159.33243939205707 176.66937806790443 -290.58055059283527 -965.9774942838728 149.43575462035977 163.12337646097214 -289.8529560720957 -985.4018158819982 156.00514346620244 152.85173371443648 -279.78790814224345 -973.3932356942262 149.27196253596188 148.38274801187293 -283.08016136196784 -963.6757590117144 145.28446542268173 161.952221756316 -298.02450890221166 -976.3510725264614 165.40923451993385 167.5670153927484 -261.95444750137864 -952.2714944981773 131.88582957619343 145.53371451512155 -277.67286788056504 -982.4195372329448 144.69940301201214 173.13232306522758 -298.52928149775835 -970.6083812546912 135.22512717954 181.88937861840003 -271.9128517502823 -981.2435910745681 133.18712709770475 163.90128779207402 -274.5683532745167 -964.7693889218061 121.68015332861708 171.65130863732148 -307.0090124436162 -985.9733944678318 159.69786131933074 147.56972223898768 -263.2315462213251 -955.8449843343799 144.55472849956857 146.438833375698 -296.828367810531 -979.968146425697 151.94030620750422 154.23986176075667 -259.22142829348115 -962.7014401257692 132.6015276706333 139.8065900707722 -295.4494108989999 -997.6573729838161 146.96851370227012 127.5345102016398 -289.83535093215835 -968.7604239751979 142.69822298264384 133.4493385131183 -277.4274456106155 -958.267316035162 155.18708706685226 157.48945040784312 -291.00172369823537 -1003.6929342730436 145.3411564985281 141.33266795633233 -266.8897681731843 -960.5354039171398 159.03524613261138 155.75175973600744 -308.315360371889 -987.0940800955151 130.31497603173054 158.9473274932656 -279.3382479945667 -970.4987055152568 125.46078818817482 170.9173338597683 -291.7953321281033 -987.3889350469237 163.07965302679744 168.6327623390261 -270.85646030771505 -1005.6853935944589 138.97576606561162 160.72356280992784 -260.04169578388365 -959.064509931368 149.6971232340636 152.2826942935415 -292.386820461844 -979.3864304089551 160.17238573503968 172.1699634477156 -267.42265442893154 -999.028969743807 162.54286844955607 139.93593409754752 -261.0980546466473 -951.1412999421115 151.0833964718365 171.7439877731208 -279.55308966961746 -954.468751568114 138.54701819084283 178.5052780970836 -303.9049557900044 -999.2415049169214 137.2432251111073 150.78794519768718 -273.2625190378798 -996.1552827467934 167.08429040502415 150.18917925693248 -287.576978745085 -1010.2671488057598 143.36079602519567 166.40628362148246 -295.1496168616282 -979.3352602736836 147.45329263627696 144.1118758965515 -272.6975510956195 -971.139223530436 153.35338522610752 147.88982949539457 -268.4990810565911 -958.82733014942 135.6385179242642 159.71481538359237 -264.24753468929697 -972.2966064283922 139.4485695670239 164.77726825926558 -265.284517170191 -993.3573185870679 141.20196096180703 157.29596233120486 -303.9608121715496 -987.290120172948 143.16518185738246 187.3507468504475 -279.79429180276327 -954.5104041218622 163.41749956823784 153.72523795255898 -298.04947313828114 -986.5493825420064 150.24159635662477 142.98877494833312 -285.98510830775393 -947.0626107194959 135.7992576400293 134.56497208209996 -262.6297338130745 -1003.6521315306752 150.50448712669586 174.99206732463503 -284.96596349677304 -966.2877895142283 156.64850330925222 184.9547267550768 -288.8870551359644 -962.5741104079665 139.80032568712159 147.3790721225136 -302.9941208679246 -975.9884716380362 122.76531423777912 166.10370940729686 -280.23156897371115 -964.442219838859 128.72014456309932 184.48085132613556 -295.53103294314786 -963.7054455142913 169.6600287550344 133.80384915096457 -295.3433229897155 -976.8838744512394 156.35207383810322 162.08187638875415 -269.7066668932956 -992.2600772456975 162.70613031336848 157.42149014219746 -273.93997690208926 -990.9314805527862 136.49031077677878 135.08262067168891 -268.4353745987881 -994.5157594331636 133.35247443248235 169.8850875820295 -286.108421896933 -975.7277832932793 171.99163107982108 136.89171891650085 -283.9599576965841 -987.0950165993297 167.83620010976196 144.80502262482767 -291.387852728393 -947.2080863858323 146.82957354432943 162.93688640082922 -284.64267971996657 -985.1642213099392 137.18087353077655 132.52273187881585 -272.4725124657276 -993.5382902620546 158.9099064488599 164.41160397746202 -304.78767923768396 -1000.544825492695 140.99466621888047 153.7700383297338 -253.69544442233993 -990.6310437796027 147.11954527594708 140.67184355455944 -279.71029372839587 -979.1807763781453 138.94309837243065 130.58036009143296 -284.7553318869999 -999.2453588956819 157.10694562201647 175.49582117940062 -276.4588279750149 -992.7768812234173 154.15854043992297 146.84173839242192 -257.67480630622043 -974.3968076898165 130.63631521032258 156.28013603954045 -285.55561250008464 -946.9308908628282 156.86591406715732 138.4136381792627 -273.9408967033671 -971.5266725234802 167.76341889090818 179.34506860394725 -297.559417778646 -956.6410410244305 128.37564447520316 138.75799162296627 -289.70512156855926 -948.5520869907374 141.98687453399648
40.004819367455575 0.8791391140375304 0.8791391140374812 1.2307947596525353 1.7582782280749283 0.879139114037485 2.4865809165690647 1.7582782280750704 1.758278228075068 0.8791391140374385 2.4865809165689496 1.7582782280750238 1.7582782280749913 2.486580916569084 2.4865809165690025 1.7582782280749871 1.7582782280749063 2.4865809165689363 0.8791391140375058 1.75827822807506 1.758278228075192 1.7582782280750895 0.8791391140375772 3.6247834267886283 1.758278228075044 1.7582782280750724 0.8791391140375371 1.7582782280750118 1.7582782280752303 1.7582782280749556 1.7582782280750737 0.8791391140374675 0.879139114037524 1.7582782280750706 1.7582782280749572 0.8791391140375103 1.9658148206669348 1.9658148206668358 1.758278228074979 0.8791391140374983 0.8791391140375081 3.6247834267885537 1.9658148206668145 2.4865809165689914 0.8791391140375203 1.7582782280750244 3.6247834267884396 1.9658148206668618 0.879139114037502 1.7582782280750362 1.9658148206668897 0.8791391140375203 0.8791391140375451 1.7582782280750184 3.6247834267885075 0.8791391140375089 1.758278228074845 1.7582782280750016 1.758278228074947 0.8791391140374808 0.0 0.8791391140375113 1.7582782280750209 3.6247834267885377 1.7582782280751494 0.8791391140375153 0.8791391140375353 1.7582782280750067 3.6247834267884715 1.7582782280750782 2.4865809165690362 1.7582782280749625 3.624783426788713 0.8791391140374696 1.7582782280750835 1.7582782280750389 1.7582782280751104 0.8791391140374061 0.8791391140375263 1.7582782280750189 5.274834684225103 0.0 1.758278228075217 1.758278228075028 3.6247834267884667 0.8791391140374683 0.8791391140375063 3.6247834267885994 3.6247834267885177 0.8791391140375404 1.7582782280750526 3.6247834267885017 1.7582782280748992 1.7582782280750937 1.7582782280748332 0.8791391140375568 2.4865809165689448 1.7582782280749878 1.9658148206666846 2.486580916569054 0.8791391140374957 0.8791391140374893 1.7582782280748879 1.7582782280750258 0.8791391140375155 1.7582782280750568 2.6374173421127245 2.4865809165691335 1.9658148206668304 1.9658148206667978 1.965814820666816 1.758278228075014 2.4865809165690975 1.7582782280750788 1.9658148206668113 0.8791391140375486 0.8791391140374819 1.7582782280750069 1.965814820666892 1.7582782280751046 2.486580916569181 1.7582782280749953 1.7582782280750973 2.486580916569022 2.4865809165691255 1.7582782280750524 1.7582782280749258 0.8791391140375506 0.8791391140375844 1.9658148206669104 3.6247834267887704 1.758278228075074 0.8791391140374869 1.758278228075098 1.7582782280750708 2.4865809165690864 0.8791391140374629 1.9658148206668045 1.7582782280752252 0.8791391140375557 0.8791391140375241 165.6800288427383 -298.3519184008156 -981.7317350937096 130.3172175605773 123.96530040914077 -261.385197397961 -1000.9227653289522 152.1352244104174 152.4186273290317 -265.46928463066365 -987.737027545044 165.62917794838114 147.6092385326059 -259.7021208140516 -1009.4885590488012 155.1576623298802 178.57176512515235 -280.35290269372103 -1010.5086756406546 160.36272324911118 175.35705405572423 -288.1863199102504 -969.9509487447822 149.53303470885743 161.40955794828932 -287.18063270442207 -989.2060717044458 156.8884961049419 149.91787900246425 -277.16154749066874 -978.2678926059175 149.84457770082423 145.86617540846188 -279.85150082001945 -965.8927380256011 144.24813040276368 157.93713188886403 -295.2435814146885 -980.7463983022799 165.8905494880589 164.37054283059513 -258.8493294833609 -955.0421482510214 132.94004893649878 141.93632636140217 -274.28900078618 -988.2968231527962 145.28387902490343 170.7388891393915 -295.98037911119184 -972.7865681638488 136.68628604509504 180.02087549251607 -270.32163888398964 -985.4749603070267 134.38852330913159 162.187526206117 -271.89597085099314 -966.6298423983452 122.31623958873384 170.58582329452167 -305.9739861111495 -990.2542818704451 160.69129829101638 142.19680605539673 -260.69642234420814 -959.1447040848055 145.47980073362328 144.16885355540668 -294.95906736179006 -983.673404353887 153.27216360210096 150.5032386488548 -256.03871504205347 -966.677998771061 132.67510446539728 137.13517604331352 -293.30196471817743 -1001.0368178154041 147.52496497183563 124.4774402983724 -286.5282986012435 -972.7903079690672 142.5590898371663 131.59798359961692 -274.9547669388556 -960.758201814211 155.20824352782478 155.35849396122185 -288.93163833076375 -1009.0852612631144 145.90329720267496 137.72156455588362 -264.385628721185 -963.729381955204 160.45916094645042 154.0066743903194 -307.4037503009836 -989.8459527739886 131.444742180087 156.029057417538 -275.83162255471643 -973.7934990700634 126.40810576067206 169.31129588715072 -290.6829665186945 -993.2782900354051 164.71173383315758 165.96126832821935 -268.7090703013881 -1012.2663258172573 139.83544410504848 157.26498561866043 -256.45749430629985 -961.307976540863 150.91414915885724 150.81574223748598 -291.073698076012 -983.0942665169413 161.50653322394032 170.5639327670301 -266.31029190340143 -1006.3757937072995 163.33037967906168 135.1306977386245 -259.24627763852385 -953.1538302519249 150.9955200674361 168.94905526634304 -276.7261004380131 -956.8592273652438 139.0323805219358 176.49772623352303 -302.51450270964995 -1004.9874347117133 137.36740583603518 148.5022597002397 -272.27316291035226 -1001.0739577983031 167.52142138392682 148.1973431091275 -285.30609051610304 -1015.3914737257929 144.4152508739788 164.01285187187895 -292.6007150339582 -984.0988021007608 148.51741564040648 140.65470433175193 -269.1121638367983 -974.9534958937726 154.18901099835463 145.4808314227465 -266.8302105530259 -961.746952041181 135.98483673522819 155.33715455384774 -260.9180416176664 -978.5515904714723 140.56730016528542 162.78537099456858 -263.01366571298087 -1000.1810881781512 142.06508627714516 153.94484604276673 -301.93682644271746 -993.7501558370974 143.40908671917722 184.13866542391258 -277.56956846824016 -957.183604882077 164.96879301600606 151.31622297963386 -296.3808821652943 -990.7222422316613 151.71245783568926 140.39487272171795 -283.29703004883424 -949.172745557724 135.22366557414685 129.54190289006877 -260.016133108386 -1007.5641594477075 150.96048429920484 172.0580821137744 -282.3397180472747 -969.6812454563394 157.1319108199635 184.4297967072561 -287.92936424228117 -964.436753718211 140.44080836174027 144.97004665885189 -301.32552612804034 -980.5031729222276 124.99952721067164 163.03072751413114 -277.80605715423843 -967.038730276036 128.2569806917555 183.1372742629543 -294.89751660186477 -965.9729536337486 168.39893334373906 130.60755566958179 -292.2381227612404 -980.5912223116217 157.66930614571336 158.5844354765908 -266.3928652844215 -999.6743896066819 163.21087558601883 154.64248618743773 -270.2325828084429 -997.2246467227169 137.46380405925075 131.89037235816104 -265.3265262329043 -999.0183565640202 133.41671230093723 166.95110469133596 -283.48217644326934 -979.6356526738101 172.36689165063643 133.13946358127967 -281.6572609027795 -992.3841298567274 168.82837387295558 143.35374365477023 -289.19439980140487 -949.1201607286947 147.20976953131066 157.97974924404576 -281.506301446235 -991.4097522012817 138.35674987333573 128.80370968737003 -268.4084969617902 -997.3936752569592 159.57699378330184 162.28063496863587 -302.7176213798656 -1007.1814593564932 141.60130147813527 150.03364788920703 -250.5127084335041 -994.3237698252307 148.4884162467352 138.54147552687914 -277.63959245562967 -984.5321174612467 139.63896327689167 128.155418204083 -283.9666348955796 -1003.4521296830361 157.37585042742964 172.5618460442868 -273.832583623944 -997.4708768318095 155.53068405187727 142.4892876374939 -254.95207622701574 -975.6275015028544 131.90016892980722 152.66660760252688 -283.0526879053798 -950.7584623040688 157.64058187022246 135.0635091023179 -271.9150748245967 -973.9602392106437 168.0511981237407 176.7969621408303 -296.0916294885851 -959.4120031089644 129.44226813883265 134.98975483578604 -288.2833232391728 -950.9002641523256 142.70161972845753
50.004819367455575 0.8791391140375953 0.0 1.2307947596525353 1.7582782280749927 0.8791391140374486 0.8791391140375638 3.6247834267885946 1.7582782280750775 1.7582782280750273 3.6247834267886065 0.8791391140374659 0.879139114037496 0.8791391140375552 2.4865809165690287 1.758278228075096 1.75827822807515 3.624783426788629 1.758278228074927 0.8791391140375598 0.8791391140374841 3.6247834267885906 3.6247834267884516 0.8791391140375276 0.8791391140375443 0.8791391140374648 0.8791391140375469 1.9658148206668498 3.6247834267884618 1.7582782280750047 1.7582782280750366 0.8791391140375331 0.8791391140374604 0.8791391140374542 0.8791391140375004 1.7582782280750366 1.7582782280748608 0.8791391140375409 0.8791391140375718 1.7582782280750329 3.6247834267887513 1.965814820666739 1.758278228075089 1.7582782280750817 1.758278228075033 0.8791391140374633 0.8791391140374294 1.7582782280750298 1.7582782280749207 1.7582782280749982 1.965814820666689 0.8791391140376122 0.8791391140374969 1.7582782280750149 1.7582782280750013 1.7582782280749838 2.486580916569054 2.4865809165690074 0.8791391140375183 1.7582782280750051 1.7582782280749227 0.879139114037521 0.0 1.9658148206668458 1.7582782280750462 1.758278228075031 0.8791391140375144 0.8791391140375576 1.7582782280749094 1.7582782280750213 3.6247834267886665 0.8791391140374688 0.0 1.758278228075022 0.8791391140375003 1.758278228074974 1.7582782280748617 3.6247834267886043 3.6247834267886145 1.7582782280750466 0.8791391140375377 0.8791391140375414 1.7582782280749008 1.7582782280750187 1.758278228074998 0.8791391140375526 0.8791391140375037 1.7582782280750193 2.486580916569016 1.7582782280749951 1.7582782280749167 2.4865809165689927 0.879139114037521 0.8791391140375259 0.8791391140375895 1.758278228075007 3.6247834267885732 1.7582782280750664 3.6247834267887304 0.8791391140374408 0.8791391140375013 1.7582782280750704 1.758278228074846 0.8791391140375457 2.4865809165691037 1.9658148206669057 0.8791391140374929 1.7582782280749516 1.7582782280749203 1.9658148206667199 1.965814820666798 0.8791391140374262 1.7582782280749607 0.8791391140375038 2.4865809165690873 1.7582782280750693 1.758278228075158 0.879139114037462 0.8791391140375511 1.9658148206667978 1.7582782280751224 1.7582782280750766 1.758278228075028 1.7582782280750358 0.879139114037525 0.8791391140375313 0.8791391140374792 1.9658148206667478 1.7582782280748988 1.7582782280750213 3.6247834267887624 0.0 0.8791391140375756 1.75827822807495 1.7582782280749287 0.8791391140375562 0.8791391140374598 0.8791391140374404 0.8791391140375229 1.758278228075042 1.7582782280752245 162.71473366251567 -297.4856265142821 -986.4301449874014 131.67122933171117 121.16263041268289 -260.1785300970226 -1005.132128710884 153.42914195045114 148.94924379971525 -262.75909537413304 -992.4792879254802 166.27637646290776 144.2857156825608 -256.78341647497075 -1014.6990882370211 156.46870608531123 176.179029897214 -277.80318413576293 -1017.673007625384 160.92597222612974 173.7512329640859 -287.0736182370202 -971.4345648990803 149.6208564286251 159.68074300360547 -285.38772316918477 -994.2546374018915 158.86562003807737 146.4483680072601 -274.4515847307643 -981.1254372821322 150.51445047566537 142.51930722496374 -277.82049440724865 -970.1255753557762 145.4564820863191 154.72600886958546 -293.01757770038904 -983.2940861693232 165.74247858733062 159.83582625429548 -255.1047390052502 -960.4475729162383 133.37104217526823 139.53121210473861 -272.61377189403095 -991.4481364217949 146.79748668379628 168.19119487014797 -294.5123945724031 -975.8649266976354 136.38682600380332 177.1632941662599 -271.01480111608026 -989.1105878157249 136.0086285822875 158.25459534894526 -268.5686076368371 -967.3710482919927 123.48485923093939 168.71741488516201 -304.382440705689 -994.5314556565861 162.73963773399328 139.27638618457914 -258.0556444009828 -961.2610702200295 144.9509747272148 141.6224307432244 -293.4879092154312 -988.8439211405235 154.75675809032114 147.23738437254278 -253.4622093360664 -969.0094751245236 133.44119750393938 134.72890146031773 -291.6278170677153 -1005.478716313067 147.86944075702098 120.47342447183999 -283.7334904967813 -975.3340534960611 142.3907691366461 128.39852186370226 -272.7134341955385 -962.3473154014807 154.81622112010604 153.2291268652265 -286.86000098187833 -1011.987895721162 146.37799997658814 134.82348077626625 -260.8606502778277 -967.0104770718042 161.45224843842428 152.0154168340148 -305.1322719580409 -994.4229861950939 133.30378233066784 153.62196374571198 -274.1595124839746 -976.9623111332618 127.88266350960963 166.0997915587259 -288.4572049117868 -999.978879737123 167.10850279938433 163.03040688183495 -266.0807860711178 -1016.8866515122156 139.48578090782578 152.855529898786 -253.38730340177048 -963.8522832657404 150.72493487723287 147.46674328400974 -289.0462341857511 -985.9447888387601 162.18583788068443 168.55739266933887 -264.91884026270014 -1013.3643868477342 163.57654261481494 130.7636943820024 -255.2685650982218 -955.9150560012317 152.0925472418405 165.07498789836424 -273.74188914698016 -958.6660869477673 139.91993060753123 173.54825950541908 -300.76833228809295 -1009.60627149046 137.0029803978689 145.0522986514465 -268.67963768889035 -1007.4715518607746 170.12502470590832 145.9300198395911 -283.434649081767 -1018.5662578003497 145.8026856756104 161.0636873405113 -290.85396881991966 -987.7848619332234 149.89722271301875 138.1318803618174 -266.75305930759635 -978.7568059277212 155.0793912217895 142.03522410139618 -263.23277357833166 -965.9828197687822 137.17320263097605 152.94928318059712 -258.3627471030983 -982.6460269658974 141.27255188164227 161.47630918798345 -260.61727462192266 -1005.8136784893937 143.70427413668202 152.4947405417044 -299.74192267773014 -997.2464525303078 143.50574209856697 182.65623328348823 -277.1365397775143 -959.1946477861867 164.91533154582984 148.10619966161815 -294.1535825388275 -994.5182175638363 152.63402237108383 137.71123871417933 -282.02302562477047 -953.7771077488111 134.71305548354022 126.11164240574084 -257.2571580384974 -1010.9405369685137 151.55423078112042 170.18996319376814 -280.7480707874856 -973.0713222147233 157.65966105210083 183.38022630216446 -286.01368343100444 -968.7255906930164 141.40583267924853 142.5784036179261 -298.77466293825387 -984.5677352169672 126.95213597233138 160.36119917596073 -275.6562221690585 -969.9570465619901 128.65665821829455 179.2458602831528 -292.79580655306876 -967.6201113676121 167.77307286606484 127.55482177759069 -288.92651934078464 -984.9222939775167 158.44533230579157 155.39449468223555 -263.28197712050167 -1006.191744036924 164.3207378121248 151.83489797479322 -268.2805603511026 -1004.1658250840554 139.91581948932932 128.97904495335547 -262.6756064987415 -1002.4058382462568 136.01446658135774 164.28072824948424 -281.334153729787 -983.3009175239025 171.73115745929258 130.7354987142306 -279.981563663418 -996.8941989113271 170.94086939438066 140.94768119245896 -287.5211662007735 -951.5564500951241 147.48329500770117 155.9901750472034 -279.23355683553353 -996.2669093184905 138.0214040943638 125.3519065912046 -265.67956161408557 -1002.2521812025591 160.27232204951824 159.8562609189432 -301.928620025692 -1012.0964166394332 142.07353772852395 146.14845715574063 -248.39630237595486 -998.5312535291853 148.76367772823718 136.13589093062916 -275.9649357215447 -989.4548129293337 140.05092727637256 124.69054507181544 -281.25178229352923 -1008.7254413736694 158.43771509297457 169.75215761228944 -271.8844418156619 -1000.7908826148248 156.3488680681631 138.63293709502858 -251.94281657911782 -978.1205563450582 131.9734863166663 150.53886178621934 -280.9794255273172 -953.1980070453993 157.92088174458772 132.5414302866306 -269.55464671848677 -976.9247210650535 168.24343136156185 174.3881167560746 -294.42271343093574 -962.0612587085994 128.76867582894016 131.5198696513016 -285.5729071479878 -954.3955732481907 142.7039066768636
60.004819367455575 0.8791391140374826 3.6247834267886394 3.6247834267886385 0.0 0.8791391140375543 1.7582782280749034 3.624783426788621 1.7582782280749936 0.8791391140375573 0.6153973798262741 1.758278228075031 0.8791391140374365 0.8791391140375144 1.7582782280750404 1.7582782280750155 0.8791391140375071 0.8791391140374238 1.7582782280750082 1.7582782280750964 0.8791391140375648 0.0 1.7582782280750118 1.758278228075071 1.7582782280750715 0.8791391140375652 1.758278228075009 1.7582782280749403 0.8791391140374972 0.8791391140374776 1.965814820666819 1.7582782280750477 0.8791391140374968 1.7582782280750264 1.7582782280750413 1.7582782280749945 0.8791391140374823 0.8791391140375171 1.7582782280748304 1.7582782280750233 0.8791391140375501 0.0 1.7582782280750044 1.7582782280750895 0.8791391140375653 0.8791391140375716 1.758278228074863 1.7582782280749683 0.8791391140375049 0.8791391140375651 1.9658148206668853 1.7582782280750688 0.0 1.758278228075079 0.8791391140374788 1.7582782280749907 0.0 1.7582782280750489 1.7582782280750366 1.7582782280749867 0.8791391140375846 0.8791391140375433 3.6247834267884405 1.96581482066681 0.8791391140375763 1.7582782280750866 3.6247834267886434 0.8791391140375991 2.780081980501141 0.8791391140374631 3.6247834267885413 1.9658148206667778 3.6247834267887256 0.8791391140375512 1.7582782280752198 1.7582782280750686 0.879139114037457 0.8791391140374667 1.7582782280750358 0.8791391140375316 1.7582782280752045 1.7582782280750873 1.9658148206669703 1.7582782280750573 2.4865809165691175 0.8791391140375757 1.965814820666854 1.7582782280750577 0.8791391140374857 2.4865809165690225 0.8791391140374625 1.7582782280750446 0.8791391140375008 0.8791391140375748 1.965814820666751 1.7582782280750189 0.8791391140375014 1.7582782280751117 3.6247834267886994 5.274834684225085 0.8791391140375383 0.8791391140374484 1.7582782280749387 3.6247834267886474 1.7582782280749978 0.8791391140374686 1.7582782280752098 1.7582782280749816 1.9658148206666706 0.8791391140374686 3.6247834267887953 1.7582782280750426 0.0 0.8791391140374935 1.9658148206667378 1.9658148206667914 0.8791391140375145 2.4865809165690713 1.9658148206668653 1.965814820666848 0.8791391140374558 0.8791391140374991 5.2748346842250875 1.965814820666814 1.7582782280749711 1.758278228075092 1.7582782280748463 0.8791391140375453 1.7582782280751976 1.7582782280751015 0.8791391140375671 2.4865809165690083 3.624783426788744 1.7582782280749967 0.8791391140375525 0.8791391140374982 1.7582782280748628 1.7582782280750442 0.8791391140375249 1.7582782280750848 0.8791391140375403 161.11079960619284 -296.36921175596086 -989.158911285625 132.84360356103392 117.10815830004248 -256.8659705937762 -1008.5073710400898 154.02569400786066 147.37528273196784 -260.7559602091092 -995.6789623297664 167.57612554279703 141.35390260338858 -255.00778166406673 -1018.486830672418 157.4284353232839 175.11597256543124 -276.76549863914613 -1022.0560545819245 162.3184123394072 171.62388680369133 -285.0001570734842 -974.0554354054503 151.2552556772798 156.73672778645434 -283.6333743984314 -997.6886594550274 159.21878503184524 144.2879207333771 -274.1275960872136 -982.7812477875043 149.91290544161524 138.92285614031144 -275.29289539134885 -974.3446080747628 146.71519451907474 151.50287387762654 -291.66272227657277 -986.256754505606 165.96772994541536 156.6389630701714 -252.86328903997713 -962.9331687158076 133.44660015111268 136.90107154828107 -269.56181515981496 -995.2392103308699 147.73757552959773 164.84361782190388 -292.4837477569203 -978.3735120884137 138.49972411472285 175.83937815697527 -269.49738333566216 -992.8439481002946 137.17955381761175 156.9341273727768 -267.0478429716131 -970.1143736013391 124.62802739197093 167.40809252482862 -301.987057617981 -998.0854775177573 163.6264448662979 135.57395756036917 -254.8352671054247 -965.9080296449937 146.5370687256873 138.94147241556107 -292.20809174373744 -991.2142677892837 155.34388184399043 142.42255380435648 -250.96242779615963 -971.4423828964856 133.7632278379794 131.79008381430356 -289.8646280117991 -1008.7352758423065 148.93901866556473 117.56587801453823 -281.07736351031576 -981.2571735821479 142.81766522460077 124.90475443436773 -271.73047001846953 -965.512513772863 156.30968070748523 150.54632252162313 -285.5837375902592 -1016.2480722170579 148.46099416464955 132.4603129223328 -258.2839643436879 -969.2132048620643 162.72860421377652 150.70856784453983 -302.7356722719247 -998.6289052943428 134.6003650987944 150.28189598329328 -272.116289569938 -980.2863171478331 128.67668288650717 163.0147610802865 -286.9048764225573 -1003.827966970007 167.8226335727642 160.50894560820493 -263.72055868802846 -1019.6075187347038 140.6784166055082 148.40300318401202 -249.95154267915 -966.2851757983991 151.04604161153077 143.7450879723053 -285.84461930958787 -990.8052605573645 162.8815054571281 166.0328312469601 -262.5613640816042 -1016.3248258508795 163.82320802976398 126.6486045977387 -252.625950065392 -958.8821312931319 152.27098553580663 161.71053265377904 -272.5855749446919 -962.6905054100228 139.84858945701288 172.0990763910905 -298.57261882523915 -1013.1567177238478 138.90399973441507 143.4557677698102 -267.5553643568099 -1011.2593960889104 171.081092385363 142.0708629674004 -280.4301762182666 -1022.7667575197755 147.12055824651992 158.1182378224887 -289.1018828508953 -991.2217617764645 150.2404813041649 134.82500711167415 -263.817200640913 -980.6532360287862 155.54054115518537 140.18151352485256 -261.62304441236074 -968.7783066519132 138.0786595489217 150.85336812381274 -255.39938762196687 -987.7382556808781 141.00985365209857 158.67593788130955 -258.65532248572055 -1009.0109755294928 145.00984862995762 149.96890956941118 -297.38715545514265 -1000.3867626593313 145.0447079676672 180.78997174277035 -275.542278948562 -963.167395592633 165.09737625117413 145.04275152394135 -291.71648429004057 -998.7828767195807 153.6963577665223 136.11398299526923 -280.9002076340085 -957.1136075482851 135.47310759095782 122.90904452255151 -255.85430336922698 -1015.0231848432119 153.33998308545253 167.76681731008551 -279.95444158319435 -976.9242750389475 158.34149671252874 180.95636629362573 -285.2222948124559 -972.5250371813692 142.30642928999248 141.77796359669756 -298.2170237312439 -988.1896356031929 128.59046759724515 156.19906185065904 -273.93759123257803 -972.389454396747 128.97949629837882 177.3788958790043 -291.2032721980921 -971.2859311854133 167.15068425288678 123.8393613803439 -285.71666294032997 -988.4181323692078 158.54908381901922 153.67523589199536 -261.48081298714516 -1010.6896731293359 166.4615850471816 149.43763347203566 -266.5956948895288 -1008.0153620644768 140.62880537324165 127.53117429520478 -261.3430467528201 -1006.195100337478 136.9651068149202 161.0574736002944 -279.9797254581878 -986.9128303757253 171.36232775818834 129.0212060138409 -278.17641991326144 -1001.3948734000708 171.06006788686062 137.4477201768853 -286.55704524263723 -954.1004209881457 147.3082604965158 154.388988954538 -278.1125287926481 -1001.5398585230511 140.09021130344436 121.5193744985068 -262.6424203090187 -1005.1539640349073 161.75618632600396 158.26917641774352 -299.9329352879121 -1015.7652062045368 143.50349805889346 140.8225075758942 -244.92702360414765 -1002.2034658896172 150.18579199245536 132.1212653934506 -274.0295541426312 -994.6689685594044 141.33724723978443 122.86064633575259 -278.7640128169502 -1012.5141851618106 159.39324027210196 168.28953250294796 -270.56697099931495 -1003.9287645022708 157.89065060619657 135.84910776955567 -249.96004385637303 -981.3861891902847 133.01674784029726 148.39787093269908 -279.77791534226327 -954.899714514524 157.06222168029115 130.12472619645257 -268.7397730084626 -980.3033124253069 168.81786376894323 170.63826756422483 -292.1164516665305 -964.9167684461432 129.43077465508608 129.38294923329363 -284.367768274288 -957.4142366553083 142.6392061821366
70.00481936745558 1.758278228074987 0.8791391140374725 1.230794759652513 1.965814820666668 1.758278228075018 0.8791391140374579 1.7582782280750067 0.8791391140375323 0.8791391140375502 1.2307947596526454 0.8791391140374542 1.7582782280748328 1.965814820666814 0.8791391140375197 1.758278228075043 1.7582782280749194 2.486580916569021 1.758278228075182 0.8791391140375527 1.7582782280749418 2.4865809165690482 1.7582782280752103 0.8791391140374292 1.758278228074884 1.7582782280750546 0.8791391140375644 1.7582782280749902 0.0 0.8791391140374639 1.7582782280752172 0.8791391140375356 3.6247834267886665 1.9658148206668098 0.8791391140374446 1.7582782280750235 0.8791391140375493 1.7582782280750442 0.8791391140375242 3.6247834267886043 1.7582782280749782 1.7582782280750842 1.7582782280749656 1.7582782280750058 1.758278228075149 1.7582782280750087 0.8791391140374991 1.758278228075023 0.8791391140374265 0.879139114037508 1.7582782280749738 2.4865809165690393 1.7582782280751295 0.8791391140376132 1.7582782280748723 0.8791391140376008 3.6247834267888175 1.758278228075009 0.8791391140374797 1.7582782280749953 1.758278228074966 0.8791391140375328 3.624783426788749 2.7800819805010315 1.7582782280749099 1.758278228074949 0.8791391140375453 0.8791391140374563 1.7582782280748632 1.7582782280750215 0.0 1.7582782280749945 1.965814820666832 0.8791391140374666 1.7582782280750697 1.7582782280750076 3.6247834267884746 1.965814820666743 0.8791391140374916 3.6247834267886136 0.8791391140374709 0.0 1.7582782280750036 0.8791391140374973 1.758278228074875 0.8791391140375596 1.7582782280748714 1.7582782280750153 1.7582782280749385 1.7582782280750369 1.758278228074854 1.9658148206668304 0.8791391140375315 0.8791391140374538 1.758278228074848 0.8791391140375031 3.624783426788446 1.9658148206668833 1.7582782280750548 1.7582782280750715 0.0 0.8791391140376017 0.879139114037508 1.965814820666848 0.8791391140375323 1.758278228074975 3.6247834267885217 0.8791391140375491 3.6247834267884556 1.7582782280750555 2.4865809165690744 0.8791391140374885 0.0 0.8791391140374805 1.965814820666712 0.8791391140374373 1.7582782280751954 0.8791391140374663 1.7582782280749 1.7582782280749787 1.7582782280752243 1.7582782280750773 2.4865809165690784 1.965814820666823 0.0 1.9658148206668098 0.8791391140374671 1.9658148206668165 1.965814820666733 0.8791391140375558 1.965814820666779 0.8791391140375281 1.7582782280751243 2.4865809165690123 1.7582782280750926 0.8791391140375335 1.7582782280750822 1.7582782280749807 0.8791391140375345 1.7582782280750522 0.8791391140375633 159.25018376637945 -294.76852985567615 -992.5359191904939 133.434300892052 113.70835272210539 -254.4910610511953 -1012.4098383525381 156.52394750779484 143.9072151117009 -258.8908134936117 -997.8083011552264 169.11901243271464 139.536200352885 -252.5094567812438 -1022.7475463932608 158.50952621006206 173.2345269941535 -276.04448573536223 -1027.7505657452639 163.11220033323775 170.16519674888065 -283.67999234904767 -978.3807018347651 152.07209253552176 153.54082950405342 -281.3873139849517 -1000.4110493460909 160.40776315808813 141.24152743171098 -271.6673962308174 -986.15744445971 150.50417185938903 135.47840937384228 -272.5488140470138 -977.0728983347954 147.89146328101862 149.36408550024098 -290.4578834875977 -989.0991389306525 166.6798629168081 153.0554825698878 -250.31909441110696 -966.7330591487996 134.36260678419916 133.31922918523762 -267.01254287251334 -1000.0945664849592 148.45460527994237 162.04429689992048 -290.5231212894249 -981.2199089630609 139.20264748841092 172.76045552567038 -267.9326930879948 -996.5744380451498 138.36628273970524 153.72108399850038 -265.6713133286867 -972.3730597207098 125.679522175032 166.0669308884746 -301.34829934038646 -1002.4074477206451 164.46455173376987 132.79357513429935 -252.84681306166055 -967.1583648273484 147.59324953165657 135.95112964225012 -290.0930544066045 -993.5835712243572 155.9369347744955 138.61783060164313 -247.04478478743712 -973.9888512255102 133.63017198881002 128.86035763281052 -288.08454024700717 -1011.3370160612209 150.60400492720308 114.72941234382452 -276.64756711074745 -984.931543766157 144.23402733929981 122.77618423723618 -270.50761870961145 -967.8267350313455 157.12579563801106 147.09410065452983 -282.85051874770096 -1019.1488582102008 148.9437520503174 128.43153357468765 -255.10219488101032 -971.0514121542572 163.4311147466128 148.70979948963034 -301.33277876715186 -1001.4111546249295 135.55181528452684 145.3318976119169 -269.8090759013138 -983.6635453792603 129.25971928967155 160.07531059801232 -285.1411991116343 -1008.682683222661 168.54520199016147 157.57470513855426 -261.94786543050367 -1026.6487283618037 142.71672232276885 144.82293919531853 -247.40138140507966 -969.0161137232043 152.21366525306354 140.6710728862025 -284.270366046795 -994.5954035515341 163.83281236744375 164.1787617319973 -260.9550439649435 -1021.7123745133482 164.4346970568847 121.77156128796855 -250.62396550225895 -962.2639894935593 152.83397919546985 158.63592622878835 -271.01570389148736 -965.9589133443953 140.88591481610442 170.77632460555085 -297.0531434390646 -1019.5514554311806 139.51475395792113 140.09879546519775 -264.26905356321043 -1015.6403375039021 171.6865783336656 139.96127221702173 -278.33797214605175 -1027.1396035026532 149.74316648090257 155.17889112912775 -287.3374117595621 -994.0044730754255 151.1906284476924 132.21208671191002 -260.75186654128976 -983.9112271625368 156.60571019674273 137.34104285917655 -259.29658335617364 -972.0428389129521 139.12534530003836 148.2090684607658 -253.21831076117815 -989.6339641875611 141.48223218491896 155.2289698555402 -255.91658966730455 -1013.9255371176997 145.49691339738519 148.93257819554765 -295.4658338533974 -1005.6562952711721 146.11984514894857 179.58914423911506 -274.7026872394841 -965.6545399242668 165.20212161478275 142.90609565907704 -290.509720110919 -1000.5583780531055 154.64783691393427 133.2110109458957 -278.2401194189941 -960.4956985218137 136.03231369171266 120.38784963076037 -254.3412468646225 -1017.7440542268316 154.53283988387454 164.8267532246482 -278.19060395500355 -979.5935139243531 159.75888558952863 177.75360986234153 -282.985466302412 -976.2612877874758 143.4777939925814 139.0060388750082 -295.3670989597132 -990.3826571318087 129.8916628827996 151.55258786972377 -270.3576346703923 -976.6610098025554 130.02398330735403 176.61569524557527 -288.88413993750646 -973.7153737887595 167.49804523835746 120.56506205108678 -281.89220584058705 -990.0764176604292 159.97057387450252 151.02809403400522 -259.3044877144051 -1015.5442699625848 167.18630458406983 147.18842475324368 -264.7011752398362 -1013.6403587360135 141.29430279227537 125.14959776791935 -259.63553997454125 -1008.801846894913 136.61603188047025 158.94113820489008 -277.8947621168753 -989.8154914584609 171.83708822328865 126.91664155958598 -276.079766556089 -1005.2432402186614 171.77956774176727 134.79848680016838 -284.3811168381428 -956.9483892352118 147.98897488131493 151.45379359557361 -276.34260486233904 -1005.0347188230136 140.21412171373962 119.312587724058 -259.8550562670612 -1009.355934846812 163.06940916793178 156.52927049779532 -299.011681357632 -1020.1463402353975 144.1094878801791 137.8144483075797 -241.5756259463223 -1005.7531493238164 152.08886853850365 129.84907582331837 -273.0108185247718 -998.9916316858238 142.16944339195925 120.30403160406782 -276.03984440469605 -1016.775221126208 160.47240649374558 167.77145227282563 -269.604357215454 -1006.8299095491238 158.37093594097513 132.18921714621948 -247.93935698794448 -983.6973175848973 133.84122906460058 145.74568421170594 -277.60550446055873 -956.3825621964285 157.16616280655887 127.2007235110173 -266.95218769057647 -982.7312997538162 169.1721242563789 168.77719863215827 -290.51766228840756 -966.8743358372244 129.6474322406528 126.73607727851947 -282.18981896103077 -958.366629902226 142.86468896327884
80.00481936745558 1.758278228074971 0.8791391140375144 0.0 1.9658148206666541 0.8791391140375081 1.9658148206667778 0.8791391140374989 0.879139114037379 0.8791391140375703 1.2307947596526454 1.7582782280750766 0.8791391140374771 0.8791391140375417 1.7582782280749816 3.6247834267884955 0.8791391140374574 0.8791391140374754 3.6247834267886976 1.7582782280751066 0.8791391140375816 3.6247834267886176 0.8791391140375133 2.4865809165689865 1.7582782280750684 1.7582782280749605 0.8791391140374439 0.8791391140375933 1.7582782280750828 0.8791391140374638 1.758278228075187 1.7582782280751037 0.8791391140375361 0.8791391140375251 1.7582782280751807 3.6247834267885977 0.8791391140374804 3.6247834267886083 0.8791391140375496 2.4865809165690202 3.6247834267886243 3.6247834267886234 0.0 3.6247834267885914 1.7582782280749385 1.7582782280751026 1.7582782280748428 0.8791391140374979 1.7582782280748976 1.7582782280749651 0.8791391140375343 2.780081980500986 1.9658148206666775 0.8791391140375372 3.624783426788717 0.8791391140374339 0.0 0.879139114037576 0.8791391140375184 1.7582782280750033 0.8791391140375486 0.8791391140375018 1.9658148206671955 3.6247834267885977 0.8791391140375416 0.8791391140375115 1.75827822807489 1.758278228074975 2.4865809165688657 1.758278228075063 1.7582782280749052 0.8791391140375668 0.8791391140375203 1.7582782280749685 0.8791391140375588 0.8791391140375646 1.7582782280749296 1.7582782280750628 0.8791391140374439 0.8791391140374769 3.6247834267884325 1.7582782280750564 0.8791391140374636 0.8791391140375755 3.6247834267885803 1.7582782280750326 1.7582782280749534 1.758278228075029 0.8791391140374384 0.8791391140375493 0.8791391140375812 1.7582782280750318 1.758278228075112 3.6247834267885994 0.8791391140375467 0.879139114037563 1.7582782280749307 3.6247834267885426 1.758278228074997 0.0 1.7582782280751286 1.758278228075034 3.624783426788637 1.9658148206667718 0.8791391140375551 0.8791391140375535 5.274834684225281 3.6247834267885506 0.8791391140375282 0.8791391140375003 1.9658148206667385 1.758278228075028 0.0 1.7582782280749731 1.965814820666938 1.7582782280750313 0.8791391140374354 1.96581482066684 2.4865809165690345 1.758278228075088 1.7582782280750247 1.7582782280750267 0.8791391140375224 1.7582782280750822 1.758278228074941 1.758278228075052 1.7582782280751137 1.7582782280750207 2.486580916569129 0.8791391140375606 1.758278228074878 1.7582782280750449 0.8791391140375723 1.7582782280750529 0.8791391140375046 2.780081980500991 1.7582782280750393 1.758278228075074 0.8791391140374923 0.8791391140374527 1.7582782280751836 156.59909488589386 -292.5960791939927 -995.6724264160474 134.97984412454002 111.46096369046973 -252.29990097534676 -1016.2572858950107 157.24742732232423 141.52772790651275 -257.18090746206644 -1001.3025939514661 169.24775427875875 137.0531187122907 -250.11396086465678 -1026.0011043564032 159.58777832567887 171.35635485403415 -275.31640564571813 -1032.3254701593748 163.9486900275594 167.37225363543908 -281.70764653236614 -979.4459892688909 153.84978447167262 151.83285494922748 -279.57568032185793 -1001.8914046414247 160.53058024207678 136.44886115593056 -269.1347460775831 -988.880036349506 151.69269364188983 131.44918048113055 -271.4617388057492 -980.4485182908484 148.48561181992127 146.17820606965532 -288.1947710345628 -991.4069634536164 167.51413837456553 149.4864785148238 -247.7548011166451 -968.9274815038008 135.659122304109 129.5757916097386 -265.5166509701503 -1003.0553319503034 148.69987656524714 159.50949353823327 -289.0315077256622 -984.4768099901357 140.27050913349075 171.04953261249005 -266.1236575237151 -1000.7763424950631 139.6799049309534 150.28709210413857 -262.91890059790205 -973.7358779441693 126.26973396495077 163.69368776491834 -298.7807107708757 -1006.3152163689422 164.95008308412514 130.27712685918146 -251.31707008485 -968.93624506176 148.53882680872965 133.30931616424783 -287.90623072250514 -994.9445979560396 156.53232500809733 135.06171267381018 -244.4589460708405 -976.4167002353984 133.98255861587387 126.61872494468201 -286.1764657824391 -1016.1913004671999 151.3307033896924 110.67136805655831 -273.09305335225656 -988.3069006365622 144.83037990423946 117.95105218279942 -267.58963903126477 -969.6037155078292 158.0718590558245 145.01749123372784 -279.8707524002596 -1022.40275987868 150.02125875550226 125.77223364904273 -253.76723067678248 -975.4932153789871 163.78690946565828 145.00488762018438 -298.1130127321154 -1004.8454734715547 135.91639896177333 142.46698571261476 -268.3585102681407 -987.6913792667614 129.26306273121946 158.22239989407083 -283.5303565194253 -1013.8937245995484 168.85832204569925 154.81958981852364 -259.0838156599844 -1030.8490722882314 144.03557231096693 141.90314925962818 -245.59973154806246 -972.2742123420895 153.27511806130968 137.8891260871823 -282.284394349323 -997.9700533575095 164.43372278853212 163.12553779863393 -259.9064130181765 -1026.506313379644 165.4004195807788 116.70702967800956 -246.78053928074723 -964.991074042532 154.01241573878445 156.1330260692465 -268.6365769962667 -970.2262264090368 141.94096205891108 168.35843195101964 -296.2459585757798 -1022.0386615579408 139.64184184363805 137.1806532873882 -262.4696457480692 -1020.0210857507552 172.29414525264147 137.57736172703528 -276.63542092153233 -1029.6188118579958 151.88509871584048 151.7100393263023 -285.4753929763306 -997.0847560082697 150.96077056694165 130.73699524742662 -260.28811351391937 -986.7526921666812 157.32151476617986 134.85372173605435 -256.89814162800997 -975.1226775488964 138.88486939567707 145.5744089094968 -251.0274709909512 -993.0086351027988 142.08106693565168 153.4132885412038 -253.41688304433788 -1016.7661136863258 146.21710100457472 147.0807803489448 -293.8540976806687 -1010.0345279027248 147.73249181891754 177.7115305098012 -273.9755993348955 -966.8371068123118 164.49004897202357 139.72246686678284 -288.24322815398966 -1002.9856776988855 155.0100927894878 130.43310723051167 -276.24887678021565 -961.8600366886633 136.61761817990472 119.1122085953403 -252.78497696504755 -1022.0647671755027 155.3770003254666 162.17862542302373 -276.0137259853498 -981.3694035104962 160.7091537225636 175.38059621460047 -280.41918207295544 -979.1044891158031 144.18929597267413 138.0950182569371 -294.11704654100936 -994.0518593198352 131.319391706266 148.48617654530406 -268.76904820972385 -979.7405838945554 129.78557522425652 174.47707851613407 -287.67790160658814 -976.557773878655 168.21215352917926 117.9295336607462 -279.69761424518896 -992.8579451835867 160.92424801033422 148.39018424973108 -257.11740672559705 -1021.1086052031663 168.09401231722373 143.58633386024707 -263.0196161907783 -1015.5940930768861 141.53757410832074 123.42671216811442 -258.6775068154888 -1013.1228380686293 137.4588628610854 155.18941888884066 -276.4305241970186 -992.3031251525649 171.96106649884317 123.74559189885247 -273.80110543624687 -1009.3907166382952 171.31870725927192 130.82595496237403 -281.53905724256634 -958.8453808816259 148.45465346540703 147.8720248442671 -273.79216910816194 -1007.9955623122081 140.46003495212767 117.39049813205641 -257.5344545460666 -1014.0903720743635 164.26932691558613 153.87752304627793 -296.83848154883145 -1023.7552645176459 145.27707573290567 134.3658462504082 -239.66851152816136 -1010.4278449973573 153.52497187191221 124.8071665191861 -269.9833467524423 -1002.4807855339301 144.3105755112787 117.13710845892251 -273.75212842733123 -1018.962219476714 161.7829607405024 165.63825231190216 -268.3916312918338 -1009.0171848580001 159.6808124735463 128.39529705453293 -244.8520147895007 -985.593134345378 134.31658575572195 141.656299167079 -274.08704257497374 -959.0461665400844 156.56409308536186 123.45021866303641 -264.2260658555752 -985.5132823900499 170.12464118688385 167.69757805381812 -290.35242629256953 -966.9920490193131 129.17341848876598 124.60620105809063 -280.96405421306326 -961.0954399261266 144.03784917068603
90.00481936745558 1.7582782280749856 1.7582782280751446 1.9658148206668777 1.7582782280750686 1.7582782280750198 2.486580916569012 1.7582782280750402 0.8791391140375797 0.8791391140375091 1.7582782280747689 0.8791391140374987 1.7582782280749456 1.758278228075018 1.7582782280751772 1.7582782280750027 1.7582782280750386 3.6247834267885497 0.8791391140374758 1.7582782280749751 0.0 1.7582782280750318 0.8791391140375052 1.7582782280750733 0.8791391140374889 1.7582782280750664 0.8791391140374842 1.7582782280749578 2.4865809165689803 0.8791391140375577 1.7582782280751803 0.8791391140374959 1.758278228074928 1.7582782280750018 0.8791391140375833 1.7582782280751104 0.8791391140375883 1.7582782280750473 1.7582782280750457 2.4865809165690314 3.6247834267884214 1.965814820666748 0.8791391140374334 0.8791391140374685 2.4865809165689323 1.758278228075082 2.4865809165691215 1.7582782280750409 0.8791391140375445 0.8791391140375091 1.7582782280752347 0.8791391140374997 1.9658148206670198 1.758278228074984 0.879139114037562 1.7582782280749825 1.7582782280753204 0.8791391140374726 1.7582782280750793 0.8791391140375586 3.6247834267885217 0.0 1.965814820666866 0.0 1.7582782280750433 0.8791391140375284 0.8791391140375598 1.7582782280750144 2.4865809165690593 0.8791391140374762 1.9658148206671577 2.4865809165690127 1.9658148206665527 1.7582782280750207 1.7582782280750964 1.7582782280750013 1.7582782280748805 1.7582782280749971 0.8791391140375323 3.6247834267885892 0.8791391140375225 0.8791391140374952 1.7582782280749816 0.8791391140374659 1.758278228075178 1.7582782280750655 0.8791391140375889 1.7582782280751041 0.8791391140374623 0.0 0.8791391140375188 2.486580916569022 3.624783426788925 1.7582782280750002 0.8791391140374952 1.7582782280750853 0.8791391140375124 1.7582782280749591 1.7582782280748557 0.879139114037512 3.6247834267885986 0.8791391140376005 1.758278228075067 1.9658148206668937 0.8791391140375673 0.879139114037549 1.7582782280753804 0.8791391140375443 1.7582782280748908 1.7582782280749931 3.6247834267887025 0.8791391140375054 1.9658148206669839 3.6247834267886603 2.486580916569178 1.7582782280750249 0.8791391140375193 0.8791391140374865 1.7582782280751006 0.0 1.7582782280749567 1.758278228074989 0.0 3.6247834267886265 0.8791391140374946 0.8791391140374826 1.758278228074926 2.780081980501046 1.7582782280750473 1.7582782280750426 0.879139114037466 3.6247834267885937 0.879139114037494 0.8791391140375361 1.7582782280750997 0.8791391140374941 1.9658148206669313 1.7582782280749876 0.8791391140374465 1.758278228075057 0.8791391140374744 153.67811422058818 -290.8070788385767 -1001.5278077678779 137.72229579850816 109.4682233305401 -248.52913192512978 -1018.917421680865 158.67852588161085 138.23764605012983 -255.05579372314799 -1005.0898707111309 170.20843200298086 134.4644955809889 -247.86893566053882 -1029.2546111535228 160.6662214395908 168.17410813085868 -273.04725840895213 -1036.4673874105745 163.51586852716213 163.90646715763387 -279.8361716901055 -983.2343968066242 154.80598526923393 148.91820023575872 -277.7764913184259 -1003.725134976911 161.2476105254153 133.0471858262394 -266.335741559728 -991.0677339810104 153.00202464888636 128.7025630779422 -269.426112654641 -983.1705118183733 149.67522951819552 145.16266393800203 -286.25792809524404 -993.7741446465665 168.11367239770556 144.78528822989617 -246.71951957086952 -971.710231650346 136.60864108101572 126.39485537824204 -264.06510224110855 -1005.7758897399838 149.893574588138 156.87029420969517 -286.8435549828134 -986.9039643042249 140.63181669148662 168.4127050967454 -263.9348943955369 -1006.2775668519901 141.82985489723416 148.70898946510528 -261.7646216013171 -976.3994885621685 127.69413916479651 162.64068851929585 -297.7318992075439 -1010.2225880954682 165.4377361109175 127.46023496643696 -248.5636817986533 -972.3112010433115 149.1349433224771 130.83263658424994 -285.4998239853768 -997.3717562978438 156.89519441245943 131.50281350710884 -242.69422781286323 -977.8966953400447 134.10316092047353 124.00045599522076 -283.9573749274803 -1019.97846689511 152.2920451541721 108.06469371713858 -269.2581784432573 -990.4947265720338 146.13919754870028 115.61218996785004 -265.8198169955847 -972.7407318541021 159.61615461429656 142.357919559435 -278.5457483791082 -1026.6631920451819 151.1031042469442 123.20264565719093 -251.49642600350978 -977.8010504898813 164.6209715415403 143.27321869618956 -297.17355231537323 -1007.8061184642788 136.1632831622437 140.09877862788915 -266.628141825887 -991.714201391075 131.28711014158824 155.1892314774518 -281.0548242656411 -1017.801002214712 169.34613221136973 152.1990433215828 -256.8787164876514 -1033.4488115159977 145.70385194725338 138.0779510964114 -243.35887497416795 -976.0629758712984 154.2286246548689 135.3354219385458 -281.64405903167125 -1002.1709967041817 165.7504976953003 161.1472745488304 -258.4779464952953 -1031.8938153640174 166.01319113890835 112.04366800670364 -244.0160291409015 -969.1957426410161 155.31899251706542 155.91433617425747 -267.2765049614959 -971.8257391258453 141.58726345000895 166.65134998353182 -294.43180739321883 -1025.5928015276033 139.5365641001169 135.11873229105296 -260.3383461373779 -1025.115596308752 172.0761603346868 135.17630473386313 -275.78878835338435 -1034.1120314897862 154.03443239693053 150.15407270562665 -283.4554126954587 -999.0986382767412 150.9671487205792 127.27050600107566 -259.21422753562257 -989.4737076659932 158.51357377536118 131.33400230398055 -254.26398254845662 -978.4979229343337 139.48224020435748 141.31298793112936 -249.39314074750698 -994.4888839660385 142.20384826642376 150.6537000626033 -251.4046670403584 -1020.4331067279198 147.6519979188431 144.7023484356462 -292.14472995105916 -1013.2883742655241 148.8101482770468 176.14836399334325 -271.9627295231304 -969.5040153661583 163.9006972489211 137.5990331191906 -287.0082645296771 -1005.1727399843926 156.32043684717004 128.75895632687548 -274.4109239626906 -963.3415271797539 136.73620802851144 116.09778077360237 -249.50780806249222 -1025.3784744984546 156.21845522296093 159.54186701353882 -273.82244905407987 -982.7302108268366 161.30507509399175 172.9677954308109 -279.60024998701016 -981.1182340093195 144.1937890580489 137.04856891590677 -293.06132709959354 -997.893751891834 134.05512111354884 147.73528213894375 -267.3154349900841 -983.115467628241 130.38435169288337 171.80540572947572 -286.3799546907435 -980.9989988658502 168.57762812491757 114.292699483611 -276.4034037083383 -995.6388510975136 161.88042307795882 144.9497385904044 -255.2063503364616 -1026.082879963245 168.3494229725321 142.83669578184978 -261.56344813889876 -1020.1477852667874 143.4494064067263 121.09037416071662 -256.90700298923014 -1018.3903566425645 138.54382241630424 153.74725959158027 -275.0956775430787 -995.7972829296256 172.09067490143372 120.71468668970896 -272.1531712385906 -1012.1782245079651 170.26264420293393 128.07033081639258 -279.5199447910516 -960.3265713158048 148.57283060249293 145.49908610621287 -272.0744600463743 -1012.9099091349782 140.95079621373577 114.75137065972642 -254.567806522498 -1018.4110349894482 165.11408559726806 151.49404284604512 -295.13489994963606 -1027.0088615614518 146.35527138862216 130.3369935309 -236.89301956968214 -1013.268296460374 154.24574498858905 122.7372250634065 -267.8426598768712 -1005.7346523430028 145.387513822917 114.20589097846347 -271.5463811459036 -1024.229600276156 162.86847179745504 163.51363878179504 -267.165405058444 -1011.3241259680326 160.51816767803334 125.15941229213412 -242.65813625522 -988.3746304748482 135.2708248237747 138.99838077121473 -272.7588568296442 -962.540245899702 156.68351832283943 120.02770192924507 -262.26668792942417 -988.0603040379883 170.0137157141124 164.79798598795853 -287.68735764536876 -969.3019188134583 130.00384425881956 120.95944462069045 -277.67739998206093 -963.9388481379027 144.74808578552472
100.00481936745558 3.6247834267886065 1.7582782280751248 1.96581482066682 1.7582782280749907 1.7582782280749925 1.7582782280749218 1.7582782280749885 1.7582782280750864 0.8791391140375606 0.6153973798261732 0.8791391140376232 1.7582782280750513 3.6247834267886305 0.8791391140375268 1.7582782280750202 0.8791391140374847 0.8791391140374584 1.7582782280751839 1.7582782280750398 1.7582782280750515 2.486580916569052 1.7582782280750324 0.8791391140374648 3.6247834267885954 1.7582782280749787 0.8791391140375574 1.9658148206668213 0.8791391140375067 0.8791391140374999 1.9658148206669004 0.8791391140375573 1.7582782280749838 3.6247834267885843 0.8791391140375244 1.7582782280750586 0.8791391140375154 3.6247834267886265 0.8791391140374688 3.624783426788641 0.8791391140375473 1.7582782280750995 1.7582782280748634 3.6247834267885946 1.758278228075169 1.758278228075071 1.758278228075223 1.7582782280750184 0.879139114037501 0.8791391140374444 1.7582782280749258 0.8791391140374224 1.7582782280748588 0.8791391140375477 5.274834684225188 0.8791391140375073 3.6247834267882215 1.7582782280749967 0.8791391140375737 1.7582782280750455 1.7582782280750515 1.7582782280749978 3.6247834267883645 1.7582782280750322 1.7582782280748506 1.7582782280749867 0.8791391140374275 1.965814820666823 1.7582782280750207 1.7582782280749933 2.486580916569194 0.8791391140374868 1.7582782280750173 0.8791391140374916 1.7582782280750966 1.758278228075097 1.7582782280751306 1.7582782280750118 0.0 1.7582782280750258 0.8791391140375887 0.8791391140374828 5.274834684224761 0.8791391140374495 1.9658148206667434 0.879139114037502 1.7582782280751272 0.8791391140375855 1.7582782280749873 1.758278228075096 1.7582782280749139 1.7582782280750373 0.8791391140374865 0.8791391140375443 1.7582782280751945 0.8791391140374176 3.6247834267886914 1.758278228075001 2.486580916568951 1.7582782280749711 0.8791391140375033 1.7582782280750682 0.0 1.7582782280749814 2.4865809165690345 0.8791391140375373 1.7582782280747893 0.8791391140375197 3.6247834267886594 3.6247834267886065 0.8791391140375439 1.7582782280750413 0.0 2.486580916569072 1.965814820666864 1.7582782280750568 1.7582782280751765 0.8791391140375067 1.7582782280751732 0.0 1.7582782280748392 1.758278228075031 1.7582782280748388 2.4865809165690664 2.4865809165690616 1.7582782280749962 1.7582782280749587 1.7582782280750864 1.7582782280749993 1.758278228074964 0.8791391140375195 1.7582782280750378 0.8791391140375687 1.7582782280749798 0.879139114037551 3.6247834267886154 0.8791391140375682 0.8791391140375672 1.758278228075165 0.8791391140374488 0.8791391140374609 151.30956935446508 -289.07609435055826 -1005.1950461827955 139.15661799757376 107.16850525175015 -245.1425321949669 -1021.8178021956064 159.16323126822297 135.37375126013097 -253.17096165234938 -1009.8838514490532 171.1737687811096 130.24044682192763 -246.14958427022856 -1033.4548422826426 161.9852351423436 166.05630292792355 -271.808261704441 -1041.6910962053425 163.58509405371663 161.96770151530836 -277.5175696788054 -986.6086010997136 155.40877447037047 146.31626217293837 -275.54552235731626 -1006.0320641081069 162.08519450230344 131.4017309326588 -264.47007844814686 -993.4949406709077 153.36569491041035 126.42638008822699 -266.7739349204406 -986.0111353725981 150.39489131141977 143.633553753766 -284.2159815381747 -998.2149842612304 168.48456571835314 142.66393450510154 -243.87011913513473 -975.0845661393614 137.20898193442753 123.20032254291878 -261.0062346039428 -1012.2831793120129 152.04947910556572 154.6059701153769 -285.7996045960972 -988.9177804951671 140.63827150014126 166.83746961813102 -262.78029365413255 -1009.8845658455315 143.5011176157571 146.901505523102 -260.10302203134086 -978.9417109157285 129.59633652528194 162.39078596608198 -297.2491487166359 -1013.5963771171046 166.04253590699463 124.38092677294392 -246.15923469811503 -974.7386893855208 149.4966361023191 128.5334297922005 -282.86865711135977 -999.265432847696 157.37574214817442 127.73468693589865 -240.38117635977932 -980.0302991347028 133.63521076794348 121.56813494520064 -281.5061643400374 -1024.2389112579576 153.37412592545243 103.92261833223832 -266.6247484728461 -992.921976532183 146.50273851849275 113.14931298674801 -264.21343178324565 -976.528680179859 160.57404571228446 139.3248506920682 -276.8948396263444 -1030.5704656582973 151.59170225167344 120.89506707783282 -249.6901116477002 -979.2214166533588 164.98057980729484 142.5235375941601 -295.7148019772849 -1009.8198640632967 136.17051915771006 138.29395420626847 -264.9641252719868 -994.3746891973321 132.7174733896045 153.5057530382392 -279.21322318578757 -1023.4252174067261 170.0187908141007 151.1775523678913 -255.8085550503963 -1039.0691510553188 147.3837294918644 134.53509642444615 -241.55281825087735 -978.4903596752922 154.59070176727215 132.3509748194043 -279.10526187376394 -1005.3045303928587 167.30176625628906 158.9922510947956 -258.1021204015477 -1037.5779576777938 166.45007197773606 109.51338278199202 -240.13443219246025 -972.0368158815143 156.03645480974433 155.46381585509224 -265.42391266121007 -974.5472459286129 142.77786511327486 164.92317862067205 -293.48593320294844 -1029.8531655020734 140.6187062787401 132.3092472941525 -257.5811294573095 -1029.7891756390607 173.51543847721211 133.3697985075517 -274.12795548921866 -1036.1782313034457 155.8192110942758 146.85768998847848 -281.34319368256206 -1002.4725566986914 151.5712929924569 124.32104940518543 -256.6342257788621 -993.674504948455 159.83091325517915 127.70452912529178 -251.77427305004787 -981.2789011635822 140.4375545772988 137.37493204818412 -247.30591921034815 -997.329450926935 142.92417658329038 147.4826720706151 -249.93338845950555 -1025.1669036110675 148.85431721549472 141.4606898554742 -290.3689642332909 -1018.4355277758472 150.3691273667232 174.0608204689789 -269.8484616618543 -971.811618632961 164.73588825948252 135.78235585429675 -285.3540498464894 -1008.0131475859757 157.04149429678725 125.11114010871158 -271.949524269795 -964.9377709989295 138.3976549516331 113.4082101843131 -245.8236562405824 -1027.9782489312893 157.88667312343438 156.4969508239697 -272.1921664857386 -985.4508892094319 162.49843940900442 170.02089028943666 -278.6729656488193 -984.4923558263627 144.79645443874122 134.44781180335977 -290.8267770926647 -1000.9674696406042 135.8425475265538 145.39058905197555 -265.5586610436879 -985.4829446404984 130.9832992346435 170.0006167505417 -283.8708841976211 -983.66001081294 170.00719857042833 111.40207469530318 -272.9537178355331 -998.6524509448449 163.90476023878367 142.94471664788313 -254.61407103388484 -1031.5906462618918 168.4887692811986 139.4235940017712 -259.6030613948873 -1023.8747183657857 144.64790367737308 117.70732579377629 -254.889308728819 -1021.8843622780433 138.67519532788774 150.8488345964692 -273.261001943031 -999.1711828883488 172.69483965410987 118.86698910055019 -271.3540423602761 -1016.9721923326557 171.2282425262102 124.80537080153913 -277.3574579160977 -962.754569329859 148.93208941202943 144.07390448790775 -270.7135151160897 -1017.3507003841457 141.3224757402717 112.2887778412066 -251.38135055142388 -1021.2513170411768 165.83549747470897 148.62325778492288 -292.4423861350355 -1032.1558941955013 147.9146951986415 126.27965304430553 -234.94545520689934 -1017.5888600969473 155.09096672263928 119.88095946790162 -265.95667429963225 -1011.1751327556666 147.77621976836426 109.97545391188068 -267.04145463597285 -1026.6566108378086 163.23303711811488 163.30381905810574 -265.7994752819891 -1013.7511840832486 160.88257402270256 121.55654393974977 -240.13159608132565 -989.8548944571478 135.39395123334074 137.48336657565903 -270.70467367789314 -965.2626094468959 157.8738953946608 115.5745516457051 -260.03875212460395 -992.0276794390353 170.26410343975695 162.713103886332 -285.57654880468783 -971.8488190388539 129.89147936650434 118.67647230699697 -276.24124417766876 -966.6611336026705 145.93766738074692
110.00481936745558 0.8791391140375748 1.7582782280751965 1.965814820666825 0.0 1.7582782280750575 1.7582782280751894 0.8791391140374889 1.758278228074805 0.8791391140374565 2.486580916569181 1.7582782280749987 0.8791391140375527 0.879139114037537 3.6247834267887282 1.7582782280750533 0.8791391140375862 1.758278228075023 0.8791391140374496 0.8791391140375633 3.6247834267886883 1.758278228074971 1.7582782280751021 1.758278228074979 2.4865809165690735 1.7582782280749687 0.8791391140374345 0.0 1.7582782280751388 1.7582782280750846 0.0 0.8791391140374875 1.7582782280749267 0.879139114037497 1.7582782280750477 1.7582782280750926 0.8791391140375416 1.7582782280750473 0.8791391140374663 1.7582782280749707 1.7582782280749474 2.486580916569055 1.7582782280751583 0.8791391140375903 0.8791391140375286 0.8791391140375763 3.6247834267883516 1.7582782280750067 0.8791391140374304 1.758278228074987 0.0 0.8791391140375501 1.7582782280752038 0.8791391140374992 1.7582782280753757 1.758278228075019 1.7582782280749851 1.7582782280750808 0.8791391140375131 0.8791391140376182 1.7582782280749192 0.8791391140374213 3.6247834267885604 3.6247834267885635 0.8791391140374814 1.758278228074974 0.8791391140375631 1.758278228075009 1.9658148206671078 1.7582782280750027 1.9658148206669988 3.624783426788673 1.7582782280751994 1.758278228075016 0.8791391140375594 0.8791391140375377 1.7582782280749725 1.7582782280750098 0.8791391140375263 0.8791391140375261 1.7582782280750977 1.758278228075025 1.7582782280748386 1.7582782280749676 0.8791391140375584 1.758278228074957 0.8791391140374764 2.486580916568969 0.8791391140375522 1.758278228074995 1.7582782280749072 3.6247834267885803 0.8791391140374646 0.8791391140375115 1.7582782280751086 1.758278228075022 0.8791391140375291 1.7582782280750247 0.8791391140375678 0.8791391140375525 3.6247834267884076 1.7582782280751086 1.9658148206667045 3.624783426788645 0.8791391140375358 1.758278228075064 0.8791391140375643 0.8791391140375465 1.7582782280753775 1.7582782280750295 2.4865809165687627 0.879139114037499 3.6247834267884627 0.8791391140374367 1.9658148206669128 1.9658148206667945 0.8791391140374926 1.7582782280750482 0.0 1.965814820666796 0.8791391140375298 2.4865809165690913 1.7582782280751386 1.9658148206668258 0.879139114037457 1.7582782280749927 0.8791391140374445 0.879139114037552 3.624783426788406 0.8791391140375246 3.6247834267886474 3.6247834267885897 2.4865809165688746 1.7582782280750147 0.8791391140375091 0.879139114037482 3.6247834267885737 0.8791391140374245 1.7582782280749698 1.7582782280749938 1.7582782280749727 149.44850868479233 -288.2968407138741 -1009.2752058361856 140.9485894988609 104.10393606015501 -241.14830941031852 -1026.7241626099694 161.66966454860008 133.66383618453023 -250.5994170225777 -1013.6708699003314 172.1357840197229 128.32070247262757 -244.64212926596727 -1038.2486194289993 162.95164830761826 164.24097575891807 -270.15429068131346 -1045.1332527756656 161.94107488172568 160.401121726115 -276.34572766287584 -988.622355241556 155.4158496666404 143.53819070109165 -274.35731896673485 -1008.8723634165724 162.80666321918906 129.6221285907119 -262.77774533403976 -996.3352779062313 154.08673211325515 123.04495075042075 -264.75721987328524 -987.4913771168616 150.51855313223012 141.00058040011592 -282.8399885255609 -1001.7089807667717 168.61600748952412 139.8362937970287 -243.52318048401534 -978.0452870392762 137.45520165645368 120.51116608204876 -258.8984731476102 -1013.8159521835715 153.9506120899177 154.01494760709488 -284.1372264724774 -992.2916896030406 141.24242217502984 163.90823026340345 -261.80064267722 -1014.024765484401 145.05659540459374 143.50733743869552 -258.1070156346588 -981.4290093805274 129.72243897855296 161.10960557684004 -295.7022642230748 -1016.4366470483096 166.76411768724458 121.46412643397724 -243.54794480399434 -978.1727868174127 149.8631753685007 125.88294069567135 -279.9038021207872 -1002.5190569312197 158.45384172611716 124.51703797564198 -238.15200775814847 -982.8709513111902 134.35531392597977 119.45993195629185 -278.63766619079956 -1026.4253599665542 154.68554585209483 100.02079278537299 -264.47057453417017 -995.3489744890977 146.8669119201118 109.69671452122 -261.49244871295105 -978.7156821471428 161.8842276423371 137.23497239532287 -275.6059004017445 -1035.123699881068 153.50469540488734 118.89724889785803 -247.49096036114153 -981.9417603937111 166.1746320201138 141.10800436689217 -294.3485550534975 -1012.0665498962765 137.24504824232622 136.03506124521883 -262.28970586188615 -997.5683031772795 134.03206661099094 151.65223050807853 -278.42910879483065 -1027.50896286772 170.80458637228867 149.09204950376804 -254.51591516601303 -1043.0285209168626 149.65006766739089 131.77948732105955 -240.31967629128204 -981.1575529424085 154.0075066577697 129.79271701272842 -276.82891740225097 -1008.5580726351525 168.3800838605278 155.82837784411657 -256.61471509670343 -1042.9050440842557 167.30129565981693 105.84117440641398 -236.90503350581676 -974.7574721881854 157.22962059874473 152.83201366124607 -264.0447683461001 -976.8546607599249 143.61412081445832 163.1065090006327 -291.83971189689845 -1032.8059057676724 142.88081905237192 130.23419279371632 -256.2723005226113 -1034.169683103199 174.12488527086865 129.2057368196932 -271.5342037841568 -1040.1376889389044 158.08549174438272 144.51872574262995 -279.57673539148317 -1005.3128954086839 152.2925479662587 121.93272589593522 -254.1399158692422 -996.1616474096103 159.95840522968058 126.2350550273799 -249.68976801509183 -984.2396579471715 140.6843020939869 135.83847856699572 -246.10310492783358 -999.6363126035956 143.7618308413472 145.93435280582193 -248.7395840923988 -1029.4873659934851 149.70011296255558 138.4448205260177 -287.4795352322077 -1019.9158104460535 150.49321466486677 171.17478575713295 -268.00096459233424 -973.7053025530399 165.21593549816453 133.12313503825976 -282.39998441251095 -1010.3800240346544 157.64263753074894 121.64028922145634 -269.2504447689896 -967.305250774979 138.996760576859 110.42126068364843 -242.51656370685598 -1031.231649080179 158.96529962886544 154.54476564471472 -270.7200719476223 -987.8779175371795 162.86242617115042 167.12934712048457 -276.83227730848915 -987.0926551050736 146.46385962773982 133.33701634065474 -289.0606546346193 -1004.3412966769542 136.44725970079267 143.51109300238656 -263.1957005099402 -989.976976271229 133.13079647692325 166.66993784831442 -282.6261735002002 -988.2810196607161 169.66826251636002 108.0903034018926 -270.0472739731674 -1002.4395477943077 164.86641229398182 140.9261765170165 -252.43249332985158 -1035.9110509706425 169.33487083494168 137.17031085713668 -256.9311683963635 -1027.2484544029137 145.25312333355336 114.7918019766505 -252.27614222005082 -1024.5442083767055 140.10683343145726 149.43920807511907 -271.88978724050133 -1003.1385604791427 172.94654642485125 115.31644109416234 -267.9624307813305 -1020.5864771922114 170.8867409935713 121.77978755820195 -274.08339209025553 -964.5887088464386 149.64783230918707 141.41315225855612 -267.76086474986823 -1019.5372219262148 142.63380323668838 109.37253439879254 -247.19891957880898 -1023.5579888530299 166.67360373777137 146.22775419733586 -291.5696891232542 -1036.4763282037795 148.76069557284174 122.1486721779521 -232.2947053770132 -1020.1886232107207 156.75921942734098 116.83225031314353 -262.32697372421757 -1012.7680841693236 149.44065149210343 105.40927106472519 -263.76076066089627 -1032.03626908339 165.86000131947048 159.3507749015117 -263.7429478350684 -1016.5914349923105 161.60413825875509 117.68912869831578 -236.75516265664461 -993.9353925034003 137.18525595701058 135.6976590137167 -269.0207235681635 -966.7427583868327 157.99672968397033 112.57730898547574 -256.7416981156437 -995.1684942391767 169.8018338155339 160.40494205271204 -282.9515985556917 -975.2230380596014 130.4939969935975 114.64038551865848 -272.47787531466685 -969.6218363212794 146.18345418357902
120.00481936745558 1.7582782280749727 0.8791391140375883 0.0 3.6247834267887042 1.9658148206668098 1.7582782280748848 2.4865809165690376 1.7582782280753004 0.8791391140375485 3.624783426788941 3.6247834267885426 1.7582782280749882 1.758278228075078 3.6247834267885115 1.7582782280750036 0.8791391140374877 1.7582782280749711 0.8791391140375131 0.8791391140375576 1.9658148206668244 1.9658148206668438 0.879139114037576 2.4865809165689976 0.8791391140374438 0.8791391140374959 1.7582782280749987 1.9658148206668598 0.8791391140374993 1.9658148206667814 1.7582782280750142 0.8791391140374913 1.9658148206669253 1.7582782280750258 1.7582782280748608 3.6247834267885835 0.0 0.8791391140375031 1.7582782280751452 1.7582782280749962 0.8791391140374539 1.965814820666779 0.8791391140374659 3.6247834267885923 1.758278228074907 1.7582782280750198 3.6247834267883094 0.8791391140375326 1.7582782280749207 0.8791391140374825 1.9658148206666881 1.7582782280750409 2.486580916569053 0.8791391140375032 1.7582782280754026 0.8791391140374833 1.758278228075039 1.9658148206668458 0.8791391140375155 0.8791391140375779 1.7582782280752187 1.7582782280750306 1.7582782280749931 1.7582782280750342 1.758278228075083 1.7582782280750178 1.7582782280751499 1.9658148206667165 1.7582782280747513 0.879139114037505 1.9658148206668504 1.7582782280750422 1.7582782280749234 1.758278228075095 0.8791391140375604 1.9658148206668373 1.758278228075181 3.6247834267885874 0.8791391140375366 1.758278228075036 1.7582782280749936 1.9658148206668438 1.7582782280753217 3.6247834267885994 0.8791391140375393 1.7582782280749867 1.7582782280749387 1.7582782280750446 2.4865809165689097 1.7582782280750036 1.758278228075063 0.8791391140375108 1.75827822807513 0.8791391140374939 1.7582782280752332 1.758278228075033 0.8791391140374974 1.965814820666821 0.8791391140375553 0.8791391140374659 1.7582782280751883 1.758278228074987 0.0 0.8791391140375668 1.7582782280750677 0.8791391140375235 3.6247834267883356 1.7582782280750153 0.87913911403758 2.4865809165690465 3.6247834267885586 1.7582782280750027 1.7582782280750344 1.965814820666799 1.965814820666634 0.8791391140375288 1.7582782280749845 3.6247834267885617 2.4865809165688826 0.0 3.62478342678874 0.8791391140375572 1.7582782280753613 0.0 1.7582782280751876 1.758278228074969 1.7582782280751286 3.6247834267886145 0.8791391140374667 3.6247834267886256 1.965814820666738 0.8791391140375265 0.8791391140375188 1.758278228074994 0.8791391140375403 0.8791391140375183 1.7582782280748788 1.7582782280749523 1.7582782280751152 1.7582782280750688 0.8791391140374615 148.13846026293314 -287.59840281101907 -1011.5217934846457 142.02329914715185 102.18660189678677 -238.0655448645493 -1029.0307529743984 162.5080719674919 131.21048272380503 -248.97671012757962 -1017.6983733939984 172.1515670281166 124.11592994565812 -242.8720530851562 -1041.5620139501518 163.79425535607473 162.3950681135916 -269.35595266968903 -1049.191010529776 163.2254829926693 158.072875340895 -274.5645195886897 -991.9360393814724 156.25732146243374 141.22052208575036 -272.56188100524315 -1013.9669113812878 162.58951030253766 126.55154790759653 -260.36139214931086 -998.6420393220757 154.92464265730013 118.97508168726064 -261.2408349931444 -989.3849508475212 150.99934081513345 138.68032183224133 -281.0459567234205 -1005.5036385581543 167.56443760044613 136.6284344822714 -242.86011633209344 -979.0520435580071 137.45875091529675 117.13271825274245 -255.2963899329309 -1017.6629867462428 154.67635504965244 151.68308785778189 -282.3601773120508 -994.6585935403727 141.84355917293126 161.70308592798057 -262.2632146469701 -1017.2180450101517 146.3720029203369 140.4319010877839 -255.69721280191533 -983.6758116960939 130.7963579932391 158.08831900488627 -294.0356367181097 -1019.569717017246 168.31634999890096 117.56449243842113 -241.39118755446472 -981.0732663660953 150.3473360467925 123.74424424198222 -279.46946550143804 -1005.9529579432816 158.8222729977355 122.68254491447067 -237.3208120038884 -986.2447745837991 134.95974020105746 116.38822376879274 -276.22402608723746 -1029.3858341939426 154.93419183641794 96.80829995314728 -262.23312554914975 -998.0088737312722 148.29838817276905 106.25120805749752 -258.76266528368416 -981.5560908763958 162.60530366041542 134.38600603622677 -273.69837711759044 -1039.3236369412987 154.82462180806024 116.679972141509 -246.35720224543158 -984.5417037074582 167.84263295538537 138.54643483522452 -292.0716496229759 -1015.3801019087592 138.0869957572177 132.42544226949502 -259.7691209065879 -1001.0021839018478 134.4003384443407 149.9236076728634 -275.8719533808769 -1031.3559556870136 171.5306888025304 145.94789485504498 -252.99024648181518 -1047.8823350451173 150.38068371605561 128.56261402372579 -238.08757257708123 -984.94472757893 154.9689704382617 126.56087429566959 -274.61493805194 -1012.5855532243603 168.39568350926714 152.76414750515517 -255.7794775200513 -1047.1089962559702 167.61495729497122 102.36644885689523 -233.42706695885204 -977.0644792922186 158.06701796618182 149.743125065048 -261.6471268025293 -980.1084070650792 144.69171465542414 161.4011986836882 -290.8575963311861 -1036.1715414233613 145.50024653286425 128.23447805880033 -254.07426955496706 -1038.0166343855956 174.85116223136063 127.26668788915188 -268.46343861780485 -1042.5645808553272 158.45071881726733 142.97313162019643 -278.37891079457853 -1006.9134197919592 151.94324723353006 119.01837079464543 -251.5256420184489 -998.4684066378052 160.79633436482192 124.85395303507046 -248.28588931647084 -986.6666609624511 141.04849958860595 130.7127904958848 -243.92509093075233 -1001.9430414454314 144.59978171476916 142.64110926557427 -247.399637794839 -1033.627194959893 151.2565126181587 135.29478746175954 -285.96742220209745 -1022.9966184128342 150.26839330792765 169.4164451057192 -267.890299118521 -975.3056983821944 164.86625716685475 130.0388193538636 -279.99978879736807 -1012.5140637608735 157.17706018050754 117.95289293378521 -266.03723304300854 -970.5592000734443 140.07386770044462 108.80739191648387 -239.05162213366003 -1033.9513831108482 160.16075912467178 151.6278527681422 -269.7040170991951 -990.7181918273179 163.58378063396597 164.40783423406793 -274.76479043342806 -989.7000030173413 146.11805756454152 129.33155335989767 -286.2574946316546 -1007.4143760510988 138.2358129329812 141.8887879228841 -261.3099536681824 -993.8842749082182 133.61895502381464 164.2413878237996 -280.17207930550603 -991.6548101041975 170.27318132876383 105.55933151198478 -267.73697215713696 -1007.6543187335799 164.17566519373048 138.08652274288997 -250.51329605827982 -1041.2382469193792 170.18558123775063 134.3322516013346 -255.00990689144407 -1029.4347455254858 146.5647629392666 112.56738981390703 -249.57910177266166 -1029.0973650280769 142.0201292644237 145.7489132385219 -270.27301773101493 -1006.5200278438535 171.5380558448708 111.82573757871769 -264.895801311863 -1024.786558911079 172.20639331108586 119.32358187475619 -272.4657042961056 -967.309245695021 150.84163879844502 139.25203560138743 -265.7669322834311 -1022.7305053601613 143.94931599461214 106.91985368170289 -244.00433483251473 -1026.5184374852684 166.9222537231399 143.3655860295539 -289.6858357642039 -1040.7966651560052 149.6072784335416 118.32931345167292 -230.82156455572985 -1023.3216644030279 158.31149763349703 112.77750203521575 -260.36867629524517 -1015.548152346575 150.3991253452396 101.73154572574144 -260.53767144024135 -1034.463213456449 166.22511811741674 154.88479107918636 -261.53275819424 -1020.5587993374844 161.85661240126802 115.92836062553177 -235.04542445051536 -996.655456841215 138.379913691123 132.6211199285463 -266.6126273373074 -967.4494547296468 159.18373070757278 109.89714810448213 -254.61866107564282 -999.3162840359618 169.34375684998622 158.60953778986215 -281.2771889548499 -976.3430483344915 132.03786791606447 112.8345198578088 -270.4309156493186 -971.5155550596231 146.66376622887668
130.00481936745558 1.7582782280749996 0.8791391140375691 1.965814820666826 3.6247834267884294 1.7582782280750637 1.7582782280749967 0.8791391140375014 1.7582782280750304 3.624783426788609 1.7582782280749931 0.8791391140375663 3.62478342678876 3.624783426788649 0.0 1.7582782280750713 1.7582782280750753 1.758278228075068 0.8791391140374462 0.8791391140374462 3.6247834267886376 1.965814820666814 0.8791391140375369 0.8791391140375092 1.7582782280748925 1.7582782280750788 1.7582782280748905 0.8791391140375646 1.7582782280751845 1.9658148206668289 0.0 0.8791391140374997 1.7582782280749156 1.7582782280750693 0.8791391140375404 0.8791391140375895 1.7582782280749343 1.7582782280750373 0.8791391140374812 0.8791391140374897 1.9658148206671855 3.6247834267885772 0.8791391140374762 1.7582782280750486 1.7582782280752223 1.7582782280750238 1.7582782280748912 1.7582782280750162 1.9658148206666821 1.7582782280750369 2.4865809165689057 0.8791391140374867 1.7582782280750944 1.7582782280750124 2.7800819805013517 0.8791391140375477 1.9658148206667134 1.965814820666836 1.7582782280752087 0.8791391140374899 1.7582782280749314 1.7582782280750024 1.2307947596521933 1.7582782280750355 1.7582782280751423 1.758278228075011 0.8791391140375805 1.7582782280750087 1.9658148206668988 0.8791391140375262 0.0 0.8791391140375333 0.8791391140374846 1.7582782280750286 0.8791391140375332 0.8791391140375387 1.7582782280750178 1.7582782280750546 0.8791391140375524 0.8791391140374955 3.6247834267884658 3.6247834267885874 0.879139114037551 0.8791391140374489 1.7582782280748965 1.758278228075083 0.8791391140375101 0.8791391140374736 1.7582782280748817 1.7582782280750469 1.7582782280750187 0.8791391140375184 3.624783426788749 1.7582782280749412 0.8791391140375208 0.8791391140375683 1.7582782280751146 1.758278228074977 1.965814820666723 0.8791391140374806 1.7582782280750733 1.7582782280750415 0.0 0.8791391140375745 1.7582782280749523 1.7582782280749683 0.0 0.8791391140375104 1.7582782280750913 1.7582782280750207 1.7582782280749263 0.8791391140375439 3.624783426788733 3.6247834267886314 0.0 0.8791391140375461 1.7582782280749438 5.27483468422507 0.87913911403757 1.7582782280750247 1.7582782280747589 1.7582782280750984 0.8791391140374631 0.0 3.6247834267882997 2.486580916569061 1.9658148206669237 3.624783426788613 0.8791391140374274 0.8791391140374254 3.6247834267889614 1.9658148206668038 0.879139114037592 2.4865809165690287 1.758278228074925 1.7582782280750235 0.8791391140374826 0.8791391140375063 1.7582782280751779 1.7582782280750857 0.8791391140375433 146.06058769972228 -286.29133142272633 -1015.1883525522092 143.45929673749336 98.96828221469907 -234.26338950248416 -1032.8174772502728 163.47116709465524 128.37868620077057 -247.04523463008985 -1022.9052018910531 173.47557731520465 121.28554331991312 -240.9389199082354 -1044.2816255930422 164.99002340147302 159.37550878933263 -266.0805483335075 -1051.4974464889167 164.0642992515373 155.22300025114734 -272.6581416989698 -995.3698895264554 156.62593979579725 137.3786564925808 -269.5456753245028 -1017.6334049185931 164.02563903704663 124.48523762150823 -259.03776184314273 -1003.0827413680673 155.29738934936273 116.06373152119767 -258.62310648333573 -992.4657069708152 150.77422346987532 137.14215021862702 -279.8432848116578 -1009.1099995209381 169.2370716557683 134.6260450232386 -239.09363990000318 -981.2386553886544 138.76993717044374 113.76734731320138 -253.25179785212399 -1021.3294076263525 156.11254046272225 149.8414806509513 -281.5471284799551 -998.3854026676955 143.04251441585862 160.01351866875856 -261.25482932603364 -1020.2908244229611 148.16112933025184 138.5863523950484 -253.30644171355678 -986.1629478945557 130.9240956146876 156.00482878752385 -292.74073648011023 -1023.5370449694418 168.56920172397656 114.34661235330617 -237.58936068866106 -984.8603045608689 151.30924587324918 121.9072829413041 -278.64274591191383 -1008.3799083766856 159.18722645272595 119.23980920727085 -234.5877493808997 -989.7387807733845 135.0913689292058 115.0867831988312 -275.5065258981735 -1032.759414608264 155.54019998386877 91.91178869483565 -258.18920786780023 -999.5492439394219 148.1859290591244 102.88687231151339 -256.71645642825786 -984.9298813226002 163.2104075959337 132.00137342249027 -271.20043220317103 -1043.9967989898114 156.265317310183 114.53010626758221 -242.7807295962129 -986.5554733386429 167.85036679562583 135.16648307708724 -290.05087890797114 -1018.4529516151819 139.87605154599567 130.35831689698577 -258.445966316855 -1004.9616983165156 136.666392049119 147.61342943488194 -274.0696655999385 -1035.2671761848503 171.01358487218275 143.41398472789308 -250.68162119872102 -1052.3145914923443 152.76824282949616 125.50152358669528 -235.65914118753562 -988.0779394646877 156.52085726977955 124.79362313299208 -272.9106593461888 -1017.2588989993617 169.83579536728942 150.52921228384022 -253.0909761197051 -1052.0754592123433 168.29901589682217 99.14332801894352 -229.31848450671976 -980.0249801412158 158.31499636556913 145.83259528508052 -259.5097298801685 -982.8284838311349 145.8863931642548 159.22863547520754 -288.8763823222154 -1040.3714247768191 146.82040009231906 126.24038524506084 -251.87281563610958 -1041.097464772673 174.6269135346646 125.50163681298999 -266.7578479473528 -1047.1775435781321 160.12813148520738 141.50106526002216 -276.29687461600616 -1008.1530155577451 153.01425437080897 116.56352698306493 -248.33303427175403 -1001.7217642099234 161.87518715806692 121.25809954086391 -245.74586769492166 -988.4399202598977 142.0028900389253 127.65064162154817 -241.49821658329972 -1005.0760903965491 146.1519574187898 140.02931793459035 -244.4036897559837 -1037.4098004031007 153.22652469808517 133.82353186289146 -283.884490916264 -1027.433233841327 151.64852140302915 167.36200668036903 -268.15120504114697 -978.2662324791902 165.1141961462246 128.95762009797815 -278.21517327252207 -1015.7673647538163 158.256133744967 115.4240815738989 -263.7232744440059 -972.3926811600088 140.79118367377853 105.36033359130084 -234.75364490197413 -1037.032194265512 159.93646155781937 148.48314771862 -268.1732888009484 -992.4913498076709 164.53827753621874 162.30389360653766 -271.8998373757803 -992.0668510805472 146.71945908420983 127.17960483901493 -284.2530470358166 -1010.9605898434821 140.14507412726212 139.88964098308398 -259.1116280686061 -996.7244954039905 134.34051655018789 161.5980504974192 -277.202675652787 -994.3223925698936 169.69127578523228 103.26275087270328 -265.91680459822027 -1011.3810000403298 165.37496026505102 135.85875950414734 -247.81862414103423 -1045.3259418592872 169.96554958946325 132.87085246433486 -252.92115255201946 -1034.4007761353434 148.83558534976368 108.74175265620838 -246.54275420950106 -1031.0428149621912 144.2786777272952 142.75585635046016 -268.54711849329254 -1011.5464376868548 173.57179903077397 107.99777326965724 -261.86229783941883 -1029.1670300466296 172.81643231857194 118.09365786683075 -270.87116678790017 -971.2766327637421 151.09301034696477 135.8808129199846 -263.7319300995922 -1025.26969351382 145.85484513554613 106.14405094887681 -240.26942843441915 -1030.425545282489 167.41194216197184 140.9899957612354 -288.7629487859209 -1044.5833760595692 150.5704765971585 116.56901054667718 -229.11145748945938 -1026.5147342639996 159.62745645545394 109.71519805169012 -257.9414507082462 -1018.207736472173 151.83119888383496 97.21987811192622 -257.5800340694255 -1038.2499382958647 167.18829097370084 151.80780928503083 -259.1223985713961 -1025.1719342079566 163.5336274525856 110.88333508829231 -231.97375600560238 -998.1357068226868 138.50406625496797 130.78493705898757 -265.7846684980335 -971.1163629749506 160.6187063750254 106.67877723165213 -250.8171934636886 -1001.3300896410417 169.35162844979118 157.36201483729025 -279.69628318450896 -978.9429598439598 133.70594415311834 109.92305286762634 -267.81381212633966 -973.4090900789209 147.14459337046497
140.00481936745558 1.7582782280750646 2.486580916569079 1.9658148206668413 0.8791391140374997 0.8791391140375302 3.624783426788633 0.8791391140374772 1.758278228074695 1.7582782280750517 2.4865809165689376 1.7582782280750788 0.8791391140374931 3.6247834267885377 0.8791391140375127 3.6247834267885777 0.8791391140375 0.8791391140374667 1.7582782280750582 0.8791391140374877 3.624783426788745 3.6247834267886194 0.8791391140375007 1.758278228075042 0.8791391140374192 1.7582782280750833 1.7582782280751328 1.7582782280749543 3.6247834267886176 0.8791391140375157 1.7582782280751819 0.879139114037483 1.9658148206665815 3.6247834267886345 0.8791391140375443 1.7582782280750526 0.8791391140375558 0.8791391140375022 3.6247834267886265 1.7582782280750369 1.75827822807477 2.197847785093816 1.758278228075193 0.879139114037479 1.758278228075022 1.7582782280750524 0.8791391140374475 1.7582782280750067 1.9658148206669712 0.8791391140374649 1.7582782280751275 0.8791391140375243 3.6247834267887495 1.7582782280750568 0.8791391140375444 3.6247834267885906 0.0 0.8791391140375248 1.7582782280748603 0.8791391140375933 1.758278228074888 1.7582782280750855 3.6247834267889383 1.965814820666838 1.758278228075216 0.8791391140374587 1.7582782280748748 0.8791391140374618 1.9658148206665902 1.7582782280750258 1.7582782280751075 1.7582782280750626 0.8791391140375128 0.8791391140374982 1.758278228075119 0.8791391140375152 1.7582782280749512 0.8791391140374933 1.7582782280750457 1.7582782280750755 1.7582782280748888 1.965814820666848 2.486580916568687 1.7582782280750393 1.7582782280750326 0.8791391140376212 1.9658148206670056 0.8791391140375523 1.7582782280750782 1.9658148206668018 0.8791391140374845 1.758278228075052 1.758278228075074 1.7582782280750087 0.8791391140375251 1.7582782280749862 0.8791391140375205 0.8791391140375179 1.7582782280749434 0.8791391140374916 3.6247834267885923 1.7582782280750604 0.8791391140375496 3.6247834267886283 0.8791391140375268 1.7582782280750247 3.624783426788206 0.8791391140374554 1.7582782280750613 1.7582782280750167 1.9658148206669452 1.7582782280750333 1.9658148206667514 1.7582782280750875 0.0 1.7582782280750286 0.879139114037503 0.8791391140376 1.758278228075111 2.4865809165690185 1.758278228074819 1.7582782280750342 0.0 3.6247834267886176 0.8791391140374701 0.8791391140375305 1.758278228074954 1.7582782280750149 3.624783426788844 1.7582782280750393 1.758278228075034 3.6247834267885777 0.8791391140375476 2.4865809165690544 1.7582782280749953 0.8791391140375229 1.7582782280749212 1.758278228074985 0.8791391140375333 1.7582782280750606 0.879139114037509 142.68717982938404 -284.2604132409892 -1019.6208357348665 145.84640160883865 95.35965439813667 -230.93340214230864 -1037.4304175338102 165.14860379123064 126.08040521406511 -245.22662335805174 -1027.2856511639948 174.0858615744861 118.37013148905976 -238.3292743086049 -1047.24204297321 165.23922663360304 157.0726544223597 -264.26837776237073 -1054.6903277626277 165.38064107840958 152.68602473265952 -270.35366378068295 -997.7968254416186 156.99091169390357 134.16159991446995 -267.31510204820876 -1019.9399126822746 164.86423733105104 120.58373104937985 -256.8858102536775 -1005.922856580661 156.01952196437523 113.99721779936856 -257.299936100013 -996.1322280564823 152.2101723968895 136.6772292260233 -278.85452865353386 -1013.129350403398 171.26714941997795 130.19701931364756 -238.39433281706988 -983.9585578369582 139.9650402747513 111.2357075653551 -250.9408036643277 -1024.2898323799516 156.3615430687452 147.00214485351506 -279.627315696732 -1001.6988660545283 143.884898834554 157.55928424933632 -259.63367308641233 -1026.5646380082342 149.25282054793507 136.44005918151132 -251.2960570173768 -988.7625170902708 132.59263788951938 153.92908469896696 -291.4288926864844 -1026.7902172827107 169.6486450438295 111.26593416994517 -235.18321118233567 -987.8207840696742 151.5577634776032 118.30898570802786 -276.10622099704955 -1011.2199982351738 159.90941313363544 115.47446002817686 -232.25609589473981 -993.4053524468515 136.52721621923712 112.02378262017602 -273.0805789771987 -1037.3121579691788 157.45428973060615 88.91921387694735 -253.3183607408336 -1001.7355172337466 149.49770649276763 100.8081247916793 -253.82880604516865 -988.8972529725929 163.4628741192322 128.86510734906835 -269.6541840807632 -1047.3703413672922 156.87158740437624 111.3051421619141 -240.5629763547357 -989.6964395950547 167.38892858818053 133.39846221406464 -288.349106499245 -1022.6528590555123 141.19614724267677 126.99148620318661 -256.4037131020739 -1009.6350095420692 138.10661807251324 145.07835639364566 -271.7625043390598 -1040.241359474723 171.27107845845953 140.3499261512186 -248.2571105082269 -1054.6728586824408 155.38413864507297 122.27878639700573 -233.43012408058283 -991.2109702631833 158.0731645092198 122.03319385921313 -270.1023827445789 -1020.0989272124423 170.55813655662774 147.16039925133606 -251.05186116282184 -1058.8225124506293 169.51170890599573 97.3634165539616 -226.4616985868548 -982.4519594125242 158.67979396623653 142.9180575331577 -256.8959148963614 -984.481364983473 147.31431711100362 157.21914549109786 -286.6883269597474 -1045.0445577963044 148.26121850914598 122.56968512627896 -250.21470400854454 -1046.0114305450186 175.12113122629418 122.43830887752078 -264.33218126602617 -1051.3773154511016 161.44861565830416 138.04926739908746 -273.5752693769011 -1011.9397876680624 153.9771769411275 114.49322223420074 -247.0121567387886 -1004.8025742451172 161.65062566990275 118.18989778167132 -243.32424441779338 -991.2800610546271 142.72473202458207 124.816791376013 -239.57320439663778 -1007.79584481152 147.347437253817 136.3591532318042 -242.74515610711003 -1039.3633378930804 153.4715047848153 130.6858112382437 -282.3414088678152 -1032.1666240568766 152.85249499978448 166.12505288147756 -266.5628790586769 -980.3400912104385 164.885380980875 127.64795835462526 -275.9342584520862 -1018.6676250976432 158.74173332342124 113.50923774759984 -262.20838438375466 -975.7063372660584 141.63298681564657 102.01981570798316 -231.88812288088883 -1041.231987048725 161.2568808010601 145.64739411087285 -266.24762178229383 -996.1056618133647 164.19727284465003 160.45076259596695 -269.5148086065593 -994.0204328575837 146.96405753303245 124.57717366959605 -282.8195089553718 -1015.5736638888498 141.82210566726374 135.98750893763173 -256.9592781986474 -1000.4512069835175 135.53980353638403 158.97409801554892 -274.2176576791044 -996.9298436172531 169.34629532224915 100.73218845144072 -263.6050735255535 -1012.9734337916465 167.03983146679084 132.02883361336188 -244.78810572887951 -1051.4274094502466 169.7540020018875 129.50441361192767 -250.87845307573298 -1037.9549370781397 148.73176899505353 105.90155928445675 -244.62692240108237 -1037.4369950683308 144.89722394026322 138.92303910144958 -265.5201354144631 -1016.279874419321 174.7755681539186 105.16577038036208 -259.93259604722334 -1033.1945332051139 172.8329983797431 114.496075137981 -268.3333980628485 -972.756900471079 151.21707656530216 133.2708889662151 -260.7333271284592 -1030.7774150907414 145.99583651644681 104.6672282584621 -238.19266332726838 -1033.2655512620559 168.13438568680795 137.68695643934916 -285.8517199398496 -1046.5285725112553 152.82924054136038 113.2440685543229 -226.224535596593 -1031.1277162991307 161.3047666773172 106.95551712563996 -255.1342054518978 -1020.7550191706584 151.7230872213857 95.60197933278472 -255.6858934636136 -1045.4101532642949 168.75792271632915 148.7411488190671 -256.70137944710507 -1027.4182193768581 164.6089657367214 106.711679312418 -229.37060449845362 -1003.222273289831 140.3010633607362 127.41782787768804 -263.74336384306116 -972.5965802278749 160.74284901475917 104.22492611441922 -249.20290495888932 -1004.7037266227344 169.95747349656352 155.59018913433252 -277.99837092934837 -980.7161825174946 134.66044381391183 107.24252410410394 -265.6919843089063 -973.8223222973614 147.50151775166412
150.00481936745558 0.8791391140375844 1.7582782280748352 1.9658148206668313 1.7582782280752083 1.9658148206668637 1.7582782280747506 1.7582782280750475 1.9658148206667094 1.7582782280750446 1.965814820666774 3.6247834267885297 0.8791391140375411 0.0 1.7582782280750229 1.7582782280750469 0.0 3.6247834267885697 0.8791391140375594 1.758278228075024 1.9658148206667279 2.486580916568999 1.7582782280749991 1.7582782280749973 1.7582782280751639 1.7582782280749907 1.965814820666745 2.4865809165690442 3.6247834267887376 0.8791391140375351 1.758278228075167 0.8791391140374362 1.965814820666702 3.6247834267886243 1.7582782280750477 0.8791391140374579 1.7582782280748235 0.8791391140374684 0.8791391140375525 1.965814820666769 0.8791391140376552 2.197847785093816 0.87913911403749 1.7582782280750642 0.8791391140374395 1.758278228075013 0.0 1.7582782280750415 0.0 1.758278228075057 0.8791391140375642 1.7582782280750195 2.486580916569168 0.8791391140374983 1.758278228075264 0.8791391140374804 5.2748346842252705 1.7582782280749965 1.7582782280750482 0.8791391140375464 1.7582782280751272 1.7582782280750289 2.7800819805013903 3.6247834267885715 1.7582782280750489 0.8791391140374895 3.6247834267885133 1.7582782280750466 1.9658148206667954 1.965814820666797 1.7582782280750093 3.6247834267885723 0.8791391140374991 0.8791391140374296 1.7582782280748586 3.6247834267886194 0.8791391140374907 3.6247834267886083 0.8791391140375241 1.7582782280750282 1.7582782280749187 1.965814820666868 0.8791391140374953 1.758278228074985 0.8791391140374429 0.8791391140374899 1.9658148206668378 0.8791391140374565 1.7582782280749842 2.486580916569054 0.8791391140374607 0.8791391140375417 3.6247834267884995 2.4865809165690522 3.624783426788749 0.8791391140374712 1.758278228075023 0.0 1.7582782280751932 0.8791391140375163 1.965814820666814 1.7582782280749762 0.0 1.9658148206668877 1.965814820666819 1.758278228075018 2.780081980501143 1.7582782280750187 0.8791391140375784 1.7582782280750178 0.0 1.758278228075034 1.7582782280750304 2.486580916569139 0.0 1.7582782280750864 1.9658148206668453 0.8791391140375149 1.7582782280753864 1.758278228075036 1.7582782280747369 0.8791391140375768 3.6247834267887824 1.7582782280750513 1.7582782280753932 0.8791391140375479 1.7582782280749767 2.486580916569045 1.7582782280749847 0.8791391140374487 1.7582782280752975 0.0 2.4865809165691264 1.758278228074973 0.8791391140375273 3.6247834267886043 1.7582782280749194 1.7582782280750953 0.8791391140375666 1.758278228074997 0.8791391140375161 140.69957568301007 -283.6253471093804 -1021.8069194093945 147.15843783152468 91.48021380334146 -227.14515100026324 -1041.3977089140387 165.4019990082999 121.77440503677617 -242.80493057535637 -1031.846698775666 173.9862862315337 112.73892005890477 -235.24320526781798 -1052.922013251475 166.6843577118513 154.60974725556142 -261.08176697197666 -1060.8436221044958 166.94622604963072 149.01324393028824 -268.70092115799287 -1000.7572527989906 157.23981991549746 131.32577444482692 -265.39006912328034 -1022.5993025340258 166.2967014131249 118.80881985745299 -255.18951274219376 -1008.0569974317195 155.55439246787225 110.44401619552663 -253.9146448670974 -999.092677371999 152.45903023218867 133.84198788061587 -276.9283290729935 -1015.0828988751941 171.51211128618073 126.12310048708889 -236.47069617451118 -987.3321915626839 140.57077452653934 107.60985048441667 -248.44339530179343 -1028.0765093201742 157.32485637431466 145.1658294357155 -278.80085966746043 -1004.8918983165817 145.20090829525617 153.94620480267065 -255.53877870969728 -1029.344435750262 150.21196157882224 134.36634341894361 -249.9793237955832 -990.8885995780073 134.14109547648408 151.78975405608506 -290.9884070725685 -1030.6973061498763 170.13864432095116 106.24692334045267 -232.91734113152356 -990.6608869439008 152.27989129384366 117.07546568809849 -274.5108226532728 -1014.473166323625 160.98887818876247 112.12242586199244 -229.39710354458182 -996.1250885172548 137.7226451157839 109.40012065516945 -270.08913241214 -1039.7992396266793 157.58306849298995 87.37498735132696 -248.1943324997408 -1003.21574718614 149.6221543241249 97.414675857567 -251.83329681058393 -992.3310242930522 163.83202956498013 127.33072187141852 -268.4457573672434 -1049.9694753245046 158.54080904420334 108.4400612762694 -238.6880041497832 -992.5966934586814 167.87441302365707 130.9471537707332 -286.7249629778932 -1025.8458110953168 142.51233034247724 124.2151496370773 -253.61008634668642 -1012.4148625317088 139.06563890558104 142.8592993479719 -270.6325289257405 -1044.7421927111907 171.40824920242216 137.12565132671702 -246.0353030206175 -1058.2704729101465 159.0713187154813 118.82376455064392 -232.31646009189666 -994.4642033673338 159.15239705138066 118.89471855754408 -268.5646078596127 -1023.2918663008296 171.8743492369893 143.4860677287571 -249.40118924748853 -1065.0962354740589 170.6039716848814 92.80009089260892 -222.77552027397516 -984.7585687494656 159.5181949627907 140.31297621170324 -255.4652061056241 -986.8481315360945 147.91605219925478 155.4508484865308 -284.9860052706255 -1049.4165969151459 150.8854709921865 119.6333067276514 -247.6251961733694 -1049.6258170114886 174.78079684392625 118.52884538452737 -262.1940829778619 -1054.5702013857476 162.7649455899755 135.2140968495335 -271.6483914256677 -1014.7798224918372 154.69956066079985 112.88374728827674 -246.69714756623003 -1008.1761602495225 162.25670103385437 115.03459841390108 -241.81876456881554 -994.1201293335641 143.44686738081282 119.62375249315309 -237.10944394618417 -1010.9327515259452 147.8932948666567 132.44698110993596 -240.61228507134692 -1043.920198623278 154.37886184332362 128.15244096631065 -280.0328573850232 -1035.953292313322 153.8158259629697 163.9857185595173 -266.1215004063828 -983.7137347970976 165.49115647518695 125.88184614980352 -274.22995275313065 -1021.3872349534658 159.9375086253194 112.03631419522739 -260.131482255109 -978.0129515034727 142.47125312657397 99.13296720972951 -230.0395248712419 -1045.9653015614006 162.46113624846743 142.20709254860301 -265.0892459824071 -1000.2535379332618 163.74025820159167 158.14932191895727 -267.701104593686 -995.7934567089773 147.91887352848497 123.19353301923782 -281.41766861079503 -1018.826824657484 142.9015742691679 133.9172877150325 -255.64136736110325 -1003.9972388928948 137.449417231281 155.52162737424888 -271.49737421464476 -999.8903089755548 169.59523576016713 98.48611184594388 -260.9275616295034 -1017.7670093310085 168.00719757696882 127.34347335687211 -242.05977609708492 -1057.6451137263634 170.07603681095708 126.50943407275605 -249.15757618660348 -1041.0274212433928 150.52138322996896 103.86876759961909 -242.4621070859893 -1041.1634470767526 146.09725168491187 135.9354635173197 -263.78842199384536 -1020.600108424071 175.62255438087143 103.0870246855862 -258.62555125770547 -1037.7555821364906 172.73345629656666 112.18845700164123 -266.5265941970281 -975.6572186160631 151.70232775113377 130.06314609493626 -260.07066185737494 -1034.503879311307 147.1958357591723 102.0896086580692 -235.94049189374098 -1036.3463901830492 167.91025097047722 135.3865564769007 -284.0359828753687 -1053.0347797262461 154.98854703356602 108.607111646221 -224.26201796248446 -1032.607927056755 161.4293540669891 104.79042459925829 -253.1456896340732 -1021.7016881543507 151.9639116954375 93.12656113237246 -254.09646863808223 -1050.6770102902037 169.84595307825285 146.36947743792348 -255.76501928882303 -1029.3115538963264 165.0906359419897 103.82513101792642 -227.5146348989013 -1006.828434787123 141.974145261981 124.04426802648535 -261.71471677457095 -975.4367212714895 161.46480327498853 100.82678699613312 -247.21499237600426 -1008.0772941110974 170.56357798658678 152.82356811154472 -275.19630320617847 -982.0760880130748 135.25807876364942 105.01677038297889 -264.57399799973484 -979.089409911374 148.58835638181552
160.00481936745558 0.8791391140375293 0.8791391140376013 2.486580916569039 0.8791391140374174 3.6247834267885946 1.965814820667123 1.7582782280750322 1.758278228075195 0.0 1.965814820666711 0.879139114037491 3.6247834267884174 3.6247834267886554 1.7582782280750462 1.7582782280750142 1.7582782280751152 1.7582782280750469 0.8791391140374867 0.8791391140375887 0.8791391140375157 1.965814820666805 0.879139114037453 1.7582782280750548 1.7582782280750633 0.8791391140374264 0.8791391140376061 1.7582782280750497 0.8791391140375983 1.758278228075033 1.7582782280750417 1.7582782280751026 1.758278228074728 1.75827822807501 1.7582782280749067 1.7582782280750926 3.6247834267885097 0.879139114037472 1.758278228074908 1.7582782280749851 2.4865809165691424 1.965814820666823 1.7582782280750782 1.7582782280750524 1.758278228075164 0.8791391140375301 1.9658148206666606 0.8791391140375501 1.7582782280750588 1.7582782280749887 1.9658148206669817 3.6247834267886225 3.624783426788641 0.8791391140374594 2.4865809165688497 0.879139114037468 1.7582782280750435 1.96581482066679 1.75827822807487 3.6247834267885635 0.8791391140375345 1.7582782280750182 1.7582782280750184 0.6153973798262254 0.8791391140375682 1.7582782280750322 3.6247834267886914 1.758278228074937 1.9658148206667685 0.8791391140375169 0.0 2.4865809165690553 1.7582782280752016 1.7582782280751097 1.7582782280750382 1.7582782280750506 1.7582782280751383 2.4865809165690447 0.8791391140375036 1.7582782280750218 0.8791391140374569 1.9658148206668584 3.624783426788653 1.7582782280750175 1.7582782280750633 0.8791391140374846 0.8791391140374925 0.8791391140375242 2.48658091656904 1.965814820666821 0.8791391140375142 3.624783426788633 1.965814820666815 1.7582782280750322 1.7582782280749158 1.7582782280749847 1.7582782280749376 1.7582782280750204 0.8791391140374464 0.8791391140375295 0.0 0.8791391140375612 1.9658148206667179 1.965814820666902 1.758278228075083 0.8791391140375291 1.9658148206670876 0.8791391140374814 2.4865809165690305 1.758278228075 1.965814820666826 3.6247834267886136 3.624783426788761 0.8791391140374899 2.4865809165690593 0.0 0.879139114037566 1.758278228074978 1.7582782280752622 1.9658148206668284 0.8791391140375018 0.8791391140376015 2.486580916568965 1.7582782280750358 0.8791391140375039 3.6247834267885763 1.758278228074695 3.6247834267885817 1.7582782280749705 0.8791391140375119 1.965814820666646 0.8791391140375429 0.8791391140375691 3.6247834267885986 1.7582782280750127 3.6247834267885537 1.7582782280751035 1.7582782280750764 0.8791391140375315 0.8791391140375431 0.8791391140375113 138.5452035208677 -281.62368226439264 -1024.646920816237 147.88095585329424 89.80328043610822 -225.31561072956362 -1043.945003617439 165.29413997238572 118.60935787125986 -241.31955484266672 -1036.407744588729 173.88679203315962 109.61384488061209 -232.89970176338022 -1057.0615585032338 168.2415504779343 152.1524885633876 -259.4641930603192 -1065.0433794600058 168.26676108151148 147.54438490972856 -266.61797433718664 -1003.4768831957284 158.4355802893938 126.93318095634149 -262.28569653177044 -1027.1603415917648 166.19716354455662 116.72050890582729 -253.90031614295168 -1010.0707499353232 155.56269311237244 107.48349936836313 -251.35329880908515 -1001.3991949075215 153.29766802367865 132.36970639532723 -274.8462253346917 -1018.6889346642743 173.18545297654563 122.42332418485354 -234.88480316131285 -989.7590824165391 140.93598507464006 104.25458772239725 -245.60017787926265 -1031.4500474257118 157.93115572703428 143.02746351333556 -278.3633585587803 -1008.024669345869 146.75373373620312 149.96660542860826 -254.28388446326372 -1032.1242136672101 151.17116739481497 131.1201179176202 -247.78921866906953 -991.7750736448978 134.618525288934 150.40537126509645 -289.58912241750204 -1032.2979352222656 169.78992426336828 103.21387903644433 -231.26912438812906 -993.3805528505608 153.47556122876458 115.2060456095755 -272.1350865610884 -1018.1996288566592 162.18887489017442 108.94400664910142 -227.94227194481135 -998.8447597944304 138.9183211183172 108.65736196590329 -267.04825154652565 -1042.1658944597625 158.18520365334754 86.55925268330897 -244.38737494146164 -1006.2322482341755 150.64143047546597 93.65444173220209 -249.92458737804324 -995.824983606069 163.96476702780555 125.93805450900042 -267.05285762191386 -1053.5152624925217 160.45090095355215 105.75292046517816 -238.20003432110173 -996.6843992065197 167.65420631590874 129.02365924097757 -285.219373632051 -1030.2262208571608 143.12278807061944 121.79804609106932 -251.1409939077352 -1015.1344627516265 140.26145284942325 141.23924140368467 -268.74113324507186 -1049.1225979653072 172.01877528541763 135.1313787601747 -245.42141272515636 -1062.5822728981905 161.93227136471197 114.91955509194435 -229.38645730021847 -997.2440409325105 160.11145339014016 117.10683829617172 -266.8797172842477 -1026.0716437387111 172.83354572980326 142.028576597373 -248.88991836650595 -1070.652263522429 171.94200584702125 90.87664729176166 -219.86037140629327 -986.8926841579844 159.05302572185695 137.61334132607632 -253.3656976652846 -990.5145022839033 149.35243338967214 153.98420846117716 -282.9007977584224 -1052.3686268059573 153.14846309199328 117.2993208451559 -245.85036253536165 -1054.2989080835432 176.2217524417597 114.69017329749839 -260.77774112078276 -1058.1762010953762 164.43837555552827 133.43877522170516 -269.9521136991303 -1017.6198243159151 155.4220451923035 109.76815790301632 -244.33960371324636 -1011.4292956827354 163.33626469090862 111.86622455515857 -240.34386756866166 -996.0135097434153 143.92840685692394 116.7475430246126 -235.24658790659532 -1013.7042537474647 150.86615885685686 129.8259528584834 -239.21979730305483 -1048.533078236894 156.05647311106196 124.85520098073866 -278.6993999540488 -1039.9205788101494 154.06923717001106 161.84777606450086 -265.68209237508984 -985.7876724482879 165.2626431035411 123.03359507531744 -272.3234878518421 -1024.7607754565008 160.5437885049759 106.74786366095537 -255.78772165097476 -980.853020101952 143.19341863172485 96.18010420752056 -227.8662785989144 -1049.8723748865661 162.9512324453039 140.34836270527916 -262.70805282593176 -1003.3343698898655 163.51598860078838 155.61157370702827 -265.39774794453456 -998.5131026874413 149.11455993982148 118.95290542150111 -278.1148688536426 -1022.2003660273899 143.5078119817355 131.54167726883742 -254.7254261057617 -1006.3639267313024 138.05139982638494 154.13648052731497 -270.09785382092304 -1004.3911538653072 169.73221436768233 95.57893582560158 -257.49162996461126 -1021.7343031066343 168.260547899283 124.72092500628784 -240.67201996920397 -1062.3182023905672 171.5169998827618 124.33316671363558 -247.1794713953137 -1044.7538545090435 151.72146191563286 100.25091053675094 -239.14690536541542 -1045.3029982068056 147.6544221607497 133.77117148668074 -261.7953431617376 -1024.7998836750608 176.94301795381605 101.10757197485552 -255.580188147059 -1042.9622201370626 174.05815882964407 108.4328104993131 -261.7948850270874 -977.490422464464 152.42043127851917 127.23068922111437 -256.94743794402206 -1038.2905330550093 148.1592345812841 98.80585685664114 -233.80768869618694 -1039.952396642433 169.58366104807928 132.31296217103457 -281.6230195371574 -1056.8172320220624 156.9588539488628 104.64079398455756 -222.2372184293259 -1036.9281214405828 162.27651698640287 100.40542418985268 -250.4371092230476 -1024.128562809154 152.32934467050933 88.3869501912904 -251.46744141306124 -1054.5238696164004 170.5727199965251 144.2937447622091 -254.45523141508323 -1034.1652934629235 165.82154857180112 100.39635750832595 -225.58769563294533 -1008.842199839142 141.98241438285692 119.81470111431811 -259.9980709773275 -977.8636144000313 161.8299912246046 97.6999195559843 -244.87109902699555 -1011.3989603006057 169.3927298528072 150.51961206774143 -273.38439899185346 -983.0227945178209 135.49882085496748 102.5080540633232 -261.42371375519474 -982.8761764485662 149.55128849161997
170.00481936745558 1.7582782280750286 1.75827822807487 1.758278228075076 1.7582782280749136 1.7582782280750762 0.0 3.624783426788629 5.274834684225178 0.8791391140375301 1.758278228074826 0.8791391140374895 0.8791391140374868 0.8791391140374691 1.7582782280749116 0.8791391140375235 0.8791391140375454 2.4865809165690673 0.8791391140375304 1.75827822807508 1.7582782280749072 1.7582782280750644 1.7582782280750386 3.624783426788621 0.8791391140375042 0.8791391140375633 2.486580916569198 3.6247834267885786 1.7582782280748168 1.9658148206668073 1.7582782280751525 0.8791391140374896 0.8791391140375319 0.8791391140375017 0.8791391140374943 1.9658148206669068 0.8791391140374911 1.7582782280750486 1.7582782280751956 1.758278228074999 0.8791391140375119 1.7582782280750366 0.879139114037478 1.7582782280750462 1.7582782280751568 0.8791391140375288 3.6247834267888233 3.6247834267886123 1.9658148206669983 1.9658148206668264 1.9658148206669979 0.8791391140375547 1.7582782280749747 0.8791391140374993 0.0 1.758278228075061 1.7582782280747333 3.6247834267885826 1.9658148206669053 0.8791391140374681 2.486580916569267 3.6247834267886145 0.8791391140375975 3.6247834267885914 0.8791391140375132 0.0 0.8791391140376013 0.8791391140375059 3.6247834267882535 1.7582782280750586 1.965814820666582 2.4865809165690416 2.486580916569253 0.8791391140375064 0.8791391140375875 1.7582782280750655 1.758278228075054 0.8791391140375324 0.8791391140375293 3.6247834267885812 1.758278228075193 3.624783426788605 3.6247834267884573 1.7582782280750087 0.8791391140375483 0.8791391140375111 0.8791391140375111 1.7582782280750502 1.758278228075104 3.6247834267886097 0.8791391140375593 2.4865809165689945 2.4865809165688306 1.7582782280750362 0.8791391140375581 1.7582782280749887 1.7582782280749891 3.6247834267885897 1.758278228074681 1.7582782280750495 0.8791391140374452 0.0 1.7582782280751317 1.7582782280750453 1.7582782280753 1.758278228075021 1.9658148206668125 0.8791391140375524 1.758278228074949 3.6247834267885914 1.9658148206667674 0.8791391140375713 1.7582782280748905 1.7582782280749845 1.7582782280751676 1.9658148206668344 0.879139114037478 1.7582782280749805 1.7582782280748726 2.4865809165690296 0.8791391140374422 2.4865809165690878 1.7582782280753255 3.6247834267886314 1.7582782280749525 3.6247834267885723 1.7582782280752798 1.758278228075064 1.758278228075077 0.8791391140375756 0.8791391140375193 3.6247834267885914 1.7582782280750444 1.9658148206668078 1.7582782280749742 1.7582782280750122 0.8791391140374313 1.7582782280750644 1.7582782280752027 3.6247834267886474 1.7582782280749165 135.69295549783791 -279.72761657538956 -1026.9533643420095 148.71974827609964 85.6607812751567 -223.54969327901023 -1048.4976646123794 167.20842884023145 113.07551365319517 -236.89498753758113 -1041.2012658040696 174.8544124525305 105.88459867157756 -231.37464264343228 -1064.9919384880686 169.75531183991947 150.36857865952936 -257.77457979445035 -1070.9039875142716 169.00192766856554 145.763414592581 -264.93068046462025 -1006.316885694759 159.15806790608823 124.65719485027854 -259.6285599762836 -1029.5872111450883 166.56262952073538 113.8404386855727 -252.04049978744894 -1012.3772049202138 156.40146492463384 104.92942577191452 -248.2388604410259 -1004.2391998263332 154.0201511900078 130.34446376787835 -272.67315171785157 -1022.2347359269103 175.09552339126887 119.28758658877456 -232.55136678959047 -990.8780839214105 142.48055313743095 100.61404387560765 -242.30579177778228 -1034.7031506410592 159.01081371117832 140.4120611596248 -276.9532136199857 -1012.3448808426643 147.60081810580382 146.18328984380653 -251.99342657005033 -1034.3102278110282 152.48330009051367 128.92847972527892 -245.82858102428594 -993.6684272314293 135.10013833581127 148.17811395033763 -288.4737188675027 -1035.1379209491693 170.51248926188512 99.66120044949787 -228.680353871774 -995.9278552712569 153.36758953241574 112.53569494878738 -269.1887531865477 -1021.3323165626495 163.74184242578218 105.29148555683737 -224.66303034289422 -1002.6314475390004 139.88159881642815 106.66079477423212 -264.0165993353953 -1044.4121184617302 159.2606782449407 86.94684278863443 -241.35235731351088 -1008.1857923565439 150.88642443084808 91.33406589345465 -247.30984528565878 -999.6116592400238 164.92804607854222 124.2412264033379 -266.05915783447045 -1057.1814758438486 161.88766803113498 100.26604834077104 -236.5928584121174 -1001.2973314051644 169.33166872109933 127.6253432312609 -283.8330466220836 -1033.3588974325592 144.67577331545064 118.28556864577617 -248.4986564920052 -1017.9744558720072 140.98397584158337 140.37775801865482 -267.45771259583853 -1052.6165552460038 172.15178624706164 131.92386294493454 -242.3788550468631 -1068.2622361599038 163.3774313525257 111.81112741650865 -226.19054078345354 -1000.2044587394049 160.36059060734496 114.23297364988682 -265.0084160578168 -1028.3780853069356 173.67234598633897 138.38674537989286 -246.41615195744743 -1073.68424212651 173.49459324600733 87.71734418086679 -219.49198624890784 -989.7327118780687 159.7754545913524 133.91672720346693 -251.7728435207115 -992.1151035202612 149.0036371808311 152.14252851393633 -282.0839497884956 -1057.394617728343 155.1831831891357 115.43430027539468 -242.63200778762277 -1058.980385185153 175.64896364013157 111.03523557501696 -258.3250379139998 -1062.4361739106826 165.5222434662815 131.6531973878908 -268.27071515539836 -1020.8729353267875 156.5016802457237 108.09912850528511 -242.48975837614083 -1014.7426207174025 164.17922751828235 106.86611800601482 -237.25190836169048 -998.8535236614431 144.65085566562834 112.32341938303668 -231.36843638269534 -1018.0244574793937 151.71328625094495 125.38093303391767 -238.63247563815568 -1051.6055334730747 157.84613912724467 123.15323141420288 -277.7053273745687 -1042.0547588321147 153.60428972567695 159.47030156220288 -264.7611425719554 -987.681014624311 165.7442442344053 120.88804457439863 -271.91338386872997 -1027.187645931471 160.90925458277607 103.26661091729616 -252.2837207986852 -983.6930706480146 143.91578088377545 92.21553385494214 -225.01234695347475 -1053.0652589438419 164.26756949203505 138.79831549896645 -261.5172975328262 -1006.8283391748754 163.64890820431893 151.83884558733706 -263.0881689900463 -1000.4666373003258 149.3595437241479 116.2925913858961 -275.1616076572227 -1025.1607802298745 143.75702351512848 129.3019343372869 -253.63725311954755 -1009.3243496216149 138.3005534830588 152.52965269787884 -269.77708262326223 -1008.1861569685989 168.68182149675593 91.99320452122815 -253.31212440009986 -1024.4538654968837 169.4564339841086 119.68678430174947 -238.4349306512328 -1066.2770996942386 173.78419589987647 122.91481794087684 -245.81300094913013 -1049.6033964426333 153.45929557755844 93.97097861614503 -236.9732846323965 -1048.7885704756638 149.8011779865949 131.204509737938 -259.52263547023045 -1028.6467470186087 177.66976417027126 97.92935074218576 -254.12712948131391 -1047.876168785909 174.5524543750248 104.96400523398417 -258.27809089367486 -980.3304501798401 153.14277750149316 123.33998319488155 -253.99374369640057 -1040.596973330651 148.99804003436023 95.53372076081126 -230.82435482592763 -1043.919684806714 169.8370958913568 129.45883956535016 -279.731103228716 -1061.8992422061367 159.76378606903415 99.07019828610434 -219.10589373916264 -1042.2551870167574 163.12789904050365 97.84630315181323 -247.32990917414122 -1027.381669560406 153.4089889577303 85.66678105371903 -248.57084223346763 -1059.3776030966803 171.3036863816182 140.50859831460662 -252.16778689937976 -1037.5990365153555 166.1912130471722 95.90050612443224 -222.63826837803788 -1012.5084476131457 143.41909128487526 116.4542740064277 -257.157716919186 -980.7036352402276 162.55238310659848 93.76555670406151 -241.98127654512606 -1014.8243446041226 171.77610539695337 147.19713467487816 -270.4955424863999 -985.5700893964008 135.39076867537156 99.76736631738089 -259.3763635606473 -985.3030729305198 149.9166150426878
180.00481936745558 1.7582782280749472 2.486580916568861 1.7582782280750666 1.7582782280752736 2.486580916569054 3.6247834267886776 1.758278228075055 2.4865809165689345 1.7582782280750764 1.7582782280749245 0.8791391140375497 1.7582782280748788 0.8791391140375073 1.758278228074872 1.758278228075005 0.8791391140375283 1.7582782280750262 0.879139114037579 0.8791391140374079 1.7582782280751195 0.8791391140375079 1.758278228075212 1.7582782280750227 0.8791391140375533 1.7582782280750275 3.6247834267886123 0.0 3.624783426788358 1.965814820666818 0.8791391140374688 0.8791391140375537 3.6247834267884618 1.7582782280750464 0.8791391140374963 1.9658148206668797 0.8791391140375272 1.7582782280750437 0.8791391140376031 1.7582782280750302 1.7582782280749227 0.8791391140375531 1.758278228074888 1.7582782280750102 0.8791391140374345 1.7582782280749922 1.9658148206671227 2.4865809165690838 1.9658148206670119 0.8791391140375198 1.9658148206669444 1.7582782280750164 0.8791391140375237 1.7582782280750557 2.4865809165692543 2.7800819805010764 1.965814820666554 0.0 1.7582782280751832 1.7582782280749962 1.7582782280749811 1.9658148206668165 1.2307947596524855 1.758278228075047 0.8791391140375225 2.486580916569031 1.7582782280750668 0.8791391140374344 1.7582782280749767 1.7582782280750036 1.7582782280751248 0.8791391140375391 1.9658148206667065 0.8791391140375319 1.7582782280748779 1.7582782280750213 0.8791391140374993 3.624783426788593 0.8791391140375013 0.8791391140375402 1.7582782280748857 1.7582782280750573 3.6247834267884387 1.7582782280750713 1.584890576964391 0.8791391140376043 1.7582782280749962 0.8791391140374984 1.7582782280751628 2.48658091656899 1.7582782280749425 1.9658148206668729 0.8791391140375401 1.7582782280750269 1.7582782280749816 3.6247834267885746 0.8791391140374228 1.9658148206668233 2.486580916569102 0.8791391140375364 1.7582782280750786 1.7582782280750484 1.758278228075138 3.6247834267885906 0.879139114037405 1.7582782280750044 2.4865809165689146 1.758278228075014 3.624783426788745 2.486580916568992 3.6247834267883765 1.7582782280749678 1.7582782280750624 3.624783426788629 3.624783426788991 0.0 0.8791391140375059 0.879139114037498 1.9658148206666881 3.6247834267885795 1.758278228075013 1.7582782280750116 2.4865809165691886 1.7582782280750007 1.7582782280747113 0.8791391140374913 1.7582782280751086 1.9658148206668604 0.879139114037574 0.8791391140375421 2.486580916568732 0.8791391140375483 1.758278228075091 0.8791391140374913 1.7582782280750167 1.758278228074994 0.879139114037462 1.7582782280750877 0.8791391140375011 0.0 1.7582782280750893 133.60244959299752 -278.44510707774356 -1029.2593582759293 149.5590892261409 81.66020736956555 -221.5864676428273 -1052.3393644037158 167.9541447864234 108.21375819831337 -234.85827771870686 -1045.6979274221787 175.00941290335268 102.32241590644006 -228.7992165801266 -1070.78246853212 171.61594539057435 148.62494051246273 -255.2251365138992 -1075.6538616880323 169.87577360274557 143.96807167216954 -263.2570364235286 -1009.7506321482066 159.52777852516104 122.3085872567743 -257.87615488020015 -1032.8397845809109 167.6454286653992 110.69515821081448 -249.72240799363962 -1015.0449715500405 155.82037639791133 102.42207023086154 -246.70654178546673 -1007.0792048979965 154.74269947506548 128.00534378431587 -270.9071420966711 -1025.547796570907 175.9391886728101 117.99685452285028 -231.0047461413602 -994.1312088485719 143.56014349791292 97.73906885576439 -239.61459532738664 -1036.7179615638042 159.02079220558238 138.37787600909505 -274.78894296880674 -1016.13140915179 148.5644291201805 143.84509766755156 -250.22887637309827 -1037.8036794029672 152.61985676116677 126.43107090403713 -244.2759390810611 -995.0282242195767 135.69805914512844 146.03431757319214 -288.0560366122193 -1038.3886320689514 171.59777966264627 95.95224648315605 -226.30950888534397 -998.7678423422713 154.09011073348248 109.00459338568868 -266.56206730549144 -1024.6453889988386 164.58506609578245 102.23396634780539 -223.05943944535497 -1003.9912293560553 140.4795193016695 103.95038207445549 -261.1071827108337 -1048.380075812165 159.52503725599237 84.85223643077912 -239.24591578348955 -1012.0928447563813 151.37658602107038 87.63036550744498 -244.92914453972207 -1001.2122904334244 164.5793230334091 121.84564808074607 -265.1811305398802 -1062.7905282938084 163.12208350093144 96.02181912679693 -234.12546557489293 -1003.9650562293948 168.75048595808502 124.90447720356327 -281.76359169310865 -1036.1374076501504 145.63690833914393 114.89042337962125 -245.69262617311676 -1022.2345229170024 142.0682285047527 136.67412871667085 -265.875493894035 -1057.4661641522114 172.90744798232438 127.37190093675109 -239.90993030351817 -1071.8238534650382 165.12428502846223 109.18540888025136 -223.98784974094542 -1002.8119465315657 160.01610970381233 112.95067966630775 -263.4501588778943 -1031.8729731979195 173.80683635010848 134.08336221440229 -243.19700739182412 -1079.0613342489987 174.6605037120598 83.32597651959915 -216.64830051240156 -992.6931224838746 160.02462519979517 131.0332508750331 -249.92312285389895 -995.0153170628249 149.48948079277253 150.29367604951966 -281.2807188464231 -1061.3554518697713 155.46132731121773 112.28387181905043 -240.32488605740133 -1064.5682574058992 175.6288898240772 108.92626437065353 -257.07234956407245 -1066.5491935822326 167.1285457495466 129.074935556603 -266.0127337714097 -1022.7662852019595 156.983894422703 105.98202417233654 -241.2479305441637 -1016.7562901155178 164.18768437739362 101.29795264647639 -234.11485852626922 -1000.8672825057741 144.65919327297155 110.34750052131125 -229.93229941025936 -1021.8110314382218 152.6770048970799 121.8001956286239 -236.903774566422 -1056.8447991369515 160.97803799332323 119.88673211324677 -275.5488124121985 -1045.0791452791452 153.11835149077828 157.82654749049132 -262.88804610107354 -990.4089479978865 164.92633784089332 118.59121255531588 -269.27396237599066 -1029.6141333464732 161.27585133356973 100.50504172523638 -250.26689873626003 -986.119957185559 144.28117267675384 87.96083196512747 -222.56480559252134 -1056.8490318364604 165.24352781001923 136.70265100372572 -260.24012750651474 -1009.2552048270823 164.0144419739695 150.82011146885597 -262.0070658372234 -1002.3599589696879 149.84121785086913 112.91646397696248 -272.33291903029277 -1028.7061387197355 145.66758579908168 125.586839462485 -252.08554033464526 -1013.343454499115 140.33110476625566 149.81324307997338 -267.7008154860927 -1011.267018123325 168.45788753052918 88.8335301916865 -251.01062570112117 -1026.8203597562094 170.05875736719113 115.11583871895722 -235.99310540954002 -1071.8854972000552 175.38378959958735 119.23028210273249 -243.39932058169614 -1055.3836581652902 156.46888971398357 89.21685435998508 -233.54518454785978 -1051.6740843369578 152.3119045439306 128.029611550319 -258.05756685785826 -1032.614649723255 177.9246242727107 94.26974362539083 -250.85699558974582 -1052.5444139884476 175.01676076002443 101.95736393313264 -255.76855059087677 -982.7573359471002 153.50816140752835 119.66595117444533 -251.56759411871366 -1043.0236490805232 149.36572772496314 91.42602502846813 -228.17011431059174 -1046.8176649284374 170.33024137908012 127.17604948924073 -277.0836923558969 -1066.8624551703986 160.0931694019175 96.68941919073757 -217.39693926086662 -1045.275373222382 163.1473265764274 94.65116127017637 -245.9100901494604 -1031.1680398448248 154.37349631525046 81.74096065370053 -244.83082392015578 -1063.8780525285545 171.48060782144157 137.53324267267905 -249.6231916380517 -1039.6140092443293 166.20429779293926 92.92521259486357 -220.5021645283558 -1016.2347781696283 144.6193954526092 114.78124648571333 -255.3139093288672 -983.250922116265 162.44445325082353 91.02833532308597 -239.09951213272905 -1018.3183298355518 171.909524081622 143.94335756365427 -268.31933025760077 -987.4634377619944 135.87240704735072 96.86550995074974 -257.5501070621571 -988.0226660280277 151.11243458625765
190.00481936745558 1.7582782280750262 0.8791391140374105 1.758278228075008 1.7582782280752214 0.8791391140375597 1.96581482066685 1.7582782280750242 1.758278228075279 0.8791391140374978 2.7800819805009636 0.8791391140374553 1.7582782280752354 1.758278228075017 0.8791391140375727 1.7582782280750313 0.8791391140374946 1.7582782280750027 0.8791391140375232 0.8791391140374568 0.8791391140375391 1.75827822807504 1.7582782280749298 0.8791391140375198 0.8791391140375173 0.879139114037569 1.7582782280748581 0.8791391140375194 1.7582782280747868 3.6247834267885777 0.8791391140375093 0.0 0.8791391140375149 1.758278228075017 0.8791391140375897 3.6247834267886114 1.7582782280751044 0.8791391140374843 1.758278228075137 1.7582782280750724 1.7582782280751217 1.7582782280750042 1.7582782280751126 0.8791391140375179 1.7582782280749736 1.758278228074994 0.0 3.6247834267886394 0.879139114037466 1.965814820666762 0.0 0.8791391140375518 2.4865809165693737 1.758278228074995 1.9658148206665766 1.7582782280750253 1.7582782280749145 1.7582782280750393 1.7582782280751235 0.8791391140374764 1.7582782280748992 0.8791391140375319 3.6247834267885346 0.0 1.7582782280749154 1.758278228075051 1.9658148206666979 0.8791391140374802 1.965814820666908 3.6247834267886065 2.4865809165688915 1.7582782280750309 3.6247834267886123 0.8791391140374896 0.8791391140374568 1.7582782280749951 0.879139114037463 1.7582782280750417 1.7582782280748965 1.9658148206668193 1.7582782280748812 0.8791391140375283 1.965814820666634 1.7582782280750415 1.7582782280747802 1.7582782280750913 2.48658091656898 1.7582782280750275 0.8791391140374124 1.965814820666836 1.7582782280748497 1.7582782280750435 1.7582782280752287 0.8791391140374577 0.8791391140374912 0.879139114037592 1.758278228074867 1.7582782280749962 1.7582782280751934 0.8791391140375319 1.9658148206667645 1.7582782280750506 0.879139114037579 1.965814820666818 0.8791391140375642 2.4865809165690096 1.758278228074978 1.7582782280750024 1.7582782280747553 3.6247834267885963 1.9658148206666575 0.8791391140375241 3.6247834267883947 1.7582782280750398 1.9658148206666262 1.965814820666858 0.8791391140374956 1.758278228075059 0.8791391140374573 3.6247834267885675 0.8791391140375245 1.7582782280750822 3.6247834267885795 0.0 0.8791391140375545 1.7582782280750267 1.7582782280746454 1.965814820666854 2.4865809165692943 1.7582782280750207 0.8791391140373599 1.7582782280750366 0.8791391140375668 0.8791391140375109 1.7582782280748954 2.486580916569086 1.7582782280750267 1.7582782280749403 1.758278228074884 0.8791391140375286 0.879139114037545 130.22585584580082 -275.6188642457892 -1033.0436774478287 150.54601942305166 77.82572833731513 -218.5510899032681 -1055.88708990919 169.75608684248704 104.47431902820003 -233.36472712687942 -1050.6502892832682 175.4193402672914 100.22778600085162 -226.69230666079508 -1076.634281005522 174.11923439975632 146.02825145681078 -252.98474399433576 -1081.1188124615157 171.92312089462462 141.91472855005273 -261.11037369993375 -1012.7100160672996 159.78288682080068 119.01457049129723 -255.76076200897475 -1035.140398931925 168.5011130424198 107.78543146666487 -247.90984132988083 -1018.705564951478 157.26786001574632 99.57432558605372 -243.14240637306855 -1010.0397517943462 154.99594838496932 125.4037887033632 -268.67564844038276 -1026.8402666653988 176.78289317921914 114.11629350162613 -229.70331016413942 -998.0379100757382 144.05212930551457 94.82150903894568 -237.81507023845646 -1037.5353896261329 159.7401026808291 136.56914624896527 -273.1294396000468 -1020.9841006843138 149.30794246516857 140.1684430191971 -247.8073703955854 -1041.1000055830061 153.50994684635614 123.77582523865048 -242.94214232262308 -997.2738001168658 136.77426212354368 144.86713962276627 -287.17324791903303 -1041.752722959665 172.25344483077444 92.77698737665925 -224.03252193922228 -1000.9027337051101 153.6260905493925 105.20638860109156 -263.48606203681226 -1028.48615496342 165.33759809547064 97.6971073186351 -221.0053135663105 -1007.3644872461077 141.08840109539946 101.65097276810195 -257.6255767148302 -1051.323338394348 159.86212285272174 81.93194556441824 -237.45136177315518 -1015.2831406381192 152.69889246348285 85.50606127892642 -243.7016754608152 -1002.097822951596 165.058597375714 118.65873402019113 -263.74365326795834 -1066.8452914255272 164.87945630318598 91.4849834972339 -232.06778177931682 -1007.2772382959025 169.59614212783836 122.59875417975073 -279.13386736613285 -1039.0388365401639 146.14965792698092 112.51939828945841 -243.96920708337285 -1024.1274005894218 142.56123669681506 134.6150015386432 -263.73428096916655 -1062.4949102130638 173.17512297161167 125.04553951014775 -237.3037835819753 -1076.3018913506357 167.1425715359078 104.22152905753906 -222.52379576181704 -1005.5301573839506 161.21694542530358 111.62408384398474 -262.78370959022595 -1034.455047027792 175.5006301532064 131.53660196509242 -242.53769035024254 -1083.2694796660514 178.09563414952746 79.72631857401589 -213.7897514524211 -995.5329078139575 160.74866273157403 128.2355874087976 -248.7800953118805 -997.4419899448562 149.8557406006329 149.5676209092576 -279.81203196411195 -1065.2157313210973 156.12626895026565 109.80058917840455 -237.92475377898526 -1067.529622198316 177.60632771278355 106.55622698358776 -255.35064588679916 -1072.22006135356 169.47127862549 127.25848847575628 -264.36284236376525 -1026.9614921772009 158.32599426122312 104.39815294711093 -240.10533271082065 -1019.3049224852375 164.0866952779117 97.84139367756315 -232.2281384816007 -1005.3070734859737 145.03613820793868 107.03363019031805 -227.84758014320659 -1024.4652084812537 154.11908698812346 117.81273195081285 -234.91193477117588 -1060.5885712044012 162.09029078092524 116.2064703706167 -273.1374355307317 -1051.0142591553374 155.50664921273645 155.77692685342285 -260.7391531726686 -993.6010696558631 166.24433114863675 116.87395276108028 -268.31412289983587 -1032.3252845528589 162.49355641967452 97.37042277075622 -247.09978952790007 -989.9065316584661 145.24540876620682 84.10054011735932 -220.40656050014692 -1060.1970013650634 166.0035885346807 134.10248588893174 -258.0093200274609 -1012.0932947120731 164.7403384873628 148.96655277978368 -261.22616179152647 -1007.213021802152 150.57683053847424 109.80850386997358 -269.1462809466962 -1032.0754841239407 146.2945494510809 123.47363937349702 -250.8404805793656 -1016.1817425223649 141.0586098122031 147.76460771089958 -265.55070553992886 -1015.5839740097975 169.31555602769077 86.70871033346396 -249.77940713679905 -1028.463268817551 171.49358372903603 110.95983247167732 -232.98556732171423 -1075.6161562269 178.00228042726965 117.00241514926547 -241.47927423475767 -1059.5355259098653 157.9252020329887 84.08168594899551 -231.06577986426146 -1055.0958403219436 152.75787993160176 126.16824024933463 -257.2941795323438 -1036.671826168868 179.77610796015742 92.06858374910307 -248.06387239989903 -1057.9671091753219 175.62223357802034 99.11317002130674 -252.2022912708983 -985.0032782480836 154.5837994492912 117.01035046952047 -250.2312645996349 -1046.2001800785013 150.73768313980278 87.42540654164897 -226.20487161981833 -1048.5602531326383 171.32760893807594 122.71436679613755 -274.077261789379 -1071.2888949158473 162.26768846691695 93.22821987193518 -215.5189631007775 -1047.2881327114806 163.20315089611353 91.94231920871482 -242.1518963149478 -1034.5382293928278 155.0041081205143 79.10675195055892 -242.63753268163785 -1069.2274382842963 172.41093761395635 133.91056854480482 -248.7740448458919 -1042.437793422366 166.9814276081541 89.06662726890208 -218.34044289525283 -1019.0729802155382 145.34825323651438 112.26998423367539 -253.78434380624867 -987.691436934773 162.81964477432834 87.60000461244516 -236.3363170726045 -1020.3749675773211 173.7035688436682 142.32931372247162 -268.0281461176297 -989.7698450615461 136.71198386875685 94.63553549731257 -255.63346273213648 -990.8623488196657 151.8356443164068
200.00481936745558 1.7582782280750755 1.758278228074739 0.0 1.7582782280751639 1.7582782280749951 3.624783426788406 3.6247834267886057 1.965814820666711 1.758278228075006 3.62478342678878 0.879139114037553 0.8791391140374497 1.7582782280750255 1.7582782280753364 1.758278228075 1.7582782280751634 2.486580916569018 0.8791391140375341 0.8791391140375183 1.7582782280751457 0.8791391140375094 0.8791391140375392 0.8791391140375274 2.486580916568776 1.7582782280750495 1.758278228075236 1.9658148206667765 1.758278228074898 0.8791391140375253 0.879139114037552 1.7582782280749418 1.7582782280751297 1.7582782280750322 1.7582782280749014 0.8791391140376091 1.7582782280753375 3.6247834267886003 0.8791391140375079 3.624783426788617 3.624783426788275 1.7582782280750442 1.75827822807501 0.8791391140375613 0.8791391140374838 1.7582782280750346 2.637417342112716 1.9658148206668014 1.758278228074841 1.75827822807496 0.0 0.879139114037507 0.8791391140376029 0.8791391140375332 0.8791391140376367 1.7582782280750646 2.4865809165693977 1.965814820666823 1.7582782280751945 3.6247834267886736 1.9658148206670572 0.8791391140375341 3.6247834267884147 0.0 0.8791391140375147 0.8791391140375082 1.7582782280750457 0.8791391140374708 3.6247834267889174 1.7582782280750426 1.9658148206666615 1.7582782280750469 5.274834684225109 0.8791391140374507 2.486580916568942 0.8791391140374928 0.8791391140375369 1.7582782280750064 1.758278228074904 1.7582782280750298 3.6247834267886634 2.4865809165690296 2.4865809165691855 0.8791391140375033 0.0 1.7582782280750249 1.7582782280748352 0.8791391140374539 2.486580916569392 3.6247834267885866 0.8791391140375111 3.6247834267886163 3.624783426788713 0.8791391140374581 1.7582782280750051 0.8791391140375261 0.8791391140374393 1.9658148206669193 0.8791391140374888 1.7582782280750207 1.758278228074936 0.8791391140375882 1.758278228074918 1.758278228074996 1.7582782280753142 1.9658148206668105 2.486580916568984 3.6247834267885777 1.9658148206670292 3.624783426788625 1.965814820666418 1.7582782280749727 1.9658148206664456 1.7582782280750167 0.0 1.758278228075019 0.8791391140375004 2.486580916569063 2.486580916569402 2.486580916569056 1.758278228074803 1.7582782280750662 3.624783426788613 3.624783426788629 1.7582782280752205 0.8791391140375014 0.8791391140374973 1.758278228074986 2.7800819805010732 1.7582782280749758 0.8791391140373658 3.6247834267885857 1.758278228074922 1.7582782280750284 1.7582782280750433 0.8791391140374911 1.7582782280749734 0.8791391140375148 1.7582782280750582 2.4865809165690154 2.4865809165689825 128.1531322099299 -273.49214402633714 -1036.387950220693 151.26378131522966 74.344514579575 -216.71073671965956 -1058.420142995803 169.86749002099296 101.58151872629385 -230.69308904350035 -1053.9590886428637 176.30877209157242 96.7633721042863 -224.82262604470878 -1079.8220802779185 176.5674088199612 143.37335956919702 -251.64625287781735 -1085.7089592394475 174.77137362095945 138.80595167211644 -257.9159424290253 -1015.6017650146484 160.30175384137954 116.53278153730791 -253.3597754570973 -1038.2146259698836 170.16456751859837 106.23055251020126 -245.88787120454901 -1022.4686802411184 158.31355386761481 97.87340370718897 -241.32433308142987 -1011.4592495174023 155.37173350282478 123.93188211532613 -268.2047555104436 -1030.9475111641525 176.68351274748437 110.7717231949762 -228.5025642344914 -1000.2162314616093 145.37477043841574 93.40314103483276 -235.60207832983548 -1039.8054256781063 160.68287815820958 134.20874582098114 -271.3937555211893 -1026.1623875337943 150.73289295157105 137.5115251696909 -246.4741431592574 -1044.1063509617568 153.6685634502325 121.14634979604347 -240.74163234485073 -999.9874265719974 137.9773372098862 142.854253274545 -284.1554118242222 -1045.7237814194089 172.73194150049451 90.12853120092868 -221.8560363538254 -1003.6183413318341 154.84037659703466 103.15086286022634 -260.4936222717073 -1031.1782532660359 166.60497920921568 93.97153314178355 -218.65974600886074 -1009.6632740338782 141.94383465932427 97.82864921552324 -254.57586625019658 -1055.6325752572493 162.3273335551856 79.54390190453017 -235.75414445529668 -1019.5267841239618 153.83711996950976 81.24855725749435 -241.26190344547294 -1003.5753001238471 165.19275315282883 117.07775503258235 -262.5967264916838 -1071.635013087019 168.04435649718286 87.36307114393635 -229.43249744443625 -1010.234286892544 169.87652638568363 122.14150305163162 -277.2823969443243 -1041.929781521244 146.7627195264888 110.14189336122249 -242.25817515487302 -1026.887589390866 143.56935982849555 132.50012432680722 -262.4877874112781 -1066.432666059429 173.89825435351014 122.09730039931978 -236.38105529065172 -1081.9973383998686 168.73191069933767 100.35950377188405 -220.37173245547586 -1007.9553455446833 161.6052148802067 108.77696051657374 -259.2178432994928 -1038.0105124324652 175.5396140371316 129.1287343590666 -241.69701209829233 -1087.4723538522612 180.70195282593102 75.96377562774484 -212.35498382890893 -997.3005663264169 161.71289553414493 124.92939934677678 -246.68012803479203 -999.8063543070336 150.46767016104403 147.806901474609 -279.72292695478194 -1069.3805636601148 158.9357780690739 106.88002780807483 -236.1284330923148 -1072.879649622225 178.7162346492406 103.92469707467608 -253.1560873345954 -1078.5310928855758 172.0811977495936 125.67976969446224 -263.2092694088246 -1030.7130343492981 159.3892387367499 102.66864993862868 -239.16449480937277 -1021.8595635532605 164.0302372415361 94.37850352948061 -230.35463619572715 -1008.4277303475328 146.61344829734787 103.57060951973978 -225.97297145636747 -1027.8220672826294 154.80458827242947 115.68870168771913 -233.6855085873122 -1065.994352176909 164.28882995007368 112.90618532904243 -271.034061041978 -1053.4176149978987 157.5455722177601 154.45469821582384 -260.0669136385949 -996.438589314738 166.9850347343491 113.21084276365998 -265.04806837416487 -1035.613252555448 163.45320236791054 92.89059832945858 -243.2901095604129 -992.8670180121123 145.50192228633827 81.04271825947515 -217.96123582465307 -1065.1421620437732 168.0826002122302 131.7015308471058 -257.16009796488487 -1015.8667497585715 165.7570333191153 145.82141608967513 -258.9059860434676 -1007.6210871858807 150.9372469031098 106.13958641374573 -265.88456916124653 -1034.3502734430188 147.2015068038178 119.23056077834612 -248.37106850148712 -1018.5391054750847 141.69008013309022 146.19252676918617 -264.38744742096566 -1018.9478484192731 169.99402613117687 83.42031277828724 -246.8224098817804 -1030.8781277358794 171.93985481281865 108.29212031808689 -231.67443856333526 -1079.5775546516081 181.06985569621023 114.11696857154949 -238.7996670120088 -1063.137745860521 159.43842987088408 79.4615712234185 -226.60163093572143 -1058.331124598171 155.35240255727427 124.30091905556645 -256.5392226822082 -1040.7639846833465 179.7552652048065 88.12751970666665 -244.339243791832 -1061.3656134493415 176.33344371616997 96.47953715598791 -250.00999693322976 -987.9009943845145 155.07629174397286 113.01897876794133 -248.24922282512486 -1049.2204694472796 150.91986557565122 85.05639171998767 -223.63188216023326 -1051.56725656167 171.56586175410135 119.85070842744172 -271.37736157458954 -1075.906039853548 165.19032844320435 89.23755619193224 -212.70292754842103 -1049.6908235642857 163.72699330120912 89.36362290383127 -238.20383657413595 -1037.961026597149 155.48396612795813 74.73236743093842 -239.5207215069416 -1072.4305964896744 172.94940318643995 131.25354570033275 -247.4461504515333 -1043.6132113795843 168.1083704041375 85.87197624682742 -216.0905488999168 -1022.8418275816099 146.37317660107388 109.75167404335255 -252.26759734973461 -989.8728255666786 164.14173264880054 83.92989876473635 -232.22645727407436 -1023.2013239438396 174.49248003045668 140.25973538950845 -265.8933367303914 -991.9517281975573 138.0299191524088 91.5738674397524 -254.03753983210663 -992.8767739601435 151.8528551620636
210.00481936745558 1.758278228074968 3.6247834267885035 3.6247834267885986 1.9658148206669683 1.7582782280750147 1.965814820666858 1.7582782280750213 1.7582782280750475 1.9658148206668629 0.0 1.7582782280749722 1.7582782280749214 1.9658148206668329 1.7582782280752058 1.7582782280749947 1.7582782280752567 1.7582782280750038 1.758278228075014 1.7582782280749902 3.6247834267883565 1.965814820666834 1.7582782280748872 1.7582782280750011 1.7582782280752458 1.758278228075006 1.7582782280748446 1.9658148206668133 1.75827822807519 0.8791391140375366 0.8791391140374333 0.8791391140375532 0.8791391140374212 0.0 0.8791391140374883 0.8791391140374679 0.8791391140375786 0.8791391140375293 0.8791391140375613 1.7582782280750389 0.8791391140377209 0.8791391140374771 0.8791391140375509 1.7582782280749838 0.8791391140375661 0.8791391140375047 1.7582782280749838 1.758278228075007 0.8791391140375369 0.8791391140374819 0.0 1.758278228075012 1.7582782280750746 0.8791391140375746 1.7582782280749099 1.758278228075032 1.7582782280750566 0.0 1.7582782280752007 3.6247834267886634 0.0 1.7582782280750215 1.2307947596527566 1.965814820666827 1.7582782280751779 1.7582782280749902 1.758278228074926 1.7582782280750133 1.9658148206668298 3.6247834267885923 1.758278228075405 1.7582782280750546 1.96581482066668 1.7582782280750306 1.7582782280751372 3.6247834267885892 1.758278228074831 1.7582782280750717 3.6247834267886914 3.6247834267885954 1.9658148206666342 1.7582782280750267 1.758278228074717 1.9658148206668564 1.9658148206666282 1.7582782280749887 1.758278228075051 1.7582782280750746 1.7582782280748002 1.9658148206668238 0.8791391140375012 3.6247834267886123 3.624783426788279 0.8791391140375149 0.879139114037574 0.8791391140375665 1.7582782280750362 1.7582782280750777 0.8791391140373823 0.8791391140375074 0.879139114037433 0.8791391140374163 1.9658148206670216 1.965814820666796 0.8791391140375275 1.758278228075046 3.6247834267884644 1.9658148206668054 2.486580916569129 0.0 1.7582782280748663 0.8791391140375349 1.7582782280749956 0.8791391140375383 2.4865809165689545 0.8791391140375078 1.7582782280750706 0.8791391140375593 1.758278228075139 1.7582782280750249 0.8791391140373497 0.8791391140375563 0.8791391140374669 0.0 1.7582782280748237 1.7582782280750315 0.8791391140374205 1.7582782280750289 1.7582782280752565 0.8791391140374888 0.8791391140376508 0.8791391140375459 0.0 2.48658091656904 0.0 0.8791391140375435 1.7582782280750735 0.8791391140375469 1.7582782280750167 1.7582782280749891 0.8791391140375298 125.09861124031556 -271.8801640601501 -1038.6366049717751 152.27020883970619 70.59916841220158 -214.39905803266655 -1061.56106755687 171.2489959844821 97.71191749245413 -228.55282093261803 -1057.9706381176545 178.0450100915341 93.4296911147229 -222.7693294349909 -1084.0767589894135 179.97978950912207 141.4313353523284 -249.3333307909746 -1089.439275314304 177.9810693404896 135.92942062910183 -255.22618155160887 -1018.0052835762976 160.76426863665324 114.29433297980125 -251.45302671372454 -1041.033729948429 172.49152144106492 102.76596354663022 -244.015273686993 -1024.5798055791317 159.73211236354365 95.34189449406142 -239.82773891469557 -1014.3478565714414 155.9527963875722 121.0183811057257 -266.4006508883034 -1035.2524256544605 177.64772094194225 108.15312871406657 -225.4432012017248 -1002.4850257127632 144.48401308237067 91.69089693144792 -233.79243218497882 -1044.9278098240482 162.27576057822552 132.05338003456316 -271.0365265737681 -1030.4285659561876 151.82231383577925 134.74030643160822 -244.47437951946407 -1046.14929350967 155.1823592331264 117.68538449596687 -238.86286770345566 -1002.4087009938418 138.38689727167844 142.35493714869438 -283.18480620175444 -1049.4768821303765 173.9009499338478 87.30969528737944 -220.7695447849185 -1005.7660266041421 156.1973753974106 99.7473057246988 -256.8566100608336 -1033.5033141642477 167.34730707656152 90.35426865337008 -217.01025745670228 -1010.2738063604015 143.38610143087243 94.55847699688283 -250.74744596949446 -1057.978954399064 163.01568082829039 77.82836463934315 -233.95035619080394 -1021.2557660262613 154.85877819721836 77.77525085465045 -239.40668205864765 -1006.0014393156534 165.62383434836482 115.8079552679121 -260.1802716829659 -1075.3677417969302 170.9541038497668 85.22658876884107 -228.22641049747727 -1013.0439406294715 170.68429229658724 121.41940205205945 -274.9480938418232 -1043.667045812844 149.1780865890091 106.67808871146917 -240.38694580578888 -1028.2721964373488 144.00625605264324 132.02926743552743 -260.6386942725547 -1070.597365482539 175.3903312375202 119.06143763832254 -233.90819196569987 -1086.395913443533 171.91826412579843 96.650366317869 -217.1562200340928 -1009.8344659430667 162.1609129445112 105.59953130887584 -256.94373409447627 -1041.6874462686847 176.89426726717906 125.8126180009016 -239.61571201759457 -1092.2132358392905 183.9834549459091 72.61550070592932 -209.72703877786395 -999.4392609474226 161.29622233985003 122.51886926001761 -245.85013528365775 -1002.6256322567602 151.25100575610284 145.9820642039087 -278.08321394124624 -1072.0997490314135 162.31152980075353 103.66959697050558 -234.7464214026775 -1076.417997148368 180.3196297345624 100.46077053177983 -251.28291450543037 -1082.6218088870523 174.77529330594407 122.76525178737928 -261.405884973754 -1034.4314007990215 160.60848784423888 99.45767219387649 -237.78240645927204 -1025.1974692574438 164.81931274346894 90.92885459043738 -227.62075187804712 -1011.6485261223476 147.79347016148654 100.00645704681743 -222.55497806368956 -1032.0166582310917 156.13853287097854 112.2510006091087 -230.93344118701233 -1069.694349337357 166.75740437978567 110.05186761488461 -267.475851729866 -1055.6844905758264 158.43084679204313 152.0862927941409 -258.3380732406479 -999.1852096272398 166.22842331335212 110.18065329166194 -262.56856439026893 -1039.148328255584 165.18036368377173 88.24846604693415 -239.70324569426944 -995.4129942168486 145.42912712859902 77.57811867811509 -215.2442684458731 -1067.3235904339501 170.42095542702316 130.1525522206386 -255.13391821831627 -1019.1462194875487 166.73424996853376 143.99093305621483 -257.27081005956603 -1009.9685824100776 151.6055969279869 104.35764037956939 -262.50270130847 -1036.3714866486598 147.31968605330835 116.56533431206758 -247.05971007795927 -1021.3447959272871 142.51676646822878 144.86401190467257 -263.72081920698395 -1023.0700446980892 171.53957058079556 79.4090073358361 -244.88021939294552 -1033.655058233886 172.8765700374703 104.53540160599836 -228.10660343149254 -1083.7422319247435 184.607828389465 110.53749893442196 -236.24785020096954 -1064.8044113455908 161.73168497446724 77.90408676656179 -223.7200962080847 -1060.722375721681 157.1121670682891 122.71412463246816 -255.3972176861826 -1044.4391049822389 181.0894136212786 84.77316246066007 -243.15753747580476 -1064.063067392606 176.24104662987665 93.09274237000191 -245.50147381290196 -990.4465295074898 155.00681146676536 110.09843044351209 -246.456866549464 -1051.175801483124 152.66624904894385 81.59882650091255 -220.90568056636707 -1055.8308355919849 172.75369192402266 117.33396515989934 -269.8578771447139 -1077.5261982217007 167.3693518299519 86.69790767799853 -211.2207008918756 -1051.1492982403033 165.3379696499623 85.94082418149036 -234.58342581984041 -1040.3437937834005 157.58411116733814 71.84278426899866 -235.98970473837497 -1077.3293520191792 175.7017601753573 128.87676973916558 -245.73284418071066 -1046.1763334634709 169.55885228097466 83.87203241471406 -214.68893231596525 -1026.1155476747897 147.36380250990604 106.57489292212125 -249.99388175074145 -990.342489779356 164.26991753704343 79.93694069816816 -229.41374765115683 -1026.9884053661378 175.46051295892713 138.64443449670046 -265.62370921522586 -995.1867322600816 139.15124928590024 88.92955560809091 -251.8571191116678 -994.9579209976847 151.6511556156073
220.00481936745558 0.8791391140375102 1.758278228075373 1.7582782280750562 1.758278228075234 0.8791391140374721 3.6247834267883454 0.8791391140375289 3.6247834267885293 1.7582782280750089 2.4865809165694306 0.8791391140374732 1.7582782280751075 1.7582782280749971 0.8791391140376714 1.758278228075036 2.4865809165693897 1.7582782280750529 0.879139114037489 1.758278228075039 0.0 1.9658148206668273 0.8791391140375397 1.7582782280750657 0.8791391140373693 1.7582782280750193 0.8791391140374224 1.7582782280749978 0.879139114037598 0.0 1.7582782280749891 1.7582782280750529 3.624783426788637 1.758278228074986 1.7582782280751248 2.4865809165690473 1.7582782280747724 0.8791391140374882 1.9658148206669344 1.9658148206667985 1.758278228074827 1.758278228075056 1.7582782280748195 0.0 1.7582782280748417 1.7582782280750588 1.9658148206666441 5.274834684225058 0.0 1.758278228074984 1.758278228075083 1.7582782280750204 0.8791391140376086 1.7582782280750606 0.8791391140373704 1.9658148206668258 2.486580916568997 1.9658148206668449 0.8791391140375253 1.7582782280750175 1.7582782280748814 1.7582782280750298 1.2307947596527566 1.7582782280750087 0.8791391140375288 1.7582782280750369 1.7582782280751101 0.8791391140375547 0.0 2.486580916569028 1.7582782280747247 3.6247834267886025 1.7582782280752665 0.8791391140375573 0.8791391140374113 1.7582782280750668 0.8791391140375577 0.8791391140374992 1.7582782280750875 1.7582782280750526 1.758278228074833 0.8791391140375453 0.0 0.0 3.624783426788732 0.8791391140375221 1.9658148206670127 0.8791391140374887 0.8791391140373828 2.486580916569037 1.75827822807509 1.5848905769641288 1.7582782280747615 1.7582782280750036 0.879139114037545 1.7582782280749671 1.7582782280748723 1.7582782280750384 0.8791391140375873 1.7582782280750031 1.7582782280750275 0.8791391140374688 1.7582782280751126 1.9658148206667958 0.879139114037697 1.7582782280750007 3.6247834267884014 1.9658148206668173 0.8791391140373401 0.0 3.624783426788975 0.8791391140375256 3.6247834267885883 1.7582782280750484 1.9658148206669852 2.4865809165690043 0.8791391140375685 0.879139114037507 1.9658148206667645 1.9658148206668125 1.9658148206670996 0.8791391140375803 1.7582782280748646 1.758278228075017 1.758278228075045 0.8791391140374823 1.758278228074926 0.0 2.48658091656903 0.879139114037532 3.624783426788752 2.48658091656906 0.8791391140375608 0.8791391140374699 0.8791391140374879 1.758278228075025 1.9658148206666302 0.8791391140375711 0.8791391140374594 1.7582782280750195 1.758278228075043 122.46518565184535 -269.6864843163857 -1040.8056530044696 153.42538029985985 67.76735353549259 -211.60451713330932 -1064.572035054704 172.86595113815898 94.35200021450262 -227.39124428013747 -1061.7495754842519 179.2260458844223 91.28835615106833 -221.57158044289193 -1088.4151972638567 182.71905302433163 138.48088105585734 -248.41689011352165 -1093.1334862343845 180.36440628185994 134.20225663697522 -254.2857901387997 -1020.1539313839638 162.06155219405085 112.70311913729645 -250.32083628556268 -1043.9256321940723 173.24261874401543 99.69246550360391 -242.44123944871777 -1026.7973664053266 160.81204453197566 90.78522943254083 -237.81649505809037 -1016.752736386514 156.50316240589783 117.58557074880034 -263.6434591367332 -1038.8516522194543 179.15127161322516 105.47590777320447 -224.1552445974723 -1005.1404628617804 145.81068428784673 88.75092866650597 -232.03234691445752 -1047.0832687542247 163.5148581487426 129.67340239870109 -269.3253599272416 -1033.448915295396 152.16006214784542 131.53206075925544 -243.08184142214756 -1048.1126723750285 155.52460074249117 116.65750154506182 -236.93551525720775 -1004.9291398943105 140.17876848907042 140.80680001770568 -281.1560876621109 -1051.5108035538672 176.47781393337004 83.28272416107755 -218.86151687167978 -1009.4748096329763 157.39781734189208 95.47922638257911 -254.43237223184116 -1036.2233302590014 168.440917115704 86.17259627565757 -216.1855258662848 -1013.4624163299421 144.662209640942 91.30514519755289 -248.15497547769363 -1060.4964610196223 163.4428468362923 74.88495212552844 -232.19671284141643 -1025.0970140393563 155.70000644966527 75.45266506869851 -237.187825626082 -1009.9404232687048 166.14479412977587 112.48412116179028 -258.11159677261173 -1079.5028093532953 174.51479003098012 81.33911842192342 -226.11727055809067 -1014.511644452855 170.93876398972859 118.10235184385661 -272.8683617671244 -1046.290698987756 150.51504718531785 103.36964483608118 -237.45215080762114 -1031.5549986538115 144.92989577470752 129.5371573660384 -258.2496353882299 -1074.2809753525894 177.8029083393968 116.27253051056184 -231.9312605800223 -1090.0149003319675 174.44279439195043 91.9288925694321 -216.24374835189116 -1012.6985471606596 162.83689148445018 101.87318951757834 -254.5999409077881 -1045.904244561618 178.24718669909228 124.3635089079221 -238.2842421096304 -1095.3379536366958 186.16491184146125 68.61013712986971 -207.46395624436354 -1001.9847885808431 161.31756823674647 119.33488843565937 -243.5852052435142 -1005.355810579594 152.34600597098552 143.35649372392697 -275.87857498080484 -1074.6456984076722 164.82719999305067 100.21546038746497 -232.01532876455144 -1080.936611582165 184.18047694642604 97.15370670473216 -248.34734647307957 -1086.2499780047012 177.27705410342654 119.58570443423197 -259.1324516969365 -1036.0786319729386 161.75306616209267 95.92125412915821 -235.59234112098804 -1027.9449036452338 165.8432431325671 87.3089564399902 -225.9845857427565 -1017.1429469910772 149.08512626977083 98.94526943004027 -221.51567319486995 -1036.290124905775 157.265088218332 109.6938473241248 -230.32274722556005 -1075.1403056934914 170.02191073637604 107.40874892995099 -265.29208756077253 -1058.6223564799836 159.05014465616125 150.35948870012 -257.3914662498653 -1003.5371928764888 167.07410028588905 107.93604241312788 -260.671827564616 -1042.0154005889858 167.18976680849946 84.24816230145939 -236.89860571857443 -997.8994165682559 145.6545554500492 74.03793506056564 -213.71663463296306 -1070.62157365827 172.52175729576734 127.26016059075216 -252.4622936943935 -1022.282950381846 168.0999053289248 142.4059918001469 -256.129741643398 -1013.8380576974071 152.36250489465894 100.65789588916914 -259.27756683575893 -1039.2881353926264 147.8955428501186 113.37949485609354 -244.7977575231147 -1024.1146020220167 143.45236927570593 143.56669087675348 -262.1830253871448 -1025.7257574152163 172.8037949077197 77.28896569489086 -242.79858508936314 -1035.632263159854 174.47415302930514 101.03492796042717 -227.13951619775557 -1088.2676563199298 187.5001191073255 108.14450937238236 -234.55724305479617 -1067.2741821448524 164.36968052497696 72.40241138749421 -220.51249868834302 -1065.7404910259222 159.09935373650768 121.40844747668932 -253.86442974329566 -1048.7827413883574 183.37228682068454 81.9740622421992 -241.19386659233496 -1068.5663303394267 178.1556169650839 90.43674361383371 -243.3330221555483 -992.3818394713376 155.32813628005312 106.93670273486721 -243.31538232934784 -1054.3907747120952 153.85594501010686 77.16340466555677 -218.7262110965218 -1058.0079596491823 173.8536397317319 113.9318024349901 -266.2187317793229 -1081.719589604887 169.8577966553441 83.72198976748624 -211.23937902003516 -1054.6958526820808 167.02096180133853 83.02100030255862 -231.94275364350563 -1043.0241121975096 158.7187077018674 69.1935111647103 -232.95659653654687 -1081.496047269412 179.91275833201018 126.09345085780092 -243.74626577366584 -1049.6222261508665 171.45186033656051 79.02487609251979 -213.12209993997476 -1028.4225677784932 148.1893629783222 103.76146126150688 -248.89599302050172 -993.0251319886511 163.78978228159113 76.18894499999897 -227.1048391878442 -1031.9925183543032 177.41500316677553 135.98173565137483 -264.30665191890745 -996.5221319959824 139.79225362418816 86.27558883588938 -249.6878589935623 -998.7665682307196 152.54003056687938
230.00481936745558 0.879139114037586 1.7582782280750664 1.965814820666797 1.7582782280749332 0.8791391140374779 3.6247834267884893 3.6247834267886114 1.758278228075239 1.758278228075026 1.9658148206669643 1.7582782280750506 0.0 0.8791391140374889 1.7582782280751157 0.879139114037537 1.7582782280750335 3.6247834267885866 0.8791391140375063 1.7582782280749556 1.965814820666768 3.6247834267886323 0.8791391140375455 3.6247834267885817 0.8791391140374712 0.8791391140374326 1.7582782280753697 0.8791391140374877 1.7582782280750608 0.8791391140374963 1.7582782280749578 1.965814820666862 1.7582782280753584 1.7582782280749987 0.8791391140375819 1.7582782280750087 0.8791391140376523 1.7582782280750202 0.8791391140374964 1.7582782280750526 0.8791391140373681 1.7582782280750426 1.7582782280749414 0.879139114037525 1.7582782280751266 3.6247834267886136 2.4865809165688 3.6247834267885697 2.486580916569038 0.879139114037456 1.7582782280749671 0.8791391140374755 0.8791391140374497 0.8791391140374398 1.9658148206666641 0.0 3.6247834267884134 3.624783426788613 0.8791391140374912 1.758278228075025 1.7582782280753126 1.7582782280750338 3.6247834267884147 1.7582782280750018 0.8791391140374771 3.6247834267886185 1.7582782280750247 0.8791391140374661 1.7582782280751934 2.4865809165690185 3.624783426788609 2.4865809165690225 0.8791391140377008 1.7582782280750402 0.8791391140376702 1.7582782280750755 0.8791391140375623 0.8791391140375273 1.7582782280750586 0.8791391140374645 3.6247834267886296 1.7582782280749967 0.879139114037534 1.965814820666755 1.7582782280751306 1.7582782280750278 1.7582782280749598 1.7582782280750275 0.8791391140376875 0.8791391140374979 1.7582782280751923 1.7582782280750524 1.7582782280751597 0.87913911403749 1.7582782280750766 0.8791391140375293 1.7582782280750053 1.7582782280750417 0.8791391140373623 1.758278228075056 1.7582782280750051 1.7582782280749967 0.0 1.9658148206668418 2.486580916569339 1.7582782280750076 3.6247834267886123 0.0 1.758278228075258 3.6247834267885857 0.8791391140375583 1.758278228075059 1.758278228074719 2.4865809165690393 1.9658148206668917 0.8791391140375067 1.7582782280752114 0.8791391140375377 1.7582782280749656 3.6247834267885986 1.7582782280747407 1.7582782280750604 1.7582782280747078 1.965814820666814 0.8791391140374457 3.6247834267886097 0.8791391140376613 1.9658148206668078 0.0 1.7582782280750344 1.7582782280752016 0.0 1.7582782280747873 0.8791391140375334 1.9658148206667898 0.8791391140374873 1.9658148206665962 1.7582782280750051 3.516556456150091 1.9658148206668284 0.8791391140374597 120.87098983505197 -268.5527672506406 -1044.64389465033 154.446404827617 61.255607424605614 -209.05449142251837 -1067.2653426613513 175.02633826880566 91.67470244368569 -225.2477208287486 -1066.2727113720355 180.21962489016772 88.60481118273383 -219.43868669355624 -1092.1105530084558 185.0987093949635 136.09201194550076 -246.71858557094274 -1097.6462042569437 184.16611178488373 132.8668921003489 -253.63678246301924 -1023.2286934878439 163.57921734975892 110.8240844496991 -249.59383406933662 -1047.050538929347 174.61817350356722 96.46758160904498 -241.08695107493324 -1029.2630144962707 162.44481396219192 86.5019985276771 -234.56482556483738 -1019.835580690171 158.0080705477652 114.79591393651691 -261.6688897578245 -1042.6847370159974 180.27497951239638 101.70612250691676 -222.7306539147823 -1007.3646141311134 146.85569071429413 85.00179972516668 -228.861833468596 -1049.7002949415848 164.86026590379007 127.82640004836072 -267.70958138119954 -1037.8927971012965 154.16418225119867 129.40000838222107 -241.87042087081835 -1052.1267763351225 157.31026933407767 115.06001393001867 -235.8132461015385 -1008.2198699659893 141.0953871459874 139.39207110989145 -278.9393534395418 -1055.782965022813 178.84390853430344 79.09766654921008 -217.19640532178246 -1012.1336015676474 158.6547129312709 92.0149188919155 -251.71468471311573 -1039.208986718632 170.12333599020738 81.5902987366356 -213.37084821098645 -1014.3709178331452 144.99830200166232 88.65428295577213 -245.12097374398633 -1064.4952693951743 166.28322057763302 72.4735084032771 -229.66726970622483 -1028.1487679327793 157.26990635506786 74.12561069146662 -234.7975385801307 -1013.8685626958144 168.19189572889246 109.83030780991699 -255.94124274469291 -1083.3859687341585 177.52401680313795 77.87760391063637 -223.16878118126849 -1019.4688703754492 172.97457628331233 115.57370857016554 -271.36892605715394 -1049.773782043699 152.28050762997302 101.10472496099304 -235.57301996216202 -1034.0875799562675 145.22507492490143 127.94436241054203 -257.11748348959173 -1078.2682936491892 179.71621347711886 113.33426930133068 -230.16808489121914 -1093.4404941933376 176.34354406223133 87.8841581814506 -214.37253239123842 -1014.5043851435942 163.5490235574971 100.0339384176525 -252.11661749281103 -1049.2457101306982 179.2264547458709 121.57022880762634 -236.31412437290484 -1099.6483483428517 189.94822497179405 63.97910053639193 -204.9924778157908 -1003.6584250248712 162.41426719913105 116.54032924720394 -241.61546754940935 -1008.2759549185022 152.86851659637168 143.1014272184441 -275.39609055989746 -1077.9826740479132 166.86765619837433 98.08594458222146 -229.94404498636246 -1085.9109113374225 188.20175849623706 95.29027694823307 -246.74833118878334 -1089.1387996791336 179.1101120082582 118.01686211971182 -257.1233679975214 -1037.7144592724358 161.71297035799856 92.9548069621042 -234.72584690074106 -1030.9216915055117 166.9236758832861 84.62843396836409 -223.84803403528744 -1019.8674746986017 150.1715817413538 94.92367179491787 -218.74343005435367 -1041.4431986765824 158.90434938092966 106.34964093436719 -228.28691317905756 -1078.7223577220798 171.6614789532694 103.67500851899388 -262.95731159177643 -1061.131479425124 161.54926988589943 147.7197317269864 -255.2040806376501 -1006.6189135961165 167.20181694913458 104.2022332869502 -258.3400958864402 -1044.5091811274908 167.60832645927542 80.085172526109 -234.33251790809115 -999.8133147131243 147.60879742096103 68.10727131610275 -210.0674203733059 -1073.6709889425003 174.09264286467712 125.94705341124735 -250.93403498783712 -1024.763907176225 169.71750716194953 139.99104391129003 -255.3087762716367 -1016.1127675923155 153.26516225996104 97.99816794752937 -257.11302146551077 -1041.5936127925104 148.71234696224326 110.72237218942412 -242.63390452789858 -1027.2697169668336 144.7665985277382 140.10330390678752 -260.30826072547416 -1027.1053719504273 174.48080368519982 73.80303032393486 -240.104447799825 -1038.8141377626162 174.70403157782576 96.75545928569743 -223.88028831258967 -1092.7771541162797 190.41813488369954 105.06163528932733 -233.00056093557149 -1071.5148306844474 166.31089210294434 66.85493096436939 -217.38461112430443 -1067.362551078061 161.1669517419811 119.83734807463834 -251.85626347114663 -1052.3552404994148 183.9618801345298 80.62607399568999 -240.56206620989664 -1072.734466078937 180.70553224022544 86.30158055003129 -239.86838396346067 -995.1584958449494 156.25603478679676 104.13737618400337 -241.35075412789902 -1056.8654343270596 155.41747535134724 72.03189103989227 -215.84916781484807 -1060.000647977549 175.27477445867595 110.46057993840094 -264.3597647727779 -1085.3154424086306 172.40320298961583 79.40658625363427 -208.03340395382907 -1056.9015418877077 167.09295556523125 78.72721716627312 -228.7019569546235 -1047.5015779355717 159.57119987059704 66.50401247671542 -229.95779195570722 -1085.0292523355572 183.0103915607437 123.27685053780881 -242.65457269427674 -1053.2898972144462 172.88734261645618 74.83503327966477 -211.48094103729042 -1032.547118949349 149.70965561669507 101.10314398604562 -246.734458221843 -995.8927462647135 162.98299838967657 71.53794385158565 -223.95236792198813 -1035.1892297632805 177.6197460728301 133.85138955901263 -263.0884189162046 -1000.1433967198801 141.28328689667046 83.22105539180426 -246.3779124346358 -1002.0034104958663 153.66053265423776
240.00481936745558 0.8791391140375698 0.8791391140376362 3.6247834267886123 1.7582782280752982 1.7582782280750096 1.9658148206672237 2.4865809165690353 0.8791391140375355 0.8791391140375177 1.96581482066663 1.7582782280750657 1.7582782280747908 1.7582782280750138 3.6247834267886105 0.8791391140375318 0.8791391140376539 0.8791391140375452 0.8791391140375573 3.6247834267885817 0.0 1.9658148206668273 1.7582782280750304 0.8791391140374917 0.8791391140376132 0.8791391140375272 0.0 3.6247834267886225 1.7582782280753408 0.8791391140374885 0.8791391140375507 1.9658148206668824 1.7582782280749187 1.7582782280750406 3.6247834267887145 0.8791391140375256 1.7582782280748488 0.8791391140375093 0.8791391140375253 1.758278228075048 1.758278228074939 3.6247834267885963 1.7582782280751583 3.6247834267886305 1.7582782280749714 0.8791391140374679 1.758278228075228 3.6247834267885777 1.9658148206669563 1.9658148206669228 1.7582782280748248 1.7582782280750273 0.8791391140375743 0.8791391140374684 0.8791391140373186 1.9658148206668238 3.6247834267886803 1.7582782280750238 1.965814820666656 1.7582782280750229 1.7582782280752298 1.7582782280750646 1.7582782280747669 0.0 0.8791391140374936 2.486580916569026 0.0 1.7582782280750444 0.0 3.6247834267886314 3.6247834267888335 2.48658091656908 2.4865809165686388 0.8791391140374936 0.8791391140376454 1.7582782280750187 1.7582782280749267 3.6247834267886283 0.8791391140375613 2.486580916569021 0.8791391140375167 0.8791391140375086 0.8791391140372665 0.0 3.6247834267885772 1.7582782280750435 1.965814820666956 0.8791391140375092 0.8791391140374261 2.4865809165690593 0.879139114037441 3.6247834267886025 1.7582782280750295 1.7582782280750466 3.624783426788279 1.7582782280750147 1.9658148206667698 3.6247834267885914 3.6247834267883605 3.6247834267886123 0.8791391140374233 0.8791391140374749 1.7582782280752407 1.9658148206667845 1.758278228075193 1.7582782280750209 1.9658148206672057 0.8791391140374905 0.8791391140374171 0.0 0.879139114037605 1.7582782280750184 3.6247834267886376 3.6247834267885835 1.9658148206664503 0.879139114037536 1.7582782280748517 0.879139114037479 0.8791391140376745 3.6247834267885617 1.75827822807504 1.7582782280750093 1.758278228074699 0.0 0.8791391140374282 1.758278228075007 1.965814820666772 1.96581482066679 1.965814820666836 0.8791391140374947 2.48658091656911 1.7582782280750047 3.6247834267887495 1.7582782280750437 1.7582782280748703 0.8791391140374687 0.0 0.8791391140375802 0.8791391140374758 3.6247834267886256 1.7582782280749445 118.99332665709393 -267.8280309393492 -1047.2509806998369 154.77012183573765 56.500801497381765 -205.61909724548568 -1070.0262490764703 177.05509491220477 86.13074546157345 -223.855461883501 -1069.7739597410396 182.43716805612567 84.82177830892446 -217.18976550332988 -1096.442103305003 186.50698107541498 132.61519499794542 -244.87004007218997 -1102.879854435727 186.86109300190634 130.728218088125 -252.43239927062012 -1024.7680410945711 164.9016663907174 108.41805135844359 -247.92214961250903 -1050.14386375492 175.60309211709645 94.31923909658096 -239.90779714750374 -1031.7599147559604 164.00216462330445 83.80111238904166 -233.32501584141073 -1021.6015332790528 158.83637906529808 112.13370882162856 -259.5099218761793 -1046.4280899011858 181.5906428160243 97.6603514875913 -220.86123746963574 -1009.1501516026166 147.6124445583989 82.4363379622434 -227.42357664194097 -1052.5327276189246 166.79388105788283 125.43190074274284 -266.02140757817637 -1041.353349640946 155.98193074809154 126.19436366099099 -239.63168476895353 -1057.0818431629864 160.44503173692814 111.81758594061075 -235.351567295567 -1009.8354854091682 142.2912108578288 138.6471445036113 -276.6137397472937 -1058.8696665079874 181.2976542323808 74.89882658648395 -215.5673536097937 -1014.4408627075326 159.4560423750097 89.87461630190214 -249.6534188728318 -1042.2565744958763 170.6790332659407 77.25645566411241 -211.94470467936222 -1017.0442453775273 146.16650498279444 85.9566457382966 -243.8704448124762 -1067.3128424823267 169.15927605994312 68.3500659175201 -225.73275053580943 -1030.7813599056399 158.5849840475592 70.07392015401636 -231.19368808738764 -1016.2996531727914 168.7952712656605 107.70298392171105 -253.86680045217616 -1087.5362056002612 178.76697093619666 73.27720819225871 -220.38300301806453 -1023.5221495149411 172.5086376774581 113.73662463068175 -268.88663459517534 -1053.4117225044463 153.78618219729108 96.7958713786699 -233.21719537618435 -1036.9136685203284 147.20228082371364 126.36750536748451 -255.11128605766578 -1083.8591983263852 181.87547241555373 109.9639032152715 -229.0287369547845 -1099.2849654598579 179.01373251036804 83.01705980217692 -211.108659668357 -1017.601758445756 164.98381623964426 97.89676124101572 -250.05559395052765 -1052.7886746761872 181.89018925640679 117.54339689747717 -234.40610438234077 -1103.3938998780825 192.1928488884179 60.44664602283477 -202.365014059949 -1006.3707902634443 163.57343993549878 113.71572703457704 -240.5464673879521 -1011.8663274201373 154.4010614609772 141.6754041545328 -273.18561854029036 -1080.868732371401 168.6974872227525 95.39770016459471 -227.81875168825886 -1090.3835992960517 189.39363975159395 92.87640065071577 -245.08576577823604 -1094.1585975588541 179.46896794431353 116.39603616186967 -256.88485207317996 -1037.7926930480503 162.57991207664475 90.25671224316696 -233.48099497434708 -1034.4779942839305 169.62543318088458 79.01571880309264 -221.25280040375438 -1023.6169898994435 151.3762828329589 91.14338102848605 -217.3664615175486 -1045.000604752703 160.80740457211516 102.71331814318583 -226.68151436536525 -1080.6548121109622 173.1782751519494 101.42697918993753 -260.2021030323376 -1064.222704054961 163.99969396143376 144.7631130157703 -254.31025238760415 -1009.3065899816835 168.41275076211866 101.41101665249181 -255.51055928377363 -1047.9112858052054 169.53903860819744 77.38006552456632 -233.09829474375195 -1001.066652881229 148.37972353882265 63.49476109063605 -208.1878736746442 -1076.422741083933 176.14069693900083 124.10734479952386 -248.4517479541972 -1028.581065704892 170.8711214860531 137.87841266592275 -253.21994719956677 -1019.5085761492438 154.05032639738332 94.3799427313155 -254.6151517722862 -1044.4056303415184 149.6614344730168 106.9673349402764 -240.33742155860006 -1028.936828351756 146.92711965055423 139.33007320748706 -258.8626103798767 -1031.3366940517446 175.88882758465016 70.97503606754134 -237.31297325040381 -1043.7967925382045 175.818688963898 91.89153085732875 -222.3468004634999 -1096.82534726373 191.3794867165209 103.30210886517334 -232.97631147094052 -1073.479889379646 168.684061910425 61.833500886928796 -214.35259380754576 -1069.5723927075571 162.23320555069623 118.23533667882465 -250.73916245923394 -1056.1607611991537 187.1145320743689 76.9849803028175 -238.09916837725518 -1077.6237487266505 181.2269840104187 85.50167471937847 -238.43574687100207 -998.237584094405 157.74676017562055 101.44905836232041 -240.0898555141921 -1059.8054663705482 157.13907828533243 68.10195372105879 -214.70331550194635 -1063.329977826126 177.32387481228548 108.59663454674433 -262.76142774372596 -1087.763420297696 173.11432856792985 75.88305638505109 -206.2758468220529 -1059.3775469910106 167.71964915244592 75.4833112449708 -226.52224177218415 -1051.7454680567 161.96844330671985 62.983836351096286 -227.3164853312643 -1090.4612213903624 184.51382301342102 120.59218868318945 -241.3798862924553 -1055.232404067881 173.4750554264631 69.68383043308918 -209.5252840137704 -1035.9191926177048 151.69695692541708 99.23070810435824 -245.1481875288306 -997.4531779632454 163.0946083322977 67.20272672901825 -220.77084192144648 -1038.4669507700667 177.75655698230636 131.99646771157748 -261.4792673489487 -1002.683151719489 142.80247631551148 79.72289847220495 -243.70140166335065 -1005.9662358924306 155.5711314204365
250.00481936745558 0.8791391140375686 1.758278228075004 2.486580916569052 1.9658148206664592 0.8791391140374953 3.6247834267884316 0.8791391140375135 1.7582782280746947 0.8791391140374679 1.7582782280753406 0.8791391140374887 0.8791391140375845 3.6247834267886234 0.8791391140375443 5.2748346842250555 0.879139114037648 2.486580916569006 0.8791391140376759 1.9658148206668518 1.758278228075091 1.7582782280750455 1.7582782280750566 1.7582782280749922 2.48658091656915 1.7582782280750662 1.7582782280748048 1.96581482066682 1.7582782280747984 1.9658148206668 0.8791391140376007 1.7582782280750895 0.8791391140375175 1.9658148206668404 0.8791391140375668 3.6247834267885946 1.7582782280750593 1.965814820666817 0.8791391140375916 3.6247834267885835 0.8791391140375663 3.6247834267886185 0.8791391140373785 0.8791391140374912 1.7582782280750047 0.8791391140375067 1.7582782280748308 0.8791391140375261 1.758278228074969 0.0 1.75827822807484 0.8791391140374943 1.7582782280747706 0.8791391140374653 3.6247834267885155 1.7582782280750233 1.9658148206666775 0.0 1.9658148206667654 1.7582782280750247 1.7582782280750964 0.0 3.6247834267884964 1.9658148206668284 1.7582782280750986 1.758278228075015 0.87913911403749 0.8791391140375237 2.486580916569142 1.758278228075034 1.7582782280752318 1.7582782280750346 2.486580916569272 1.75827822807502 1.7582782280747107 1.7582782280750622 1.7582782280749243 0.8791391140375531 1.7582782280751903 1.7582782280750386 1.7582782280748623 0.8791391140375178 1.7582782280752898 3.6247834267886057 1.965814820666648 0.8791391140375506 1.9658148206669177 1.9658148206667785 0.8791391140374245 0.8791391140375302 1.7582782280750067 0.8791391140375505 1.9658148206669899 0.8791391140375023 1.7582782280749205 0.0 1.7582782280751534 0.8791391140375279 1.7582782280749498 0.8791391140374943 1.7582782280751201 1.758278228075104 1.965814820666516 3.6247834267886163 1.96581482066694 0.0 1.9658148206668093 0.879139114037539 1.7582782280752514 1.965814820666816 3.6247834267886874 1.7582782280750067 2.486580916569073 1.758278228075028 1.758278228075052 1.7582782280750344 0.0 1.7582782280750113 0.8791391140374695 1.7582782280750333 2.48658091656868 1.7582782280750218 0.8791391140376021 3.6247834267886194 0.8791391140375183 0.8791391140375044 1.758278228074945 1.758278228075041 1.9658148206665456 0.8791391140375306 1.758278228075262 1.7582782280750056 1.758278228074754 0.8791391140375492 3.6247834267886296 1.7582782280750089 1.965814820666799 0.879139114037413 0.8791391140374095 2.48658091656905 1.7582782280749902 118.08416435018782 -265.7104507328614 -1050.308414142609 156.3108480476489 51.72815474196944 -204.5137246542083 -1073.689000130538 177.70871763462824 82.60964027632396 -222.09318527833688 -1073.6960171667563 182.68896703521932 81.02839845270803 -215.83610642481585 -1100.7415797745157 188.87629395018686 129.38763777747914 -243.52546518866814 -1106.759797276805 188.98433319708596 129.26238281537042 -251.11566927064072 -1027.636851867133 166.77449657453187 105.7188878502785 -246.67410947260683 -1054.7990263197003 177.35786949461564 90.67860645926558 -236.57298888912715 -1034.0010069396785 165.0114836485223 80.55421362349189 -230.27089351644284 -1024.1764418273021 160.22699161767255 110.13522409753533 -257.2448873781413 -1049.564578617502 182.09307326217345 94.54653338620865 -220.24061711499309 -1011.2272843835077 148.9077641675921 78.91501452896705 -224.78228378933272 -1055.0414114222874 169.21517122896375 124.10491368950855 -264.50690613185145 -1044.1852188908633 157.92613211895772 123.5011542024482 -238.3707402314165 -1061.1970643440488 162.13906947360465 107.10236913031059 -232.7348904054901 -1012.5892940454439 142.24213096462935 137.8916317639231 -274.29177610236053 -1062.1646215306741 183.3951293493071 72.32140420637722 -214.1504570634254 -1016.1846377838222 160.34949511691642 86.91462623189658 -246.1821751583555 -1045.1467405562548 171.55015323713542 72.84779072400266 -209.31273813748678 -1020.1898399173941 147.49919144521078 81.49662306196757 -240.87500615603915 -1069.4995063863646 170.27519268385365 65.22909681828516 -223.36845028116915 -1033.4633606179007 159.80538192545544 67.49686893792196 -228.8935250890984 -1020.6547157689121 169.99601227553293 104.47963385688318 -251.6590085475178 -1092.270864829579 180.4830727672938 69.2096185929359 -218.56129326270346 -1027.4018471731963 173.55390583875365 111.08057656776685 -265.85963691361286 -1056.460192802064 155.34889214582194 94.36502062959931 -231.58057660295512 -1039.9456074871518 147.79579125682068 123.9593748582319 -253.4400629374906 -1087.5070741010306 182.57393052663542 106.0444886718989 -227.84509668017617 -1104.6587099272788 182.40137796646138 78.95002533473597 -209.28597704773694 -1021.5078814309333 165.96572741056013 95.48130734772506 -247.5276043686147 -1056.0931381886066 183.96929189467082 115.25031408154452 -233.43073449227052 -1108.875708491647 194.7159508968001 56.51723946092724 -202.10970106098628 -1009.6591803933844 163.57256542023669 110.0872170183135 -238.06568821552239 -1015.2563611060658 155.27405212359145 139.31878548852535 -269.74337682085684 -1083.7258886425918 170.58177184119697 92.55967608610426 -225.91154125327174 -1095.6357983844996 192.09717863740576 88.29468941196231 -241.40061988568343 -1098.4835247741487 180.9284341625457 114.5388484009184 -254.41644115705867 -1040.5668282365566 163.64033811816887 87.28463941855614 -230.897641618409 -1038.4603328149856 170.52499028009535 76.16829043193728 -219.35914022680944 -1028.3880031757428 152.8218648697614 87.35225381614133 -215.12751903433542 -1049.5027493901869 163.76065886931065 100.14465174213362 -226.12494063625525 -1085.2650144209463 176.8398365833838 99.29315841284188 -257.2662433079037 -1068.585254344105 165.3389619613993 142.08252679228815 -253.0325230399237 -1013.5811005916261 168.6821160758172 97.7901626566416 -252.15254416856263 -1051.531535202928 172.0266975576 74.40039552347466 -231.40414448866872 -1003.7291046336042 149.61658895265853 59.834707452154575 -207.52492439009328 -1079.8164519495058 178.10327785064467 121.69696098829426 -246.7879838717042 -1033.6068722553214 172.88665234276627 135.3324404616144 -251.74700255604824 -1022.6700612607207 154.33936657820632 91.2853651541382 -252.2193811263327 -1047.4738868225736 151.17871022906166 105.21167187299864 -239.44136210316785 -1030.8854242636996 147.42724626870876 136.92621246331112 -257.1855926843968 -1035.2567346377964 177.90878404367413 66.50469806733996 -235.2138856213115 -1048.7288070208008 177.10804405537382 88.50829538685886 -220.37529223383788 -1102.7133409163066 194.89182613221334 101.40618537753828 -233.16746160672164 -1077.290857257053 170.88724367463232 57.893851160669875 -211.45532619520202 -1074.2066962301988 164.0712336493909 116.08453393749647 -249.55684886811446 -1059.998684525103 189.26580672855053 73.1928157547918 -235.86138123923422 -1081.692106563974 183.0590173860289 82.66397137812191 -235.6525835223499 -999.0288368735307 158.36689757709445 98.07932153267835 -238.0987269189586 -1065.0118876132938 158.9309285137023 64.84380685932736 -212.54636231547104 -1066.8327464449906 176.39121879668326 106.33328621503365 -260.01979353371786 -1089.6486148138463 174.6778941807395 71.2712126706603 -204.39403414341365 -1062.092637286187 167.9926249739688 72.77410585212692 -225.30672468512884 -1055.2921102530192 162.7083074073654 59.72445556729924 -224.27714388797483 -1094.4343547419346 186.91765979911082 117.09668362273383 -239.57018529133057 -1060.7096065911685 175.78320113101572 66.29064268842423 -207.57280939763766 -1039.5518176424805 153.1989029335128 95.05289240959692 -242.6080609046821 -1001.065141282259 163.48299724148498 61.70864034390938 -218.00980084647466 -1042.5640668802996 178.50994630931606 130.93304956662834 -260.43911454903383 -1005.416518056692 142.73502647423882 75.66347793001185 -241.86425748920306 -1009.2594714103288 157.72495637242034
260.0048193674556 0.879139114037459 1.7582782280748646 1.96581482066685 0.8791391140375046 1.7582782280750457 1.9658148206664516 0.8791391140375476 0.8791391140375825 0.8791391140375003 1.965814820666916 1.7582782280750024 3.6247834267886105 0.8791391140374863 2.4865809165691286 3.6247834267885843 1.7582782280751867 1.7582782280750147 0.8791391140374155 0.8791391140374649 1.7582782280752274 0.8791391140374921 0.8791391140375474 1.758278228074993 1.7582782280749192 1.758278228074957 1.965814820666558 2.4865809165690105 0.8791391140373547 1.7582782280750644 1.7582782280748668 0.8791391140375325 0.8791391140374876 1.9658148206667978 2.4865809165692108 1.7582782280750433 1.7582782280750942 3.6247834267886034 1.7582782280750424 2.4865809165690345 1.7582782280752074 0.8791391140375266 0.8791391140376023 1.9658148206668364 1.965814820666655 0.8791391140375326 2.4865809165686654 1.7582782280750326 3.624783426788817 1.7582782280750735 1.7582782280753104 5.274834684225098 0.8791391140374937 2.4865809165690487 1.965814820666944 3.6247834267886034 1.9658148206668398 1.7582782280750333 1.7582782280753908 0.879139114037461 0.0 1.758278228075009 3.6247834267887873 3.6247834267886083 1.7582782280751659 1.7582782280750004 1.758278228074951 0.8791391140375472 0.879139114037664 1.7582782280750506 2.486580916569046 1.7582782280750262 0.8791391140374224 1.758278228075056 0.8791391140376503 1.7582782280750646 2.4865809165686747 0.879139114037539 1.7582782280748428 1.758278228075044 0.8791391140375883 1.7582782280750147 0.879139114037606 1.9658148206667878 1.7582782280747224 1.7582782280750167 1.9658148206669759 0.0 0.8791391140373465 0.8791391140375396 0.8791391140374458 3.6247834267886025 0.0 2.4865809165690584 1.7582782280747393 1.7582782280750175 1.7582782280752387 1.7582782280750147 1.9658148206669837 0.879139114037474 0.8791391140377168 1.758278228075089 1.7582782280747808 1.9658148206668553 1.7582782280751643 1.7582782280750429 5.274834684224971 1.75827822807504 0.879139114037544 1.965814820666784 1.758278228075058 0.8791391140374819 1.7582782280751978 0.8791391140374742 2.486580916569045 1.7582782280749845 0.8791391140374851 3.6247834267885883 1.7582782280751013 0.879139114037526 0.8791391140375594 1.758278228074976 0.8791391140377431 3.624783426788617 3.6247834267884707 0.8791391140374856 0.8791391140375334 1.7582782280750067 3.6247834267885013 1.7582782280750413 1.7582782280748266 0.8791391140375007 0.8791391140375329 1.7582782280750384 2.486580916569104 1.965814820666852 1.75827822807516 1.7582782280750524 1.7582782280751799 2.486580916569022 0.0 115.65408659719063 -264.93673544413383 -1052.66045410924 158.0880561704781 48.65912467422401 -202.60235949947216 -1076.254648220159 179.14666219681564 80.70915524499125 -220.53994357974787 -1078.4239397874242 184.4298432324031 78.04381641155248 -214.15116918590084 -1103.1580983001409 189.6872563092487 127.09351590751108 -242.55248102160667 -1109.7550653878109 192.32864270609846 125.89132206324882 -249.98937010553684 -1031.7286946670765 167.53246218200735 104.91338154009065 -245.24616744849322 -1058.612730668112 179.54878664598294 87.69933514917214 -233.11850378147412 -1038.1594603555818 167.56233190535335 77.02706595714889 -227.6354842192805 -1025.0163129117823 160.72609183692728 108.10004599868851 -257.6352561193189 -1052.8459574463186 184.21681692849714 92.10860684968978 -219.49747144099854 -1012.945424338456 149.84446649023582 74.84462307115709 -222.08208926915475 -1060.2168900748109 171.11072798203972 121.41084877970194 -263.2530665054042 -1047.7930556471808 160.4535767730984 121.06660269886193 -237.60314661532428 -1063.5280017619832 163.93092170384963 104.26490455435327 -230.82981328177164 -1016.0255743070545 144.11608513583585 135.8985195815991 -272.0198524385001 -1065.6877657010352 184.27170650714143 67.84086144879879 -211.1857176761519 -1019.2846437028437 161.82385850107758 84.2065566828157 -244.07970242020087 -1049.382905019316 173.07416645610263 68.90901887939998 -206.4141315850303 -1022.738305909824 148.93047530715754 78.65089971178588 -238.9818710860732 -1073.2945298773786 173.3940999698599 62.51289322349377 -221.27787001970833 -1036.681883740071 162.02939793073327 64.64609098660263 -227.00609583569695 -1024.2323349806593 172.1091920072527 101.77791671030683 -250.42313002113397 -1096.1594111612972 182.59029029532846 66.76866481288705 -217.82473592336294 -1031.5023221598767 174.32437960064556 108.80578402390363 -263.12757090568516 -1058.9223948025844 156.9362099260804 91.24838558740753 -230.09023349695153 -1041.8747815784814 148.3892464953507 120.72429626354696 -252.1196321027952 -1091.3953678517578 184.67676521513843 101.71713217724138 -225.53185664261122 -1108.8992165447487 185.69389159051948 75.82931453472455 -207.80640561332444 -1025.542229124724 167.77316243585054 92.64730806569824 -244.74232281187886 -1058.9506802787816 185.84062928933724 112.27446305150744 -232.60215015578947 -1112.6885462131781 198.57301496220055 53.115948863835314 -198.39801392633146 -1013.3785380519124 165.93458033411656 107.52184094019299 -236.63037138242674 -1017.8221455467393 156.7099564777617 138.27019907336677 -267.82709470341865 -1085.7314560135433 172.84055030154386 89.30669865423543 -223.74691304316298 -1100.0001535209376 196.0792469120624 85.0435859860412 -239.23299560348593 -1101.4207956818595 182.6745344415363 112.10770086804393 -253.6492308999118 -1043.8199192157074 163.9406889834873 83.48837475852778 -227.78644591131797 -1043.2781707464712 172.94922009006848 73.99220473257019 -216.45286045406263 -1031.756781332133 154.80538217603933 84.23366970406117 -213.6442300829527 -1051.980696478733 165.33132501837082 95.81144852167348 -224.6983897790108 -1088.8874627240139 179.326808206453 94.83399066182223 -255.14355950155698 -1070.75881985291 168.2471817003474 139.12896141946567 -251.29339790178892 -1017.2742974105718 171.06916239187973 94.68564448822015 -249.76945031032858 -1056.0382188778165 174.0506063503494 71.82354262185389 -229.9881655057633 -1005.3161308560416 151.82261886086914 55.31646186119659 -203.9530893690296 -1083.178610403708 180.1036940614048 118.99214295088413 -246.42519761730023 -1037.3172368867004 174.31151397535976 131.70841028082924 -249.26065632430058 -1025.461007760599 155.37877476818264 87.77156458738519 -249.56886993528082 -1049.7054051803439 153.14559978820435 102.23643878398441 -237.7356608221669 -1032.8673796342446 148.8676938550608 133.70734343242185 -254.96986915005687 -1038.832129381446 179.56468189402642 64.05943377380937 -232.71478876514428 -1052.5582158233292 179.27930150898527 85.32145363015383 -218.55157594980028 -1106.7071147955887 196.0191621720881 98.42933312556886 -231.46825730015337 -1079.0481888710103 171.77881296879062 54.63077234937218 -208.42036879720735 -1075.8297990134902 166.03996502562947 113.92904837012885 -248.38702381481787 -1063.79994142866 190.6094105597163 71.02285241330951 -234.7146992748362 -1085.716136818366 185.82408522957223 79.54554753153005 -233.28515761390946 -1001.2815461557551 160.39288839063218 94.83189409669883 -235.92470884208777 -1068.2849067609275 161.06955562292399 61.44664441286097 -209.71448594421727 -1069.9544252386154 176.99899691137205 101.7417873601368 -258.0904064567699 -1093.2828607911893 176.29141240538604 66.38243607638933 -201.16124396425042 -1065.899026835644 170.2072014958814 70.06165559643257 -224.09465890382143 -1057.1953939500927 163.35572309636396 57.41484506564598 -222.45680266126 -1097.3324679030113 190.4490755667631 114.12780799142705 -237.85791894055976 -1063.9616421108174 177.05873567255162 62.35098518062718 -204.67556800209815 -1040.962255567994 154.62997771851536 91.06644724075002 -238.46771233519448 -1005.3470685130632 165.81240406022238 59.52714396194679 -214.22493312917362 -1045.9690552024717 179.52371360423325 128.79241764495038 -258.37735832516296 -1009.0922255676404 144.13483631353458 73.7652460567947 -240.30954042909192 -1012.1781938282048 158.4969400593837
270.0048193674556 0.8791391140376078 0.8791391140372917 2.4865809165690465 0.8791391140375103 0.8791391140375232 3.6247834267888654 0.8791391140375373 3.6247834267887433 1.965814820666796 0.0 0.8791391140375363 1.7582782280748674 0.8791391140375403 0.8791391140375587 3.6247834267885475 0.8791391140375834 1.7582782280750529 0.8791391140376434 1.7582782280750588 0.0 0.8791391140375134 1.7582782280749294 2.4865809165689967 3.6247834267884667 0.8791391140375933 1.7582782280750306 1.7582782280750244 1.7582782280752494 1.7582782280750247 1.7582782280750227 1.7582782280750602 1.7582782280746985 1.7582782280750362 1.7582782280750744 0.8791391140375238 3.6247834267888175 1.7582782280750493 0.8791391140373471 1.7582782280749905 0.8791391140377692 1.7582782280750096 0.8791391140376645 1.7582782280750437 2.48658091656906 0.8791391140375048 3.624783426788298 0.8791391140375218 1.7582782280751665 1.7582782280750453 1.7582782280751186 1.7582782280750207 1.7582782280746965 1.758278228075011 2.486580916569214 1.758278228075012 1.7582782280751144 0.0 0.8791391140374392 1.7582782280750622 0.8791391140374044 1.7582782280750202 1.230794759652526 1.7582782280750646 3.6247834267887953 1.758278228075034 0.8791391140376408 0.8791391140376119 0.879139114037638 0.8791391140375027 3.6247834267884675 0.87913911403752 3.6247834267883587 0.879139114037519 1.7582782280749487 0.8791391140375123 1.7582782280751499 3.624783426788633 0.8791391140373683 3.6247834267885777 0.8791391140376564 1.758278228075 1.7582782280750617 3.624783426788641 1.7582782280749147 0.8791391140375753 1.9658148206669357 0.8791391140374807 3.6247834267889463 1.965814820666784 0.879139114037519 0.8791391140375084 1.7582782280747138 0.8791391140375443 3.6247834267883814 0.0 1.965814820666787 1.7582782280750224 1.7582782280749176 2.4865809165690287 0.8791391140374486 1.7582782280750198 1.7582782280752423 1.965814820666817 1.758278228075012 3.624783426788609 0.0 5.274834684225042 3.6247834267887002 1.758278228075027 1.7582782280752176 0.8791391140375452 0.0 1.965814820666825 3.6247834267885852 0.8791391140374986 1.7582782280751112 1.9658148206668014 0.8791391140375238 3.6247834267886097 0.8791391140374293 3.624783426788613 0.8791391140373547 1.96581482066682 2.4865809165693538 2.4865809165690416 1.7582782280751512 2.4865809165690465 1.9658148206668848 0.8791391140375392 3.6247834267888033 1.758278228075024 1.7582782280747717 1.7582782280750298 0.0 1.9658148206668637 0.8791391140375573 1.758278228075029 0.879139114037423 1.965814820666822 0.8791391140374789 114.57694200560614 -263.9132665245707 -1056.2043058138636 160.7106981087807 44.04596206320289 -200.72422113361142 -1080.4406918597965 182.09860167940033 77.45116767933207 -218.3830816592883 -1083.5839796128269 188.1253856053852 74.65033938342546 -212.199285778763 -1105.4703705125246 191.49560634147753 124.65817206285529 -241.7963205652728 -1113.148151632801 195.13791947568964 124.27738768458492 -248.01299865368247 -1034.1968437596802 169.10458219512824 103.01836897707125 -243.68513585197627 -1061.583461997557 181.2615569794575 84.1734386622123 -231.36515282135397 -1040.8963672564441 169.61541089472706 73.2267631682433 -225.41256246627796 -1028.5596722905132 161.50096369833045 105.3968030926628 -255.52751283059354 -1054.198488882065 185.71636453755855 90.75060365434109 -218.01106820854795 -1013.828096638325 151.220491160726 71.72062377833463 -219.72237178215778 -1066.0237574931405 173.86957533777235 118.44346169895361 -261.53967797202074 -1051.3360496330763 163.06680798104165 118.08675771536052 -237.6618661391191 -1065.824151679988 165.76668210286928 101.68972721038152 -229.40912031423608 -1017.9123429191919 143.81635429766433 133.07345486233606 -270.0942766415197 -1068.0934236484413 185.93710071606952 64.58492220439476 -209.91126335336656 -1023.4185769322637 163.49949637616052 82.30929652260446 -243.40547672449722 -1054.672946341093 175.7087375834008 65.38029143841585 -204.66674146086922 -1024.7104208312571 150.40022642401433 74.44493507774861 -236.4866203579208 -1076.231130383645 176.01030645563955 59.79574780420868 -219.1885451896641 -1039.1540951306133 163.6037429006367 61.590668038171614 -224.9855430369708 -1027.7859868341716 173.77499392066554 99.88196063836297 -249.74355430102472 -1100.7399069628007 185.44404567991313 65.13571293773985 -215.86666117734148 -1035.599800649112 176.0815115508948 105.6951765108187 -261.6244976844655 -1060.8237101751433 158.49063773545979 88.66935838296237 -227.7928478698766 -1043.2622039699058 149.85787898099545 118.02490291502035 -250.0071147487831 -1095.358689334411 186.7267119241965 99.68353983873655 -224.17927850442453 -1110.6942296200123 188.93775698171314 73.25018812651179 -206.3937329993936 -1027.3208405830678 168.6080743226245 89.66528881060817 -242.17132814970992 -1061.9155757674234 187.55831276661198 109.56662629895965 -231.3815113025618 -1115.7972360025003 201.75286129678852 49.17604848549575 -195.50123735428824 -1016.4310883575176 167.50332721366124 104.40584938567089 -236.90032474250714 -1019.7139072007488 156.418734903945 135.58466796839684 -265.6981859688633 -1088.9409016658742 174.233969130711 85.10074392715562 -221.25187086661097 -1103.6207518932802 198.60402700994223 81.51855488988066 -237.47860334636965 -1105.50509103431 184.55079768031428 110.21455319561136 -252.9633394438481 -1046.5382866131058 165.13089617214152 81.04571555646254 -226.16783916993663 -1048.4431801000044 175.76603729155931 69.98736849235156 -214.09685837300722 -1033.6670603709163 155.42278360960634 80.15796334765598 -210.0680485688386 -1054.2984931522283 168.02829023646967 92.15101864470006 -223.1474557611192 -1092.1800317944542 181.43903679739483 92.1251694045555 -253.04350328651793 -1073.582195493656 169.30333088233584 138.31309978678232 -251.62372917771583 -1021.6863954036515 173.21784969254864 93.33125407596488 -248.27933235972182 -1061.57895835641 176.314045521002 69.24192976331231 -227.69410151203817 -1007.0152804613989 152.81256387037388 50.83445870222885 -200.990728850901 -1086.8952027960966 182.46604748397408 117.37411210707519 -244.45402716496253 -1041.3904615209628 175.20830666574187 129.5553122411665 -247.2139616229232 -1028.0798767774486 156.71709587650702 85.7382183908373 -248.21543064728584 -1052.4397823434865 155.21633719499232 97.63006930266496 -235.84072872038683 -1035.063648037359 149.94797525606492 131.2821537300913 -253.3248430080076 -1041.8186019637826 180.35162231308215 60.52496767902368 -229.20550982228383 -1055.1365160016987 180.70824804152488 81.9258853220875 -215.71769247295495 -1108.5341687179491 196.8868765004703 95.44590095698382 -229.77876696394728 -1081.9555211995869 174.44419058508257 50.69088128645273 -205.5235790272878 -1079.3090751102077 167.8712238431939 111.49306447771696 -247.6341859321551 -1068.1008613492504 192.9812989372312 67.21959590681703 -231.61143567049092 -1089.9469427069123 188.32624451329127 76.96786474926677 -231.8703277428735 -1004.0737833037614 161.43623690841795 91.44273899374096 -233.96485662615552 -1069.8943267043928 163.04921520262437 57.03042582697301 -206.20975057052763 -1073.5678477325907 179.4994575457079 99.44182107697861 -256.25694120597444 -1095.9513655073888 177.63071461820255 61.904053437109184 -199.0791249077424 -1070.4877750648604 172.16852887234893 66.53338917628173 -222.34635341947413 -1059.7733868225844 166.53803978808887 54.155377380695704 -220.30206455854318 -1100.4328993052704 192.83306851282418 111.28465212094736 -236.8368840017054 -1067.987853374814 179.83289890411524 58.00371140302703 -201.50936551595063 -1043.4311405439487 156.2051195124706 87.54130835934616 -236.71180012009208 -1009.6244513491145 167.21182527901672 57.617734679928816 -210.9135707650327 -1048.6807623629354 180.73925983088225 125.01509859632746 -256.115287370554 -1011.6343733233482 145.59716149026002 68.33686401879102 -237.00635925917433 -1013.813928186558 158.61267531842734
280.0048193674556 1.7582782280750835 1.758278228075158 0.0 3.624783426788358 0.8791391140375325 3.624783426788669 3.6247834267885946 1.9658148206669348 0.8791391140375148 1.965814820666733 1.7582782280750329 0.879139114037417 1.7582782280750353 1.7582782280751255 0.8791391140374928 1.7582782280752975 1.758278228075053 0.8791391140375681 0.8791391140375331 0.0 1.7582782280750286 0.879139114037577 0.8791391140374826 0.8791391140373023 1.758278228074956 1.7582782280749467 1.7582782280750209 1.7582782280747202 1.7582782280750586 0.8791391140374549 0.879139114037455 5.274834684224859 1.7582782280750027 0.8791391140377282 2.486580916569065 1.7582782280747893 0.8791391140375273 0.8791391140372816 1.7582782280750293 2.4865809165693302 1.7582782280750306 1.758278228075312 1.758278228075035 1.9658148206664867 0.8791391140375553 0.0 0.8791391140374896 0.0 1.7582782280749827 1.758278228075323 1.7582782280750393 1.7582782280750135 1.7582782280750324 1.9658148206669284 1.965814820666819 1.7582782280750355 0.8791391140374892 1.7582782280751774 0.0 0.8791391140376568 0.8791391140375151 1.230794759652526 1.7582782280750273 1.7582782280749625 0.8791391140375394 0.8791391140374774 1.7582782280750227 1.758278228074889 0.8791391140375082 1.7582782280752622 2.486580916569016 1.7582782280751386 1.7582782280750533 1.7582782280749383 1.758278228075039 1.7582782280753522 2.486580916569044 0.879139114037414 1.7582782280749958 0.879139114037333 1.7582782280750333 1.7582782280752733 3.6247834267886083 1.7582782280753377 1.7582782280750355 3.624783426788764 0.8791391140375411 1.7582782280752753 3.6247834267886154 1.7582782280750053 0.8791391140375244 0.8791391140375572 0.8791391140375536 0.87913911403726 0.8791391140375168 0.879139114037318 1.9658148206667994 1.7582782280749543 1.7582782280750175 1.7582782280748848 1.7582782280750664 1.96581482066681 1.9658148206668273 1.7582782280753386 0.8791391140375333 0.0 0.8791391140375131 3.6247834267888264 1.96581482066679 1.7582782280749718 1.7582782280750355 2.486580916569016 0.8791391140375423 2.486580916568908 0.8791391140375283 0.8791391140375813 0.8791391140374698 0.8791391140372957 0.8791391140375493 0.0 1.7582782280749913 1.9658148206667014 1.965814820666827 5.2748346842251 2.4865809165690385 0.8791391140375016 1.758278228075008 0.8791391140373341 1.7582782280750124 1.758278228075172 1.9658148206668258 1.7582782280747309 1.7582782280749987 0.0 1.7582782280749973 3.6247834267883055 0.8791391140374786 1.7582782280751756 1.7582782280750484 0.8791391140374473 110.24462303461208 -262.48331024049884 -1059.5480255844654 163.6091622579794 40.7165450200339 -198.0553043378153 -1084.6166423738387 184.69401207159808 74.87216253708876 -216.97028705085333 -1088.407159099947 190.6651530013967 70.57944572831322 -210.38631261387573 -1108.8569134249985 195.03596152262645 122.49220992152404 -239.761871894508 -1117.8166936406246 200.1615578951702 121.84139590016531 -246.38330956240497 -1037.0366560590014 170.99622777143225 101.93324376337219 -242.67119845564375 -1064.3883615704053 182.37870666981576 80.8462092974006 -228.8698598403263 -1044.131332658087 171.79946114319708 72.00139517428293 -223.72386841805587 -1033.4663937132061 164.70207019895517 103.22939606532996 -254.3763755189601 -1058.0736558609624 187.8479943750301 87.49523740844735 -216.73538260645972 -1015.0637130224096 151.9918194229785 68.32669299871493 -217.7711359274581 -1070.2798722922448 176.31905461503996 116.00539120139513 -260.79059646474957 -1053.218126462713 163.7691374824243 115.51183394182766 -236.2402696566905 -1069.2938831230385 167.6265385582506 99.52153927762457 -229.14378837759062 -1020.9345556287171 145.42456135271038 130.91233919509523 -268.93160927627923 -1070.1534779568567 188.07392964074373 60.64168557632266 -206.13383813781346 -1026.4109378057055 164.2661552214547 81.21704825886772 -240.63213891069182 -1057.6333040936522 176.58796758043775 62.390040362086076 -202.10473988330645 -1027.1803046558107 151.97603676581844 71.7314201767971 -235.27695432449758 -1081.699429965881 177.65458356605478 56.263400329530704 -216.56090926676274 -1042.128013630568 164.42349702090462 57.92037920531159 -221.68093736418672 -1032.0535955046967 175.7315241902873 99.06692516944119 -248.32213153376225 -1103.8148945310693 188.62873626857225 61.54125406231181 -214.66160035960974 -1038.572528905007 177.79127136421073 102.71563130816791 -259.92974612520794 -1063.2304948725566 160.1635862015248 84.86907848954888 -225.56999838181278 -1045.5681859653157 151.68116045535183 115.85917404485684 -248.85454025949065 -1098.972541169648 190.01896736592178 96.69896192860269 -222.4938234417623 -1113.5163695176573 193.9056029357135 69.85600242505447 -204.44276326619254 -1030.3094744993211 170.28003669744592 86.8159521079153 -240.28235396043016 -1063.669242930306 187.62262115598122 106.71841591200071 -229.4895196960502 -1118.6168478791333 205.94073843446515 45.643603389656136 -192.873765675314 -1019.3097672686417 169.35239760048427 103.05153218107213 -237.17324170139625 -1022.4412017263913 157.5882488194063 132.88080742806065 -264.466244566875 -1092.555773849753 176.74907416226665 82.79464273992477 -220.3118315817994 -1106.792054898736 201.66870495367462 77.99098916345787 -235.7292713990998 -1108.9454369622795 188.0458933513174 107.77674302375917 -252.21795871170482 -1049.767757724911 167.33280938441337 77.7838038728666 -223.1315228491745 -1052.0741414203328 177.38433698835823 65.23632070228449 -211.5414890880752 -1036.119031802164 157.02481336962515 76.36334390742495 -209.60817501055584 -1055.9121603670774 169.13625440219812 89.84512797338647 -222.20668364055064 -1096.2944009050186 184.11284910652685 89.00600656792723 -251.56001578580873 -1076.877826551627 171.40353867681898 135.3356592478665 -250.80053552161914 -1025.6113902987563 174.33650697263906 91.43097808817969 -246.72549333068918 -1064.1268520372735 176.93361244375052 65.43733972876605 -224.59284148359544 -1008.4184027333677 154.25740883059115 47.2329389260579 -198.02487657661024 -1090.1894862272964 183.81619217614588 113.58170465700974 -242.21723839115367 -1043.8091276251994 176.85135213951006 129.28786893324747 -245.8584924984525 -1031.360357886641 158.8415551601257 83.83466469355248 -245.7823744468767 -1054.8639666361453 155.98424752640472 95.4597882995704 -234.69470785032064 -1038.3332672616034 152.08990632410695 128.3030435907478 -252.50402055943027 -1046.2539583807275 182.53095082469613 57.67297711495077 -227.31999028275666 -1057.5325494401932 182.40632557185432 79.48494480263614 -214.98162850966304 -1112.0043824348763 200.32551791147014 92.46122521157504 -228.09360889324626 -1087.0541262981367 177.41919498107762 47.293089782348694 -202.6923780760155 -1083.2785202351401 169.8982010497624 109.05383058184337 -246.8897891566386 -1071.700274822003 193.83795003340168 64.63729176719279 -229.31815870793722 -1094.3596983499895 190.64528707374984 74.25441062824838 -230.66084776669462 -1007.3680749486416 162.6178002133493 88.7277287168139 -231.87241218563435 -1073.908542859384 164.99529900823995 53.90546980778046 -203.85154659143683 -1077.6764022913944 181.32750153960015 96.19000323554957 -254.97342276146063 -1098.6172709122618 179.7665399085888 58.37163831918225 -196.45161368953987 -1076.3995068332085 176.4926042835708 64.08551395932203 -219.84971056791585 -1061.9006350617406 168.61591555767018 50.89231945781034 -217.2670310920268 -1103.1125189912734 195.7195400329777 108.8455026243356 -236.09491772343912 -1072.2090398000419 182.3175671517527 53.452647526528935 -198.20860234776433 -1045.5881770822712 157.36638388004684 83.7415912365906 -234.48847068873854 -1012.3520841233526 168.37219409320437 56.11909897566127 -208.7521124540438 -1051.884010852582 182.99078604762275 123.66298655769572 -255.50238188155078 -1013.5464541512115 146.21710517488577 65.75488573469487 -234.7126928240716 -1015.4687078465498 159.66453125223396
290.0048193674556 0.8791391140375783 0.879139114037687 3.6247834267885857 1.758278228075261 0.8791391140375093 1.7582782280750984 1.7582782280750031 1.7582782280747726 1.7582782280750415 0.0 0.8791391140374992 0.8791391140373485 0.8791391140375238 1.7582782280747606 1.7582782280750373 1.7582782280751565 1.7582782280750064 1.7582782280750935 1.9658148206668078 0.0 1.758278228075009 1.7582782280751446 1.9658148206668224 1.7582782280750413 1.7582782280749583 0.8791391140373215 1.758278228075027 1.7582782280749367 1.758278228075036 1.7582782280751583 1.7582782280749647 1.7582782280750047 0.8791391140375462 0.8791391140374184 1.7582782280749925 3.624783426788936 1.7582782280750346 0.8791391140373774 1.7582782280750764 1.7582782280750782 1.7582782280750502 1.7582782280750888 3.6247834267886176 1.7582782280751936 1.7582782280750069 0.8791391140374257 5.274834684225104 1.9658148206672057 1.7582782280750369 1.758278228074761 0.879139114037516 0.8791391140376253 1.7582782280750142 1.7582782280752127 1.7582782280749987 1.9658148206669273 0.8791391140375064 0.8791391140373722 1.7582782280750202 1.9658148206666874 1.7582782280750229 0.6153973798260557 3.6247834267886443 0.879139114037526 1.7582782280750526 0.8791391140373799 0.8791391140374936 3.6247834267884795 2.4865809165690345 1.7582782280749445 3.6247834267885977 0.0 0.8791391140375188 0.8791391140375379 0.8791391140375194 2.4865809165694377 0.8791391140374775 0.8791391140374837 1.96581482066681 1.9658148206669428 1.7582782280749962 2.780081980500918 0.0 0.8791391140374444 1.7582782280750342 1.96581482066676 0.8791391140375459 0.8791391140373254 0.8791391140374725 0.8791391140375503 5.274834684225105 1.7582782280751266 1.7582782280750147 1.9658148206668837 1.7582782280749971 0.8791391140376874 1.7582782280749967 0.8791391140372853 1.7582782280749991 1.758278228074737 0.8791391140374964 1.7582782280749178 1.965814820666787 3.6247834267885044 0.8791391140374754 1.7582782280753164 0.879139114037493 2.4865809165694444 0.0 0.8791391140375052 1.7582782280750102 1.9658148206671475 0.8791391140375111 0.879139114037576 1.7582782280750386 1.758278228075032 1.7582782280750466 3.6247834267887873 0.8791391140375175 0.8791391140376633 1.758278228075073 0.8791391140376779 1.965814820666825 1.7582782280747695 2.4865809165690442 0.8791391140373912 1.9658148206668564 1.7582782280748186 1.7582782280750107 1.7582782280750784 1.7582782280750566 0.8791391140374994 0.8791391140374923 1.9658148206666382 1.7582782280750164 0.8791391140373894 0.8791391140375194 1.7582782280751086 1.9658148206667774 1.7582782280751736 109.15874046406091 -260.58804883367685 -1060.7181148001969 164.4794770688364 37.518982069113555 -194.47826964732698 -1087.0718633452695 187.07779297525192 71.2087120030572 -215.4267215641065 -1091.670126339903 192.84408165505974 66.77776792783551 -208.16617015060328 -1110.2762272559855 197.0852579766133 119.5106870354849 -238.9535602798049 -1120.167753174358 203.94477835798406 120.48595120558662 -245.775185593822 -1039.9722757374523 172.7559920100495 99.220639469191 -241.460016779218 -1067.2515731187484 184.2828348196672 78.67115970186373 -226.84613396368238 -1046.9457574565304 172.90396310916546 67.92707354599393 -221.0304418476969 -1036.9441158218403 167.40305717548264 100.37995877038355 -252.48668533730833 -1060.905819266903 190.5917126850797 85.0507592952143 -215.11908331481916 -1017.5085826426708 153.61214770182568 65.06713898769128 -215.6165621612075 -1072.9006587783988 177.71852466064698 114.37772366795603 -258.8276928623864 -1054.7973211893031 164.9142678619084 112.25961813717203 -235.8412746091866 -1072.0092188996962 169.69837089402472 96.26301966058745 -226.9875204920874 -1024.1908728592825 147.58492572669303 128.6122907752226 -267.0997510159983 -1073.357936973166 190.3256830144634 59.008381999654965 -204.17611540775349 -1028.0276256826764 165.3617417125843 76.80178602536118 -237.12613508047215 -1060.7679928747073 178.91689550308848 58.45016190773632 -199.2079350180043 -1029.3495211039335 153.13772236338428 68.88285116103744 -234.27183476451148 -1086.6947929140572 180.78346596535707 52.800053530130256 -214.27178448449715 -1044.0040051620515 165.14818711925977 54.93009445803024 -219.1189684775349 -1035.6736470511298 177.36893797101462 97.7105230349113 -247.7165739248789 -1106.9862374550958 189.48993905891282 56.07346321595915 -210.75485098086244 -1042.856517254117 179.3438692828251 100.67937888132381 -257.6990556926237 -1065.59037244849 161.90105020843995 82.55941558843571 -223.74998460137988 -1047.9911819291344 152.4767571213836 113.14895924871189 -248.52063365555352 -1103.4527782766024 193.06764668983678 94.25799630580407 -221.7572581655796 -1115.8232753951145 197.11586305425226 66.86919433330246 -202.761287483646 -1032.4595799691344 171.45867681807067 84.09944648636007 -238.19213212680157 -1067.8328325877396 190.2231054943228 103.46358811145517 -228.2124916995944 -1121.3243796914774 210.89281249249828 40.21203227078875 -189.57652970650145 -1022.5596585807884 170.65432858333094 100.06613378744349 -235.48899430883216 -1024.8732423567683 159.2199622525977 130.44496067266468 -262.8369482821839 -1097.8117210374419 179.611395019193 79.40069007805938 -218.36062713622508 -1109.9618853558986 205.42305746632664 73.50639428509125 -231.8853568483154 -1112.8551782930963 190.27883736561483 106.96104625657708 -250.7975341214035 -1050.1644334291814 167.61535291671424 75.06655393871351 -221.0423865820291 -1055.120524327242 179.02068000208908 61.57276475717275 -209.99814751557437 -1037.9951140029063 158.61778037408263 73.23849378060531 -207.24982122573553 -1059.457779519534 171.72999494867594 86.45131754143715 -220.25503541482854 -1098.4285476197979 185.34935264205058 87.2366993024511 -248.92433853818338 -1078.8024543814438 172.90378058731642 132.89782409780528 -249.17448053182156 -1029.6480422020204 176.2246386519869 88.71497327112104 -244.63449960229556 -1067.9317838235888 179.20416547022458 62.4471539028859 -222.03076371095722 -1011.1470612530505 156.3293001648567 43.5623434909375 -194.72064467558192 -1093.3657581858142 186.85641868391122 110.86944933870363 -241.00386600556206 -1048.4832382277543 178.7159080067913 127.25543834788033 -244.50448950789203 -1032.304678690583 160.07922287942128 81.79198746281851 -242.67387223163428 -1056.4198766891216 158.00021800315503 92.6086351882978 -232.80803830648355 -1041.28709072852 153.82942155231248 126.40627382257365 -250.9472818154087 -1049.4536266190923 183.96046665772846 54.95206883024242 -224.35052930828508 -1061.346088879283 184.66177641885133 76.36018233830575 -212.62314878811532 -1114.5891537411892 203.21030961760792 89.60990771986549 -226.20720513096683 -1092.563056255244 180.73012684942765 44.30275254618196 -200.13048343355413 -1085.5703442624977 171.7307167710733 105.5281371700794 -245.1365931545461 -1074.8862827722032 196.1072873783695 62.46201551257884 -227.29468401843644 -1097.6522862848533 193.56466370690643 70.17695815361125 -227.08670544531378 -1010.0958128427295 164.6882313025423 85.46885628310855 -229.7168163823594 -1076.4665744197296 167.27961431023692 50.77699063030662 -200.61288417143055 -1080.1086498028342 184.53452523315943 94.28686320556746 -252.54051848411527 -1102.9446738273548 182.21085470841035 55.92341421882425 -193.95529243267077 -1079.6431287675027 179.07061087683783 60.415052544546285 -216.54530313076995 -1064.2498254117584 170.35794597892507 46.955928326411716 -215.25071639469007 -1105.8325052646198 199.27867659602103 104.6389835943087 -233.60064147466093 -1074.0511213713623 184.7101322606722 50.05485647277119 -195.37740157407927 -1047.4738948006861 158.08908422139498 81.97415582103154 -232.73380449860755 -1016.1473034643478 169.73309389053037 52.85597210407197 -205.71716745916558 -1055.8612366659765 185.02134919199008 121.76625312965447 -253.9457506646036 -1016.2816473748156 148.28506268389987 61.54594478673756 -232.22290546365355 -1017.3636795836102 161.220213959539
300.0048193674556 0.8791391140374865 0.8791391140375588 3.6247834267885857 1.7582782280748654 0.8791391140375069 2.7800819805009636 0.8791391140374675 1.7582782280749054 0.8791391140375223 1.7582782280749956 0.8791391140375417 0.8791391140376831 1.7582782280750027 5.274834684225284 0.8791391140374853 0.879139114037478 0.8791391140374962 0.8791391140374257 1.7582782280750033 3.624783426788637 1.7582782280750244 0.8791391140376195 1.7582782280750306 3.624783426788788 1.7582782280749922 3.6247834267888783 1.7582782280750346 0.8791391140375935 1.7582782280750104 1.7582782280752445 1.7582782280750022 3.6247834267883827 0.8791391140374821 1.7582782280747287 1.7582782280750335 3.6247834267884276 1.7582782280750486 0.8791391140376631 1.758278228075013 1.7582782280748874 1.9658148206668324 1.7582782280750526 3.624783426788593 0.0 1.7582782280750227 1.7582782280751803 2.7800819805010732 1.7582782280748153 1.7582782280750333 0.8791391140372378 5.274834684225085 0.8791391140374564 0.8791391140375168 0.8791391140375122 1.7582782280750058 1.9658148206668589 1.9658148206668125 3.6247834267888064 0.8791391140375507 1.7582782280748128 1.7582782280749991 3.6247834267886456 1.7582782280750273 1.758278228074865 1.7582782280750346 1.7582782280753566 0.8791391140374164 0.8791391140378403 3.6247834267886105 0.0 0.8791391140375273 1.7582782280749776 0.879139114037548 0.0 1.7582782280750675 0.879139114037729 0.0 2.486580916568999 1.7582782280750555 1.7582782280752718 1.7582782280750389 1.7582782280751246 0.0 0.8791391140374002 1.7582782280750127 3.624783426788737 1.7582782280750442 3.6247834267888543 0.879139114037513 0.8791391140374214 3.6247834267886145 1.7582782280752554 1.7582782280750298 0.8791391140374566 1.7582782280749887 3.624783426788705 1.7582782280750182 1.7582782280750142 1.758278228075018 0.0 1.75827822807503 3.6247834267885044 1.7582782280750022 0.8791391140376505 0.8791391140374888 1.9658148206665562 3.6247834267886123 1.758278228075275 0.0 0.8791391140378253 1.7582782280750486 1.9658148206668369 0.8791391140375163 1.965814820666898 0.879139114037515 0.0 1.7582782280750302 1.7582782280748548 0.879139114037496 0.879139114037773 0.0 0.8791391140373177 1.9658148206668293 3.6247834267887753 3.6247834267885994 1.7582782280750304 1.7582782280750664 0.8791391140372677 0.8791391140375013 2.4865809165689114 3.6247834267886097 1.7582782280748188 2.48658091656904 0.0 3.6247834267886354 3.6247834267883734 1.758278228075021 0.879139114037571 1.965814820666844 0.8791391140376066 108.07507294732727 -260.45537105393976 -1063.1034803064856 165.40808314825912 32.633016622138314 -192.12709874716347 -1089.3782270296265 189.63949176600627 70.1175516707617 -213.53456893016988 -1094.9271490307801 195.47699764240969 64.06025541755582 -206.0772760052159 -1113.0555930220346 200.4758454013551 116.93303514144927 -237.53855730626958 -1121.9611107242306 208.0580639389032 118.5830807850785 -243.3423820688686 -1043.0931951345954 175.08997012217262 96.50723090822333 -240.2503714868444 -1072.0103857961262 187.3665251480919 75.27699654089213 -224.89514655918748 -1049.8118046025722 174.78715238810025 66.29381267217065 -219.07267587068122 -1038.9653933946856 167.9675051962723 97.93619673350929 -250.86897748100543 -1064.2017755764366 192.72475867843286 82.6061487697571 -213.5030659940176 -1019.9025951720212 156.15012377147866 61.807528919909316 -213.46207650359264 -1076.979394216595 181.22390252383093 112.342402663004 -257.47838509182645 -1058.4218066892633 167.42318756085137 109.27405251052097 -234.15776453524674 -1073.1946683897042 171.29765544898453 93.54918950789573 -225.77855134870353 -1026.85494920109 149.7439294625627 125.76591952526638 -265.20705762216596 -1076.98391850827 193.57125441005064 56.967612484966246 -201.94909765301793 -1030.1545973225377 166.5962959572251 73.68044397657481 -235.64807466795148 -1065.3990301244166 181.73892024332895 55.19052342511643 -197.05349045021023 -1031.9934575577172 155.3100474346569 65.08466369764766 -232.93210128927478 -1088.6842870993594 183.62945945525365 47.56872298150765 -210.22869848241973 -1046.7408033114868 167.19662750394488 51.19394229287192 -216.3568188967167 -1038.7080048958849 179.0028809537308 94.72156564702017 -245.15308257904073 -1109.6163306220296 192.3361055202107 52.337297809520834 -207.99271513060472 -1045.9214500075384 180.14685294077105 99.18513035777403 -256.4167108261916 -1067.191374738085 162.24578067703115 79.57272333065798 -222.06834712231253 -1050.2043853237851 154.40344309228306 109.89421967981932 -247.24319646447626 -1105.712569399092 194.93564836998664 92.08626028804618 -220.6140720240992 -1118.1839157115257 200.85695520414157 63.74072884173336 -199.52261454976045 -1036.6820847221563 173.97857105538566 82.19714655026402 -236.6415240290974 -1070.9307411771385 191.91052048810937 100.4773662072033 -226.5300961029063 -1123.7075015236885 215.38975984418087 36.50453899444649 -187.21390396114344 -1026.3052230589933 172.12615532942743 96.67580833243088 -234.4174714797924 -1027.950747496316 160.79179649239234 128.27544974990946 -260.8075546657943 -1100.059684479898 181.51659992872436 77.49815330756128 -216.81028372500302 -1112.7335458026039 208.21305772594795 69.9775518599802 -230.13808692328882 -1115.3495756381883 193.8987210234256 105.06253441389455 -250.12599701873327 -1053.3371319889968 169.09802999457747 72.55281541363328 -219.08808642812315 -1058.6319708680571 180.87742702155464 58.178483252988165 -208.0474157708998 -1040.366175077853 160.3388378610185 69.70609429933306 -204.62228928017768 -1062.2124748773358 174.54686261182013 84.82159821144718 -219.17763490988847 -1101.670041185919 188.30058806817067 83.57026228813841 -246.49943073988496 -1079.8672389373385 175.39575024291096 131.40541808204324 -247.89077918322224 -1032.8751383977526 176.77539771485777 87.62752915510606 -243.6225450398682 -1071.4573543511958 181.84477974748987 60.26827901517506 -219.1269443457824 -1011.9398560526955 157.76206093113552 39.014758136049316 -192.3003985755361 -1095.4082109680378 189.63877376423494 109.77968509657072 -239.11100172529206 -1052.398570727696 180.83048881696683 124.54382360237405 -243.29171787966317 -1034.5615264822864 161.11793058276615 79.07480024294823 -240.58455553352317 -1057.719441874694 158.710304173999 89.07673084157557 -230.17989492087338 -1041.3607715368798 155.3872522387107 123.42047337228894 -248.38040374052935 -1053.0352934682703 186.52029381871884 51.96176383470908 -221.78860288739617 -1064.473206725385 186.25123596938147 74.31947256188968 -210.39607039200098 -1117.385105856995 206.93891690208312 86.89604317388414 -224.99845205267525 -1094.869243518748 183.2614797171087 40.50100259755786 -197.9104669686464 -1086.6897255495637 173.40428271199679 103.35419877890634 -243.1116426515617 -1078.4851156561658 199.43042622994417 58.51869778524554 -223.51732529435822 -1100.9873000204202 195.45938215901563 68.27094206038375 -224.6558823436803 -1011.851694575681 165.5933461931216 82.20953172040964 -227.56190776658428 -1080.1540665170435 169.73634680515028 46.837091638840775 -197.71610609770738 -1082.1299845600943 186.67673563303947 91.711337596547 -252.00736566254233 -1106.1951261782904 183.81010175512483 50.49534198817097 -191.53854232422535 -1082.5698307308314 181.65798936505297 55.390965614408586 -213.51731579425498 -1066.7480357805916 172.6871882271189 43.28533795333982 -211.94647832609482 -1108.4126883595939 201.58561674083828 101.78773083284467 -231.71419289591273 -1077.7160941908694 187.96660210813997 44.45234661909008 -191.67445894601894 -1050.8932382968096 160.04404385292437 78.58008864949706 -230.78270412549668 -1018.7201497267018 170.3302031614997 49.862140614835 -202.27478179954272 -1058.8165139056837 186.80988408324055 120.40827582470384 -252.45853615493894 -1017.6193428341307 149.78367286776137 58.55221887113672 -228.7804319200788 -1018.4026650406518 163.14064128027115
310.0048193674556 0.8791391140374949 0.8791391140375203 1.7582782280750382 1.7582782280749063 1.7582782280749916 3.6247834267886856 0.8791391140374913 0.8791391140376842 0.8791391140375412 3.6247834267887074 1.7582782280749931 3.624783426788784 1.758278228075042 0.8791391140378448 1.7582782280750238 1.7582782280748048 1.9658148206667965 3.6247834267887504 0.8791391140375356 1.7582782280749836 0.8791391140375643 1.7582782280751608 3.6247834267886176 1.7582782280752205 1.758278228074999 1.9658148206669168 2.486580916569031 1.7582782280753204 0.8791391140375232 1.7582782280751412 1.758278228074974 2.48658091656903 0.8791391140375436 0.0 0.8791391140374922 1.9658148206667425 1.7582782280750213 0.879139114037346 1.7582782280750415 0.8791391140377415 1.7582782280750577 0.8791391140373405 0.8791391140374942 2.4865809165690886 0.8791391140375567 0.8791391140377162 3.6247834267886043 3.624783426788808 1.7582782280750289 1.7582782280748055 0.8791391140374922 0.8791391140377488 0.879139114037516 0.8791391140377673 1.7582782280750133 1.7582782280751972 1.9658148206668145 3.6247834267883925 0.8791391140375341 1.758278228074825 1.7582782280750515 3.624783426788593 3.6247834267885692 1.9658148206669677 1.7582782280750169 1.7582782280748008 0.8791391140375708 1.7582782280749507 1.7582782280750127 1.7582782280751252 3.6247834267885786 0.0 1.7582782280750398 1.7582782280747609 1.7582782280750477 2.4865809165694026 1.7582782280750593 1.758278228075073 2.4865809165690074 0.8791391140376207 0.8791391140375051 0.8791391140377002 1.965814820666836 1.7582782280752236 1.758278228075042 1.965814820666749 0.8791391140374687 0.879139114037694 2.486580916569058 1.7582782280751363 3.6247834267886203 1.9658148206665087 0.879139114037529 2.48658091656916 1.7582782280750058 1.758278228074957 1.9658148206668578 1.7582782280752696 0.0 0.8791391140373768 0.8791391140374822 1.758278228075163 1.9658148206668384 5.274834684224912 1.758278228075016 1.965814820666958 2.486580916569022 0.8791391140372449 1.7582782280750466 0.8791391140374392 0.879139114037499 0.0 0.8791391140374907 0.0 1.7582782280750555 1.9658148206667079 0.8791391140375082 1.7582782280747444 0.0 0.8791391140376082 0.8791391140375149 0.8791391140375876 0.0 3.624783426788777 3.6247834267885874 0.8791391140372284 1.9658148206668509 1.9658148206671098 1.9658148206668373 1.7582782280752836 3.6247834267886194 0.8791391140374255 0.8791391140375159 3.6247834267885337 3.6247834267886034 3.6247834267885013 1.7582782280750253 1.758278228074853 0.0 1.9658148206667645 106.44889982959502 -260.25780444684705 -1065.1125103001887 166.8254155957758 27.743553232298208 -188.89544003018872 -1092.4567601895028 192.79692110963106 66.58512803200794 -210.907071377466 -1097.887920953118 199.31954380401302 61.61902379296786 -205.3419271390241 -1114.6086329774514 202.38366635072302 113.26693428935674 -235.11310103862925 -1125.8700813038913 213.14348873102324 114.64797209135229 -241.32373047391735 -1048.011043990191 177.56021841749663 93.2479137564797 -238.09539389844588 -1074.286836648349 189.22500047751964 72.02087607584674 -223.6211195644051 -1053.057673186809 176.23755757232732 62.08113873526656 -215.7028294094162 -1042.082771061686 169.52976360566473 95.8993859013256 -249.52189218023742 -1067.0455589726769 196.14148310473277 80.02679801379945 -212.09090019046948 -1020.934782280256 157.21523431550258 58.813707296550014 -210.0196811173954 -1079.9082889782828 183.7934085737531 109.08410576698311 -255.32188902252366 -1061.2017979542377 169.44678416947 106.28768732109981 -232.4755564533174 -1075.6498482032073 172.95379993435603 92.0541480189297 -224.49745149941188 -1029.4573531624155 151.97438418917937 123.59508047992627 -264.0617517411795 -1079.2728691974226 196.73683865507047 55.87640236722425 -200.05696668226545 -1031.4150959740557 168.17432276411873 70.82486302964516 -232.88233899711702 -1068.068488258658 183.90119855021638 51.792731979570696 -194.22228974824506 -1034.125675625395 158.15485663020885 63.582545170657546 -229.89015466621464 -1091.0420661764856 184.72953806260438 44.309081822803435 -208.07425735867395 -1049.227747728713 169.5395848348395 48.2036099293841 -213.7949188133216 -1043.4707682115575 183.184488848226 92.00445933297047 -243.0636335183323 -1111.6253033280636 193.87993910362056 47.44433884841384 -203.8805652259035 -1050.7205790552694 183.55824629694368 96.46849386681629 -254.3266642908313 -1069.9010250171368 164.33159046518418 77.67361789024953 -221.39852824706367 -1052.1941429674382 155.05935197393458 107.99859713471109 -247.4530045504772 -1108.8963867591572 198.04173197966455 88.82674819280471 -218.45944069484295 -1120.1475939939637 204.26862488409904 60.3499345287382 -198.45238382665298 -1042.466719560047 177.66984760242744 80.56740576601608 -235.56423047039067 -1073.1837252623777 194.49244595288093 98.44027929940617 -225.18327484166323 -1125.2004759060271 219.96164817528012 30.803662982497883 -184.32412327481757 -1029.8157358855713 172.3705169280597 93.6891991855544 -232.7356539064335 -1029.2216896058728 162.35782470869128 127.18911779769259 -259.79445589597367 -1101.2352477755833 183.7310328107342 73.69644291717864 -214.59020214434597 -1116.1188514482847 211.31219361054843 67.66403073054963 -227.4379932329815 -1116.7466997109948 197.1026977103794 102.07639008768183 -248.44338538249343 -1055.9460959600356 171.29753259107204 69.83879697128252 -217.879676784924 -1062.7548891565639 183.61805940729877 54.100438918381684 -204.4738726177973 -1042.5986385720396 163.03413198106935 67.53067678541683 -202.59899186540915 -1063.8746404699739 176.35729809608947 82.51159007625313 -217.35799691378622 -1103.4005740236767 190.0594685254727 79.7687688286969 -244.27904950466578 -1083.1398720815082 178.33357739221952 129.23462581159023 -246.74579727471973 -1036.2996480336756 177.927215536703 84.77899530526686 -242.6175676992101 -1073.2033036791345 183.53648917058766 55.44441362970426 -215.35315359110655 -1015.3847231120699 159.66903775413508 33.994140242873506 -190.15295531569643 -1097.845001758863 192.70349634830373 107.4766442933768 -239.0514980668106 -1056.3134965931122 182.66197042307675 121.01598112894398 -241.54211101158043 -1036.5090043998841 164.18649813671567 75.94995789911208 -238.22618074422323 -1060.1793416994192 161.0837685716034 86.22810287695862 -229.1750542618074 -1042.1386194147462 155.9890790771105 120.9770415642115 -246.76227857162243 -1057.2789216938884 188.35450678035008 48.8332867101273 -218.5499407755179 -1068.378639307203 189.9799987740065 72.14406508319084 -208.37276154124277 -1120.8473766611573 211.1546680067593 84.99350278287267 -223.44809407688655 -1097.114247320443 185.84244204788618 37.510665247454504 -195.34857252403182 -1089.0762918401444 175.16451715697687 101.72142382494984 -241.15341218983602 -1081.2322424713625 202.85086576370296 55.659538094187056 -219.87120071588748 -1103.194568148531 196.84606598251497 64.73852844855372 -222.02836994831952 -1014.1894886197477 164.88028913537647 79.90299296215046 -226.62272544874216 -1082.4504278152265 172.27363425134058 43.301148874652306 -194.20814635393072 -1085.120836651302 190.5223955563025 89.60207898991501 -249.44159581576113 -1106.642934576439 185.9613563683846 45.87868160864382 -188.77991584162973 -1085.9196906704713 185.17026113703398 51.040120814702256 -209.47073587899246 -1068.663695654158 172.75011470121973 38.261222960145666 -208.91854547163916 -1111.1415709780906 205.64302630019577 98.25904502842751 -229.9666211432347 -1080.4197948754052 191.4350357538711 39.08985072356657 -188.71560301182194 -1052.936466477931 161.39410768084576 75.73143394900617 -229.77796374976816 -1022.0763079945939 170.72962384817313 46.86830613790674 -198.83239883695478 -1063.4576375712195 190.44798086357892 117.15033601953552 -250.30142239335578 -1020.390805725423 151.79216555981145 57.996159183594806 -225.19289867227596 -1020.0736255516724 165.0018461843639
320.0048193674556 0.8791391140375497 1.758278228074812 1.7582782280750382 1.7582782280749947 0.8791391140375445 3.6247834267886723 0.8791391140374972 3.624783426788821 1.7582782280750093 1.965814820666804 1.7582782280750453 0.8791391140375405 1.7582782280750235 0.8791391140376753 0.8791391140375598 3.6247834267882797 0.8791391140375212 1.758278228075291 0.879139114037521 1.9658148206666395 0.87913911403747 1.7582782280749796 0.8791391140375242 1.758278228075239 1.7582782280750149 0.8791391140374145 1.7582782280750175 0.8791391140377235 0.8791391140375342 1.7582782280749873 2.4865809165690527 3.6247834267886163 3.6247834267885817 0.8791391140372343 1.758278228075061 0.879139114037544 3.6247834267885852 0.8791391140377461 1.7582782280750404 1.758278228075128 0.0 1.7582782280752192 3.6247834267885852 3.6247834267884236 0.8791391140375083 1.7582782280750462 2.780081980501051 1.9658148206670587 1.7582782280750608 0.879139114037747 3.6247834267885803 0.8791391140375919 0.8791391140375089 1.7582782280750127 1.758278228075017 0.8791391140375783 0.879139114037485 1.758278228075263 0.8791391140374684 1.9658148206669308 0.8791391140375657 1.7582782280751084 1.7582782280750382 1.9658148206670258 1.7582782280750142 0.8791391140376836 3.5165564561500906 0.0 1.9658148206668198 2.4865809165689865 1.7582782280749816 1.7582782280749227 0.8791391140375481 1.7582782280751794 2.4865809165690473 1.7582782280747522 0.0 1.758278228075075 0.0 1.7582782280752947 1.758278228074986 0.8791391140377172 3.6247834267886105 0.8791391140372752 0.8791391140375306 3.6247834267882997 1.7582782280750524 0.8791391140373078 0.8791391140375053 1.7582782280749467 2.4865809165690487 3.624783426788406 1.965814820666838 3.6247834267885253 1.7582782280749887 0.8791391140372437 0.0 1.7582782280748788 0.8791391140375304 1.7582782280747349 1.7582782280750129 1.9658148206669108 1.7582782280750122 1.9658148206669104 1.7582782280750529 0.8791391140373703 1.7582782280749998 1.7582782280749667 1.7582782280750056 0.8791391140375387 1.7582782280749978 3.6247834267885315 0.0 3.6247834267886523 1.7582782280750422 3.6247834267887264 0.8791391140375048 1.7582782280750375 1.965814820666822 1.7582782280752751 3.6247834267885866 0.8791391140374222 3.6247834267885763 0.8791391140373227 1.9658148206668533 1.7582782280747729 2.4865809165690433 1.965814820666736 3.6247834267885755 0.8791391140373864 5.27483468422508 0.8791391140375824 1.7582782280750264 2.4865809165690287 1.5848905769641517 3.624783426788887 0.8791391140374993 3.5165564561500005 0.0 1.7582782280748788 105.09205717490235 -259.65330153971473 -1066.657302563109 168.72449493618097 24.079953632782967 -187.35218380926892 -1094.114937044456 195.2123093505333 64.95531037891678 -209.82984836069036 -1099.5464906959673 203.42894534985024 60.527814292016835 -203.44979585352888 -1117.1291507775572 206.58713559514567 111.50261422459228 -234.2392951563699 -1127.8793187134927 218.12810029412208 111.39212983476935 -240.0490762310777 -1052.0835391528415 179.65861558867473 91.07258621354578 -236.071990874421 -1076.9982266078437 192.70476402416116 71.06433247922787 -221.52525302434967 -1057.938028445778 179.62116310227938 58.54870006032924 -213.0753499378628 -1045.312348691436 171.77381133245706 92.23259831288625 -247.0977177065578 -1070.6633327336626 198.86348148592862 77.57858748286178 -209.5945599810985 -1023.2298808337853 159.04603857025947 56.36548047695008 -207.52336104014847 -1081.9072024232275 186.60150194400546 105.82499298086177 -253.16662541683354 -1064.0160021164854 172.18402027702422 104.11590630546017 -231.33251031318375 -1075.7533754788665 174.85844971143436 89.74412600960721 -222.67781905875108 -1032.3340931982536 153.0586874323459 121.15142140324284 -262.4445057176817 -1083.5131917683366 200.24052089164073 49.902724301776026 -196.69415199148625 -1034.1451935971058 169.4873968279205 68.37666131156438 -230.3859965901037 -1070.3558387164649 187.07343466285008 47.98748431321321 -191.12178518173005 -1035.939885667644 159.02555507159286 61.53479652205812 -225.9021552024972 -1093.9921038576438 188.6225627110869 40.503834290809166 -204.97375263118653 -1052.0949508175768 172.18039843804755 43.58345328670782 -210.1558026306867 -1045.7463121521905 185.00231909556416 89.01775113214104 -241.38203412500354 -1112.924399784072 196.52314853896394 43.16256095248322 -200.17237541705435 -1053.2053312240064 185.95398885457575 94.15870202172702 -252.50671444435164 -1071.0984243600549 165.19455748364302 74.95610372377266 -219.3096409679965 -1053.1132715250233 156.23169345858688 106.37227281261369 -247.25598618261705 -1111.8018582166878 202.56471356353424 85.43248543518412 -216.50867019321262 -1121.7412810515834 207.2747294170556 56.5516833666679 -197.11285321176976 -1046.1397001462008 179.41565947769726 80.83324480664751 -234.27629165057712 -1078.1398998366728 199.26409929257193 96.53772724634298 -223.6329346193346 -1126.0035208475606 223.046606563904 27.95147600509116 -182.438989023249 -1033.4848551268817 174.85597943369348 90.7024445172416 -231.05412250686325 -1031.9672590404134 163.64311705340756 124.34095599494755 -258.78821660385483 -1102.0427254527683 186.13665193185506 71.66266641252703 -214.12415583302337 -1117.8391288509597 213.69556744462142 66.29654414902159 -224.19233053715905 -1117.9962273621968 200.31183828053543 98.82047365891569 -247.1689107249245 -1058.39123644182 172.96908270916268 66.30985784957257 -216.1326775553144 -1064.9034407361335 186.2731691698609 49.89123479205347 -201.9845495479945 -1045.2052819510784 166.00720230433507 64.81664130433825 -201.39061336441026 -1066.7564559924895 179.67916004837534 78.84800989292337 -215.81469689831263 -1104.2056486539007 193.05858439743415 76.37107313091823 -241.44773421745808 -1084.7928312845281 179.5106011487847 127.06311418900899 -245.60199375149824 -1040.1226782835856 178.77631335239474 83.01454907583877 -241.74401430231322 -1076.1803242354504 186.11525665559162 50.9554160094538 -210.62981825510764 -1017.1432509328124 161.3663981872769 30.599845536486747 -188.20224381222584 -1099.378327232184 196.3827231511241 104.89747954210694 -237.63901197375114 -1058.180912883894 185.6419911543797 117.89165540805281 -239.1829470143514 -1038.573095215938 166.2577936304575 75.26276060957476 -235.72285592411697 -1061.5932764527024 162.45416885330448 84.33942036168935 -231.14670652402017 -1044.2684590345186 156.50528038200343 118.5360443478077 -246.0260760107491 -1060.4862801629588 192.06196081014804 47.19647193363121 -215.71174426479507 -1071.1361979317394 193.39186151287294 69.56468435108624 -206.9606521062142 -1122.7950082778566 215.08930672540407 82.00668857761917 -221.76663967824234 -1098.9878778562895 189.30895071540064 34.79662866118005 -194.14019844415492 -1090.819985997621 176.8940890274354 100.08830654241116 -239.19557086922893 -1084.1395603186413 206.77302473996872 53.069666777865876 -215.81763151544698 -1106.581793490532 200.5191016773356 61.47540147084274 -218.9934302975988 -1016.608786279545 166.5274018815391 77.86573303170712 -225.27616745890688 -1084.9289775583072 173.99773954580516 39.630553430321754 -190.90391445518458 -1088.4578332797403 194.12362237178425 85.66581956264582 -247.42501305887262 -1108.6606971983585 188.17353860757933 41.12736862691388 -186.22501725524867 -1087.026487937039 187.3953150621584 46.823921886319546 -205.2204367310354 -1070.5068791216274 175.73715653864906 34.590627616931684 -205.6143134665546 -1112.3319496753666 209.43038932008682 96.90205765450486 -229.36236735898373 -1082.8273674182735 193.2853032714022 34.33503978442167 -185.28021664843598 -1055.2397013369016 162.49205251041766 73.55952051607296 -228.63513638758778 -1025.9809653571947 173.62834919605203 43.53609097343306 -195.45909158012697 -1065.5847973058796 192.44882733138598 115.2513800241906 -249.63105265693574 -1022.6906948038194 152.04810920945704 55.81374802059699 -221.40863113296405 -1023.1045205065803 167.45597857474908
330.0048193674556 1.7582782280750573 1.7582782280752518 0.0 3.6247834267885173 0.8791391140375368 1.75827822807477 0.8791391140375361 0.8791391140372686 1.7582782280750575 1.9658148206670438 1.7582782280750313 1.7582782280751827 0.8791391140374885 1.7582782280748328 0.8791391140374976 0.8791391140371982 1.965814820666825 0.8791391140377004 1.7582782280749831 3.6247834267887296 2.4865809165690798 1.7582782280750706 1.7582782280750306 0.8791391140378237 3.6247834267885577 0.8791391140378106 1.7582782280750335 1.7582782280749705 0.8791391140375179 0.8791391140375938 0.8791391140374865 0.8791391140378115 1.7582782280750269 3.6247834267887353 0.8791391140375187 1.7582782280751585 1.758278228075035 0.8791391140372617 1.9658148206668309 0.8791391140376766 3.6247834267886416 1.7582782280748288 0.8791391140375321 3.624783426788681 0.8791391140374618 0.8791391140374082 0.8791391140375386 0.0 1.7582782280750424 1.7582782280751672 1.7582782280750466 1.7582782280752258 0.8791391140375094 0.8791391140372753 0.8791391140375103 0.8791391140372202 1.7582782280750182 1.75827822807485 1.965814820666801 1.96581482066683 1.7582782280750444 3.6247834267886363 2.6374173421125238 0.0 1.7582782280750648 1.758278228075292 1.7582782280750027 1.758278228074898 0.8791391140374752 1.7582782280752147 1.7582782280750386 0.8791391140371486 1.7582782280750138 1.9658148206671666 0.879139114037522 1.75827822807524 0.879139114037553 0.8791391140375249 1.7582782280750546 0.8791391140377622 1.758278228074992 1.7582782280751859 1.9658148206668193 1.758278228075062 0.0 0.87913911403756 0.8791391140374989 0.879139114037309 1.7582782280750135 0.8791391140373663 3.6247834267886283 1.7582782280749878 0.8791391140375272 2.486580916569329 0.8791391140374755 0.8791391140377617 3.6247834267886034 1.7582782280750389 1.7582782280750429 1.7582782280748828 1.7582782280750289 1.758278228074717 2.4865809165690242 1.7582782280749882 1.7582782280750056 3.6247834267887193 1.7582782280750369 1.7582782280749152 0.8791391140374786 1.7582782280752431 0.8791391140375012 1.7582782280748128 3.6247834267886225 0.8791391140373405 3.624783426788629 0.0 0.87913911403749 1.758278228075184 1.7582782280750273 0.8791391140372808 3.6247834267885746 0.8791391140376316 1.9658148206668205 1.7582782280749598 1.7582782280750238 1.7582782280749387 1.7582782280750366 1.965814820666689 1.7582782280750615 0.8791391140376427 1.9658148206668224 0.8791391140372236 3.6247834267885723 1.9658148206669233 1.75827822807504 1.965814820666763 2.486580916569059 3.5165564561503264 1.7582782280750402 0.8791391140374344 102.91684514523863 -257.629787673983 -1069.7009389895193 169.2812808869754 20.954963819430176 -184.99401702337576 -1095.178741110315 198.56263106439417 61.426364178821885 -208.0828621163358 -1102.6191100196895 206.25624429220437 55.914652360598076 -201.57165590152138 -1118.1055942828566 208.79865819039938 108.78865468124755 -233.03076682082306 -1129.3535501083416 221.74331029786472 108.13265455538169 -237.89436476223378 -1054.7000843033097 181.89478494327741 89.17000051711621 -234.52170132074832 -1078.6167847135976 194.5823515393443 67.67353923499314 -220.45502027379243 -1060.09532180018 181.0231283432651 55.69301672085464 -210.30972636448178 -1047.1563812341083 174.73163401167696 89.51861453328891 -245.8892394990764 -1073.6689167869677 202.74197519251024 74.04964391399145 -207.84756717233688 -1025.2072968988166 160.4913337005267 53.105838888135295 -205.36892101010108 -1083.8545897942745 187.65345134051014 102.84169276516661 -252.36543444930894 -1064.9238176283388 173.98056028566126 100.85635669895215 -229.17794456934845 -1077.1809545529622 177.45683989661688 86.75730570371896 -220.99638355277517 -1033.3973731378026 153.35984078929994 118.97980726424002 -261.30123171196186 -1085.1248399861286 203.25514557903722 46.10097444927003 -194.47413538236844 -1036.958784709269 172.20565944072567 65.38633340365195 -227.8240914715844 -1072.2297619710066 187.5028188095349 46.08486038547027 -189.57153302242153 -1037.1837578873333 159.86768535919413 57.59839739988206 -223.88586056807372 -1095.086640827724 190.81899062476563 35.2104136254642 -202.35327668794883 -1053.9462959419495 173.7926949284321 40.32381123891922 -208.001363083789 -1050.3858186331602 188.0022503096801 86.70771560244691 -239.56242099601468 -1114.6752253373495 199.48741670886494 39.76127048601754 -196.46068816449787 -1055.5813307186997 188.40457292902994 93.07101598986857 -251.4950047049237 -1074.0413621490518 167.17310310212355 72.10042818856022 -216.5440086212466 -1053.9419850924703 158.83036748655297 103.92765234291566 -245.6399802508472 -1112.63710058385 204.87898997794622 82.98776378853653 -214.89282731056235 -1122.9284568137853 209.41258776866792 53.29204138023418 -194.9584136097891 -1049.257433843623 181.7993271162271 76.35126241291783 -231.3138979373583 -1080.0361509466918 202.09443636334126 93.96184988122603 -223.10128059288215 -1126.8543143517818 227.22802798770266 22.730628413196786 -181.03738113459954 -1036.0979253769153 177.10002056290392 88.11960230881431 -228.76149023460886 -1034.6270768587108 165.8084943071171 121.62392433958439 -256.69872429962555 -1104.8165070874477 189.03105291241152 68.67233380189747 -211.56225598533302 -1120.7466930135295 215.7032060441114 61.6798897073377 -221.4336955364928 -1119.6745962817981 202.2130841079286 95.28818293062412 -244.54124551331032 -1060.988604425491 175.8948735689585 63.319523722314166 -213.57077890440667 -1066.6592721337365 187.3644867130082 48.2579159187565 -200.02684197121704 -1046.0838050356188 167.18828930619478 61.560497568457066 -200.1166605847956 -1067.3638377083246 180.43079742645676 75.31557472843606 -213.1872126129002 -1106.0363704068395 195.9804444304334 73.24261698297654 -238.20904436824145 -1086.6652877818883 182.95659844324297 124.4806460917856 -243.30889426114692 -1042.7433183031471 178.9758925854868 80.3661152160339 -239.9934891670939 -1077.318590499341 187.678122853491 47.96158163946744 -207.18743509693726 -1020.7234825253817 163.1838520338852 27.61300611260633 -186.5208372017995 -1101.8766758850784 199.46783171906804 101.49984462930237 -234.80760761978485 -1061.0486981928677 188.35165360623785 115.99600418610945 -239.39347395098713 -1040.84903141908 168.8217924128477 70.780774340816 -232.76047169033313 -1063.2135324424805 164.94843943582143 81.89819134823922 -230.41134402339853 -1045.3306501251013 158.21010025315448 116.49896033646233 -244.6792775215714 -1063.1103940847672 194.98835241817238 43.93683018973384 -213.5573042846479 -1073.335576198537 196.0241678685653 67.25460668510948 -205.14109277675735 -1124.8238632098826 219.0234033948869 79.56196696130984 -220.15079452332176 -1100.4410774080425 191.26793090809682 32.75585430761502 -191.91318616038743 -1092.8700125003995 179.0536840171556 96.01733815718086 -237.38283860724263 -1086.1103161975186 209.63286323444555 49.80652785769375 -212.78270345797583 -1106.803932331487 203.11933090459786 57.262701948327674 -215.62361699222072 -1019.8086987032568 168.0400974433762 75.69381012073909 -224.13335933583005 -1086.5698562413363 175.8263824449109 35.14154944661733 -186.18058498939686 -1089.8703372314847 197.2871375627886 82.54088841428 -245.0667645834777 -1110.0638946947176 190.73257825592802 35.96160446579266 -181.63983817830166 -1089.1263937500948 190.09301898759642 41.52700361938793 -201.71947248967524 -1071.8563808713793 177.79785986386537 29.43185934888272 -202.79010999826926 -1114.368268207276 212.2762537673932 94.05339924119853 -228.35765278439413 -1083.7825091069226 195.56559036560148 29.03462316976272 -180.89876522091816 -1057.0517951217585 165.45318520888793 70.43453964453954 -226.27695872130778 -1029.8114511198435 175.94464191472554 39.556406152420294 -191.07239317558248 -1068.2980731230823 195.2707734931252 112.80688090089173 -248.01489651522377 -1026.3586731614478 155.25549418778584 52.550610121789 -218.3737014549783 -1025.7862557198798 169.58266393627662
340.0048193674556 0.8791391140375718 0.8791391140372256 1.758278228074999 1.758278228075118 1.75827822807501 0.0 0.8791391140375124 1.9658148206669428 1.758278228075 1.9658148206668624 0.8791391140374795 1.7582782280750129 0.8791391140374918 0.8791391140376031 0.8791391140374761 1.7582782280749196 1.7582782280750342 0.8791391140373273 1.7582782280750586 3.6247834267885657 1.7582782280750187 1.7582782280752363 0.8791391140374879 0.8791391140375853 1.758278228075054 1.7582782280751585 0.8791391140375334 0.8791391140373646 1.7582782280750622 1.758278228074959 1.7582782280749665 0.8791391140378979 1.7582782280750506 1.7582782280752125 0.8791391140375382 0.8791391140375494 1.7582782280750524 0.8791391140372418 1.9658148206668518 1.7582782280748765 0.8791391140375476 0.879139114037588 0.8791391140375454 1.9658148206669164 1.7582782280750036 1.965814820666725 1.7582782280750229 1.965814820666597 1.758278228075006 0.8791391140375826 0.8791391140375328 0.8791391140375072 0.8791391140375303 0.8791391140371453 1.7582782280750247 1.7582782280749008 0.879139114037517 0.8791391140372106 1.7582782280750067 1.965814820666593 1.7582782280750369 0.8791391140372502 3.6247834267885977 2.780081980501124 1.758278228075 1.7582782280748606 0.8791391140375031 0.8791391140372019 0.8791391140374716 0.879139114037216 0.8791391140375099 0.0 1.758278228075033 0.8791391140372085 1.7582782280750155 1.7582782280751437 1.7582782280750098 0.8791391140377073 0.8791391140375551 0.8791391140377406 1.7582782280749958 3.6247834267883787 2.486580916569036 1.7582782280751332 0.8791391140374796 0.0 3.6247834267886225 1.7582782280750375 0.8791391140374903 1.7582782280749836 1.758278228075039 1.7582782280751097 0.8791391140375326 1.9658148206671031 1.7582782280750648 1.7582782280749427 1.7582782280750175 0.8791391140377887 1.758278228075015 1.7582782280752687 0.8791391140375365 3.6247834267885035 0.0 3.6247834267885857 1.7582782280750133 1.758278228074868 0.8791391140375128 0.0 1.7582782280750036 0.8791391140378643 1.7582782280750202 1.9658148206668828 0.8791391140375072 0.8791391140378509 0.8791391140375149 1.965814820666642 1.7582782280750155 1.7582782280751226 1.7582782280750529 0.8791391140377417 1.9658148206668158 1.7582782280751659 0.0 0.8791391140371603 3.6247834267885994 1.7582782280751879 1.758278228075026 2.4865809165691704 1.7582782280750466 1.758278228074948 2.486580916569049 0.8791391140377542 2.4865809165690473 1.7582782280750706 3.6247834267886145 0.0 0.8791391140375323 3.516556456149856 1.7582782280750109 1.9658148206668393 101.55639161541903 -256.1450457555646 -1071.2735859210238 170.58289427394908 18.10277684202345 -183.10888277180717 -1095.9947433579082 200.3486006758184 58.17022018672673 -206.8089100562886 -1104.7066148272618 210.1407925215515 54.41598592585469 -199.4102207193366 -1119.369791055733 210.9522526756969 106.20929994652302 -231.61861036480937 -1131.1074766594097 225.79964590218447 106.37167489232137 -237.90131770429196 -1056.9526039779962 184.4832293187564 87.53669937041161 -232.563979600772 -1079.6506242824314 197.36262562775678 64.95950379048185 -219.24664387489494 -1062.5938568805677 185.85885113333595 51.75311676545999 -207.41294920192496 -1049.3857554263318 176.71331645468663 85.98620058534922 -243.26172406596348 -1077.0433044477552 205.86521512334298 71.87771561864285 -206.70476865631952 -1029.098109617052 165.56808553817666 49.56989612929748 -201.8609612331648 -1084.4172105062435 189.55335261989157 100.93565892860988 -249.93462578974737 -1066.3816635314959 174.73014360659846 99.76866723686747 -228.166285400971 -1078.1988635655334 178.54839526206536 84.17792649099103 -219.5842738468257 -1035.438804878763 155.44966880073048 116.6665008343822 -258.6009807314165 -1086.909807452205 204.56083434835864 41.61546845024115 -190.63129367663493 -1039.563123001442 176.3832939486 62.12319648638708 -224.78916049447267 -1073.2969670788912 189.70755621929467 43.091025097980705 -186.12915075769038 -1039.1836594396639 162.03755996852092 53.1163906275181 -220.92350473379597 -1095.0744414055732 193.04463081027532 32.08542382418972 -199.9951098837238 -1055.5444663112478 175.01909654490055 37.333473930396124 -205.43946857551956 -1052.5276256123775 190.08645378846947 83.9901982428111 -237.47353719584962 -1115.5188738910056 202.30903433909512 37.58234576157699 -193.55691568967367 -1059.0567147671757 192.5677106177653 91.43774296537393 -249.5372592023526 -1075.673195995774 168.97872013317755 69.38639254097545 -215.3356318081964 -1056.4835988634572 159.90768447338345 102.57065374156542 -245.03574643750915 -1113.3011641264604 207.22674660010264 80.81583641752415 -213.7500258391568 -1125.449615157334 212.15965880167371 50.843811826410175 -192.46209635162768 -1050.2385414771297 183.52777736265486 73.49908082794799 -229.42875489445908 -1082.4856907573146 205.24044809107812 91.6517797896137 -221.28171149071733 -1127.2653438833338 231.38882403559137 17.73449244898365 -178.2328508756629 -1039.2781152364028 182.05240963784124 84.85997168468221 -226.60703529585376 -1035.8962049600743 167.94731588845815 118.63380554043025 -254.1365440570902 -1106.5210988869458 190.95136763076636 64.87058526556311 -209.34223736587256 -1122.822872042856 217.3223283461953 58.55490116970691 -219.07552697081553 -1120.4893301261052 205.0312516310616 93.11975951534134 -244.27889688560248 -1062.8621672400445 178.78403938870844 60.87479270096574 -211.9549486566312 -1068.2916750318418 190.3992315497043 44.44917014624176 -196.04584984738443 -1046.1008671635 169.07986816201017 59.78902846903413 -197.48219272267212 -1068.6506335517827 183.13067317585023 73.82390432044775 -212.78675166368558 -1106.7255588326677 198.87763662849684 69.98647789173279 -236.9350838751864 -1088.1366467507225 185.50445004390653 122.98899245276323 -242.9083289328555 -1045.139834797866 180.8169616461885 76.49181065304693 -236.55458639164797 -1079.7183755723415 190.2283839651953 44.42913668664416 -204.5599632273545 -1023.6609967336086 165.1086690110116 24.218711406220045 -184.57012569831338 -1103.4003571937076 203.0374369835822 99.33141509094364 -234.5452587556293 -1063.6794182069746 191.8825301689642 113.8206654034158 -237.37009470142553 -1042.0235544977977 171.69439465325453 67.79044278522551 -230.19857007967823 -1064.807299856489 166.16083336773409 79.45346501567315 -228.79550572324572 -1047.6647653787136 160.0728622359993 114.73110255153064 -242.92518342841674 -1064.9711894223076 198.96011292404938 41.48860070276267 -211.06098698391204 -1075.6514133297078 198.61939687437862 64.80987547308574 -203.52526261922293 -1126.7034595301568 224.05062484879429 77.25189201633727 -218.33123189102386 -1101.9327005734358 194.34802642043832 30.580427506362334 -189.88990151872542 -1092.9107535154953 179.5920107066195 94.11821930698956 -236.71305291271392 -1088.4550656756192 212.359997214764 47.35829847466716 -210.28638607687088 -1108.055477380908 206.82790821481996 55.76403585831008 -213.46218160035482 -1022.7346892605105 170.6745648577965 74.06399045209945 -223.05613718944056 -1086.735121635109 178.04015600231764 30.794193787054684 -183.01450352251254 -1090.2999557952915 200.91611132508007 79.14312291915556 -242.23553384031 -1111.2162434654044 193.97682052565858 30.799338241255935 -177.93514692526782 -1090.3322274540888 193.8691555647601 38.805971195552246 -198.75012273518843 -1073.478947530122 180.22921714328817 25.353808584706716 -199.21657324610774 -1116.8925081422394 216.55607051249012 91.33588388260895 -226.26876744592002 -1085.5873630081194 197.36891187593218 24.010507333448256 -177.87083414510136 -1058.8885673505094 167.72262132525796 68.25911519496086 -224.25367117588266 -1033.9987849145864 178.07681626524936 34.66694276894692 -187.84073444756737 -1070.6094407285448 196.7137584691929 111.17713049074187 -246.93758934801807 -1027.5344378295783 159.60050005813235 49.82957822292297 -215.4043513155234 -1028.9845616611124 171.97319061696916
350.0048193674556 1.7582782280750182 1.758278228075033 1.7582782280750027 2.4865809165691424 0.0 1.7582782280750346 1.7582782280750207 1.758278228075029 0.8791391140375368 1.7582782280750968 1.7582782280750366 1.7582782280749238 0.8791391140374853 0.8791391140372922 1.7582782280750446 1.7582782280749305 0.879139114037473 0.8791391140373208 1.7582782280750324 3.624783426788601 0.8791391140374607 3.6247834267887225 0.8791391140375119 1.7582782280749738 1.9658148206668213 0.8791391140371982 1.7582782280750555 0.8791391140372854 0.8791391140375587 1.7582782280748128 1.75827822807505 1.7582782280750744 1.758278228075048 2.486580916568785 3.6247834267885923 0.8791391140374903 0.87913911403749 0.8791391140375261 1.9658148206667874 1.9658148206670472 2.4865809165690607 0.8791391140374945 0.8791391140374961 3.6247834267886736 0.8791391140375323 0.8791391140376993 3.6247834267886145 1.9658148206668788 0.8791391140375293 0.8791391140371924 1.7582782280750047 1.7582782280750535 0.8791391140374853 3.6247834267885457 0.8791391140375222 1.7582782280751106 1.7582782280750306 0.8791391140373276 1.7582782280750007 0.0 1.7582782280750426 0.6153973798260327 1.7582782280750326 2.7800819805013073 0.8791391140375343 1.7582782280749067 1.758278228075008 1.7582782280749887 1.7582782280750524 1.7582782280750646 1.7582782280750169 1.7582782280747877 1.7582782280749885 1.7582782280751434 0.8791391140375454 0.8791391140374168 1.7582782280750602 1.7582782280748555 0.0 0.8791391140376531 3.6247834267886136 1.758278228075082 0.0 0.8791391140377409 1.7582782280750249 1.75827822807504 1.7582782280750613 0.8791391140378344 0.8791391140375098 1.7582782280749385 0.8791391140375184 1.7582782280749736 1.965814820666836 0.0 1.7582782280749953 1.7582782280752136 1.7582782280750544 1.7582782280749372 0.8791391140374747 1.7582782280748372 1.7582782280750588 3.6247834267886816 1.758278228075006 1.965814820666852 1.7582782280750426 1.7582782280750167 0.8791391140374801 0.8791391140375747 1.7582782280750269 1.7582782280750722 1.7582782280750633 1.7582782280747868 1.965814820666789 1.9658148206668808 0.8791391140375199 1.965814820666884 1.7582782280750024 0.8791391140371753 1.758278228075016 2.4865809165693213 0.8791391140375338 1.7582782280749651 1.758278228075023 1.7582782280749765 1.965814820666814 1.758278228074982 0.0 2.4865809165691535 1.7582782280750682 1.7582782280748888 0.0 0.8791391140375472 0.87913911403754 1.9658148206665182 1.7582782280750622 1.75827822807505 1.7582782280750646 0.8791391140372415 1.9658148206668133 1.7582782280749882 101.14545408175074 -254.99524887364808 -1072.163473134913 173.47587913074014 15.385242311157333 -181.02002087899524 -1096.246282678248 202.3460562746475 55.452685761518886 -204.7200480180315 -1106.628773228017 212.84506270941475 51.97125426121925 -197.7943913118266 -1120.1050576302048 213.29454089405104 103.89923714685462 -229.79903406913712 -1132.1711422513886 229.54105845266338 103.92695932207583 -236.28546221523808 -1058.3967365516667 186.47926136653803 85.63408064809187 -231.01372166827272 -1080.4896828876526 199.63855857200105 61.83101684425368 -216.00798853818418 -1064.0061315462676 188.41629210615264 49.98514530705326 -205.65896938510684 -1050.8582733005492 178.08035990604358 83.27217064272872 -242.05333711451004 -1079.6977992160384 208.95552011368957 69.29833188554453 -205.29266626553908 -1031.6006738687206 169.8036077152411 47.80192463847282 -200.1069814445465 -1085.6605961472335 192.20710914713072 99.71330356469252 -249.12670023535634 -1067.3702757001417 175.85193995321728 96.50903644520746 -226.01182867044568 -1078.7350446091261 181.57409727693187 82.2753045029113 -218.03401971291433 -1036.8104016710563 157.4602326268807 114.49460716639166 -257.4581013234083 -1090.3226696145339 210.5487083701306 39.443539594022056 -189.48849684665907 -1043.026646882643 179.65378176043714 58.86355479206892 -222.63472040752072 -1074.1855572864783 192.0062723999508 40.37698851236276 -184.9207766768579 -1040.1172043145448 164.38741544175764 50.93746618145452 -218.01973205166058 -1096.015605146557 195.3213896131381 29.499043800666012 -196.8220325292149 -1057.0906434022754 176.9195881179829 33.258921120685756 -202.74641962333732 -1055.6293367218302 194.44661278807072 82.90248819950934 -236.4618921314405 -1116.2960387041253 204.60743417787117 32.82753482262474 -190.1215293251536 -1063.055256321967 194.273591014765 89.80444093833982 -247.57953641763788 -1076.1432276856178 169.27234038298863 67.48726668619881 -214.66586707297867 -1056.7292356203825 161.57042021270865 101.48643881603947 -244.9045819179246 -1113.8295706162373 209.62789788305423 78.3711058474889 -212.1341945713488 -1125.4185737155537 213.71412762746965 47.58416958317655 -190.3076571803212 -1053.6347741190355 187.18931756429004 70.91969792157687 -228.01665075342888 -1085.788031789437 208.03912665689546 88.9377455211574 -220.07333252700786 -1127.5310850052444 235.3462153981545 14.161651619182006 -175.66649748906156 -1042.819748641073 185.84357016131304 82.8226976445591 -225.26050702161152 -1038.5686526079871 170.20808069846052 117.27680354252307 -253.5323088461986 -1107.102834677802 193.85698635052984 62.5605062543777 -207.52268005248544 -1124.6747362173714 221.86493980795711 56.51412713663881 -216.84851433769174 -1121.1846728705618 206.3448965206015 90.40223992828625 -242.190016622332 -1063.4305432270824 180.71846644641204 58.70286395944448 -210.81215160509564 -1068.9623789004024 191.15780800576044 41.73513356355201 -194.83747575866713 -1048.2676300433372 171.7314926618387 57.0714940219444 -195.3933307124127 -1070.2804314343919 185.04894246279773 71.241023103682 -210.49416121744056 -1108.2471882270997 200.93111128089723 67.53825100201318 -234.43876418204107 -1088.5325651545602 187.4465284701267 121.22801771524314 -242.91528528768583 -1048.1029782033443 183.55769314213708 73.63612974074981 -233.78895954301686 -1080.3993918612662 191.52873769287123 41.43530141523918 -201.11758094838473 -1025.1123270443532 166.4578236375918 21.773979711330657 -182.9542963397783 -1103.9107554551033 205.97585600236008 96.20993205293652 -233.06755956908745 -1067.4228229767648 196.81481810910586 111.37595830781737 -235.75422593865713 -1044.7356037740597 174.59024372057422 64.66545449594824 -227.84040126737705 -1067.2835051064485 168.63450872454197 77.00873541940148 -227.17967332778954 -1048.2487939577038 160.84553373164186 111.74430070123388 -241.24370848092278 -1067.5733211648628 204.19728815178144 39.17152562036394 -207.4804543260637 -1077.0841076573997 201.20177886759788 62.365143907816716 -201.90943300843037 -1128.155130456564 228.1893869015121 74.53785626061712 -217.1228558925763 -1103.0526177350173 196.5243751524964 25.967264895504158 -188.01176315241906 -1093.6981646174663 183.0038203953651 91.94629572576531 -235.57024517816862 -1088.953311527616 215.82657416474558 44.46632706968922 -206.9113299969061 -1109.3647643721115 208.4481870090309 52.77719656868811 -211.78077477877514 -1025.1752929521363 172.4849335611958 72.16136760906276 -221.50588374420374 -1087.6422917714879 180.32279721378058 28.073161313543988 -180.04515381269962 -1091.0009464952395 203.26976455992738 76.69489926667657 -239.73920894747545 -1111.7054573197372 197.44087039105793 25.90987485158726 -174.70348820804674 -1090.9167645443702 195.22101343427767 34.86607082562661 -195.85334615079282 -1074.4066470566752 181.96702578797198 22.49812366489188 -196.45095117723633 -1118.7429235360835 220.07827032257214 89.0293053298953 -225.3296927017645 -1086.337454951203 199.71053822699994 21.434621134853508 -177.33922024466247 -1060.2952831494797 168.54105392938928 66.08368919251362 -222.2303856754111 -1038.5513278074259 180.15568116706393 32.08406068529478 -185.5481449128818 -1072.7493330059542 200.58541195745013 108.45963801393087 -244.84867420160563 -1030.7467559278286 162.64883836725537 46.70109061047486 -212.1656965698651 -1032.5642859883571 175.38638688019148
360.0048193674556 1.965814820666768 1.7582782280751306 1.9658148206668598 1.7582782280750897 0.8791391140375185 1.7582782280746956 3.6247834267886065 1.7582782280749498 1.7582782280750353 1.7582782280746987 1.7582782280750613 1.7582782280751597 0.8791391140375361 0.8791391140374792 3.6247834267885954 0.8791391140376608 0.8791391140375073 0.8791391140373825 1.7582782280750207 1.965814820666838 0.8791391140375073 1.7582782280750804 0.8791391140375149 0.8791391140375177 3.6247834267886376 1.7582782280749067 0.8791391140374809 0.8791391140376232 0.8791391140375415 0.879139114037835 1.7582782280750586 1.7582782280751645 0.879139114037549 0.8791391140375916 0.8791391140374778 1.758278228074996 1.7582782280750209 1.7582782280752043 2.4865809165690544 0.8791391140371959 3.6247834267885963 0.8791391140374497 1.758278228075024 1.7582782280748988 1.7582782280750209 1.7582782280749307 3.6247834267886185 0.8791391140374489 1.7582782280749931 1.7582782280749207 0.8791391140374971 0.8791391140377182 0.8791391140375272 1.7582782280749687 1.7582782280750247 1.7582782280749811 0.879139114037539 0.8791391140375676 1.965814820666828 1.7582782280749782 2.486580916569034 1.2307947596525397 0.8791391140375422 0.0 1.9658148206668113 1.758278228075028 0.8791391140374911 1.758278228074781 0.8791391140375252 0.8791391140374455 1.7582782280750209 0.8791391140373278 1.75827822807499 0.8791391140372555 1.96581482066684 1.7582782280750682 0.0 0.8791391140372049 1.965814820666832 1.7582782280751523 1.7582782280750056 0.879139114037775 1.9658148206668518 1.7582782280749412 1.96581482066681 1.75827822807519 0.8791391140374762 0.8791391140377304 3.6247834267885617 1.7582782280750067 0.8791391140375466 1.7582782280749543 0.8791391140375443 1.758278228075049 1.758278228075029 1.7582782280751421 2.4865809165690385 0.8791391140372707 3.624783426788597 1.7582782280750666 1.7582782280750526 3.6247834267886434 3.6247834267886163 1.7582782280749307 1.7582782280750604 1.9658148206667794 0.8791391140375393 0.8791391140375387 1.7582782280750349 1.7582782280751708 0.8791391140375079 0.0 1.7582782280750118 0.879139114037586 0.8791391140374911 1.7582782280748543 0.8791391140375306 0.8791391140374852 3.624783426788633 1.7582782280750373 0.0 0.8791391140375805 2.4865809165690878 1.7582782280751328 3.6247834267885954 3.6247834267885635 2.4865809165690407 2.486580916569051 1.7582782280750464 0.8791391140378965 1.7582782280750566 0.8791391140374714 0.8791391140375238 0.8791391140375914 1.7582782280750395 1.7582782280750084 0.879139114037526 1.7582782280750686 2.486580916569052 1.965814820666888 98.83538833762859 -253.1756759764572 -1073.9016985024095 177.52753194029387 11.714646825912418 -177.71578902445296 -1096.5674412884077 206.3707798660941 54.90708010351916 -203.7739829399418 -1109.1976212438776 218.48762296416083 48.71161201103318 -195.63995215150177 -1120.571527159661 217.21244945501994 100.3737893618325 -228.93252758301796 -1131.1045248041728 231.69844566260014 101.75503590566733 -235.14265757225905 -1060.5438944056998 189.23109573374083 83.18935079625763 -229.397889499833 -1081.970531133944 200.1053402154376 59.251632816943335 -214.59588668500052 -1065.4596536020067 190.9604315734978 46.863653452076264 -204.181290378769 -1052.2724696937723 181.18875873436107 80.28533372645073 -240.37192617822663 -1083.479372320804 212.26718214408675 69.02203120801697 -203.9391458855243 -1034.0107584649215 173.47813756527685 44.680432775102275 -198.62930246036424 -1086.3191585012326 194.57232008533217 96.5918182277487 -247.64900688326395 -1067.8040030852665 178.91477236874263 94.33361298892503 -223.98853942906996 -1079.5721004442905 182.27342518197887 79.56126829114649 -216.82564447121916 -1038.5257668802344 159.85362920761756 112.59200799067068 -255.9078178723381 -1090.8922949940622 213.96232473126977 36.591352617890536 -187.6033625934311 -1046.2320963491263 185.22008559525787 57.230235880796904 -220.67701290404713 -1075.7020835658147 195.61989828994805 36.84454341760563 -182.29330499656695 -1041.3592877906249 167.65343186042261 47.95062680569831 -216.33832536561238 -1096.497245318737 198.78131475443584 26.781509270318434 -194.73317063576343 -1058.0560682755984 179.7271039436296 30.94534393257604 -200.04637480420877 -1057.886820571203 199.29605279113318 80.73056048701108 -235.3190929025813 -1117.5608817747318 207.2934156176625 29.837197456376547 -187.55963489722365 -1064.7190142043523 197.2972530886695 87.08691232617517 -245.49066708953296 -1077.4269544949677 170.7990432891484 64.63507988834012 -212.78073258108338 -1058.2007598062216 164.10316143377483 99.0452097938056 -244.1692290385561 -1115.2469494932109 213.79487208959802 75.65706952683387 -210.92581992831757 -1125.7354196989656 216.14909259621194 45.95784639708115 -190.11092542060538 -1056.9003543451965 192.62679797824805 68.33681653655319 -225.724060405062 -1086.7173334026304 209.28224613658622 86.49301474044854 -218.45750153125064 -1127.5032277249882 238.7113264560707 10.5604811229263 -172.78869450398432 -1044.7361169406063 190.30764397174192 79.70120648017995 -223.78282643276603 -1040.2084377013596 173.77971851023267 115.50536626330891 -250.89782164165905 -1108.2618192452394 196.563445757737 61.4762908047963 -207.39152550751334 -1124.6206806624944 223.8833706169754 53.527287791627955 -215.1671075958952 -1121.6503590589355 209.76470785360019 89.03823119806194 -239.82485169303385 -1064.726880082414 183.3378444769554 55.308569327243966 -208.86143999763493 -1070.9334660866525 195.09253692993897 38.47549130651725 -192.6830366101588 -1049.2451080239268 173.4249128656143 54.35745744700553 -194.18495660540822 -1071.0520575389367 187.9390298022393 68.79978944183061 -209.7588193894102 -1109.5805536655596 203.59405455340746 65.76678236648647 -231.80429607312544 -1090.347826042864 191.9868736893821 120.14031677141688 -241.90363257689137 -1051.9612515915587 188.66757730284405 72.27561441960256 -232.30428405322454 -1081.339743877799 193.23377505053696 36.95329331542028 -198.155227114546 -1025.8313397455906 168.3442830897838 18.379685004916333 -181.00358483634437 -1104.8606979322255 208.22823689784698 93.76520454292611 -231.4517247318363 -1069.3840677117817 200.75420505787514 109.34218369835177 -235.28817855785795 -1047.4533038069312 179.21696037353374 62.08607061824638 -226.4282991081127 -1068.253996684604 171.99690173882033 74.15654907658164 -225.29453812920627 -1049.226670869108 161.9571488876505 110.11797883575386 -241.0469647029626 -1069.2024794747267 208.25610003016456 34.42371056801235 -205.80604358489353 -1079.1363872110057 205.1417704821888 61.0046277101311 -200.42475812154254 -1127.7844932814976 231.25118896092957 72.09312493833968 -215.50702602992766 -1104.0783170395737 198.76909234387034 22.707622635669555 -185.85732400767952 -1094.847138825116 184.64461172358912 90.3164765896551 -234.4930220474264 -1089.6869578653314 220.71680786722538 39.44221125299386 -203.88339888956008 -1109.459172988593 211.45939662310198 49.652206801972675 -209.42260793686611 -1028.3880490672705 175.04278565243843 71.20830692898382 -220.29051349957928 -1089.6309288005846 183.73422302907576 23.995110545861586 -176.4716170650237 -1091.394415203692 206.73641199036243 73.70806121730953 -238.05779955547604 -1112.2936716852932 199.29368292750777 22.37393181291328 -171.1955287122307 -1092.547915361881 200.34328181717478 32.11224972790713 -193.15505030403526 -1075.3814718683072 184.75853627654004 19.777091191276053 -193.4816014675359 -1119.7215307278989 224.3349901186731 85.63501262035994 -223.37897773861368 -1086.5435622361554 201.70831347010545 17.225415863447605 -174.84989895509088 -1060.8513843451096 171.02946821439392 63.36965276861638 -221.02201127928032 -1040.8881652615437 182.12409832382946 28.006009917758867 -181.9746081650279 -1074.3263889453312 202.59919511557447 104.93070460365476 -243.10166369837214 -1031.46758635902 164.51451116429436 43.714251202936374 -210.48428992349926 -1035.4565159395088 179.96171955555135
370.0048193674556 0.0 1.7582782280750475 1.9658148206668113 2.486580916568737 1.7582782280750107 1.7582782280750744 1.7582782280750178 1.7582782280750255 1.7582782280750249 1.9658148206669857 1.7582782280750497 1.7582782280750695 1.7582782280750218 1.7582782280751366 1.7582782280750506 1.7582782280750362 1.9658148206668025 1.7582782280749314 3.6247834267886256 1.965814820666701 1.758278228074999 2.4865809165687436 1.7582782280750544 1.7582782280750135 1.7582782280750133 0.8791391140377935 0.8791391140375023 0.8791391140373717 0.879139114037532 1.7582782280750198 0.8791391140374804 0.8791391140378673 0.879139114037495 1.7582782280748768 0.879139114037506 0.8791391140375368 1.7582782280750195 1.7582782280751899 1.96581482066687 1.758278228074936 1.7582782280750484 1.7582782280750218 0.8791391140374822 1.9658148206669508 1.7582782280750466 1.7582782280750335 1.7582782280750153 1.7582782280749558 1.7582782280750027 1.7582782280750797 1.7582782280750087 1.7582782280750864 1.7582782280750227 1.7582782280750398 0.8791391140374977 0.8791391140378255 1.758278228075053 0.8791391140374326 0.8791391140375131 0.8791391140371198 0.0 1.2307947596524762 2.7800819805010173 3.6247834267886225 0.8791391140375253 1.7582782280751765 0.8791391140375403 1.9658148206668318 0.8791391140375174 0.8791391140376033 1.7582782280750495 0.8791391140373062 0.8791391140374986 0.8791391140373667 0.8791391140375541 0.8791391140374417 0.879139114037515 0.8791391140377397 1.75827822807502 0.8791391140374119 0.8791391140375189 0.8791391140374692 2.486580916569055 0.8791391140373804 1.7582782280750757 2.4865809165688635 1.9658148206667745 1.7582782280750293 1.7582782280750187 1.7582782280749978 3.624783426788633 1.7582782280751084 0.8791391140374717 3.6247834267886305 1.758278228075032 1.7582782280751121 0.8791391140374908 1.7582782280751987 1.7582782280750027 1.7582782280751326 0.8791391140375675 2.4865809165689305 0.0 3.6247834267885914 2.4865809165690855 0.0 0.879139114037527 0.8791391140378128 0.8791391140375029 0.8791391140376594 0.8791391140375159 1.7582782280749027 1.7582782280750595 0.8791391140371086 0.8791391140375123 0.0 1.758278228075054 0.8791391140378072 1.758278228075013 3.6247834267885626 1.9658148206667978 0.8791391140371896 1.965814820666819 1.7582782280751397 0.8791391140375346 1.7582782280750362 1.9658148206667918 1.965814820666684 0.8791391140375305 1.7582782280749258 3.6247834267885835 1.7582782280749054 2.4865809165690105 1.7582782280751832 1.7582782280750375 0.8791391140376313 0.8791391140374755 0.8791391140377093 0.0 1.7582782280746767 97.61302580858947 -252.36775836283593 -1074.641414543968 179.32759225146833 7.900194128168921 -174.62063778939216 -1098.0763657085806 210.01459286927195 53.54306512342091 -201.4088216365306 -1109.748365431676 222.36126712186052 45.455461925418234 -194.36600955014106 -1121.1088351627345 220.10886070791108 98.2018614028761 -227.78972875974824 -1130.9538267277574 235.13569478376678 99.85241408445216 -233.59240321204115 -1062.0769410297037 191.77247690643838 80.6099670945897 -227.98578701400072 -1083.2366085217639 203.27540164846718 56.537596150533346 -213.38751270597658 -1067.125248358904 193.97023486593224 43.33120303093966 -201.5538221844281 -1053.480494497322 183.85536683705465 79.06296806755404 -239.56401114482804 -1085.1134687715364 216.36638533315264 65.63473238373314 -203.74940996536301 -1034.96717947059 175.73412150943193 40.7440242440735 -196.61302678618168 -1086.7655248237932 197.49664187788704 93.47032891410039 -246.17132318031497 -1069.2215579120646 180.9683766716746 92.703792460777 -222.9113190562565 -1079.4244834039293 183.87527574235716 78.20075222611041 -215.34096945421393 -1039.1224559564548 162.34234063338573 111.23150120735667 -254.42313491213272 -1091.959418688421 218.22089980440427 33.73919987667728 -185.7182509671667 -1048.0300859103704 189.20292700345482 54.03617079460104 -217.9804659533359 -1077.2165809060439 197.69320114517234 34.39977288793178 -180.67754662042515 -1043.2395764302446 171.07501082137526 44.14887367113658 -214.11831090245374 -1097.304539313581 200.58515377874275 23.04517065370239 -191.97124980768805 -1059.3174348279172 180.76534549526812 27.278243925111646 -197.62271664849334 -1060.2177917423562 202.6262856113287 78.01652418577522 -234.1107180064942 -1118.2728913750066 210.62135993916266 26.43925974536927 -184.7286551376896 -1065.350522052683 199.65014206563563 85.59174475530767 -244.20971871209346 -1077.6901709939982 173.8572053644103 62.19384603814194 -212.04539121867094 -1058.6096312387515 167.1527697116355 95.92022391766452 -241.8110574994732 -1115.7619515160204 215.2081279837979 73.48514077174369 -209.78302295538865 -1126.2594126430154 217.5325798203159 42.42537693848679 -187.48349052624178 -1058.907439558826 194.9919749595316 65.35347512337687 -224.92314140106123 -1087.9019996943232 212.4765144976552 85.26715131127246 -216.76909875587344 -1126.7707890894883 241.6225513893691 7.19186016425852 -169.90534836867693 -1046.2739124053737 194.42655933214695 77.25647505735073 -222.16699660464553 -1041.125692158679 176.61611122517982 114.68696564311493 -249.4787205446053 -1109.2258077643037 198.31854743639087 59.711816883610425 -206.5180333180251 -1124.6897494208717 225.83342762024657 49.72553743929176 -212.94709174249675 -1122.5381718909243 211.56334670848432 87.40841098798724 -238.74763081709355 -1065.466222960311 185.12944931858507 53.4094436647646 -208.1916761670509 -1072.1535515853245 197.74591113389644 36.165376093016945 -190.86347814292841 -1049.6541974332456 175.93693895302815 51.91971979112327 -194.33010566751247 -1071.9272976625 190.22307329947435 66.49320816871135 -208.81975012312833 -1108.97935420847 206.26728976071703 62.641792808350004 -229.44612903697103 -1091.2991022250105 194.76637981786266 118.51399388265519 -241.70689326303744 -1053.558909890262 191.15357262262023 69.2852773884108 -229.74238918519904 -1082.5885400018065 195.37804548313736 34.239207389280985 -196.9469560722205 -1027.6649156552098 169.55123786870257 14.706709227334334 -177.7009998765437 -1106.0320519577203 210.9557141208314 91.58977889995612 -229.42843861490653 -1070.6242955345829 204.4334033984389 107.43956288208554 -233.7379228046586 -1048.4837989609905 182.49937116595206 58.95758292796985 -223.18964434705893 -1069.0657298249469 173.2253547920055 71.5806629234115 -224.76292395847577 -1051.4923850188638 164.62839552547487 110.11448293527783 -240.1664758086112 -1070.7068370144311 211.33997172584472 32.11013150075088 -203.10599752520903 -1080.774306003488 208.71962178587518 59.913415904313794 -198.53262806748688 -1127.38809613749 234.27406469718588 69.9211961954717 -214.36422909310014 -1105.3078017707467 200.44937344274777 19.71640066553315 -183.29647986146952 -1095.8688862364052 186.86762748657432 88.68665611908716 -233.41580129900308 -1091.748580359285 225.24579956773496 37.9470375578481 -202.60245737344474 -1110.2534878591048 213.78971214848985 47.20747574118077 -207.8067789793121 -1030.415120307101 176.70115827355895 67.54470747643927 -218.74725701365057 -1089.8925998517127 185.20216131341854 22.357630521999194 -173.63403084866192 -1092.493745546746 211.51389273983298 71.66378957932012 -234.95029902855526 -1113.12874519178 201.5947151530106 17.34844290021891 -168.17031354512613 -1093.7418441142831 205.0924761836808 29.529333425864216 -190.8624531849757 -1076.8228366504882 187.8540629145107 16.24419870637091 -190.85459785748196 -1121.6986398595222 229.9964263467507 84.27449684919438 -221.89430257455157 -1088.158675877903 205.29727630818834 13.963967102598211 -172.69759901363284 -1062.0273090701537 175.32612760702557 60.652118173136785 -218.93314932916275 -1042.5713030695335 185.11523216967237 24.880618042633643 -179.6175726272029 -1075.3419922665018 204.8311559478161 102.34782874992777 -240.80906684467627 -1031.5640660094518 165.60031080150443 40.3199557836477 -208.53357882510247 -1037.9140426466581 182.57943828539857
380.0048193674556 1.965814820666805 0.8791391140375637 0.0 1.7582782280749794 1.7582782280750497 0.8791391140374553 0.8791391140375233 0.879139114037915 0.8791391140374861 0.0 1.7582782280750384 0.8791391140374333 1.75827822807506 1.7582782280749607 0.8791391140375406 1.758278228075078 0.8791391140375536 1.7582782280749547 1.965814820666796 1.758278228075047 1.7582782280750366 1.7582782280751001 1.7582782280750062 0.8791391140375105 3.624783426788601 0.8791391140373193 0.8791391140375481 1.758278228075008 1.758278228075037 0.8791391140377427 1.7582782280750442 1.7582782280750386 1.7582782280750007 3.6247834267886883 3.624783426788593 0.8791391140376987 0.0 1.75827822807487 1.758278228075021 0.8791391140377786 1.758278228075027 0.8791391140372268 0.8791391140375202 1.965814820666724 1.965814820666775 1.7582782280750928 1.7582782280750593 0.8791391140375389 1.9658148206668498 0.8791391140377891 2.486580916569051 1.7582782280751412 0.879139114037534 0.8791391140371714 0.8791391140375536 1.7582782280749896 0.8791391140375306 3.624783426788617 1.7582782280750247 0.0 0.8791391140374981 0.879139114037152 5.274834684225073 1.965814820666716 1.7582782280750724 0.8791391140374747 1.7582782280750426 1.758278228075026 1.7582782280750218 2.486580916569298 0.0 0.8791391140376511 0.8791391140374848 1.7582782280749747 1.7582782280750389 0.8791391140373315 1.965814820666832 1.7582782280750138 0.8791391140375445 1.7582782280751628 0.0 1.7582782280750704 3.6247834267886025 0.8791391140371211 0.8791391140375038 1.758278228075142 1.9658148206668418 0.8791391140375439 1.7582782280750548 1.758278228075355 0.8791391140374883 1.7582782280749547 1.7582782280750242 0.879139114037717 1.758278228075039 1.7582782280750764 0.0 1.7582782280750957 1.7582782280750342 0.8791391140377239 1.7582782280750648 1.9658148206666541 1.7582782280750489 0.87913911403763 1.9658148206668158 0.0 0.8791391140375432 1.758278228074984 1.7582782280750382 1.7582782280749873 1.7582782280750162 2.197847785093871 1.9658148206667838 0.8791391140375441 0.0 1.9658148206671096 0.8791391140374759 0.879139114037647 0.8791391140375504 1.7582782280751341 1.7582782280750355 1.7582782280749347 1.9658148206667934 0.8791391140371582 1.7582782280750273 1.7582782280751714 1.965814820666811 1.7582782280749316 1.7582782280750033 0.8791391140376771 3.6247834267885874 1.758278228075044 1.758278228075015 1.9658148206668138 0.8791391140375355 1.758278228075046 0.8791391140374764 1.7582782280752522 1.7582782280750098 2.4865809165691726 96.24901336000427 -250.0025958018496 -1076.2077598839132 180.8555453201939 5.826090436502856 -172.42274505098968 -1098.8161406508714 213.86289027107398 51.36711990432044 -199.386410917906 -1109.5023163192814 226.28613597019387 43.56030291471427 -194.57800542960848 -1120.2159587126305 222.0928897271943 96.57203973079554 -226.71250947628494 -1128.9026438262968 238.38845928537782 97.68048463035336 -232.4496080065472 -1062.7637037522472 193.07455565945062 78.16522302256682 -226.36997179772555 -1084.4279119146968 204.98974963733946 53.54705964695929 -210.8260329303245 -1067.776050398771 195.29934429773414 40.4776696743161 -199.6702744419444 -1054.6058031847324 185.51704110154034 76.75287568631705 -237.74446366370248 -1086.1288980946417 219.16394783627092 64.41245908477929 -202.94159465108785 -1038.0700840177317 179.17484521266258 36.93535684158687 -193.51612223161416 -1087.1509300607966 199.90741885478627 91.16024847126351 -244.35176785241316 -1070.2363562215583 183.19230136704533 90.66651358375586 -221.5647966207388 -1080.6235330100428 187.5930931772141 74.94107929433952 -213.186599815893 -1040.8218898913776 164.77499242812576 108.5174675120387 -253.2147548550316 -1091.3639650166576 222.2714908679383 31.82728295279326 -183.29216926539854 -1049.963010172567 193.16952911758938 51.04540236882782 -215.41905001643286 -1077.5433117586686 200.66497047888495 30.45069512858778 -177.79213768430265 -1044.428293595802 173.74253418670148 41.56478706737335 -211.82646091555281 -1097.7691354377966 202.47925721254813 20.86267628048434 -189.95510813962622 -1059.884292134354 183.6533635746806 24.825179050146733 -195.12937745370192 -1063.1138198291515 206.32658859369516 76.24853289970076 -232.35675034420098 -1118.4730950301064 212.55908953208558 23.439924595803905 -182.179073962557 -1065.5411787658861 201.1483818765065 83.82377108827468 -242.45574056351086 -1079.2062536997896 175.9210151977034 60.02184171352973 -210.90287422903583 -1058.8781272103329 169.17415445644744 93.47549172278589 -240.19522783037397 -1115.4792617190976 217.17958063586545 71.03680996571966 -207.28675496340674 -1125.9263955386057 220.496993034107 39.43180688572085 -184.9250577959627 -1060.3206521034408 198.63273531310585 62.90166095180335 -221.54643205832585 -1088.5553161888315 214.31640742332343 83.6408345047935 -216.57237229904086 -1125.1403074478662 245.36123913384114 3.379930710029612 -166.7056748608336 -1048.3542708247774 198.87734134252128 75.3538362409617 -220.61677387716566 -1042.6929252224008 179.16520618047736 113.33344443445694 -249.75501823372514 -1109.791120228895 201.21139006935996 56.455347643483194 -205.24471653174632 -1124.3614597784726 227.7825562185221 46.19244672790619 -210.32023279102344 -1122.6697397645617 212.54406302839942 86.58999952516733 -237.3285352361349 -1066.8713961906008 187.75365121525806 49.33051923220866 -204.61910656475726 -1072.7229574235323 199.59763837933886 33.1698269286251 -188.30772302053717 -1051.1742074886467 178.4835784987484 48.932717864213636 -192.6499110457089 -1072.8845953855175 192.4735740677771 64.18660951481652 -207.88078148486426 -1109.8938743967938 209.08788243823741 59.10573818613396 -225.93829782928438 -1091.9241060412498 198.15672746825078 115.799959697569 -240.4985142812224 -1054.04697102913 194.07355802473302 66.1602318698076 -227.3842729541406 -1082.9979229387004 196.7814964930834 30.29416726175128 -194.05767867681826 -1029.8513571668145 170.7059992050377 12.51379578838892 -175.69184573685828 -1105.7068922130263 213.4729788080595 90.5020618155367 -228.41680062420983 -1071.0080851595526 205.83497658396303 105.53693889450938 -232.18767064579575 -1049.6003055080814 184.68371826067772 54.20604218683964 -220.63500756130475 -1070.7884155123286 175.7212212289955 70.22009597128296 -223.27828122137782 -1052.2863312185596 166.41679357349005 108.21185985370872 -238.61622206439705 -1072.011709126673 213.55278176725818 28.982702728886622 -200.74984724826186 -1081.7159064498503 210.51784752428702 56.93007470389839 -197.73242005611073 -1125.2006295851138 236.53259057056587 69.10623377908088 -213.82560808527285 -1105.3776763675492 201.9306229650069 16.309352012381627 -181.36729453089612 -1097.3323708364671 190.5070123820239 85.6998103160269 -231.73440065918766 -1092.3673291887344 229.59481322358593 33.83296197029026 -199.30293104683355 -1110.6143106456193 216.68225732110332 42.72438595180708 -204.84584269959115 -1033.7876967025477 179.4761476643056 65.09991477666136 -217.1314767335952 -1090.0777134025516 186.68652074935983 20.433624306779745 -171.2154354446509 -1092.748656358615 215.45422846338568 70.70720011850959 -232.85443020035657 -1113.5902512268603 202.99076049034392 13.258363573633167 -166.3942414328333 -1093.8901433724163 208.04313736717936 27.08147450919547 -189.2515274370833 -1077.9274415117168 192.12294908537325 13.650852113406279 -188.5771559388459 -1122.2314990391228 234.012834037783 81.56045547224326 -220.68594332183395 -1088.6131565212954 207.21625594347825 10.952058526393227 -170.16185267541567 -1061.7453986024125 178.0395126770123 57.38878365724654 -215.89853273300062 -1045.6836771728942 189.65818118629508 22.1442113418819 -176.6638124837415 -1076.4164281970193 208.07131086329372 100.98731274379323 -239.32439116638386 -1034.655530464337 165.23315258171976 38.27807606367427 -206.30718912066308 -1041.6755015420913 185.26330273270304
390.0048193674556 1.7582782280750204 0.8791391140375336 1.9658148206668458 0.8791391140376184 1.7582782280750082 0.8791391140371176 3.6247834267885874 0.8791391140377947 0.87913911403755 1.758278228075003 0.8791391140375334 1.7582782280751252 3.6247834267886163 0.8791391140371425 1.7582782280750493 0.0 0.8791391140374861 1.7582782280751545 0.8791391140375373 1.9658148206669983 0.8791391140375053 3.6247834267885803 0.0 1.7582782280750884 1.758278228075005 0.8791391140372251 1.7582782280750509 0.8791391140375792 1.7582782280750067 0.8791391140378697 0.8791391140375128 0.0 2.4865809165690256 3.6247834267885644 0.8791391140374949 1.7582782280749738 1.7582782280750262 0.0 3.6247834267886083 1.7582782280749742 1.7582782280750446 1.7582782280749247 0.879139114037524 1.7582782280750497 1.7582782280750067 1.7582782280750966 1.7582782280750557 1.758278228074979 1.965814820666823 0.8791391140376197 1.7582782280750113 0.879139114037892 1.7582782280750302 1.7582782280750078 0.8791391140375415 0.8791391140376482 0.8791391140375098 0.8791391140374354 3.6247834267885954 1.7582782280750129 0.8791391140375547 0.439569557018811 1.230794759652513 1.9658148206666926 1.758278228075022 1.9658148206668293 1.758278228075054 0.8791391140373185 1.758278228075023 0.8791391140378901 1.9658148206668349 0.8791391140371817 0.8791391140375394 1.7582782280749538 1.7582782280750218 3.6247834267885937 3.6247834267885812 0.8791391140374206 1.7582782280750258 0.8791391140374896 0.8791391140375125 1.965814820666932 1.7582782280750655 1.7582782280750306 0.8791391140374816 1.758278228074995 0.8791391140375375 1.7582782280750726 1.75827822807501 0.0 3.6247834267886283 0.8791391140373794 1.7582782280750429 1.7582782280750628 0.8791391140375434 0.8791391140372647 1.758278228075048 0.8791391140372765 1.7582782280750013 1.7582782280750437 0.8791391140374825 1.965814820666757 1.9658148206668609 1.7582782280750366 1.7582782280750247 1.965814820666808 1.7582782280750284 0.8791391140378317 0.8791391140374849 0.8791391140373143 1.7582782280750064 2.197847785094067 1.965814820666813 1.758278228075081 0.8791391140375439 1.965814820666742 1.758278228075029 0.8791391140373205 3.6247834267886194 0.8791391140376732 1.7582782280750098 1.758278228075011 1.758278228075022 1.7582782280750253 3.6247834267885835 0.8791391140371423 3.6247834267886097 1.7582782280748968 0.8791391140375023 1.758278228074969 1.9658148206668273 1.7582782280750486 0.8791391140375218 1.758278228074947 3.6247834267886003 1.7582782280750326 1.758278228075067 0.8791391140372462 0.8791391140374687 1.9658148206668873 94.75029301230984 -247.8412029838308 -1076.0496513350056 183.9254218186753 2.115106266440192 -170.0664437590061 -1098.4224616618026 215.8762116019907 48.10266520101704 -197.24021688541347 -1109.3083200408948 228.2293096951093 41.37541396966456 -192.5631170331033 -1120.4790146855692 224.13370519424672 93.5851235149944 -225.0312762116452 -1128.1643990233515 243.70626952773466 96.04708358002345 -230.4919506407838 -1064.340386654697 196.2012069751478 75.45081542728836 -225.16225170053877 -1084.4117857007207 206.4933890165497 50.27964532417053 -207.7966955570051 -1068.6732181134134 199.09303821050653 36.927925397161474 -196.17751806239215 -1055.9048557726896 188.18748186410352 75.2502622306772 -234.7027772444928 -1087.6706817196653 223.50772147326768 61.424857435836614 -201.26301526755663 -1040.6789929563906 184.48897590362085 34.19841708778879 -190.55947571739156 -1087.14582940541 201.39158117280712 88.30442405699785 -241.58630801789747 -1070.2828688377779 185.1810590907883 87.94874363105185 -219.47622866908566 -1081.6948010440783 188.83425459360794 72.36104974223696 -211.7756878089258 -1041.9536710622992 166.97240434383056 106.34553594296167 -252.0719670966517 -1092.857565830077 225.67932937806668 29.08582024634131 -180.34336640745832 -1051.5209756921076 197.82489366137187 48.05221081382429 -212.86089687428245 -1078.723643948924 202.92455700695447 26.63267245932466 -175.6086795503231 -1046.0406996400784 176.786590897022 38.56760532950596 -209.27254489162962 -1098.1567892499495 205.3667984597635 17.028584722765682 -186.8903861550711 -1060.1601303924856 187.1278812053414 22.35822210299136 -192.6496130248632 -1065.2403561078686 210.35722302258986 74.4766526710861 -229.72271538236933 -1118.6837083910325 214.03786417822673 21.37441083666767 -179.97464961162672 -1066.9443279474792 205.3347115595184 81.78288141061822 -240.22893224870114 -1079.9494810673004 176.70976639066836 56.76009038838731 -208.75254091566066 -1059.8941176649673 171.4290849195185 91.84206817392862 -238.23767097065527 -1114.9845091676007 221.56349629721063 69.54089102135887 -206.00651201325542 -1126.0157273586979 222.01479116009074 36.98773823288904 -184.20364989830418 -1061.128628278169 201.93033645940153 59.84438549798978 -219.52890205358656 -1089.5663660361333 216.66449818523714 81.19591681377663 -214.957042407591 -1123.0316792972965 248.24455648223122 0.955905709870414 -164.96510555819896 -1050.1168023176942 204.495334610333 73.04674719546801 -219.67835654577274 -1044.0366749122384 182.34076382061468 109.80096747192442 -247.12757396858657 -1110.360712003995 204.58442225271463 53.19170137949168 -203.09544861355678 -1123.571405522019 229.63414712933704 42.78249711156509 -206.61649598246188 -1123.8928323752225 215.02226533320396 84.14879088023983 -236.5933345019476 -1067.7369522546612 190.05996582089455 46.46667723585115 -201.86017332119377 -1072.8314034137338 202.58257672665238 29.608512377973796 -184.82602016791805 -1052.5588178286828 181.1016040399118 47.29332651282792 -190.69823312506506 -1074.1731979166673 194.67661317038295 61.879946670005054 -206.9434381335446 -1109.195302877327 212.07103453661657 58.00937691352558 -223.16629838919044 -1092.5940050265738 200.5163463131021 113.35872099703143 -239.76320297805654 -1055.52398877552 197.719228011755 64.79528904221158 -225.01960601200315 -1083.0783139743278 199.75241522351664 26.32554271395282 -190.3085654309111 -1032.9253210299269 173.19080389653405 10.178371013250036 -173.90501962887706 -1105.7807875791577 215.43525775255085 88.59932562575624 -226.86670688105846 -1072.2077207848413 209.5770300719286 103.09218723695189 -230.5718692559181 -1050.574564969025 186.93800188570415 51.62159192524994 -218.34520227421152 -1071.4507359046465 177.04803998923066 66.55197781439198 -220.8563200774822 -1054.1310819925911 169.3875064808054 106.3127241151432 -237.9464969234254 -1074.0114798435266 217.23589391857578 25.978910733913274 -198.20618160325913 -1081.8043788905125 212.97746737500896 54.20831717179127 -195.64919431035491 -1124.9877402783832 240.97428565085497 66.11813250994072 -212.14626714114036 -1105.1235131367882 203.90911646230117 14.38886840392981 -179.8406454532438 -1097.5317410450432 192.92632733895707 82.71280834868365 -230.05334830009662 -1095.3641800626492 233.1809887960511 30.279508527612336 -195.81477274088695 -1109.5173528989455 219.60317792260045 39.853493941904325 -201.20904225971842 -1036.2308305917438 181.2074986447104 62.654286853113994 -215.5171362901551 -1091.0101547758024 188.50784789446442 16.881480197387322 -169.51570137080847 -1093.6458306439247 216.8188622186047 68.46201895906624 -230.49332998375604 -1114.5380423652139 207.3395804958491 9.590853165965994 -165.785446202919 -1094.0699282715866 210.01410901936626 22.965282256152356 -184.83216254688273 -1078.8530870138452 193.92955756168507 9.810610928990148 -185.5235389206599 -1121.935176010083 238.00774611977735 79.66128741152352 -220.01638118232324 -1089.8370667794225 209.02889089141513 7.957501398041854 -169.406225206741 -1062.3718726042357 180.90308578921312 55.216052509584536 -214.75791948005335 -1047.3936119031875 195.2642079393534 19.4019181720018 -174.60953159371752 -1076.0787796919442 210.59426554443436 99.62674514964787 -237.83975937008037 -1037.027349505836 168.4987192270789 35.27967000066887 -203.75446849182242 -1043.9895364163144 189.93312525360133
400.0048193674556 1.7582782280750382 1.7582782280750198 1.75827822807505 1.75827822807498 1.758278228075021 1.758278228075122 0.8791391140375245 0.879139114037656 0.8791391140375302 3.6247834267885386 1.758278228075012 1.7582782280749867 0.8791391140374872 1.7582782280749778 2.4865809165690247 0.8791391140377053 0.8791391140375201 0.8791391140372451 1.7582782280750573 1.9658148206666914 1.7582782280750475 2.486580916569376 1.7582782280750258 1.7582782280749816 0.8791391140375288 1.7582782280750264 2.4865809165690425 0.8791391140379192 1.758278228075029 3.5165564561500524 1.7582782280749902 1.7582782280748008 0.8791391140374741 0.8791391140379041 1.7582782280750158 1.758278228075006 0.0 0.879139114037218 1.7582782280749942 1.7582782280750477 3.6247834267885657 1.7582782280751217 1.965814820666823 1.7582782280750269 1.75827822807504 1.758278228075044 1.7582782280750315 1.965814820666817 3.6247834267886194 0.8791391140371524 1.7582782280750429 0.8791391140374146 1.7582782280750098 1.7582782280750833 0.8791391140374883 0.8791391140372397 0.8791391140375235 1.7582782280750107 1.9658148206668284 1.7582782280750722 0.8791391140375021 0.6153973798260355 0.6153973798262841 2.4865809165690784 1.7582782280750306 1.7582782280752558 1.7582782280750289 1.7582782280750584 3.624783426788605 0.0 1.9658148206668113 0.8791391140372934 1.7582782280750726 1.7582782280750153 2.4865809165690305 2.4865809165691903 1.7582782280750455 0.879139114037776 1.7582782280750504 1.7582782280749991 3.6247834267885835 1.758278228074994 2.4865809165690305 0.8791391140376252 1.7582782280750304 1.7582782280749707 1.965814820666814 1.7582782280750413 0.0 1.9658148206669832 1.9658148206668478 0.8791391140378382 2.7800819805010772 0.8791391140376038 1.7582782280750617 1.758278228075081 1.965814820666788 0.8791391140372805 0.8791391140374865 0.8791391140375047 0.8791391140375087 1.7582782280749998 1.7582782280750586 0.8791391140376734 1.7582782280750007 3.6247834267885546 1.7582782280750286 1.7582782280750286 1.7582782280750375 1.758278228075003 1.7582782280750529 2.197847785093871 1.7582782280750346 2.486580916569051 0.8791391140375233 1.9658148206670432 1.7582782280750247 0.8791391140373599 3.6247834267885706 1.7582782280750846 3.6247834267885874 1.7582782280750147 1.7582782280750486 0.8791391140373267 0.8791391140374877 0.8791391140376342 3.6247834267886136 0.0 1.758278228075045 1.7582782280750677 0.8791391140374973 0.8791391140377515 1.7582782280750284 1.7582782280750455 1.7582782280750304 1.758278228075025 0.8791391140374779 0.8791391140373712 3.6247834267885777 0.0 93.65841123205233 -245.94941030319015 -1076.5650678587474 186.7954660403802 -0.9431127285572123 -166.68177054377742 -1097.6126868547917 217.32240880539524 45.369896027473125 -195.1706035340317 -1108.5291861214018 230.54674367849432 38.65116181979472 -191.38075591933156 -1120.4004213112548 226.62587607445863 91.00123499483804 -222.74000829230326 -1126.4168616662705 248.79682948571596 92.79021423471379 -229.21943238636652 -1065.3128524262413 198.9899581146695 73.26850000283514 -222.26090307655866 -1084.9137425196957 210.3485480103284 47.55049722458528 -205.7207348432458 -1069.9151150293999 202.88321322018183 34.19234281991965 -194.1145278046611 -1056.5156579269271 191.08902823272044 71.98826454101685 -232.55152579617376 -1088.245204488549 226.48189190986014 58.69881257142382 -199.1852139134883 -1042.5692613519527 187.93214679494554 30.770538907084344 -187.76456091570634 -1087.8399842711162 204.27832474953706 86.40108166636318 -240.0365807707362 -1071.1373929328354 188.48375993617893 85.77143869915024 -217.45448337955042 -1081.8497922348479 191.2523123525889 70.45921781080136 -211.11083850889756 -1041.9745429367015 169.53256764960338 105.25769980753479 -251.06051194523624 -1094.0277692892212 228.28404947052044 27.00177618085677 -177.26240998630308 -1053.609758103687 203.90221290661717 44.773687453843316 -209.84299005155708 -1078.983063162937 205.82830527360812 23.048887506742933 -172.15143065278818 -1046.06557990124 177.77586011758686 35.69086334951547 -206.5274602961005 -1098.2152987182083 209.28309182080997 14.82424919162622 -184.89902866697696 -1061.108471871678 190.41733100701026 19.59819799723999 -189.71528790248868 -1065.21835116008 214.77372386426447 71.75655376017306 -227.63754902031997 -1117.4528284365733 215.86762895645293 17.65544304040747 -176.7248408926598 -1067.6370659070137 209.6761874979376 78.78728361796136 -236.78815692081065 -1080.0791749934326 179.66686952036335 54.98421304014088 -207.0056667538705 -1058.970289728758 173.68762186328513 89.66583859738651 -236.2153360573587 -1114.43871271696 224.4251717489538 67.50601413469127 -205.54565236961182 -1125.7729869325556 224.4388306026451 34.52565607658536 -182.61625976566214 -1061.1666494164922 205.88877221329105 54.67066840693083 -215.84032367040626 -1089.069006771803 218.62325729242198 78.20720060840192 -213.27883449271388 -1121.2074678127435 251.69994712764893 -3.0669108140659795 -161.54488734526817 -1050.6449277357513 209.2915588404144 69.77822622590793 -216.6495643342178 -1045.584056371658 184.48263631473722 106.81394118516576 -245.44663408086805 -1110.5327913050994 207.54031357186892 51.822051284423615 -201.62066549706603 -1122.3897512532583 231.81221836861118 39.91756767960817 -204.75076996830424 -1123.8495788832852 217.4860438444006 82.10283013545045 -233.4869712773061 -1068.2798496751047 194.4207998638943 44.6858139336308 -200.11907846091165 -1073.8801137296464 205.9262628501788 26.454650558504955 -182.50731763118532 -1052.7834725785212 184.06914179815377 44.97921025515706 -189.77749689935405 -1073.6251264801776 197.72725659590355 59.15469556219303 -204.86476336247858 -1108.8965046941914 215.4600521794407 54.47632999573637 -221.4289908761339 -1092.7673180691206 203.4564351840146 110.92092062733957 -239.90872822893178 -1056.8702804896243 200.94245819545296 60.85458252064139 -223.01216354216245 -1083.0496398671423 202.2143993340971 23.979839731500707 -187.6384555163102 -1034.9872289594296 174.09936176663126 7.706627629102603 -172.3301481173331 -1104.6920338241434 217.29727226825588 86.08404452241338 -224.91452989062321 -1072.4485557229038 212.50283808473486 100.91991749284719 -229.42974580208394 -1050.59267667012 190.44743720422608 48.21289718615634 -215.52874192656805 -1072.2210040910613 179.36029780381895 64.92609878973602 -220.66323705339263 -1054.9371585353251 172.18752233748427 104.14060348584127 -236.80411737604146 -1076.0010033437572 221.16355038500265 22.54888159162183 -195.41284681429727 -1081.6185066709559 215.37900755417687 52.30519666627677 -194.99193173753224 -1123.2492255341508 245.01863671953595 63.26044750279768 -210.26889314080427 -1105.6356379503525 206.85482205779894 12.198525762743618 -178.73260879909174 -1098.8348268027698 194.27458521725018 79.45097133375143 -227.90195345521428 -1099.4141473423747 234.18674478913044 27.39520302159182 -193.07738114951485 -1108.8308995337059 222.97759647634786 37.79433893631135 -198.9984291464176 -1038.4937905105899 183.13185929880666 59.93134021578594 -213.4346010573394 -1092.0805728037035 190.8436511707627 12.613235769105232 -166.21602353717935 -1093.0121476767704 220.69659096673365 64.93026516551146 -228.7525081501725 -1114.276921340044 210.25868161459448 5.733718406176135 -162.7510329860231 -1093.8515312165678 212.46818586744936 19.67736739914445 -182.72277003376345 -1078.6622945075 195.91495917642118 7.568368228452602 -181.77495236353576 -1122.0168783636382 238.55996362319084 77.21442527549851 -218.40345873956718 -1089.6593187109083 211.49899655200042 4.923946927398798 -166.8961423257826 -1063.1565773465493 183.2646812964151 51.93373133661473 -210.85528737337924 -1049.7736154646907 200.7349210102942 16.091045842541835 -171.62745120010666 -1076.4964939736694 213.9897211068441 98.0003531523659 -237.6434157340653 -1038.3722863632636 171.15041074126577 31.590884496774873 -201.3643996454553 -1046.2300067516485 193.92787701770496
410.0048193674556 1.7582782280749916 0.8791391140374903 0.0 0.8791391140374608 1.758278228075036 1.7582782280748872 1.7582782280750504 1.965814820666598 0.8791391140374961 2.4865809165690553 0.8791391140375 0.8791391140375207 0.879139114037469 1.7582782280749827 0.8791391140374901 0.8791391140375917 1.7582782280750313 1.7582782280750087 1.7582782280750353 3.6247834267885386 0.8791391140375433 1.7582782280748048 0.8791391140375017 0.879139114037492 0.8791391140375204 1.7582782280749936 1.7582782280750306 1.7582782280750433 1.7582782280750409 1.7582782280750662 1.7582782280750193 0.0 1.7582782280750189 0.0 3.6247834267885906 1.7582782280749918 2.486580916569016 0.8791391140372017 0.0 1.7582782280750422 1.96581482066682 1.758278228075075 1.965814820666832 3.6247834267884795 1.7582782280750082 1.7582782280750575 1.7582782280750562 0.8791391140374291 0.8791391140374714 0.8791391140376412 3.624783426788593 0.8791391140379082 0.8791391140374764 1.7582782280751112 1.758278228074984 1.9658148206668178 0.8791391140375303 1.7582782280750486 1.758278228075034 0.8791391140374374 1.7582782280750153 0.879139114037622 0.6153973798262848 1.7582782280747096 1.7582782280750497 1.7582782280750153 0.8791391140375406 1.9658148206669508 0.8791391140375201 0.8791391140376031 0.8791391140375585 0.879139114037392 1.7582782280750324 1.7582782280749758 1.758278228075043 1.7582782280750557 1.7582782280750193 1.7582782280750227 1.7582782280750278 1.7582782280750109 0.0 0.8791391140371154 1.7582782280750051 0.8791391140375285 1.7582782280750588 1.7582782280750078 1.7582782280750484 1.7582782280750884 0.8791391140374754 3.6247834267885883 0.8791391140375481 1.758278228075057 1.7582782280750213 3.6247834267886665 1.7582782280750404 2.4865809165689674 0.0 0.8791391140377189 1.758278228075031 0.8791391140372953 0.8791391140375188 3.624783426788641 3.6247834267886017 1.7582782280750433 0.8791391140375061 1.7582782280749623 2.486580916569004 1.7582782280750744 1.9658148206668253 0.8791391140373256 0.8791391140375164 0.8791391140372499 1.7582782280750309 0.8791391140373475 1.758278228075007 1.965814820666648 0.8791391140375215 0.879139114037487 1.7582782280750535 1.758278228075054 1.965814820666798 1.7582782280750562 2.4865809165690074 1.7582782280750824 1.7582782280750175 1.7582782280750031 3.6247834267886123 1.9658148206668533 0.8791391140375286 0.87913911403787 0.0 0.8791391140376742 1.758278228075015 1.965814820666619 1.7582782280750426 1.7582782280750446 0.8791391140375341 1.9658148206665766 0.8791391140374852 1.758278228075017 91.48515571237235 -244.80969325185947 -1077.0264656684658 189.22240280902489 -5.358542858167608 -164.53282258359866 -1097.784564745832 219.33447758762173 42.76046544515496 -192.90868387816266 -1107.2239843826724 233.22846595615482 35.509046893890016 -189.94783591994027 -1118.8147928630551 229.2022490196969 89.64202476848692 -222.13905165047126 -1124.2639476877532 252.10530011425826 90.75129828698918 -227.87607449824975 -1065.4786362403281 200.9536229916284 70.81638584405147 -220.6543422286677 -1085.1059503314787 212.27329302387582 45.3567288429545 -203.71788222849446 -1070.5061572025281 204.83227555389848 29.59601488163793 -190.87963487144006 -1056.4835680281549 193.02756587962233 69.94607663394804 -231.21045779733902 -1089.8416281307798 230.75573022690082 56.52920363969273 -198.93944387205244 -1044.7472188811305 192.07854952592174 28.827256683335737 -185.36191061059603 -1087.7887457652198 205.24567741566878 85.30668878073524 -238.14534435956332 -1071.780889862719 190.3743139140228 82.24225209948241 -216.5984134758241 -1082.0856355334295 195.14801213448206 68.00464277567713 -209.51047759922847 -1043.6916462756406 172.64353247391045 102.26962497018361 -249.3811803331912 -1094.1186376686046 230.28904447017086 25.746778853930362 -175.59558769258635 -1054.6494176921287 207.2828242294503 40.950015357028555 -207.662213879409 -1079.6415398500194 208.28596112802947 19.901065861484394 -170.7314514778201 -1046.9758100698334 178.6315898775879 33.09560012033406 -205.14599501109817 -1097.9329372342554 212.2126172885268 11.092365725161988 -181.66564386443278 -1060.7449281178347 193.8984705321117 16.413368991683672 -186.5310214360284 -1064.6244354774196 220.1137565332978 68.48719677253695 -225.49618280129818 -1116.2181898426877 218.10408693307832 14.353764290900575 -174.63330151568226 -1067.387454542002 213.0679908223461 76.34544315691986 -236.05758535591227 -1079.8316765037127 181.65075040840296 51.43851801127037 -205.28962300848318 -1060.2519239683293 175.43911782195033 89.25258241460014 -235.06548070320784 -1114.0202207866012 226.83972094781404 65.59229257166483 -204.0094265350408 -1125.4492865591667 226.36192626974983 31.5148191772125 -180.98052376935118 -1061.2023244537431 208.81269879160266 51.66002394987568 -213.3013240224479 -1089.0344016768013 222.5627182992765 76.29897429177785 -211.73615648573815 -1119.174377161893 254.55128670645587 -5.307036010697364 -159.49510668605785 -1052.5414527697824 213.1805980567962 67.05020237045713 -214.5744702354122 -1046.7221454470819 186.76260052879195 103.55276119246402 -243.2949498829695 -1109.5454714303153 209.37403696937395 49.637825909085535 -200.49961916086824 -1120.7189366340654 234.84208956266662 38.248854179352215 -201.93079362205353 -1123.2041093336456 220.34371388936512 79.24639838893238 -231.6086678995001 -1068.9322027361375 196.83491681800513 41.121136918300024 -197.5332534881846 -1074.3296175784212 208.86114004626063 22.877605108891412 -179.9406488610463 -1053.5484549765977 185.9517839942339 43.0428975979898 -187.37143680065066 -1073.9418708494136 200.17260129806795 57.25070904605363 -204.20927319136305 -1107.368930832603 217.18718819909273 50.92613100958231 -218.82505048203663 -1092.4338956733748 205.8959411874667 109.2905827309257 -238.8329673951 -1058.0043033262937 203.78543416588417 57.65367715912177 -221.2151311699531 -1083.522939487419 205.1720338119566 22.31342294153538 -185.7084696840117 -1036.8267708032974 178.2153283092833 5.229364979956635 -170.7741695078938 -1103.1824109462225 220.02847749564006 82.81904929401027 -222.76817538639455 -1072.2250914487558 217.3651188331385 98.75098249211082 -229.1706773104758 -1051.0767070398556 192.33863290315327 45.47755065916995 -213.46261304389964 -1071.7046069504531 180.89805615250768 62.473130198515996 -219.06119071670585 -1055.6646900605106 174.53413189194586 102.2365682261145 -235.25582668346507 -1077.5984850280188 225.31734509265135 17.476765469403617 -192.4696484894759 -1080.8431378165935 218.2259422919027 49.56809078837327 -192.93056104717272 -1121.6019855305178 247.49490829267353 61.4890563274 -209.4067540214425 -1105.6706629711514 210.77788013754412 8.48090879420078 -176.38838000936462 -1098.5905858968276 195.747831238571 79.71365270352553 -226.61390817026026 -1102.2735154028671 235.3987258702708 23.164529649796712 -191.5343264540673 -1108.2538816651477 224.33355603245127 33.94926003660711 -195.94900756450497 -1041.558759858903 185.04038102601194 56.390369214813994 -211.71202048844157 -1092.8329872381328 192.28220765894412 8.348880835781632 -163.82497968414046 -1093.3588100447046 223.21451773023995 62.54202077139735 -226.6060470929216 -1113.3803783936105 214.06994366927208 1.6741297794866985 -160.4980384207095 -1093.1639952696753 214.36852960634315 16.77398312219106 -180.00866369051425 -1077.95453053043 197.42553331269332 4.240074977315872 -178.8121442579642 -1120.2355294046333 242.03830246616678 75.86241357441025 -218.68455870218338 -1088.8120175570814 215.5924416447311 1.7694035079019654 -165.49346851423016 -1063.6109396824397 184.69515353190576 47.703670771468275 -208.40072911019607 -1051.5429646547914 204.52051997150937 12.765504956916011 -168.66357689519296 -1076.0964638646612 215.89426462060678 97.18439287847787 -237.10577457348887 -1039.615730921079 173.39530476764114 29.800913395579048 -199.6357827430706 -1048.8132763399421 197.04606194155105
420.0048193674556 0.8791391140375123 0.8791391140375616 1.9658148206668065 1.7582782280750038 3.6247834267886057 1.7582782280748632 0.879139114037511 0.879139114037279 1.7582782280749987 0.0 3.6247834267886065 0.8791391140377748 1.7582782280750622 1.7582782280750777 1.9658148206668344 0.8791391140379068 3.6247834267886314 1.758278228074971 0.0 2.1978477850937184 0.8791391140375084 0.0 3.6247834267885817 1.7582782280750797 0.8791391140375536 0.8791391140373734 0.8791391140375503 0.8791391140377992 1.7582782280750326 0.8791391140373963 0.8791391140375313 1.75827822807498 1.7582782280750024 1.7582782280750224 0.8791391140374745 0.8791391140371317 1.7582782280750466 0.8791391140374584 3.6247834267885906 0.87913911403721 1.9658148206668484 0.8791391140374828 1.758278228075033 1.9658148206669044 0.8791391140375368 0.8791391140374187 0.8791391140375536 1.758278228075039 1.7582782280750546 0.8791391140372306 1.7582782280750247 1.7582782280749798 1.7582782280750322 1.7582782280751188 1.7582782280750184 0.8791391140374097 1.758278228075017 1.7582782280750187 0.0 0.8791391140371874 1.7582782280750087 0.6153973798260827 0.6153973798262489 3.6247834267885564 0.8791391140375466 2.4865809165687534 0.8791391140374981 1.7582782280750349 2.486580916569061 1.758278228074874 1.9658148206668158 1.7582782280750806 3.6247834267886065 1.7582782280750042 2.4865809165690815 2.4865809165692108 0.8791391140375127 0.8791391140374585 0.8791391140375253 0.8791391140371749 1.758278228075016 1.7582782280749756 1.7582782280750702 0.8791391140371578 1.7582782280750355 1.7582782280750833 1.7582782280750529 1.758278228075029 0.8791391140375145 1.9658148206668593 3.6247834267885732 1.7582782280750777 1.7582782280750304 1.7582782280750495 0.8791391140374808 1.7582782280750588 1.965814820666824 0.8791391140378536 0.8791391140374722 0.8791391140376202 0.8791391140375203 0.0 1.9658148206668238 1.758278228075093 0.8791391140375217 1.7582782280749216 1.7582782280750244 1.7582782280749705 0.8791391140375567 0.8791391140375887 1.758278228075011 1.7582782280750966 1.758278228075029 0.8791391140379095 1.758278228075024 1.9658148206667878 1.7582782280750544 1.7582782280750744 0.0 0.0 0.8791391140375321 1.758278228074983 1.7582782280750513 0.8791391140375218 3.6247834267885963 1.758278228075006 3.6247834267885954 0.8791391140378878 1.7582782280750415 1.7582782280749296 2.4865809165690176 0.8791391140375927 1.7582782280750138 1.758278228074633 0.879139114037513 1.7582782280751281 0.8791391140374982 0.8791391140372541 5.274834684225076 1.9658148206669792 89.85173138822083 -243.7384338349414 -1077.2602076119178 190.7253698324769 -9.294656999182056 -161.60038833150708 -1098.6126139402602 222.03584473587313 40.02640960055251 -191.74758807296632 -1106.1120698710906 234.9118674066099 33.31613813919016 -188.8454659660449 -1118.1833341298702 231.58471211316808 88.81550188546457 -220.72400295245865 -1121.5756100573608 257.8601122893256 88.8404286330144 -226.33581187242382 -1065.3807974928159 202.8968464179788 67.81519438311481 -218.9975985253015 -1085.0795583260397 215.25901956051538 41.03697936133331 -200.95508942862904 -1069.2570269129462 207.6461242412512 25.46643204180106 -188.27162866709023 -1055.9803055237383 195.9403905410959 67.62353110755924 -229.40580600259287 -1089.0663553189877 236.1361667918255 54.591844207756154 -196.53300814965598 -1045.1311660492302 195.9714665963199 26.06471038901812 -183.33345700117644 -1087.470760135169 207.18788306273507 83.95597596875132 -238.42777929252955 -1071.9567164327293 191.85566604454334 80.60429602262806 -215.53166960758446 -1081.455785974825 198.00534032633806 65.00159257181969 -207.85935876713748 -1044.1656565105436 174.53304648301182 100.36902772360416 -248.71609008048404 -1093.4541155626996 232.63743387869346 23.677849610601452 -174.3002582246769 -1054.4478207016564 212.63090778830164 37.65898923118457 -205.55657671761628 -1078.75116480533 211.12891615043694 17.309220467450043 -170.26976939600883 -1046.8980817229076 180.08775786271102 30.060996730612732 -202.6398394921493 -1097.2778153251827 213.05583616625836 7.121251162041186 -178.33772683427614 -1060.7380332674456 195.81614010265136 13.331062745283473 -183.16718024298638 -1065.5833690547486 223.81206861815627 67.52519748393985 -224.2878757370358 -1117.096872028043 220.37883658693826 12.250578375872383 -172.46095042965172 -1066.3300810210817 215.38856442444103 74.42657078927822 -233.63640549716203 -1079.146982018792 184.0760948016419 48.95541895234378 -202.8269057967554 -1060.7329850261426 178.84745905421656 87.3429937834399 -233.52474122881887 -1113.8502870053837 228.83925557382761 62.851791494549516 -201.94929677178843 -1124.8595930107463 228.75183989822216 29.45008825373293 -179.67709821929964 -1061.4065714880862 211.8041184585071 47.82922136501262 -211.1293540403067 -1088.8978095667542 226.0782415513464 73.02276844424834 -209.60677106209104 -1116.3613616154419 259.74954111770154 -9.210413664990973 -156.8820869094494 -1051.0840483733732 218.44554263003053 64.60243398695255 -213.86314184632587 -1048.3508241156662 191.61161490020416 101.37783844484646 -242.15838842105 -1109.0561517252372 213.76230907639243 46.33062462649413 -197.5108664500848 -1119.6307383417945 238.62591138814128 34.14880772767564 -200.18516409755475 -1122.3350680574817 223.1363422655615 75.69757771234404 -229.00273427058426 -1069.0414990180911 199.288532546348 38.36789498393676 -195.4887485497848 -1074.4635658987272 211.81553318722408 19.563168147895944 -177.86590093374377 -1052.4299556166147 187.437200621612 40.57199754844113 -185.79857023857517 -1073.661562587746 204.05851114052524 55.59293606094147 -202.27324855714318 -1106.6719340546172 220.7925936986444 47.62636636317944 -215.82785707835296 -1091.5085761828182 207.18683036398596 106.42796784757054 -236.0739400098047 -1057.8400238394038 206.20742550828538 54.311753506526614 -219.63779644072528 -1082.6922064096948 208.00066162878204 19.678750529493733 -183.47818787123094 -1038.4121829258952 181.5102812974856 2.5354841655106393 -167.68893130353632 -1102.5389847720855 223.39375896955843 80.90661893575005 -221.23125509742323 -1071.2406558774812 220.1359121129079 96.29905973367237 -227.5650361184262 -1051.294219839374 195.785365517803 40.413231814797115 -210.50595800804643 -1072.0372841799476 183.29953610300086 60.16949499480238 -219.0258803643403 -1055.673651630576 176.99232694315907 99.79389684021608 -234.52786593298288 -1078.1544392473936 229.00844971113975 13.448460590582132 -188.78341572841896 -1080.7746098740338 221.20916939383343 47.11633010851399 -192.23249651368678 -1120.959908085127 251.53384631492503 58.76165353570225 -208.2286245963386 -1104.8294218530384 214.59322617432798 5.927263266843691 -173.08847082581897 -1098.2563311899207 198.65227842595223 77.80084432707021 -225.07575261017575 -1100.7951988795865 237.97602573690762 19.85777448636103 -189.4525404834463 -1108.616282305223 226.4885182137329 30.778972243249882 -193.6496259523727 -1044.9209480955806 188.2118413706272 53.662621555713024 -210.5358945672903 -1092.8033834306757 195.71322525249522 5.438189341599297 -162.0331999061869 -1092.757818664452 225.5842606369474 61.15618138267128 -224.25257455742218 -1112.2862891354596 217.30575223575565 -2.625508980868503 -158.1667983687587 -1093.2623683256327 216.40454159075014 12.501344964303506 -177.63098718000535 -1077.4498895064767 200.82131831034502 0.17952106362045261 -175.16808527351762 -1119.900240234085 245.11178243442046 72.8616554428807 -217.02656730423496 -1088.5998611994235 219.0492591623205 -2.399054775614027 -162.94743378023298 -1064.1503787220133 186.6412490086619 45.08841774989122 -206.1432373689515 -1052.642121928936 207.0703459537027 9.727845557160075 -167.07318514682547 -1076.152176790988 218.3727270303919 95.5562472119046 -236.91485481831822 -1040.5217744693211 174.79460066904133 27.717449912036827 -197.44951365907514 -1048.4622713281703 202.44790811647155
430.0048193674556 1.7582782280750566 1.75827822807506 1.9658148206668657 0.8791391140373863 3.6247834267886265 1.7582782280749472 1.7582782280750386 0.8791391140377116 1.7582782280750202 1.758278228075182 1.758278228075027 1.7582782280749902 1.7582782280750449 1.7582782280751303 2.486580916569056 2.486580916568797 0.8791391140375243 0.8791391140379092 1.965814820666791 2.1978477850937184 0.8791391140375121 1.7582782280751925 1.7582782280750446 1.7582782280749023 0.879139114037513 0.8791391140372495 0.8791391140375026 0.8791391140378356 0.879139114037521 0.8791391140376075 1.7582782280750378 1.7582782280749738 1.7582782280750182 1.7582782280750093 0.8791391140375091 0.8791391140372253 1.7582782280750286 1.7582782280750269 1.758278228075033 0.8791391140378291 3.6247834267885657 1.7582782280749767 0.0 3.6247834267885795 3.6247834267885897 1.7582782280748848 0.8791391140375526 0.879139114037463 0.0 0.8791391140373193 1.7582782280750358 1.7582782280749862 0.8791391140375386 0.8791391140378021 1.7582782280750364 1.7582782280750016 0.8791391140375203 0.8791391140371695 0.8791391140375183 0.8791391140378698 0.8791391140374974 0.879139114037622 1.7582782280750135 3.6247834267887384 1.7582782280750326 3.6247834267885306 1.7582782280750313 1.7582782280750409 1.758278228075024 1.7582782280749483 0.8791391140375175 1.7582782280750393 0.8791391140374789 0.8791391140373993 1.9658148206668233 1.7582782280750988 1.7582782280750187 1.7582782280750813 0.8791391140375172 0.8791391140371108 0.8791391140375286 0.8791391140378028 2.4865809165690616 0.879139114037661 0.8791391140374928 0.8791391140375747 3.6247834267885963 1.7582782280750406 1.7582782280750244 1.9658148206666646 0.8791391140375377 0.8791391140378249 0.879139114037534 0.8791391140374819 1.7582782280749967 3.6247834267885524 1.965814820666801 1.7582782280750164 1.758278228075015 1.7582782280750344 1.7582782280750546 1.7582782280750986 1.758278228075057 0.8791391140376145 0.8791391140375052 0.0 1.7582782280750333 1.758278228075115 3.6247834267885843 1.7582782280751268 0.879139114037544 0.8791391140375154 0.8791391140375372 0.8791391140373973 0.8791391140375445 3.6247834267886794 0.8791391140375393 0.8791391140372751 3.6247834267885977 1.7582782280750162 3.624783426788593 1.758278228075163 1.7582782280749991 0.8791391140374927 0.8791391140374758 0.8791391140376208 3.6247834267886123 1.7582782280750862 0.8791391140375344 0.8791391140377164 0.8791391140375091 0.8791391140375457 3.6247834267885803 1.758278228075011 0.8791391140375507 0.8791391140371306 0.8791391140374863 0.0 2.4865809165690043 1.9658148206668218 88.20569841570918 -241.79185851026736 -1076.410287999519 193.59115788324794 -12.368630104885542 -160.08292109993826 -1097.6684730734398 224.30105730125186 34.88277397934341 -187.08002974838973 -1104.5442443266304 236.9307963389234 28.626158148807445 -186.20922369242305 -1116.6297024645378 234.11234386625352 85.81251298934137 -219.06969573762137 -1118.9074708020391 260.876907214344 86.9240836642628 -224.8029915040173 -1065.0294940814485 206.30256986542477 63.984644972614184 -216.82642241022535 -1083.642864199783 216.9195216340852 37.97231393303367 -197.57557631819606 -1068.573175060762 210.0015882707604 22.304208458328304 -186.88509034285923 -1055.8641732608435 196.90043796858197 66.23266985732954 -227.0571855504908 -1089.4421204719847 240.88332154084557 52.11633882168196 -194.96190175815514 -1045.1577999186486 199.91294954997682 22.867372516917072 -181.07105438517988 -1086.8128236381465 210.0522733957156 81.76424773930347 -236.4201575375008 -1070.5796349810244 193.14156942369675 79.2425440578087 -214.94061891637824 -1081.8811297456948 200.06574961375532 63.076071884266575 -206.33647175277946 -1043.750109065274 178.42460034856828 97.63230499357974 -245.76137860601455 -1093.355249537293 235.20007582970538 21.05303269161204 -172.9757961901481 -1053.670665880964 216.45138642074022 34.224934733200456 -203.6768987599906 -1078.5949944459978 215.11200675202085 14.260824419946749 -168.7030669339231 -1047.00871928837 184.481026797274 26.02441105619875 -198.9572591670381 -1096.2909111301676 214.8184783918922 2.5260735635067766 -175.5518490749879 -1059.7098147140648 198.133585701288 9.16060280177984 -180.62501640507838 -1064.4813599164418 226.0510377800157 64.22439056015271 -221.2938564645844 -1115.300420948688 223.37809932931162 8.3640143483839 -170.39413326578546 -1065.6829631318997 218.26336897139353 73.33000374601468 -232.63542460983848 -1079.6515835734244 186.57439453970272 45.241131713067574 -200.47613498970426 -1060.6089553020474 180.8110702591087 84.89757997317753 -232.80933444411815 -1113.1634360101348 230.66514484839928 59.5738373146809 -200.72641453199464 -1124.2094914735205 231.12147153929044 27.757841918045575 -177.76827220561782 -1060.3673719697274 214.57173984792283 43.84011086491404 -208.30387402554845 -1086.8731292560688 230.06117527007058 71.249066550568 -208.75432183929817 -1113.8888824427315 262.75775637312415 -14.019545749977901 -154.7544679038796 -1050.6655409675764 223.37229378399664 61.83761385196769 -210.93549268127313 -1048.7036690266266 196.02849552168323 100.27514521383937 -240.27251179885894 -1108.3341274857853 216.08920976946135 43.02711688687502 -195.42475349679717 -1120.1586835430057 241.0074818217272 32.26370583565984 -198.1331887271043 -1120.641531812205 227.20402055718822 74.60072432571505 -228.0010650143462 -1069.1808972888248 201.76667566861147 33.921137651564166 -191.54629344239873 -1074.5035040921298 213.83769869255977 17.317107303496126 -175.92213457624237 -1051.9446771735902 190.34752900244325 38.75866263155274 -184.0859674248076 -1073.1432584877969 205.4570648108882 53.25294200979213 -200.4913610751331 -1105.8630485478616 222.5729992821399 44.98478786214353 -212.6992791593066 -1091.553029219638 209.2208953691175 103.7084513584233 -234.88032801519384 -1057.977749721535 209.7320170293087 51.14978476524195 -217.32960196493406 -1082.6217666210132 210.4881581699692 15.64463621214722 -180.7150181544231 -1039.5117518395632 185.96459581308494 -0.3989428458252935 -165.9333444522137 -1101.252497889483 226.5708186387456 78.9872068696782 -219.70050428688418 -1069.5821652920176 222.73902052081192 94.91691965725825 -225.21028971658086 -1051.410692176444 201.19121194457927 37.6538003227486 -208.4744644995709 -1070.5781640007854 185.640797894952 57.141116332101795 -216.50878900189264 -1056.13882288368 178.94647247609694 96.52083568331477 -232.39368738811154 -1076.5879586050926 231.59815614187391 9.704401262589784 -186.4814821163273 -1080.839525512612 223.7558777314299 44.35723383655907 -190.20047586746298 -1119.1731897523157 254.45835908301925 55.86008290596407 -205.50998075991595 -1103.5534425527132 217.2616454300944 1.7398107272412962 -170.57574675190648 -1097.834341136844 200.56607362172798 75.06255903930325 -223.0148182797857 -1099.4856436201217 241.12215318066296 16.439123747947228 -188.48638876159978 -1108.5693434508253 229.57710357470097 28.005635102187192 -191.63430564122788 -1045.3614991413342 192.11074876902302 52.01477895884202 -209.4883456758283 -1091.802857515808 198.530124756335 1.2420371847296223 -159.52742821577945 -1091.1858169714246 229.69913894489463 58.6901795482799 -222.67056047498147 -1111.0073061141916 220.48354973186906 -7.374708477655818 -155.64987051123873 -1092.7155868850957 220.32173982790349 9.8352217327027 -175.43337799753976 -1076.9770081604813 203.6828230903892 -4.599177188084403 -171.73938135916615 -1118.0000580185977 248.53296011388895 71.774179800772 -216.90824578725167 -1087.5036036499607 220.26676896325947 -5.212453721678024 -160.99307024817278 -1064.2863945741983 188.13843324691078 40.08632087131081 -202.40443464674993 -1053.8218534922275 208.78153986208767 6.502750436505355 -164.85162413717936 -1074.4788729415632 220.96387721889982 93.11028052439073 -236.1956445481829 -1040.3127494491328 178.2127388226005 23.128091626282714 -193.72822584973179 -1048.9524205784262 207.4405227483215
440.0048193674556 1.7582782280750138 1.7582782280749454 1.7582782280749938 1.758278228074988 1.7582782280750122 1.7582782280749791 1.9658148206668178 3.6247834267885444 1.7582782280750409 1.96581482066684 1.7582782280749876 0.8791391140372605 1.7582782280749996 3.624783426788661 1.7582782280750187 1.7582782280751337 2.7800819805010426 1.758278228074926 1.7582782280750553 2.1978477850937184 1.75827822807504 1.965814820666747 1.7582782280750409 0.8791391140371646 1.7582782280750395 1.758278228074965 1.7582782280750424 1.7582782280750076 0.8791391140375506 1.7582782280749627 1.758278228075035 3.624783426788685 0.879139114037483 0.0 2.7800819805010444 0.8791391140373574 0.8791391140374896 0.8791391140376604 1.7582782280749927 0.8791391140372683 1.9658148206668258 1.7582782280752707 1.7582782280750366 0.8791391140378506 2.486580916569019 0.8791391140375573 0.8791391140375162 0.8791391140375572 0.0 0.8791391140372106 0.8791391140375387 3.6247834267886754 1.7582782280750195 0.0 1.7582782280750309 0.8791391140372614 0.8791391140375208 0.8791391140378132 0.8791391140374992 0.8791391140373144 0.8791391140374893 2.486580916569234 0.6153973798262489 1.965814820666806 1.7582782280750424 1.9658148206668649 0.8791391140374923 1.7582782280749865 1.7582782280750386 1.7582782280750615 1.7582782280750504 0.8791391140374492 3.6247834267886243 1.7582782280750702 1.7582782280750056 0.8791391140377601 1.7582782280750486 1.7582782280751124 1.9658148206668193 3.6247834267885226 0.8791391140374888 1.758278228075023 3.6247834267885914 1.7582782280749538 1.7582782280750349 1.7582782280750506 1.7582782280750218 0.8791391140378307 3.6247834267885795 2.4865809165687254 1.758278228075041 1.7582782280749272 0.8791391140375578 1.7582782280747071 0.8791391140375174 3.6247834267886443 0.0 0.8791391140375195 2.4865809165690536 0.8791391140371411 1.7582782280750404 0.8791391140375289 1.7582782280750369 0.8791391140375796 3.624783426788625 0.8791391140372323 0.8791391140375218 0.8791391140375485 0.0 0.8791391140378566 0.8791391140375222 0.0 0.8791391140375356 0.8791391140374991 2.4865809165690362 1.9658148206668578 1.7582782280750466 0.8791391140372865 1.758278228075015 0.879139114037685 0.0 0.8791391140374251 0.0 0.8791391140372401 0.8791391140374838 1.965814820666858 1.7582782280750155 0.8791391140372364 0.879139114037507 0.8791391140371797 0.8791391140375363 0.8791391140377284 0.8791391140375131 0.0 0.8791391140374945 0.879139114037381 0.8791391140374901 1.9658148206668624 3.6247834267886034 1.7582782280752702 86.40477229701267 -239.17685111782816 -1075.193756153602 195.82935589127678 -15.545591093657361 -156.80890737618162 -1095.7570212475632 226.73302868842472 31.550333811620916 -185.04245147040325 -1103.5732408560893 238.64657530519486 24.742514612647234 -184.13381751080723 -1114.1561093007267 237.82344916356848 83.60826903602803 -217.0776633395942 -1116.5352709228869 263.39923529343923 85.52895544990022 -222.45587529587462 -1063.8857123008477 209.02931894283003 61.36098003757723 -214.58434244436188 -1082.9684753720112 220.79977491563966 33.94876451563727 -194.79949749034193 -1067.1330329687028 213.65918906149193 19.423712218697712 -184.5683827920928 -1055.9930227848135 199.91876781793817 63.61199985389172 -224.81105234189616 -1090.469457190135 244.81572740170307 49.06021307776062 -192.479915689673 -1044.1574920373714 204.7047493962334 20.487399628901727 -179.34743388188218 -1086.0452914964578 211.8540577673324 79.56255263146451 -234.42436537158665 -1070.5856461233468 196.62315373618716 75.40439325527554 -212.7797391964211 -1081.188859626149 202.92056619485749 62.20594540185352 -204.05565249768208 -1043.4997801778675 180.8495794666714 95.44982787492728 -244.6380304817254 -1093.1270341717927 237.1938518326928 17.828662503513467 -170.75272625644854 -1054.1300416015902 217.5782725902093 30.454817916257312 -200.48920128086323 -1077.2133459326442 217.26860321359794 11.403597212091839 -165.8627155510462 -1046.7559651923546 186.41926460563434 21.823357399038642 -195.52653556386792 -1095.705901695081 216.6695029695939 0.3795593348233071 -173.42540964310507 -1060.2803106964952 200.2527831900076 7.146590860740432 -178.28719512697688 -1064.7913971425637 227.6586419670433 62.5557923340198 -219.36703365974873 -1114.6659289087809 225.74657215489609 4.711882030503524 -167.93764625119124 -1065.2838477063995 220.6875272423539 71.11179474035238 -229.76246672620604 -1079.9374252848897 189.13164970148725 42.754291310382925 -198.92800792323175 -1060.0220565595794 184.6965896598168 82.9737002199482 -231.28382387085685 -1111.4211004670485 233.64511503226743 57.09241991971119 -199.16758368542048 -1123.0540325481493 233.2742619323175 24.16487186009105 -176.16120019090027 -1059.5016353309534 216.87080252894896 41.59045344919036 -205.45677728328357 -1086.1533311428923 231.36172274481186 69.31719350939784 -207.23863853630738 -1110.402034390278 264.1897622555288 -19.08169399488531 -151.8006355711014 -1052.9750618851333 226.03803143270443 58.79473062627297 -208.43869141962105 -1048.0137030796027 200.86089807125524 99.16617762612289 -238.38911935405116 -1107.463547955801 217.8485361347605 40.92222326031404 -193.25629817542023 -1118.8534742886827 243.0994316254196 27.27002725926731 -195.06460131752863 -1119.608289908709 230.4798479653957 71.01381205951328 -224.54537199622732 -1068.7412416587433 203.6761917218471 30.590818922898354 -189.50473610764342 -1072.186810043349 216.74087126432863 13.42078158995324 -173.87070571500237 -1051.5821269000494 193.74862003176418 36.839188713953575 -183.47947043537008 -1071.4394797845198 209.06930947057702 50.875036906754126 -197.8478072857708 -1104.4173692210206 227.2535927659571 41.128442034158155 -210.5743803102935 -1090.9958754293198 211.085820946759 102.06775532136388 -233.81914790779823 -1057.1373686255529 211.04312797413323 48.2339684266782 -214.62969532357383 -1081.6902869303624 213.7749029047511 13.676081945775755 -179.25164946699414 -1041.3929238046205 188.20172332588842 -5.0758799064475575 -162.32540599978157 -1099.4740672115947 230.600749639832 77.05957561592318 -218.17770644404948 -1069.457029228588 225.76001301513253 93.14258488268095 -224.35838027723668 -1051.0503148611847 205.11639003080938 34.84957200300406 -205.58509291184174 -1069.7490661389736 187.47254959480395 54.79371122634387 -214.74048859139128 -1056.5858641310217 181.47086743588372 94.89197706099046 -232.21603998797676 -1078.3892980944452 233.19225564392838 5.7666617697170555 -183.55343512509225 -1078.5740249676423 226.1289716210669 41.86302586762153 -188.65876915718044 -1118.5625937678524 256.9634031804104 52.57341334745919 -204.313061782532 -1102.2934417925514 219.40583182096543 -1.6724175776986612 -167.70703320290536 -1097.4291699966216 202.97851656702656 70.59297130581753 -219.5803836615211 -1098.0096144823247 243.12898818311038 12.761046044387195 -185.128126845762 -1108.2056098805224 230.49552769955332 24.41651814798075 -190.01632226552073 -1045.8912454811061 196.16217059709777 49.274589893915234 -208.34341656560477 -1091.4654869920143 200.97551696751586 -2.124403325896236 -157.54322987609592 -1090.1856002397833 232.4514374547365 56.19706566809332 -220.2207780157218 -1110.4153853236246 222.87076943932405 -12.483565449089342 -151.80896431106547 -1091.8189218065054 223.11330908251628 7.024600391481314 -173.47460769252538 -1075.9133846896495 205.9333136500259 -6.799747583440414 -168.73950829167197 -1116.3839066740377 250.45140008165922 69.00167795154344 -213.98615950966553 -1087.5328831497745 223.34866266992455 -8.982089813478712 -156.80018852965435 -1063.9530239373305 190.03206072348206 37.31204770532118 -200.39360640578118 -1052.8851016659844 210.57811650274695 2.7192252137027473 -162.61561851418273 -1073.8372077300362 224.8469002500871 90.67608671576637 -236.36598487330184 -1039.6124121318464 180.11747254794807 18.374846209058223 -190.2664332099879 -1049.0009931163179 211.50438290886706
450.0048193674556 1.7582782280750038 1.75827822807515 1.758278228075042 1.7582782280749225 0.8791391140374969 3.6247834267888144 3.6247834267885675 1.7582782280748064 1.9658148206668404 0.0 1.758278228074997 1.7582782280751226 1.7582782280750227 0.8791391140373872 0.879139114037501 0.8791391140373359 0.8791391140374794 0.8791391140376237 1.7582782280749851 2.1978477850937184 0.8791391140375417 1.9658148206667945 0.8791391140375051 0.879139114037381 1.7582782280749945 0.8791391140374063 0.8791391140375204 0.8791391140371296 1.7582782280750002 1.7582782280749794 1.7582782280750693 0.8791391140372066 1.7582782280750486 3.6247834267887593 0.8791391140375295 1.7582782280750293 0.8791391140375346 1.9658148206668145 1.965814820666788 1.7582782280751985 1.7582782280750529 1.7582782280749638 5.274834684225072 1.7582782280750158 1.7582782280750733 0.8791391140377728 1.7582782280750462 0.8791391140375913 0.8791391140375132 0.8791391140372651 0.8791391140375383 0.879139114037316 0.8791391140375413 0.8791391140373376 0.8791391140375184 0.8791391140378534 1.7582782280750127 0.8791391140376023 0.8791391140374876 0.8791391140375451 0.8791391140375491 1.230794759652251 0.8791391140375353 0.0 0.8791391140375002 0.8791391140372357 1.7582782280749958 1.7582782280749532 0.0 0.879139114037402 0.879139114037528 0.8791391140373669 1.758278228075058 1.7582782280748397 0.879139114037485 0.8791391140372471 1.7582782280750036 1.7582782280750455 1.7582782280750178 1.7582782280748082 1.7582782280750102 1.7582782280750013 1.9658148206667734 1.7582782280751452 1.7582782280750215 1.7582782280750506 1.7582782280750056 1.7582782280749059 1.758278228075026 1.965814820666858 1.7582782280750353 1.758278228075129 0.8791391140375503 0.8791391140376992 0.8791391140375104 0.8791391140373488 1.7582782280750087 0.8791391140374791 0.8791391140375301 0.8791391140375597 3.624783426788605 1.7582782280751248 1.7582782280750409 0.8791391140376458 0.8791391140375038 0.8791391140376367 0.8791391140375059 0.8791391140372442 1.9658148206668653 1.7582782280750326 1.7582782280750247 0.0 1.9658148206668398 1.7582782280750087 1.9658148206668178 1.7582782280750933 0.879139114037544 1.75827822807507 1.7582782280750489 1.7582782280750096 1.9658148206668329 0.8791391140377361 3.6247834267885755 1.758278228074972 1.7582782280750286 1.7582782280750486 1.758278228075005 1.7582782280747573 1.7582782280750302 1.7582782280750286 1.965814820666788 1.7582782280750906 3.6247834267885883 1.758278228075024 1.7582782280750084 1.7582782280749387 0.8791391140375493 1.965814820666812 3.6247834267886025 3.6247834267885164 84.19659372614497 -237.190363227225 -1074.076328596806 199.06809465545214 -19.81202588065837 -153.46253741540892 -1095.506819601189 228.73136419196538 27.738413238163037 -181.89875540249827 -1102.33226979301 240.7378794652583 20.42124317972427 -181.83977392102614 -1113.2229964494124 240.62823455170988 80.98002402493495 -214.83706963744848 -1113.6168231744339 266.0364159465757 82.4900884059613 -219.9503706828669 -1063.0826548576892 211.8535098860017 57.918313985233084 -212.7219883267371 -1082.42039598017 223.20038770517996 31.52749746488171 -192.19590840989477 -1065.8489904208711 216.32914063156315 14.47154001768551 -181.90120389118314 -1055.517339398694 201.81790681111548 61.80166263101869 -223.09850534905684 -1093.5411390297284 248.3884516385194 46.39998175648322 -190.27557441119225 -1044.4369235171757 208.31627171817138 17.92362155740376 -176.97050925552432 -1086.6079748010343 214.095727965039 76.54146627839843 -232.80091668236284 -1069.7364782162263 198.920696456819 73.75188027502094 -211.73795920087608 -1081.5720971102721 205.0682727205616 58.914329420529306 -202.8732397624123 -1043.247660220455 184.78747380658066 92.70448511323157 -242.5844746076749 -1092.075080678064 240.45095982714736 14.466250390870721 -168.76127327503755 -1054.0341260147745 222.1355510444498 28.03470246012515 -197.88133767064778 -1076.7835122242286 220.20176690259453 8.210940964908177 -164.5464432056179 -1045.66036309481 190.1867289260437 17.339666049474847 -192.5566314812024 -1094.130827299902 218.1736245134185 -4.127351757851544 -170.4911425590371 -1059.6603750197419 201.61295935333877 2.86328551205123 -176.89579109868328 -1063.737765928965 231.92540113561452 61.028604416159055 -218.1286382137559 -1113.5299189069337 228.43579630344752 1.7651764339128309 -166.20373348963935 -1065.8334856923989 223.90592461006864 69.59213238518284 -228.51188574500563 -1079.6044199299947 191.5599344190492 40.9222721368221 -197.2396542113411 -1059.814167558056 189.1535021987403 80.91008648120012 -229.97588486502536 -1110.2100631186647 236.32508427526218 54.60189903805878 -197.62687441567567 -1123.070987722886 234.36530479960092 22.271753329925172 -173.6127266919941 -1058.4316319003524 219.60881184303702 37.263576946986774 -202.2354486729849 -1085.510317849459 233.73322617127587 66.28975033131884 -205.63246756037196 -1107.6412863358398 266.43321469713 -23.8449816475913 -148.62535706568974 -1054.7884343409341 228.0988876137867 55.5028792909738 -207.2580453082938 -1048.931615215123 204.12272841917368 95.46547992776961 -236.01798988603997 -1107.431946550038 219.93281913948962 38.83594656670425 -191.98660956130286 -1118.683995214854 245.27578213699394 24.050718779352003 -192.84054823255838 -1119.011612906029 232.36170733582225 67.44625121936829 -222.87707171708144 -1068.061705268895 207.01912749615386 26.82345990244944 -187.23991316359098 -1070.6817319596482 218.31309563003677 10.476646886037294 -172.13016915279053 -1051.8163984225705 196.81477913804483 33.619863047325715 -181.25196103784097 -1070.7587084968773 211.401083414499 47.83526318617265 -196.26391158756334 -1102.4855949429552 230.67647852645877 38.403886755826385 -206.61134290662318 -1090.5335194062395 214.02044888725393 99.87872996572041 -232.7065311610489 -1056.323844756793 213.85866815120303 44.462030615210544 -211.44078529340575 -1081.5581531081768 215.78074899125568 9.596694648217987 -176.55385030960684 -1041.713307772354 193.31019354121244 -8.199230779623212 -159.92738134594333 -1097.9549763714465 234.20221060988214 75.40688379749628 -217.13628792385515 -1068.4995066589663 229.5553991213181 91.21394377621918 -222.84160966569445 -1051.3482467636297 208.72647294777636 31.766139026373583 -203.13391235194928 -1069.1991601315901 190.85219815975947 51.72926377597003 -212.26453116867293 -1055.9901582772368 185.8242733809116 92.96358561568015 -230.6978037109784 -1077.5870550099764 237.0468741293736 2.1065520679879817 -181.10701813931996 -1077.7229330342068 227.9136077463915 39.10799993935786 -187.55399999527907 -1116.1855486773495 258.7908716222752 49.2819634828184 -203.14112489189117 -1102.1691041501733 222.49980486643025 -5.427280915757304 -164.93731509965667 -1097.4679557674272 206.07430383943344 67.41732407625885 -217.29271983533323 -1097.7838741770533 244.08783557429703 8.101107436104785 -182.93057311422498 -1106.3873270533845 233.43727429770317 20.058062779114614 -186.8393306376432 -1047.309802045569 198.54657954184802 46.23543610600879 -206.75633498515379 -1091.0160163426174 203.39574047410323 -6.0397680299542165 -155.52991761269504 -1089.7512397743558 234.90320982096515 54.64004080370646 -218.09997255160746 -1108.8404372079544 225.39523354664988 -16.451851531544364 -148.92006900064263 -1090.812693129284 225.8671659761492 3.955390286646068 -171.94827279888582 -1075.7802036308292 208.9424144834133 -10.889455193237676 -166.05749639591048 -1114.7339890654341 252.88686653779405 65.95063555150318 -211.49839849226652 -1085.780749747548 226.8747012703071 -13.196877681404574 -154.33235232007928 -1063.2523829660233 192.87554271982427 33.56155951685186 -196.68915034092123 -1051.7680277251272 216.34834384075637 -0.10590332319374135 -160.6748176953463 -1073.0119184293403 228.17491416189938 88.88033269778795 -234.64084308225208 -1039.2738450230295 184.52918266294594 13.761575927252276 -187.5151263861532 -1047.5334140906255 216.67976625383622
460.0048193674556 1.9658148206668484 1.7582782280750067 1.9658148206668165 0.8791391140376242 1.7582782280750313 0.8791391140371719 0.8791391140375363 0.8791391140373122 0.0 0.0 1.7582782280750193 1.9658148206668944 0.8791391140374991 0.879139114037662 3.6247834267886323 1.7582782280748992 1.7582782280750193 1.7582782280749754 0.0 1.7582782280752436 0.8791391140375497 1.965814820666773 2.4865809165690327 0.8791391140375927 1.9658148206668398 0.8791391140371531 1.758278228075068 1.7582782280750076 1.7582782280750524 0.8791391140374698 0.8791391140375496 0.8791391140375512 0.8791391140375354 0.0 1.7582782280750306 1.7582782280750235 0.8791391140374777 1.7582782280747806 3.624783426788597 0.8791391140375411 3.6247834267886034 1.7582782280750073 1.9658148206668198 1.7582782280751688 1.7582782280750557 1.75827822807517 2.4865809165690247 0.8791391140378529 0.8791391140375501 1.7582782280750877 1.7582782280750522 0.8791391140372671 0.8791391140374823 0.8791391140377092 1.7582782280750229 1.7582782280751 1.7582782280750513 1.7582782280749385 1.7582782280749978 0.8791391140372485 0.8791391140374767 3.624783426788306 3.6247834267885795 1.9658148206669073 1.7582782280750238 1.9658148206668313 0.8791391140375143 1.7582782280749634 1.7582782280750198 1.7582782280749136 0.8791391140374774 1.7582782280749392 0.8791391140374983 0.8791391140372377 0.879139114037498 1.758278228074975 2.4865809165690442 0.8791391140377085 0.8791391140375551 1.7582782280750886 3.624783426788605 1.7582782280749383 1.758278228075032 0.8791391140377287 0.8791391140375263 1.7582782280750526 1.7582782280750335 1.7582782280749054 0.8791391140375101 1.9658148206667359 3.6247834267886043 0.8791391140373512 1.7582782280750326 0.8791391140378099 0.8791391140374917 2.486580916569078 1.7582782280750509 1.7582782280749607 1.758278228075042 0.8791391140373267 0.8791391140375361 0.8791391140378778 3.6247834267885946 1.7582782280749285 0.8791391140375089 1.7582782280750942 0.8791391140374893 0.8791391140374121 0.8791391140375311 1.7582782280749623 0.8791391140375023 1.758278228074837 0.8791391140375504 1.7582782280746723 1.7582782280750127 0.0 2.486580916569044 1.7582782280750422 1.965814820666791 1.758278228074948 3.6247834267885883 1.965814820666695 1.7582782280750369 0.8791391140377276 1.758278228075042 1.7582782280749565 1.7582782280750449 0.8791391140374675 0.8791391140375003 3.6247834267886403 3.6247834267886354 1.7582782280750118 1.7582782280750482 0.0 1.7582782280750162 1.7582782280750584 0.8791391140374951 1.9658148206668529 0.0 1.7582782280749512 81.30288327070946 -235.36890212921006 -1073.4503261744226 201.94339995830018 -23.656956541575855 -150.36290393818174 -1094.559410191785 230.98656013440083 23.69700077737273 -178.65651629128288 -1101.8992347061505 243.24716989796605 17.35352835765046 -180.31261203455932 -1113.1552946183413 241.7222958017671 79.70894316949573 -213.18398181275313 -1111.0374129669935 266.34306486697517 79.20151622109796 -218.76328691812606 -1062.0535523300784 215.11299948170333 56.09299333288574 -211.0281877381716 -1081.805046850165 225.58092733019816 26.615915405283417 -188.9887844242817 -1064.9463036112204 219.11387499009606 10.43594531646054 -180.09074308817688 -1053.7530208500364 204.34143376686438 59.435360307896225 -221.35032227821952 -1092.0293902844778 252.30142449459015 44.432052448899206 -188.8082229954527 -1044.2317676704488 212.33773206251715 15.103116669365203 -175.02450169060612 -1084.902135348445 218.15474309855745 73.19902456046071 -229.85039016176555 -1069.088314067199 200.25430320783886 70.68651342261185 -209.26687431712668 -1081.1211963738417 208.0095093567125 56.70026491751758 -201.81202866079212 -1043.1151749459916 187.28287350606496 91.31571598331043 -241.123767536315 -1091.3045904385287 242.76914212846043 12.411779211268248 -168.4023291694261 -1053.8274405761508 225.14723762911902 23.587851754634514 -195.80188597715016 -1074.968006654275 223.18417006057015 5.8580278526965675 -163.731642587279 -1047.038013068705 192.5908370204679 14.146622391857381 -191.2388243081243 -1093.424772053971 219.99494349691588 -7.374939423106904 -168.30505606983886 -1058.3574299963923 204.27813057462953 -0.01178663288910442 -174.0753795939809 -1061.9450847680298 234.928331968098 58.24721714942614 -216.13227651018119 -1112.2626797720964 230.52101047817317 -0.21818000588841918 -164.75799123246804 -1064.8361577413525 226.14902313945333 67.07649410730312 -226.08615873364525 -1079.4883713219103 194.57576967107602 38.157738710008054 -196.15076541060083 -1058.8378897971113 190.9088650957558 78.83876201909494 -228.6795584592769 -1108.0023362624834 240.13012298903567 52.728674415304475 -195.06494179813527 -1122.6123957838338 235.76485352812415 19.623753478392054 -172.3343591632309 -1058.1518997696608 222.07763911243129 33.99723040511949 -199.1351852895779 -1083.9909219725378 236.8025562301111 64.8826990536399 -204.19354540539672 -1104.1898582839656 269.2202123496452 -29.077561220628304 -145.09141847393892 -1055.675439363049 232.49778237313737 51.202803904414814 -204.92538616336753 -1048.5184303581684 208.0755553262986 94.07557772532222 -234.55820561264377 -1106.6553512619435 221.72175522733332 36.69654321013914 -189.85414766994828 -1116.7354326603418 246.9150603252632 20.98596477886464 -191.30668003637226 -1117.6731076156373 234.9713556731965 65.34100193155415 -220.71187148089388 -1067.3920780505846 208.34879329996946 25.003642476285382 -183.60445218598855 -1070.755415290004 221.94141333918742 6.266049703929342 -169.65660740409766 -1052.1193734497474 198.42547253696998 31.34959688806315 -179.3346460633264 -1069.7084478260713 214.65729163613466 46.121444265739676 -194.3765686651492 -1101.2301341414368 232.25794714789168 35.05538952098058 -204.59700655470263 -1089.525505123118 216.76316424605523 98.22858630266771 -231.66226503728953 -1056.0564573208355 216.3420611185899 42.04206472831988 -208.83369099853644 -1080.5186808117967 218.0113584922582 7.863131319714778 -174.68488927079855 -1042.798771174363 196.6647974072987 -11.86895133978972 -157.4952132444396 -1096.2871788324837 236.13456636637966 72.08738894725553 -215.07633245139823 -1066.6179555145723 232.00470048108525 90.07953692344276 -220.97421925781012 -1050.4855722787945 214.08140536892304 28.244486703325467 -200.45639887154454 -1067.8229939589303 193.00270169919173 48.137601322596595 -210.64866652155203 -1055.862340783947 187.30306025608058 91.83162791607205 -228.82847859373044 -1076.4803925353021 239.226701079177 -1.8581855934548126 -178.21254517368286 -1076.3193763097374 231.04560894809967 36.25569204933443 -184.71108160047382 -1114.887854094316 260.25069251969506 45.48177361619322 -199.98733571327415 -1101.7851145661173 223.40982870417344 -7.585772957196983 -162.82406410569544 -1095.7412363711312 210.12414623578064 64.63471900583112 -215.29015084848774 -1097.1944047492411 247.67760547525467 4.90763184034823 -181.61741951052676 -1104.8814825241739 235.945926977346 16.989124274511028 -185.3102099770608 -1046.7348751029112 201.42554610782057 43.43641394094371 -204.777207567064 -1091.6327111283185 204.62713326994552 -8.691957168002125 -154.259600657438 -1088.6136521353362 237.60653068407066 51.85218534028435 -216.11096311023277 -1106.3600485229442 229.61986218964782 -21.45849924863738 -146.8382087304243 -1090.1713160805236 228.7687353561776 0.04044598114923276 -169.9345431964239 -1074.399700562234 211.5688973416001 -13.716202035300563 -164.1189159856531 -1112.6839576160282 254.40534984588612 63.70595140407656 -209.5479612409893 -1084.3699944720152 230.52064042141814 -16.867016361729156 -151.90092299379867 -1062.71630913897 194.74719412181162 31.00133394113438 -194.306065748314 -1050.917170213007 220.68923383392706 -2.6343888572454963 -159.19343992316445 -1071.253860633798 231.6974302783276 85.85700446443211 -233.0243859793667 -1038.8734107465723 188.97610473310482 11.112561162473455 -186.23621243033838 -1046.9253810607868 221.10009040590182
470.0048193674556 1.758278228075024 0.8791391140372621 0.0 0.8791391140375561 0.8791391140375535 0.8791391140376787 0.8791391140374782 1.7582782280751548 1.7582782280750227 1.9658148206671462 0.8791391140375294 0.8791391140373044 2.4865809165690833 0.8791391140371437 0.8791391140375416 0.879139114037459 3.6247834267885977 3.6247834267885963 1.758278228074986 0.0 1.7582782280750517 3.6247834267885737 2.4865809165690265 0.8791391140374427 0.8791391140374883 0.8791391140376602 0.879139114037518 0.8791391140375041 1.7582782280750473 1.7582782280751472 0.8791391140375195 1.7582782280750866 0.8791391140374714 1.7582782280750435 1.758278228075052 1.7582782280750486 1.7582782280750062 2.486580916569064 1.965814820666813 1.7582782280749063 1.9658148206667878 1.75827822807499 1.7582782280750133 3.6247834267885883 0.8791391140375531 0.8791391140377142 1.758278228075015 1.758278228075053 1.9658148206668513 0.8791391140375268 1.7582782280750426 1.7582782280750526 1.7582782280750413 1.7582782280749816 1.7582782280750588 1.7582782280748461 0.0 0.8791391140374795 1.7582782280750338 3.6247834267885755 0.8791391140374998 0.0 2.780081980501075 1.7582782280750786 3.6247834267886185 1.7582782280749432 1.7582782280749965 1.7582782280750202 1.7582782280750366 1.7582782280750295 1.7582782280750517 1.7582782280749318 0.8791391140374822 0.8791391140377197 0.8791391140374766 1.7582782280751548 3.6247834267885803 1.7582782280750873 1.9658148206668185 1.758278228074926 0.8791391140374717 0.8791391140372689 1.7582782280750413 0.8791391140372323 1.7582782280750227 0.8791391140377017 0.8791391140375278 3.6247834267887944 3.6247834267886043 1.7582782280749434 1.758278228075018 1.758278228074962 0.8791391140374926 0.8791391140377252 1.7582782280750069 0.8791391140374796 1.9658148206668549 1.75827822807499 2.486580916569079 1.7582782280748948 1.7582782280750164 1.7582782280749012 3.6247834267885994 0.8791391140377194 0.8791391140375 0.8791391140375667 1.7582782280750493 0.8791391140374786 5.274834684225112 1.758278228075129 0.8791391140375093 1.7582782280748772 1.7582782280750513 0.8791391140378054 0.879139114037556 0.8791391140376911 0.8791391140375276 0.8791391140378131 1.7582782280750167 0.8791391140371353 1.9658148206668193 1.7582782280748899 1.9658148206668165 0.8791391140374947 1.7582782280750349 1.9658148206667945 1.9658148206667945 1.7582782280752203 1.758278228075009 0.8791391140371648 0.8791391140374755 0.8791391140373405 1.7582782280750076 1.7582782280749676 0.879139114037478 0.8791391140376672 1.9658148206668593 1.758278228075227 1.758278228075009 3.6247834267885493 78.10594537610322 -233.10487579915772 -1072.5179267756293 204.71445052860403 -27.030720650372526 -148.3900375555483 -1093.7305587143585 233.29033681372894 21.36900636097613 -175.8701924290637 -1100.0423586772872 244.95626861460912 13.389078361973507 -177.41841281005307 -1110.6793481329926 244.7728853753635 77.11389610844984 -212.74327315524064 -1108.1017682014974 266.8487899837182 76.86572474342759 -217.90144735817574 -1061.0374702738554 217.33614613585203 52.78930986881207 -207.04499493075824 -1079.8118735576188 227.92144348502993 22.409379589419107 -186.50757638403283 -1064.9701736528662 222.74837365444952 6.5938438619036415 -176.98770429323818 -1053.3015686122842 207.27045723802996 56.85593957550018 -218.06991238362585 -1088.2266509678989 254.855697219482 41.3676693516936 -187.27173604849648 -1043.224061342021 216.11876803021434 11.384561374410254 -171.71057343887057 -1083.7215436078504 219.78027444960236 70.54117013469568 -227.64149055818208 -1067.4783806830333 201.25504542006016 67.4248193746782 -208.99435962444295 -1080.9845992944104 210.56179260323137 54.22818353139443 -201.18388489455896 -1042.8339944008576 190.76073801857513 89.37420792593839 -239.6207293554462 -1088.9866553980216 245.38577098995862 9.586173281471341 -166.46235315250829 -1053.4337485310048 229.1537215147452 19.035934947584842 -191.98363656215915 -1073.5171512029513 226.285312612098 2.450589624303536 -162.30141203433078 -1046.3696794104824 193.92289180505628 10.184229074835697 -188.34220061197013 -1092.6551228487947 221.79419182852862 -11.219536457453627 -165.20507255032996 -1058.5153077431733 205.34870757421012 -2.540280144182042 -172.59406874063623 -1059.3984502425787 237.64621882992452 55.24372746011246 -212.60443562308907 -1111.3322298311064 232.79534522446838 -4.432606714292852 -162.28979465850676 -1064.0163184820533 230.5296595827858 62.90603927415403 -223.5363981249913 -1077.9573066781766 196.1343329951608 35.6367242724569 -194.65698881456547 -1058.350834926731 193.3128199508586 76.62955022795072 -227.60881887692622 -1106.5067008556 242.6320969872482 51.34555769868294 -194.52359386755975 -1120.759642719315 237.525011909642 16.675613624349445 -170.60344857826922 -1058.4913739648725 224.79303709014707 29.91966571153763 -196.43613371004426 -1081.837691529853 241.18853814748158 63.21140973587315 -203.1805567559922 -1101.1542782732442 268.29606381044977 -31.752849791578136 -142.98070291046292 -1056.4114003861105 234.83339814624367 48.64406097943851 -202.5416678133652 -1047.8167122209163 210.9332929928864 90.78585189000293 -233.37350880041834 -1105.7963249966112 223.48110421563126 34.967254204183845 -187.9800867505828 -1115.5265195234435 249.05057769293967 15.589110822995812 -186.9957896870916 -1115.706412197181 238.90668628945488 63.926758119688564 -219.27979790847064 -1066.5183385339524 211.65544415293664 21.339074184872903 -181.16534239631437 -1069.3174820742659 225.06065340279275 2.4225905932634597 -166.55532309639077 -1052.2190862075893 200.5092284120291 28.82533250601294 -177.8463954330866 -1069.1862304080353 217.57779918166543 43.6034110243364 -192.8771334158854 -1099.4628818816375 235.2098648166397 32.44531366318741 -201.34092570447953 -1088.8719482871768 219.6641632088457 96.28395531686883 -230.16273908860447 -1055.8863418561446 218.33950180559114 38.93917664440979 -206.41052493093153 -1079.0461404506898 221.10733902820198 4.143702282942215 -171.372319618124 -1043.3496864903766 201.45795060808268 -14.573143821979627 -155.34692075667982 -1094.091135237584 240.4816782239132 69.33162510045493 -213.96697119410447 -1064.4819167787462 236.93620356783356 88.70740012692085 -220.41039756006526 -1049.7709485675964 216.94156291473752 23.572353152345467 -196.84317750569912 -1067.6049995399587 194.4757890962481 46.37662551383767 -207.88421913526713 -1054.9275519144242 189.57815334266635 87.70731055712638 -227.1353634718368 -1075.6450952456805 241.53243830159562 -6.915049019248588 -175.24972103540108 -1075.223973437921 233.74779339797567 33.31281995661133 -182.97034856815102 -1111.9546513992793 260.17920959002504 42.92089671414738 -197.60676581596334 -1100.9413932616058 224.64691859766643 -11.888452017808918 -160.02293749824335 -1093.6436487118494 211.39449093934687 62.51028009541049 -213.1408912363172 -1094.3375778367488 251.0939493074632 0.8909100837211263 -177.84627028036303 -1103.2815337282536 238.39565641714344 12.604728968568057 -182.16747662672898 -1047.0684121005206 203.5767986000065 39.99436959148694 -201.01256060488447 -1090.2070412935652 207.74321055729186 -13.627304685361874 -151.08883890381526 -1087.5276431477594 239.7944268582544 49.55383975097674 -213.30056235545555 -1104.5440134381156 231.99662843318248 -25.253176140540283 -144.62037258866934 -1089.3537647219705 230.00434274059577 -4.050182310001471 -167.2552428564993 -1073.6893309146462 214.94909744741364 -17.85929330781231 -160.56189824332594 -1110.1938862392763 255.5264193428309 59.81805270277 -207.4827335034993 -1082.581518841293 234.01228156611919 -20.36335068907867 -150.1380506265762 -1061.755040461212 196.99914326444477 27.886631995338874 -191.89770797489712 -1051.4908730661548 223.472043814835 -5.3891384595127265 -156.1653391120626 -1069.1867303357697 232.97896158492668 83.52268709177876 -232.15321138245983 -1038.6722186012069 192.99450856507636 6.850588442106721 -182.88444548618222 -1045.4952736034766 223.69827362568537
480.0048193674556 1.7582782280750504 0.8791391140376451 1.758278228075018 1.7582782280748188 0.8791391140375261 1.7582782280750626 1.758278228075008 0.8791391140377854 0.8791391140375162 3.624783426788776 1.7582782280750349 0.8791391140372695 3.6247834267885866 0.8791391140373345 0.8791391140374754 1.7582782280750284 1.7582782280750189 0.8791391140372219 1.7582782280750346 1.96581482066688 1.7582782280750464 1.965814820666749 1.9658148206667914 2.4865809165692867 0.0 1.758278228075082 1.7582782280750096 0.8791391140372105 1.7582782280750127 1.7582782280748948 0.8791391140375233 1.7582782280751428 1.7582782280750173 2.4865809165687347 0.8791391140375274 1.7582782280749454 2.4865809165690544 1.7582782280749583 1.9658148206668165 0.8791391140377572 1.758278228075027 1.7582782280750826 0.8791391140375403 2.780081980500992 3.624783426788621 0.8791391140376207 0.8791391140375283 1.7582782280748455 1.96581482066682 1.7582782280749185 2.48658091656905 1.7582782280751434 0.8791391140374594 1.7582782280748388 1.7582782280750262 0.8791391140373579 0.8791391140375364 1.7582782280749527 3.624783426788617 0.8791391140375722 0.8791391140375443 1.7582782280752796 1.2307947596525064 1.7582782280754163 0.879139114037516 1.9658148206668418 0.8791391140374977 0.8791391140376135 3.6247834267886114 0.8791391140374859 0.8791391140374745 1.7582782280750113 3.6247834267885763 0.8791391140374365 0.8791391140375195 1.7582782280750493 0.8791391140375275 0.8791391140378312 1.7582782280750306 1.7582782280752145 1.7582782280749953 0.8791391140378131 1.7582782280750227 1.9658148206667718 1.7582782280750626 0.8791391140372791 1.7582782280750215 1.7582782280750353 1.7582782280750326 1.9658148206668669 1.9658148206668178 1.758278228075168 1.7582782280750313 3.6247834267885413 0.8791391140375379 1.758278228074925 1.965814820666854 1.7582782280750526 2.4865809165690465 1.758278228075084 1.7582782280750295 1.7582782280750713 0.0 0.8791391140377072 3.6247834267885723 1.758278228074784 1.7582782280750546 0.8791391140375926 1.7582782280750278 1.7582782280751756 3.6247834267885843 0.879139114037586 0.8791391140374882 0.8791391140373105 1.7582782280750422 1.7582782280749025 0.8791391140375063 0.8791391140375622 1.7582782280750238 1.7582782280750038 0.0 0.8791391140374822 1.7582782280750286 1.7582782280748497 3.6247834267886354 1.758278228075046 2.48658091656905 0.879139114037568 3.6247834267885644 1.758278228074964 2.4865809165690465 0.8791391140378857 1.7582782280750495 3.6247834267886945 2.486580916569015 0.8791391140375984 1.7582782280749851 1.7582782280752958 0.8791391140375473 1.7582782280752685 74.72705920484603 -230.20330163505423 -1071.7787124229612 206.00583997939495 -31.995661654274766 -147.22762889713218 -1092.712718109261 236.62722067426412 18.295657532790827 -174.35215312434264 -1098.2362151542166 249.0250649550897 9.07175864587466 -173.1926325038774 -1109.392997115147 248.01711016623685 74.31134359941805 -210.7695222498554 -1105.6150418078153 269.2093596410959 74.35672982430249 -216.3895755207472 -1059.5480720495095 219.90335542466102 49.009466822000675 -204.79935494777106 -1079.4354276084907 229.90001850260154 19.584698475936296 -184.56581203388143 -1062.4494718281505 226.48818101602774 3.1343360323986755 -174.6805214116586 -1053.162634521174 209.82645067994156 53.876656089334595 -215.43598420898033 -1086.942552042192 258.9200097531302 38.126297600500926 -185.07643429022073 -1042.9480220343773 219.65856552932638 6.695806592922684 -168.11793246405077 -1082.1352059466542 223.32875153516326 66.65363335961744 -225.57843238012663 -1067.3380676642141 203.80666974426248 65.41286414947528 -206.65089284807 -1080.2029762284205 211.82494626777998 52.206926216459905 -198.8484080574877 -1042.1400726393692 192.06667522146444 87.51600976838489 -237.0451643307429 -1086.539622572284 247.88457189046443 7.251611972231172 -163.68263587092824 -1052.8420048236032 232.0442378437129 15.667014643906164 -190.0055824546481 -1072.0605457150295 230.9666255356362 -1.871963940095916 -158.079537677194 -1045.818068414203 196.31387801849706 6.885057575502993 -185.2777778299373 -1092.034489546711 223.662060483803 -14.40427282218974 -161.93702565310141 -1057.4417129704243 207.56341550513534 -5.54406387262907 -169.99132781820794 -1058.6124017156171 243.87649865163797 51.71662756141664 -209.93639813882686 -1109.9635968580353 233.68731253158555 -7.6500998360261745 -159.56473127076907 -1063.7089371985041 232.52015776587328 60.855632735810346 -220.308484690395 -1077.29699921075 197.95668635516847 32.8628988383416 -193.59044753927006 -1057.8600088136861 196.24400792950473 74.20830138520837 -225.00369533525148 -1105.3163962037645 245.3554953381971 49.368941875026145 -193.0695561505722 -1119.374942025345 238.36641826828676 15.23646960971388 -169.19457043811977 -1057.4753245745758 228.0552848984494 25.747067414580286 -193.41527830527718 -1080.8903951970028 242.88956109835829 60.695686025224994 -201.67785741901167 -1097.4742390681174 268.7558370743863 -36.9976249044079 -141.25266092006314 -1057.3742595745784 238.38424675627994 45.53201906253579 -200.128541577958 -1047.2783387292013 215.93682371049414 89.11956390545454 -232.35198818164747 -1105.7520970653763 224.58547425038756 31.723154822227404 -185.7888178695306 -1113.984018196777 250.34296843741137 12.589580652105838 -184.38715388103424 -1113.6529304489584 241.65614333210058 60.07170534507461 -215.26117484252356 -1065.8796602208035 214.0219283660694 18.143149709079033 -179.85723064770235 -1068.4126916398573 227.8475660910635 0.6317225880673818 -163.81317822743557 -1050.6402844412348 203.5759551957921 24.860584128964966 -174.9528224092899 -1067.5836640021357 221.67349351927803 40.61187368578577 -190.25967012003903 -1097.620542060626 236.95359888648724 28.90644082856579 -198.68865064774255 -1087.0245537570172 223.6493314594002 92.9544104493807 -228.11901191359846 -1054.6172793758276 220.9982137913822 35.52834551504389 -203.5443255834785 -1077.013796991974 224.49137455441493 0.5947021741088677 -168.73267470465257 -1044.149760368333 204.32387006749036 -18.853790215487145 -152.02059587848703 -1092.144436269864 243.2954638011563 66.14988181599907 -212.6256214405278 -1062.6200978890706 241.44386945200225 87.00225414445515 -218.51493391395798 -1049.6009130441425 221.58236584908877 20.204165339028787 -194.86378562455977 -1066.180738353595 197.09211945445827 42.84416007596876 -205.22277371006382 -1054.385438297236 191.96876185016094 86.32779635506296 -226.5833606660071 -1074.2767492396706 244.12338186825903 -9.620270659305982 -173.1042198424371 -1073.9891418381515 235.86388042072394 30.19165863534216 -180.5694890513293 -1109.3564134134215 262.4553965879223 40.05474474729969 -194.7788305814226 -1099.58852256119 227.2548386127872 -16.29034048135571 -156.90436584442105 -1092.4624863241938 214.60499334090963 58.27344218291882 -209.7554847523418 -1092.8930276162896 251.8694974695589 -3.0258652643459394 -175.83766614748 -1101.7026762857718 241.43046962465488 9.676209911705888 -178.47074717165668 -1046.487771676174 209.59609712381354 37.71990428262005 -199.1009754196001 -1089.5128614133957 210.6334026769883 -18.453658427191883 -147.73029945416886 -1086.2968746365714 241.901859525832 46.57025366355298 -210.67221346737696 -1103.514959693772 234.2185019180827 -30.15386796101635 -142.36938667664106 -1088.880622221158 231.96322398171577 -8.022701738370454 -164.3720640655818 -1072.462429942666 216.03867917960721 -22.381865998928177 -157.65598663565 -1107.8238374388573 256.1296008671602 56.6662447134988 -204.18187848538957 -1081.24241738955 236.62072967708653 -25.350048208811376 -147.54382942993573 -1060.7905683082092 199.753213721627 25.260979596124255 -188.655029596133 -1050.2658961291702 227.98001482267964 -7.4867419730850076 -152.9679038111153 -1067.587382328742 235.47351399614715 81.1139801949987 -229.5428042947928 -1038.1725545030433 197.47530234810455 4.815428740719701 -180.55981971849084 -1045.4275596259959 227.31740410262702
490.0048193674556 1.965814820666785 1.7582782280750135 1.9658148206667878 1.7582782280752236 1.758278228075012 3.624783426788717 1.7582782280750489 1.7582782280750564 0.8791391140375476 1.7582782280749347 0.879139114037537 0.8791391140372157 0.8791391140374996 2.4865809165691424 0.879139114037544 0.879139114037867 3.6247834267885692 0.8791391140375258 1.9658148206667925 1.9658148206667414 1.7582782280750038 3.6247834267884906 1.75827822807504 0.8791391140373741 0.0 0.8791391140375905 0.8791391140375567 0.8791391140378528 1.758278228075014 1.758278228074926 1.7582782280749962 1.7582782280749347 0.8791391140375054 1.758278228075 0.8791391140375487 0.8791391140371905 1.9658148206668393 0.8791391140373664 1.7582782280750346 0.8791391140374948 1.7582782280750568 1.7582782280749447 1.758278228075015 2.1978477850939164 2.4865809165690256 1.7582782280750542 1.7582782280750036 1.9658148206669837 0.8791391140375115 1.7582782280752092 0.8791391140374989 0.8791391140375854 0.8791391140375104 0.8791391140375954 0.8791391140375477 0.8791391140377809 1.7582782280750142 1.7582782280750013 0.0 1.758278228075058 1.758278228075012 1.9658148206671695 1.7582782280750384 1.9658148206668298 1.7582782280750333 1.5848905769639157 1.7582782280750509 0.8791391140374842 0.8791391140375485 0.8791391140375101 1.7582782280750215 0.879139114037534 1.7582782280750184 1.7582782280751075 0.8791391140375162 3.6247834267885986 3.6247834267885697 1.965814820666754 1.7582782280750466 1.7582782280750888 0.8791391140375149 0.879139114037209 1.7582782280750506 0.8791391140374575 0.8791391140375361 0.8791391140378718 1.7582782280750766 0.8791391140375304 3.6247834267885857 3.624783426788701 1.7582782280750433 1.7582782280748748 0.8791391140375042 1.7582782280750473 0.879139114037563 0.8791391140375764 3.6247834267886065 0.8791391140374678 1.965814820666832 1.7582782280749798 0.8791391140374791 1.7582782280749247 3.624783426788597 1.7582782280748366 0.8791391140374805 0.8791391140378737 2.486580916569068 0.8791391140372461 0.8791391140374762 0.8791391140371614 1.7582782280750398 1.7582782280749627 3.6247834267885866 1.965814820666742 1.7582782280750344 1.9658148206667194 1.7582782280749998 1.7582782280752165 1.9658148206668218 1.7582782280751834 2.486580916569043 1.7582782280751834 1.7582782280750406 0.8791391140372773 3.624783426788625 1.7582782280749827 1.7582782280750455 1.7582782280749494 1.7582782280750566 3.6247834267884707 0.8791391140374738 0.8791391140376787 1.758278228075047 0.8791391140371729 1.7582782280750124 1.758278228075098 0.879139114037547 1.7582782280752522 1.9658148206668113 1.9658148206667945 71.70814560676226 -226.68953112414158 -1070.2879839447362 209.6207902569618 -37.08391241100984 -144.31909864296037 -1091.2443586669376 238.59360697643987 13.478808328690485 -170.97721299138325 -1096.5445670070599 251.42228794133354 5.817601148700562 -171.01546332445452 -1108.0191357334425 251.22291352489927 71.83877962882308 -210.14856717992373 -1103.2233066868005 269.70053522226124 72.97394905355483 -215.84869949901628 -1057.905045874834 221.33614005381796 46.31242342725281 -202.6413037262506 -1078.765873311607 233.39454084299715 16.037135763963203 -181.92577996778897 -1061.291384505189 229.18182722029306 -1.390365018086855 -171.77083055613298 -1050.858678932457 213.6413249277258 51.18382710772812 -213.2727777930354 -1086.7497430652506 261.35445703778805 34.408022051483115 -181.76213451693917 -1041.811490414087 224.46219778662623 2.8956555554994594 -165.90983045435343 -1080.196866749292 226.1789478942399 65.13843473193356 -222.4013272098798 -1066.2160978353156 205.98806946731136 63.48337945810219 -206.0731502682967 -1079.4236428845088 214.15326820494792 49.758429834504035 -196.27179772903045 -1040.3679610792549 194.02099466836592 85.67773468977084 -235.36395034936282 -1084.36060937781 251.1314033122144 4.664168194828665 -161.3317575391369 -1051.580774992405 235.74670699902626 12.839193999696914 -188.0692829835971 -1070.8597452131075 234.72026957744865 -5.131977231537307 -155.9116868377435 -1045.137112996809 198.14477954383426 3.0341705490312743 -182.1856879376744 -1091.3112366409464 225.50566125070526 -18.336549172498984 -159.95570803749246 -1055.698663231941 210.01847694978315 -9.226280136873717 -167.57935518981753 -1056.7663936020792 249.70737176791243 49.56549085916289 -207.8160719755353 -1107.8314189374366 235.23493541425353 -10.789679722452076 -157.18847183037533 -1062.0878726903957 235.53776776298662 59.33544077323918 -217.13359227068764 -1074.8054239588223 202.22368066532738 30.632552819624895 -192.56563693100517 -1056.8960492212746 197.4595530435861 71.77457577841085 -222.41291851172556 -1104.7478603783316 247.9285991441035 47.93360188985927 -191.65724024284515 -1117.6814347430654 241.34441737726945 11.2085481089021 -165.4356085179634 -1055.9184065178956 231.10199060662765 23.624496377803148 -190.7574302562155 -1079.3947246232044 245.97439128746083 58.967346602193835 -199.80309843614256 -1094.0707971342033 269.66191161348024 -41.02854486769321 -139.75536390788102 -1057.9443714949086 241.28402729021718 42.957732822675204 -197.76315404074015 -1046.786664171047 219.81201629934293 87.15458011097954 -230.8814386432865 -1105.6478751197901 226.22950446978427 30.037662896274384 -184.80076904193194 -1113.7106297278463 253.17584286526693 9.513715100131938 -182.8751998091928 -1111.684419429324 243.264316620104 57.41248946545512 -211.12657509652502 -1065.2046838183892 216.91609804419414 14.119223454909077 -176.09353463838866 -1067.4608041373276 231.1624737297826 -3.3492239093361467 -160.9431470814895 -1049.460445362358 207.31500842290833 22.084310348920482 -173.89577494942557 -1065.8129512815879 225.16255387020738 37.439997773624704 -186.9798184311794 -1097.416068618758 239.1219458797382 24.940374354995647 -195.79662002505162 -1086.1379103352713 225.9364745806549 90.73771613560194 -227.0656204337514 -1053.3392635914395 224.70018840499986 32.5809461010824 -201.81129562454615 -1075.739983736463 226.59213467015488 -3.2093300977575905 -166.52876775613788 -1044.8304581045072 209.29491911716025 -21.99911987974008 -149.6528663514592 -1090.6288700663783 245.22410743179444 64.47044971524191 -211.62718454269304 -1061.4094082904985 245.70617525975706 83.56868571515626 -217.5923028164718 -1048.5638268764699 225.3788672902659 17.798046489748874 -193.17431947585035 -1064.6349789688404 199.10484797472193 38.758954109295416 -202.5340205456224 -1052.8444652372834 194.00244487279446 83.81619847386199 -225.0724808842242 -1072.834965600147 246.68512911586132 -14.11533102135938 -169.65921369868437 -1072.708287301291 239.5845402272721 27.41656284735313 -179.51011859530863 -1108.2977946866247 264.11637000171845 37.478544983610114 -192.4145126073782 -1098.975720931661 230.28248508256203 -18.04299200706733 -155.05286162404488 -1091.173805264098 218.3229836989379 54.81861120280993 -206.00634899139197 -1091.1790841800462 254.24636243810363 -6.528296925204156 -174.0881226875784 -1100.2323540397679 244.54305618004037 7.14430168082561 -176.99506360497423 -1044.6155644485823 215.68122930183256 34.771928538478384 -197.36854720687933 -1088.2507768467624 213.27499951203455 -24.083062441578218 -144.78540673297 -1084.5357805386805 244.83466836360031 42.784872451631394 -208.43898824863527 -1102.5237204581936 235.321269700084 -33.788283849026065 -140.85425868891252 -1087.9226542009546 233.6644698640365 -10.86098591102518 -162.45142168673172 -1071.2950547327987 218.72280893979584 -25.044757200038926 -156.41010224755374 -1105.0288321890778 258.90432080298103 52.041909323818814 -201.4482310652986 -1078.9413162756123 240.37500427385316 -30.073888811466738 -145.96610127658138 -1059.6447627666419 201.402266293289 22.1357964162399 -186.2598985349786 -1048.349412784896 231.942208938532 -11.238138523671164 -151.6522005478512 -1064.898679286732 239.61433641336794 79.27247971002217 -227.86731244144198 -1037.8769992671992 201.03150415371982 0.45231757887069646 -176.89040522102522 -1044.2027600779143 231.56192238431709
500.0048193674556 3.6247834267885852 1.7582782280749558 1.7582782280750213 0.8791391140373219 1.7582782280750433 1.7582782280749976 0.8791391140375454 0.8791391140377219 0.8791391140374724 1.7582782280752458 1.7582782280750264 0.8791391140378871 3.6247834267886065 0.8791391140376259 1.758278228075052 1.7582782280750564 0.8791391140375179 1.7582782280750588 1.9658148206668509 1.7582782280746954 1.7582782280750406 3.6247834267888575 1.7582782280750098 0.8791391140377698 1.7582782280750227 1.7582782280751168 1.7582782280750406 0.8791391140377861 1.7582782280750213 1.9658148206668078 0.879139114037533 0.8791391140376458 3.6247834267886003 0.0 1.7582782280750175 3.6247834267887153 0.0 1.75827822807497 3.6247834267885883 0.8791391140378341 1.9658148206668304 1.7582782280750198 1.7582782280750167 3.624783426788796 1.7582782280750202 1.7582782280751468 0.8791391140375311 0.8791391140377167 1.7582782280750027 1.7582782280749385 0.8791391140375239 1.7582782280751066 0.879139114037475 1.7582782280751228 1.7582782280750175 0.8791391140374838 3.6247834267885986 0.8791391140375115 0.8791391140375456 0.8791391140372024 1.7582782280750557 2.197847785093868 2.48658091656904 1.7582782280751326 1.7582782280749958 3.6247834267886416 1.7582782280750306 0.8791391140373658 3.624783426788613 0.8791391140374454 1.75827822807501 0.8791391140372157 0.8791391140375303 1.7582782280749418 1.7582782280750235 0.8791391140377361 3.6247834267886145 0.8791391140373335 0.879139114037501 1.7582782280748366 3.6247834267885652 1.7582782280750895 0.0 0.8791391140371776 0.8791391140375439 1.965814820666852 0.0 1.7582782280751454 0.8791391140375083 2.4865809165688098 1.758278228075027 0.8791391140371976 0.8791391140375533 1.9658148206668693 1.7582782280750249 2.7800819805010213 1.965814820666823 0.8791391140375081 0.8791391140375105 0.879139114037897 0.8791391140375345 1.7582782280748843 1.9658148206668584 1.7582782280750846 1.7582782280750426 3.624783426788816 0.8791391140375197 0.879139114037336 3.624783426788629 1.7582782280748865 1.7582782280750378 0.879139114037459 1.9658148206668058 0.8791391140373555 0.8791391140374972 1.9658148206668484 0.8791391140375548 1.7582782280749831 1.9658148206668173 0.879139114037664 1.758278228075031 1.758278228074901 0.0 0.8791391140376125 1.7582782280750406 1.7582782280751166 2.486580916569044 0.8791391140376862 0.8791391140375422 1.7582782280748845 3.6247834267885874 0.8791391140371784 1.7582782280750378 1.758278228075095 0.8791391140375375 3.6247834267885635 0.8791391140375345 0.0 2.4865809165690047 1.7582782280752123 69.31094028600701 -224.9865078272568 -1069.141739035187 213.38819696587882 -40.071563969415706 -142.64453635742774 -1090.4234848572003 240.38685833546631 11.43117686315723 -168.66412074588015 -1095.0135224718526 253.9308126276091 2.9134063842405356 -170.1847636179318 -1106.77435662108 253.3388980652913 69.01894859726464 -208.19894457536844 -1099.2267735399355 269.43148882596586 71.04446629714961 -215.27381612445194 -1058.0164539000837 223.5197655834168 43.189006886358705 -200.2429498364656 -1076.9432787803162 236.29974591122905 12.481067112645315 -179.29806169543824 -1059.6396781397978 231.65072153042576 -3.9867232304556346 -169.42963448099437 -1048.9057523855224 217.58606871637468 48.90535969881425 -211.36686178875632 -1087.2895289016965 264.43487513397207 30.6107182724832 -179.54713817241733 -1039.7141389435235 229.40649224945588 0.657795656275874 -164.9017998053943 -1078.8495974293774 228.7815959035092 62.443735689965955 -220.24039616436724 -1065.045290315025 208.67887132007817 60.958420946418855 -204.58576138845652 -1078.1266572767115 215.69254043876757 46.28691628033159 -192.53726649376918 -1040.864455200429 197.37216039369503 85.21641920003971 -234.23364870154091 -1082.5769571895455 254.0586592888365 1.5229449799977763 -158.9584993107085 -1051.2215131431192 240.36527476617786 11.885921924262904 -185.82319837912758 -1068.9091311559073 238.1165549373615 -7.975318975296425 -153.99777850790161 -1043.9982967475732 200.31363572618426 -0.7048269925630184 -178.89717447012922 -1091.170011326471 227.67795734373567 -21.425937758223746 -158.47061785903168 -1053.9511438324162 213.51794006400502 -12.010118154112202 -166.54359339846468 -1054.6740309494496 254.135768014962 46.19644917040355 -205.837317071712 -1106.092794737835 238.76742686182848 -14.180302437733367 -155.24616121127377 -1061.292737154529 238.39810069324326 56.21745682109026 -214.72810013531335 -1073.8666181728936 204.9941517534974 28.294896685865687 -189.7875349987389 -1055.332549999877 199.9856290262981 68.66141317986389 -220.00097810615105 -1103.1075196589768 248.56402738333568 44.16247138327176 -187.46576284601102 -1117.054148401459 242.6916673547915 6.856142149713579 -163.2046109353845 -1055.1306599896818 232.88875497629576 20.248671763438132 -188.79050151247506 -1077.4300764934294 249.3499477155834 56.738487582449366 -198.77482871146086 -1091.0819676924434 270.2824445538117 -43.429207293635166 -137.61631979509554 -1056.3258794664273 244.3065687455914 39.95637419635199 -195.1557641888005 -1044.7799394663587 226.38855961387458 83.75477696614904 -228.00087946674918 -1105.0392031053634 228.14570207834984 26.960605498133614 -183.29134071212783 -1113.1222420591714 253.95660990855748 6.678261560314338 -180.95118091053334 -1110.4675868947884 245.3936949095626 55.68013330781786 -209.25633812865428 -1063.5780597917123 219.93033776488681 9.769861979309262 -173.8574840687534 -1066.2336762884743 234.3670361749139 -5.52511379384176 -158.8492770442487 -1048.969432948459 209.75203589466204 20.64048878122912 -172.49273084946853 -1064.561590282425 226.73516235968458 34.31175121257058 -184.58831231594414 -1095.8126284043562 241.57649938223187 22.778065790012896 -193.68799409315548 -1085.1544461588314 229.29182489669205 89.60478908132151 -226.10401549833406 -1051.990133631838 228.37503792879295 29.084577775265842 -200.05055795733116 -1073.5509662482596 228.76720096387322 -6.776364266732424 -163.9134497941407 -1044.0316899771656 213.71872479232243 -25.332666311536066 -148.59784827090994 -1089.906047215614 247.66848849363654 62.29218254630536 -211.47619374552139 -1059.5945802610815 249.71418754233417 80.92409933080575 -216.3058384338894 -1047.5418855182752 230.79259377328762 14.366185085987247 -190.33264723153104 -1062.6533721163091 201.97582855559318 36.23034221415375 -201.05349018262086 -1051.391245831034 197.62306676485005 81.2516732001384 -222.6952034078205 -1071.8601719022943 248.92952123153339 -18.411063978630807 -166.35012238861168 -1070.7168804719822 242.9541898357024 23.16029937527249 -177.599108391415 -1105.6131480276224 265.0639651436006 34.89732879783419 -190.0564643774922 -1097.4491210771084 232.77623210943602 -22.105501331137084 -153.30137113667143 -1090.626466839366 221.36398985225154 52.11992117792868 -203.85104442795352 -1088.9542366593303 256.8527997550398 -9.792685189427681 -171.92602471681062 -1098.1611587950315 246.67013521222697 4.06245957957106 -175.49493850089047 -1043.0040872260308 221.36406762437548 31.82023137284157 -195.6428713202751 -1086.0290508680819 216.5250801274012 -27.056834679625894 -143.09737908887064 -1082.8445030090581 246.66193626496457 39.78543123301459 -205.83038946241135 -1101.5175352246758 236.4110361345658 -35.73006637694375 -140.31257521150064 -1087.3512911181606 235.59574433258376 -14.068786503039329 -161.17340847198008 -1070.064119730225 221.38142762215054 -28.500626693014752 -153.59816298344487 -1103.4234779486358 260.1268445415311 48.448792221594424 -197.92129581337235 -1078.1888579073432 242.74941455482332 -32.56288826515192 -145.40711382631724 -1057.6664807104933 204.2746875205707 18.282044529340396 -183.17116755565826 -1047.321320078077 236.81594474532258 -15.961994954797385 -150.07489742769855 -1063.688210109965 243.36177139606548 76.75355629046604 -226.37015612576818 -1038.8368800804888 205.1168836082451 -2.866674807778198 -173.84535163141715 -1043.0749869335812 234.79678773804662
510.0048193674556 0.0 1.7582782280751288 1.758278228075049 1.7582782280751377 1.7582782280750404 1.7582782280751357 1.758278228075047 1.7582782280750988 1.7582782280750342 0.0 1.7582782280750429 0.8791391140376356 0.8791391140375414 0.8791391140371956 1.7582782280750489 0.8791391140378336 0.8791391140375201 0.8791391140378336 0.8791391140375018 1.965814820666936 0.879139114037538 1.965814820666771 1.758278228075042 1.7582782280750846 3.6247834267886034 1.7582782280751326 1.7582782280750238 1.7582782280750644 0.8791391140375003 0.0 1.7582782280750213 0.8791391140377764 0.8791391140374823 0.8791391140373028 1.7582782280750249 0.8791391140374754 3.6247834267885817 0.8791391140378819 3.6247834267885897 1.7582782280748888 1.7582782280750011 1.7582782280750022 1.7582782280750198 3.624783426788796 0.8791391140375358 1.7582782280752765 1.7582782280750286 0.8791391140378554 1.7582782280750564 1.7582782280751865 0.8791391140374732 0.0 1.7582782280750464 1.7582782280750113 1.758278228075054 0.8791391140378318 1.7582782280750486 1.7582782280751128 0.8791391140374883 1.9658148206668333 1.7582782280750466 2.4865809165690753 1.2307947596525193 3.6247834267883836 3.6247834267885963 1.758278228074926 0.8791391140374715 1.7582782280749831 0.8791391140374833 0.8791391140375755 1.7582782280750198 1.758278228074924 0.8791391140375584 0.8791391140373073 0.8791391140375094 0.8791391140375204 1.758278228075044 1.758278228075101 0.8791391140375234 1.758278228075194 3.6247834267886034 3.6247834267884356 1.7582782280750153 0.8791391140373089 1.7582782280750415 0.8791391140372606 1.7582782280750697 0.8791391140375447 1.758278228075035 0.0 1.7582782280750675 0.8791391140377683 1.7582782280750442 1.9658148206666795 1.7582782280750384 0.8791391140371776 1.9658148206668384 1.7582782280749019 1.7582782280750455 1.7582782280751472 0.8791391140375092 1.7582782280751685 0.0 0.8791391140372635 1.7582782280750244 0.0 2.4865809165690425 0.8791391140372976 1.75827822807501 1.7582782280749492 1.7582782280750195 1.7582782280752352 1.7582782280750084 1.7582782280748606 1.7582782280750069 1.9658148206668704 0.8791391140375259 0.879139114037501 1.7582782280750666 1.7582782280751126 0.8791391140374801 0.8791391140377085 1.9658148206668293 0.8791391140375351 0.8791391140374851 0.8791391140371505 1.7582782280750273 0.8791391140377901 1.7582782280750182 1.7582782280748201 1.7582782280750096 1.7582782280750595 1.7582782280750386 3.6247834267886456 0.8791391140375215 1.7582782280752034 1.7582782280750122 1.965814820666854 3.624783426788609 2.486580916568717 67.03325798622517 -223.07944724583828 -1067.504004649481 216.93532006786018 -45.034344058759345 -140.527277713908 -1088.2928371552193 244.238610336503 9.132167665193062 -166.78105961447878 -1093.8770087197884 256.72758508573077 1.401237065088896 -167.91269743068847 -1104.0451050889994 256.17744624667506 66.73944570133959 -206.29410932726404 -1096.1563246835062 269.998258871044 69.06282804753333 -213.82599439186984 -1056.7757173826271 225.105812125793 40.35786099616758 -198.30958824709316 -1075.9974981673438 238.56424781151355 8.907805644927105 -178.6511918503363 -1058.2375367353714 234.76809652757623 -7.441205779060939 -166.61208789289674 -1048.0966309907958 218.83166284677662 47.466601694314264 -209.9586979909093 -1086.04123627 265.96393777323317 28.564871807291688 -177.23274616562531 -1038.9051965370513 233.8368101124934 -3.038672724078617 -162.5106305665739 -1077.9471691942513 229.96119224953554 59.32124416427156 -217.84107074483973 -1063.3722757945727 210.6040829867566 59.32367329290706 -204.47731015801926 -1076.8045115110451 218.3063310221429 43.510172455740864 -191.4834278894202 -1040.9613366838712 199.00702173053816 83.48883653340367 -232.35956095921335 -1081.3986064939354 256.19159438125286 -2.8403917299719788 -156.7481541092143 -1051.7141251910327 244.26898345165972 8.32194160824351 -183.20396438563492 -1067.6040312005143 240.73999614192115 -12.10746851532641 -151.38050354959748 -1043.1023791935534 203.64747833109445 -4.883373124486893 -177.34914317995373 -1090.0290878537692 230.98508572503138 -24.663393755338863 -155.25631665573917 -1053.1876432743602 215.85177866940919 -15.167424940787333 -164.19080533264759 -1052.976589005175 259.23893016516854 44.4574175403458 -203.9734176093621 -1103.9745214826874 241.46040546179256 -16.854615768343038 -154.01969893212905 -1059.1966070100268 241.1971597223333 54.90292931327725 -213.10805262042032 -1072.889748277443 208.30604880784043 24.91325792474385 -187.82875445835938 -1054.5915736298884 202.32774516121754 66.08568750403448 -217.63631708274264 -1102.357882346564 250.4315909611212 41.453555194237744 -185.32436205602096 -1115.9228497970946 244.28159752236726 3.222164514079532 -161.68762813622874 -1052.942709688715 237.26126522497026 18.200341247418656 -186.47820712971574 -1075.4555881594283 253.2803268927537 54.70221638852725 -196.45176559165984 -1086.7577861343643 271.6790474273849 -46.4808578921003 -135.3477886941469 -1055.5025068333975 248.18744583653555 36.70136150494267 -192.98081508798148 -1043.8387030092995 229.17486413413258 82.5692944266328 -226.16487663880037 -1102.4500281400174 231.70848554835993 25.514261908086226 -181.88942282321514 -1112.1434316579293 254.43462708922723 2.202562269751404 -178.93989661421347 -1109.8056164931218 246.72211173029478 53.02830532886739 -207.98693843315397 -1061.9080881873094 222.38729358646478 7.8322950828257785 -173.30821179153304 -1065.3973476077663 236.13142977473908 -10.438678921754752 -156.6223455984401 -1047.3230160310477 211.69940787657762 16.653217063663128 -169.629494534167 -1063.5374846862187 228.95151337236314 32.6208526883284 -183.60909643393083 -1093.8523823728065 243.2061216940045 19.940623466809413 -191.76335965217842 -1084.1776043602072 231.53588536003198 87.87605951400275 -224.23062103711604 -1051.8952866305488 231.0031176842047 25.77370331207065 -196.99806910085212 -1072.6503206532493 232.14468343143136 -10.475892406623503 -161.5302473712926 -1042.9276112892821 217.49770926757807 -29.05130339070922 -146.24533767395235 -1088.7712599790038 249.84425338536965 60.85431283493338 -210.06716641659744 -1057.3341159034449 253.55478511569592 77.3092462381179 -214.7430603604655 -1046.336544411277 234.7946549858043 12.861304545141957 -188.05517493022123 -1061.587786444627 202.57765712536622 32.25453438755696 -198.174917310606 -1049.8610785944927 201.21890946995163 78.43070247383145 -220.74678398942402 -1070.8863388758054 252.83932407639185 -21.636089554670416 -163.11990632674681 -1070.0651834732669 245.9007338594708 19.476046117943657 -175.19004599140123 -1102.7564078056384 267.76961070539176 31.762734174114005 -187.67204555130857 -1096.457023027219 233.87853548416112 -25.588300886384076 -150.52616000659933 -1089.1374208210973 224.45289784891324 51.04985385934895 -201.8114497941678 -1087.328909881027 258.6940789064911 -12.946017253868664 -169.5675033136211 -1096.8663208214132 249.34425494549174 0.7054925344359164 -173.00671920858886 -1042.0973730996116 224.69608060257124 28.686518999369486 -193.25790968809739 -1084.2432022891321 217.78005073916734 -30.59436471335106 -141.42367920008618 -1080.5472874691682 250.4099903273189 38.04505836534527 -203.96636004869765 -1099.8170801044384 239.38747208061125 -39.507405945840624 -139.08702642478872 -1088.2626603812091 237.861317691261 -17.893533318922977 -159.00923958459336 -1069.6768861017463 223.90287950609164 -31.751556081903185 -150.40088083287253 -1101.47841811506 262.9484831924674 45.67200744824219 -196.86635857424582 -1076.9683221940313 245.42168633040046 -36.336542960354215 -144.16362322237393 -1055.6855257729799 208.20216389358046 15.987789474635075 -181.28501696195292 -1045.9394307260102 242.5944738970439 -18.824919103452967 -148.18642215476683 -1062.0325459581716 247.44138757711244 74.22968984717396 -224.88184099782137 -1038.669345784746 209.82733596120963 -6.1388661021598665 -171.6959477488713 -1041.5229843107998 237.85290730610566
520.0048193674556 1.9658148206667678 1.7582782280751048 1.965814820666807 1.7582782280752074 0.8791391140375268 1.7582782280748666 3.624783426788609 1.7582782280748708 1.7582782280750584 1.758278228075271 1.7582782280750155 1.7582782280748628 2.486580916568999 0.8791391140374115 3.6247834267886034 1.7582782280749198 0.8791391140375524 0.8791391140376948 0.0 0.0 0.8791391140375163 2.4865809165690935 1.7582782280750262 1.7582782280749498 2.4865809165690465 0.8791391140372501 0.8791391140374898 0.8791391140372445 1.7582782280750286 1.7582782280750224 1.9658148206668624 0.8791391140374795 2.4865809165690633 0.8791391140378532 1.9658148206668205 0.8791391140376282 1.7582782280750526 0.8791391140375613 1.7582782280750167 0.87913911403734 1.7582782280750726 0.8791391140376689 1.9658148206668 1.7582782280749194 1.7582782280750058 1.7582782280748657 1.7582782280750195 3.6247834267887944 0.8791391140375237 0.8791391140373227 1.7582782280750566 1.7582782280750004 1.7582782280750144 1.7582782280750615 1.75827822807502 1.7582782280752076 0.8791391140375554 0.8791391140372992 3.6247834267886065 1.7582782280751166 0.8791391140375173 2.1978477850934763 0.6153973798262259 0.8791391140376837 3.6247834267885697 1.9658148206668338 1.7582782280750207 0.8791391140374755 0.8791391140374744 0.8791391140373351 0.8791391140375093 1.7582782280751925 3.6247834267886017 1.7582782280751426 0.8791391140374739 0.8791391140375493 1.7582782280750346 1.7582782280749436 1.7582782280750129 1.7582782280748979 1.7582782280750346 1.7582782280752045 0.8791391140375551 1.7582782280750477 1.7582782280750306 1.7582782280749647 1.9658148206668273 1.7582782280751044 1.7582782280750378 2.4865809165693635 0.8791391140375587 1.7582782280750637 1.758278228075018 1.9658148206668633 0.8791391140374661 1.7582782280751206 1.7582782280750433 1.7582782280751335 3.6247834267885883 0.8791391140378547 0.8791391140375314 1.758278228074984 1.7582782280750033 1.7582782280752818 1.7582782280750324 3.6247834267885684 1.7582782280750044 1.7582782280750344 1.7582782280750242 0.8791391140374417 2.486580916569076 0.8791391140375443 1.7582782280749867 0.8791391140375918 1.965814820666823 1.9658148206668478 3.6247834267885644 0.8791391140377108 0.0 0.8791391140374144 1.758278228075014 0.8791391140374404 0.8791391140374747 0.8791391140377002 1.7582782280750413 1.7582782280751865 1.9658148206667825 3.6247834267887455 2.4865809165690647 1.7582782280749807 1.7582782280750284 1.7582782280750895 1.7582782280750087 1.7582782280752058 1.758278228075023 1.7582782280749767 0.8791391140375197 1.965814820666825 1.7582782280750466 3.6247834267884436 64.82186497189785 -220.0879333293223 -1065.4168256157125 220.27437739509205 -49.456161588540745 -138.43841016618404 -1086.1603760654548 248.66344766503244 6.701171328651268 -165.1219654350213 -1092.7109209437801 258.8964036773926 -0.7281022439788168 -166.7150980446739 -1101.3018309112817 259.6177479162636 64.20806766212465 -204.81716096001628 -1092.5297941340189 270.41086380699033 66.77971600950762 -211.92511227220925 -1055.1378590295715 227.58472609905206 38.06493014782863 -196.419466140148 -1075.105508307836 239.1973443870878 3.807880025979432 -175.7578517265971 -1057.0762168326605 237.9931417627182 -9.68915920536208 -165.63397847487795 -1047.9853295233836 220.9157751060252 43.912004211074624 -207.32853162829667 -1084.555681265413 267.28439458564725 27.11340359154012 -175.83622136108534 -1037.3920157423354 237.4394024213538 -6.381729059800428 -161.48008806438986 -1077.0214857548533 232.23417529067436 56.069257243291396 -215.66204697124516 -1061.7326407445664 213.61411563611946 56.246838365281704 -202.96741955535302 -1075.4832282844343 220.37429773704088 39.82696561160378 -189.0719472204469 -1042.4751797972983 202.8636634228853 82.17646827058293 -230.73754181772983 -1079.7547059580586 259.19712864063837 -5.164159249117382 -154.8935300597954 -1050.604086472335 247.512072010923 3.6526177218960574 -180.54636189237817 -1066.7485417713935 243.0394165731328 -15.337642730581388 -150.15478323205264 -1042.328397771784 209.70356355866113 -8.830741143905762 -175.4050414460561 -1088.5101438552367 233.4896607627569 -27.54934163116943 -153.4000314482858 -1052.445760904834 218.7285837137729 -17.377497224473508 -162.12835351591477 -1051.2343037539824 262.7553913577003 40.7765189550764 -201.55810589802604 -1102.3345010368878 243.88919661858077 -20.825199628286217 -152.10956156835383 -1058.0132056596635 244.41396212590965 52.68611362881002 -210.12109333362793 -1072.0873918967513 211.16529132989294 22.191366918057636 -185.70313018725085 -1054.223043119337 203.76447075265247 62.53668395448436 -214.99700856344847 -1101.5514324056649 252.8559299495225 38.91541525068059 -183.85957286739426 -1113.3548425472934 246.65244220151592 0.4793733722723431 -159.58531838303472 -1051.7485386971412 239.40568545944623 15.051033749475518 -184.1144985751051 -1073.843737352112 255.73039352566946 53.85851704308532 -195.96069360033496 -1083.489315300838 273.3552920885782 -48.98366671305761 -132.9850179214833 -1055.9158258051616 251.00563437417895 34.041685573232044 -191.72655045937665 -1042.194145724341 234.8474020613308 80.63715940783291 -225.5972305106323 -1101.5068713770952 232.263016067867 22.699209063433134 -181.4010788862648 -1110.22922728437 256.6624913906477 -2.165725561599127 -176.74528298297926 -1107.6376625951343 249.3784234882427 48.75209822585782 -204.6533061977822 -1060.2730144986056 225.93610708018207 5.52009137628411 -171.43875810889358 -1062.8512618239465 239.25380894662342 -13.310693265900223 -154.74982689630028 -1046.171028331451 214.9273473417424 13.135867041148668 -167.90792314912892 -1062.732159610219 231.26891086856944 29.60119032783687 -181.02507641771516 -1091.7290111329303 246.4866161198709 17.884473078618704 -189.45901780369763 -1082.3465489703915 233.3122437080633 86.19176621480914 -223.24109459355435 -1050.2687405662377 233.48870466147588 23.72005570841695 -194.68860166273063 -1071.3375593110861 233.67182629014133 -13.771461414037587 -159.41825772631435 -1042.0462169941572 221.3748929217635 -32.99378625718927 -143.2708466457639 -1088.3708218502115 253.64766082714505 58.91960961014637 -209.5056126354182 -1055.5835583439175 258.11440480512033 75.62369186718365 -213.75516907102906 -1045.014275899529 238.4791684246194 9.286865067434462 -185.4507900862938 -1059.5017788231035 204.85688156244882 30.50417225951445 -196.32084157953057 -1048.1830473191187 202.61783337583825 76.7457953739055 -219.758771136842 -1068.6877854477275 255.55617173681776 -23.53523570803936 -161.50907891218046 -1067.6776612689196 249.08184093852668 16.445472556784658 -174.58539213108418 -1099.0698840368218 272.31452732681464 29.224168001176498 -186.20833164320698 -1095.2920900983622 236.61252477372582 -28.78784470368934 -148.23102827145803 -1089.0366729282014 226.08832404004247 46.947998663922334 -199.14716909114563 -1085.3814145021938 260.3267681967101 -16.1225772974921 -167.23608768895707 -1095.412136440612 251.89364810475973 -2.273069848484091 -171.32875123667813 -1041.4518191703633 228.67095909186014 24.69692806482042 -190.3981583774338 -1084.166786351506 219.96259515576108 -35.63615979204193 -138.42343090063298 -1079.139752951199 251.84690254606966 34.78490591853264 -201.79778838426947 -1098.1907748768826 241.82689196802383 -43.18118101885863 -137.6691636640935 -1086.908313517024 241.03710417557255 -20.770120219930636 -157.14173637937662 -1067.990446740475 227.42743025383683 -35.46488514067095 -146.9986590595781 -1099.8031605521785 266.5338146450315 44.115068503270514 -193.70744201026636 -1075.1551893244823 247.2084035748956 -40.98486538690915 -142.4926554309602 -1053.8735724395594 211.67191442543802 13.139410873782785 -179.3773164968936 -1045.1198099579656 246.48603093044457 -22.68288019565281 -146.08009128264737 -1060.798164549116 249.55487322440987 71.82529887900658 -223.18820510136123 -1037.200530948721 215.0464626498646 -9.35934435721852 -170.44988950058507 -1040.3883647029731 243.73251594520434
530.0048193674556 0.87913911403751 1.7582782280751663 1.758278228075044 1.7582782280750155 0.879139114037472 0.8791391140373567 1.7582782280750133 1.758278228074859 0.8791391140374768 0.8791391140371627 1.7582782280750557 1.7582782280751392 1.7582782280750249 1.7582782280750573 0.8791391140374863 0.8791391140376742 1.7582782280750306 0.879139114037483 1.9658148206667878 0.0 0.8791391140374973 1.7582782280749403 1.7582782280750484 1.758278228074858 0.0 0.8791391140375618 1.7582782280750213 1.758278228075063 3.6247834267885906 0.0 1.7582782280750164 1.7582782280753628 0.8791391140375131 3.6247834267886536 1.7582782280750302 1.7582782280751525 0.0 0.8791391140374357 1.9658148206668498 1.7582782280751907 1.7582782280750158 0.8791391140374387 1.9658148206668453 3.624783426788796 1.7582782280750153 1.7582782280749611 2.486580916569036 1.7582782280748965 1.7582782280750056 1.758278228075129 1.7582782280750224 0.8791391140375684 0.8791391140374927 0.8791391140372622 3.6247834267885755 1.758278228075204 0.8791391140375026 0.8791391140372998 1.7582782280750235 1.7582782280750209 0.8791391140375128 2.1978477850934763 1.758278228075029 1.7582782280749123 1.7582782280750213 0.879139114037237 1.7582782280750389 0.879139114037329 1.7582782280750362 1.7582782280750386 0.8791391140375173 1.96581482066683 1.7582782280750606 1.7582782280751381 0.8791391140375088 0.879139114037179 0.8791391140375453 0.8791391140375358 1.7582782280750369 1.7582782280752072 0.8791391140375544 1.7582782280748475 1.7582782280750338 1.7582782280750666 1.7582782280750544 1.7582782280750395 0.0 0.8791391140377831 1.7582782280750457 1.965814820666818 0.8791391140375221 0.8791391140375944 0.8791391140374977 1.9658148206668185 0.8791391140375396 1.7582782280750426 1.7582782280750333 1.758278228075059 3.6247834267886345 0.8791391140375621 0.8791391140375069 1.758278228074858 1.7582782280749878 0.8791391140376982 1.75827822807505 1.965814820666804 0.8791391140375371 0.8791391140378376 3.6247834267885795 0.879139114037252 3.6247834267885763 1.7582782280753941 0.0 0.8791391140376118 1.75827822807501 2.4865809165690784 1.758278228075047 1.7582782280748883 1.7582782280750262 0.8791391140378141 1.9658148206668478 1.7582782280750424 0.8791391140375193 0.8791391140377709 1.9658148206668273 1.7582782280751286 1.7582782280750167 0.8791391140378328 3.6247834267885874 1.758278228075156 1.75827822807503 0.8791391140373834 1.7582782280750446 1.7582782280750453 0.8791391140375143 1.7582782280751355 0.8791391140374996 0.0 1.7582782280750195 1.9658148206668533 62.65554621012093 -217.9817020090619 -1064.5925268713258 222.04522190096995 -52.025742301183705 -135.97845780145084 -1085.1996756874028 250.36032442589263 2.574134960246058 -164.50253314020034 -1091.2816443618976 260.30141383914076 -4.148185819010301 -164.82694858824792 -1099.2610500282012 262.359310293673 61.12733078460897 -203.31369073104122 -1090.708037302487 270.9703937743735 65.5670498782871 -212.06895934019917 -1054.3486915855756 229.37132040206265 36.008243246863245 -194.11489716519165 -1073.7680382243836 241.80574728077016 1.0101675331345328 -174.7561134794001 -1055.6423622338825 240.0279716726265 -12.259107893012146 -164.22513504507555 -1046.8420589761156 224.14780292011486 40.22524498488929 -204.92364583455594 -1082.8800995769018 269.09813785582054 25.535088716148923 -174.6590954921845 -1037.2412870382727 241.60984686175308 -9.497927503988146 -160.05039984307575 -1076.5573871146428 234.73909699871646 52.93370728773702 -213.2817075141223 -1060.0775446898658 216.081976784637 53.765191222772465 -202.3814697295801 -1074.1694719806308 222.44856740508192 36.25213612788321 -186.46622613365855 -1042.810240999888 205.14286839757264 81.65055768096376 -228.73252021198502 -1079.7207628582003 259.74142365696804 -7.6576863674205695 -154.35657288753129 -1049.5029243474225 250.75805542654476 -0.4252131565969256 -178.82835318373455 -1065.4749027850216 244.60005251756849 -19.74443985730211 -148.03588704817906 -1041.6059880864832 212.58551766721047 -13.344549570103728 -173.46979133423937 -1087.0364163354245 236.02849244706806 -31.220996653650094 -151.97461432343334 -1053.1935468745744 220.66091752490428 -23.148825084349387 -158.42794587352262 -1047.9393551131034 267.45456087140326 37.63116512249627 -199.18841468855288 -1101.301352036725 247.29449939137206 -25.766542131159987 -149.43991192643188 -1056.382737102314 246.89911333322493 49.97058583656699 -207.98715457281733 -1071.7119667924162 213.68596835335353 17.942340268844877 -183.29838114848883 -1052.638132276108 207.33534682621496 59.27926044799255 -212.82560762823593 -1100.4333919394217 255.04153200776284 36.613480250947504 -181.980807596084 -1111.3298686633846 248.8187425161311 -1.4680770220197072 -159.06890025054378 -1050.2107433246354 242.99913759621742 10.795110792795775 -181.71873817233623 -1072.5245810616213 258.34235347284505 51.434611964179496 -196.2536246225163 -1079.208490815097 275.441249754407 -52.07183818011799 -130.06017635123507 -1054.8552670217018 254.79903423987074 31.013029215576662 -189.1495035606471 -1041.6855749109914 237.28646611405412 76.83960847341355 -223.38325315695408 -1100.1115933156627 233.119319436801 18.385153701197567 -178.11763690749572 -1107.270946478622 259.38678378184653 -5.889658783336137 -174.39607466422785 -1105.2950149636185 252.51715584024038 44.520239012495026 -202.21466043132912 -1059.4627027251845 227.7141088686695 3.883669587056882 -171.36583291410432 -1061.6261968879537 241.9174604498436 -16.31147742092603 -153.11160018684396 -1046.3094192112399 217.65422843638638 10.393161689646279 -165.80994567809134 -1061.4754515739257 232.84357342487075 27.90375272095997 -180.0585316319806 -1090.67746972673 248.70424311990854 15.33476336423194 -188.01519841073318 -1081.851831297012 235.26333604028753 83.41450093144883 -222.18472232550582 -1049.3540336510584 236.81871308155166 22.688592958639205 -193.54253073912608 -1070.4759747040746 235.42608237519022 -16.6556648479404 -157.56815734528317 -1041.8163710112124 224.99849543278867 -35.000777793582344 -140.810346721094 -1087.7940348584873 255.5768191760741 57.1730855580174 -207.64751479069128 -1052.6402950833424 261.6929876464441 74.47971829578118 -212.80668542293256 -1044.414082084484 243.00230359767446 4.9092550105484944 -183.27310598994265 -1058.2594655020166 206.44152041761095 28.98653304332006 -194.05260072256218 -1047.3967592253734 204.40620815993634 73.96696568039505 -218.70658941955705 -1067.436540678556 258.20265095023274 -28.80362569931511 -158.92807756563437 -1065.9708369308714 251.5107277478028 13.58633695299314 -172.6988532095951 -1097.1350022933048 275.7170345793872 25.70948871250769 -184.48746482612535 -1093.8005848610621 238.56559163808234 -32.77689077067427 -146.36785264679008 -1088.076768039713 227.78881001071474 43.68163642199788 -196.98729838791846 -1082.6001552752825 262.6622235822097 -19.07940582990273 -164.50494631360866 -1094.8507916483109 253.25013436038034 -5.691852915260174 -169.43797436556767 -1041.2014704429853 231.75003427233023 21.967012297943032 -188.28536542880852 -1084.1194584526033 221.6056532871323 -40.058759737228414 -136.33592834892963 -1079.0670517128192 253.48697145897088 31.090556231625353 -199.39976846294306 -1097.0532598726174 244.57675657262257 -46.59912162634639 -134.7372552590681 -1086.3603483496502 242.96987871106506 -24.597353149587857 -153.95328117965235 -1068.025681369372 229.06478816261742 -38.447635120927984 -144.2919554833103 -1098.8885321559503 268.84939780638166 40.72358905285858 -191.76305072405515 -1073.792881805936 250.9058347901419 -44.0852988107846 -140.00703634963529 -1053.080000240382 213.4564890653457 9.42796552110006 -177.01132851878523 -1044.0926586794335 250.28686501940723 -27.531578439170552 -143.74606788962927 -1059.60385752364 252.23182620387087 69.04674688774723 -222.13687134028208 -1037.6381330391105 218.95996336902493 -12.356280252811258 -168.8015050743871 -1039.8905382156945 248.80857259299685
540.0048193674556 3.6247834267886185 0.8791391140375084 3.6247834267886123 0.8791391140372026 0.8791391140375487 0.8791391140374014 1.965814820666828 0.8791391140372862 1.7582782280750178 0.8791391140372352 0.8791391140375503 0.8791391140374354 0.8791391140375593 0.8791391140378033 1.7582782280750273 1.7582782280751805 1.7582782280750373 1.7582782280750222 2.486580916569043 1.7582782280751352 2.4865809165690465 0.0 0.8791391140374997 1.7582782280748668 1.9658148206668364 1.7582782280751703 1.758278228075 0.8791391140372099 3.624783426788633 0.0 0.8791391140375343 0.8791391140376873 1.7582782280750366 0.8791391140372266 1.7582782280750446 1.7582782280752165 1.9658148206668193 1.7582782280751224 2.48658091656904 0.8791391140374718 1.9658148206668233 0.8791391140371676 1.7582782280750129 1.2307947596524036 1.7582782280750415 1.758278228075051 1.7582782280750282 3.6247834267886816 1.7582782280750335 0.8791391140377781 1.7582782280750127 1.7582782280751232 1.7582782280750289 1.7582782280751512 1.7582782280750155 1.7582782280750082 0.8791391140375072 1.7582782280750309 1.7582782280750247 1.7582782280751255 1.7582782280750178 2.197847785094007 1.758278228075029 0.8791391140378008 0.8791391140375422 0.0 1.7582782280750608 1.7582782280748328 1.7582782280750027 1.9658148206668098 1.7582782280750489 1.7582782280751277 0.8791391140375073 0.8791391140373688 1.7582782280750473 1.7582782280749407 1.7582782280750178 1.7582782280751428 0.8791391140375489 3.6247834267885675 0.8791391140375356 1.7582782280751146 1.7582782280750382 1.7582782280750642 0.879139114037545 1.7582782280751816 2.4865809165690465 1.758278228075008 0.8791391140374878 1.7582782280750662 1.758278228075006 1.758278228074854 0.0 0.0 1.7582782280750047 1.7582782280749303 1.965814820666844 1.7582782280750344 0.8791391140375088 1.7582782280749494 1.7582782280750324 0.8791391140372425 3.6247834267885803 0.8791391140375597 1.7582782280750162 1.7582782280748308 0.879139114037511 0.8791391140375872 1.7582782280750426 0.8791391140377866 1.758278228075043 1.758278228075209 1.7582782280750409 1.7582782280749878 2.486580916569004 0.8791391140376513 1.7582782280750064 0.8791391140377737 1.758278228075045 1.7582782280751714 1.7582782280750722 1.7582782280748457 0.8791391140374732 0.8791391140375395 1.9658148206668238 0.8791391140377514 1.7582782280750182 1.7582782280747242 2.4865809165690655 0.8791391140373594 1.7582782280750504 1.7582782280750067 1.7582782280750446 0.0 0.8791391140375181 1.7582782280751788 1.7582782280750748 1.758278228075125 3.6247834267885937 1.9658148206668664 60.48272634666766 -215.88470383341726 -1062.9124964682921 223.96454884595252 -56.592628944656965 -134.18135622612422 -1083.8001019852852 253.48957736687768 1.4041425410563784 -163.58557192951974 -1090.3113746373124 261.9986675533879 -5.944041756667645 -163.01819905056527 -1097.7981929604307 264.33227217893517 59.73287273452799 -202.7968773977886 -1090.1160643037874 272.9008762531848 63.81656464490494 -210.21353748612097 -1053.1205652121905 230.96636295384823 32.84712747904895 -191.76678407491877 -1072.4763323002353 244.97893910429343 -3.989495282351237 -171.17743557883546 -1054.929549462538 242.9114909774556 -16.55612885198752 -161.9040811142817 -1046.3606587955344 227.13201063713464 38.22554802411947 -203.5051927722005 -1080.3674314743448 273.19410374889924 22.001571788068404 -172.96892534699424 -1036.2112461294594 245.41119177896354 -11.53080133616429 -158.67277360762512 -1075.6911246410234 235.94655459180595 48.81597222384954 -210.64176349202157 -1060.1740649569826 218.26577788549656 50.79686423204933 -200.68555070960699 -1073.3124158484673 224.20583623838098 33.32741230977045 -183.69755023405597 -1042.7000865446473 207.22529579835162 79.06157686686744 -226.38219545307507 -1079.0006082504442 262.1214135977393 -10.121836779631554 -152.74751357407132 -1048.3759782026361 253.46501998616733 -2.7579757074813314 -176.98918641921497 -1064.7015215368763 247.46672383443473 -21.98288162494897 -146.00733618820573 -1041.5337938717016 215.21465644010925 -17.20612106142053 -171.37411943156079 -1085.1822695689664 238.90790155949526 -34.87862807612284 -149.48603284066067 -1052.4674887124268 223.5417945008228 -26.47995217220117 -156.36979909036776 -1046.0882346608228 270.9711814705492 34.47203689171648 -196.8372412898284 -1100.3037873141534 248.96815215371 -29.84467027226433 -146.7145643178534 -1055.4515143104747 249.68990288562293 47.12327317140672 -206.08022602937066 -1070.0674556690574 217.23114487157102 13.862348056309143 -181.5908695018738 -1050.7891139677567 209.72294394885623 55.043628280457575 -210.3930732870921 -1097.3536083758288 258.318442334212 32.05435591463111 -179.1308706087032 -1110.2290162821491 251.5802532560603 -4.27450906452301 -158.09787746602234 -1049.3006411597892 245.79825293658828 6.901226758718884 -180.68407108397463 -1071.2473402881556 261.52054155839744 48.64507182197722 -195.22831715071402 -1074.2383115371006 277.57056449257425 -55.086089478167615 -126.29863917662273 -1054.3832945477936 257.2459559204286 26.942660443094162 -187.41843984821188 -1040.893160664977 241.71995041259757 73.82429363375994 -220.79255011353735 -1098.6318053423736 235.65400429168932 16.601175925977653 -176.2942789430804 -1104.8797169230513 261.94074291541534 -10.292138433793614 -172.27037032810344 -1104.1811950151173 255.83782290964655 42.217425989424804 -200.33997251436838 -1058.4674012716519 229.94208355200982 1.0028522410950589 -169.51177574836194 -1061.0784449830367 244.3466433760602 -20.069762237892014 -150.81966185122724 -1045.5613146717908 219.99305650605032 8.638847575981984 -165.95830134879654 -1060.2876471595257 235.52170962549494 25.347639054571545 -178.6253739553379 -1089.244841399738 251.255254270017 11.988560728218655 -186.99458200307626 -1080.5275745226957 236.77693836109253 82.26908599617234 -221.23831397482775 -1048.6260740064806 239.16387458696596 18.49640308802859 -192.0347055105168 -1069.216078820716 238.0700411878069 -19.03729334984044 -156.84274607355087 -1042.2090723779356 227.82031680616768 -37.91390289709922 -139.00537159389017 -1086.792548287691 258.3786871022967 53.90421794078376 -205.4923572312325 -1050.265770382818 264.4366859086821 71.88519976654834 -210.4619180563315 -1043.3324821489555 246.2536645870712 1.5620824398083555 -182.26376642253388 -1056.675579456746 210.0129938097432 25.394133111324418 -191.4725166809781 -1047.3129473854617 207.0345873465907 70.52760685973757 -215.87231168182478 -1066.632816163846 261.0646439176747 -33.42780680037164 -156.18131102983588 -1065.1777028469419 253.8351185775727 11.566144717382263 -171.30393850046352 -1094.6742669276055 278.78617430608324 22.232855808204604 -181.70053708361928 -1092.4060741627047 240.01433311358164 -37.109368963464654 -144.6360690922557 -1087.5825200811894 229.74418436146684 40.1016967338007 -194.390539044351 -1081.0890283078813 266.85268459994217 -22.70222118403964 -161.44380148017086 -1093.4086556576335 255.23619032198957 -8.968662062700476 -166.2600945979849 -1040.96897399539 234.82971381729286 18.74502622735534 -187.04304720724159 -1083.6664114387347 222.47815314105634 -43.1797338987068 -133.87492266823932 -1076.6041126865746 256.60543710943625 28.168113472705677 -196.62754922854134 -1095.336089552014 247.53206615737685 -51.253951678729365 -132.04761471835178 -1085.8253695912501 245.4663106029521 -27.811736797714534 -151.6836168842198 -1066.810733017009 232.27144917115984 -43.319303835216644 -142.00994528474374 -1096.8693669147615 272.1970770754248 37.80469588549421 -188.9869988500424 -1072.9181959210423 253.74476286950377 -47.96072908346204 -136.88028214546446 -1052.1194549156344 216.23733738014604 7.09911289966734 -175.16860232163077 -1043.4046942147374 252.6418215736098 -29.775471602106947 -141.72292562322286 -1058.5431447586038 252.84081196389772 66.93147436469938 -220.91444630767282 -1038.730558309637 222.6135769006677 -16.213145528795135 -166.43498039841333 -1039.0978024543228 252.70786905720283
550.0048193674556 1.7582782280750187 1.7582782280750784 0.0 0.8791391140377879 1.965814820666809 0.879139114037476 2.4865809165690536 0.8791391140371594 1.7582782280749998 1.7582782280751466 1.758278228075042 0.8791391140377975 3.6247834267885817 0.8791391140374294 3.624783426788593 1.7582782280749556 0.8791391140375581 0.8791391140377212 3.6247834267886203 1.7582782280747926 1.9658148206668198 1.7582782280750209 1.758278228075051 1.7582782280748739 2.4865809165690425 0.8791391140376206 1.7582782280750493 0.8791391140376827 0.8791391140375601 3.62478342678874 0.8791391140375266 1.7582782280749842 0.8791391140375254 1.7582782280749476 1.7582782280750076 1.7582782280748463 0.8791391140374989 2.486580916569124 1.758278228075071 1.7582782280749016 0.0 1.7582782280751543 0.8791391140375452 0.879139114037641 1.7582782280750402 1.758278228074915 0.8791391140375464 1.7582782280751044 0.8791391140374919 0.8791391140372466 0.8791391140375164 0.8791391140374294 1.7582782280750473 1.758278228074763 0.0 1.7582782280748617 0.8791391140375281 1.7582782280749876 1.7582782280750395 0.8791391140373319 2.4865809165689994 2.197847785094007 1.7582782280750389 1.7582782280751876 1.7582782280750033 1.7582782280748943 1.7582782280749978 1.7582782280749227 0.8791391140374847 0.0 1.7582782280750127 1.7582782280750047 0.8791391140375565 3.6247834267883787 1.7582782280750333 1.7582782280751605 1.7582782280750349 3.6247834267886283 1.7582782280750113 1.7582782280751295 0.8791391140374902 3.6247834267883334 1.7582782280750313 0.8791391140376624 1.7582782280750402 1.7582782280749665 0.0 1.7582782280748848 1.7582782280750218 2.486580916569079 1.758278228075025 0.8791391140376424 1.965814820666836 1.7582782280747296 0.8791391140375531 0.8791391140375399 1.965814820666821 1.758278228074923 1.758278228075012 1.7582782280751317 0.8791391140374974 0.8791391140375021 2.486580916569031 1.7582782280751519 3.6247834267886354 1.9658148206666406 1.7582782280750016 0.8791391140375032 1.7582782280750233 0.879139114037565 1.965814820666819 1.7582782280751597 1.7582782280750386 0.8791391140371956 3.6247834267885937 1.7582782280750386 1.7582782280750184 0.8791391140375072 1.7582782280750162 1.7582782280747893 0.8791391140375235 0.8791391140375369 1.9658148206668318 0.8791391140374653 0.8791391140375329 0.8791391140371634 1.96581482066685 1.7582782280747236 1.7582782280750413 0.879139114037719 1.7582782280750517 3.6247834267885692 0.8791391140374989 1.7582782280749585 1.7582782280750244 0.8791391140373195 1.7582782280750167 1.7582782280753997 3.624783426788637 1.9658148206669472 57.570363488359284 -213.1046969588048 -1061.5176412389928 227.0859744668391 -60.61924551328269 -131.33232320831348 -1082.0519073248727 253.6435859544024 -2.154512239301673 -161.95197466026033 -1088.8005492250966 265.0734610919216 -9.071557251931145 -161.6189147488411 -1096.0841848124517 266.70807913186803 57.793042888238865 -202.25838994615108 -1089.0029445652995 275.0890832489402 62.358019212870765 -208.82547403147004 -1052.3979722089898 233.84812264337623 29.97706540575098 -189.89208474011133 -1071.1740281486113 245.97579015285984 -7.9803349023382495 -169.3110934121808 -1054.1981759952505 245.79323997400328 -19.459094854169113 -160.0854923722055 -1044.9844526591069 229.72918291672633 34.935385304845646 -201.3838248692024 -1078.5581032259154 274.88706471797093 19.858463642860663 -171.79745663516243 -1035.5791668647678 249.9321273399651 -15.294064816096506 -156.39238312581406 -1074.4051066993875 239.1239186585681 45.7203866474428 -209.17372548842053 -1058.546932161004 220.7503738420394 48.11330707791976 -197.49131140675075 -1072.024166017351 225.21636168076168 31.663826123280103 -181.66001470986944 -1041.2116748544051 211.90250179522064 76.75890358510304 -226.46673981129686 -1076.4441671722802 265.7305968623803 -11.731746662046902 -151.61439944959474 -1047.5787360189815 255.80170562624352 -6.281202089724855 -174.2576256848154 -1063.0395575508035 250.45771911794688 -23.69177434070568 -144.00663046985312 -1042.5588641980023 217.7804122276556 -19.217632813460174 -168.91307901299447 -1084.7033477447496 240.86349798428802 -38.667277091583976 -147.2438411841128 -1051.301414914579 226.23030148253096 -29.824904631382605 -154.33719655367625 -1044.0871549949597 273.4430199191161 32.69555220167811 -195.00788309010622 -1098.8846232018795 250.97054865303843 -33.17641413398791 -143.59693651009695 -1054.2595055360623 252.36037725765146 44.62494953031583 -203.54941785504562 -1068.8109022360832 218.80478354229214 11.210517931415326 -179.30878676087767 -1049.6478223839702 212.9552183457186 51.88450299070344 -208.04459637401143 -1095.4226712388809 261.1499799642709 28.873669182871318 -176.81073629038067 -1107.8768680375856 254.16556687985016 -6.629112892589289 -156.28323594326693 -1047.673768909887 248.28193785078307 4.130726781938151 -178.62284975077378 -1070.5470525615679 263.36382235881376 45.410844333457284 -192.011265113745 -1069.4659347404443 275.967499052156 -57.9553533393515 -125.50099538030274 -1051.6569554193024 259.7762612313364 23.450272291783858 -184.65168932692774 -1040.2149502552024 245.14839366127907 71.34185292218667 -220.21408786037267 -1097.2318746401581 237.67017622360646 14.495794318971578 -174.03322522175748 -1103.0390484760628 263.1194421703201 -12.791706786733762 -171.75982099427435 -1102.1490094117867 256.91941060326457 39.661013263208254 -198.9070170171007 -1057.110673534503 233.613460754836 -1.029882400125276 -168.13976369919848 -1059.8409283056646 246.46836779407718 -22.323291400426 -148.80649141609462 -1044.0151068630903 223.58221613321325 5.2030582312036 -164.0992091639935 -1059.9645482772064 238.04505686986545 22.89801217104401 -176.99632560342832 -1088.2498347269502 254.0540826849957 9.104001735593858 -185.13981413197945 -1079.4310069753542 238.9606060353179 80.57474963846045 -220.26586961776508 -1047.6530549082538 241.40521698693624 16.712540823130183 -190.2183380933364 -1068.816380750337 239.50119996801166 -22.03711677534462 -154.15589779712184 -1040.5070533467035 232.41249445797828 -41.16538774841059 -136.78691662476368 -1086.2201328987012 260.86718057868995 50.01073024511295 -202.45323515232153 -1047.186792367803 266.1890910194281 69.22162106451768 -209.2206496966986 -1042.4528035294206 250.12359596849535 -2.268011858502587 -179.07820201870166 -1055.5512300293644 213.78702779367518 22.874372475816372 -188.96438792060505 -1046.3113707598743 208.72998335330706 68.77120675621198 -214.02340729260402 -1064.8682635265204 263.994032347538 -36.435879147339804 -153.50655790186312 -1063.498612037495 256.81709275370406 8.36306333386742 -169.01097718217045 -1091.2478022449964 281.18077989380083 17.950549918753698 -179.34879622341694 -1091.8904442647454 241.96029383271696 -41.11360300835768 -141.7430180318639 -1085.78993998749 232.66655740617736 37.544487265247255 -192.95941030731274 -1080.0993515816838 268.5388086452616 -26.2730369416494 -159.83405408443883 -1091.9816879509322 257.2311875631915 -13.507995885084254 -164.387687508264 -1039.6527984204865 238.51537345341467 14.581508913709559 -184.47737599448496 -1082.5622047988904 225.75193093541398 -46.11062179654986 -132.10275992424346 -1075.1953538402197 259.73216326941645 26.271795258035333 -195.01102731633964 -1093.4947682748905 249.29303091174026 -54.73359138596063 -130.28182562054397 -1085.7745098246435 247.10357910398648 -31.25121445766001 -148.77766843013092 -1065.1794024531803 235.2841407085493 -47.889977181377574 -140.2126440016481 -1095.8952328741018 273.3012985459188 35.48237578651741 -187.13220250310235 -1070.7279697337187 255.3623844108027 -50.45621040867273 -135.33121158155154 -1050.5603177040116 219.8204615747804 5.694063443864729 -174.6852323102178 -1041.6581414027644 257.73424065906346 -34.52926593029816 -138.15914905900107 -1057.604739022134 256.6926758050385 63.66071722091521 -218.76414846550804 -1039.792461504629 225.72686691388375 -20.095183003690714 -164.37248518338538 -1037.882352525741 255.38365767534623
560.0048193674556 1.7582782280750233 0.8791391140378119 3.6247834267885803 0.8791391140372693 1.7582782280750229 3.6247834267887193 0.8791391140375476 1.758278228075107 1.758278228075039 1.965814820666773 1.7582782280750322 3.6247834267884267 1.7582782280750358 1.7582782280749985 1.7582782280750164 1.7582782280749 3.624783426788633 1.758278228075147 1.9658148206668398 1.7582782280748135 0.8791391140375355 1.9658148206668729 0.8791391140375505 2.4865809165693733 0.0 0.8791391140374974 0.8791391140374684 1.758278228074978 0.8791391140375215 2.4865809165687267 1.9658148206668034 3.6247834267884396 1.7582782280750426 1.7582782280751672 0.879139114037484 1.7582782280750167 0.8791391140375483 2.48658091656912 1.7582782280750293 0.8791391140372671 1.7582782280750535 2.486580916569029 1.7582782280750207 0.6153973798259212 0.8791391140374855 0.8791391140377 0.8791391140374727 1.7582782280751668 0.8791391140375103 0.8791391140377423 2.4865809165690376 0.8791391140377378 1.7582782280750189 1.758278228074974 1.9658148206668233 1.7582782280749798 1.7582782280750127 0.8791391140377314 1.7582782280750153 1.758278228074802 0.879139114037489 0.0 2.4865809165690482 1.7582782280750304 1.7582782280750415 1.7582782280748905 0.8791391140374892 1.7582782280750986 0.8791391140374806 0.0 1.7582782280750302 1.7582782280751086 0.8791391140375283 0.8791391140373355 1.7582782280750517 0.8791391140376823 0.8791391140375011 1.7582782280750546 0.8791391140374973 1.7582782280750613 0.0 0.8791391140377988 2.4865809165690407 0.8791391140376893 0.8791391140375586 1.7582782280751634 1.965814820666821 0.8791391140376156 1.9658148206668185 1.9658148206668118 1.9658148206668073 1.7582782280749467 0.0 1.7582782280753353 1.7582782280750404 1.7582782280748734 3.624783426788613 0.8791391140376523 0.8791391140374744 1.7582782280751208 1.7582782280749902 1.758278228074885 1.7582782280750242 1.758278228075293 0.8791391140374922 1.9658148206667725 3.6247834267886083 1.758278228074858 1.9658148206668609 0.8791391140372186 1.7582782280750417 1.7582782280751639 2.637417342112546 1.7582782280750464 1.9658148206668473 2.48658091656909 0.8791391140375394 0.8791391140373443 0.8791391140375467 0.8791391140377348 0.0 2.4865809165688506 1.7582782280750247 1.7582782280749307 3.6247834267885644 1.7582782280748637 1.7582782280750526 3.6247834267885297 0.8791391140374869 1.7582782280749407 3.6247834267885857 1.7582782280751097 2.486580916569 2.486580916569113 1.7582782280750329 0.8791391140377224 0.8791391140375261 1.7582782280749387 1.7582782280750042 1.7582782280751856 55.011942065215806 -211.6732458105537 -1060.7250033801627 229.41391588798902 -64.33727257918737 -127.8425420628042 -1079.3441381140367 255.4876671070987 -6.8172552490145994 -160.3204263020977 -1086.8152666009694 267.8704007645383 -13.303249839688174 -160.2207721085607 -1094.0610726025168 269.4745621343337 54.38182248386201 -200.35440857109305 -1087.8000898232424 276.0548453644779 59.01604717241648 -207.7931655924596 -1051.1647665149928 236.501972425855 27.21157920135371 -187.82614869655237 -1070.7034658846121 248.48054985476725 -11.640612189898365 -166.83037150715072 -1052.917414104994 248.42073307693292 -23.019683461133983 -157.41168924296323 -1044.6969351731773 233.88571628489842 32.53043032371652 -198.6687847300604 -1074.7490840703051 276.9876848122218 17.046546103687106 -170.83490884804576 -1034.4680157397036 252.66199651300377 -18.643861564341886 -154.36786707749118 -1073.091413393971 240.64920830640315 42.85036339726424 -207.29984449640523 -1057.7499830961988 222.52890985984993 45.243480074142795 -195.61775752308412 -1072.0549362542629 227.39871499230654 29.55856395432905 -179.39716084518838 -1041.2001966591345 216.15890762925548 74.2109394880557 -225.01857466255612 -1074.5319022947697 268.00864235721974 -14.423009121901261 -149.38206958646282 -1046.4632832036582 257.98473406480537 -8.96123937780926 -172.0107071802122 -1063.469382388676 251.7566624288981 -26.844541743892965 -142.66236762319488 -1041.6970981631935 222.74418257811212 -22.813087137415994 -168.40881176807926 -1083.7615156960533 243.1293570292183 -39.5256010500233 -144.6140188066174 -1050.5344906510538 229.1045333181664 -33.73555923149612 -152.33085432247964 -1042.5141095388904 275.73590486922717 29.27035596341767 -193.12980293354588 -1097.5153259636634 251.86908103300823 -36.00116956374588 -141.6081982765353 -1053.1848120528455 255.08355149433726 40.42784464407019 -202.0562724017183 -1068.8667072366354 220.44467256881822 6.363253489537092 -176.98302588470145 -1047.799172471202 215.33723315442597 48.16285990329736 -205.690784234812 -1093.2785138703262 263.28112610513375 24.582998925241167 -174.47664732211842 -1105.550037625165 256.19507943824914 -9.77225790385882 -154.9125577623812 -1045.95505178982 250.69097563072896 0.6835642625168123 -176.7813224451827 -1067.804193041735 265.7608487455678 42.77284820790126 -189.7148446801221 -1066.4213370810185 275.41171890480217 -63.09613296448728 -120.48535777392715 -1048.9552809238835 262.2618322762883 21.655639175106216 -182.842083539116 -1039.409430494857 249.64427198271932 69.09631824587856 -219.2235957284874 -1095.8242065345453 239.68238161412788 10.821596773023469 -172.61577921294415 -1099.6619899882378 266.7797383104054 -16.042486134760527 -170.59947867111623 -1100.1972537297643 259.73217488869847 37.262167138305095 -196.1827638845388 -1056.118769246714 236.92494444584423 -2.3016383581437414 -166.36488734175714 -1057.6683044277936 248.11939713848946 -25.04099329721427 -147.68002639403596 -1043.3315034626282 228.08961470444493 2.417066047694627 -162.05874521242447 -1058.2913586653929 241.57432422760886 18.995718752189603 -175.99321634282717 -1086.8522016728843 255.50022463662137 5.232501607098378 -183.0596789358079 -1078.1041410262676 241.01563138442157 78.02973386981205 -220.78979939827767 -1046.3675014304283 244.0364424640813 13.742451327938513 -187.5006613206888 -1067.0977971919003 243.0067095932896 -26.593390763581958 -151.80115647338314 -1039.1177066546993 237.16474878782725 -44.8726293838729 -134.37283148879754 -1083.7857049587883 263.96383891997823 47.26025510083971 -200.36145566885855 -1047.161483450788 269.00418745381745 65.27012766243502 -207.27742595902063 -1041.1162541961808 255.47379277370737 -5.6063493501811426 -177.03068459340554 -1054.3592325515515 216.46346651286137 20.531047332601712 -187.13579120466514 -1045.9464549041827 210.16698265982004 66.33821621982362 -212.37059806185997 -1062.5794751402414 266.6180929166968 -40.342792535762435 -150.41511270276786 -1063.4425141625775 259.51907755259384 5.463749525165715 -167.183407144902 -1088.0539677308034 281.92986135634874 12.988517990764363 -177.22723303644523 -1090.4300071377663 245.05861545973744 -43.72753912183787 -139.32879548086393 -1084.4470510771228 234.7183556615237 34.59336684800595 -190.22115738691662 -1077.9443107636707 270.65626419481805 -29.833711903160168 -156.61832861858744 -1090.0645526081216 259.50316279154845 -19.03939144753679 -162.3201140459068 -1039.318904328071 243.2200188233825 12.122746839107979 -182.87013437042538 -1082.989174061249 228.15547960421773 -48.29121192148318 -129.91416543811502 -1074.0231578875635 261.3136574384744 22.647801449724493 -192.47536632934586 -1092.7236548537846 251.10338490867866 -58.99542709853886 -125.69645095462057 -1083.8951779940614 249.97058681969227 -32.99052980241825 -147.89150473830338 -1064.7665434069138 236.7095197163666 -50.50235472473193 -135.62058800856596 -1093.107601596336 276.73352772795386 32.95457326871811 -184.6321378913317 -1069.3649870587994 256.85232620256545 -55.15097989332275 -130.52394635769897 -1049.3839651937228 223.04511576408603 2.39178478101351 -171.5375839132556 -1041.047779150539 261.86982872149446 -37.034134959787664 -136.61921830197883 -1055.8590804778114 259.07644636502323 61.412472413922444 -217.77859015248467 -1038.5552051899513 230.25969252201335 -25.29189068318504 -161.66816006893058 -1036.4604385480857 258.51698428083785
570.0048193674556 2.486580916568996 0.8791391140376539 0.0 1.7582782280750122 2.4865809165690465 0.8791391140372 1.965814820666809 1.758278228075219 1.7582782280750453 1.7582782280751803 1.7582782280750169 0.8791391140377895 3.6247834267885986 0.8791391140372296 1.758278228075035 0.8791391140376252 1.7582782280750369 1.7582782280751792 1.7582782280750273 1.7582782280753404 1.7582782280750504 3.6247834267886923 0.8791391140374933 0.8791391140377343 1.7582782280750293 1.758278228075029 0.8791391140374879 1.758278228074916 1.7582782280750162 1.965814820666852 1.9658148206668549 0.8791391140372339 1.7582782280750373 1.7582782280748535 3.6247834267885803 0.8791391140374162 1.9658148206668253 1.965814820666789 0.0 1.758278228075103 3.6247834267886065 3.6247834267885852 3.6247834267885937 2.4865809165690993 1.7582782280750509 0.8791391140377157 1.9658148206668478 1.758278228075136 0.8791391140374902 0.8791391140378328 1.9658148206668344 1.7582782280751836 1.7582782280750426 0.87913911403775 1.7582782280750406 0.8791391140376797 1.758278228075037 0.8791391140373486 1.7582782280750295 1.7582782280748204 1.7582782280750198 1.7582782280751081 1.2307947596525208 0.8791391140373377 1.758278228075064 3.624783426788736 0.8791391140375583 1.7582782280749607 3.624783426788621 1.758278228075098 1.965814820666797 0.8791391140376341 1.9658148206668205 1.7582782280749691 0.8791391140375455 0.8791391140376021 1.7582782280749965 0.879139114037502 1.7582782280750164 1.7582782280748999 1.7582782280750198 0.8791391140373357 1.7582782280750218 0.8791391140373268 1.758278228075026 1.7582782280748508 1.7582782280750067 1.7582782280752465 0.8791391140374843 1.7582782280749047 1.758278228075053 1.7582782280751608 3.6247834267885914 2.486580916569062 1.7582782280750189 1.9658148206667705 2.486580916569042 1.7582782280748845 1.75827822807504 1.7582782280751903 1.7582782280750087 0.8791391140374601 1.965814820666868 1.758278228075066 0.8791391140375038 3.6247834267885954 3.6247834267885883 1.7582782280748008 1.7582782280750404 1.7582782280750788 0.8791391140375361 1.7582782280750822 3.6247834267886136 1.7582782280748754 1.7582782280750062 0.8791391140378665 1.758278228075043 0.8791391140373961 1.7582782280750355 2.486580916568887 1.9658148206667894 1.7582782280751768 1.7582782280750346 0.8791391140377833 3.6247834267885874 1.7582782280749498 0.0 1.7582782280747058 1.7582782280750233 0.8791391140377931 0.8791391140374996 0.879139114037248 0.8791391140375298 3.6247834267885546 0.8791391140374792 1.7582782280749434 1.9658148206668529 3.6247834267884445 2.4865809165690704 1.7582782280750036 52.75355715749164 -210.7070349140481 -1059.4218095226224 231.4873651396303 -66.52476443275798 -125.6615616569422 -1076.9292236821452 258.5951912748514 -9.970823718652106 -158.96794527510698 -1085.6828495674454 270.61694901705505 -17.113142999919894 -159.08348998421266 -1092.8481167906784 272.7541826829144 50.957251316826685 -198.47311778759726 -1085.79642929403 278.25027551051886 57.06824371688719 -207.27833751963772 -1049.8325281588338 239.1083958626605 24.083727841329598 -186.42478582283866 -1070.2361471097756 249.3254746307997 -14.88762065653028 -164.60272673438848 -1052.3636951770814 250.90604510528976 -25.40951642170621 -155.64468507654817 -1043.3180363248948 238.66304781452317 30.41795794782849 -196.41387190033626 -1070.554042731584 278.8769999009298 14.685328261430593 -169.02955913291916 -1032.251874929654 255.89688465556677 -19.613107904304943 -153.04909288343006 -1071.2833492669329 242.45063225611779 39.42061849769361 -205.42503947390495 -1056.8984738665995 224.82740874672416 43.2206366446408 -194.23238165893738 -1071.163552186302 230.23306790593324 28.92991978987892 -178.50646843204208 -1040.1790303312343 220.54963570264502 72.25264222005023 -222.51873737843724 -1072.6188801872888 269.7054511911576 -16.484381175035786 -148.05151770497457 -1044.9214672792493 261.0454489849293 -12.641458418124532 -169.5575879485574 -1063.3887596159184 253.4138843597459 -28.582627722471045 -140.68922501549747 -1042.3902454199806 225.78976568569863 -25.608755935495992 -164.22997648961538 -1084.1018150359866 244.99540315817197 -43.89168331019736 -142.42366698975036 -1048.7851028420714 232.05345752587493 -38.0925390866958 -149.03817064455873 -1042.412528701899 279.5140457167599 26.37614346574861 -191.29416340136035 -1096.422095734138 254.63307420880818 -38.94712629824561 -139.85474218733293 -1051.716576244961 257.62605956720233 37.73788380176676 -200.86850383826697 -1066.709737669238 223.7347826194416 1.0613197893139223 -174.4709720568319 -1046.0960925037634 218.3130365648973 45.35912225228248 -204.71071275031036 -1093.4937639449747 265.7178964379871 21.335875136275753 -173.29548698504496 -1104.416864527162 256.64778720964284 -11.732249462503795 -154.45268630993166 -1044.9404281754714 253.4756546952247 -4.531360364776774 -175.15066915346145 -1066.0145515911393 268.67805334855586 39.65325824075046 -188.29523249449917 -1064.242991115581 276.88451604702556 -65.59826753632865 -118.05280260067275 -1047.129924995702 265.72217576755065 19.73072045053946 -181.2579544551972 -1037.7490131599766 254.9087014118653 66.65670880050959 -217.58426759144 -1095.6581855068234 242.40505658045026 7.592990453540807 -170.36053729456302 -1098.0019682182292 268.04171428324736 -19.180481561743626 -168.15900494895442 -1099.1278188770239 261.94212240512235 34.80359736454477 -194.5707772567951 -1054.7851300534978 237.8935304834993 -6.091814952004194 -164.12201583563868 -1057.354631953522 250.7112155243091 -27.86784695236564 -145.69718512681285 -1042.2605561895546 232.44276281358316 0.15832110865676519 -160.05397218235208 -1056.6877440693465 244.60370592878962 15.948771161413072 -175.47762889652188 -1085.8838324087344 256.6325927071467 2.4378851335559855 -181.03331981396806 -1077.6383209790738 241.86520744208858 75.64357985082088 -218.05246810780488 -1044.5222509717316 246.3632548173442 10.952069110439124 -185.4650252156315 -1065.24578854633 245.9041844810278 -28.113767244385414 -150.48099528341447 -1038.76742100016 241.41559446300923 -47.93196862854949 -131.75349195425915 -1082.1910075584979 266.9976781003158 44.14222114282334 -198.93968700005837 -1045.7398900966864 272.77188805294094 63.559615494534164 -206.33184982994877 -1038.9575832224646 260.46655618762725 -11.141896973481852 -174.9711312897534 -1052.2038359998833 218.1432052311867 16.766536209678673 -184.84983341351025 -1044.0595922774692 213.06167550032174 64.70018069065316 -212.30034711635108 -1060.9795744392916 269.6510142856004 -44.81788609029406 -149.53043172854572 -1062.4521924661192 261.19089440014545 3.415074469567674 -165.83353984934962 -1085.2673530579025 284.7634687215103 8.007793069462373 -175.14663133799885 -1089.9387577660948 245.8997276829711 -45.6932412437115 -136.70784641952812 -1083.51042484693 236.4413850552364 31.2387034809824 -189.23969022564054 -1076.1672673682801 273.00633220836863 -34.08026565544607 -154.1898340405424 -1089.412439915456 261.9659291665789 -22.515882612645026 -160.53522835366488 -1038.4155543949269 248.3248654386599 9.013816640180737 -180.39301032573704 -1080.7527501427528 230.83550532191273 -52.9898160583855 -127.29784119680238 -1071.664592694112 263.30366141284895 19.54908560247635 -189.98242682692512 -1090.706010005533 254.4464622200021 -62.495480364460995 -122.86448258406183 -1083.0472839749302 252.87160686336324 -36.585030153437984 -145.2580566083158 -1064.3004999951254 239.21142822158302 -53.34339882448048 -133.65734049042038 -1090.3722272648752 279.6159769956134 31.119703415068507 -183.92249900115118 -1068.1776366286063 258.4210314769999 -58.865269693965374 -129.21865834220245 -1048.0977220852535 225.67964199628142 -0.29968065945338085 -169.30290103423496 -1038.725922996289 266.77947482341517 -39.653527750188466 -135.30639307476383 -1055.242329207656 261.53193165971317 59.01406612948984 -215.05520770964088 -1036.9647746115497 235.45575656724355 -29.971343023677758 -159.0105105736568 -1034.1719441555736 263.4532024412494
580.0048193674556 0.8791391140374767 0.879139114037739 3.6247834267885897 0.8791391140373664 0.8791391140375446 0.8791391140374754 0.8791391140374873 0.8791391140376027 1.7582782280750229 1.7582782280748794 1.758278228075048 1.7582782280751357 1.7582782280750244 0.8791391140377496 1.7582782280750147 3.6247834267883006 3.6247834267886097 1.7582782280750433 1.7582782280750118 1.7582782280750806 1.7582782280750118 1.965814820666813 0.8791391140374915 0.8791391140375424 2.4865809165690522 0.8791391140378452 1.7582782280750302 1.7582782280749256 1.7582782280750286 3.6247834267887336 1.7582782280750207 1.7582782280749085 1.7582782280750515 0.8791391140374655 2.486580916569028 0.8791391140374463 0.8791391140375252 2.7800819805010204 2.4865809165690056 0.8791391140376194 1.9658148206668558 1.758278228074831 0.8791391140375262 1.2307947596525068 0.0 0.8791391140373357 3.6247834267886083 1.7582782280750522 1.7582782280750526 1.7582782280751394 0.8791391140374929 1.7582782280749676 1.965814820666862 3.6247834267883814 0.8791391140375101 0.87913911403745 0.8791391140374741 0.8791391140374484 1.7582782280750282 1.7582782280751292 0.8791391140375305 0.0 1.7582782280750142 0.8791391140377192 1.7582782280750404 1.758278228075163 0.8791391140375113 1.7582782280748792 1.7582782280750302 1.9658148206667359 3.624783426788597 0.8791391140375938 0.0 0.879139114037173 0.8791391140374697 0.8791391140373523 1.7582782280750244 1.7582782280750557 1.7582782280750249 1.7582782280749658 1.7582782280750062 0.8791391140376342 0.8791391140375152 0.8791391140375857 0.879139114037476 1.7582782280748686 0.0 0.8791391140374791 0.8791391140374958 1.7582782280748221 1.7582782280750273 1.7582782280750042 0.8791391140374905 1.758278228075239 0.8791391140375047 0.87913911403779 3.6247834267886025 1.758278228074906 1.7582782280750195 1.96581482066679 1.7582782280750187 1.758278228075257 3.6247834267886017 1.7582782280748892 0.8791391140375048 1.7582782280749174 1.7582782280750382 0.8791391140377298 1.758278228075034 0.8791391140376252 3.6247834267886034 1.7582782280751743 0.879139114037469 1.7582782280748968 1.7582782280750195 0.879139114037394 3.6247834267885906 0.8791391140376581 0.879139114037512 2.48658091656898 1.7582782280750446 0.8791391140377953 1.9658148206668278 1.7582782280749711 0.8791391140375493 1.7582782280750147 2.780081980501074 0.0 3.6247834267885843 1.7582782280751443 3.6247834267885892 1.9658148206668058 1.7582782280750138 1.758278228074849 3.6247834267886296 1.7582782280749618 1.7582782280750051 1.758278228075024 0.0 2.4865809165693005 50.40988078898257 -208.885160717357 -1057.987016462984 234.0594637689588 -70.38767879111555 -123.55521102812165 -1075.2702259270932 259.8564383544819 -12.367696197352943 -158.29578244635536 -1084.4433776875615 273.8899223852103 -19.182748683359158 -157.76157258975266 -1090.8476028692417 274.94846107882074 48.06526402508725 -196.63497356249098 -1082.8384546969455 280.98271243247837 54.493195629434695 -205.88277962654809 -1047.8808911078972 241.9358156225265 20.522573841417003 -184.2751005510934 -1069.1733261489242 251.54168123548305 -17.934945638534344 -163.05617098722274 -1049.8339272245476 254.50302527524323 -29.22816584739293 -153.45384108242652 -1041.9804862306182 241.83407060831976 27.193985908183837 -194.14821743499277 -1068.9961119164623 280.7738384286048 11.766174883781508 -167.23592793593897 -1030.6168168114993 260.65612615907776 -22.00925478423899 -151.29318660831376 -1069.6670493442377 243.76311576535102 36.98822779461449 -202.72834657098798 -1055.0393971518622 228.26886923514778 40.32334322867183 -192.40168760000577 -1071.054602392174 232.4120334622122 26.01811261343119 -176.69750521402617 -1039.0322622158756 224.63136519585535 71.55851722678547 -220.74317991049486 -1071.4945377071306 271.8869652493626 -18.22837431586685 -147.17051010273752 -1042.913046609812 263.24372614496997 -15.578302393799142 -167.78701454394474 -1061.4433259522425 255.6520744253285 -30.219953342630962 -139.5957970467893 -1041.4556307921657 229.46231353768187 -27.89245129746392 -161.70633758001247 -1083.0275476060224 247.76235456899573 -49.03846748110951 -139.60497347039 -1047.4016523267 233.4966438703281 -40.93761936758314 -145.98527776293935 -1041.3538650115286 281.8210632333687 22.487974269639903 -189.23926404994253 -1096.2700572080812 256.2645416389987 -44.09292915115181 -135.93719992697817 -1049.6174029328427 260.9201907593497 33.693284979728475 -197.04311373271292 -1066.6450949305815 225.37251391563785 -1.4331172288167169 -172.91191178627702 -1044.1843189293363 222.83355623785005 43.75210864858329 -203.56935897109312 -1091.914361864621 268.18555720822957 20.150492567590607 -172.397941646559 -1102.0926030165506 258.07238273365857 -14.995130249617462 -152.24907792030615 -1043.8965215747148 255.12942380480257 -8.875695522166636 -172.91854796905378 -1063.9466021362873 271.4141109599925 38.15985688278575 -186.940662626817 -1060.043683996012 278.7811124608355 -68.10037576713538 -116.36690293543032 -1045.4640784244375 268.71863262044997 16.386008787105922 -179.2260321458112 -1036.0421877952112 258.45720825303846 63.96940441954812 -216.39184579771415 -1093.725558018195 244.6572522020014 5.536869699183497 -169.0230918895582 -1096.7743127381768 271.31186585422415 -22.666119939628462 -166.38938147900024 -1097.3592641086918 264.2900534701129 32.36019811733079 -191.88584826169856 -1052.9092167417687 240.17560874363855 -8.375795715811874 -163.23076776676095 -1056.6399121577954 253.71743856748947 -31.800435906297743 -143.73262979483158 -1040.3308886798754 235.8266035030347 -1.6812886019490936 -158.28826195777688 -1054.8880315401748 248.07774911102638 12.484662975211343 -173.67183429230735 -1084.2288123417775 260.2119029795652 -1.0314895214710755 -179.23720393874117 -1076.573428160476 244.64034662775072 74.16770845929828 -216.6814208855855 -1043.18593420817 248.98826366872484 7.374310053767824 -183.87524246796275 -1063.8169673143893 247.3269291426285 -30.406424092266036 -148.51158889711172 -1036.6246057092146 245.82878210768558 -51.22189043417915 -129.59552549155123 -1080.5451231398936 270.0044563562585 43.28083049967806 -198.4766365045386 -1043.8983732050233 275.0663166191985 61.96144650541328 -205.18124365340063 -1037.4349549788622 264.14224122713495 -16.038086501715085 -172.74421117776518 -1050.3906803654609 221.04501229336054 13.30464383385424 -183.03900112130145 -1043.3178218023122 217.09392055530162 61.58175343528135 -210.87610340723316 -1058.0195090943669 272.38052843319036 -47.88049896447225 -146.91990087127698 -1060.7556814968048 264.7406565255761 0.7115022670953858 -163.6170026032413 -1081.4680136217073 286.9221250774323 5.29389674997899 -174.01680371336664 -1088.5531583417937 246.77620939893526 -51.058263433980144 -134.33704409550165 -1082.081998939096 238.42572492973076 27.035803394380597 -186.73838693272447 -1075.444038031334 275.45283065186254 -36.8078688941395 -152.00463993744356 -1088.1918933997651 265.238414602548 -26.766590154914333 -158.11545969246046 -1037.269417048126 251.05874731891421 5.547049671288712 -178.58918790764224 -1080.2182485496587 232.7791086507515 -56.068238957165256 -124.70853507945209 -1070.1980749430338 264.688019611704 16.633904163875354 -188.17268081295163 -1089.6162603154655 256.63907217218673 -65.36416679230302 -120.94038434823449 -1081.7604993517257 254.95170864054398 -41.06971094933353 -141.11208324250197 -1062.2192116587369 241.3769984472024 -57.30733647864968 -130.09345142777107 -1087.209292936873 282.2146348740786 27.119493841852425 -182.08190762686078 -1066.5563067027358 261.4445386315086 -63.164900694564196 -125.7766113201475 -1046.258800129522 228.0061519681052 -3.454964109577683 -167.96142027260427 -1037.8355525393395 270.29879088170753 -44.589994025274 -130.9600637090469 -1053.1331527615598 264.8224250689794 56.908558535072146 -212.7988981966426 -1035.5223578473476 240.28583330081946 -33.13360684358117 -156.60079959572474 -1031.4526775963916 267.5114779220302
590.0048193674556 0.8791391140375128 0.8791391140376665 1.965814820666802 0.8791391140373367 1.7582782280750342 1.7582782280748015 1.9658148206668258 1.7582782280752065 0.879139114037524 0.8791391140373466 0.8791391140374871 0.8791391140377582 0.8791391140375591 1.758278228075156 0.8791391140374812 0.8791391140373086 1.758278228075024 1.9658148206667665 1.9658148206668244 0.8791391140376579 0.8791391140375238 1.7582782280749936 0.8791391140374822 0.8791391140378078 1.758278228075049 1.7582782280751872 3.6247834267885684 1.7582782280752212 0.8791391140374842 1.7582782280752585 0.8791391140375524 1.7582782280751346 0.8791391140375374 0.8791391140375574 0.8791391140374866 0.8791391140372201 1.7582782280750526 1.965814820666803 1.965814820666827 2.4865809165691664 2.4865809165690558 1.7582782280752294 1.758278228075046 2.4865809165690993 0.8791391140374879 1.7582782280748206 0.8791391140375379 0.8791391140376045 1.7582782280750313 3.516556456149903 1.7582782280750267 1.7582782280750715 2.4865809165690784 0.879139114037213 1.7582782280750269 0.8791391140374774 0.8791391140375088 3.6247834267885652 1.965814820666822 1.7582782280749683 0.8791391140375275 3.6247834267886656 1.758278228075029 0.8791391140372237 1.7582782280750149 3.6247834267887535 1.7582782280750546 0.8791391140373865 0.8791391140375293 0.0 0.0 1.758278228075208 0.8791391140375217 1.758278228075243 1.7582782280750462 1.7582782280749318 0.8791391140375523 1.7582782280749925 1.7582782280750455 1.7582782280752065 0.8791391140375573 0.8791391140371551 3.6247834267886083 1.7582782280750924 0.8791391140375335 1.965814820666842 1.965814820666785 0.8791391140378767 0.8791391140374971 2.4865809165687516 1.9658148206668158 0.8791391140373804 1.758278228075016 1.7582782280749318 0.8791391140375083 0.8791391140372692 3.624783426788609 0.8791391140374003 1.7582782280750404 0.0 0.8791391140374759 0.0 1.9658148206668444 0.8791391140378526 0.8791391140375271 2.1978477850937326 1.7582782280750409 1.7582782280748217 1.7582782280750127 1.7582782280752478 1.9658148206668264 1.75827822807491 0.879139114037548 0.8791391140375484 0.8791391140375415 2.4865809165690145 3.6247834267886163 1.7582782280751394 1.758278228075034 2.486580916568892 0.879139114037528 1.7582782280751283 0.8791391140374948 0.8791391140377538 2.486580916569039 0.8791391140375782 2.48658091656905 1.9658148206666455 1.7582782280750473 0.0 1.758278228075044 1.7582782280750566 1.7582782280750109 0.8791391140372633 0.8791391140374953 0.8791391140377324 1.9658148206668369 1.7582782280748013 1.7582782280750273 3.6247834267886985 46.55726628327609 -205.7268706073226 -1057.3901450588328 235.99248461969688 -74.20779584015604 -120.17650720434324 -1073.5515854895073 263.39992615362775 -15.861297545842742 -156.54691175874584 -1084.248961568951 275.517215300397 -23.992012263623437 -155.36619853747112 -1089.378227835682 278.0718602499616 46.77248718170016 -195.9486421475067 -1080.7504396573 283.7008504014767 52.65611919556818 -205.1797231599072 -1045.901600633646 244.14816552220913 16.499399963028704 -183.01631268510954 -1067.2455628751773 253.2011583066741 -19.900254856345114 -160.43314139150354 -1048.8298897644197 255.59714279403033 -33.16997666758501 -150.41175762116777 -1040.4252888405292 246.06133372537127 24.705603500670982 -192.57548974103662 -1067.1676948903473 281.3170176044517 9.055193283900026 -165.02647932060296 -1029.6006433054272 265.2607875488445 -25.067612747545056 -150.8631463580152 -1069.453650391946 245.93907605212118 35.17050457848788 -200.93928980991436 -1053.1975980027187 229.43734697387004 37.4086151793697 -190.5939977156533 -1070.4626517303232 234.3366076208049 23.09439026641346 -174.90839695606516 -1038.1287123706315 227.5137728240224 68.90257414630962 -218.47038123592623 -1071.2991195271088 273.512088427595 -20.087453331527417 -145.42389314918566 -1041.9725697891263 265.5507707258547 -16.450289679562932 -167.3473407551023 -1060.3219680905938 257.8369533840754 -32.19666068130751 -138.0817517007284 -1040.2423460507644 233.3139134437507 -31.390140617159084 -159.96644557944555 -1080.9963412555096 250.5186188353836 -52.01096039191939 -137.90561521556657 -1045.807217858772 236.52909287748682 -44.11685503454497 -144.70604978075917 -1039.3615007166677 284.8401150833992 19.776380997728868 -188.1060564464133 -1094.688027941837 258.73118655236124 -45.848670569224325 -135.08715831249614 -1048.5415083830537 262.5500338494806 32.305084526689754 -195.4860900587765 -1064.9792570900363 227.21867706869074 -4.92676575060016 -172.23766145682853 -1042.6846550582013 225.334157585858 41.960941251683074 -200.6873685109566 -1090.3949286141133 271.86122385107444 16.90059653004464 -170.17541034789852 -1100.5117012678577 260.5403625949238 -17.616806729134677 -150.93930214921627 -1042.2140831041993 258.1174710095109 -12.147981830642754 -171.815140366223 -1062.8031246825772 273.5863944045227 35.56568512839911 -185.5781839904187 -1056.2484082029719 280.9454680942371 -71.07475801161306 -115.00128453343956 -1044.3800928072544 270.34505956427637 13.458440993719885 -177.44372447683043 -1034.6937332978619 262.2517512694354 62.249597017846526 -215.46578746479975 -1092.4286533337583 246.72516014500312 1.950245021213778 -166.3761058771456 -1095.2377103904919 273.2241478880309 -23.9767063107053 -163.5472487995647 -1095.7719559908119 266.75328781152 29.672631354488566 -189.6491749029259 -1051.2345224569858 243.74002738536805 -11.322496216076432 -161.47829788814775 -1054.9845725079556 256.7202926973088 -37.51115033403984 -139.84601989986425 -1039.0307453065918 240.20088642076814 -5.496859703941761 -156.09050481144666 -1055.1274379370375 249.96696163935928 10.421436035629497 -172.33923334694478 -1083.1067503677555 262.3963228311115 -4.294631922831992 -177.03329428265906 -1075.0661502942648 246.5756709991586 72.25428892476974 -215.08406615422066 -1041.5181242913784 251.9867089881558 2.7028842849321606 -181.20742379937994 -1063.3523968795669 247.6000792114194 -34.79265493404388 -145.2605406476919 -1034.83665765337 249.9088459500566 -54.747686436065244 -127.91819401227171 -1078.860438203512 271.235599146397 39.734433784287305 -195.77497562172556 -1043.0754094629463 278.04367635080695 60.55734884932679 -204.70357388428522 -1035.1990403925831 267.9342970923783 -19.527986352810043 -170.99066147132717 -1049.444963633507 222.1737564278867 9.064381435973736 -181.13278619717988 -1042.9660319872035 219.15338484859294 59.977705955130034 -209.7362329452541 -1056.666906860396 274.4135873002483 -50.635374572188645 -144.77101024066587 -1059.2727083520308 266.1057328531578 -1.4627103925187381 -161.42002439883743 -1077.9809876567938 291.0550130814692 1.7094767976876257 -171.36910128587377 -1086.5261115273554 249.53648168699613 -52.39878206537428 -132.61432711156925 -1080.0248369887397 241.75088931723153 24.231117331654143 -184.72498802694983 -1073.8292611469965 277.89688481647187 -40.320606172154484 -149.18744320559642 -1087.4728978093117 267.68632412992554 -30.04430413679155 -155.9390409364026 -1036.4873814964203 255.80366524621152 3.2700389324218806 -176.60586947671496 -1077.986426114709 235.9930461146078 -58.84713137413937 -122.58471566062582 -1067.7765567514055 266.6035578389611 12.938348414890793 -186.81000736683248 -1088.4399634785832 259.3663894688899 -66.17482867403032 -119.21089832023463 -1080.6442031918232 257.1383136611592 -44.7976204117406 -139.84353632483825 -1061.2477626416662 242.49018345767814 -60.84036999581308 -128.42137534340335 -1084.646569960426 285.20420014705047 23.334404190843685 -179.83802234744124 -1064.3423868528826 263.4990321440109 -67.04215161636229 -123.69054713873656 -1045.918520893837 229.50675954104398 -5.9611606395969865 -166.42402388567956 -1035.993280331665 274.35651308592355 -47.56755130722957 -129.25911293156264 -1051.925100735632 267.538751418016 53.46540022087072 -210.95108052234286 -1033.7579276869592 244.38686923225023 -36.85708945936548 -154.21154734466353 -1029.6104740394478 271.5691513678103
600.0048193674556 1.7582782280750504 0.8791391140372974 1.9658148206668318 1.7582782280749543 0.8791391140374876 1.7582782280751772 1.7582782280750093 1.758278228074812 1.758278228075024 0.8791391140377673 0.8791391140375422 0.879139114037624 0.8791391140374913 0.8791391140377376 1.7582782280750233 0.8791391140376312 3.6247834267885906 3.6247834267886843 0.0 0.8791391140375623 0.8791391140375472 0.0 1.7582782280750398 1.965814820666819 1.9658148206668389 0.8791391140376116 1.7582782280750022 1.7582782280749405 1.7582782280750424 1.7582782280748914 1.7582782280750076 0.8791391140374218 0.8791391140374971 1.7582782280747216 1.7582782280750529 0.8791391140377905 1.7582782280750198 1.965814820666797 0.0 1.7582782280750662 0.0 0.8791391140378368 0.879139114037538 1.2307947596525068 1.7582782280750184 0.87913911403725 0.8791391140375141 1.758278228075189 0.879139114037534 0.879139114037379 3.6247834267886123 1.758278228074975 1.758278228075041 1.758278228074949 0.8791391140375592 0.8791391140377417 0.879139114037512 1.7582782280749174 1.7582782280750426 0.8791391140375544 0.8791391140375036 3.6247834267883845 3.6247834267886025 0.8791391140373656 0.8791391140374869 0.879139114037207 1.7582782280750466 1.758278228075067 1.7582782280750506 1.9658148206665276 1.7582782280749996 1.7582782280751545 1.7582782280750344 0.8791391140373204 0.8791391140374765 1.7582782280751943 3.6247834267885852 1.7582782280751714 0.8791391140375413 0.8791391140377999 1.75827822807503 0.8791391140374158 1.9658148206668529 1.7582782280750908 1.7582782280750742 3.6247834267885874 3.6247834267886003 0.8791391140378463 2.4865809165690496 0.0 3.6247834267885897 1.7582782280749572 3.6247834267886034 0.8791391140375422 0.879139114037514 1.7582782280751517 1.9658148206668018 0.8791391140373876 0.8791391140375424 0.8791391140372785 1.9658148206667998 0.8791391140371556 1.9658148206668553 1.758278228075062 0.8791391140375339 2.1978477850937326 1.758278228075011 0.8791391140372147 1.7582782280750404 0.8791391140372633 1.758278228075045 3.6247834267885013 1.7582782280750555 1.7582782280748241 3.624783426788621 2.4865809165688844 1.758278228075041 1.7582782280751441 0.8791391140374977 1.7582782280748979 1.7582782280750526 1.7582782280752245 2.486580916569047 0.8791391140376028 1.7582782280750424 1.7582782280749294 1.7582782280750466 0.0 1.7582782280750406 0.8791391140374993 1.7582782280750309 1.7582782280751725 0.8791391140375016 1.7582782280750877 1.7582782280750362 0.8791391140376622 1.7582782280750662 1.9658148206668393 3.6247834267886136 1.96581482066692 44.18665052855782 -203.93555788224745 -1055.749509102547 238.99799209937598 -77.04183896028275 -116.98945112699805 -1071.8681077158274 266.38648852105206 -19.03637525220025 -155.2558199302317 -1082.0882125320966 278.77200511667917 -27.291716993779414 -153.21958017380317 -1087.0168966885242 281.1948838869124 44.26924008563355 -195.46898656535942 -1078.180380927041 286.68353103400375 51.154472966000064 -203.84329119538086 -1043.6210341454646 246.73536408741728 13.999241100940843 -181.47076060640566 -1066.5166063081433 255.64439488888777 -22.208604343937136 -158.48321825514716 -1047.7491167448982 257.2223285068867 -36.26809196536672 -147.83737311054455 -1037.7286177258343 250.13336016953502 22.310501973334425 -191.8959014963961 -1066.1503199420206 282.3991757422549 5.673808445666786 -164.1436513960169 -1028.7129747676406 267.01446035754634 -27.60774323498221 -148.2738339991584 -1067.6494729176793 248.26291404264776 31.05786991946517 -198.26111801657592 -1051.7398761597572 230.82252592131996 34.59715819607053 -188.5909615835656 -1069.003008619057 235.7203213005875 19.509945062516522 -172.26056132798746 -1036.1579672427963 231.48433667387383 67.0912590829596 -216.67443872214207 -1069.811321054066 274.86847141797926 -22.055033861983578 -145.00470995709196 -1040.882197247414 267.1721483030074 -19.627449928970634 -164.96122584206196 -1058.4961440187628 258.38531799430734 -35.17392711197378 -136.3832991587717 -1038.587511555903 236.31546948560987 -32.73353424653128 -157.14469783568518 -1078.1908241992844 253.9384964854238 -54.55914294130282 -136.43961972251552 -1044.3329500399593 237.90086958292514 -47.22689857547339 -142.1480277209891 -1038.3043467935715 286.72698861186353 17.935543449500493 -186.34457968240574 -1092.8029999207743 259.83238554878835 -48.65412468919558 -131.87299476870174 -1046.9110549488723 264.9861321553742 29.37722541684352 -193.70097429190906 -1063.9426275643661 228.87837625252206 -7.876897497392567 -170.494017008586 -1041.2017936439365 229.01982721629653 37.73970097036023 -198.218002135275 -1087.8329790030475 274.85194051181145 13.416293011199658 -168.40992422283313 -1099.9164208730879 261.8988763985234 -20.131628619858766 -150.52305141886126 -1040.5128704123165 261.0943570524677 -15.31952223327198 -170.51487552261133 -1061.041692528599 275.34595088635615 32.316175575503344 -183.352849540099 -1053.1133098979046 284.72400207578085 -76.33132169440044 -111.23647352304518 -1043.6273274320376 272.78194926899596 10.406606487181126 -175.898550534588 -1034.7498573214261 265.2303802510801 59.913438384156464 -212.5669733079132 -1090.3674887690815 249.46380462206392 -1.655533976338572 -163.75391435259468 -1092.2044239417996 276.4879756236142 -25.741050626210736 -161.5957019669416 -1093.4875915979794 269.3416304680809 27.289652618001874 -187.87719059527416 -1049.4235359073516 246.05846620665707 -13.296070453165061 -159.95840356294516 -1052.4160355905844 259.70530465854677 -40.60060991629896 -138.37401324005103 -1037.294151993378 243.73554255556687 -8.2353260162135 -153.9147241251363 -1054.1933757395698 252.27361637486453 6.9319511845305675 -170.57986436294752 -1081.0227138991286 265.1184978426754 -7.682125749390435 -175.0692122802873 -1072.1826012409479 248.7821329981298 69.58157436501199 -212.83004488302427 -1039.0784590355026 255.6452844005546 -1.332439911848828 -179.45464932029356 -1062.7527288453327 248.96343137185949 -38.99142595632618 -142.7112831202575 -1032.33013534437 254.1073685307809 -58.20230535348357 -125.50556398494014 -1076.7018258174721 274.491774761177 35.73548075590906 -192.87579982245154 -1042.3827481909912 279.9398241098574 57.325264847780474 -202.45191622029353 -1032.466274783676 271.98183792999515 -22.930547709268573 -167.95176109655947 -1048.8733829459534 223.55250343804659 5.798007742551319 -178.93657517506153 -1042.2949902294215 221.6176803728755 57.407810634608246 -207.27879629618056 -1055.168630802626 277.52517371711986 -53.51809648987387 -142.86824788662727 -1057.307001520574 267.73170612848725 -4.526207771092593 -158.8029189557098 -1074.0200907241865 293.6984905545365 -1.8932094125052898 -168.74350242776399 -1084.8705670506693 252.53921300470935 -55.97007026815475 -129.8686043435219 -1080.319220783122 243.10576291751497 21.411634548744228 -182.73582959601498 -1071.731415022437 280.60723565153995 -44.519809429548985 -146.6395326317822 -1085.654468826813 269.9975086939642 -34.35400609386153 -151.95203595175894 -1033.6352040010981 259.18392933341 0.1085614780688327 -174.19333430482746 -1077.237898176271 238.99009281141372 -61.84521165485271 -120.92364206739121 -1066.4949871705337 269.85679676680206 10.22197140176652 -184.61024532582002 -1086.35829084185 262.08919798624953 -70.09780954242446 -116.05489013158675 -1079.445197706184 259.8568256780832 -47.92460223751289 -136.74392909648296 -1059.975450997713 243.99633083947708 -64.17832007645067 -126.33462934436061 -1082.8216226640754 287.5090891065299 20.188631821250556 -177.40858427045612 -1063.1282984874852 266.211618765096 -69.5310160236297 -120.92518480192174 -1045.0643914632865 231.28052540525462 -8.586064589754594 -165.11885228674862 -1035.2306402532413 276.790108252146 -51.23983162869194 -126.73245314908374 -1051.7199338697892 269.1634716862869 51.66646994985228 -208.07630904600396 -1031.8661030904555 247.23859811394234 -41.152155463414125 -151.87199363149728 -1027.0704680767358 276.935577285018
610.0048193674556 0.8791391140374852 1.7582782280751463 3.6247834267885923 1.7582782280747833 1.7582782280750224 0.879139114037688 1.7582782280750238 0.0 1.7582782280750178 1.9658148206667614 0.8791391140375334 3.6247834267885626 1.7582782280750455 1.7582782280748115 0.8791391140374766 3.6247834267885426 1.7582782280750486 3.6247834267885706 1.75827822807504 3.624783426788661 1.7582782280750464 1.7582782280753033 1.758278228075017 0.8791391140377728 1.7582782280749958 1.75827822807494 1.758278228075051 0.8791391140373788 0.8791391140375572 0.0 0.879139114037495 0.8791391140371801 0.8791391140375284 1.758278228074791 0.0 1.758278228074842 1.7582782280750104 0.0 1.96581482066682 0.8791391140377856 3.6247834267886043 0.879139114037358 3.6247834267885897 1.7582782280751466 1.7582782280750409 0.8791391140372627 0.8791391140375298 1.7582782280749607 1.758278228075045 1.7582782280748888 1.758278228075049 1.7582782280749782 1.758278228075047 0.8791391140372968 1.7582782280750207 0.8791391140376494 2.4865809165690096 3.6247834267886745 1.9658148206668125 0.8791391140375718 2.486580916569044 1.9658148206666055 1.7582782280750486 1.7582782280750027 0.8791391140374886 1.7582782280749665 1.7582782280750275 0.0 1.75827822807503 1.7582782280751252 1.7582782280750247 0.8791391140374719 1.7582782280750426 0.8791391140374663 1.7582782280750484 0.8791391140377676 0.8791391140375132 1.758278228075046 0.8791391140375298 1.7582782280751243 3.6247834267885786 1.758278228075023 1.7582782280750084 1.7582782280751565 1.7582782280750375 1.758278228074878 1.9658148206667838 0.879139114037285 1.7582782280750302 1.7582782280752276 1.9658148206668309 0.8791391140373589 0.8791391140375278 1.965814820666518 0.8791391140374962 1.7582782280750393 2.7800819805010444 1.758278228075232 3.6247834267885923 1.9658148206668238 1.7582782280750187 0.8791391140372806 1.9658148206667918 0.8791391140377017 1.7582782280750515 2.197847785094096 1.7582782280750406 0.879139114037412 0.0 1.7582782280752265 0.8791391140375486 3.6247834267884977 1.9658148206667794 0.8791391140375868 1.965814820666817 0.0 3.6247834267885786 1.7582782280747882 3.6247834267885817 0.8791391140377098 1.965814820666809 0.8791391140376542 3.6247834267885954 0.8791391140377451 1.7582782280750149 0.8791391140373783 3.6247834267886216 0.0 1.7582782280750124 0.879139114037589 1.758278228075005 1.7582782280748024 1.7582782280750462 1.7582782280751326 1.758278228075023 0.8791391140372458 1.7582782280749978 1.965814820666786 0.0 3.6247834267883765 40.93298158266958 -201.71596007572273 -1055.0777934208788 240.89610988425204 -79.9780406910617 -114.02423655748159 -1071.1852510473743 268.27849445415217 -22.453633770998003 -153.34468730931255 -1080.5952557116884 280.1233791653594 -30.822621248521195 -151.54164427999325 -1084.845004752981 284.44460621855023 42.42786610222257 -193.7051251697408 -1076.9559682718484 287.6244465196297 47.58250087641377 -201.1765170254855 -1041.5796620727058 248.89328715435238 10.612566793351624 -179.50795526779592 -1065.2931471087186 258.3519993334262 -24.848257998847178 -157.211942541411 -1046.6544427787 258.83597812866026 -39.800914107216954 -146.17131874560678 -1036.0156850187132 253.10027660311277 18.712623939411223 -189.261780368544 -1064.0249477519897 285.0860577380729 3.374344596824348 -163.28026105022155 -1027.4133331030048 271.45926631231526 -32.23404955560187 -146.6253390802699 -1066.505370746277 250.43430907546002 29.87008536490583 -196.29033970738146 -1050.7271211194695 231.91248615224026 31.557160692573294 -185.94921154345255 -1068.4647475751954 236.5398317180687 18.30976325923184 -171.38717131279355 -1035.4941925054247 235.14863100783802 63.744206708692616 -214.64869710991937 -1068.652034998512 277.02946546386954 -23.610391888508275 -143.72070489200408 -1038.6677581179677 270.38987904337023 -20.096696665515 -162.56722589317334 -1057.4061624962137 260.0071412897111 -37.25460986062464 -136.21761650117156 -1037.9817730178518 239.42983687251245 -36.496504593082996 -154.82010562442488 -1076.6390686853244 255.84039551433187 -59.74318752790363 -134.84554112307526 -1043.047150152414 241.1512154807099 -50.25147656391517 -139.39011035840718 -1034.2177047670216 287.41589462038246 14.113553682185929 -184.15575516545044 -1091.1200447014487 262.8170143843783 -52.19674753455622 -130.2253659353968 -1045.1173987843672 268.4935059199786 25.348831878228935 -191.93070244122467 -1062.2184218748998 232.41359538283783 -11.070045567902842 -167.5766558225039 -1040.467113843804 231.46149650158333 36.332068112182085 -196.6807076891734 -1086.2070588053273 277.7309617649077 10.793987641890936 -167.10519459594758 -1098.5628062049955 262.17513706736383 -24.43486644978527 -148.19603127664078 -1038.2315988600074 264.8603390470324 -18.186455817832226 -168.5848857314346 -1058.994373378922 277.4965698012874 29.818726708680344 -180.71840140899593 -1048.7613207727838 285.8692024137343 -79.4504779999654 -109.71947607478732 -1041.4064887097882 275.9971056013759 7.671529300773169 -173.71828962823656 -1032.4544097483224 268.9866323387938 56.99104897559425 -210.77047819374903 -1088.4904505104644 252.31997306491428 -4.179304202991774 -162.2453912069284 -1090.7143077261953 279.6058444081427 -29.49244056693289 -159.2534054871578 -1092.274680918793 272.0534783623782 24.784951080374384 -186.33558059757777 -1046.981182548452 247.94959297413882 -16.600965431198016 -157.818687165118 -1051.255115681134 261.86830192513463 -44.81577172041252 -135.862998104685 -1035.044171816034 247.51902263784814 -10.447506702334012 -151.75476493027307 -1052.5607116139834 254.7065528600089 4.19207250755185 -168.40999988788244 -1078.924063383511 267.82834412749764 -10.652285496292706 -172.25148630559937 -1071.1116220417036 252.172278245882 66.34558475728922 -210.59019755799739 -1037.559992573599 258.74631453046027 -4.1871620993497825 -176.41064710980814 -1061.0608794225645 251.9474572561183 -41.87778287470293 -140.81740687360528 -1030.7381121888943 257.7463275604318 -61.44250174678529 -123.20249380178733 -1074.5295302570146 277.7387258485255 32.68769369465078 -191.3222791266052 -1039.6282680761403 282.18998736089594 54.60966002804696 -201.3197454021407 -1030.3576764878953 275.86895631064993 -24.942751291862752 -164.81553718969013 -1047.2063246935572 226.5489773286545 3.1733507321460364 -177.63816732874247 -1042.3871128909043 224.59426839588707 54.804209413659756 -205.93061434839794 -1053.5843098125254 279.40216461450484 -56.98889861024076 -139.90734878204827 -1055.590008376715 270.6989785541676 -7.052229874607583 -157.29889523568508 -1068.940382031134 293.8365070556685 -4.5216109562526245 -167.4515422176622 -1083.3875196828185 253.90241342441172 -59.175792282317836 -128.65578635443916 -1079.5894205127345 245.546836037685 19.448875310680837 -181.20150163903605 -1069.4783732482642 284.3875850285588 -47.30690975582946 -144.52711551230655 -1084.5715786233593 271.62336165780647 -38.21305638528394 -150.4009680447639 -1031.2777279374848 263.48733238725526 -2.8526468533767626 -172.4629737561311 -1076.103140090723 241.16684850908052 -65.63201224026055 -118.63897284111002 -1064.860464949347 272.2897540500184 6.834818308506972 -182.64761350303854 -1085.27811727434 263.71753709700425 -72.99868013414361 -114.18081066955091 -1077.3479987824837 262.5685378118201 -52.79589038860966 -134.47648762576532 -1058.8331527607313 246.16921957382198 -68.06774655174912 -124.27177647107465 -1080.1715530269203 291.0215041271124 18.65964243869236 -176.0978652948723 -1062.1755375586752 266.7518186497654 -71.78370516059809 -118.81178604656449 -1043.723366652945 235.07930746617134 -11.44162548128918 -163.18456596828767 -1034.4332539807888 279.2105039787159 -54.58053575072042 -124.64865264339836 -1049.667253068534 271.3079268541743 48.30434556964757 -206.06610077955182 -1029.6634709017646 252.23472331928338 -44.45151283392307 -150.8594304879487 -1025.0349463082896 281.4814901613278
620.0048193674556 1.7582782280750322 0.8791391140377819 1.7582782280750318 0.8791391140376925 3.6247834267886216 1.7582782280749147 1.7582782280750333 1.9658148206669357 0.8791391140374878 1.9658148206667165 0.8791391140374889 0.8791391140377367 0.8791391140375407 1.7582782280750158 1.7582782280750398 0.8791391140375966 0.8791391140375171 1.7582782280750446 3.6247834267885946 0.8791391140372943 1.7582782280750426 1.7582782280747646 1.7582782280750309 1.7582782280750606 1.9658148206668444 0.8791391140373176 0.8791391140375097 1.7582782280748397 1.7582782280750275 3.6247834267886225 0.0 1.7582782280750053 1.9658148206668153 0.8791391140377799 0.0 3.6247834267887193 0.8791391140374746 1.9658148206668173 1.9658148206668098 0.8791391140375615 2.4865809165690314 1.7582782280752005 0.8791391140375591 1.9658148206665835 0.8791391140375227 0.8791391140376439 0.8791391140374755 0.8791391140374442 1.7582782280750484 0.8791391140376743 3.6247834267886025 1.7582782280749716 0.8791391140375144 0.8791391140375368 0.8791391140375148 0.8791391140372666 3.6247834267886105 1.7582782280750338 1.965814820666785 1.758278228074875 0.879139114037517 1.9658148206670698 3.624783426788597 0.879139114037475 0.8791391140375369 1.7582782280751088 1.7582782280750326 0.8791391140376401 1.7582782280750326 0.0 0.0 1.7582782280751146 1.7582782280750058 0.8791391140374943 1.7582782280750178 1.758278228074862 1.758278228075006 1.758278228075177 1.758278228075044 1.758278228074789 0.8791391140375253 0.879139114037745 1.9658148206668424 0.8791391140372968 3.6247834267885914 1.7582782280751317 1.9658148206668224 1.7582782280749252 0.0 5.274834684225322 0.8791391140375358 0.8791391140376944 0.8791391140375588 1.7582782280747165 2.4865809165690465 3.6247834267884844 3.624783426788605 1.7582782280749558 1.7582782280750322 1.7582782280751588 3.6247834267885883 0.8791391140375898 1.7582782280750422 0.8791391140374911 1.7582782280750067 3.6247834267887784 1.758278228075036 3.6247834267886883 1.7582782280750338 0.8791391140373948 1.758278228074994 1.7582782280751 1.9658148206668054 0.879139114037297 1.758278228075059 1.9658148206669097 0.8791391140375593 0.8791391140378655 1.7582782280750244 0.8791391140375073 2.4865809165690256 1.7582782280749694 3.6247834267886025 0.0 1.7582782280750169 1.7582782280749447 1.9658148206667874 2.780081980501179 0.8791391140375249 1.758278228075283 1.9658148206668293 1.7582782280748475 3.6247834267885772 1.758278228074871 0.8791391140375411 1.7582782280752385 1.9658148206668513 1.9658148206668393 2.4865809165690385 1.9658148206667279 37.662779830392104 -199.52142262559397 -1053.9166236923477 243.05914370901857 -83.86859977575858 -111.9638177177317 -1069.2806841970314 269.3443199929522 -25.365898708957605 -150.35670218315005 -1077.0344795395777 283.60770413512057 -33.81762918233125 -149.87361125437633 -1081.6940262231083 288.2038926667162 40.68212016204817 -192.82589656809884 -1075.2976608298754 290.0404906882406 44.205040266847405 -199.19378352710208 -1039.4457097922623 251.57477594786224 8.850667054783399 -177.55738368842316 -1063.5713339712909 261.31345071754777 -28.070625107518534 -154.88401589500526 -1046.348757331428 260.9991697316345 -43.713274456860624 -143.00431033714486 -1033.6408929418985 257.3946248720147 14.552959719469667 -187.7511769325006 -1062.9097318215165 286.6914972348396 -0.35848245883991936 -162.02126053175664 -1025.197400559866 275.8743667980825 -35.4356293726518 -145.4003764255642 -1064.0546789196173 252.31444939170373 26.15684665835001 -193.89089682464186 -1049.0930475801047 234.34525872291243 29.811724215239746 -185.07563216765624 -1066.433016103274 238.70800070796977 14.68539867293175 -168.7937939702661 -1032.4045552906243 240.13809272510463 62.665433609291455 -213.54562011410962 -1067.1444889859831 278.36462626201495 -27.590454491235896 -141.85397620881702 -1037.2278970517723 274.15271359339266 -22.95558768254855 -161.75610894924608 -1055.2722254704763 262.690234996627 -39.777724999458485 -135.85219781716867 -1036.735070542531 242.12548369772657 -39.519817786419765 -152.06206264362473 -1076.4291151517787 257.46394836852136 -63.85378020261382 -132.68003882650112 -1041.325277331549 244.11398149178234 -53.04719121342423 -137.29079486603464 -1030.161716923358 289.3254425221402 11.042818861659018 -182.64694916149236 -1089.4887186923604 265.25073984553103 -54.00419091422632 -128.31407859577948 -1043.2025250918252 269.5399466702508 21.849600331504913 -189.09828358054412 -1060.7297168787143 233.76659554525338 -16.26281427553776 -164.28555770750697 -1037.6052296040266 234.8357024876599 34.04050425014461 -194.71426575134598 -1082.8646440203572 281.36381253877977 8.587882572261218 -164.94499135232562 -1098.3586586499864 263.798953223355 -29.093422674315814 -145.47386152580748 -1035.917255138085 268.60358381556165 -20.413186273734727 -166.44429179611564 -1056.9264038044635 279.6286769097829 27.743026857105338 -179.40888232072717 -1046.7138440645988 289.2050387430112 -84.43670362500333 -106.88565978534155 -1039.6415535248268 278.9357337979483 5.475398284420595 -172.6466960093997 -1030.3252289476218 272.8638114244203 54.39076266982418 -208.34646923141736 -1087.6736111149314 253.5402303437611 -7.703435203764507 -160.55661792840652 -1088.1335273966954 280.80767476381584 -33.80713884958028 -156.95226677907735 -1090.4365700389906 274.3461816390601 20.624928287279523 -183.73078222570848 -1045.8051068962739 250.1036775263699 -20.158611717475225 -155.05926771245302 -1049.037657861602 265.08587948241836 -49.58917210039822 -133.3851487254809 -1033.5862653989418 250.07209197839845 -13.430800906637495 -150.06692427056228 -1051.8615494089793 256.59339987605523 1.0099410452541315 -167.13447306377066 -1076.8781107720047 269.9806792982426 -13.647252046904011 -169.46039205429057 -1068.6648655787117 254.05768175076994 63.73900712760071 -209.25333523215323 -1037.172716312542 261.44881183276203 -6.615116153680663 -174.6954616505052 -1058.3172718305286 255.9873306507915 -45.79550305284042 -137.6553909389201 -1027.7873607993988 262.8331580235043 -64.4367477544486 -121.82283402265651 -1073.5746705533793 278.26926534090916 30.282716782823584 -189.57347464621373 -1036.2974812793393 285.21714878795814 51.245474258325594 -198.23699292260355 -1029.2999458124398 279.9053945283421 -30.03457218514256 -161.8734555190274 -1045.9143199924258 229.79943138595564 0.9654270861561969 -175.48056440639098 -1041.8424397766803 227.16878313917326 52.311212355259826 -203.29209462646483 -1050.9474100473865 282.32593111041814 -60.02336108640699 -137.16028273937007 -1054.680913704274 272.4452520384716 -9.486120756018272 -155.59627065511103 -1065.8282733562316 294.6561122606749 -8.713710418445622 -164.89852909015363 -1081.8220965186715 255.79641309562018 -61.83701264092388 -127.42908918941062 -1078.9130285171498 247.44397145431424 16.053391159600498 -179.2555554447033 -1067.2626012773146 287.60553532531105 -50.7493974648897 -142.6642228077002 -1083.1448293469741 272.42872682276146 -41.34027107416703 -147.8660112545854 -1029.0748376705758 267.90862833644013 -6.265320394310225 -170.5422427913176 -1074.411007269766 244.14696326913247 -69.18081593995468 -117.00405658093155 -1063.682040578276 274.4422899840337 4.085629045193151 -180.49144068642715 -1084.114214626113 265.8786861677785 -77.5721869123429 -111.26811576101612 -1075.7077390275722 264.9968528721531 -56.88868513439787 -132.85408327682862 -1057.0485941287543 249.67995090384608 -72.43646488665372 -120.91489967772856 -1077.1461725248807 294.57304398891387 15.047804311351179 -174.58933597937556 -1061.0676593433705 268.36579270610866 -77.0050694878512 -116.13825020448718 -1042.2212871629763 236.4253878369172 -16.208168355433497 -159.56209380193624 -1033.9050312502325 281.22892319209575 -57.241475355537766 -123.421029211765 -1048.3146976408498 274.52900759026596 46.020858222319184 -204.08753138485756 -1028.2374497517428 256.0036668192064 -46.563062355340584 -149.60940557197165 -1024.8437643263426 285.5413776025756
630.0048193674556 1.9658148206668273 1.7582782280750433 1.9658148206668329 1.7582782280749396 2.4865809165690056 0.8791391140375692 2.486580916569071 0.8791391140375306 0.8791391140375363 1.7582782280750209 0.8791391140374769 3.6247834267885617 2.4865809165689967 0.8791391140372066 1.7582782280750406 0.8791391140375137 1.9658148206668418 0.8791391140371866 1.9658148206668118 0.8791391140372623 0.8791391140375563 3.6247834267885377 0.8791391140375443 1.758278228075146 1.7582782280750449 1.7582782280752325 1.758278228075022 1.7582782280750333 1.7582782280750342 3.624783426788681 3.516556456150057 0.8791391140376149 0.0 1.7582782280751714 0.87913911403752 0.8791391140372887 1.7582782280750047 1.7582782280752813 1.9658148206668493 1.758278228075227 2.486580916569025 1.7582782280749107 0.8791391140375121 1.7582782280751732 1.9658148206668078 1.758278228074837 1.7582782280750389 1.7582782280750746 1.7582782280750406 1.7582782280749052 1.9658148206668418 0.8791391140372338 0.8791391140375403 1.7582782280749425 0.8791391140374998 1.7582782280750207 2.486580916569008 1.7582782280749263 0.879139114037478 0.8791391140375099 1.7582782280750497 1.965814820666564 2.4865809165690345 1.758278228074948 1.7582782280750258 1.9658148206667985 1.9658148206668105 1.7582782280750346 0.8791391140375021 1.7582782280747027 1.7582782280750269 1.758278228074895 1.7582782280750051 0.8791391140373567 1.965814820666804 0.8791391140378362 0.8791391140375615 0.8791391140373325 0.8791391140374852 0.8791391140372565 1.7582782280750127 1.7582782280751825 2.486580916569043 1.7582782280751328 0.8791391140375308 0.879139114037371 3.6247834267886083 0.8791391140378199 1.7582782280750524 1.9658148206668848 1.7582782280750473 1.7582782280750093 0.8791391140375543 1.9658148206671178 2.486580916569037 1.7582782280748477 1.7582782280750653 1.7582782280747329 0.8791391140375373 1.7582782280751823 1.758278228075048 1.7582782280748368 1.965814820666776 1.7582782280751499 1.758278228075017 0.0 1.7582782280750258 0.8791391140372952 1.7582782280750353 1.7582782280748157 1.7582782280750149 1.7582782280749485 2.48658091656902 1.75827822807492 1.7582782280750113 3.6247834267884955 1.7582782280750169 0.8791391140374464 1.7582782280750022 0.8791391140373169 1.758278228075046 0.8791391140378709 2.4865809165690504 0.8791391140377574 2.486580916569049 1.7582782280750573 1.7582782280750129 3.6247834267886674 0.8791391140374818 0.8791391140377064 2.486580916569041 0.8791391140373366 1.7582782280750147 1.7582782280749736 1.7582782280750215 1.7582782280751812 1.7582782280750286 0.0 1.9658148206667914 1.7582782280749842 35.25268384325007 -197.78107068366376 -1053.6146500230293 245.22190729530882 -87.91388670019685 -108.48788087740486 -1068.2442647403984 270.40852848695147 -29.14551871944127 -148.05813232652733 -1074.8842504926047 286.27510575771987 -36.27143647127621 -148.19731738333232 -1079.8556903879924 288.71088231498186 37.507926674684924 -191.52843262085662 -1072.3006859026375 293.9067295715811 41.032985018569974 -196.79777158865878 -1037.6866074154111 254.51910450375382 4.885756547870893 -175.65755076147119 -1062.7833421498067 263.7363678377836 -30.418574285915856 -152.9833507500923 -1044.7484217092438 262.85904259379134 -47.05558621284195 -140.92206078046846 -1032.0380830948723 259.2541110489577 10.704138305443768 -185.61436209522287 -1059.86416910761 289.3265004088028 -3.1093633456724072 -160.9853153777194 -1022.9698880403029 280.2825151002498 -39.52634226269565 -143.77422897361717 -1062.0385729191948 255.66890882019894 23.85082566739359 -191.94412467729407 -1047.0311477338307 236.48457925108957 26.079363318794314 -182.7029902374848 -1064.3833374674116 240.85845277386525 11.375480337927252 -166.65862010162945 -1029.743736267254 244.83117707652914 59.837681827566925 -210.47888826796958 -1066.030261442822 279.9698407153433 -31.402525069206764 -138.46624054736077 -1034.855394170775 276.6613707701118 -26.156536390340232 -160.5288262712719 -1053.396489074791 264.95621832860303 -41.891863338488776 -134.60561017456232 -1035.0641476880446 244.53509442204466 -43.16878920013454 -150.6424286407859 -1074.4424107434245 259.0660452796119 -67.64180291515055 -130.39714604299022 -1039.0987286791594 247.32596452898747 -56.25420878750004 -136.08084934068071 -1027.4372888782061 289.7847133268303 6.959503693701847 -179.8679538212264 -1088.166039581419 268.48539649491966 -58.20057078307336 -126.91738852784702 -1042.313283287753 272.4971600039818 18.00730479065366 -186.95167674317935 -1059.413510650603 237.0057270361663 -19.593540238716685 -162.1837400446095 -1037.0231989847969 237.40163075044467 31.08272421283815 -192.98616901435813 -1080.548157921283 282.13660395471226 4.729569156555413 -162.82948230601872 -1097.6635073249543 265.6901502947738 -31.135346343082322 -142.91133374620793 -1034.7082252962127 270.7392832934292 -23.06680990090788 -165.19764239545702 -1055.4044546776965 280.94682412048434 25.654873123253243 -178.12031978619333 -1043.8737052523902 288.9886614461909 -87.65250425411985 -104.06054693951059 -1039.39285639296 280.5540032438282 2.160937619896517 -170.52303365385228 -1028.815130877428 278.3780120408336 52.09995685429687 -206.38174811621698 -1086.0989850904366 255.42287082282593 -10.144952564604326 -158.86515754481587 -1086.1453988843064 282.40285629938586 -35.744425074398976 -154.16729506397726 -1088.9257423547647 275.6822200287255 16.125671285236674 -181.81541747602685 -1044.0525393242533 253.04991265967226 -24.481347856893453 -152.77179025560483 -1048.0373475765173 267.3664615871569 -51.841086267324464 -131.27065101866634 -1032.7459280239088 251.27303049490752 -16.08571861280627 -148.82303200336207 -1051.2256124373603 257.9369497961411 -0.5441959925046562 -165.85676982126427 -1075.5416814980167 273.21080234418787 -16.50565620165916 -168.65484558763367 -1066.7308487906569 256.8763828295126 58.61826953246824 -205.30357282642748 -1035.4056126436562 264.3861848553744 -9.137461384380911 -174.3127756245671 -1056.849237036012 258.53550819878444 -48.79776069293836 -136.00128958853418 -1026.368224877919 267.8099727310414 -67.09849322794255 -120.5969478107596 -1072.3821683944095 280.41100746351293 27.32123960855616 -187.84990584172812 -1033.555413214953 288.66089334845867 47.639141527324774 -195.6172102821649 -1026.5068300055352 285.11007300940537 -33.13484602973195 -160.42936323919676 -1044.8096010365898 231.4135921021353 -2.350732510635305 -173.35612009801255 -1039.8392325439759 230.53324867587077 50.23697433457948 -200.89250109293707 -1049.821134313665 283.92126775248994 -63.674041880504966 -135.7464595611138 -1053.9583485443754 274.3252946663804 -12.47559505205836 -153.9205291401216 -1062.8244392014326 295.52464984655967 -10.375853347160845 -163.84444480914703 -1080.1697027745122 258.21902269527993 -65.7098608920075 -125.91402554485919 -1077.2649128477135 249.8677815536652 11.536142472135223 -176.2586737772599 -1065.7433318235762 288.92723419753366 -53.751356227510804 -141.0101324650854 -1082.2860856098478 275.39441613081374 -43.897029928028964 -146.4138664999818 -1027.1678286285473 273.14008164778863 -9.355984004943366 -169.07887646008462 -1074.469078513714 245.36661655242872 -71.43396734298648 -114.89097626101481 -1063.0436199104233 275.78382972382957 0.7720946231137127 -178.36491327017674 -1082.9363531803913 268.02885694085586 -80.8498713880765 -107.87679031554728 -1075.005886296981 266.88679432230725 -60.33468152923393 -130.99653119203086 -1055.058861082896 251.2739891186005 -75.50975111926194 -117.07985347147883 -1074.5453555578208 298.7160244679426 11.62199796470098 -171.577723452543 -1060.352027948842 270.2461233858756 -80.18059305969315 -112.52509347431088 -1040.1341131741976 240.32342492655812 -21.28110127038698 -157.7247846618643 -1032.210241245603 283.6195764419288 -59.93796394623706 -121.10326746297277 -1047.1074121839868 276.66539280487376 42.85106481619773 -201.69150714876045 -1026.6724178545207 259.08045679947577 -50.82534071069803 -146.0252898770875 -1022.036786899287 288.93899478287005
640.0048193674556 3.6247834267885994 0.8791391140375893 1.7582782280750446 0.8791391140375989 1.7582782280750224 0.8791391140376524 1.758278228075008 0.0 1.75827822807504 3.624783426788665 1.9658148206668633 1.7582782280751657 1.7582782280750324 0.8791391140373412 1.7582782280750173 1.7582782280751417 3.6247834267886314 0.8791391140374077 1.96581482066682 0.0 1.7582782280750135 2.7800819805010097 1.7582782280750113 0.8791391140375796 1.965814820666832 1.7582782280747875 2.4865809165690136 0.8791391140378014 1.96581482066682 3.6247834267886545 0.0 3.624783426788645 1.758278228075036 1.7582782280749132 0.8791391140374973 1.7582782280748077 0.879139114037474 3.6247834267888215 0.8791391140374918 1.7582782280748428 1.7582782280750218 0.8791391140375308 1.7582782280750247 5.274834684224927 2.486580916569053 0.8791391140376984 1.9658148206668298 1.7582782280749778 2.7800819805010626 0.8791391140373369 0.8791391140375153 1.758278228075241 0.8791391140374863 1.7582782280749303 0.8791391140375244 1.965814820666456 1.9658148206668153 1.758278228074992 1.7582782280749998 0.8791391140375019 3.6247834267886394 1.7582782280747102 0.6153973798262736 0.8791391140372374 1.9658148206668205 2.4865809165689154 0.8791391140374826 0.8791391140377054 1.7582782280750353 0.8791391140377691 1.9658148206668289 1.758278228074863 0.8791391140374805 0.0 1.758278228075029 3.6247834267887336 0.0 0.0 1.7582782280750187 1.75827822807501 3.6247834267886314 0.8791391140374842 1.758278228075034 0.8791391140375903 0.8791391140375386 0.8791391140378441 1.9658148206668018 0.8791391140378021 3.6247834267885812 1.7582782280751899 3.6247834267886296 0.8791391140374728 1.7582782280750406 1.9658148206670083 2.4865809165690385 1.7582782280751406 0.0 0.879139114037698 0.8791391140375376 1.7582782280752463 3.624783426788617 1.758278228075148 2.4865809165690473 1.7582782280751146 0.8791391140374935 1.7582782280751046 1.7582782280750064 1.7582782280748694 2.4865809165690202 1.7582782280751272 1.9658148206668065 1.7582782280749687 2.4865809165690416 1.7582782280750684 1.7582782280750167 1.9658148206668284 0.8791391140375109 1.7582782280752154 0.8791391140375227 1.7582782280751197 1.7582782280750147 1.9658148206669028 2.4865809165690416 0.8791391140377129 1.758278228075012 0.8791391140374509 3.6247834267886274 3.6247834267885573 0.879139114037526 1.758278228075058 0.8791391140375134 1.7582782280749547 1.7582782280750497 3.6247834267886665 1.7582782280750138 1.7582782280750466 0.8791391140375336 1.96581482066673 1.7582782280750318 0.0 30.313378575172813 -195.6546575314715 -1051.6968955412628 246.26482154494366 -89.62702828862977 -106.35477225289519 -1066.8812001318402 273.62911077838186 -32.281612463014675 -145.53049829988709 -1071.8384126512422 288.9086362016106 -38.82978610173063 -146.74708835772725 -1078.3701007735 291.248422045772 34.20582292179729 -189.3808604437804 -1070.0123460332493 295.8785913583793 37.081848394905506 -194.87277012507616 -1037.0772793303108 257.07886959019214 2.3153163105684644 -173.09229958782976 -1060.620217301496 266.3958494284797 -32.87288039221929 -151.30976769383537 -1042.974783095839 265.79153536610085 -50.6385297014632 -138.1946848475668 -1031.8235378484787 262.0949599793623 8.351352198829638 -182.60379907169795 -1058.9348234517001 291.0624036810603 -5.658589276837994 -159.52125280949235 -1022.7232691842461 284.00190852314915 -41.982454883654725 -142.1032032265262 -1060.43768957652 257.5307804759507 19.448228641715772 -189.82807039084292 -1045.2778701073375 239.4287338477034 23.859086170073343 -180.55426833240705 -1063.4259653565898 241.38398892599216 9.714953390648748 -165.60538228906552 -1027.1325321720833 248.96673187953934 54.37420436008385 -208.313474393445 -1063.2980410367427 283.4237098090776 -34.06247154954647 -137.23772703415773 -1034.0394451647653 279.0768117195751 -30.04189732051262 -158.45860583444684 -1050.5018281570087 269.48904756929744 -43.870368027285394 -134.23100362668782 -1032.6191629162004 247.59369012800866 -46.00035562868313 -147.45370383352716 -1072.2894653678616 261.7342320571264 -70.47586895863881 -127.20999979022233 -1037.8962002218886 249.4654844226815 -60.72509100602534 -132.94580192346865 -1024.2385341956422 294.7018339291265 5.377640692305561 -177.49869358551683 -1086.5752388306405 270.353205578967 -60.897209264500276 -124.59979892242453 -1039.8223505934125 274.32410765430416 16.235576211083163 -185.56418700979822 -1057.9769042679973 237.7933853449432 -22.251145538712745 -160.94830522981815 -1034.1024395519382 240.72411478994212 27.23217060089676 -190.85214486667797 -1077.144612598895 285.7149163547915 2.417311612966433 -162.01158106310942 -1093.2793326595247 268.5955499452932 -35.56901508143022 -140.86283993732087 -1031.8508452918857 273.50280937967216 -26.301814309074427 -162.88549094743587 -1053.9134677632526 283.48089256864176 23.098064493146552 -175.5424854478781 -1040.2697364896744 289.4241333308071 -90.25917242934952 -101.9022493962433 -1037.6966529158474 282.9438280477036 0.2643464870068538 -168.82062004793252 -1027.9981092054197 280.79312442854086 48.366117426388286 -203.45802665849268 -1083.9545049883113 258.0980806106681 -13.27365513716045 -156.32774927008998 -1082.9454154363257 283.1433888290652 -39.42743630857365 -151.6582877042731 -1087.6100638636244 277.14457939687554 14.026399112865606 -180.54291037664797 -1042.2487399746606 254.76675057575295 -26.388681798328957 -151.08127374305698 -1044.8192011824535 271.07324372594053 -56.174874900474165 -129.00513076350896 -1031.2933262038669 255.02947415871878 -19.764670994956933 -146.307571521341 -1048.9797183696173 261.1329653562544 -4.419007685540724 -163.76943855039713 -1075.3032730868836 274.83179578330737 -19.295690757639175 -166.548053025074 -1064.8561207298906 259.1408324789638 54.67532887351733 -202.25922208779633 -1035.074126806953 266.5454415035147 -12.600713479964258 -171.34435724481278 -1054.045166574021 262.53570384649925 -53.37066808562196 -133.0876288515405 -1027.7946758248588 270.0196658423172 -70.34136247720157 -118.29746470048818 -1071.178406191912 282.5491463698847 22.68999918745366 -185.0810196789335 -1029.8460076137223 292.61546386288927 43.24778339298514 -193.4695444359471 -1024.924189564713 288.17961389434845 -37.021195218620264 -158.36106321573118 -1043.4180454745533 233.4169071925703 -6.22496647274548 -171.26719090321387 -1038.566186902265 233.21426188557678 46.39388122509328 -198.73790277258604 -1048.1264908063363 286.3116782798613 -67.12069729625506 -133.8899669073896 -1052.514103529328 275.0991356975793 -15.606010824553158 -151.38622382150584 -1058.8547263960977 296.90059082317 -14.388523451339237 -160.89397143589014 -1078.1763747319023 259.80886280898085 -69.53361441405048 -122.540259638737 -1074.7934040570078 251.72301217504767 9.770810231476526 -175.42242157708833 -1064.6165482390552 290.523233723621 -57.33474559364042 -138.2833152819974 -1080.7647576943168 276.71631873773435 -48.80973639870751 -143.07216217362227 -1025.2205096691623 277.14855123195713 -10.8435682189178 -166.49585584083545 -1072.4802010730536 246.96167309377827 -73.1413777204745 -112.76092763905356 -1060.5108529357653 279.37859805038465 -1.9035967574948318 -176.0216516562673 -1080.302247652435 270.955976412686 -83.24345915020172 -104.89604602164235 -1073.4092487666314 268.75045644061146 -63.37274878577612 -128.25286585558771 -1054.5005930385546 252.0739837949103 -78.30918482180016 -114.98669982122446 -1071.7738098506964 300.94468064463484 10.740047892041213 -171.16029582994244 -1059.1830776108898 273.602601425371 -82.67443538105819 -109.76438026968542 -1038.093503881674 243.6643698736148 -24.3815976525513 -156.28463068231565 -1030.9109496044643 286.29114629273613 -63.14558159964681 -119.89510882161305 -1045.0151402654835 278.7744066026489 41.20499771101719 -200.61376332785963 -1026.3750435855052 262.4604804876034 -53.043026196127315 -145.00287098478574 -1019.6284974921545 291.48138285705124
650.0048193674556 1.965814820666848 1.758278228074848 3.624783426788609 0.8791391140375614 0.8791391140374663 0.8791391140372271 0.8791391140375473 0.8791391140377346 3.6247834267886083 1.7582782280750147 0.8791391140375613 2.486580916569081 1.7582782280750267 1.7582782280749678 1.758278228075042 1.7582782280752787 2.4865809165689914 0.87913911403718 3.6247834267885937 1.758278228075025 1.7582782280750413 3.624783426788649 0.8791391140374982 0.8791391140376444 0.0 0.879139114037328 0.879139114037477 0.8791391140373025 3.6247834267886074 1.9658148206668948 3.5165564561500444 0.8791391140372157 1.758278228074981 0.8791391140375329 2.48658091656906 1.7582782280752793 1.758278228075037 1.7582782280751208 1.7582782280750284 1.7582782280752465 1.758278228075026 1.7582782280748552 1.7582782280750042 5.274834684225164 0.8791391140375466 0.8791391140374902 2.4865809165690385 0.8791391140372549 3.6247834267886017 1.7582782280750484 0.8791391140375292 0.8791391140376582 0.8791391140375098 0.8791391140377541 3.6247834267886283 1.758278228074736 1.9658148206668278 1.7582782280749352 1.9658148206668173 1.7582782280753284 0.8791391140375593 1.9658148206671298 1.2307947596525277 0.8791391140376942 0.8791391140375527 1.9658148206667299 5.274834684225071 1.758278228074723 5.274834684225103 1.7582782280748945 0.8791391140374664 1.7582782280747662 1.9658148206668364 1.7582782280749685 1.7582782280750533 1.7582782280750051 1.7582782280750182 1.7582782280749525 1.758278228075033 1.7582782280749392 0.8791391140375455 1.7582782280748697 1.7582782280750382 0.8791391140371848 1.965814820666808 1.7582782280748397 1.9658148206668165 1.7582782280749731 3.6247834267886185 1.965814820666764 0.8791391140375233 0.8791391140377901 1.7582782280750209 1.9658148206669817 3.624783426788605 1.7582782280752105 1.9658148206668038 1.7582782280751896 1.758278228075029 1.758278228075109 2.4865809165690878 0.8791391140375093 1.965814820666844 1.7582782280749862 0.8791391140375044 1.7582782280751315 1.9658148206668233 0.8791391140377888 3.6247834267885835 1.758278228075006 1.9658148206668458 0.8791391140377098 1.9658148206668633 0.8791391140374715 1.7582782280750238 1.965814820666896 0.8791391140374838 0.8791391140377496 0.8791391140375225 0.879139114037872 2.486580916569041 0.8791391140372333 1.965814820666802 1.7582782280752038 0.0 0.8791391140376066 1.9658148206668333 1.9658148206669217 2.4865809165690074 0.8791391140375543 1.7582782280750355 0.879139114037558 1.7582782280750255 3.6247834267887695 1.7582782280750269 1.7582782280750806 1.9658148206667965 3.6247834267885293 1.7582782280750588 3.6247834267886545 27.54281428247172 -193.52198853262416 -1050.1716034331696 247.581355079376 -93.4766129168663 -104.18154124687373 -1066.0708285382743 276.0469398628792 -34.055670767082326 -144.712510633339 -1069.2655589751944 291.2767317854004 -41.18495224083683 -144.85528211790532 -1076.527252713849 291.7392538731568 31.01385345129216 -188.13050768009836 -1067.0397037576552 297.9624213876769 34.98271960430442 -193.59759864786372 -1035.1841990660444 259.329616703825 -2.036358957579828 -169.71305853501903 -1058.5299704691095 268.5076551460407 -35.329188315542375 -149.63914278109158 -1041.1965575004929 268.72169111555843 -53.338118190579316 -135.87977329678333 -1029.761445124262 265.4230344726285 3.8003964978107936 -179.65797862554672 -1056.6412581554282 293.0280663993214 -10.697358531688227 -155.29695410307892 -1019.8924726642563 287.9819716343078 -46.07723402092946 -140.4868114453455 -1059.1488158666198 260.2090429647983 17.3448281015206 -188.56150024140427 -1043.6721557834137 241.28577336446764 21.756799440990722 -179.28820197131535 -1062.2260282086602 243.5240793611314 5.290003527538539 -163.53707729212252 -1025.106664333071 253.5166354921853 49.96098720004383 -203.99559421670665 -1063.4478821445812 285.32539358882553 -37.61053335564593 -135.60235487648637 -1031.094541544049 282.3765110609623 -33.72590179720321 -155.95103703328766 -1048.2427392467862 272.67741847878676 -46.73658365103579 -133.45045266049098 -1030.5628678733653 250.92477638953795 -48.25415961397787 -145.34125713617578 -1070.9284945207132 261.97199342902087 -74.38010087236853 -125.16848388712269 -1035.6416278470053 252.65665398558912 -63.52933047352805 -130.85862883567148 -1020.4734902029649 300.4148792438841 1.1617676973349436 -174.9862127673229 -1085.2900568438324 273.03122518359277 -64.14695500708956 -122.30566109279707 -1036.6483014852154 276.26332100625916 12.466722900650963 -183.24942275705425 -1056.4552671748243 239.1133419892055 -24.672517478125027 -160.36687178748244 -1032.7298163663395 243.93968047833457 24.017851679311697 -188.5115111857314 -1074.5389592965969 286.8642157918494 -0.06322409669602669 -159.24024862896917 -1091.678359910605 270.4555412258587 -38.23046752778016 -139.63711484886872 -1030.0695567505234 276.43117599078573 -31.179044652781062 -160.63153809984283 -1052.699635113788 285.6143721656512 20.44773215299259 -174.29142965193307 -1036.4973299890223 290.93686210183245 -94.32021465753071 -98.44016527758532 -1035.6846351437746 284.5097850548697 -3.9852812460615663 -165.22230525787845 -1025.3139805146934 286.6752678446478 43.06556811264442 -199.2737870757295 -1082.07440447531 260.3589987624622 -18.457003757439253 -154.73558873576314 -1079.8940228857086 285.77224371911984 -41.44072737710303 -150.19226320130124 -1085.5246436916318 279.2602007955798 9.813505891460698 -178.02300228193974 -1041.518927234031 256.6438653777806 -28.742554635338998 -149.18884171391716 -1042.2754557924034 274.6580740270978 -59.42290591056052 -126.71236975143783 -1030.4790440840109 257.4454518203258 -22.970618995477285 -145.0953395369451 -1047.6855388495421 263.80750333277723 -8.127206930027732 -160.1601371972012 -1073.1330371744966 277.4852235429668 -22.295519851580885 -164.8904717989609 -1063.5684626454413 261.81908802041136 50.26487217607514 -199.03837147366136 -1033.4609232887342 268.39513799178854 -15.631498675868091 -168.5904220260701 -1052.3540589892941 264.9281360334567 -56.07362498989307 -130.7761294099006 -1027.0923907808376 273.1154680299485 -73.94746668061553 -115.5952032747445 -1070.0510190361765 284.14392032426275 19.262584147922436 -183.18998799586126 -1026.4181297163097 296.1707719221446 39.03918506759429 -189.82148069589647 -1022.1241043072578 293.3802515457346 -40.80846546892134 -156.07660755102853 -1042.8941440348299 235.43788428473258 -8.912902213304946 -168.9388703754492 -1037.280097437896 235.89339000999487 42.40139978855758 -194.64368072405838 -1047.3093247373054 288.72693306743497 -70.16651876212562 -131.1548808632053 -1051.2175573857241 277.77249480840044 -18.265489263282912 -150.15560772058797 -1055.5962115808202 299.37826885421345 -18.03678140289676 -159.47388054438122 -1076.9727220532875 261.9486999851208 -72.10438190128046 -121.10913680235365 -1072.2322177438275 254.1030545450833 8.079020866273982 -173.28026730943674 -1062.9226464588262 292.91407913923666 -60.68325924414654 -136.21108850625282 -1079.6399166194353 278.31353839507454 -53.58899303199553 -140.6056992454746 -1024.8316394786655 281.06687502173975 -13.430952077122786 -163.94929207377277 -1070.4825081034212 248.5444741118433 -76.1662731048728 -111.14859353862172 -1060.1788810782607 281.53748894411996 -5.9904379222775805 -174.3861211285005 -1079.4587488152001 272.15460799628465 -87.53350826899172 -102.49726579000105 -1072.7652129628725 270.08970183586666 -67.81509792716207 -126.2235218559391 -1053.2117706311749 254.7519961035011 -82.37928670856792 -112.11387747208721 -1069.082134082746 302.6282254052661 7.071483635026195 -168.6307512687726 -1058.4535905046446 275.47939439031353 -85.6065574228178 -107.9438101087602 -1037.0019915903258 246.48146773242684 -27.382709094431114 -154.6289762174672 -1028.0803080130763 290.27134665768136 -67.18722507564742 -116.98446334092772 -1043.4854569171032 280.0843035786692 37.0154874348303 -198.05646051986108 -1023.8617832271684 267.26504332486365 -58.02651588006828 -142.98020958504486 -1016.712887464647 296.00054110311686
660.0048193674556 0.8791391140374765 0.8791391140376484 2.48658091656905 1.7582782280747657 1.7582782280750204 0.8791391140376787 1.758278228074997 1.9658148206667705 2.4865809165690607 1.758278228075263 0.8791391140374923 0.8791391140371483 0.8791391140374961 0.8791391140374367 0.87913911403747 1.7582782280748355 1.7582782280750315 1.758278228075155 1.7582782280750469 0.8791391140373072 0.8791391140374828 3.6247834267886274 0.8791391140374853 0.8791391140376715 1.9658148206668438 0.8791391140377971 1.7582782280750306 1.7582782280749658 1.7582782280750124 0.0 3.516556456150058 1.7582782280751024 1.7582782280750167 0.879139114037447 1.9658148206668005 0.8791391140374405 0.8791391140375501 1.7582782280750175 1.7582782280750475 1.7582782280751894 1.9658148206668284 0.8791391140373753 2.4865809165690207 0.6153973798263336 0.0 0.8791391140374527 1.758278228075052 2.4865809165690527 3.6247834267886017 0.8791391140371655 0.8791391140375094 1.7582782280752078 1.7582782280750122 0.8791391140377066 0.8791391140375483 0.8791391140372964 1.758278228075011 1.758278228074911 1.965814820666795 1.7582782280751001 1.7582782280750178 1.9658148206668489 1.7582782280750242 0.8791391140374373 1.758278228075026 1.7582782280748868 0.8791391140375368 1.7582782280751235 0.8791391140374862 1.7582782280749274 1.7582782280750546 3.6247834267887002 1.75827822807501 1.7582782280751132 0.8791391140375283 1.7582782280751716 1.7582782280750409 3.6247834267885897 1.7582782280750309 1.758278228074877 1.7582782280750244 0.879139114037295 1.7582782280750124 0.8791391140375674 0.8791391140375352 1.7582782280750977 2.4865809165690496 1.758278228075116 1.7582782280750628 1.7582782280750047 1.965814820666822 0.8791391140373909 0.8791391140375229 3.6247834267885195 0.8791391140375483 2.4865809165691255 3.624783426788605 0.8791391140371975 1.758278228075028 1.7582782280748637 1.7582782280750187 0.8791391140374674 1.7582782280750255 1.7582782280750662 1.7582782280750289 1.965814820666554 3.6247834267885835 1.758278228075042 1.7582782280750044 0.8791391140374979 1.7582782280750222 1.758278228075173 1.7582782280749893 1.7582782280749105 0.8791391140375073 0.8791391140376088 1.7582782280750207 1.7582782280748563 1.9658148206668458 1.7582782280750986 1.7582782280749856 0.8791391140375733 2.4865809165690274 1.758278228074841 0.8791391140375369 0.8791391140372453 1.7582782280750286 1.9658148206670192 1.7582782280750113 3.6247834267888 3.624783426788601 0.8791391140372092 0.879139114037478 1.7582782280750848 0.8791391140375251 0.8791391140372159 3.6247834267886163 1.9658148206667505 1.965814820666796 3.6247834267886545 24.11080000628566 -191.63808588799458 -1048.9604780059851 249.71635094664805 -96.02619599288938 -101.31393626137395 -1064.4590767271752 277.8977631671301 -37.952083766342895 -142.66126739469158 -1066.8883069029364 293.781925110867 -44.94240767146646 -143.67842475563802 -1073.302858316178 295.44024004769267 27.92018454231687 -186.67402536124442 -1063.6977922940307 300.98054262929276 32.09999212808417 -191.69439336414263 -1032.838186396614 263.05502634418383 -5.922452952036295 -167.64341247273248 -1057.2337378803102 271.1810004009088 -37.651466042646156 -148.84170382217923 -1039.1009983604297 270.8276797522901 -56.154823294838785 -133.80856742807208 -1026.617604796999 268.58143746498973 -0.4217585000348546 -177.15579381589083 -1056.4734542863257 294.1072854903023 -12.061412513055526 -153.59041823057615 -1017.4858820278574 291.3647473326234 -48.88720913677524 -138.4016171454199 -1058.4180271919954 262.0854757455452 13.805782943601983 -186.90590277248324 -1042.4612349654576 243.42042155744056 19.988023862826502 -178.46064677001036 -1061.3356390443187 246.48161855390222 2.9403457157576653 -161.63858898819132 -1024.1227468361162 257.01073662863655 46.43540803280658 -202.31609985581508 -1061.7517518658278 287.71504527582516 -42.15396534799147 -133.79509087177203 -1027.7815197853258 286.6129125246736 -36.832630367087916 -154.52469481748253 -1047.5098453657668 274.5531844670491 -50.051568010284115 -132.4817486509875 -1029.7211906232433 254.21993756328155 -52.013350633648855 -144.17041553852974 -1068.6731184007178 265.1619599587779 -77.70757748905784 -122.392701388709 -1033.862951735047 255.58636603043436 -66.80530184204153 -128.60301784691814 -1017.9504373505378 303.8346800448324 -1.9707197759453985 -172.45456664947795 -1083.3993946338455 275.2826541460831 -67.96480113897185 -120.08350500137922 -1036.0822165069887 277.05936164816285 8.719119384565268 -182.04174690095945 -1055.0116348006095 239.8889948768966 -29.44960072077596 -157.89869162870704 -1031.350057728588 247.1518049357543 20.583302017749812 -186.63169699531178 -1072.1628922759153 289.3705928586026 -3.8465013989941035 -156.95009888759046 -1089.308320612259 272.9675324710204 -40.896080771304234 -138.42179765451456 -1028.318100128101 280.5795264897083 -35.27499407891925 -159.01778247155997 -1051.4844107371005 287.7464537671923 16.907420688732582 -172.63804978917153 -1033.8036956158828 292.6170213683206 -97.2362464948021 -97.16566580873673 -1033.6722077871038 286.07518098005573 -7.326007697485476 -163.13798034295513 -1022.6818328054331 290.7966690689412 40.08111964724102 -197.58729076947392 -1079.504763526259 262.73026101874575 -20.128482585180926 -153.69654254858006 -1077.9417463440784 287.68110485130416 -45.541061028097616 -148.58591520021778 -1083.549465701364 282.05121157974224 6.27067305089819 -176.37470011144023 -1040.7866415425553 258.5195865018035 -32.2946307630078 -147.55852795186846 -1041.457771678775 277.072888724269 -63.33394749858743 -124.69695917380558 -1027.650565236165 261.42752701977565 -25.77096107263263 -143.00199448393155 -1046.3042025800507 267.0195559889412 -12.561049377830782 -158.11172728619843 -1072.568942221447 278.282057061587 -25.741093745258066 -163.03315130915897 -1063.7186008941294 263.71979804427025 47.41205611887548 -198.21660427844805 -1030.9980393631033 271.43835707140533 -19.9291589002293 -167.41227731321788 -1051.056609718363 267.6007971455755 -58.74783834619151 -129.57910614938402 -1025.2258627380331 276.58261478328757 -78.18342128900584 -114.31106870550397 -1068.3558344492499 286.5339623825344 15.722252908797264 -181.53449826651914 -1024.5817287171328 300.8583023963892 37.355271164708405 -187.67207635999884 -1020.1728582817694 297.38669022715817 -44.05701961815301 -153.78467718840415 -1042.048823131035 236.63446093890863 -13.313125396823601 -167.98110275946505 -1036.3359272128384 240.60981251835116 40.84604289343034 -193.3648363014861 -1045.1289784180185 291.37175238231697 -73.84056219028396 -127.38975680964651 -1049.4367777901987 280.70121181839403 -21.610217839143754 -148.07708272630725 -1052.0226636686016 301.032182159714 -22.574765332001828 -157.65115467532618 -1074.520068996832 265.00037384721946 -74.83861156821892 -119.12985890320974 -1070.542438069267 256.497937235975 5.2879796523159595 -171.17452103981012 -1060.8276353268282 295.02038278395366 -62.66151292501584 -133.45457614209076 -1077.7800844140754 281.78451983698034 -57.04896482051844 -138.7722892139243 -1022.8499491109427 283.8528414921402 -17.183555361399012 -162.75472779289964 -1069.27486290318 250.68198655731828 -79.40887916547184 -110.03697972680713 -1059.529627972192 282.87364254080984 -7.660335110023411 -173.34285799493057 -1079.2106271439166 273.7738235611875 -89.79259645566208 -100.25477250901386 -1072.0351780908052 271.965648647286 -70.0042592789991 -123.92203653075285 -1051.833562354636 257.96528322280443 -86.06637327123227 -109.51261901382465 -1066.0223591755146 305.24734706336073 2.847882869793197 -166.13044586253355 -1057.239152755857 277.61198884641436 -89.11004585246222 -104.91447202081373 -1035.9048591993958 249.29571962473938 -29.2951499997748 -152.9431111716873 -1025.930212192413 294.13628685991347 -69.48552880941928 -114.9096111160428 -1042.1016327450345 283.2953574267648 32.39075506615059 -196.40829410147379 -1020.947488571314 271.784978196141 -62.03353669307636 -141.17070976384608 -1014.0804220921962 300.1217369929518
670.0048193674556 1.758278228075 1.7582782280750506 1.96581482066682 0.8791391140377468 0.8791391140374991 1.7582782280748455 0.8791391140374869 0.0 1.7582782280750466 1.758278228074864 0.8791391140375177 1.758278228074776 0.8791391140375426 1.7582782280752898 1.7582782280750477 0.8791391140375661 0.879139114037495 2.780081980501149 1.7582782280750737 0.8791391140376077 1.7582782280750446 0.0 5.274834684225061 1.7582782280751603 3.6247834267886114 1.7582782280750362 1.7582782280750422 1.7582782280749425 0.8791391140375382 1.7582782280749887 0.0 0.8791391140372902 0.8791391140374705 1.9658148206668553 1.7582782280750047 0.8791391140374654 1.758278228075026 1.965814820666862 1.9658148206667894 1.7582782280751776 1.9658148206668198 0.87913911403754 1.7582782280750247 3.6247834267886545 0.8791391140375078 1.7582782280749858 3.6247834267885795 0.8791391140372593 3.6247834267885963 0.8791391140375826 3.624783426788601 1.9658148206668569 1.9658148206668198 0.8791391140373168 0.8791391140375125 1.7582782280747382 0.8791391140375181 0.879139114037754 0.0 0.879139114037386 0.8791391140375303 1.9658148206667059 1.2307947596525055 0.8791391140373153 0.8791391140374722 1.7582782280749851 1.7582782280750373 0.8791391140377637 1.965814820666822 0.8791391140373952 0.8791391140375108 0.879139114037386 3.6247834267885737 1.7582782280750926 1.758278228075041 1.7582782280752576 3.6247834267886163 1.965814820666741 1.9658148206668205 3.6247834267888455 0.879139114037544 1.7582782280750693 1.7582782280750278 0.8791391140372055 1.7582782280750442 0.8791391140372258 2.486580916569024 0.8791391140374023 3.6247834267885923 2.486580916568979 1.758278228075049 1.9658148206666246 2.4865809165690673 1.9658148206669404 1.7582782280750258 0.8791391140376834 3.6247834267885946 1.7582782280751845 3.6247834267885795 0.879139114037442 0.8791391140375348 0.8791391140374204 1.7582782280750444 1.758278228075218 1.75827822807504 0.0 0.879139114037554 0.8791391140372818 0.8791391140375064 0.8791391140377471 0.8791391140375351 0.879139114037195 1.7582782280750144 1.7582782280752844 1.9658148206668278 1.9658148206668664 3.6247834267885723 1.7582782280748708 1.7582782280750366 3.6247834267884276 1.965814820666825 0.87913911403721 2.486580916569035 1.7582782280751232 0.8791391140374941 0.8791391140374689 0.0 2.486580916568993 0.8791391140375279 1.7582782280750506 1.965814820666827 0.8791391140375103 1.758278228075013 3.6247834267887615 1.7582782280750247 1.7582782280752538 3.6247834267886097 1.7582782280751332 1.7582782280750011 1.9658148206668509 22.619343102181556 -189.05710630546182 -1047.2642771459175 252.10616773139049 -100.05572106275197 -99.53539350954254 -1063.2441429232174 280.03031479647416 -41.71866276768613 -141.5063196497683 -1064.3414322010058 297.36474831959777 -49.7523048464761 -141.27626290770456 -1071.0393810892133 298.62532261087813 24.924127810498145 -185.00930914783444 -1061.63242046817 304.30630136620374 30.403775932571723 -189.55328729370768 -1031.3391050656573 265.58481967122333 -9.06409501788158 -165.12265237095826 -1054.6564430585784 273.5438410717486 -40.67096237372836 -147.2173199127995 -1037.4867733057504 272.67639706946983 -61.37564617893701 -132.3476656321508 -1026.0556736236601 271.4782162114064 -4.4117631261596 -175.31415715888969 -1053.8112000452504 297.0086031534801 -15.067375763034473 -151.94368547141815 -1015.7028886842509 294.29208421189776 -52.39568819944383 -136.06745110224458 -1056.3231252082508 264.19220548644313 10.435811443362917 -183.72815406863833 -1040.199696017131 246.60692984415854 17.329759201537787 -177.22708813019645 -1060.4391178792373 249.43788466930627 0.6220904455137016 -160.8375183324728 -1022.6238039236546 259.54073002870945 44.12214883590738 -201.49458011626174 -1060.6199427670686 289.30750165051353 -47.3167971505097 -130.9646846601934 -1025.9985898560733 289.5402898574404 -40.834912474910965 -152.71544854680684 -1045.8119172634033 276.94159195729253 -55.96616963581015 -130.16010771637167 -1027.8245159376927 256.46723231256624 -56.0329489253534 -142.39622355377765 -1065.9308433750946 268.6058036847618 -82.7412176817471 -121.12881810591702 -1032.6477191662314 257.71847065052594 -69.49820356232551 -127.46036320243299 -1015.0891164953146 307.01380788898257 -4.01837483599463 -169.8966985432742 -1081.3380680270955 278.61082992127984 -71.82659048897142 -117.93781337214175 -1033.8175360745336 280.2433623219448 4.593650223316873 -179.3264240499395 -1053.0347573115262 242.67870167808292 -33.249529369209526 -155.64028911703767 -1029.3701866515707 249.93929011700172 17.451927038252553 -184.0997539434324 -1069.33400495306 293.3520717068771 -6.509674680664555 -155.72601460201363 -1087.0168228034777 274.93471649218753 -45.257022048263885 -136.2112734497678 -1027.7518701259226 281.3754925805477 -38.48609172095208 -157.83210751004717 -1049.8701779439914 289.59520342902385 14.248598602475786 -171.40583823440124 -1030.6585443835968 295.774064680351 -101.47858533868794 -94.98329793840853 -1031.2923672923896 288.5778914421434 -10.467603274115351 -160.61741735705127 -1021.0671712931411 292.64495487655864 36.101177086726345 -195.71975573180637 -1079.7373169155 264.09274090023024 -23.621836182910762 -150.76240575218597 -1074.741222964513 290.49979901784747 -47.517647255993495 -145.82860185570323 -1080.8894732021456 284.9550762307569 2.381616921012686 -174.30970743753514 -1039.969219526136 260.93464086232024 -34.909800834309735 -145.0395555255224 -1039.1932179332723 280.25701054812396 -66.3586918161144 -121.82258266577661 -1026.4655243580648 264.7799656933471 -28.883478197667337 -141.59009625646826 -1043.5586164936283 270.4609368373996 -17.241318510810252 -155.42890885279763 -1071.1869769447758 281.49398034907125 -27.798283365623778 -160.48708535361132 -1061.5411244860475 266.3665408130747 44.6308116934584 -196.09702822424893 -1030.4627452727823 273.45508264444777 -22.79691530450976 -166.63756859500901 -1049.3591927868872 269.9896869704726 -63.02085847608738 -125.89276806503996 -1022.8767767667606 280.306014116188 -80.35467461451508 -111.86149186068596 -1067.8215448681337 288.55091274418453 11.836727336388623 -179.4632865199743 -1021.4058408998488 302.7946263673513 34.70082138936979 -186.42987657402838 -1017.394940718215 299.6061564846845 -48.11487365036571 -150.89475179954562 -1040.6683134541308 239.84682663179984 -16.321023756275004 -166.33533589976452 -1034.5565430945817 243.5392389040961 38.06141200269953 -191.24892938387697 -1043.1164783296379 292.9370264326486 -76.26184527606533 -125.58049806025836 -1046.858511696151 283.0629814025286 -25.711275413126234 -146.47671647350307 -1047.5688240743273 302.65890037979295 -25.683634343722055 -156.23226089644632 -1071.7790005141246 268.4454985451591 -78.64475605141011 -118.09499743385312 -1068.7651281419603 259.42844680651547 4.402009708018692 -170.76414572982054 -1058.7626190298117 298.34638247504495 -67.53752681674192 -132.43281071432665 -1075.0041405874117 284.0065820152216 -59.89044355823555 -136.7358496903825 -1021.0670158275178 286.78022045320915 -19.50513234455446 -161.96057937403873 -1066.9338395119244 254.41018976157108 -82.58597659040682 -107.46555875462342 -1056.501077278042 286.7131955425429 -11.005843668343347 -171.2660230407993 -1076.8024849248532 275.0595912512168 -92.81204387458239 -98.57345505891662 -1070.088521555226 275.9744637778515 -73.04060181256233 -122.63842311856452 -1050.869774897086 258.47912244561013 -88.88746429763452 -108.66619418450034 -1064.354698156925 308.85609375021716 1.0742292348529998 -165.31177218026238 -1057.3017217588745 280.053078941246 -91.575285139055 -103.1772461563545 -1033.9770278076696 250.32266986300053 -32.30810139254631 -151.31149176122668 -1024.2313766775299 296.5240910509404 -73.27125166185128 -112.55902749098408 -1039.9210007164272 285.9398101813636 28.955503876155188 -194.5324800831357 -1020.5576817310398 275.7033431184121 -65.03411043732241 -138.2715158817999 -1012.2132272079739 303.58858049785374
680.0048193674556 3.6247834267886025 0.8791391140375364 1.965814820666807 1.7582782280749947 1.7582782280750513 1.758278228075106 1.7582782280750469 1.965814820667197 1.7582782280750455 1.9658148206670016 0.8791391140375113 1.7582782280749956 1.7582782280750306 1.7582782280749236 0.8791391140375382 1.7582782280751426 1.7582782280750593 2.486580916569069 1.965814820666834 3.624783426788645 1.7582782280750366 1.7582782280751434 1.7582782280750155 1.7582782280748461 1.9658148206668118 1.9658148206668389 0.8791391140375422 1.7582782280749047 1.7582782280750227 2.4865809165689305 1.7582782280750184 0.8791391140373327 0.8791391140374775 0.8791391140375776 2.4865809165690367 1.7582782280747709 2.486580916569005 0.0 0.0 1.965814820666749 1.965814820666802 0.8791391140372222 1.7582782280750033 1.7582782280750546 3.6247834267886265 0.8791391140375013 0.8791391140375343 0.8791391140376392 1.758278228075029 0.87913911403749 0.8791391140374669 1.9658148206668418 0.87913911403753 1.7582782280748712 0.8791391140374831 1.7582782280748206 1.7582782280750346 0.8791391140373774 0.0 0.8791391140377331 1.7582782280750118 0.0 0.8791391140374989 1.7582782280750249 1.7582782280750178 0.8791391140374846 0.0 0.8791391140374812 1.7582782280750286 0.8791391140372543 1.9658148206668293 1.9658148206668218 3.624783426788609 1.7582782280751468 0.87913911403751 1.7582782280749711 1.7582782280750349 1.965814820666794 1.7582782280750173 1.7582782280749663 1.758278228075026 0.8791391140373022 1.7582782280750144 1.7582782280749012 0.8791391140375148 0.8791391140374394 1.9658148206668065 1.758278228075212 1.7582782280750284 1.7582782280751887 1.7582782280750204 1.758278228075133 1.7582782280750129 0.0 0.8791391140375233 0.8791391140376142 1.7582782280750466 1.758278228074908 0.8791391140375552 0.8791391140373045 1.7582782280750067 0.8791391140377723 0.0 1.758278228074879 1.7582782280750124 0.0 0.8791391140375275 0.8791391140372082 1.7582782280750286 0.8791391140374143 1.7582782280749993 2.4865809165687867 1.7582782280750193 1.7582782280749778 0.8791391140375471 1.7582782280749507 0.8791391140374755 1.7582782280750884 0.879139114037532 1.7582782280752247 3.6247834267885994 0.8791391140376718 2.4865809165690247 0.879139114037136 0.87913911403751 0.8791391140372585 1.7582782280750338 1.9658148206670722 1.7582782280750484 0.879139114037858 1.758278228075026 2.4865809165693036 3.6247834267885675 0.8791391140376293 0.8791391140375137 0.8791391140375153 1.7582782280750504 1.758278228074843 2.486580916569027 1.7582782280750546 19.5152340555599 -187.62347608856507 -1046.0487310803207 254.2382967028612 -103.08919375063573 -97.88332579851006 -1061.0639181011672 282.67518947404614 -45.15175120883184 -140.82829235480068 -1061.1125290808989 301.06168988029026 -52.613597000468694 -139.26753475386545 -1067.8948774469889 301.78285858440387 21.582204081819118 -182.92620743553493 -1059.2526959738639 306.80910318167753 26.85792193496452 -187.91090704261876 -1029.3574349472108 268.3708115265857 -11.731661663762385 -163.91309661900573 -1053.4402435657032 275.6756220947261 -42.26704360853567 -145.992893450537 -1035.8722226330156 274.52478025425705 -66.34520366566193 -130.30660177526659 -1023.7373128137963 276.42225411674855 -7.118125384852181 -173.00596598706582 -1051.06426402616 300.44893611357384 -16.44649736486187 -150.25283339253784 -1013.1545957127294 297.87375377527457 -54.81419726036471 -134.26786555122547 -1054.2271309734897 266.29783119578 7.189489761373635 -181.43016111737396 -1038.2191874261264 249.39371381252099 14.806378647213972 -176.8695880561902 -1058.0936903471745 253.16363909420656 -2.5283502286167128 -158.32862196204673 -1021.1242572564003 262.070273912657 41.43695411369583 -199.16284958655243 -1059.9697754828787 290.6431097983283 -49.95414680440953 -130.90617068317601 -1024.4987301321466 292.06965048941714 -43.363591948308986 -152.41325194229321 -1043.3482324800557 279.98407247750845 -58.319442968557745 -129.44855670862998 -1027.0062364466194 258.88190770439985 -58.64135842910701 -141.0324643047003 -1065.312715012702 271.16239224957417 -86.66712006443338 -119.08996132073253 -1032.709658231894 260.15982633665857 -72.04083546331535 -125.91935572021876 -1012.4864711716413 310.37697975891956 -7.030022529395468 -168.25807307225932 -1080.0389796717052 281.28251196978573 -74.9162859297913 -115.12850015578978 -1032.1187806388393 282.63121220369595 1.344731696497195 -177.03190174922904 -1050.6574817495505 245.1837529578515 -36.38042740775536 -154.262969297871 -1028.070001491681 252.61069336047535 14.892629904751082 -182.64928456402404 -1066.5876709526674 296.79277387278916 -9.18015905542701 -154.51585166471105 -1085.7181318928249 277.60660907325564 -47.69797904453063 -135.71260833652966 -1025.5709278381119 284.0197110379096 -40.72167815661554 -156.85045177577751 -1047.9417632338382 290.6209589131713 10.356447636339812 -169.3491752741063 -1028.3627484123692 297.7371411004056 -103.71792373903153 -93.28767128831922 -1030.4736276045203 290.9924306710109 -13.478308904873058 -158.9848798907586 -1018.4921412359848 297.1067219020918 33.98960787518656 -194.46699697369328 -1078.1243602823617 265.9427411594127 -26.35014173953925 -148.484066570258 -1073.3572282521613 293.7106615148429 -50.66038230427511 -144.48043713966695 -1078.227758687475 287.85699404384854 -0.32225233408424064 -171.99916045417993 -1038.668922432117 263.6059014468988 -37.04821137991318 -143.84142168673154 -1037.6934924719249 282.78646733345397 -70.25577665892982 -119.7311129611559 -1024.1473795453062 269.7240894211297 -33.35103474354839 -139.62289224367856 -1041.4930536122563 273.78659628488856 -20.60489649104977 -153.38587191466735 -1070.1702026229784 283.76736571508866 -31.172226349185 -158.45712104065538 -1061.121850126103 269.0644746337483 42.86137846088863 -195.27059795878182 -1028.8788943687898 276.52408715404766 -26.651762025938456 -163.29963898267727 -1046.811792343043 273.5720189815675 -65.19573713340024 -124.75374839744174 -1020.2443956822913 284.42726877684265 -82.72024969994553 -111.21226612551078 -1065.358222658342 291.5936275441847 7.945069098501276 -177.40612942451182 -1018.7427272174095 305.6951860145889 32.24764128276257 -184.75351106962182 -1014.506092590919 303.24523173074004 -49.87822672124754 -148.79965832009574 -1038.4051388422693 243.0319973788872 -19.434960804441644 -164.92817741958478 -1033.340927602606 245.67139478432802 35.404361727377044 -190.01275914840414 -1041.6701252398047 293.7062414355006 -80.0728162440638 -124.59514970139317 -1044.7618678624938 285.1678058362096 -29.430472336001245 -144.02308751117 -1044.7602592191145 303.6577691768084 -27.619765431678903 -154.57325491145178 -1071.0458243416713 270.3209729057717 -81.97466877606894 -116.54468347067073 -1067.550183739427 261.56090300538176 3.679784893988061 -168.821275161396 -1055.9008492369749 301.1056986575082 -73.0653544171191 -130.457572770125 -1073.222329676825 286.9344906749417 -62.68825373572203 -135.83744665452082 -1019.7968047371296 290.6717876585033 -22.766470161026387 -159.6875957964647 -1065.122053324796 256.1188543382972 -85.32430149004549 -106.42377305646072 -1054.1215754740526 289.21622717521586 -14.36239589638645 -169.2067455581263 -1075.5871154216638 277.19174336470405 -96.38494393710349 -96.97257112272013 -1068.7578298824835 277.42541710575335 -76.67268126154059 -121.2007748842159 -1048.690201189787 261.1243605764606 -91.45744337693851 -107.1734687558831 -1061.0947409072073 311.3320554097774 -1.2876221059395037 -163.4285543987026 -1056.2535234776772 281.105674398421 -94.23130231693614 -101.91618046538223 -1032.4779153503866 252.8524581124433 -36.78591437744958 -149.3511444777279 -1023.1294665273047 299.3365877786582 -75.10430928012406 -110.53137142917285 -1037.2580396649907 288.840501041309 27.356531004390472 -192.1740006072751 -1017.8104922766673 279.1435073889856 -69.54917614562694 -136.40386009873777 -1008.983818301177 307.28505940510377
690.0048193674556 0.0 0.8791391140375577 3.6247834267886057 1.7582782280749458 3.6247834267886256 1.7582782280749447 1.5848905769641204 1.758278228075063 2.4865809165690065 3.6247834267886243 1.7582782280750475 0.8791391140375178 3.6247834267886154 0.8791391140372256 0.8791391140375033 0.8791391140375683 0.8791391140374943 3.6247834267887034 3.6247834267885937 1.758278228075072 1.7582782280750429 1.9658148206668258 1.7582782280749913 0.8791391140372437 1.9658148206668333 0.8791391140378151 1.7582782280750187 1.7582782280750882 0.8791391140374937 1.7582782280751057 3.931629641333657 0.8791391140377681 3.624783426788593 1.7582782280749614 0.0 1.758278228075014 0.8791391140375057 0.0 1.7582782280750582 1.7582782280747489 3.6247834267886225 1.758278228075076 0.8791391140375313 1.7582782280750546 1.758278228075016 0.8791391140372815 1.7582782280750522 3.6247834267885315 2.486580916569005 0.8791391140378153 0.8791391140375248 0.0 1.7582782280750182 3.6247834267885786 1.7582782280750127 1.7582782280747797 3.6247834267886154 1.9658148206666362 1.7582782280750013 0.8791391140373043 1.7582782280750329 0.0 2.486580916569064 0.8791391140378768 0.8791391140375103 1.9658148206669752 1.9658148206668253 1.758278228075173 0.8791391140375305 1.7582782280750704 1.7582782280750282 2.486580916569061 2.637417342112535 0.8791391140375204 3.6247834267886176 1.7582782280752787 1.758278228075009 1.9658148206667918 1.7582782280750477 0.8791391140376373 0.8791391140375241 0.8791391140373745 0.8791391140375596 1.7582782280749116 1.758278228075028 1.758278228074966 2.486580916569037 1.7582782280750204 0.8791391140374969 3.6247834267885413 1.7582782280750207 0.8791391140373125 3.624783426788593 2.4865809165689905 1.965814820666819 3.6247834267886536 0.0 1.758278228075145 1.7582782280750673 0.8791391140375653 1.7582782280750073 1.7582782280749467 1.9658148206668233 1.758278228075085 1.7582782280750475 1.7582782280749587 1.7582782280750164 0.8791391140372722 2.4865809165690305 0.8791391140374777 1.7582782280750366 0.8791391140376902 1.9658148206668058 1.7582782280747868 2.4865809165690425 1.7582782280749951 1.7582782280750213 0.8791391140374164 0.8791391140375238 1.7582782280750742 1.9658148206668433 1.7582782280747713 3.6247834267885954 0.8791391140374671 5.274834684225073 1.7582782280750686 0.0 2.4865809165690416 0.8791391140374774 0.8791391140376942 1.758278228075031 1.7582782280751017 3.6247834267885977 1.9658148206669896 0.0 1.7582782280753422 1.7582782280750089 1.9658148206668888 1.9658148206668429 1.9658148206668509 15.82169745083052 -185.12957987584048 -1043.952439603605 256.3434278187586 -107.6527435571722 -94.69330414563761 -1059.732508360815 284.1256440455969 -51.65525216595709 -137.37370730860025 -1058.4188253969403 302.7417515392761 -58.20450895169532 -136.48603664778193 -1065.231952239607 304.6835896881859 18.432725566671362 -180.4128454857862 -1056.8728200482278 309.3117767255325 22.278519718014707 -185.007520885984 -1028.423941673391 270.10427314647666 -16.15195222112182 -160.62383828483556 -1051.0297719622727 276.95786233452526 -47.57070948895171 -142.21111905834573 -1034.005177722537 277.9917129726275 -68.52236196614378 -130.504001789784 -1022.2681442525417 280.1722668522589 -10.685603123680254 -171.41099949336277 -1047.0390518292452 303.57928138163805 -18.785467009789134 -149.4983159635659 -1010.4073151383672 301.3138443652886 -58.7180498220175 -132.18549681217976 -1052.2147523082494 267.86330251150156 2.9399705388187476 -178.97110671524206 -1036.3527582482789 252.86102290447636 11.250448715314109 -175.2527701329435 -1056.9617572057807 254.7560182312093 -4.263668014978887 -156.21719567697556 -1020.4511805385447 266.386582654723 38.43469800044403 -197.50782721611444 -1057.3910218147987 293.00433331096804 -54.76239452858782 -128.44912745373384 -1022.2029245594931 294.0327145466397 -47.4044164947584 -149.40608514079 -1041.1673996175307 282.6283583604088 -61.77494903659403 -127.56030992929506 -1025.6214461705808 262.0924757756202 -63.18024812076681 -140.53915554086052 -1063.5304567413446 274.090170602082 -90.90050336286104 -116.46865732450917 -1030.4140097975653 262.12311088995835 -75.33933076973202 -123.61093913622538 -1008.8590999086138 313.79031401111297 -11.096742841240438 -165.38141469199303 -1076.6955734711535 284.2989544266222 -78.1990126817156 -114.13943849610779 -1029.8536689684527 285.8149418842956 -2.3629053691094386 -174.55321675902601 -1048.959617899565 247.5722036740928 -39.30555910906879 -151.16235070535572 -1025.2082736932864 255.3700499153783 11.539298586770787 -180.5830181611601 -1064.0089181951626 299.1540498529419 -12.21079111783983 -152.9095166043492 -1082.7419752358096 279.68568779571444 -52.314613416195805 -132.797212780208 -1024.8363263205154 285.89470892297174 -43.20611170174035 -153.9453696416352 -1046.7251184904885 292.75239726924025 7.483100730763227 -168.58524618557246 -1026.434248152074 298.76270717189124 -107.80326014789917 -90.03710665543696 -1029.1420767903676 292.44271628943653 -18.29410521806261 -156.59505073419092 -1015.1651971766696 301.78278357255465 30.985944251473693 -192.81511528253552 -1076.4265545445655 268.33136248128363 -29.398376737258378 -146.91284604297542 -1070.327278617211 297.54906482465867 -56.529350344868064 -140.7703190317358 -1075.764159782264 290.8996817404707 -5.0031999430853125 -169.89842257408642 -1036.8861809638406 266.5333761248063 -38.759845286517766 -142.86929951873597 -1035.3977243643353 284.7495726317481 -73.36413745632522 -118.28214277573939 -1022.6782675319249 273.4741184165056 -37.4726811313841 -136.83009985008243 -1039.9625862277405 275.0954148462853 -24.382822775417225 -152.27485531408752 -1068.6399133731636 285.0762962552519 -35.18266406008528 -155.40344681638396 -1059.109533010971 270.630054995087 38.085496419867404 -192.79680366029655 -1027.830503022017 277.5764161542682 -29.651960794987488 -160.40507989385955 -1046.1614705421766 274.9075560998304 -68.57517413882114 -122.65386785979227 -1019.3721269257005 288.60197476874754 -84.75193445794599 -109.67397022260661 -1062.6646238659205 293.27382618586546 3.800688628974867 -174.72370522048178 -1015.4252559543613 307.8304714129754 29.482576585142265 -183.75368200212702 -1009.4055914188214 308.30782624419896 -53.651597973285654 -145.1398490443883 -1036.3398242961557 246.3578386837337 -22.720545400595416 -162.69019508002813 -1030.9615728169626 248.17457832008873 32.74318734887848 -188.78786496903385 -1039.5733315976167 295.81090729863763 -82.92375921316263 -122.46908836896775 -1043.9431751129134 287.5823535397208 -32.19514365471046 -141.7835237111348 -1041.0409240212348 303.40920036693575 -30.669668945930198 -152.99841702768245 -1070.3958233903388 271.6566929381873 -84.92395732190545 -114.66338678528182 -1066.10405675673 262.33063933933494 -0.18652453112478123 -167.8853159509945 -1052.8398878224211 303.72324587528175 -75.8146229534866 -128.0860208248369 -1069.3433824539127 291.96709889448243 -64.50628004641105 -135.12170287387562 -1016.8812071353757 295.19095332006157 -24.169435414631614 -158.0142415227613 -1063.6761245980847 256.88876311950617 -86.18967234138739 -104.54052513606108 -1052.50700876504 291.0645795630304 -17.54590736408299 -166.73288462953496 -1073.8888548075834 279.5799466367324 -100.44027231580563 -95.24684425256935 -1067.0594360902244 279.8135419688606 -80.06681794494656 -119.12889416111109 -1047.9559254783733 262.99952191450654 -93.9553893054592 -105.47003282557182 -1059.594898259515 313.86142417392483 -3.760983746966213 -161.78927339351108 -1053.590704371661 284.0064806763916 -97.65165905339548 -99.88622402599937 -1030.098250120668 255.3553451243087 -41.585279931562916 -146.27537142833972 -1020.6346763075373 301.1580762814198 -76.6465339497178 -110.47028410757399 -1035.8730310607423 292.05097699092886 24.85934771212406 -189.41418795557965 -1016.8234095297457 282.6371111811243 -72.02272162118592 -133.33941965984457 -1004.0783964925163 310.3884943758863
700.0048193674556 1.9658148206668224 0.8791391140378162 1.9658148206668258 0.879139114037722 0.8791391140374957 1.9658148206669044 0.879139114037552 3.6247834267885244 1.7582782280750444 1.9658148206668937 1.7582782280750247 0.8791391140375563 1.965814820666828 0.8791391140373249 1.7582782280750242 1.7582782280751905 0.8791391140374951 3.6247834267886425 1.7582782280750362 1.7582782280749987 1.758278228075032 2.486580916569109 3.6247834267885715 0.8791391140373215 3.6247834267885937 1.7582782280750084 0.8791391140375125 0.8791391140374094 0.8791391140375183 1.9658148206669228 0.0 1.7582782280749487 0.8791391140374973 0.8791391140373884 1.9658148206668085 1.758278228075224 3.6247834267885835 3.6247834267885772 1.7582782280750744 0.8791391140371883 1.965814820666808 0.879139114037635 0.8791391140375003 0.0 1.9658148206668193 0.879139114037697 3.6247834267885852 0.879139114037252 0.8791391140375124 1.7582782280751166 3.6247834267886074 1.96581482066688 1.9658148206668429 3.624783426788777 0.8791391140374802 1.75827822807501 0.8791391140374664 1.7582782280751388 0.0 1.7582782280751146 0.8791391140375348 1.7582782280750224 1.230794759652501 1.7582782280751512 0.8791391140375555 3.6247834267886136 0.8791391140374734 1.7582782280747902 3.6247834267885994 1.7582782280748395 1.7582782280750282 0.8791391140376807 1.75827822807502 1.7582782280748777 0.8791391140374879 0.8791391140371438 0.8791391140375386 1.7582782280749114 3.6247834267886043 1.758278228075129 1.7582782280750218 0.8791391140374943 1.7582782280749987 0.8791391140377283 1.7582782280750606 1.7582782280751046 0.0 1.7582782280748968 3.6247834267886185 1.7582782280750269 1.7582782280750344 0.8791391140374732 3.6247834267885954 0.0 3.6247834267885994 1.7582782280750027 2.4865809165690034 0.8791391140374545 5.274834684225072 0.8791391140375009 2.48658091656907 1.758278228075155 2.486580916569021 0.8791391140374786 2.486580916569004 3.6247834267885715 1.7582782280750278 1.7582782280748543 2.7800819805010377 1.758278228074934 0.8791391140374697 1.75827822807485 0.8791391140375303 2.486580916569267 1.9658148206668349 1.7582782280750373 5.274834684225078 1.7582782280751696 0.8791391140375163 0.8791391140376724 3.6247834267885786 0.8791391140376416 1.7582782280750515 0.8791391140377869 3.6247834267885914 1.758278228074913 1.7582782280750127 2.4865809165690873 3.6247834267885994 0.8791391140377793 1.7582782280750346 0.8791391140376046 0.8791391140375497 1.7582782280749947 0.879139114037506 1.7582782280751248 0.8791391140374706 1.7582782280749052 1.9658148206668624 1.9658148206668509 12.009863964495958 -182.88600663699762 -1043.7841890745442 257.42254443969495 -110.79526581221964 -93.3253498174267 -1058.2861697707842 284.894890355245 -54.11561635464535 -135.62057755122365 -1055.158805734866 305.21764399826804 -62.6346612188759 -133.72264186673775 -1062.4847468248302 308.1237378832465 14.27666618351137 -177.7463664442706 -1054.3780518005708 311.13329304715296 18.57047915947443 -182.53712702753592 -1027.804192750579 272.660384657545 -20.55032837410331 -158.4951840159004 -1049.81313186444 279.0893116802769 -50.48231002434125 -140.278823093721 -1031.9083760383949 280.09637466656056 -72.00074068186775 -128.67021919335738 -1020.0030040040549 283.3559771311545 -14.142816226288735 -168.31917657980176 -1044.4601218876621 305.94032916923965 -21.13324688950789 -148.77805833812417 -1006.6116175967298 305.80624844089044 -65.75557885927181 -128.70373916007182 -1050.5160626244974 270.251210049195 0.5056912677907746 -176.02858105907768 -1034.9679255775825 256.0715538743007 8.770685018849916 -173.612350371497 -1055.661353188277 257.42717310410677 -6.5061923425650745 -155.24551007459033 -1017.1376721015973 270.6226538630698 35.34899097279034 -193.6806371736922 -1055.2942494969157 295.10902061238454 -58.50611975132413 -125.94634090817243 -1020.2209144882065 296.81845276558766 -49.86368026498421 -146.33165514068793 -1039.5527300678018 284.47663549613435 -67.36483971107633 -124.38715980387119 -1022.6752769895506 265.39107152788046 -67.56838972964584 -138.32915394626698 -1061.34976549663 276.7345966124715 -94.9502382761409 -114.74220867049304 -1028.5162503042952 264.3693865462547 -81.02968047701653 -120.70938056268527 -1006.4256157142783 318.0530822284762 -15.745975362841863 -162.59168385757206 -1075.5631766614451 285.8909667250267 -83.46994572976917 -112.19444036714039 -1028.1241540625947 286.9820842428095 -5.996199100520146 -171.88539202581936 -1046.2969629316133 250.47320891885693 -42.10925234104031 -148.97700825888612 -1023.058088440807 259.2349623936119 7.821134060285421 -178.12597057077795 -1061.4607197339033 302.7357938342109 -14.09944506911964 -152.3696946672615 -1081.4106686264954 281.13615664159255 -56.77587511675414 -130.79341719819843 -1021.9742366930234 288.65370136897496 -46.28290957746153 -152.43343279537845 -1044.5441742560563 295.39659974634736 5.500894712600944 -168.24171960811017 -1022.2099357510025 301.751327245163 -111.2231569700321 -88.57289575858789 -1026.478962340858 295.34327529237476 -23.593869007982295 -154.08564982248143 -1011.6526447057983 305.87722562934454 28.378861244114958 -190.2900127420571 -1074.728162499851 270.71942452543504 -33.546649414692034 -144.15534949680392 -1067.7484339867551 299.91018803240905 -61.268980717988384 -138.13747286214553 -1072.5042920510898 293.3757524363991 -9.216626241842281 -166.73108842452785 -1035.187394259112 268.92121497956566 -41.02429241553688 -140.64557338125692 -1033.415733149382 287.53532794181456 -76.51761631522012 -115.54867079991993 -1022.2574754524096 276.17179488314815 -41.00840269953892 -135.147904339878 -1038.9142006911582 276.1477464408447 -29.418817858488087 -149.123249520218 -1067.339210806099 287.7473214858436 -39.530254449639344 -154.4142688423924 -1057.0129674183008 272.73492484487826 34.79473260082718 -189.41876132236095 -1025.6495302975875 280.22059967933075 -32.620857003180674 -158.64521694788846 -1045.02894490401 276.499449420217 -72.63627471249815 -119.57237648228448 -1016.0585598609173 292.8379923539518 -88.42339320187139 -108.33909189901823 -1061.3638322146135 295.9448053332959 -0.07700136076209818 -171.4157651607939 -1012.6779732300332 311.27056055848203 24.441838564320715 -180.67250190697126 -1007.2552520609996 312.1726322059364 -56.123209787343264 -142.07458454607863 -1035.0391994840506 249.028868916766 -26.653629453330932 -159.45163442048528 -1029.5459870049385 250.16453478965482 27.911302309845603 -185.25159986040813 -1037.3923571297914 298.455087918715 -86.92690342273539 -122.03322276345791 -1042.8106251136753 289.17422442026066 -35.08438525558979 -139.8155289256257 -1037.7502072944524 304.66440103149955 -35.549639877245475 -150.7299708094253 -1069.2634478457358 273.24865424088256 -90.83856179529883 -111.98943014266472 -1063.9235148499113 264.97518539181203 -2.3808773772924283 -165.5891356348867 -1049.7788380049503 306.34069817370283 -78.87339816255559 -125.11965763834172 -1066.764560770633 294.3282382647695 -69.79353751344807 -133.88995787491066 -1014.0497629047783 299.17057834330615 -30.06929801366291 -155.03307866635947 -1062.8269507497487 258.08283638930953 -89.23971537624038 -102.91734435551751 -1051.2903290407405 293.1959984722708 -21.210666645840746 -164.1128746240914 -1072.9246763592455 280.0928425067395 -104.09376588190882 -92.39684276379671 -1065.9269858865173 281.40551319298345 -86.14322159374926 -115.8451659989076 -1046.8234847864042 264.59146623897357 -96.35278553211161 -102.02033041005333 -1056.518512871243 315.86855384903305 -6.999541347048991 -160.65786040003277 -1052.5423324468702 285.05883507861313 -99.75645821913844 -97.06279765338795 -1028.6826208658156 257.34523891392604 -43.578042652128815 -144.6856983902013 -1016.7241613451306 304.9693739675267 -78.22720579811603 -109.10470645133375 -1034.8552853431304 294.3239401180995 21.50143380642397 -187.3593584070247 -1014.7572396842007 285.9623869588141 -77.01561407707025 -130.67375157049815 -1001.5607488212395 315.1907972770085
710.0048193674556 0.0 2.4865809165689696 1.7582782280750295 1.758278228075172 0.8791391140375245 0.8791391140374504 1.7582782280750573 1.965814820667173 0.8791391140374918 2.4865809165689305 1.7582782280750189 1.7582782280748948 3.6247834267885772 1.7582782280751832 1.7582782280749887 0.8791391140373058 3.6247834267886163 1.758278228074964 2.486580916569051 0.8791391140372395 1.75827822807503 3.624783426788784 0.8791391140375349 0.8791391140371823 3.6247834267885786 1.7582782280748182 0.8791391140375113 0.8791391140374595 0.0 1.9658148206667538 1.9658148206667954 1.7582782280750047 0.8791391140375153 0.879139114037326 1.9658148206668338 1.7582782280749116 0.8791391140375135 2.4865809165690345 3.6247834267886203 1.7582782280750662 2.48658091656905 0.8791391140372022 1.7582782280750187 1.9658148206668509 3.6247834267886234 1.7582782280749378 1.9658148206668145 2.486580916569162 1.7582782280750402 0.8791391140374992 2.486580916569024 2.4865809165691433 3.6247834267885954 1.7582782280749347 0.8791391140375442 0.879139114037517 1.758278228075027 3.6247834267886225 0.0 0.8791391140377325 0.8791391140375217 1.9658148206666795 2.4865809165690242 1.75827822807497 0.8791391140374706 1.7582782280749827 1.7582782280750162 1.7582782280751112 3.6247834267886154 1.9658148206666939 0.0 1.7582782280752394 3.624783426788609 1.7582782280748106 0.0 0.8791391140372967 1.7582782280750158 1.758278228074965 0.8791391140374996 0.8791391140374104 3.6247834267886074 1.7582782280752343 2.4865809165690007 0.8791391140375426 1.7582782280750338 0.8791391140378275 1.965814820666823 1.7582782280750706 1.7582782280750295 1.7582782280750273 3.624783426788613 1.7582782280750746 3.6247834267885826 1.7582782280750766 0.8791391140375576 0.8791391140376299 3.6247834267885723 0.8791391140374278 1.7582782280750306 1.965814820666793 0.8791391140375013 0.8791391140375556 3.6247834267885843 1.7582782280749567 0.8791391140375026 1.7582782280747813 1.7582782280750033 1.7582782280752622 0.8791391140375089 0.8791391140372308 1.7582782280750207 3.6247834267886905 1.7582782280750167 0.879139114037676 1.7582782280750635 1.7582782280748803 1.9658148206668213 0.8791391140372598 2.4865809165690207 0.8791391140376272 1.9658148206668293 1.7582782280748828 2.4865809165690234 0.8791391140373416 1.7582782280750227 0.8791391140377816 1.9658148206668145 3.62478342678878 0.8791391140374873 0.8791391140375461 1.9658148206668273 1.7582782280749882 2.4865809165690846 2.4865809165691934 1.7582782280750116 1.7582782280750073 1.7582782280750628 2.4865809165688963 1.9658148206668213 2.486580916569076 9.420663295637787 -181.48704065572002 -1042.5675266271787 259.5539714489786 -113.3870054456261 -90.3579158133571 -1057.0694814383664 287.0263051919628 -56.14033860104588 -134.07108385284437 -1053.3757998753 308.14496804621047 -66.86543007140163 -131.09971639075974 -1058.3752908736567 311.79350551846596 12.231413416235883 -176.32395105010616 -1051.546631336743 315.1129358542079 17.322468235732956 -181.72778510737984 -1027.069589236986 274.5353820868779 -24.3432856637077 -156.16117428265758 -1048.9943907399554 281.5038509630692 -53.67518872263841 -139.06329087653666 -1030.3243434438095 283.16526633787316 -76.84087411943285 -127.67914008320169 -1018.9010839021581 286.1684697887177 -18.38771355871473 -167.09092004032178 -1043.1592302044392 308.6112552142242 -24.57995769546429 -148.17519957369183 -1002.7317560266792 310.8381868414903 -69.45358374006429 -126.02995228058953 -1048.5876012694162 271.27682965550827 -3.229963452206519 -172.3240710934738 -1033.8660924301312 258.88408100820493 6.27399877051223 -172.00645345341835 -1055.0951269335535 258.2231488333163 -8.85254801847269 -154.53120290022537 -1015.2704953444365 274.08950806163625 31.03637573811665 -192.54860550761208 -1053.312273497078 297.89477843937726 -60.708173183269984 -124.86345734347762 -1018.6062104125422 298.66669251354176 -53.7938975110498 -144.30773583807192 -1037.4559135369666 286.5812813378635 -70.6076892233545 -121.888749539473 -1020.8081129369795 268.85793541294305 -71.60497260708243 -136.5681648712256 -1059.7351564338494 278.58290605514105 -99.30638183661925 -112.42110268766218 -1027.1312287930111 267.5798646675144 -85.16211932139628 -119.21589567370708 -1003.4258422098295 323.1117751583008 -20.081300127920247 -160.2871296093723 -1074.346534097245 288.02241408709915 -86.52271142390562 -110.57591495173345 -1026.3411283505268 289.90939604895544 -9.76298577895914 -169.50135657675665 -1044.3992739968928 252.71955734229473 -46.72008583370672 -146.6584114818183 -1021.9562034937004 262.04746251380107 3.6842741252371196 -176.6142703764171 -1059.9608655306506 305.2651580633598 -16.897558843213012 -151.48573705865851 -1080.0791851767597 282.5865451418961 -60.891965037129786 -129.25203811360993 -1020.5891710164973 291.86415591886305 -50.380338668805024 -150.8401534959237 -1042.8453233517619 297.784385779558 3.3477828489840764 -167.05616974413783 -1019.48940770489 304.31132825525594 -114.43987907101594 -86.18622586984343 -1025.576021047815 298.29733940567587 -28.115316928420985 -150.93602686017337 -1008.3925817239121 308.3530630135133 24.53692109359668 -187.51438492413223 -1073.1135983207214 272.5677823501266 -36.190575136477044 -141.54103212708608 -1065.2843424889713 302.9523506841183 -64.2080685625277 -136.2446115230097 -1071.7390486145198 294.0301230423056 -13.085622024609668 -164.59163202039736 -1033.0064368751327 271.56540681128786 -43.30283607671522 -139.75987607171638 -1032.2831603869597 289.12718144831274 -80.399972449484 -113.36426505125748 -1020.55861537511 278.55957474540185 -44.67212367323853 -132.42231376674886 -1037.2995134051641 277.9960004140455 -32.961028674516534 -146.1387915596549 -1065.808698601001 289.05606404934093 -42.634701175141856 -151.62347098185333 -1054.7479464310538 275.9187190464966 32.51932279719375 -187.32791554194858 -1025.3128834971765 282.3787394479433 -37.43401113094481 -156.2034941930139 -1042.9321402253047 278.6041121592955 -76.76418777856426 -118.06612520778685 -1015.0407994490541 295.1109490532143 -91.85631247798469 -106.3369126901292 -1058.7007589078091 298.8454039674922 -3.9160406774714613 -167.94550653708927 -1009.8158725097144 314.02954247396497 21.362521909246414 -177.9747230618618 -1004.6227867104451 316.2938281081518 -60.147821434125774 -140.29173682197035 -1033.0572873798642 251.81469036204348 -30.252699954872302 -158.26260604796983 -1027.1967872625746 253.88783782173752 25.731010489368003 -182.94727423883805 -1034.3312850152613 301.07250843069215 -91.06324061494692 -120.54521629452933 -1041.1117731028264 291.5620085946429 -38.640344620163425 -136.84473368347648 -1034.6891267566803 307.28181236334916 -39.45829293424752 -148.66263060662888 -1067.6795832605642 276.3176204841186 -94.81254917228681 -110.05382666752163 -1062.7910367875247 266.5671346487738 -6.439265148261172 -163.88935129354726 -1047.7126842462335 309.66598357873187 -82.00241060678249 -123.72465028475999 -1065.264724971495 296.85762057866555 -73.83111333496988 -132.1416758814419 -1012.7488576148722 301.84149725386845 -34.06014843707314 -153.17287421568176 -1060.363121435673 261.1252281709971 -91.08095076249948 -102.26327800597798 -1049.1935257908444 295.3006510654699 -25.370671183343237 -162.67644417376016 -1070.659670519623 283.2766501942658 -106.923013539544 -90.12332233341985 -1063.9143661995922 282.9706870816602 -89.52466033557553 -115.14504131310727 -1045.2088539875692 266.4397663943207 -98.55227514397224 -99.43443776481395 -1053.1054829361155 320.0338082236924 -9.704387174403442 -159.53601044255905 -1051.4939319000557 286.1111676975851 -102.04158549116067 -94.71213775163343 -1027.4965852883797 260.69727715293385 -47.419587526771814 -142.41854384415277 -1014.1452053751484 307.33039359734363 -81.52558561638604 -108.17648218465806 -1032.7584606207336 296.4285761503091 17.822426156312467 -186.000474759797 -1013.1731911403605 289.0312688078857 -82.77167488531354 -129.34567509822372 -998.6144845694993 318.4893138280279
720.0048193674556 1.9658148206668218 2.4865809165690367 1.9658148206668054 1.7582782280751115 0.8791391140375069 3.6247834267886443 0.8791391140375517 1.7582782280750209 1.75827822807501 1.758278228075065 1.7582782280750375 1.7582782280751956 3.6247834267885874 0.8791391140372288 1.75827822807504 0.8791391140372354 1.7582782280750242 1.758278228075025 1.9658148206668578 1.758278228074838 0.8791391140375141 2.486580916569081 2.486580916569057 0.8791391140376622 2.486580916569031 1.7582782280751856 0.8791391140375007 1.7582782280750346 1.7582782280750127 1.965814820666789 0.0 1.7582782280750295 0.8791391140375401 1.7582782280748845 0.0 1.7582782280750366 1.7582782280750062 2.486580916569018 1.9658148206667978 0.879139114037323 1.758278228075003 0.8791391140371788 2.4865809165690473 1.9658148206668509 0.0 1.758278228074805 0.8791391140374936 1.7582782280751876 0.8791391140375153 0.8791391140372624 0.8791391140374804 0.0 3.6247834267886017 3.6247834267884937 3.624783426788605 1.758278228074988 1.9658148206668318 0.8791391140376145 1.9658148206668213 0.8791391140375349 0.8791391140374961 0.0 3.6247834267886034 1.7582782280752134 1.7582782280750051 1.7582782280750362 0.8791391140375286 1.7582782280751794 0.0 1.7582782280750497 0.8791391140375242 1.7582782280750464 1.7582782280750124 0.8791391140375826 1.7582782280750298 0.8791391140375111 0.0 0.8791391140375789 0.8791391140374717 0.8791391140374518 0.8791391140375082 1.7582782280747544 1.7582782280750393 1.7582782280750064 1.7582782280750255 0.8791391140373005 1.9658148206668093 0.8791391140372476 1.7582782280750415 0.87913911403761 1.965814820666814 1.758278228075074 1.7582782280750446 2.4865809165690727 1.758278228075045 0.8791391140375991 1.7582782280750155 0.8791391140375084 0.0 0.0 0.879139114037509 1.7582782280752882 1.9658148206668125 1.75827822807509 0.8791391140375205 3.624783426788446 1.7582782280750169 3.6247834267887122 1.9658148206668198 1.758278228075122 1.7582782280750462 3.624783426788777 1.9658148206668349 1.7582782280751978 3.6247834267886145 2.7800819805009 1.7582782280750167 1.758278228075133 0.8791391140375163 1.7582782280751046 1.7582782280750484 0.8791391140376169 0.8791391140375263 0.0 1.75827822807501 1.7582782280749008 3.6247834267885883 2.19784778509363 1.7582782280750444 2.4865809165691304 1.965814820666789 0.8791391140372912 2.4865809165690393 3.6247834267886696 0.8791391140375203 1.7582782280750617 1.758278228075011 1.7582782280750535 1.7582782280750127 2.486580916569076 5.917086323532567 -179.7611844955763 -1041.748783528348 261.96851241929414 -116.73449065807986 -87.99314032892627 -1055.8527592044975 289.1577007497478 -60.64123742174927 -132.15955926742944 -1050.881013721417 309.966461277338 -70.91461014100634 -129.37470027526882 -1055.7963452498068 314.154536998931 10.43286674229573 -175.568669875518 -1048.9676811713018 317.47396106920127 13.275021749893464 -180.01907017324277 -1025.5390515877482 275.844090764022 -27.990861290751344 -153.4265078167834 -1048.3439490033784 282.8393165876864 -58.377104598883314 -136.28663350581195 -1029.5055687024214 285.57979659287895 -79.35554216599688 -126.00224981866361 -1016.1231480702182 288.3879185989491 -21.568652695557436 -165.8328795184089 -1041.0624048406166 310.7158900412567 -26.323683609461565 -145.91954935946333 -999.3033659566122 314.3930934307971 -71.5868571742553 -124.74282664415468 -1046.574959496092 272.84195495246865 -6.309132443427544 -172.12215442055316 -1031.6009756135873 262.06780831455524 4.471327587257312 -171.25567312366078 -1053.0825076581293 259.7883153004698 -11.846095695663132 -152.8085820102566 -1013.686450093342 277.158391683777 29.088863613103737 -190.901970011901 -1051.613418590814 300.28256159118524 -64.75537465438654 -123.13008050159314 -1016.0272544360936 301.02771218286455 -58.66113129702165 -141.9896662249586 -1035.5274142386609 287.6068476475065 -74.28447943764088 -120.57001035357996 -1019.5072149539087 271.5288590734034 -73.57211908821587 -134.82214337005337 -1059.0847335886483 279.9183779631507 -102.30754984897534 -110.61345100141787 -1026.0828198158063 268.6321837458296 -88.28054939175392 -116.30352509627602 -999.9974521249173 326.66668173802253 -22.813353620053743 -157.89540755040315 -1071.8824530248505 291.06458611457293 -90.19234667089461 -108.50797417182713 -1024.4432808733827 292.15559918423645 -13.471112154967269 -168.25449064562235 -1042.501482200538 254.96580391512722 -50.15237001422688 -145.37155285543446 -1019.9742057065107 264.83320931546035 0.9026726083709041 -174.41101898462412 -1056.5018330219923 307.59944185830017 -19.077164224709175 -150.36693758839792 -1078.747657090808 284.0368502558056 -63.854549271788436 -127.39339182846749 -1018.8596492355751 293.03128906973876 -54.21272688579614 -149.93061824383102 -1041.230624207964 299.6326309568633 1.3588042439004013 -166.76388319340987 -1016.6273070093768 307.07031020761667 -117.99391467995868 -83.81322104342986 -1025.323531231585 299.9159435407619 -32.49507690165653 -148.71416413462111 -1005.1325186093172 310.8289002511826 22.390591387099118 -186.32224449824204 -1071.3841116729752 273.73497647238065 -39.49572358889014 -139.24101710052852 -1061.7411578386161 305.82617443018125 -66.37419062508607 -133.6346319821841 -1068.9918117753145 297.4702418792295 -16.440505759827385 -162.45733046152887 -1031.7897052046633 273.696798055801 -47.049099691227816 -138.62040328654035 -1030.1021698618629 291.7713486436401 -84.08377938883743 -112.06065131034349 -1018.859750507688 280.94735103885 -46.90853228295371 -130.02196037366178 -1036.0827801663263 280.1273885220045 -35.891701263707354 -144.22713663909116 -1064.1098589084781 291.44386074929866 -47.37607361766047 -150.35060586300602 -1053.4470806241138 278.58965792138906 29.4788347769135 -185.74530189895694 -1024.4941071995356 284.79326957256484 -41.994913821958924 -154.46089757583076 -1041.830233785579 281.4166111417382 -80.90369383501044 -116.59046821272483 -1012.3776800346271 298.0115034036466 -94.98260228445166 -103.43496105079441 -1057.1702261236599 300.15411699482405 -6.713228168311156 -165.74933162903784 -1008.032841114809 316.9568512998469 18.502782939454274 -175.9633816666198 -1002.2734659945564 320.01706164261964 -64.7114493885847 -137.83887575825162 -1032.3227025872911 253.68969723562404 -33.90935206637264 -155.53281259428738 -1026.2632126448925 255.62126897571142 23.776534639085853 -181.3056378924277 -1032.4640950772969 304.5393541411538 -94.72349422386486 -117.7026200782763 -1039.895038278578 293.69339692930123 -41.57831853146602 -134.94894475277957 -1031.4597182642917 310.9782916299455 -43.022811662109724 -147.04540776335654 -1065.8966192448743 279.2449715038712 -98.64919313654772 -107.68973897393224 -1061.4901992273417 269.23808690808556 -10.143734720088869 -161.32955182535989 -1045.8148404980534 311.91219064487314 -85.19576833864247 -121.03620681623806 -1063.4817185874774 299.78494202788465 -77.34507536446945 -130.36310460445503 -1010.6252727651428 304.82621497084233 -37.52970930822638 -151.3151106353551 -1057.6159601707457 264.5654185061674 -94.67169009607582 -99.20470460051774 -1047.2115251581847 298.0863960395609 -27.929777572000326 -159.83863084938625 -1069.8409413766249 285.69119804089405 -109.24204273205827 -87.81126485519734 -1061.3661260780252 286.5523903633367 -93.80725329981576 -112.60598547579178 -1043.1120525788851 268.54442789504253 -102.47596409407329 -97.33744169475624 -1049.7612792206432 323.0492055086026 -15.1405237251764 -156.03905034736655 -1049.7950785837763 288.49895337863717 -103.887191745452 -92.54920265400165 -1026.0808756085937 262.6870999982865 -52.53331729500866 -140.76516525358755 -1010.6326518539564 311.4248348943764 -83.44729466278831 -107.7583296518135 -1031.4269024244973 297.87885449737564 15.31446747627226 -184.39505329017086 -1010.7397075695619 293.2940373423189 -84.6635995250345 -127.37268355594708 -996.265163852105 322.2125473616322
730.0048193674556 0.0 1.7582782280752363 1.965814820666825 0.8791391140378518 0.8791391140375642 0.8791391140374393 1.7582782280750118 3.6247834267885275 1.7582782280750173 3.6247834267888104 3.6247834267885852 1.7582782280749356 0.879139114037536 0.8791391140372096 0.8791391140375313 1.7582782280748808 3.6247834267886123 0.8791391140374619 1.9658148206667958 3.6247834267885444 1.7582782280750267 1.9658148206670318 1.7582782280750333 0.8791391140372311 0.0 1.965814820666884 1.7582782280750457 1.7582782280749254 0.8791391140375268 1.758278228075112 1.7582782280750195 0.8791391140374901 3.6247834267886034 1.7582782280749274 5.274834684225081 0.879139114037191 1.758278228075039 0.8791391140373604 1.965814820666815 1.7582782280751383 2.486580916569048 0.879139114037669 2.7800819805010453 1.9658148206668509 1.7582782280750224 0.8791391140375127 1.7582782280750329 1.7582782280749867 0.879139114037532 0.879139114037179 0.8791391140375434 1.965814820666814 2.4865809165690416 1.7582782280752647 0.879139114037521 0.87913911403727 1.7582782280750147 1.7582782280750373 1.965814820666798 0.8791391140376176 0.8791391140375144 1.9658148206668584 2.4865809165690433 0.8791391140375951 1.7582782280750227 1.758278228074929 1.7582782280750484 0.8791391140374196 1.7582782280750264 0.8791391140376015 3.624783426788625 0.0 0.8791391140375545 0.879139114037764 0.8791391140375038 1.7582782280749556 3.6247834267886194 0.0 1.7582782280750375 1.7582782280749651 0.8791391140374902 0.8791391140375326 0.8791391140374798 1.7582782280749925 0.8791391140374792 1.7582782280750529 0.8791391140375473 0.8791391140373125 3.6247834267886034 1.7582782280750686 3.6247834267886176 0.8791391140374186 1.965814820666827 1.965814820666731 1.7582782280750342 0.879139114037618 0.8791391140375315 1.758278228075115 0.8791391140375566 1.9658148206668937 0.8791391140375463 1.758278228075352 2.486580916569031 1.7582782280750564 1.7582782280750089 1.7582782280752793 1.7582782280750269 1.7582782280753284 0.8791391140375285 0.8791391140375144 1.7582782280750389 3.6247834267883854 3.6247834267885897 0.8791391140376039 3.6247834267886225 2.4865809165690433 1.965814820666816 0.8791391140372784 1.758278228075037 0.8791391140371901 0.0 1.7582782280751565 0.8791391140375333 0.8791391140375435 1.7582782280750267 0.879139114037435 0.0 3.62478342678878 1.758278228075031 0.8791391140378413 1.7582782280750502 3.6247834267883885 1.7582782280750304 1.7582782280751004 1.7582782280750517 0.8791391140375713 1.758278228075017 1.7582782280750946 0.0 1.7582782280750546 2.207414651944786 -177.21441069642705 -1040.1340896586382 263.8167619010771 -119.43085278784793 -84.94725051936074 -1053.8401000025324 290.72280358604974 -64.6147311251011 -130.22290581330296 -1047.6516108363217 313.66294485269106 -75.9008902613432 -127.3632364317413 -1053.447030981408 317.87777423662055 7.08545086033587 -173.42608708871177 -1047.5826151154747 320.6844157991766 9.476333346051236 -177.68666959340734 -1024.8044371922836 277.7190856209162 -30.559323464291282 -151.93500458719222 -1045.933325036211 284.1212750776711 -60.88884053391563 -134.61024056161847 -1027.7225397244897 288.5071068549299 -83.7322035029639 -123.7160942931544 -1014.1104816395709 289.9530138202638 -24.69290952538349 -163.06831495801305 -1037.2667107132258 315.2082967615396 -29.980951425201535 -144.54291106014276 -997.5203345510179 317.32040225250176 -75.49854214133846 -122.60211679766812 -1045.9245148267125 274.1774169334334 -10.227526609071187 -168.74530540379584 -1029.534813930288 265.393088319202 1.3867574762705817 -169.75708041284656 -1051.58265779261 262.31768219291394 -14.225723007295828 -150.83889053257337 -1012.615182228315 281.19152509674507 27.767202643030792 -189.01760471439778 -1049.9987189206804 302.1308050762767 -69.57695612876162 -120.6508622149475 -1014.2442230786191 303.95502102619776 -62.65518213153258 -140.8209865425382 -1033.9968755727994 288.9155545519116 -78.11904043418336 -118.20392569490038 -1017.3262244096928 274.1730257976849 -77.3973610624159 -132.44858511978165 -1058.6639362652656 282.61605389592006 -106.41860423071567 -109.0400240850682 -1023.5038688572456 270.99320882895984 -92.44423763464555 -115.67781207650586 -997.3343325282337 329.56723593281123 -24.836213544437115 -156.33990784572168 -1069.5024976616778 293.56719570670117 -94.66736629734169 -106.49981223102597 -1022.1781244885526 295.3392986384175 -17.214693667900033 -165.7520235528041 -1042.6469742597478 256.8675508416601 -55.137418709976075 -144.07677196633497 -1018.7881242122296 268.18523688775247 -3.091858379931532 -172.5598414112059 -1053.4714142576686 311.43750035371585 -21.991427272398496 -149.77966882237834 -1075.7707651224348 286.1147610985456 -67.20995705339755 -125.1714363922236 -1016.3648568815428 294.85277435473307 -58.180120338308406 -147.97466082922065 -1039.2179597874162 301.1977284859638 -3.1796485428439505 -164.9634389611712 -1013.6810427786934 310.3688267740142 -120.73479569233118 -80.79459044991752 -1022.7445757619433 302.2769637365521 -35.06827430060561 -147.2319230815044 -1003.4336506823747 313.21667439081574 20.317704105287532 -184.93045598802814 -1069.3714674274386 275.3001003906398 -43.07628802275669 -137.6624075130653 -1058.7949047370269 309.12469923253275 -70.81315362466927 -131.54225101500717 -1066.81083165132 300.114417787165 -19.089591452053956 -161.17483803578426 -1031.1392559590709 275.0322590077892 -49.97048749019118 -138.07808565348103 -1027.6380328789585 294.8134763789485 -87.31948958975131 -110.97104577665198 -1017.497536672884 281.1769872529769 -50.79249925162256 -127.83665896678079 -1034.7818790354384 282.79830965959377 -38.09023580208858 -143.1485702810537 -1062.8931273529934 293.5752522263656 -50.49713106528588 -148.94341010506926 -1051.2661004604538 281.23383397793367 28.242157383894842 -183.6390844056349 -1022.3131149158094 287.4374349936086 -44.48649553616048 -152.75710753993903 -1040.4680208221607 281.64625019935136 -85.44910154841413 -114.7846111686914 -1010.028359374835 301.73473696991795 -99.08601795377785 -101.8444079032516 -1055.6396888035363 301.46282627099174 -11.350367356236525 -164.20158971427765 -1005.0330676150651 322.0155442316355 14.60782431670638 -175.16459889588955 -999.8628368288067 321.2990117862924 -67.2243706749848 -136.16425576129066 -1030.539690358653 256.61701678280747 -37.39625411839178 -153.70689899891124 -1025.1613000454724 258.43376443597214 20.978533115257683 -180.40082977202707 -1029.9693033155297 306.3608403932815 -98.87888661758554 -116.30314608447229 -1037.8823736811014 295.2584945776368 -43.90717257885653 -132.79030628396734 -1028.7659444687692 312.65820418936767 -47.723389730823136 -144.27180822813204 -1064.1136148871497 282.1722957199325 -101.5082276171936 -107.01716428513176 -1059.3092376129123 271.88227341091624 -12.693821999259992 -159.80896069577616 -1042.1033103289599 315.8650634069674 -87.19053696553601 -119.32632629315277 -1061.101753948497 302.2875443116178 -82.7973443968873 -128.20754848000058 -1008.899650227014 308.0940773039507 -41.39067374327632 -149.09335571382024 -1055.1211966495284 266.3869405148638 -96.76296168099707 -97.75402133239439 -1044.8008990104686 299.3683512705649 -30.86943578850286 -157.93633584236093 -1069.5043031689938 287.849338398522 -111.768277683433 -86.03888815609508 -1059.6672727283462 288.9401741734067 -97.66400645775948 -111.82882203816368 -1041.581519580471 269.8531416847441 -104.84192904089939 -95.07108747207732 -1045.667141730353 327.32928171942774 -17.524816113911037 -154.077012646472 -1048.7466660609975 289.5512713166208 -104.97354771156917 -89.40706789045208 -1024.5809938420462 265.21645027357346 -57.044255066858696 -138.87289541517305 -1008.3981488469784 315.8291754443282 -85.2927649034011 -107.13251151322974 -1030.2943247744831 299.47070458112836 13.062277915693585 -182.14959788580927 -1009.6377832613302 296.10652850328745 -88.81949322706444 -125.93800052562901 -994.5969501459981 325.8209631940624
740.0048193674556 1.96581482066679 0.879139114037273 1.9658148206668185 1.9658148206668529 1.7582782280750269 0.8791391140377448 0.8791391140375014 1.9658148206666182 1.7582782280750264 1.7582782280750173 1.758278228075024 1.7582782280751892 0.879139114037496 0.8791391140376512 1.7582782280750373 1.7582782280748612 0.8791391140374988 1.758278228075059 1.9658148206668213 0.879139114037604 0.8791391140375345 3.6247834267886314 1.75827822807501 0.8791391140375295 1.965814820666825 1.7582782280749956 1.7582782280750446 0.879139114037247 1.758278228075049 3.6247834267884746 1.7582782280749958 0.879139114037749 3.6247834267885777 0.8791391140373519 1.7582782280750544 1.7582782280752158 1.7582782280750477 0.8791391140375523 1.7582782280750477 1.7582782280751705 0.0 0.8791391140374644 0.8791391140375154 3.6247834267886545 0.8791391140374835 0.8791391140376822 1.7582782280750227 3.6247834267884818 1.758278228074999 1.9658148206669817 3.6247834267885723 0.0 1.758278228075026 1.7582782280749978 3.6247834267885755 0.879139114037268 1.7582782280750169 1.7582782280749594 0.0 0.879139114037221 3.6247834267886185 1.7582782280749818 3.624783426788601 0.8791391140373993 1.7582782280750178 0.0 1.9658148206668464 1.7582782280749627 3.6247834267885897 1.7582782280748934 0.8791391140375565 1.7582782280753306 2.486580916569022 0.8791391140376141 1.7582782280750133 3.6247834267886576 2.486580916569033 0.8791391140376614 1.7582782280750284 1.7582782280750393 2.486580916569015 1.7582782280751932 3.6247834267886136 0.8791391140373376 1.7582782280750413 1.7582782280750346 3.6247834267885914 0.8791391140378167 3.6247834267885786 0.8791391140376674 1.7582782280750369 1.7582782280749725 3.6247834267885977 1.9658148206668824 0.8791391140374872 0.8791391140376076 1.9658148206668125 1.7582782280748892 0.8791391140374855 1.965814820666735 0.8791391140375165 0.879139114037401 1.7582782280750209 1.7582782280749287 0.8791391140375013 0.0 1.758278228075032 1.7582782280752431 0.8791391140375088 0.879139114037672 1.7582782280750398 1.7582782280749447 0.87913911403749 1.96581482066674 1.7582782280750375 0.8791391140375943 0.8791391140374875 0.879139114037521 1.7582782280750229 0.8791391140375676 1.7582782280750424 1.758278228075178 0.0 0.8791391140378206 1.7582782280750262 0.8791391140371947 3.624783426788593 2.19784778509363 1.7582782280750113 0.8791391140372439 0.8791391140375363 3.6247834267886283 1.9658148206668218 0.8791391140374749 0.8791391140375207 1.7582782280752853 1.758278228075032 1.7582782280751108 0.0 1.7582782280750546 -2.3472108099051394 -175.4536705307413 -1039.3994789324274 265.69175840924686 -122.81986670566462 -82.3512971047938 -1051.9422543026649 292.9690083570803 -67.99514214154155 -128.03141635111507 -1045.6389451334398 315.22804092582567 -78.13913974566509 -124.81141196492294 -1050.5542772846445 319.41611669811834 2.8018884338815453 -170.96971762741586 -1044.605697493264 322.76229192054376 4.651572207087015 -175.2763108193339 -1022.9372437866675 281.185929894559 -33.85369492876158 -150.99079008192413 -1044.1502978827946 287.0485864374302 -64.04042611109672 -133.26189827748735 -1025.2584024255139 291.5492343451629 -87.14725961892938 -121.56274141067925 -1013.0927209250182 292.2259703244373 -27.84936710101948 -160.33294861330452 -1034.3739562803983 316.74663773126707 -32.19093200911041 -143.4765285569724 -995.2551773108712 320.5041011025779 -79.98422852390144 -120.60208124942184 -1044.2256528939731 276.565194931244 -12.080360482424181 -166.7376200844722 -1028.3180746408996 267.5244736482061 -2.8172967668450286 -167.08311432134653 -1050.3659301880707 264.44907545872417 -17.342317463994856 -149.41779456147788 -1010.5796611961563 285.73743837402276 26.880755375006814 -186.0161258283121 -1048.6978161335585 304.80172525632094 -72.11996732643026 -119.02752177457799 -1013.0809902357198 304.3262287618976 -65.72509761038152 -139.23767174461668 -1033.0097711396988 292.409153334173 -81.67793975372177 -116.51763492409685 -1015.9718113972168 278.60412138354405 -79.94901362633126 -130.81471227481293 -1056.5671125994343 284.7206896003549 -110.71201222498362 -108.06006669876342 -1022.9147279383741 274.76995231838373 -96.74948422527861 -113.05826897867556 -994.961268351029 332.73410208726835 -28.0430631997496 -155.15614109484574 -1068.3164206020178 296.9192258982386 -98.79879016514053 -104.98920282503941 -1020.3950934124318 298.266607645055 -20.444687549840562 -163.23045151320457 -1041.5450627709236 259.6800466498637 -58.6634119235102 -142.3247593383072 -1017.0357501305357 272.33318863717557 -4.847894705771464 -170.315482605329 -1051.4587491566226 313.0025972810308 -25.655745668566713 -148.42827021570855 -1074.3243909835167 286.88393883558825 -70.28939048387869 -123.6141334882459 -1014.5818257005534 297.78008329879003 -60.862926234447606 -146.7735504579257 -1037.9170556596705 303.8686480845653 -7.393699318112446 -162.30998491237284 -1011.668375970323 311.9339215746752 -123.65448930030962 -78.30822264275221 -1022.0099597242335 304.15195790281456 -37.65822123693087 -145.77541137551916 -1000.9388580403048 315.0381592189941 18.05078280006387 -182.71596130985097 -1068.1547370576686 277.43148991050435 -45.75624564575741 -136.4512134983094 -1057.096039573256 311.5124752882919 -73.4312225834953 -130.13251566742153 -1064.0635560308 303.5545119459939 -21.950554636958874 -159.06454531179418 -1029.0424276971867 277.13689044746513 -53.65518133104837 -136.77794598453158 -1025.8550019626489 297.7407854987146 -92.82353723167788 -108.97422123947148 -1016.4262675032872 285.21012039413085 -53.01711382351186 -126.80017323429935 -1032.6008871147305 285.44247520055154 -41.435413611776546 -140.90622645670558 -1061.2784264707293 295.42349539247203 -54.47363842082258 -147.0126162542478 -1049.8503820585056 283.2236487771156 24.25967851420537 -180.45473365424706 -1019.7341593338264 289.798455057259 -47.91618361070072 -150.7494893136445 -1038.5395188095774 282.6718126287237 -88.47850120053447 -113.04848389968105 -1007.4800574893137 305.31639818451794 -103.37223229266294 -100.84059024299111 -1054.3081308110104 302.9131050974052 -14.834232347487 -162.3694667488823 -1002.7679103751359 325.19924308179105 11.153474909462215 -173.27638429940833 -998.1946231227713 324.90742761876487 -70.68600260660091 -134.20583069453534 -1029.4912769244106 257.6693346298392 -40.36457564605604 -151.85290099250125 -1023.6920738439778 262.18375543963907 17.437012550107802 -177.40347581421696 -1028.836724977258 307.95269009051316 -102.47470663086185 -114.67576004870136 -1035.3875820707835 297.0799809323266 -47.124735727255306 -131.643439125342 -1025.5900448438892 314.59450675512613 -50.86164772348704 -142.89902176198134 -1062.0167922930623 284.27693254385656 -105.89473976996616 -105.48153214326774 -1058.0083438189752 274.5531985898565 -15.635580031631488 -157.92605695256844 -1039.6085184617411 317.68654934295387 -91.0830337584466 -117.04866529783361 -1058.239657510012 305.04653029954926 -85.73581785107362 -126.2146680092254 -1007.0324553468834 311.56092081117805 -43.81770989185786 -147.18189961980613 -1053.0243784975971 268.4915824589793 -101.1153278242447 -96.97982845227834 -1043.102033197971 301.7561266504189 -34.28806832409754 -155.90519981383264 -1068.2034065422017 290.52026125235716 -114.6122069795308 -85.30446958934999 -1057.8000863112813 292.4070221875391 -101.57907797004401 -109.59627967520275 -1039.8826566929586 272.2409203386775 -107.27348247753686 -92.90104218757462 -1042.4912567765718 329.2656083589297 -20.272027166247003 -153.05328961562043 -1047.6982523833574 290.60358738190877 -105.34867122915287 -87.03378208567607 -1022.2316762886426 268.93968595438696 -60.272494870218296 -137.7480541247657 -1006.3013185614076 317.93380492757825 -87.93466025671886 -105.77370925397618 -1029.475545537589 301.88523354478366 10.964861848925878 -179.48795415715435 -1008.3368777010133 298.77744730756575 -92.38192904093594 -124.24652723391546 -992.6991010375431 328.0671650039181
750.0048193674556 1.9658148206668538 1.7582782280751261 1.7582782280750202 0.8791391140374026 0.8791391140375102 0.879139114037377 1.7582782280750027 1.9658148206665516 0.8791391140375141 1.7582782280748204 0.0 0.8791391140373603 1.7582782280750346 0.8791391140376055 1.9658148206668085 1.7582782280750158 1.965814820666818 1.965814820666684 1.9658148206668289 0.8791391140373215 0.8791391140375586 0.0 1.758278228075032 1.7582782280750502 1.7582782280750193 1.7582782280748628 0.879139114037472 3.5165564561501172 1.7582782280750073 1.7582782280750677 3.931629641333649 0.8791391140373293 0.879139114037507 1.7582782280750586 3.6247834267886083 0.8791391140376017 1.75827822807504 1.7582782280749727 0.0 1.7582782280749116 2.4865809165690242 1.7582782280749651 1.9658148206668309 1.7582782280750546 3.6247834267885897 0.8791391140372324 0.8791391140374869 0.8791391140376852 1.758278228075044 1.7582782280747928 1.758278228075043 1.7582782280749882 1.9658148206668598 1.758278228074911 0.8791391140374933 1.7582782280750484 0.8791391140374949 1.7582782280748877 1.9658148206668478 1.758278228075173 2.4865809165690758 0.8791391140376075 3.6247834267886105 0.8791391140375859 3.6247834267886025 0.8791391140375479 1.9658148206668553 0.8791391140377723 1.7582782280750235 3.6247834267886314 1.7582782280750238 0.0 1.758278228075048 1.7582782280750693 0.8791391140375537 1.7582782280751987 1.758278228075016 0.0 1.965814820666814 0.8791391140371803 3.6247834267885954 1.7582782280751166 0.8791391140375154 0.8791391140377456 2.4865809165690007 1.758278228074982 1.965814820666834 1.7582782280751514 1.7582782280750464 2.4865809165691313 1.758278228075008 1.758278228075173 1.7582782280750404 1.96581482066679 1.758278228075038 0.8791391140376076 1.7582782280750093 0.8791391140378143 1.7582782280750113 1.7582782280748912 1.7582782280750406 1.758278228075181 1.75827822807504 0.879139114037729 0.8791391140374677 1.7582782280751792 0.8791391140374669 1.7582782280750846 1.7582782280750346 1.758278228074869 3.6247834267885994 0.8791391140373536 1.7582782280750187 0.8791391140376655 1.965814820666821 3.6247834267885644 0.8791391140375342 0.8791391140375813 0.8791391140375343 0.8791391140371431 2.486580916569051 0.8791391140374862 0.8791391140374888 1.7582782280751672 1.7582782280750324 1.7582782280749978 0.8791391140375202 2.19784778509363 2.48658091656903 1.7582782280751417 1.7582782280750517 1.9658148206668953 3.6247834267886323 2.486580916568975 0.8791391140375092 0.8791391140375626 1.7582782280750628 2.4865809165690984 5.274834684225094 1.9658148206668509 -4.693764832854136 -171.96929300719125 -1038.9786645567551 268.3894322431061 -124.70808182388906 -79.66204320159552 -1050.4958775823015 293.73817954446486 -69.9445571789491 -126.12208515277344 -1043.2283162986082 316.50999159701263 -82.01468034609499 -124.12380131855011 -1048.0901398159144 322.4582439536106 0.14913731667596064 -169.70554300663073 -1042.478213085438 323.6462800253367 2.541952285032278 -173.9592689413844 -1021.2383763112545 283.5737043401497 -37.05341882209566 -148.31195221302244 -1041.9693058036703 289.69275193876234 -67.29052216666712 -132.1978776047756 -1023.9574972000974 294.22015328552 -90.82485502875274 -120.20665880972572 -1012.0214508954164 296.2591031717359 -33.90901144348312 -158.42381073299396 -1033.639340149926 318.6216318668969 -35.03563649883836 -142.7284416108916 -994.0384352137667 322.63548521130247 -82.24785497824466 -119.6550670161437 -1042.6951135886034 277.8739014386518 -16.036365393183953 -164.76881986549236 -1026.7033712449686 269.3727140409165 -5.425581016708408 -164.28529678772313 -1047.6415034959857 264.9083519866298 -19.262091376326495 -148.98546490804003 -1010.0746805423257 288.974646525297 24.502805504809565 -184.03573785036468 -1047.4810749699814 306.93310980115774 -75.16591116015246 -117.29569712820333 -1010.3337071681134 307.76631764501985 -70.21492335187057 -137.24838712692872 -1032.474136608667 294.425719983446 -85.34558035351382 -115.14968498891821 -1014.9005417712302 282.6372543776974 -84.31957945768487 -128.42958740776777 -1055.0365732558246 286.02939641040365 -114.2447730757436 -106.1374467387412 -1021.1316973005377 277.6972616573531 -100.37845254754924 -111.53023925113966 -993.7254080556254 335.271474940087 -32.480963163638854 -153.05745880015215 -1066.6175554065721 299.3070023658552 -101.8361291093372 -103.13907451717141 -1018.2140997546184 300.91077188135273 -24.11905225724002 -161.89233175096987 -1039.846198880541 262.0678237361061 -61.28932067684256 -140.93360818246614 -1015.7654997921899 276.2247494701059 -9.003270229304691 -167.4676172749045 -1049.844045472304 314.85083740666596 -29.12163331230061 -147.9684623650241 -1072.5413661810512 289.81125167018513 -73.93568582448802 -122.1836468727152 -1012.8294486397124 301.9280338708039 -64.56672801171916 -143.984174525555 -1035.8202259264601 305.9732781074218 -11.097338110108678 -159.6417787890573 -1009.9695080406711 314.3216957124914 -129.8158695275187 -75.8642104177204 -1020.226928423137 307.079266788179 -41.9624042663604 -144.01847149526554 -999.1251724089831 316.74482634528346 16.749884967578495 -180.64793779022756 -1066.4558753768083 279.8192683409955 -49.07016242044058 -135.5767090153331 -1054.662557365034 315.7752446037509 -77.39351759921733 -128.10274868844894 -1061.9667275334025 305.6591433601813 -26.97395345080003 -157.51903236637128 -1027.4277237868093 278.98513043041055 -55.65740602205168 -136.62275209138556 -1023.5898449274739 300.92448449591154 -97.5215938346944 -107.64432620776556 -1014.4749095064656 289.21649878962813 -56.186813223988885 -127.0335757396423 -1030.8178565115677 288.36978447154155 -45.592634968942825 -139.47290246372677 -1059.4953978632366 298.3508058630713 -56.16665972328687 -145.91996975499072 -1048.151516622772 285.6114245847157 22.61057419556224 -179.2948549025445 -1018.2342727980925 292.3278016537797 -50.30819339093684 -150.1814345969064 -1035.8764007857314 285.5723681792213 -92.02578714800788 -111.23859072910962 -1005.2455544754724 309.7207387306553 -107.55554931102644 -99.47524061476953 -1052.7775906070779 304.2218105940146 -19.255650359098926 -160.2392282645804 -1001.2145143703078 329.48876592553705 9.675205419726428 -171.66991012795617 -996.7788998475016 326.8972393999268 -74.18272353086398 -132.31147634530828 -1029.1546251366103 259.82747349719824 -43.73149468178743 -149.64449647200152 -1024.036528116949 264.2270762819748 15.24444038191925 -176.3026693202909 -1026.854712649091 310.73842676795687 -106.44419143450236 -112.53918703552802 -1033.688714732064 299.467755517157 -48.97526820190866 -131.0092992226777 -1022.2151640170429 316.38923696445136 -54.014885152076104 -141.56473629488383 -1060.233765007392 287.20424367295914 -109.88882872621498 -103.41136009150563 -1056.2253175957583 277.4805102968983 -20.224900034950856 -156.25911527823692 -1038.1086320483487 320.2158960134694 -94.29711167830635 -115.8487606354337 -1055.8903393150997 308.7697654174525 -90.20085987870235 -124.10016982517125 -1004.1168453202265 316.0800790578142 -48.20111248544412 -145.66312028933788 -1051.891803785193 270.083434898122 -101.68222651744044 -95.30796664366197 -1042.4515810469813 303.09158633033354 -38.81326652525936 -154.04520207958845 -1066.1907421560586 292.0853589503672 -115.89307816538003 -82.2371966283368 -1056.8664903901442 294.1404448261473 -106.68540423274848 -107.91837587456558 -1037.6175023279673 275.4246213305351 -109.69767252601102 -92.54498111496827 -1038.2363011773823 331.0336162367408 -23.340350601910767 -152.21376331343046 -1045.035134662743 293.504143330794 -108.7248066658752 -86.45429439175338 -1020.8466082282126 272.15013987471576 -63.44442932925502 -136.44793709545394 -1003.5846897123998 322.59453550141313 -89.2745812430191 -105.12860236556894 -1027.1797342580185 303.8482909082588 8.569416238101082 -177.52925770510836 -1008.1456957242003 302.83733474927544 -97.26387106992887 -121.78512526521676 -990.5487614982642 331.9319708650507
760.0048193674556 1.9658148206667874 1.7582782280750637 1.7582782280750058 0.879139114037523 1.7582782280750107 3.6247834267887065 0.8791391140374948 1.9658148206666686 1.7582782280750264 0.0 0.8791391140375623 1.7582782280749956 3.6247834267886057 0.8791391140372448 1.7582782280750264 1.7582782280749918 1.965814820666838 0.0 3.6247834267886097 3.6247834267883086 1.7582782280750544 0.0 1.7582782280750322 0.8791391140373395 0.8791391140374694 0.8791391140378584 3.6247834267886114 1.7582782280752451 0.8791391140374972 1.9658148206668093 1.7582782280749856 0.8791391140377554 0.8791391140375149 1.7582782280751044 1.965814820666846 0.879139114037825 0.8791391140375321 0.8791391140376471 3.6247834267885763 1.7582782280752223 3.6247834267885897 0.8791391140375132 1.7582782280750249 0.8791391140375273 1.758278228075025 1.9658148206666874 0.879139114037525 1.7582782280749558 3.6247834267885994 0.8791391140372432 1.7582782280750116 1.965814820666815 0.0 1.7582782280750633 2.4865809165690216 0.0 0.879139114037495 3.6247834267885963 1.75827822807506 0.8791391140372886 3.6247834267885777 0.8791391140373358 1.2307947596524722 1.7582782280750626 1.7582782280750386 0.0 2.4865809165690185 1.758278228074819 0.879139114037486 1.7582782280749554 1.7582782280750378 1.758278228075056 2.486580916569025 0.879139114037528 1.758278228075039 1.9658148206667039 0.8791391140375385 1.7582782280748523 0.8791391140375091 0.8791391140377047 0.8791391140375198 1.7582782280747251 1.7582782280750227 0.8791391140372301 3.6247834267886274 1.7582782280749534 0.0 1.7582782280750096 1.7582782280750093 1.7582782280749094 1.758278228075033 1.7582782280749008 1.7582782280750218 3.6247834267887233 0.8791391140375463 0.8791391140376525 5.274834684225065 0.8791391140371412 2.486580916569025 3.6247834267885586 0.8791391140375562 3.6247834267886874 1.7582782280750313 2.4865809165691344 0.8791391140374704 1.965814820666704 0.8791391140374952 0.8791391140372133 0.8791391140375285 0.8791391140375728 3.6247834267886194 1.7582782280751659 0.8791391140374957 0.8791391140372554 1.9658148206668273 1.7582782280751519 3.6247834267885937 1.7582782280750857 1.7582782280750457 1.758278228074931 1.965814820666836 0.8791391140374394 1.9658148206668284 1.7582782280752662 0.8791391140375252 0.8791391140372473 1.7582782280750129 0.43956955701889433 1.965814820666826 0.8791391140373245 1.7582782280750473 1.758278228074936 1.758278228075034 1.758278228075055 1.7582782280750509 1.9658148206666202 1.758278228075045 3.624783426788633 3.624783426788621 1.9658148206668509 -9.539178355631998 -170.99852762971784 -1036.231383060638 271.82952235571116 -126.82466052424586 -75.68733679564639 -1048.7128470171006 296.6654889355826 -73.29396925360413 -125.39250237794447 -1040.5651969546032 319.4105459954964 -85.17266678523787 -122.71094954642415 -1044.432114486603 324.65093684589914 -3.0206981894832823 -166.99498849429963 -1039.1339866818053 326.6616521437316 -1.5032297586523584 -172.22157355061842 -1019.7691440923617 287.3236925868898 -40.215055843142636 -146.99135999897504 -1039.9566394000958 291.2578471617782 -70.88117415338877 -130.59797725820158 -1022.258629387115 296.60792750555095 -95.41100402005881 -118.4545475777269 -1010.3225830022246 298.6468773367166 -38.52646247259229 -156.84978744967177 -1030.807893759742 322.60125555197044 -37.80914208751452 -141.78954507609015 -992.6533661627392 325.84593868751745 -86.5506863650561 -118.70547441775007 -1040.9962467127748 280.26167632343055 -19.093898685205115 -163.16930245888025 -1025.486629699153 271.5040984498606 -9.024073867597147 -162.73782895694126 -1046.3406003613777 267.5792719935848 -21.105679774914144 -148.34119167483314 -1008.2074857342803 292.441490076405 21.535257581579053 -180.8293066833022 -1046.3484965485986 308.5249594489042 -76.10258101054536 -117.02739342330862 -1008.4665122853149 311.2331611505446 -74.34607198480516 -135.75256587494766 -1030.6604511562018 296.1323873096314 -88.03812303784602 -113.88522278174011 -1012.6353846769019 285.82095334838135 -89.42688753409469 -126.7295619628237 -1053.169380415717 289.49624109725437 -118.72673745068784 -103.91842862563948 -1018.782377022664 281.4204954368803 -104.57342991870186 -110.20078182495287 -992.4261165765473 340.3412054243616 -36.48483844991093 -151.1794111073507 -1062.9595308662088 301.4996964981102 -103.60430736445365 -102.18364292738748 -1016.0331060275764 303.55493607594445 -27.730131025591128 -160.36998387036493 -1039.5937096726384 263.68642813609694 -63.800415247376215 -139.1189586501831 -1012.7350723811409 280.06280098842933 -12.224039005464299 -166.3165315688245 -1046.3008380532788 317.72463740075386 -33.428550629729465 -145.4636156974172 -1071.293970972251 290.72199524308826 -77.75118886780272 -121.32194265660506 -1010.281146775299 305.50969510184393 -68.48440089324882 -141.73761270176624 -1035.4835722183325 308.1314168710796 -13.153103042181293 -158.13552174014336 -1009.0665648229843 317.27575916004446 -133.99595162519572 -73.50999608541898 -1018.1300981753227 309.18389630251477 -46.59830927667421 -142.47877871439945 -997.3114867775072 318.4514934714299 12.717976941371552 -178.88939449236696 -1065.2391352917296 281.9506535070469 -52.62987459892781 -133.9032646884183 -1051.3718401905192 317.03044058319506 -81.75074499859181 -127.34307497705201 -1058.5918472633687 307.4538745667665 -31.35996006861906 -156.00599765243985 -1026.1268186510113 281.65604942149923 -60.48417909665793 -134.06936497600003 -1022.8552287065347 302.7994785948718 -101.29923369464986 -106.657727134981 -1013.5719663868156 292.17056226935625 -58.334074308196534 -124.06262389827714 -1028.6368630425975 291.0139489060113 -48.222832837823894 -138.0921156110791 -1057.1460785198385 302.0740403131976 -60.277059877355256 -144.34112027633765 -1046.9347753679585 287.74280913943267 18.007324346328566 -176.271095185506 -1017.8976189619325 294.48594039439047 -54.872301999000285 -148.42750083805635 -1034.743822422834 287.1642178316188 -95.39111271398316 -110.59324729384483 -1002.7853156552152 314.86359513764086 -109.6933849795744 -97.94409887000269 -1051.33121327659 304.99098098136045 -22.620080921399538 -158.01948495220884 -998.2147408658928 334.5474588553843 6.885507134452315 -169.34315873341095 -994.995868440235 329.82454822107866 -78.46766216521779 -131.31527270671953 -1027.9378838680316 261.9588580348126 -47.68092921471374 -147.56469576041883 -1021.9703529717976 267.55234802800123 11.921032520504934 -174.024452272309 -1025.0716813319557 313.6657356436038 -110.99276168961373 -110.61726122312287 -1031.5077211676366 302.1119198632654 -54.01045179941027 -129.1241065933064 -1018.3275031280185 317.21971550104433 -56.81104610330294 -139.11829823216758 -1058.6190619096485 289.05248427710615 -112.55248819944865 -102.00383824298643 -1054.5264515838921 279.86828566728605 -26.060632973739427 -153.70283601873277 -1035.8434749994206 323.39959500969513 -98.00897413595604 -114.60176194615723 -1052.7986034553396 310.16653386399054 -92.70517700448022 -122.145867834493 -1001.7140153502882 321.5634889703054 -53.22530498811422 -143.7528274133726 -1050.1929380776048 272.471210520997 -102.92289508481143 -94.24501265022975 -1041.1506758498924 305.7625053032102 -42.82460232471197 -152.17420456553904 -1064.1780763589804 293.65045500252046 -118.7451730169141 -79.34111676962056 -1055.4507679693804 296.1302571805631 -110.35490668900358 -106.4806900506396 -1036.40076115839 277.5560058435517 -111.3716991825556 -91.14853940048644 -1033.966013832582 332.1913033834082 -28.798139600327954 -150.06948707630286 -1043.9867197970118 294.55645832365207 -112.11091088296683 -85.90968803747622 -1018.5814514157255 275.3338390447909 -67.64318249174865 -135.15991911444945 -1000.5007527310944 328.1927631150455 -92.7625906260577 -104.95347998292027 -1025.1135583161515 307.17356215525905 4.697778483363815 -175.32413558461326 -1005.0885133709284 307.55547417463225 -102.66942333596049 -119.32824327011707 -989.7606359815599 335.5671413238352
770.0048193674556 1.7582782280750322 1.7582782280749072 3.624783426788617 0.8791391140373245 0.8791391140375362 1.7582782280749638 1.7582782280750275 1.7582782280750107 0.8791391140374838 1.9658148206666095 1.758278228075016 0.8791391140374768 1.7582782280750189 0.8791391140375475 0.8791391140375538 1.7582782280749987 3.624783426788629 2.7800819805010395 0.0 1.7582782280751237 1.7582782280750298 2.4865809165690154 1.7582782280750209 1.7582782280752196 1.7582782280750395 0.8791391140373465 0.8791391140375255 1.758278228074887 1.965814820666816 1.7582782280751386 1.758278228075018 1.7582782280749838 1.7582782280750098 1.965814820666807 0.0 0.8791391140375274 2.4865809165690407 2.4865809165689683 2.4865809165690322 0.8791391140373708 3.6247834267885897 1.7582782280751108 1.7582782280750109 3.6247834267886545 2.4865809165690678 0.8791391140378375 2.486580916569018 0.8791391140375323 1.965814820666822 0.8791391140377911 1.965814820666858 1.9658148206669197 1.7582782280750353 0.8791391140377054 1.7582782280750409 1.7582782280750724 0.8791391140375313 1.758278228075106 1.7582782280750113 0.8791391140372534 1.758278228075018 1.9658148206670263 0.6153973798262417 0.8791391140374801 1.7582782280750282 3.6247834267885084 1.7582782280750107 1.7582782280750873 3.6247834267885777 1.9658148206669852 3.6247834267885866 0.8791391140377538 0.8791391140375293 0.8791391140376703 0.8791391140375555 0.8791391140373407 1.758278228075048 5.274834684225074 1.7582782280750284 1.7582782280750358 0.0 1.7582782280748146 0.0 0.8791391140377192 1.7582782280750329 1.7582782280748288 0.0 0.8791391140378413 1.7582782280750116 1.7582782280751963 3.6247834267886097 1.758278228075335 3.624783426788593 1.7582782280749136 0.8791391140374986 1.7582782280751765 1.7582782280750282 1.7582782280747429 0.8791391140374739 1.9658148206668873 1.7582782280750284 2.4865809165690935 0.0 1.7582782280750697 1.7582782280750286 0.8791391140377228 0.8791391140375079 1.7582782280748828 0.8791391140375333 1.7582782280748868 1.9658148206668185 0.0 2.4865809165690402 1.7582782280750568 3.6247834267885994 1.7582782280749714 0.8791391140375598 1.7582782280749019 1.7582782280750318 0.8791391140377542 0.8791391140374872 3.6247834267883556 1.9658148206667998 1.7582782280747875 1.7582782280750207 0.8791391140377496 0.8791391140375187 3.62478342678878 1.9658148206667845 0.8791391140374324 0.8791391140375283 1.9658148206668553 1.758278228075031 0.0 0.8791391140375322 1.7582782280750775 1.7582782280750142 1.7582782280751135 1.7582782280750198 2.486580916569076 -12.150659804049555 -169.5769291125309 -1033.5682639461093 274.73007701560147 -129.63236278438865 -74.81344628912811 -1047.9782310139474 298.5404830930449 -76.65884040674602 -124.72533508386161 -1037.5347693666758 323.2485973413344 -90.1886900356336 -120.64907077147473 -1042.534265469102 326.89713873326286 -5.02545576649744 -166.8073077341046 -1036.2718859837134 329.42063410502277 -5.190419628924021 -170.9277065791452 -1018.7820374925797 290.817290753376 -44.32961257907708 -145.42701829841843 -1038.9923878117202 291.770627312504 -74.51727947506708 -129.0719195858414 -1020.0469814235387 298.0314500204236 -100.68470975985174 -117.38682633600017 -1009.9898287197398 302.90574595672257 -42.16769402257221 -155.41475865121308 -1026.69839672486 326.2709799022873 -42.94911997512482 -138.61864321443616 -991.5820959909871 329.8790715025361 -91.6920039971478 -117.12621707021765 -1038.248964258826 283.70176569799145 -22.714913162026306 -160.15280530125156 -1024.1015609874296 274.71455208161825 -10.62976781414746 -161.40529515221624 -1044.1596075270395 270.22343702345694 -23.884639305170325 -147.42027515999774 -1005.8581650466098 296.16472362960667 18.445942556942228 -180.748519210141 -1043.3715782170996 310.60283450590714 -78.27885054866587 -115.6832073518905 -1005.9488646144839 316.0354640518564 -76.64428792316596 -133.08056747366922 -1030.0099984320018 297.46784672476997 -91.29275612977858 -112.80013073289298 -1010.9978252953947 290.65001091094206 -94.21982774245855 -125.73466938297024 -1052.4347645516646 291.37123533011237 -123.07434709556058 -101.11219287871458 -1017.7952704611228 284.9140936099924 -106.77679828123702 -108.91575217505643 -989.6314550950605 345.7855990207238 -38.727391920060846 -150.19964475370318 -1061.6279713880103 302.9499738724857 -106.22687981068994 -100.54862907833616 -1015.6964521323465 305.7130748142024 -31.435455123062404 -159.13583390064105 -1038.859093998912 265.5614224682659 -67.15444299492867 -138.40597781671707 -1013.140834084626 284.54740539233313 -15.601843003524337 -164.1310644072363 -1044.3188256141596 320.5103739918432 -38.85286446803843 -143.19769990477917 -1068.0339087107334 293.1978337049017 -79.91896631583691 -119.97487901047054 -1007.9318260694223 309.2329286423856 -72.57757197071484 -140.06182706743525 -1034.266830195001 310.26280102520036 -15.38069076205045 -157.11377619421592 -1007.3983511169353 320.8841749924904 -136.5123416710589 -73.12625415317746 -1015.4669785971446 312.0844505161816 -48.71232295544205 -141.0591834452817 -993.913750916853 323.2270417462152 10.668841705982086 -177.3740758815177 -1063.9382308340275 284.6215727761501 -55.684799297759554 -132.2197431363783 -1049.221500883578 320.8952465594151 -87.51329493741977 -124.29357386075183 -1056.4108538263827 310.098039023001 -34.677422851945785 -155.16444454406752 -1023.8003530211611 282.39846503030174 -63.56266515963899 -132.41565193766715 -1021.4395054519763 304.7892903931498 -103.38391252142546 -104.89922866187577 -1010.5147840893643 296.8887017305052 -60.609815404261546 -123.14694221675582 -1025.9737435593422 293.9145032052253 -51.344349493996404 -136.61644210430612 -1055.4472109197966 304.461814673332 -63.948285600126006 -142.99342396623777 -1045.3200712273483 289.59104883170477 16.250936530713986 -175.37944138799543 -1015.3493171181982 298.0676016401739 -57.67068213715528 -147.56855641911562 -1032.1648665131947 289.52523756482043 -98.53344523643818 -109.0649063674811 -999.5559067484733 318.56007404493846 -112.49015589993712 -97.03599407949741 -1050.0303079403775 307.66189987532647 -25.4779601936212 -155.77884126149806 -994.9853319591019 338.24393776263963 3.5282014239632336 -167.11667889450695 -992.3366484414389 334.82583230032134 -82.20160155938369 -128.27611224972728 -1027.2874313179573 263.29431752425074 -51.013734920734116 -146.77965002666778 -1021.9474982753893 270.53316612738 8.029559834181976 -171.85242339030734 -1023.3728134378582 316.0535098097267 -114.73928775242457 -109.46806675590999 -1030.6047780339827 305.0659833380724 -57.07399046944665 -127.4472660045775 -1015.8020562620801 317.82055863514597 -59.74123137640128 -136.97556738291456 -1058.2824085797001 291.21062308563626 -115.34709308485188 -101.10426009159814 -1053.7918358168606 281.7432799705591 -29.613849699397047 -152.00580712258488 -1032.1319403670236 327.35246405324335 -101.15216313240114 -113.07324361173744 -1050.8472454346077 314.17291223755296 -97.44726247049047 -120.94773849443689 -1000.8952356093677 323.97801773404854 -57.14455230643843 -141.532291295684 -1048.4099078291065 275.39852005020356 -105.77432557046947 -93.56244695170379 -1039.589480663792 305.85056847013885 -45.54370186153588 -151.05725244972288 -1062.1654098266165 295.21555025256674 -122.02826405519374 -76.10842189109246 -1053.5529192397096 298.376459370429 -113.15020021283323 -105.56231794443262 -1034.7018936746283 279.9437802484925 -113.70025799693906 -90.36551559278747 -1029.726389979003 334.5696319923629 -33.59352024661421 -147.46217955955092 -1042.6858145137517 297.22737726307395 -114.96872579246072 -85.26104977323178 -1018.0458164405109 277.35040547832483 -69.91992429660344 -134.2618567577491 -998.3504131918313 332.05756897618664 -94.65852939786329 -104.48231527251367 -1023.8968162541079 309.3049462857096 2.314905475789892 -174.73892326049082 -1003.2213184872359 311.0223176797971 -107.3507777116116 -117.9231264525157 -989.401127045319 340.70609813272256
780.0048193674556 1.965814820666804 1.7582782280748133 1.965814820666788 2.486580916569442 1.7582782280750442 3.6247834267884573 0.8791391140375235 1.7582782280749758 0.8791391140375358 0.0 1.965814820666814 0.8791391140374095 3.6247834267886034 0.8791391140378394 0.8791391140375318 1.7582782280750338 2.7800819805010364 1.7582782280749607 1.9658148206667965 1.7582782280748788 1.7582782280749831 1.7582782280751508 1.7582782280750382 1.758278228075134 1.758278228075039 0.8791391140376812 0.8791391140375413 1.758278228074934 0.8791391140374788 2.4865809165690966 3.5165564561500506 0.8791391140377205 1.7582782280750247 1.7582782280748563 1.7582782280750415 0.8791391140375343 1.7582782280750247 1.9658148206669677 1.7582782280750326 0.8791391140376382 0.43956955701873707 1.7582782280748808 0.8791391140375332 2.486580916569076 1.7582782280750187 0.0 1.7582782280750517 1.7582782280749687 1.7582782280750053 0.8791391140373375 3.6247834267886083 1.9658148206668138 1.7582782280750084 2.4865809165690616 1.7582782280750267 1.7582782280750875 1.758278228075037 0.8791391140373552 1.9658148206667945 1.7582782280749563 0.8791391140375608 1.9658148206669424 0.6153973798262417 0.8791391140376429 1.7582782280750466 1.9658148206668005 3.6247834267885994 0.8791391140377867 1.7582782280750435 3.6247834267885595 2.4865809165690353 1.9658148206666195 1.7582782280750135 3.6247834267887216 3.6247834267885906 0.8791391140374053 0.8791391140374941 2.4865809165690216 0.8791391140375181 1.7582782280748053 0.8791391140375452 0.8791391140374187 3.6247834267885803 1.7582782280750566 3.6247834267885786 0.8791391140376787 1.9658148206667978 1.7582782280749458 0.879139114037515 1.9658148206668897 0.879139114037523 1.7582782280749656 1.7582782280750167 3.6247834267885466 1.758278228075033 0.0 1.9658148206668264 1.7582782280749456 0.8791391140375241 0.8791391140376436 3.6247834267886043 1.7582782280750193 0.0 0.8791391140377547 1.7582782280750258 1.7582782280749853 1.7582782280750204 0.8791391140375261 3.624783426788621 0.8791391140376621 0.8791391140375334 1.7582782280752498 1.7582782280750366 1.965814820666628 1.965814820666817 3.6247834267886034 0.8791391140375573 1.7582782280751839 1.9658148206668433 1.758278228074738 3.6247834267885946 0.8791391140373255 1.758278228075047 1.7582782280749434 1.9658148206668358 1.7582782280752225 3.6247834267885963 0.43956955701889433 1.7582782280750335 1.7582782280749147 0.8791391140375217 0.8791391140374754 1.7582782280750378 3.6247834267886296 0.8791391140375151 0.8791391140376018 0.0 0.0 1.965814820666803 1.7582782280750546 -15.331146850985059 -166.73051868456633 -1032.7494843733712 277.1446058120642 -133.34080653937744 -73.48951676257553 -1046.7614890209768 300.67186724412744 -78.96754495115007 -123.88747984831788 -1034.4736874509872 325.8660069226296 -93.27811174574592 -118.88057160918467 -1039.9859636415217 330.4787999787845 -6.721073930662669 -165.72095470874228 -1034.0908922506917 332.0647982959744 -7.351743017559073 -169.69388658245737 -1017.5652954195937 292.9486748799434 -46.60486730842253 -144.51447709741026 -1037.9439727127854 292.822942105201 -76.47174499239516 -128.82290987459953 -1018.8302393480018 300.1628341394788 -104.08049645333907 -115.8271632898676 -1006.1941305152924 307.39814958610606 -45.3040925788475 -153.96508371426768 -1024.769893396302 327.29654002465287 -45.75159781316989 -136.0101918096144 -988.2991778314856 335.3357267885938 -95.67256661926626 -114.90200078612826 -1036.8638954195358 286.9122192657245 -26.2942039384942 -158.51267356118151 -1022.915473258121 278.06657794279045 -13.095897421461538 -161.102788093599 -1042.9428657342862 272.35482135134447 -26.35662235793588 -147.1529833985107 -1002.345611496021 300.25916490342235 12.476017154264404 -177.11981064156132 -1042.552798536839 313.0173632900237 -79.93366114990904 -114.26061630559185 -1004.1964874314842 320.1834145680632 -81.25388891812968 -131.393899170146 -1028.793256373379 299.5992308532184 -93.85288004665456 -110.9232331015195 -1008.6485046058658 294.37324446134994 -97.20146536764102 -123.49605232791404 -1050.9042237209353 292.6799402473759 -125.99751340244762 -98.64927268757216 -1015.6142767341921 287.55825780639793 -109.41098080281309 -107.29973735666961 -987.4873006565076 351.4530529589201 -41.53664303795987 -149.36223457201854 -1060.0974305045588 304.25867877837214 -108.49741307087257 -99.5229845823381 -1013.3164771971717 308.2156666589574 -32.625799991211444 -157.99835323102127 -1038.5224403532138 267.71956124544965 -70.75198484215115 -136.70143757539023 -1010.6766957033575 287.5895319475254 -19.562255369554737 -162.0810051200754 -1040.2093285983487 324.18009835497986 -42.847924292778366 -141.24320976771847 -1065.7380975558087 295.1608911993538 -82.88078682730234 -119.73807878453252 -1006.3784300679505 313.522451487533 -77.11994204131165 -138.10447204789872 -1031.6037106435924 313.16335526113716 -19.246014749269097 -156.3784004669366 -1004.1154329574514 326.34083027855763 -139.95061252172283 -71.9374048002345 -1013.4849660172321 314.8701870145762 -52.73719420956839 -140.92206184366202 -992.788971492392 329.020350940037 5.272940040299252 -176.56310686850082 -1062.239363278395 287.00934713325074 -57.56893637796877 -131.69851656958642 -1045.6782931687019 323.7690462151616 -90.36016955709766 -123.59132400583702 -1053.8318978072302 312.45905864404193 -37.33508091438629 -153.8349337401334 -1021.221396952943 284.7594846084544 -66.80180218229575 -131.29893493324323 -1019.4268386489161 306.35438520122847 -106.0723802762087 -103.51628712689275 -1007.8823187385541 301.0098976345383 -62.90651242734816 -122.27951350046446 -1024.8411649635 295.50635265268363 -52.69359324395481 -135.98245516050625 -1054.0008334739855 305.2309848515701 -67.46849974376717 -141.03640567989643 -1044.501291665331 292.00557765913953 11.571806508961648 -172.47292329872437 -1013.0841598968569 301.2513005035646 -61.576928402187555 -145.20399623701067 -1030.2976717383663 292.9920811355509 -101.27356923703867 -107.91650540057772 -997.1224225541499 322.8228422623104 -115.40070728693061 -96.61967002861847 -1048.1631131848278 311.1287434504493 -29.201460372588436 -154.61639011854106 -992.4141750351188 344.8064170425678 0.7526772037801452 -166.18341065680147 -989.9338184713388 340.3092422127319 -85.39799950359622 -126.97369542875197 -1025.9865259412195 265.9652364020893 -54.170396696592924 -145.3665294647505 -1020.447611654517 273.06251267847017 4.711289039104405 -170.98443272136393 -1022.0719078783397 318.72442860976577 -116.68008292641292 -107.01142212552043 -1029.242564017338 305.295618757541 -60.3750452635095 -126.54208754963807 -1014.0190248590162 320.7478674589309 -62.44180904385975 -135.72575277209916 -1057.065666738131 293.3420073345738 -119.47216783161885 -99.41884495426523 -1052.5750939910197 283.8746642303212 -32.11527672987755 -150.19507039810955 -1029.5529842707397 329.7134835887936 -102.41144461476233 -112.02119106449301 -1047.9851447492022 316.93189419119955 -101.90983497832926 -119.63073570613433 -999.028040725151 327.4448612389536 -59.362215086431064 -140.3967339425412 -1047.2773294436192 276.9903696132502 -109.63497718841414 -92.9235486877381 -1037.010524591594 308.21158804475607 -49.22585597633823 -149.7224446961124 -1060.3823787355143 298.1428592738787 -123.98832717672566 -75.92314198808559 -1051.7698880463781 301.3037683133058 -116.73936789871686 -103.73806852666999 -1033.2326614041604 283.69376850633586 -116.5596208643673 -89.72317042253377 -1025.1729610004447 336.1252836448555 -36.0332481799284 -145.44162549893662 -1041.4690725093483 299.3587614222574 -117.93518605079801 -85.0994358099711 -1016.3469485718542 279.7381796535205 -72.6363926604669 -133.04639549859107 -996.2535829052624 334.162198458516 -97.0913589367953 -104.15500251925614 -1022.7642376459105 310.8967957187072 -0.14762170348789927 -172.8760875948804 -1000.5888531152863 315.1435135700326 -111.10150071108227 -116.79341192595062 -986.3171900639289 346.3043257463061
790.0048193674556 1.9658148206668393 0.8791391140373411 1.9658148206667954 3.6247834267885923 0.8791391140375181 0.8791391140373844 0.8791391140375082 1.9658148206665162 3.6247834267886003 1.9658148206670323 2.4865809165690207 1.7582782280749654 2.486580916569062 0.8791391140373063 1.7582782280750229 0.8791391140375868 0.8791391140375295 1.7582782280750828 1.7582782280750187 0.8791391140376068 1.7582782280750422 1.9658148206668509 3.6247834267886074 2.486580916568949 1.7582782280750233 1.7582782280751412 1.7582782280750242 1.7582782280751155 1.758278228075031 1.7582782280749987 0.8791391140375604 1.7582782280750127 1.7582782280750486 2.486580916569081 1.9658148206668398 1.7582782280752196 0.8791391140374937 0.8791391140376593 3.6247834267885755 1.7582782280752385 3.624783426788641 1.965814820666776 5.27483468422511 1.2307947596525004 0.8791391140375043 1.758278228075349 1.7582782280750247 0.879139114037619 2.486580916569055 1.7582782280748233 2.4865809165690225 0.0 1.7582782280750164 1.7582782280750735 0.8791391140374986 0.8791391140377295 0.8791391140375073 1.7582782280749685 1.965814820666824 1.758278228074956 1.7582782280750349 3.6247834267886296 1.2307947596525257 0.8791391140374876 0.879139114037517 0.8791391140374087 0.0 1.7582782280750189 1.7582782280750113 0.0 3.6247834267886025 1.758278228074818 3.6247834267886065 1.9658148206668893 0.8791391140375204 1.7582782280750258 1.7582782280750122 0.0 1.7582782280750082 1.7582782280750138 1.758278228075029 1.965814820666779 3.624783426788613 0.8791391140377118 0.879139114037526 1.758278228075053 1.7582782280750142 0.8791391140376091 0.0 0.8791391140376236 1.7582782280750302 0.879139114037475 3.6247834267885684 2.486580916569076 0.8791391140374668 2.486580916569076 0.8791391140374898 0.0 1.758278228075061 1.9658148206668038 1.7582782280750187 0.8791391140376181 1.965814820666844 1.7582782280752227 1.7582782280750247 1.7582782280750908 0.8791391140374838 1.7582782280751268 1.7582782280750187 1.7582782280752223 1.758278228075032 1.9658148206668253 5.2748346842251115 1.7582782280750018 3.624783426788609 1.7582782280749842 0.8791391140375394 0.8791391140376272 0.8791391140375223 0.8791391140377501 0.8791391140374849 1.758278228074786 1.758278228075005 0.8791391140378696 1.7582782280750435 1.7582782280749938 1.7582782280750446 0.0 0.8791391140375332 1.758278228075234 1.75827822807505 1.9658148206668105 0.8791391140374827 0.8791391140374087 1.7582782280750313 0.8791391140375479 3.624783426788601 1.9658148206667394 1.7582782280750218 1.9658148206668509 -18.31336889465112 -164.80174632618775 -1031.5327423306458 279.2759899608303 -136.42657431985347 -71.57796378981082 -1045.0626211360618 303.05964142034486 -80.75358569957983 -122.95202132662843 -1031.9788948224427 327.6874917658118 -97.28166746819011 -116.69264668366175 -1037.437661770584 334.0604612008605 -12.093689729612153 -163.27014971986176 -1030.8308291326546 334.5406355233659 -9.563821103914231 -166.95268234124285 -1016.5475345129005 295.22163132186404 -48.901467967877835 -143.6361060008952 -1036.8113941308197 294.41479155336293 -80.56752975465481 -127.06949935540901 -1017.2996983764697 301.4715389159907 -108.8383000490088 -114.73015966212644 -1005.1228603472996 311.43128240217504 -47.988367178851185 -152.72237816085422 -1023.2393524235652 328.6052447986168 -48.57760761157891 -135.2466347841523 -986.0340205910333 338.51942563843954 -101.0503936738704 -112.15214856640802 -1035.5629899092507 289.5831380865717 -30.57689961337165 -157.51732610008767 -1020.4819891385985 282.3293462070707 -16.684311374329575 -159.4892646031732 -1041.6419603322504 275.0257402149621 -29.30966038429303 -146.8039551783837 -1001.5574859830384 303.894335363185 9.30786565125439 -177.3436772856246 -1039.8896789744692 315.91791751542917 -83.61979167156547 -112.87996137083131 -1002.7272549035004 323.9334027280256 -85.41081398330682 -129.88714464483056 -1027.4081873466052 302.8096843390794 -95.0032174382327 -109.39909156312456 -1007.8297248718067 296.78777322646397 -100.4199209618063 -122.24547931555188 -1048.6390666060745 295.8636391795781 -132.61630601673238 -96.92842981575517 -1015.3924405440557 290.39750355279875 -114.1736977260933 -106.2190613794944 -985.8512467579054 355.56388270212176 -45.17639644593048 -147.8528753976525 -1057.3194932941753 306.47812606072426 -110.93306459295816 -99.22268208192777 -1012.1838985788968 309.807516085526 -37.31757247406141 -158.42368116538344 -1037.4205161281095 270.53205242451673 -74.07509181336802 -135.87373514749595 -1010.4548595096761 290.42877769401025 -23.774652324674506 -160.81626561024407 -1037.178900900805 328.0181496130903 -45.01248847811995 -139.89150471220466 -1063.641267398471 297.2655208130481 -85.72912203975748 -119.05786200958543 -1004.8250340639627 317.81197433156206 -81.2771390716168 -136.58214799429476 -1029.9048427303628 315.55112941130926 -21.773263495944107 -154.60569552366246 -1002.1640745962917 330.3472084672204 -143.71569423836152 -69.90737496456194 -1011.1891545544539 316.8332441713308 -54.43962461017204 -139.70601642321753 -991.0059400851123 331.9476597611806 1.7916561380894647 -176.18678510770619 -1061.5889105796387 288.3448065560445 -59.33364888497546 -130.74250470584184 -1043.0151736017144 326.6696004370558 -93.71522161771614 -120.79884898345237 -1051.2529417342028 314.8200782086604 -40.95984298078382 -152.3070772569149 -1020.1501268184838 288.79261743068554 -69.11145843728941 -130.46866365842376 -1018.0417696051732 309.56483868050367 -109.09242005775239 -103.58037926387911 -1005.8161426813596 304.335168815592 -65.7508835126746 -121.57063305525313 -1022.5760077458289 298.6900515187991 -56.53077557244765 -135.22359100714252 -1051.8504940344978 309.09579076613755 -71.31889160373609 -140.31904165842212 -1043.3687130990816 293.5974271254168 9.79670817133165 -173.17615570585096 -1010.819002663038 304.4349993581065 -65.36048309989896 -144.2195614284536 -1028.116678002345 295.6362453257381 -104.60598340350938 -107.15396297510755 -995.3393911468719 325.7501510834547 -119.05097430751476 -95.04641626709082 -1046.7473899429444 313.11855525695887 -32.883423197127115 -153.29626691755098 -990.7153071047791 347.1941911799519 -2.281859022134889 -164.43968707975287 -987.8676424090014 343.6345133901058 -87.2110392072486 -124.03224024429142 -1025.4508909210326 267.98180282981474 -57.75245039916447 -143.64704471261783 -1019.7436496796613 276.15814846214874 0.8430945979075992 -170.24573376841462 -1020.3730399543814 321.11220275245495 -120.86053317380043 -105.56668819773373 -1027.2912056805255 309.30199695767857 -63.214736921550426 -125.81851186985918 -1011.2717417888159 324.18795634022877 -64.33421108057249 -135.24256297255937 -1055.8489247350694 295.4733914895581 -124.82663086451942 -98.71346993109177 -1051.840477830347 285.7496583473115 -36.004890364101804 -149.58654380810046 -1026.3235753795575 333.40996250920335 -109.20633675557264 -109.9679682957626 -1045.5210063758889 319.9740207505308 -105.07583843716868 -118.14797892051136 -996.3955753527024 331.56605712878985 -62.67010516999221 -139.5304323740937 -1045.746788550449 278.2990744769588 -111.96265413480273 -92.14787411220145 -1035.7096190470559 310.8825068486069 -53.14312006785168 -147.38999505938082 -1056.9233345396299 300.47712430363697 -126.53851025461026 -73.87108360756656 -1050.7214729361465 302.3560830865246 -119.85870738627557 -102.03276603062551 -1032.7811898360994 285.1708002403621 -119.5262033927338 -89.56160304545297 -1020.9333392964602 338.5036092325119 -38.85313288172733 -144.6388578217599 -1039.770204619033 301.7465355880798 -119.31343547424358 -84.54329217859674 -1015.0192884059234 283.2891866495627 -76.31357267037023 -131.6331000004708 -994.7843503772722 337.91218661847495 -99.63510373381605 -104.32318203378183 -1021.463332080042 313.5677145155499 -6.043951847841848 -171.23915482999388 -999.7165641216974 319.3182187125848 -115.02025345510957 -116.40056256249461 -984.5648128808807 350.45227626249533
800.0048193674556 0.0 1.7582782280748739 1.965814820666812 0.8791391140376299 0.8791391140375169 3.624783426788709 0.8791391140374943 1.9658148206666979 1.7582782280750346 1.9658148206664647 1.758278228075022 0.8791391140373466 0.8791391140375557 1.7582782280751352 0.8791391140375151 3.6247834267887913 1.7582782280750309 1.9658148206668729 3.6247834267886083 0.8791391140373988 1.758278228075014 0.0 1.7582782280750149 0.8791391140372864 0.8791391140374903 1.7582782280749305 0.8791391140375325 0.8791391140375115 0.8791391140374885 1.7582782280750786 1.758278228075001 0.8791391140375042 0.8791391140375331 1.7582782280749842 1.7582782280750655 1.7582782280750837 0.87913911403753 1.7582782280750793 3.624783426788613 0.8791391140376474 2.19784778509379 0.8791391140375445 1.7582782280750262 3.6247834267886545 0.8791391140375462 3.6247834267884738 3.6247834267885874 1.758278228075163 1.9658148206668005 0.8791391140375617 1.9658148206668553 1.7582782280751128 0.8791391140375503 3.624783426788299 1.758278228075047 0.8791391140371686 0.8791391140375392 1.7582782280750908 1.758278228075021 1.7582782280748535 0.8791391140375595 1.7582782280752214 1.230794759652521 0.8791391140374664 1.758278228075026 0.8791391140375273 1.9658148206667985 0.8791391140375648 0.8791391140375373 3.6247834267885777 3.624783426788609 0.0 2.486580916569073 1.7582782280750184 0.879139114037534 1.758278228074993 0.8791391140375177 3.624783426788721 1.7582782280750118 0.8791391140374489 1.7582782280750329 1.7582782280748854 1.7582782280750235 1.7582782280751832 1.7582782280750378 1.7582782280751152 1.965814820666801 0.8791391140378464 1.7582782280750229 1.9658148206667878 1.7582782280750553 0.8791391140376125 1.7582782280750426 1.7582782280750546 0.8791391140375061 1.9658148206668509 0.8791391140374863 0.8791391140373815 1.965814820666813 1.7582782280750486 3.6247834267885892 0.8791391140374611 3.624783426788605 0.8791391140375072 0.8791391140375076 1.758278228074946 1.7582782280750284 0.8791391140377179 1.9658148206668158 0.8791391140371603 1.7582782280750253 0.0 0.8791391140375214 1.7582782280749574 0.0 0.8791391140375273 0.8791391140375344 1.7582782280749987 0.8791391140375345 1.75827822807509 0.0 1.7582782280751303 1.9658148206668358 0.8791391140377427 1.7582782280750435 0.8791391140374087 1.758278228075015 1.7582782280751508 0.8791391140375243 0.8791391140375594 0.8791391140375158 1.9658148206668244 0.8791391140374806 1.7582782280750546 0.8791391140375111 1.7582782280749762 3.6247834267886057 0.8791391140376236 2.486580916569061 2.486580916569076 -22.339380181506957 -162.8934933918946 -1030.0022013704302 280.58469474827683 -139.31300776714778 -71.04931216768327 -1043.8458790598465 305.19102554315083 -82.65463121596956 -122.510794955291 -1029.5147564115941 330.72961829415937 -99.49949929564609 -115.43499783071003 -1034.2617621222328 335.99676373669973 -16.5788619603419 -161.2074633190593 -1027.1728036495474 336.73332808784943 -12.57431071628376 -165.05092919236156 -1015.1624654708243 298.43208480160314 -52.74923824869469 -142.90929659446078 -1035.510488580478 297.08571035529746 -84.37427467644866 -126.18086389939661 -1014.3840883571766 305.9906971672695 -112.48674016574448 -113.15177901219613 -1003.5388101193889 314.5001635513497 -50.95215521596865 -152.4647209908633 -1022.4740819364855 329.2595971848045 -52.48604365253018 -134.7618121428025 -984.0826622298697 342.5258038271005 -104.33002492069696 -111.1549750383838 -1034.147266656193 291.57294988541673 -33.21168480998835 -156.035034249918 -1018.3009953889458 284.9735103866774 -19.498498108126526 -156.90574449603312 -1041.3894699459524 276.6443442718544 -31.3260117144136 -146.7660855685162 -999.4913099220067 307.2196065416272 6.865843950518943 -175.30530269740126 -1037.4790498143718 317.1998676707155 -87.00535692405586 -112.34675754098706 -1001.5718212548005 328.50607022680015 -89.16241632551531 -128.7639443208924 -1025.3113570669652 304.91431382932547 -96.79957177280227 -108.48761158334496 -1007.2405805379141 300.5645160135455 -104.22910985904603 -121.37688954572488 -1046.9401987198398 298.251413348174 -135.19615676783698 -93.04106628662704 -1013.1272833124763 293.58120240892555 -117.87635117758576 -104.87846403614887 -983.3359388453558 361.62662353391335 -48.90113624159083 -146.64002092555145 -1056.2175689359117 309.29061719658733 -114.52848176010082 -97.40815042991217 -1010.7988295300272 313.0179695627306 -40.842669120611795 -156.46894496517248 -1036.68589991426 272.40704651941525 -77.23242649523941 -134.37313998860517 -1008.3045199789723 294.2935835606731 -26.330102729940137 -159.0896332963274 -1034.684108263706 329.83963444764044 -46.37122583588639 -139.291674796691 -1061.4602737005737 299.9096850325175 -89.11398732500166 -118.52734610539075 -1003.7537638926678 321.8451071466864 -83.4324497499742 -135.07211481580893 -1027.325886616601 317.9121489297202 -24.865910331335552 -152.97359983710987 -1001.0086409475906 334.9198759659948 -146.487118428547 -69.8601368672614 -1009.6051043266187 319.9021253207468 -56.10015177333872 -138.29004736648147 -989.3377263790057 335.55607559361096 -1.631276669882337 -172.33517148981414 -1059.97420618152 290.193046063995 -62.061041583135314 -129.5666072608997 -1039.7857647065207 330.3660793563897 -97.46958243113798 -119.68840226696095 -1049.3857468788506 318.2869217276284 -44.20430922554419 -151.20020380889167 -1018.5660766001114 291.8614985847208 -70.89887147569198 -129.53998502303688 -1016.0291027975446 311.12993348124974 -113.2179518813341 -101.89531952015491 -1003.74996662085 307.6604399941839 -68.48619334929825 -120.4158069983499 -1020.1960328126228 301.1926433649846 -60.32333288164825 -134.28257506199625 -1049.6695002994527 311.73995495594284 -72.81973344021972 -138.19915233172188 -1040.789757012508 295.958446672757 8.365004650810711 -171.19768549422466 -1008.6686631273951 308.2998052212483 -67.55787834500619 -142.93056968218448 -1027.2978982715513 298.05077409265635 -108.20075887001614 -105.33771895556396 -993.3880327857096 329.7565292721161 -121.37896854138624 -94.27036061460899 -1044.3674150195657 315.62114711478347 -37.66534543695266 -152.265230531525 -988.5956217897332 352.2796387361307 -4.273703562202791 -162.56533263229636 -986.513227582184 348.0656085613516 -90.4873673474547 -123.02572313452156 -1024.4331300352499 270.2547592789476 -61.365413821701104 -141.9990437599601 -1019.4069957895498 278.31628719786545 -3.6988365223046884 -168.3783065661727 -1020.1205495260426 322.7308068035915 -126.20747935560857 -104.8538815147228 -1026.1586270651649 310.89384638648573 -65.05406147153731 -125.12011426507742 -1009.5728738591474 326.5757304781094 -69.49957001562291 -133.7432019040888 -1054.6015284254383 296.3841339335965 -128.23052013619164 -96.14610044029837 -1050.6237357792265 287.8810424782382 -40.53699909723036 -147.62285497509657 -1023.006103400757 335.5452462207001 -112.4860481194462 -108.97210851124504 -1042.574742140462 323.27253731583795 -108.30159657219002 -116.9143086730324 -995.4926321348245 334.5201205762872 -65.87294795814842 -138.23968834944958 -1044.6142099721108 279.8909239232448 -114.18359907336622 -90.89534802360642 -1033.696952245438 312.44760165706333 -55.924542385747685 -146.43334420242354 -1055.3392843600336 303.5460054746112 -130.32392787994777 -72.88271024799846 -1049.0226050412737 304.74385724918335 -123.19342518714485 -101.28018362855079 -1031.3654665855354 287.1606120382152 -122.49331544805098 -89.40362463217238 -1016.6783702748546 340.2715848070758 -39.960265202905354 -143.09168302720556 -1038.951424897513 304.1610643590644 -121.54237929829566 -83.30402297285845 -1012.8689488826689 287.15399252039253 -78.94272981727684 -130.00776058813005 -993.3151178492808 341.66217477843355 -101.96246752314953 -103.54403090036064 -1020.2465899863033 315.69909862640225 -10.187427899086549 -169.76713557458416 -998.7294574268853 322.811816843844 -119.1985400558634 -114.94870503937709 -982.7282722208912 355.1397614624435
810.0048193674556 1.7582782280749958 1.7582782280750322 1.9658148206668284 1.7582782280749183 1.7582782280750404 0.8791391140378445 0.0 1.7582782280747589 0.8791391140374806 0.0 1.7582782280750269 1.7582782280750315 1.7582782280750398 1.758278228075163 2.486580916569019 0.8791391140375793 0.8791391140375088 0.0 1.9658148206668238 0.8791391140374263 1.7582782280750169 1.9658148206668509 1.7582782280750255 3.6247834267886856 0.8791391140375489 1.7582782280749323 1.7582782280750329 1.7582782280749074 1.7582782280750298 3.6247834267884897 3.6247834267886025 0.8791391140375077 0.8791391140375262 0.8791391140375273 2.4865809165690345 1.7582782280750862 1.758278228075008 1.7582782280749008 3.6247834267886256 0.8791391140372395 2.4865809165690433 0.0 1.7582782280750158 0.8791391140375273 1.7582782280750286 1.9658148206666641 0.8791391140375135 0.8791391140374664 3.6247834267886083 0.8791391140374996 1.758278228075018 3.624783426788752 0.8791391140375241 1.7582782280752012 0.8791391140375338 0.8791391140378739 1.758278228075008 0.8791391140375601 3.6247834267885795 1.7582782280750628 3.6247834267886154 1.9658148206668509 2.486580916569023 2.486580916569059 0.0 2.486580916569076 3.6247834267885874 1.758278228075058 1.7582782280750162 3.6247834267886354 1.7582782280750129 1.758278228074702 0.8791391140375446 0.8791391140375244 0.8791391140374961 1.7582782280751847 1.7582782280750504 1.7582782280750124 0.879139114037496 0.8791391140374687 3.6247834267886105 0.8791391140376419 1.9658148206668529 1.7582782280751483 3.5165564561500537 1.7582782280749423 1.758278228075051 0.8791391140377579 1.7582782280750122 0.8791391140375273 1.7582782280750258 1.7582782280749472 1.7582782280750173 0.8791391140375273 0.8791391140374981 1.7582782280750546 0.87913911403754 0.0 1.7582782280750213 1.9658148206668768 0.8791391140374721 0.8791391140376401 1.7582782280750227 0.8791391140375753 0.8791391140375183 0.879139114037517 1.7582782280750253 1.758278228075148 1.9658148206667925 1.7582782280747686 0.8791391140375173 3.6247834267885204 1.7582782280750267 1.758278228075005 3.624783426788621 3.6247834267886545 3.6247834267886136 0.8791391140375436 0.8791391140375038 1.7582782280752225 1.7582782280750564 0.8791391140375355 1.7582782280749885 0.8791391140377103 3.6247834267885897 0.8791391140375022 1.7582782280750286 1.9658148206669468 0.8791391140375018 1.7582782280748401 0.8791391140375023 0.0 1.7582782280750424 2.486580916569076 1.7582782280750098 1.7582782280751785 0.0 1.758278228074936 1.7582782280750084 1.9658148206668509 -26.23687808097443 -162.36085357498612 -1028.7012958113255 283.2556135472814 -142.2139513745411 -70.66348251530663 -1041.3817406518442 308.2331520746175 -85.87839212398066 -121.2715510604935 -1027.2189449487726 332.6926754510236 -103.31140128911808 -114.57365794261943 -1030.917535516543 339.01213563523714 -20.284843951416494 -159.95112188094888 -1024.027558221277 339.89027231278226 -15.745941274219652 -163.68042763401647 -1013.3794340667622 301.35939362476614 -56.54632080039768 -141.9896702960114 -1032.7632055193749 300.52579924439567 -87.65209802950044 -125.17999239559694 -1012.9683650834916 307.9805089494462 -115.34423403029952 -110.25718823502777 -1001.9547598906898 317.56904470016445 -56.347305212972856 -151.899348079999 -1020.6910505305714 332.1869060067996 -55.638997295208505 -133.24688446822702 -983.2945367131654 346.160974285885 -107.29661506327695 -110.98665547299964 -1031.8821094282494 294.75664874480816 -36.75570039033934 -154.11665127134273 -1016.2348193342468 288.2987815695254 -23.623923240805365 -155.30673601884445 -1041.8180865423865 278.1481306141434 -33.869803968966494 -146.87362444946012 -995.5807940045713 311.03090315074905 1.844324706969829 -173.33714240040408 -1036.1781442456129 319.87078646566414 -89.12768276238954 -112.86464430243404 -1000.5540603357487 330.7790266630103 -94.23579905688395 -126.85403810551745 -1023.6124891402983 307.30208796910193 -100.61017368265388 -107.62560838603157 -1006.8197631548122 303.2621894326534 -109.1451809880352 -118.76759691328952 -1045.807620109108 299.84326278046683 -137.2567693463514 -90.59902868435235 -1011.6273965633364 296.1105488756472 -123.87564882190355 -102.57972630886898 -981.6141073747814 363.87817626903995 -54.229714146107355 -146.85005604538884 -1053.7227763037877 311.112102038271 -117.28861854833696 -96.3000245654722 -1007.5387663998423 315.49380677606075 -44.09255063736861 -155.39539791154147 -1035.6374847852062 273.4593612715504 -82.41269803033377 -132.9295325175818 -1005.840381563107 297.335710085401 -29.57151417957151 -157.98973473461118 -1032.304133324548 332.34222628873323 -49.63513670104095 -138.24046420659195 -1060.3276950966488 301.5015344674375 -92.92361548893818 -117.66066917938622 -1002.2538771405394 324.37445361165675 -89.62089026351794 -133.65197587389306 -1024.746930498939 320.27316844351077 -30.006911336406358 -151.38861213481172 -998.261357873966 338.3599648445426 -149.1029388153159 -69.55114702071164 -1008.6715068848042 321.6355470734001 -58.89348255331144 -137.3724667935641 -987.8684938510143 339.3060637535695 -5.5275604755546235 -169.97671123420164 -1059.155426468455 292.6075748378306 -65.44521448858606 -129.0195913473757 -1037.4057897677524 332.8686711982938 -101.22653496897841 -118.58727202990706 -1046.806790766475 320.6479412471981 -49.12125416235982 -150.73141832199005 -1017.1503533283866 293.8513103680941 -73.22236046036586 -128.74946044293497 -1014.2460713918056 314.05724230330173 -117.03511964263637 -101.05483343943634 -1000.5205577148898 311.3569189021879 -70.49995386369471 -120.44936072571353 -1019.0634541947906 302.7844927916644 -64.06852080439394 -133.1442152416998 -1048.6517393899899 314.0129113964343 -76.99303430517885 -136.7257956159695 -1039.5730149281962 298.0898307904899 3.2688348108418497 -169.47396026419509 -1005.6075811755715 310.91721476223137 -71.02762443537918 -140.60668031189806 -1026.165319654757 299.64262351988856 -111.54001220127645 -104.59324203836901 -992.4850895678314 332.71059271961326 -124.66660372110844 -93.31158862841973 -1042.5002201446273 319.08799062462356 -41.15180167681903 -150.12603682319255 -986.6749176528024 357.5066586198379 -5.89982537590855 -161.09408451650663 -986.5745360306495 350.5068919514441 -93.81961088643502 -122.26601390604164 -1022.6500986468665 273.1820681105409 -64.10318862345719 -140.84844532799949 -1017.2260020359852 280.9604513730682 -7.597715709347369 -166.02105645243154 -1018.4216815968554 325.11858094207884 -130.62929012795234 -102.16410979455675 -1024.941884970795 313.02523049638313 -68.54882052276128 -125.05265196787255 -1008.0423328828633 327.88443524819434 -71.76749745671094 -132.71088272162072 -1052.5046981573935 298.4887634333933 -132.30586794871869 -94.1358219951476 -1049.4069937010156 290.01242659449446 -46.69498357038878 -146.0861728240079 -1018.5292981739598 340.1524675430974 -117.36005568931117 -106.13412520829998 -1040.8758742147916 325.6603114559725 -113.27516276632961 -114.54518108964638 -993.1165567910762 339.1234422992941 -69.56443419853177 -136.86593778794688 -1043.7112667933382 282.84498737953464 -117.251086487083 -91.21831272445654 -1031.9980843191051 314.8353757975157 -60.73010581177871 -145.52812662181293 -1054.3750326978752 304.0587855371056 -134.26012070995048 -72.7627675216815 -1047.805862955423 306.875241364934 -128.1411728510915 -98.7276726985697 -1029.5824351935457 290.08792086916947 -125.26747450912245 -88.33410403067937 -1012.7065459083051 341.64159802540803 -41.499372783439235 -143.20892084876306 -1036.2041418356182 307.6011532465732 -123.89058208708308 -82.57823817976961 -1010.6037916479214 290.3376913748355 -82.69618937706086 -128.8935105567248 -992.3280111544611 345.15577290968974 -104.7145276825158 -102.42602331916254 -1018.9456844139195 318.3700174196358 -12.40840122157386 -168.6472832669591 -996.6632813645487 326.1370880212183 -121.63583895011462 -112.40316205728934 -980.6620961585536 358.46503263981714
820.0048193674556 0.0 0.8791391140373439 0.0 0.8791391140377712 0.8791391140375013 0.0 0.8791391140374966 1.9658148206669133 1.7582782280750284 1.7582782280749996 3.6247834267886003 2.4865809165689434 0.8791391140375473 2.4865809165691437 0.8791391140375125 1.7582782280749427 1.7582782280750227 1.9658148206667 1.9658148206668185 1.7582782280750469 0.8791391140374646 1.7582782280750546 1.75827822807505 1.758278228074932 1.965814820666813 0.8791391140374034 0.8791391140374883 0.8791391140377198 0.8791391140375157 1.96581482066678 3.6247834267886025 0.8791391140371356 1.75827822807503 1.7582782280750546 0.0 3.6247834267885777 1.758278228075018 0.879139114037516 1.9658148206668025 1.7582782280751938 1.7582782280750122 3.624783426788645 1.758278228075051 2.486580916569076 3.6247834267885737 0.8791391140373273 1.7582782280750504 1.7582782280750526 1.7582782280749936 0.8791391140373789 0.8791391140375298 1.7582782280752047 1.758278228075051 2.4865809165687156 1.7582782280750395 1.7582782280751557 3.6247834267885923 1.758278228075177 0.0 1.7582782280750098 1.7582782280750273 0.8791391140375273 1.7582782280750395 0.8791391140374675 0.8791391140374696 3.6247834267886545 3.6247834267886145 1.758278228074906 3.6247834267886176 1.9658148206665242 1.758278228075018 2.486580916568921 0.8791391140375123 0.8791391140374812 2.7800819805010497 1.7582782280748703 1.758278228075028 1.9658148206668093 1.7582782280750517 1.7582782280751745 0.8791391140374726 0.8791391140377628 1.7582782280750828 1.7582782280749598 3.516556456150049 0.8791391140374563 0.0 0.8791391140373586 0.8791391140375313 1.7582782280750546 1.7582782280750007 1.758278228074893 1.7582782280750073 3.6247834267886545 0.0 3.6247834267886545 0.8791391140374973 0.8791391140374305 1.7582782280750386 0.8791391140373088 0.8791391140375453 1.7582782280750797 1.7582782280750344 0.8791391140377774 1.758278228075021 0.8791391140376338 3.6247834267886274 1.758278228075128 2.4865809165689985 1.758278228074825 0.8791391140375014 0.0 1.7582782280750187 0.8791391140371656 1.9658148206668373 1.7582782280750546 1.7582782280750284 1.7582782280748888 0.8791391140375393 1.7582782280750346 0.0 0.8791391140374949 1.7582782280750051 0.8791391140375355 0.8791391140375195 0.8791391140375505 0.8791391140375069 1.7582782280750546 0.0 1.7582782280748395 1.7582782280750089 1.758278228075001 1.7582782280750282 1.7582782280750546 1.7582782280750466 0.8791391140376347 1.7582782280750762 1.7582782280750546 1.758278228075009 1.9658148206668509 -29.850002686127095 -160.70494810123583 -1027.4845537190824 285.3869976585201 -145.58415342274085 -70.04633213987326 -1039.3690738450491 309.79824687637927 -88.04710555970684 -119.78493644634845 -1025.0379511859298 335.3368396176192 -105.55176770347428 -113.35059826397102 -1028.2544159203937 341.91268983050713 -24.48643964160412 -158.63549737721237 -1021.1348032224208 341.4286124852485 -18.58642810725955 -162.95698533908194 -1011.1142768275224 304.5430924756037 -58.33769353219762 -141.07082911832094 -1031.5464634253738 302.6571833546571 -90.29878892903973 -123.58653921983904 -1011.1011702001987 311.44735245488476 -119.56426848926691 -108.93092949095 -999.9727473053867 320.3547811938571 -59.03355589537576 -150.51496606923703 -1019.5584719105132 333.7787554318337 -57.12158202908241 -133.1513605673013 -982.1391030644631 350.73364178465914 -109.95924323792117 -109.42613553384518 -1029.134826359534 298.19673762791444 -39.48884806066356 -152.95458788498863 -1014.5359514062042 290.68655570885795 -27.002588201696696 -154.7189497254365 -1040.685507931102 279.7399800460327 -35.765963546775794 -146.41055920706034 -994.1650707294391 313.0207149319956 -2.2043845796602874 -171.4870110943027 -1034.0813139604095 321.97541594918664 -90.50650714594765 -112.316092110686 -998.6562112272937 333.025228472866 -97.3602012164191 -125.16563782630277 -1022.3115835677769 309.9730067625571 -103.14861039792201 -107.83458961116969 -1005.120895225135 305.6499635704962 -112.92160630425875 -117.73528744014354 -1044.7592049683892 300.89557752456045 -140.30154429976218 -87.49491891171722 -1008.8801134912075 299.55063775549877 -127.5571768435347 -100.94347423606823 -981.0502120792748 367.49305865022507 -58.34059662523555 -145.1311168018274 -1052.108071855173 312.9603414959453 -119.64456381955982 -95.6085963721536 -1005.9240619466754 317.34204622986596 -45.64909365493233 -153.5118976380907 -1034.8187050560825 275.8738900393421 -86.06497395931467 -131.3575469057807 -1004.2256771104983 299.1839495396516 -33.362626896343414 -157.05515673446416 -1030.4062842169299 334.588428099172 -51.95756303279981 -137.444029950029 -1058.8813176023482 302.2707045597076 -95.15442696441626 -116.42709240814168 -1001.4044431753837 325.56834068035937 -93.21682868807697 -131.84528907177074 -1023.5301884026703 322.40455255267443 -33.27304988753522 -150.34010027745452 -997.1287792537395 339.9518142694653 -153.66777547098576 -69.02149580806399 -1006.9726389546394 324.02332121089273 -62.38854696223263 -137.31171825696146 -984.3865945133936 344.62114671209645 -8.929979365941232 -167.57257948335482 -1057.4565585483608 294.99534898215717 -69.67522519994516 -127.79762041951594 -1034.9416513502492 335.910797721381 -105.04793985148596 -117.76235006917777 -1044.740614707898 323.97321242745585 -52.22390367665107 -148.9879621085896 -1015.2831584468701 297.31815387461836 -77.00295658872545 -126.63916169932703 -1013.3431281745161 317.01130575090315 -119.38902015656132 -100.36463653458243 -998.1712369977695 315.08015243597146 -74.30930999583683 -119.58310003074777 -1018.642636811645 305.482166210647 -66.81557754642925 -132.00779995411813 -1045.9044563220582 317.4530002800454 -80.64340840314298 -135.1460936994579 -1038.7542351922027 300.50435955585596 -0.3105187475343947 -167.75208976282985 -1003.3117697111634 312.88027191733573 -74.19617172422423 -139.12524157049424 -1023.9001624172166 302.8263223716606 -113.65117828136184 -105.16641081515793 -990.7327123847832 336.8585432358025 -128.0791122890954 -92.9732624630201 -1039.4391381943474 321.70540016749385 -44.83750231687576 -148.74315579308637 -984.6087415904648 360.8319297972115 -6.839267835611579 -160.84542542443228 -984.255869537488 355.45076718009466 -96.99913742711499 -120.81449590995524 -1022.1986270415963 274.65909983455776 -66.53796198231684 -140.53779422496578 -1015.7261152881103 283.48979784004945 -11.417819884436241 -163.25782001282508 -1016.2406878338181 327.7627451085775 -134.45558284990915 -101.30000526507682 -1024.2072687077075 314.9002245768077 -73.73260061371661 -123.61684384981649 -1006.5731003550557 331.6344234082437 -76.3675207910885 -130.91216915285054 -1051.2037925929753 301.159682230196 -135.2715722557859 -90.75126873407753 -1047.7081257804684 292.40020073945925 -49.43387699031103 -144.92964914897462 -1015.8890336057578 340.07220366417596 -122.59734918842928 -104.8788643464351 -1039.5749686425943 328.331230249548 -115.37369544948676 -112.6222255223531 -989.802984407338 343.3594558903031 -73.20969345120268 -135.27867013911867 -1041.5302730448504 285.4891515561398 -120.03653440945692 -90.20515564500786 -1030.2992163905674 317.223149936068 -64.75607153287996 -145.59063590099407 -1052.7603282501568 305.9070249953489 -138.19466467337503 -72.755986399979 -1046.3594854578846 307.6444114542244 -131.30168378361319 -96.9541389603237 -1027.9677307437557 291.93616032658156 -127.62694060620386 -87.68792584352556 -1009.5841555069253 341.8177241750478 -43.56926333315701 -143.46491551347847 -1033.6251857183693 309.96217276074384 -126.50623071613722 -83.37856200149871 -1008.3386344098653 293.5213902264906 -86.4008398319546 -127.55944449457283 -990.2924893163563 349.7016857821096 -107.48430342913447 -101.35864220288168 -1018.126904673646 320.7845461836803 -15.00233566752024 -166.96432267606562 -995.194048836557 329.88707618117684 -125.72380629378544 -110.37770819311609 -978.9938824524467 362.0734484722474
830.0048193674556 0.0 1.7582782280749452 0.0 1.758278228075095 0.8791391140375377 3.6247834267884897 0.8791391140375172 1.9658148206667965 0.879139114037487 1.758278228074821 1.7582782280749947 0.8791391140375908 0.8791391140375535 1.7582782280751466 0.8791391140375283 1.965814820666629 2.4865809165690402 0.8791391140375628 1.7582782280750473 0.8791391140374704 0.8791391140375103 1.7582782280750546 0.8791391140375105 0.879139114037584 1.7582782280749811 1.7582782280748965 0.8791391140374959 1.7582782280752232 0.8791391140375476 1.7582782280749238 0.8791391140375191 1.7582782280750298 1.7582782280750207 1.9658148206668509 1.965814820666823 1.7582782280750446 1.7582782280750506 3.6247834267887225 1.9658148206668098 3.6247834267884675 0.0 1.7582782280749598 1.758278228074996 1.2307947596525004 1.7582782280750204 1.7582782280748888 1.7582782280750295 1.7582782280751523 2.486580916569004 0.8791391140374514 2.4865809165690584 1.965814820666719 2.4865809165690824 3.6247834267884347 0.8791391140374903 1.7582782280749907 1.758278228075047 1.7582782280750866 1.9658148206668318 1.7582782280750007 1.965814820666823 3.6247834267886545 1.7582782280750395 0.8791391140374059 1.758278228075004 3.6247834267886545 1.75827822807504 1.7582782280750406 3.6247834267885914 1.9658148206668673 1.965814820666821 1.9658148206668793 1.7582782280750398 0.8791391140373918 0.8791391140375033 0.8791391140375254 1.7582782280750107 1.9658148206667685 1.7582782280750362 1.7582782280750442 1.7582782280750435 0.8791391140376822 1.9658148206668165 0.8791391140372046 3.516556456150043 1.758278228075133 3.6247834267886017 0.8791391140377102 1.7582782280750273 0.8791391140375273 3.6247834267885723 1.9658148206668837 0.8791391140375493 0.8791391140375273 0.8791391140375423 1.7582782280750546 1.7582782280750087 1.7582782280751057 1.7582782280750184 1.7582782280749778 1.7582782280750198 0.8791391140376468 1.9658148206668513 0.8791391140376141 0.8791391140375324 0.8791391140373928 0.8791391140375362 0.8791391140375873 1.7582782280750684 0.8791391140375778 1.7582782280750306 0.8791391140373928 1.7582782280750295 2.7800819805007837 2.7800819805010466 2.486580916569076 0.0 1.7582782280748888 0.8791391140374973 0.8791391140374263 1.9658148206667958 0.8791391140373549 1.7582782280750693 0.8791391140378323 1.7582782280749967 1.7582782280750393 1.7582782280750666 1.9658148206668509 1.7582782280750267 0.8791391140375457 1.7582782280750187 0.0 1.7582782280750067 0.8791391140375273 0.8791391140374956 0.879139114037561 1.9658148206668344 1.7582782280750546 1.965814820666819 1.9658148206668509 -33.00530949671363 -159.19679763347793 -1026.3519751003469 286.9788470846567 -147.52795587395863 -69.86928254172486 -1037.984004795832 313.008700353364 -90.86245209139597 -118.95091708088935 -1020.8442906130234 339.5460985825193 -107.82994122307277 -112.18640646158237 -1025.7902775019459 344.9548163529435 -26.158454149921265 -157.2272367307156 -1018.1043754938231 345.2666637200855 -23.39168060994506 -162.04009331843153 -1010.2954970869653 306.9576212394838 -60.13332390367039 -140.16195754544722 -1030.1613943764 305.86763683188616 -94.02491233214954 -122.31634871535321 -1010.0834092813476 313.7203088911636 -124.27315739761809 -107.43870441810556 -998.5876782543751 323.56523467006855 -62.6803750034687 -148.9315596005594 -1017.46164162404 335.88338491426333 -58.38942271367635 -132.1092040554224 -980.7540340134128 353.9440952608587 -113.81192645991469 -108.74053250893395 -1028.9664994062944 299.27580699541255 -43.710225750005776 -151.71693126479994 -1012.0718129889095 293.72868223213345 -31.161452084715144 -153.2174754405837 -1039.070803481756 281.58821950324665 -39.87682104743569 -144.6890464338406 -992.3285300695418 317.70820013198505 -5.747645723437303 -169.57902804280414 -1031.2498674106841 325.9550395120566 -93.28159945745632 -111.25530759695484 -997.2711421762434 336.23568194906557 -101.99970890241191 -123.50614052662789 -1020.2147532817158 312.0776362453737 -106.02962853967927 -107.29893128205283 -1003.2537003412159 309.11680707556627 -115.82063799222473 -114.49800677652411 -1043.542462873909 303.02696163438736 -143.41955221535184 -84.46237088812279 -1007.946516049422 301.2840595080587 -130.9102714857445 -100.22773065502956 -980.0049708701721 371.7844770370023 -61.80441402734005 -143.84382025938217 -1050.0112415703468 315.0649709801445 -123.5069110669462 -95.00802678460686 -1004.5389928957732 320.5524997061212 -50.46085160190627 -152.6437837910481 -1033.770289914882 276.9262047826719 -89.2626690433051 -129.9381106093629 -1002.1901552729162 303.72986241234725 -37.35814690123567 -154.8535542286468 -1026.0136424660716 338.6561147367189 -53.44285358072095 -137.353563698441 -1056.9834684977673 304.51690637275857 -98.89943589951184 -115.19780460834654 -998.9709589810694 329.8311088977349 -96.79103775411596 -129.86490923849308 -1021.4333581163869 324.509182035238 -36.963175033100846 -148.96633213782283 -994.8636220132865 343.1355131193106 -156.32849839379813 -68.6143600870183 -1004.8758086681157 326.1279506932681 -66.0378354520457 -135.7412904615276 -982.8867077611692 347.15049317700874 -12.604132254642314 -166.1531297625238 -1054.7092754819332 298.43543786646177 -73.54751745509066 -127.19957908291046 -1031.0004812082059 338.50145263517646 -108.19725859713658 -115.94121725454536 -1042.6437844223103 326.0778419105805 -56.5069429049656 -148.00335682366998 -1013.6684539939472 299.1663933287055 -81.88727218702519 -126.0912763151279 -1011.3304613650135 318.5764005496252 -122.28295249538726 -99.90400455480427 -997.0693126018396 317.8926435559681 -77.70804346670182 -119.10092453397894 -1016.7754419282204 308.9490097159541 -70.20693808068836 -131.50789181743846 -1044.6877142260744 319.5843843896881 -83.8844055545802 -133.95647265970567 -1036.3436060277716 301.7863097015959 -3.554600736164565 -166.6673498753501 -1002.2098453153138 315.69276303733983 -78.38454659870588 -137.71096398011323 -1022.6527660961408 303.7370647857236 -117.51247956950033 -104.54235540310647 -989.4318068106742 339.5294620282431 -131.04902434404042 -93.05529811373624 -1036.8908363001049 325.2870613744919 -47.58009484134809 -147.6051853661414 -983.2236725394145 364.0423832734111 -8.674950474731977 -162.14898580196498 -982.1896934751504 358.7760383574683 -102.22509531874894 -119.54581798819301 -1020.2166144592877 277.44483633029375 -69.23773425698478 -139.1875543240405 -1014.3103920142811 285.4796096222737 -16.635985185157534 -161.97023092240045 -1015.0239457367517 329.8941292173356 -137.83174805281416 -100.63406624501981 -1023.4726524440725 316.77521865694143 -76.75378171234613 -123.71235586697661 -1005.0425593786116 332.94312817812767 -79.81421873438286 -130.66655242710144 -1048.6248364765543 303.52070174510993 -137.41360140534357 -88.03757841992767 -1045.6112954975754 294.50483022553914 -54.19467797473772 -143.83310000827848 -1014.3049833766173 343.14108481285984 -126.383168039556 -103.82392613810738 -1036.9118490464002 331.231784444818 -120.06164612223667 -111.1001948007208 -988.7010600113443 346.171947010272 -75.01290712256699 -134.380164786449 -1039.433442762436 287.59378104248987 -121.44122845000001 -89.74827579149309 -1028.7686754144004 318.5318547062945 -68.88446878871906 -143.91035894166336 -1051.5435861554172 308.038409105238 -140.64681973535897 -72.74931736406172 -1045.0585798862492 310.31533024803304 -134.20893523433975 -96.57760829109128 -1026.1846993387705 294.86346914920995 -129.76262025317413 -88.88206635838152 -1005.2450230083778 344.125234433369 -47.79789750524667 -142.2362900449677 -1033.1430598853442 310.2185627895979 -129.86338662238393 -82.67924480679912 -1006.6397664802923 295.9091643643928 -92.08345298241726 -126.11569280199129 -988.7084390871906 352.7705669307809 -107.49282141201498 -101.35712597028657 -1016.1142378641558 322.3496409824036 -19.504644826801275 -166.864556328611 -992.9288915961041 333.07077503102215 -131.0360866765809 -109.5828343680244 -977.0425240912831 366.0798266609083
840.0048193674556 1.9658148206668553 1.7582782280750502 2.4865809165690593 0.879139114037345 0.8791391140375131 5.274834684225107 0.879139114037506 1.7582782280748819 1.7582782280750688 3.6247834267885524 1.9658148206668349 1.7582782280751847 0.0 1.7582782280750686 1.9658148206668424 0.8791391140376497 1.9658148206667854 0.8791391140375787 1.9658148206668278 1.9658148206667378 0.8791391140375604 0.0 0.8791391140375141 1.7582782280749545 1.9658148206668258 1.9658148206666082 1.7582782280750335 0.8791391140375231 0.8791391140375328 2.4865809165692263 1.7582782280750378 1.7582782280750886 1.7582782280750386 3.6247834267886545 3.6247834267885857 0.8791391140375674 1.7582782280750249 1.7582782280749916 0.0 0.8791391140376615 1.965814820666808 0.8791391140373843 2.4865809165690664 0.6153973798263336 2.486580916569025 1.9658148206671218 0.8791391140375274 0.8791391140376814 1.9658148206668133 1.7582782280750562 3.6247834267885706 1.7582782280752096 0.8791391140374684 0.8791391140376655 0.8791391140374928 1.7582782280753304 1.7582782280750247 1.7582782280750806 1.965814820666807 0.8791391140377011 1.7582782280750275 1.7582782280750546 1.2307947596524897 1.7582782280749971 1.758278228075015 3.6247834267886545 1.7582782280750164 0.8791391140376296 3.6247834267885946 1.9658148206670096 1.7582782280750127 0.0 1.7582782280750442 0.8791391140373946 1.758278228075036 1.7582782280750489 0.8791391140375023 1.7582782280749714 1.7582782280750469 0.8791391140374134 1.7582782280750031 2.4865809165692303 1.9658148206668244 1.758278228075035 3.51655645615005 1.7582782280751257 0.0 1.7582782280749505 1.7582782280750306 0.8791391140375273 1.7582782280750262 0.879139114037773 1.7582782280750353 0.8791391140375273 0.879139114037537 1.9658148206668509 1.9658148206668433 1.7582782280749119 0.8791391140374706 1.7582782280750777 2.4865809165690207 1.7582782280749654 2.486580916569073 0.8791391140374226 0.0 0.8791391140374825 1.7582782280750222 1.758278228075069 0.8791391140374918 1.75827822807524 0.8791391140374801 2.486580916569251 1.7582782280750184 0.0 3.6247834267886136 1.7582782280750546 0.8791391140374775 1.7582782280748204 0.8791391140374974 1.758278228075026 1.9658148206668493 3.6247834267884858 1.7582782280750224 0.8791391140376842 0.8791391140375061 1.758278228074918 1.758278228075025 1.9658148206668509 1.7582782280750242 1.758278228074927 0.8791391140375197 0.0 1.7582782280750509 1.7582782280750546 0.8791391140375233 1.7582782280751774 1.7582782280750286 0.8791391140375273 1.965814820666792 3.6247834267886545 -35.84489287496825 -156.29103890123528 -1024.086817861119 290.16254593531505 -149.89556294847108 -68.92359922121385 -1036.6217907733817 313.2383357559333 -93.78393760096905 -118.67923320653146 -1016.3234538474596 343.3727223031142 -109.69050523205269 -111.40754477509317 -1022.5302143709405 347.43065356518264 -28.740999351697663 -155.37794750980183 -1015.2729289432725 349.24628728240333 -27.98003536132863 -160.21511247338233 -1008.9945915129824 309.6285400319812 -61.88537540473858 -139.0298327889485 -1028.0645640902155 307.97226631466293 -98.78457050861667 -121.218269564571 -1008.6676860061265 315.7101206723711 -128.54229472355138 -106.15589495707755 -997.0036280252222 326.634115818747 -67.09496548817594 -146.229184724515 -1015.165830159378 337.84644206908695 -61.25174583087285 -131.493597693008 -980.2490531517651 357.18130336341255 -117.15708800868768 -108.02616478431811 -1027.6655938328354 301.94672578816653 -47.89215044446302 -150.28090176227826 -1010.4877627601759 296.79756338105904 -35.44707041460418 -152.23200383135767 -1037.708589459267 281.81785490666624 -42.8407182153553 -144.5187403193158 -989.1832846397058 320.86514435549674 -9.37578885467176 -167.94401394677405 -1029.5509994804759 328.34281364954234 -95.20712655139927 -110.92577134818934 -995.4881107689624 339.1629907702085 -105.33370175192617 -122.71040892895374 -1019.480137017902 313.9526303254059 -108.44573049496555 -106.92129134290136 -1002.633901778469 311.67290816684823 -119.03887920420776 -112.82213268059675 -1041.8435949448688 305.41473577253515 -145.74046106094653 -83.02434858235605 -1006.1634846423399 304.21136832931796 -135.62672942117553 -98.45570289362941 -978.0796414716667 376.0491407974253 -65.5153079900972 -142.5439096585771 -1047.462939675885 318.64663218698735 -126.02139618078947 -95.43865341506978 -1002.4421626092317 322.6571291884744 -54.165975914648676 -151.31415614951018 -1031.7576231065493 278.4912995829441 -93.97343078231518 -128.57462039624536 -1000.0091615094901 306.3740265785061 -42.17583772434772 -154.00525085237805 -1022.2714535019303 341.3883419777115 -54.287570047110215 -136.66868069959637 -1054.5193300811823 307.55903289666736 -101.35970064502357 -115.05289625059177 -996.7058017406206 333.01480774758306 -100.90558562260539 -127.89664825338858 -1020.2166160192978 326.6405661439489 -40.8830090755486 -148.57660876788103 -993.0805906060056 346.06282194045355 -158.72746187182446 -68.57361921559458 -1002.5264879507515 329.851184226889 -68.47935901247881 -135.47689685208388 -981.0195128769469 350.6173366819107 -16.235686822532564 -164.53914530355092 -1053.4083699100822 301.10635665976116 -75.94277655783907 -126.7140371509147 -1027.3424557210046 340.6941451924217 -111.99425873381612 -114.86336428125988 -1039.5827024697462 328.69525145075175 -58.83972351183545 -147.24136051091756 -1012.4517118969953 301.2977774374994 -87.64616992158201 -124.99993615274214 -1010.0295557909784 321.24731934209126 -124.70212411964712 -99.58986391768464 -994.4061930051749 320.7931977507757 -80.14612488451274 -118.87708288299551 -1014.9924105211933 311.87631853723997 -73.08114806538704 -130.92112621446154 -1041.626632273661 322.20179392999506 -87.96224425434453 -131.9341137226251 -1034.6447380981667 304.1740838396162 -7.956945829047205 -164.09822759192338 -1000.5109773850086 318.0805371747433 -80.92559691344573 -137.95102724657016 -1020.9538981660894 306.124838923329 -119.83144447745899 -103.50227570427879 -988.5288635927958 342.4835254757403 -134.0124042219563 -93.20584139952891 -1034.878169490641 326.8521561732577 -50.860871696840974 -146.62295966504902 -980.905006046253 368.9862585020616 -12.892905069510961 -160.88956471868363 -979.5878823269323 364.1178759423495 -106.90432451804652 -117.8078559387566 -1019.1988535412138 279.7177927669071 -73.49452718836518 -138.04271190239012 -1013.5757757506758 287.3546037024706 -20.804937970492386 -160.48684131681745 -1013.8072036396169 332.02551332603696 -141.7984137032758 -100.96441689766442 -1021.375822157663 318.87984813942336 -79.52756487359297 -122.66067629543966 -1004.790068947793 334.56173222940504 -82.49671391552035 -129.13842758257482 -1047.1249497255978 306.05004821077324 -139.91545966165734 -88.52356695569092 -1043.9965910453577 296.35306968013754 -57.53314089155111 -143.10021543445365 -1011.6112095557066 344.8209973126096 -131.11060345895 -102.2777046771199 -1033.2538235592835 333.4244770021687 -124.74792225408164 -109.25250204778881 -986.3517392939501 349.8951805438763 -77.93132290615756 -134.02724103426937 -1037.1682855243419 290.7774798938621 -123.3751598459763 -89.50695103307736 -1027.0698074843185 320.9196288438547 -73.03311577053292 -142.29032250489342 -1048.7121396066764 312.0180326688526 -144.02801790908762 -72.18995839231484 -1044.2398001460522 312.72985901210984 -139.4756258948039 -95.2835707716456 -1024.4858314091057 297.25124328702424 -132.56783089512948 -87.58027464972625 -1002.0384691300567 344.8408952667675 -50.764571944884246 -142.07724237530667 -1032.0946447422516 311.2708775309039 -131.34806681909393 -82.76023409104853 -1005.0557162514496 298.978045513263 -97.32141402329604 -124.91971605508463 -986.2749548928551 357.03333514814415 -109.87655219881367 -100.76126628129055 -1015.2954581232862 324.76416974615955 -22.91497741567893 -164.30551393441348 -991.4290048438797 335.60012149593445 -133.86270475573514 -108.51853791026664 -975.0644111037653 370.9662930389718
850.0048193674556 3.6247834267885897 0.8791391140374563 0.0 0.8791391140373171 1.7582782280750182 1.7582782280749873 0.8791391140375193 1.9658148206669197 1.7582782280750326 2.4865809165690105 2.486580916569071 1.7582782280751386 2.4865809165690136 3.6247834267886097 1.7582782280750318 1.7582782280748819 0.8791391140375286 1.7582782280750806 3.6247834267886043 0.8791391140373639 1.7582782280750184 2.486580916569076 1.7582782280750067 0.8791391140374488 1.7582782280750102 0.8791391140376468 1.7582782280750116 1.7582782280750244 1.7582782280750329 1.9658148206668005 0.8791391140375081 1.7582782280752027 1.7582782280750484 0.8791391140375273 1.7582782280750133 1.7582782280749982 0.8791391140375389 5.274834684225145 0.0 1.758278228075106 0.0 1.7582782280748888 3.6247834267886136 1.7582782280750546 1.965814820666802 1.9658148206670096 0.8791391140374943 1.758278228075061 2.4865809165690322 0.8791391140377551 0.8791391140375283 3.6247834267884973 0.8791391140374989 1.7582782280748495 1.7582782280750433 0.8791391140376504 0.879139114037494 1.9658148206669468 1.9658148206668378 0.8791391140374666 0.8791391140375535 0.8791391140375273 0.6153973798262696 3.6247834267885373 0.8791391140375544 3.6247834267886545 0.8791391140375057 1.7582782280752265 1.7582782280750116 0.8791391140376525 1.7582782280750155 1.7582782280748221 3.6247834267886145 0.8791391140375375 0.8791391140375016 1.7582782280749714 0.879139114037499 3.6247834267884724 1.7582782280750022 0.8791391140375759 0.8791391140375127 3.6247834267884778 1.9658148206667934 0.8791391140376514 0.8791391140375251 1.7582782280749907 0.0 1.7582782280750051 0.879139114037499 0.8791391140375273 0.8791391140375056 3.6247834267887513 1.758278228075026 1.7582782280750546 0.8791391140375266 3.6247834267886545 1.965814820666816 1.9658148206668524 0.8791391140375111 1.7582782280750648 0.8791391140375614 0.87913911403746 1.9658148206668449 0.8791391140374797 1.7582782280750275 1.7582782280750098 1.7582782280750364 0.879139114037701 1.758278228075047 0.8791391140372049 1.9658148206668058 0.8791391140374087 1.758278228075021 2.486580916568975 3.6247834267885555 0.8791391140375273 0.8791391140375445 1.7582782280753013 1.7582782280750129 0.8791391140377972 1.7582782280750173 1.75827822807499 1.758278228075039 1.7582782280752705 1.9658148206668624 0.8791391140375582 1.7582782280750155 0.0 1.9658148206668025 0.8791391140373778 1.7582782280749902 0.8791391140374862 3.6247834267885883 1.7582782280750546 0.8791391140375142 1.7582782280750935 3.6247834267886043 1.9658148206668509 1.758278228075043 1.9658148206668509 -39.45580027709203 -154.5162572720132 -1023.4363650742645 291.4980053316578 -152.40951505770772 -69.69937750687728 -1035.4050486763606 315.3697198646982 -95.67651123455359 -118.15484522110692 -1012.9218183889092 346.04754069344364 -112.05189952043735 -110.61940209510414 -1018.7038619298052 350.7024154898584 -30.861813315618303 -153.6628509949149 -1012.1276835134202 352.4032315058974 -31.792919734149194 -157.1189177876749 -1006.8135977495211 312.27270419811055 -65.1069386491625 -137.6618703217084 -1025.401444493739 310.8728205096345 -102.4298064986093 -119.19847272181862 -1006.6856734207595 318.4958571660022 -132.73064107639325 -103.9903097031335 -995.0216154398294 329.4198523123644 -71.97766303127004 -145.78676068718093 -1012.30372938459 340.6054239363593 -64.03836744264247 -130.4506782505959 -980.5399970025787 360.9848007760796 -119.95616659403052 -106.71868427163511 -1025.9667259026694 304.3344999257183 -52.03897368552225 -148.66750281297212 -1008.3909324736903 298.9021928634947 -37.14408449372509 -150.8552211261501 -1036.3235204093535 285.02830838326093 -46.55452097910082 -143.2307691893579 -987.8823790656022 323.5360631479397 -12.540448498971951 -166.4554715760327 -1026.1761186482997 330.1375438505129 -98.03567591284444 -110.01244356561757 -994.1872051948534 341.8339095626491 -109.00649340799373 -120.7322896015238 -1018.2327406965279 314.8633727390833 -110.83696957813522 -106.3769386632303 -1001.1646692505105 315.4228963268227 -123.69294561972721 -110.5629601333587 -1039.5784377049977 308.5984346227796 -148.4105417070579 -79.85453672783673 -1003.7300004481142 308.47413654673926 -140.88040819271936 -96.96310317304092 -976.7550466936267 379.7222119487732 -70.44738703641963 -142.34564962979377 -1044.003895366927 320.9808970720142 -127.90857776846583 -94.7459540025278 -1001.0570935581932 325.86758266467945 -57.94241932082894 -150.2848963011632 -1030.227082130427 279.8000043533292 -97.2711426804311 -127.57507861831097 -997.3460419128348 309.2745807733175 -45.73851837975952 -151.98674192642875 -1018.9272268939748 344.4037138736959 -56.83127045643085 -136.90983327616598 -1051.8255562606023 309.2389453970376 -104.26779469905468 -114.66206548579791 -994.2416633220533 336.0569342699007 -106.11931738350802 -126.40770016080477 -1019.0840373990886 328.23241556888246 -44.64548301575814 -147.51065348950306 -992.6597732212991 348.7604953592484 -160.24014644542643 -69.20244023405232 -1001.7918716867587 331.72617830686977 -71.35957006333784 -134.9344055552077 -980.6293497164733 354.5356517957518 -19.515817433014906 -163.53986417022463 -1051.709501980356 303.49413079759756 -78.83226009707627 -126.21354722958361 -1024.2507195438668 342.09091303713086 -117.47774801441362 -113.44129870132733 -1035.6415323275523 331.2859063642996 -63.09998941984917 -146.15269083268583 -1009.704428823511 304.73786631614956 -89.50632269027727 -124.21830132585265 -1007.5960715966739 325.51008755947106 -126.08282748414858 -98.70684784917121 -992.3400169428439 324.118468928153 -83.83689929322098 -117.26487935710968 -1012.8114167577633 314.520482703389 -75.60916641773379 -131.20266598200817 -1038.4813868439942 325.35873815366915 -91.21376593953963 -130.68252243286244 -1032.6320712887743 305.7391786384266 -10.482306276506618 -162.00616964384707 -997.878512012574 322.20173306458884 -84.63984762929597 -136.54493998641914 -1019.3391937127535 307.9730783770328 -121.71875161630192 -102.80012596981493 -987.6259203749174 345.4375889232375 -136.87905197807083 -92.42843658394278 -1030.4855277395066 330.91984281052225 -56.87580677136278 -144.38478629479565 -979.1526288632048 373.13420901825083 -17.010902180460132 -159.18938738956274 -978.5166121551714 368.15100875736465 -111.1318985779833 -116.27994367696404 -1019.0305265875029 280.7968621344437 -76.89688957311691 -137.65389263762856 -1012.2748701768141 290.02552249503435 -24.721719034991512 -160.10323332810566 -1012.0241722323501 334.95282214719 -145.62029418559234 -99.8716152476162 -1019.6769542273801 321.267622276848 -83.3398221147181 -121.76730281366281 -1003.4891633736871 337.23265102184735 -85.34723947644653 -128.4272903833129 -1045.9082076289221 308.1814323197914 -143.2965910682836 -87.96898442686309 -1043.2619747819135 298.22806376033395 -63.47280242485481 -141.66193604313145 -1008.0680017696232 347.694796881047 -136.81258915520914 -100.46127734898045 -1030.2233958306506 337.26252823699673 -129.44542775980392 -107.26915809526916 -986.612028920531 352.4780362614971 -82.13528523898526 -132.53141916871388 -1034.5051659284813 293.67803408937607 -125.83060625881565 -89.491309577217 -1025.4551030309863 322.76786829752604 -76.91250852130419 -141.81954537020718 -1045.8500388322466 314.7770145365247 -147.0140201108453 -72.67211223509449 -1040.7540012109246 315.94421208660606 -146.63595627281393 -93.13591483305612 -1023.1849258352861 299.9221620796171 -134.94912631338437 -86.85637746278523 -998.8319152517356 345.55655610016606 -53.53398696990878 -140.99841968935925 -1030.7937391683142 313.9417963234392 -133.29184305671478 -82.56918252642238 -1002.6222320572581 303.2408137307149 -101.52554969834395 -123.32080152751647 -986.1372821632053 359.33304621070835 -111.75777042952075 -100.0458116726812 -1013.4282632390936 328.23101325107694 -29.58288799927511 -162.80522101029544 -989.3628287815421 338.92539267330807 -137.1416324153552 -106.9543177765255 -973.3961973976585 374.57470887140204
860.0048193674556 1.9658148206668473 0.8791391140376982 1.7582782280750116 1.7582782280753184 1.7582782280750175 3.6247834267885466 0.0 3.6247834267885883 1.9658148206668444 1.758278228074936 3.6247834267886034 1.7582782280749714 2.4865809165690593 1.75827822807519 2.486580916569059 0.8791391140374825 1.7582782280750715 0.8791391140374087 3.6247834267886136 1.9658148206668737 0.8791391140374869 3.6247834267886545 0.8791391140375343 0.8791391140376048 1.7582782280750209 0.8791391140374731 1.7582782280750247 0.8791391140375301 1.758278228075028 1.9658148206667878 1.758278228075024 1.75827822807492 1.758278228075036 3.6247834267886545 1.9658148206668304 1.7582782280751 0.8791391140375036 1.758278228074965 1.7582782280750346 1.7582782280750762 1.9658148206668398 1.7582782280749267 1.7582782280750389 1.7582782280750546 1.7582782280750366 0.0 0.879139114037524 1.7582782280750806 1.9658148206668378 0.8791391140377541 1.7582782280750329 0.0 2.486580916569069 1.7582782280750806 0.8791391140374756 0.8791391140375384 3.6247834267885946 0.8791391140375273 2.4865809165690376 0.8791391140375787 1.965814820666817 3.6247834267886545 3.6247834267886456 0.8791391140376236 1.7582782280750135 2.486580916569076 0.8791391140375481 0.8791391140372535 0.8791391140374962 1.7582782280750098 1.758278228075038 0.0 3.624783426788597 0.8791391140375628 0.8791391140375162 0.8791391140375049 1.7582782280749907 1.9658148206667245 1.7582782280750215 1.758278228075119 1.7582782280750233 1.758278228075036 1.9658148206668138 0.8791391140377655 3.5165564561500524 3.6247834267886705 1.9658148206668273 1.7582782280752285 1.7582782280750446 2.486580916569076 1.7582782280750313 3.6247834267883685 0.8791391140375335 1.7582782280750546 0.8791391140375147 1.7582782280750546 0.0 1.7582782280751987 1.965814820666825 0.8791391140373964 0.8791391140375587 1.7582782280751286 1.7582782280750249 0.8791391140376076 0.8791391140375348 0.8791391140374087 1.7582782280750517 0.8791391140372433 1.7582782280750697 1.7582782280749878 0.879139114037519 1.7582782280750546 1.758278228075027 3.6247834267885115 1.758278228075001 0.8791391140375273 1.7582782280750324 0.8791391140375805 0.8791391140375427 1.7582782280750744 1.9658148206668384 0.879139114037291 1.758278228075059 1.7582782280749343 0.8791391140374912 1.7582782280749407 1.7582782280750475 1.7582782280750546 3.624783426788609 1.7582782280747926 1.7582782280750606 0.879139114037348 0.8791391140375205 1.7582782280750546 1.758278228075025 1.7582782280748688 1.9658148206668313 2.486580916569076 1.9658148206668293 5.274834684225164 -44.58382071263482 -152.75750798433742 -1022.1354595003012 294.1689241241883 -156.29227087203236 -69.1802923046242 -1032.1756397696531 319.0661987720277 -99.00583746919372 -117.2420343540603 -1010.006208361405 350.56669893951084 -114.9106283565511 -109.82217389804029 -1015.8417611550077 353.4613973571209 -33.1039346761931 -152.45863817575378 -1009.296236962855 356.3828550682045 -36.527159784750836 -155.89771417416623 -1004.9157486410793 314.51890600797816 -67.8424077888405 -136.212950304263 -1023.5342496095931 314.3396640145812 -107.65509699563874 -117.59962702843784 -1004.4205161803162 321.6795560158548 -136.04188699400473 -102.70804989718903 -993.5217286876064 331.94919877727733 -77.2801509418364 -144.90123156812137 -1009.7554274890846 344.18708514243764 -66.92654047279474 -129.95527854022308 -978.7034563425892 365.6722859760278 -121.82884211232665 -105.79629562039501 -1024.0995310185476 307.8013434306877 -57.185992025934276 -146.9714019923336 -1008.2226055198313 299.98126223101815 -40.92232630137227 -149.84995647735118 -1034.395017076856 286.05386849835486 -49.959225295841826 -142.839160989298 -984.9667690380968 328.0552213940067 -15.827338913696963 -165.48155126081528 -1022.6329108622294 333.0113434189655 -100.1545745619956 -111.23453085435295 -992.3200103106311 345.30075306755106 -113.83935644162278 -119.95468699636312 -1016.4497092892785 317.7906815602423 -111.78085050700639 -106.03054094040193 -998.8153485331276 319.14612986043306 -127.46081862106983 -108.9679018378636 -1037.963733251704 310.44667407649126 -152.091403994928 -76.64620416388018 -1001.2658620295729 311.5162630690751 -145.64048770390718 -95.33297586461035 -975.6837765218658 383.75534476378834 -74.22409476238344 -141.21561051666188 -1041.2566122934131 324.42098595064886 -130.27405745228586 -93.78844686561736 -999.2740621509157 328.7948914858247 -62.66218045902286 -148.9247535350709 -1029.1251577347862 282.61249547343994 -100.44354953248941 -125.44272640766873 -996.045136338734 311.945499565761 -50.83269923937617 -150.0099063314902 -1015.8661449410633 347.02112341343195 -58.230328817463906 -136.40598824602029 -1048.6803108310808 312.39588962080194 -108.58303864642244 -113.6829529072711 -993.0249212248857 338.1883183785824 -108.87575775809592 -124.8535710906002 -1017.5534964226366 329.54112033875316 -46.90625016592345 -146.32664581287187 -990.9915595151922 352.36891119167865 -163.8378697786526 -68.82269072010688 -1000.0930037564211 334.11395244425523 -75.58084068746379 -133.50957238671026 -979.4432618435383 357.8876775994797 -22.380012172147485 -162.92129802809686 -1050.0106340503137 305.8819049351661 -81.66137417044531 -125.30619682569822 -1021.3886187690733 344.8498949043968 -120.7040471588574 -111.39236682024327 -1032.4962868977407 334.442850587829 -69.16429157221816 -145.34921360298813 -1008.3193597725001 307.94831979236704 -92.99050089877537 -124.50059138780047 -1005.3309143562275 328.6937864093201 -129.02141549961826 -98.679044483227 -990.074859702393 327.3021677779998 -87.18510739234675 -116.55877163660698 -1011.2808757813171 315.82918747326966 -79.79498328953191 -129.5611109058069 -1035.504468368051 327.43661300969114 -96.38453555808267 -128.7728697785768 -1031.101530312377 307.0478834083652 -14.297559749998127 -161.1701266434557 -995.2460466401282 326.3229289544271 -89.40116894900122 -135.36635839976591 -1017.0740364723508 311.15677722691834 -125.58491901845926 -102.18376229209295 -986.722977157039 348.39165237073473 -138.827491640761 -92.25661719135617 -1027.906571619785 333.2808623215728 -61.92652867815906 -143.46962482564217 -977.1171070250999 377.6801218906707 -19.56669971118312 -157.1356867718368 -976.7642349721232 372.29895927355386 -114.9897941605998 -115.62011521791872 -1018.295910323647 282.67185621450415 -80.2719006612256 -137.12903442021351 -1010.9739646028029 292.6964412875276 -27.866124176330434 -158.4310255732375 -1010.0421596469583 337.7385586408068 -148.4601547635822 -98.65868130995878 -1018.544375607168 322.85947170177997 -85.72426813806918 -121.17393337030114 -1002.7545471096926 339.107645101827 -88.28098475537843 -128.25873525037792 -1043.8113773425193 310.28606180226416 -145.7097040359187 -87.52960099605355 -1040.9968175417325 301.41176261037594 -67.72712235720682 -140.42423149177338 -1005.0069198167095 350.31220642077955 -139.59531236698223 -98.73307552332479 -1026.4812068664596 339.9947554779164 -131.75794116155905 -105.8287147290744 -985.3111233464219 355.1489550539377 -85.07138081881847 -132.3486341242263 -1033.0587884290414 294.4472041756246 -128.33039457624858 -89.99034800168023 -1023.1899457905695 325.95156714739613 -82.67629940973322 -140.65617760343707 -1043.3859004138515 317.81914105898323 -147.5175519310677 -72.88035481951054 -1037.6929192581001 318.56162162645415 -147.95559095729695 -91.31519085953438 -1021.9681837381951 302.05354618834286 -137.91144028118384 -87.08780362050908 -996.7350849651652 347.66118558249343 -56.99153658592254 -140.86973588802388 -1028.130619571698 316.84235051829097 -136.21002902211984 -82.31617057787005 -1001.4896534370487 304.83266315565044 -103.80127287449362 -121.82445919609854 -984.3542507559243 362.2603550318513 -114.15917570617857 -99.54966184601382 -1011.2472694755882 330.87517741716823 -33.3075830205704 -161.52499033655803 -987.3808161961458 341.7111291669227 -140.9425901915101 -105.63554413397335 -971.3606755595537 379.1206217438219
870.0048193674556 0.0 1.7582782280750247 1.9658148206668389 3.6247834267886163 1.7582782280750267 2.7800819805010217 1.7582782280750056 0.0 0.879139114037548 0.0 2.486580916569055 1.7582782280751266 0.8791391140374969 1.7582782280750473 0.8791391140375061 1.7582782280749247 1.9658148206668324 3.6247834267884675 1.9658148206668193 0.8791391140373559 0.8791391140374983 1.9658148206667518 0.8791391140374979 1.7582782280751965 3.6247834267885937 0.8791391140376033 0.8791391140375381 0.8791391140373167 3.6247834267885874 1.758278228075075 1.9658148206668429 3.6247834267886545 0.8791391140375368 1.7582782280751812 1.96581482066681 0.8791391140375949 0.8791391140374911 1.7582782280749252 1.9658148206668458 2.4865809165690846 1.9658148206668504 2.4865809165688773 3.6247834267885852 1.9658148206666939 0.8791391140374841 1.965814820666922 1.7582782280750078 0.8791391140375486 1.9658148206668504 1.758278228075036 2.486580916569048 3.624783426788725 3.6247834267885963 2.486580916568964 0.8791391140374949 1.9658148206667299 0.8791391140375163 1.7582782280750506 3.6247834267886123 0.8791391140375365 3.624783426788593 0.8791391140374415 1.2307947596525184 0.879139114037416 1.7582782280750267 0.0 2.486580916569025 1.758278228075107 3.624783426788601 1.7582782280751046 1.9658148206668118 1.965814820666695 0.8791391140375295 1.758278228075031 1.7582782280750444 0.8791391140375705 0.8791391140375263 1.96581482066686 0.8791391140375173 1.758278228075172 1.7582782280750342 1.7582782280752052 1.9658148206668293 0.8791391140374842 1.7582782280750553 1.7582782280749731 0.0 1.7582782280750315 1.7582782280749802 3.6247834267886536 1.75827822807499 0.8791391140376084 1.7582782280750224 0.8791391140376468 0.879139114037525 3.6247834267885555 1.7582782280750187 0.8791391140376155 3.624783426788597 1.7582782280750608 1.758278228075022 1.7582782280750666 2.197847785093801 0.879139114037431 3.6247834267886065 1.758278228074985 0.8791391140374663 1.96581482066683 0.8791391140375326 1.7582782280748925 1.7582782280750444 0.8791391140375455 3.6247834267885777 1.758278228075033 0.8791391140374998 0.8791391140375573 1.7582782280750542 1.7582782280751328 0.8791391140375121 1.7582782280751146 1.7582782280750078 1.758278228074844 1.758278228075055 2.486580916569363 1.758278228075066 0.8791391140374265 1.7582782280750286 0.879139114037405 0.8791391140375097 1.758278228075044 1.7582782280749936 1.758278228075056 1.758278228075034 0.8791391140374922 1.7582782280750286 0.8791391140376384 1.9658148206668054 0.0 0.0 0.0 -47.825806905572385 -151.45049689295573 -1020.3524274124451 297.0962324612452 -159.1788624748665 -68.068064821588 -1029.9946332160973 321.71035668830405 -101.92039852756898 -116.93017679091066 -1007.6818357550251 353.4088364096579 -117.85188603157832 -109.79899269335252 -1013.1478583075456 355.14098853043566 -34.93238422196666 -151.62225387272895 -1005.6668028282405 359.79508195485255 -40.232421047747096 -154.47787753394383 -1003.5000040435539 316.5087028425309 -70.11511717289908 -134.89547405940323 -1022.233337699855 317.01057931795714 -109.59564535519557 -117.40329185352465 -1002.889912364055 322.98820945365816 -140.79201302959336 -100.85174175208478 -990.6884804500141 335.9279371687658 -81.56950780093234 -143.81528389906327 -1008.2551200094101 346.7165997542426 -69.4452080227302 -130.32594832123567 -976.9400108068209 369.23025603390664 -124.21754843323102 -105.09483544090087 -1022.3164951159796 310.7286490530359 -61.96903825751687 -145.96179154514317 -1006.0416061118194 302.62542699772024 -43.11169166116068 -148.22205144573363 -1033.1782749971198 288.1852525807331 -54.699564826207144 -141.55976407618502 -982.5322030734623 332.31772524957375 -19.988832128968173 -163.8930507305286 -1019.9697326412646 335.91181552490343 -102.5083656672248 -110.24988340114675 -989.370824298336 348.5953312765428 -116.65764383565981 -118.70389000403951 -1014.7508395206997 320.17844671555827 -113.72779541667903 -105.8448523922288 -997.2311770109483 322.2149318073067 -131.20704727265397 -106.93561057237733 -1036.6628274656184 313.1175921621463 -154.42615370486192 -74.57628501709692 -999.0006703135086 314.6999118583411 -149.97510015872774 -94.2857796604111 -973.5296864425214 387.86413315600265 -77.61124837945741 -140.746798182405 -1037.7133950964321 327.29478234385647 -131.77620076076647 -94.1568960241952 -997.9730163411054 331.4655170197071 -67.93766027441771 -147.86251369155548 -1027.1124908155284 284.17759015790665 -103.3618098980025 -125.1350492558607 -993.1292645333622 316.46436809852145 -55.051313725193715 -148.56176152868443 -1012.8890958965688 349.09851360963523 -61.938886814983526 -134.83633940807528 -1046.9814425531551 314.78366343319055 -111.96416558531408 -113.10587422738334 -991.5541793207713 341.93746616318685 -113.12458236954271 -123.1973056223579 -1015.3725132155058 332.1852521726699 -50.763855453796396 -145.67100786950638 -988.918679567907 355.6883528747239 -167.26570626619545 -67.53855448029651 -998.6228603124607 337.86378535681337 -79.00394533391433 -133.30157413209193 -978.1528818467629 361.77150963671164 -25.889053118208302 -160.48563490064254 -1048.0286210494426 308.66764112793413 -86.93276052668024 -124.1567179006542 -1018.4115216519755 346.9274858157242 -125.0636609736759 -110.76235979233813 -1029.6341640641372 337.2018001389968 -72.50967991547179 -144.60476655371477 -1008.1510231620322 309.0273856708123 -94.88102690692273 -123.80265043349382 -1003.6014685933254 329.860767168869 -133.88486712751256 -98.27121445243968 -987.6408664470684 331.5646732259882 -89.58551902209047 -116.02586815696175 -1009.268195074317 317.3942681873567 -81.54221130684478 -127.85482820016988 -1032.3592088980809 330.5935502331268 -98.33316218647957 -128.5645848000647 -1029.9689509219918 308.6397329546287 -15.724571067004561 -160.88031091549277 -993.6613925493185 329.3914373116357 -93.1910745732886 -134.1687900962934 -1015.3751580138245 313.54454649691246 -129.94250360141325 -101.56899948108321 -983.5051985803028 353.2949856225791 -141.67473350605317 -91.05537223128623 -1025.15924415697 336.7209309423622 -66.23095602728579 -142.56617824239623 -975.7901061730897 381.56896612231424 -20.956736757111443 -156.6020911105336 -975.1878412757401 376.0159746492747 -118.9884461342567 -113.77645385949072 -1017.0791680475719 284.8032403958966 -83.62871585261301 -136.4540464240995 -1009.8413852250453 294.2882900273913 -30.03471118203563 -156.7794248974922 -1008.8250956961203 339.86972284320103 -153.3207312903198 -98.16375857108315 -1016.7613236812718 325.78678066929655 -89.08858659663132 -120.52665417741667 -999.9220988956507 343.0865553630282 -90.22647616334942 -128.02856963913572 -1042.0283452594829 313.21337043987614 -148.61679154324844 -87.07607493549702 -1039.3821126526138 303.2600018365666 -70.96302271046322 -138.96329751120905 -1002.1137859340611 351.8492482696797 -144.3876890121483 -97.37905148607567 -1023.8180168809026 342.8951655202859 -135.50917887846637 -103.80343192480021 -983.6851630150768 359.0942024174898 -86.55867961261427 -132.4146357564779 -1031.4440838087241 296.2954435032172 -130.3197846944236 -90.3141773902748 -1021.4069003632779 328.87886357395547 -86.45285124148982 -139.41931408004908 -1041.6028657681113 320.74644744084924 -149.88355401727367 -71.51243198875221 -1036.6445020011545 319.6139320390395 -150.37549649948315 -90.90098435620568 -1020.3534789382603 303.90178591441963 -139.31669943506407 -86.2484861070973 -995.1185609689497 349.5102095589109 -61.168381489467926 -139.21373327796897 -1027.3653434785954 317.4967011033588 -139.13060628526136 -82.08863496559972 -999.9055893938174 307.90153383776146 -105.74589524308459 -121.62703272422155 -982.6528599873294 365.85829340155794 -118.5146226913545 -98.90890590963461 -1010.5967543837722 332.21065503301537 -36.263105537892216 -158.73906164841935 -985.7930879382103 344.7779251164069 -144.30891899692173 -104.87856299172073 -969.7005816208494 382.77966111872934
880.0048193674556 1.9658148206668045 1.7582782280750107 1.9658148206668353 1.7582782280748068 0.8791391140375209 0.8791391140374376 1.758278228075042 1.965814820666796 0.8791391140375296 1.7582782280751146 1.9658148206668098 1.7582782280749287 1.7582782280750462 1.7582782280750227 0.8791391140375183 0.8791391140376377 2.4865809165690695 0.8791391140375849 3.6247834267886136 1.7582782280748657 1.758278228075044 5.274834684225127 0.8791391140374938 0.8791391140373729 0.8791391140374896 0.0 1.9658148206668145 0.8791391140374591 3.6247834267886176 0.0 1.758278228075022 0.8791391140374014 1.7582782280750424 1.7582782280751386 1.7582782280750382 0.8791391140376912 0.8791391140375258 0.8791391140374634 1.965814820666822 1.758278228074768 0.8791391140375121 1.7582782280750109 3.624783426788625 1.2307947596524769 2.4865809165690704 0.8791391140373284 1.7582782280750597 1.7582782280749887 1.9658148206668404 1.7582782280752352 1.7582782280750164 1.7582782280750215 0.8791391140374879 0.8791391140375105 1.7582782280750047 3.6247834267886794 3.6247834267885843 3.6247834267884746 1.7582782280750417 1.7582782280751834 3.624783426788617 1.965814820666882 0.6153973798262615 0.8791391140373974 0.8791391140374893 1.7582782280749414 1.7582782280750726 1.7582782280750147 1.7582782280750224 3.6247834267887344 1.7582782280750353 0.0 2.4865809165690047 0.8791391140375143 1.7582782280750446 1.7582782280749754 0.879139114037515 0.879139114037361 1.7582782280750162 1.7582782280750504 0.8791391140375323 0.8791391140376216 1.965814820666808 1.7582782280750906 1.758278228075022 1.9658148206667634 0.0 0.8791391140373188 0.8791391140375039 1.758278228075115 0.8791391140375197 0.8791391140375893 0.8791391140375272 0.8791391140374476 3.6247834267885826 1.9658148206668173 1.965814820666798 1.9658148206668105 0.8791391140375587 1.9658148206668178 0.8791391140374918 1.7582782280751648 3.6247834267885994 1.7582782280749907 1.7582782280750486 1.7582782280749378 0.8791391140375139 0.8791391140374434 0.8791391140374895 0.8791391140375212 3.6247834267885914 1.9658148206669956 3.624783426788625 1.9658148206668584 1.7582782280750309 1.9658148206667534 3.6247834267885737 1.7582782280751006 0.8791391140375145 0.8791391140376212 1.96581482066681 1.7582782280751907 0.8791391140375178 1.758278228074992 2.4865809165690385 0.8791391140374665 1.7582782280750187 1.7582782280749876 1.75827822807503 1.7582782280749492 0.879139114037538 0.0 1.758278228075005 0.8791391140375071 1.7582782280750302 3.6247834267884684 3.6247834267886057 0.0 1.7582782280750386 1.7582782280751392 -52.58333134254274 -150.25454560046884 -1019.7016559586896 298.43155528670485 -162.08143725341296 -67.02226490388347 -1027.6433664609208 325.43226349228104 -102.96181866113281 -117.56747656855426 -1004.4823140587987 355.31999700002797 -120.226318878216 -108.87214944028281 -1009.4082373061229 359.0633711343056 -36.94075440302853 -151.78540321381016 -1002.2595986141706 361.5396178618871 -43.93819491120014 -152.9015293828116 -1002.5925323194904 319.4598361658384 -73.50866930142331 -134.48072384155432 -1020.0513353736436 319.6533518414949 -113.8908312050348 -116.04909471020012 -1002.0663523834324 325.4007362616252 -145.58372551148474 -99.30786083119992 -988.9725572911116 338.30175939975027 -86.9260059246724 -143.45467509946224 -1006.9141524014005 348.15451002626827 -71.83366814980356 -129.79182366291977 -974.1102501448556 372.59062180602524 -127.57079625982178 -104.10639186340097 -1019.9059725315665 312.0098942016921 -66.74863425891743 -144.82550760059146 -1004.7941478044671 303.53560276989043 -47.01162053854765 -147.8752908756281 -1032.0456635371768 289.77705027823504 -58.12231977445867 -141.33287355724366 -980.4501162859547 336.8416432058779 -22.690536492412864 -162.41590618971944 -1016.9032008147307 338.52475350151724 -104.40980065812228 -109.58377735851732 -988.0995252312267 350.68272096302263 -120.55014096907209 -118.3788553152804 -1013.5319548711685 322.3091979319713 -115.08389732796853 -104.50421740703047 -996.8894433813556 324.3725083094122 -135.01032571712702 -105.43207343134077 -1034.8792651370043 316.04446547165816 -157.31653296030288 -73.50811241096439 -998.2059336390628 318.33358597732246 -155.27478828690036 -92.76019212717179 -970.7364816205068 391.78158220965565 -81.9446971177225 -139.99651990841878 -1034.819815403383 328.83276098493354 -135.18856769841346 -93.91769131334276 -995.2963496364098 334.35110522083943 -72.30275221504817 -147.30092918628006 -1025.4135076739237 286.56531112484413 -107.6449470047521 -123.75441012312227 -992.9264137267586 320.522339715084 -59.34121559596524 -147.4562353935172 -1010.0176086193014 351.84239921700026 -65.29882424869778 -134.14616884225936 -1044.91483463688 318.1087465425602 -115.81647636543737 -112.28936612061653 -991.2782551381197 343.5405064321988 -116.42528760136626 -121.68890478668249 -1013.3862778365689 334.96637306461446 -54.14795169005454 -145.18535662758558 -986.8260541079491 358.39688837020395 -169.2597273186584 -66.91852198650703 -997.2845418958383 339.3043343194508 -81.40050269563555 -132.77625634020114 -975.3190340815535 365.7683594961349 -29.289924496388196 -160.14079421726038 -1047.6075584670014 311.3651746646716 -88.82144511062884 -123.4674116601451 -1015.2507882910338 350.06924286955456 -127.32990613736067 -108.38170063315653 -1028.5293691510128 340.01393996849936 -77.29223989932355 -143.5205683500737 -1005.5707470074441 311.3865795054605 -97.26794361165857 -123.0846247094358 -1001.805689462772 332.781981013325 -138.2497364331099 -97.72243810228302 -986.8961396924205 333.43764996233153 -93.9351225188466 -115.3415942332256 -1008.5323002786514 319.2683891480464 -84.45025725912528 -127.53179491109906 -1029.4957188032345 333.35181604979823 -101.06637032696555 -126.34483056437873 -1028.2697072559738 311.02729578247306 -21.611045358794254 -157.83886200976025 -992.0335149991924 331.2275272714881 -96.56755756580736 -133.58252669039086 -1014.8082068171315 314.3405227834506 -133.3349832438353 -101.07159803945513 -982.3954018629108 356.74389085013644 -145.13307370014658 -91.56437756730615 -1022.6619632845767 338.54048931395056 -70.49735430087931 -141.27139958064703 -973.8081066966689 385.01582062119314 -26.477965733768645 -154.15423562601944 -974.733435515896 378.8281765513324 -122.86390818173474 -113.22015278118911 -1016.1759947635298 287.7572883759902 -87.38184364453136 -134.80708726225922 -1009.9020184611529 296.7296484572931 -32.87476047123026 -156.06011369492862 -1006.9163855727551 342.1041611135971 -157.68639899701373 -97.55892060722023 -1014.9743120614268 328.7111202512304 -92.41305588697212 -119.4485060891367 -997.5375958561696 346.78530334925443 -91.6049157734799 -127.15034567133415 -1040.4135556388158 315.06137662995224 -151.07059646691266 -87.18518693911315 -1037.767285520949 305.1081782780865 -75.53462227699146 -138.15303555171326 -1000.454668050104 352.45312694628973 -151.18264736643482 -96.45856307075987 -1021.1473867866079 345.7884032084795 -141.550667757331 -102.65082278365904 -980.5046065592035 362.81000928971974 -90.85261726028746 -131.21808743540566 -1030.2271759932153 298.4267521252257 -133.20661364178727 -89.61412532190498 -1020.586375767101 331.2931850720977 -91.26008383684585 -138.39998314230377 -1039.3064397309308 322.70896245831904 -152.76294910301587 -70.41001325594884 -1034.3781463451305 322.79697007872335 -156.6576449364965 -89.34796688443875 -1018.1722749745845 306.5456679571518 -142.74435394607082 -86.27814379758591 -992.297424921697 352.8915343481453 -64.55297889973995 -138.7554507961673 -1025.2132095355016 321.36043908397664 -140.5455051966085 -81.26101525070547 -999.1147536255917 311.53626537827535 -110.23394285433699 -119.75831599037075 -980.4753228397435 369.7422048398261 -119.99661350466613 -99.03999492757248 -1007.8397650728257 335.6434899165618 -39.476074109997924 -157.2306370666723 -984.9318858398713 347.17148578168343 -147.69250164799067 -104.17304352639802 -968.0480225990823 386.5241406134546
890.0048193674556 1.758278228075047 1.7582782280749336 1.9658148206667978 0.8791391140378119 1.7582782280750056 2.7800819805009493 1.7582782280750393 3.6247834267885857 0.8791391140374819 3.6247834267886656 1.965814820666822 0.0 1.7582782280750187 0.8791391140376448 1.758278228075009 0.879139114037566 3.6247834267886496 2.780081980500945 3.6247834267886243 0.8791391140375945 0.8791391140375643 1.9658148206668729 0.8791391140375229 0.8791391140375834 3.6247834267885897 1.9658148206667785 2.486580916568999 1.758278228075194 1.758278228075033 2.4865809165688444 0.0 1.75827822807508 0.8791391140374895 1.758278228075055 0.0 1.7582782280748857 1.7582782280750284 2.4865809165691375 1.7582782280749973 3.6247834267884267 0.8791391140375335 1.7582782280750766 0.8791391140374919 1.7582782280750504 2.4865809165690074 0.0 1.7582782280749822 0.0 3.6247834267885706 1.7582782280751514 1.965814820666832 1.965814820666771 0.8791391140375542 3.6247834267887242 0.8791391140374774 0.8791391140377052 1.7582782280750346 1.7582782280750346 1.7582782280750275 1.7582782280749807 0.8791391140375089 0.8791391140374128 3.6247834267885635 0.8791391140376353 1.7582782280750047 1.965814820666842 1.965814820666811 1.7582782280748837 0.8791391140375094 0.8791391140376698 1.9658148206668697 1.965814820666852 3.6247834267885732 0.8791391140373266 1.758278228075041 1.7582782280749398 1.7582782280750446 2.486580916569028 1.7582782280750244 0.8791391140373339 1.7582782280750464 0.8791391140373888 1.9658148206668513 0.8791391140372726 0.8791391140375593 3.624783426788705 1.7582782280750355 1.7582782280750966 0.8791391140375024 1.9658148206668729 0.8791391140374972 1.758278228075136 2.4865809165690647 3.6247834267885826 0.8791391140375392 3.6247834267885595 1.7582782280750102 1.7582782280750913 1.7582782280750358 0.8791391140375303 0.8791391140375532 0.8791391140376158 3.6247834267885963 0.8791391140375296 1.7582782280750062 0.8791391140374821 1.7582782280750453 1.758278228075105 1.7582782280750187 0.8791391140373432 1.7582782280750076 1.7582782280750848 1.7582782280750384 0.0 1.758278228075047 0.8791391140373869 1.758278228075012 1.758278228075151 0.879139114037517 1.7582782280749585 1.7582782280749987 1.758278228074916 0.879139114037503 1.7582782280747125 2.19784778509376 0.8791391140374352 1.7582782280750533 1.758278228075018 0.8791391140374988 0.8791391140373149 1.7582782280749867 2.4865809165688786 1.7582782280750069 1.7582782280749831 0.8791391140374905 1.7582782280751081 1.758278228075037 1.9658148206668078 0.0 1.758278228075121 -55.76750910449017 -148.13706960280678 -1017.598240268459 300.5310605319822 -165.0134692617389 -66.61185588395573 -1025.4487202776106 328.06561153657333 -105.9246352052554 -117.82402181647784 -1000.1691873309909 359.6972699766878 -123.08126689094753 -107.7014578475412 -1006.2430243238558 362.80649075761363 -38.285539466007485 -150.85420418750425 -998.2384546990339 365.82545056019717 -48.518696971512135 -150.3222974164876 -1000.8696568561008 321.82874778125404 -76.4736155341129 -134.66251298340472 -1019.2177315909796 322.06407558757735 -117.77196512330191 -115.51772994285488 -999.7640018931702 328.5515429945495 -148.99945710993296 -99.14015238395817 -987.2252259148939 340.9620991505213 -92.22028175540053 -142.44541074482774 -1005.5477486918865 350.7942363396429 -74.69187748330539 -128.9995002661907 -973.6637977446723 376.08714907470625 -128.98496416860394 -103.28322711791455 -1018.0232083439116 315.4690673592069 -70.5265185137903 -143.42831550279118 -1004.1602181392127 306.0880111357841 -48.791340580034316 -146.41379270303412 -1030.3748001725303 293.384229437588 -59.975265417766245 -140.37600928663562 -978.3544692032183 339.534070047969 -24.944478120807297 -161.0723403667767 -1014.5027799034682 342.2105634719036 -106.361109243848 -109.4288850203615 -984.9235594488512 355.02061751130077 -125.31809142898868 -116.57547913747032 -1012.20688025916 324.96672581839556 -117.93671008447066 -103.31710652900108 -994.1984071034439 329.66153898230493 -137.85083738405095 -103.80300514610408 -1032.1219396335823 319.47591962045465 -159.27263222009975 -73.4926273453541 -995.8216303166934 323.2536160181352 -158.7040957343683 -93.12331475178783 -968.479869511871 394.60991117558297 -87.821367950394 -139.89687434775715 -1033.3336253921161 332.5735423215828 -137.637669090472 -94.02993436127583 -993.148288936734 337.62441379528155 -76.0524746497667 -145.66439530934412 -1023.0017419982009 287.8449736563836 -110.97932025492499 -122.51130130215304 -990.3064389293689 324.0621244584567 -63.658015290167185 -146.45384203104805 -1006.1963521944715 356.9193378058978 -68.66423637931145 -133.5216811910954 -1041.8487510372033 320.72150020478875 -119.20804486905111 -111.80022416221013 -989.5971382939985 345.32386823109715 -121.20550078339245 -120.10756323154938 -1012.5373627490975 337.3634182943101 -57.02972396893972 -144.5811357607931 -985.0290452895067 361.35249756992147 -172.37563314723062 -67.22043764299018 -996.1993963423007 342.772282414208 -82.7890401786715 -131.90434951414824 -971.6488062875671 369.70398619898197 -33.04684243874025 -158.83891089463657 -1045.8202438134163 314.2894011103686 -92.24667628680511 -123.39437730070428 -1012.9148409096917 353.20710890169624 -131.635926165296 -106.89037210600313 -1025.7238031199852 342.2067213469749 -81.07420768377986 -142.15333182027834 -1003.4626795982821 313.47588982117264 -101.6890772265231 -123.21049849927711 -999.8666288084356 336.2154002159037 -142.61542850082927 -97.01076395545095 -983.6696829541285 335.27459428218276 -96.85389967865372 -115.09183374377676 -1006.5960535383042 320.2749471237574 -86.80736907302467 -126.57330586513181 -1027.8659545983307 335.18955525559943 -105.46425820112228 -126.22647042667393 -1026.9622631008501 313.69331145568515 -23.91056396182903 -156.74097922296582 -988.2130803202637 335.06755201288684 -101.8150192976266 -131.90262094001713 -1012.0406587718948 317.76402406014404 -135.72694132621334 -100.20180170218956 -979.4602874559081 360.65808042678464 -147.61021697267236 -92.17638430001958 -1020.7485591687106 341.9791507946065 -74.27815326288855 -139.88508434610338 -971.6017398326869 388.27831055526536 -30.33946423639924 -153.57425751649407 -973.5892647738962 382.36783624130993 -125.7390231726921 -112.29275372974573 -1014.7854721557566 290.965487286081 -90.23739597519496 -133.793119737504 -1009.7577908652872 299.0309129252291 -36.74131634586635 -155.5014391614111 -1006.6240649176003 343.717901310109 -162.55789531303046 -97.10806884178376 -1014.7045101781258 330.32601704150534 -95.81745805039934 -119.15401997055336 -997.3385055622213 347.8520741411235 -94.52591848072905 -126.89177614780348 -1038.0290256871726 317.5589598168892 -153.52278488629665 -87.34162553133875 -1035.8382494215707 306.1304984038884 -81.38772304952253 -137.79083604558275 -999.6403416854628 354.29851575914546 -155.10855002405248 -96.76645376568261 -1018.4267992538801 348.64491142433076 -144.96908590435817 -102.47486352668919 -977.5522647391335 366.7062146120659 -94.72493606703779 -130.62138236223925 -1028.9225735693346 301.0955906386958 -135.6617702179534 -89.71298340353798 -1017.8926942250187 334.1672458384549 -95.50577320590234 -136.52721329856408 -1036.0629469160556 326.39381378377215 -153.73357304115152 -70.40228296316307 -1031.0455214062856 327.0191373408452 -162.99615910560217 -88.9765716118288 -1016.3805203288774 309.4658610629197 -146.1516315021238 -85.8834459332662 -990.6616943355555 355.33907926478395 -66.89458932365466 -137.74664532160864 -1024.0706905335335 322.9459710931142 -142.99935557753156 -81.3933243339679 -997.7930533450043 314.1935418876679 -114.11150945459757 -119.21881455943931 -979.7043116296916 371.0099448764975 -122.92087486675777 -98.84346321160062 -1006.381427737446 337.5988606942402 -44.28430206657879 -156.32328366059588 -983.9015867549001 348.8459618635363 -151.5695782599953 -103.49152881271687 -965.8817601709757 390.471830203135
900.0048193674556 3.6247834267886003 0.8791391140374969 0.0 0.8791391140374214 1.7582782280750533 1.7582782280748823 1.7582782280750233 1.758278228074989 1.7582782280750378 1.7582782280748603 0.0 1.758278228075082 1.758278228075008 1.7582782280750804 1.9658148206668058 0.8791391140375615 1.7582782280750326 3.6247834267886025 2.4865809165690256 1.7582782280749107 1.7582782280750457 1.9658148206668133 1.9658148206667994 1.7582782280751197 1.7582782280750386 1.7582782280748999 1.7582782280750306 0.8791391140372367 2.486580916569053 3.6247834267886576 1.9658148206667985 0.8791391140374096 1.7582782280750253 1.7582782280750653 1.965814820666791 1.7582782280750937 1.7582782280750273 1.7582782280751286 1.9658148206668513 1.7582782280752947 0.8791391140375198 0.8791391140373463 0.8791391140374929 0.6153973798261275 1.758278228075028 0.8791391140378576 0.8791391140374931 0.8791391140375544 3.624783426788601 0.8791391140374375 1.9658148206668338 1.7582782280749456 1.7582782280750262 1.9658148206668218 1.758278228075031 1.7582782280751004 0.8791391140375344 0.8791391140374522 1.7582782280750144 0.8791391140375758 3.6247834267885977 1.7582782280750577 0.615397379826263 1.7582782280751126 1.758278228075038 0.0 1.9658148206668304 0.8791391140376362 0.8791391140374979 0.8791391140375473 1.7582782280750315 3.6247834267884724 1.7582782280750406 1.7582782280750515 1.965814820666807 1.7582782280748976 1.7582782280749785 1.7582782280749991 1.7582782280750273 1.96581482066681 0.8791391140375332 0.8791391140375864 1.7582782280750406 0.8791391140374031 3.5165564561500493 0.8791391140375148 1.758278228075047 0.8791391140374424 1.7582782280749796 3.6247834267886123 1.7582782280750107 1.7582782280750084 1.7582782280750506 1.758278228075048 1.7582782280750398 0.8791391140376333 2.4865809165690624 0.8791391140376518 0.8791391140375465 1.7582782280749367 1.7582782280750349 1.758278228074857 0.0 1.7582782280751235 1.7582782280750435 0.8791391140376412 1.7582782280750242 1.7582782280748686 0.8791391140375223 1.7582782280751805 2.4865809165690163 1.7582782280750417 1.7582782280750195 2.4865809165691104 0.8791391140375029 2.4865809165689856 0.8791391140375058 1.7582782280751632 1.7582782280749967 0.8791391140373965 0.0 1.7582782280750155 0.8791391140374919 1.758278228074957 1.965814820666812 0.8791391140374961 1.7582782280750642 1.758278228074962 1.7582782280750193 1.7582782280749927 0.8791391140375345 1.7582782280750544 1.9658148206668398 3.6247834267885057 0.8791391140375244 1.7582782280750202 3.6247834267885954 1.9658148206668598 1.9658148206668293 2.4865809165689354 -60.115528950046034 -147.4351496021248 -1017.4196217382312 301.60966460581596 -167.47756695497534 -66.5095299571136 -1022.9242754822068 332.28417276489586 -107.3372394149405 -116.99591349264956 -998.5634532066063 362.803613912648 -126.98575576062436 -107.49689983172259 -1002.7091118405258 365.59606866820116 -40.105250187343685 -149.65463200854518 -994.9796251576305 368.17407993954515 -51.26822089140022 -148.53907408428157 -999.1883520061742 323.62757434130475 -79.41218470448324 -134.64726771551 -1017.3757127392835 324.95819446027247 -121.64325343969388 -114.79302770131194 -998.0795395124587 330.3395842099347 -152.9032780482191 -98.99252295019241 -985.6359420287706 344.07429718773864 -97.04214301062747 -141.55462895770864 -1003.7044376799054 353.07228479282907 -77.69799994816833 -129.70308442633032 -971.8687431082797 380.35879040955314 -131.3667582463215 -101.94969926836764 -1016.0960245338161 318.9018002448824 -74.48609572707379 -143.7847695172607 -1003.1889920457826 307.80442138982204 -54.028207196446324 -144.85173354052307 -1028.6651891616036 295.762397269407 -64.7174389689748 -138.6758082760247 -973.9947148702688 342.8939602371647 -30.588924044325907 -159.0848416206655 -1011.723246303529 344.99877638258346 -108.27819785772681 -108.8141758185413 -984.407107434956 357.1457933946793 -129.65674300039777 -115.36276068719903 -1009.8587026045886 328.0909099133203 -119.3865966714005 -102.98870546296992 -991.522667050078 331.90394604918174 -141.7445619901963 -103.39155825082526 -1029.506749538495 321.7985371333356 -162.6896873877715 -73.27055915187194 -992.775067537972 325.22327682621375 -161.60646692406624 -92.06883931199428 -965.4854188715254 399.1303016082874 -92.11499464550825 -138.55325674390082 -1030.5169788178234 334.7400313947142 -140.09865481449808 -94.41224663191848 -992.3181036939394 339.45219206985496 -80.47686513849479 -145.74256491409355 -1022.256885088235 289.71836913101583 -113.8111263721354 -120.86735156617958 -986.7159125786668 327.4579629600465 -67.0388433917113 -145.86979941287794 -1004.167960080367 359.048915728337 -72.50632944471914 -132.6637563033898 -1039.6238513780202 322.123483802418 -122.09462156305219 -110.90120423929983 -986.9512928230091 350.1009940968097 -126.07918380540956 -119.82566808526475 -1010.3718358561749 339.3896840794632 -61.24980400812837 -142.67159889647814 -982.6121628865768 363.78138325569313 -175.06893201825366 -66.65651012441712 -994.2518987469165 345.59269706948703 -84.65265638054953 -130.7673184469596 -970.9172021125028 371.6576615755435 -37.2023782232539 -156.60008744660695 -1044.2773481632946 315.5824436581923 -96.1219658088609 -122.84319977852013 -1009.8282293949541 355.1265192576572 -134.009008149961 -105.31176904926812 -1023.2433664816006 345.85642920735125 -84.45943027045739 -141.60604170874743 -1001.4126400715379 316.2117144704441 -104.54455395397542 -122.03059805284744 -999.3159269871708 338.8915405473522 -146.0588097881411 -97.61093809914878 -979.8462217605473 338.46213627608415 -99.77794732747924 -114.88003711891167 -1004.4430979888435 323.54357101977484 -90.15623268387463 -125.55775481071313 -1023.8670711957394 338.90254553767784 -108.3246317097908 -125.04678350293187 -1026.1173084810039 316.10090245933566 -28.143182478280853 -155.19046421939507 -985.7021340075235 337.42605239036914 -106.62039751896381 -130.57381886071812 -1009.9954580399128 319.2821878100891 -139.6198101682613 -99.79424436550629 -976.8186971049056 364.8293451227428 -149.5598112475337 -92.10141343644241 -1017.0206423771207 344.04872194035613 -76.75367482055819 -140.1471387690235 -968.7916810364741 392.9603485879539 -34.12242631841989 -152.3624445230097 -972.1141288261007 386.2718485974469 -129.1533555611566 -112.11096348726424 -1013.5529000795127 293.0829010529203 -92.15968499769615 -133.39150479953574 -1008.8170552787914 301.9744963386413 -40.98347170424258 -154.0047644829428 -1004.4233917337588 345.7179672209713 -166.43326109273576 -96.22204975106153 -1012.8330645620465 333.1967379729474 -98.25296044051004 -118.97003704972661 -995.7607778457491 350.9727777711328 -98.38553974189446 -126.10410128151882 -1035.6038814109147 318.8147612671972 -156.95919856661072 -87.98755049056464 -1034.028942381345 309.04236635184725 -84.80955180748558 -137.73796595496958 -997.7169734960277 355.87885065365214 -158.49678194131886 -95.90615477852967 -1015.5487978315823 350.7336079357739 -149.3628231325536 -102.30411149269696 -976.7863626857429 370.56929678086436 -99.08637868574597 -130.02801448094422 -1027.202443745893 303.4726771783936 -138.63076721135573 -90.5633206502802 -1016.3181398732733 336.6544976636899 -99.24600013901359 -134.2714424726551 -1035.2026964286126 328.7963249037303 -156.17326907587042 -70.90784582102573 -1028.4204966348536 329.337694831842 -166.89563721895001 -88.70103350416059 -1015.0453528413419 312.1220603022167 -149.59259631486927 -86.51016667959863 -989.0134372898578 358.4264422587103 -70.73796160211788 -136.8858029059522 -1022.037002769904 325.69236620882725 -146.90445062079883 -81.2728483060978 -995.732971356838 316.9240855627297 -119.43979041570721 -118.40257084240254 -977.969530044573 375.9764955955909 -124.36981869451249 -98.52294241858682 -1004.8733700379619 339.5237895614836 -47.55663655525597 -154.9617890253253 -980.7522591479254 352.5804793401008 -156.9326274070557 -103.05166254976544 -962.9366172344018 393.0855542161373
910.0048193674556 1.7582782280750369 0.8791391140373894 1.9658148206668058 1.7582782280748686 0.8791391140375049 2.4865809165688386 1.7582782280750273 1.9658148206668158 1.7582782280750147 3.6247834267887353 1.7582782280750318 1.7582782280750522 0.8791391140374696 0.8791391140375332 1.7582782280750033 1.758278228074994 0.8791391140375123 0.8791391140373627 3.6247834267885923 1.7582782280749176 0.8791391140375023 1.7582782280750067 1.7582782280750562 1.7582782280748852 0.8791391140374709 0.8791391140376662 1.758278228075041 0.8791391140372654 2.486580916569058 1.75827822807519 0.0 3.6247834267886296 0.8791391140375385 1.7582782280751534 1.9658148206668637 1.7582782280750846 0.8791391140375211 0.8791391140375319 1.9658148206668564 1.7582782280752485 0.8791391140374943 0.8791391140374327 0.8791391140375227 2.4865809165690416 0.8791391140375001 2.4865809165688053 0.8791391140375315 0.879139114037591 1.758278228075023 1.758278228075073 0.0 1.7582782280750484 3.6247834267885986 3.6247834267885417 1.9658148206668353 1.9658148206666661 1.7582782280750506 1.7582782280750893 1.9658148206668489 1.75827822807515 3.6247834267886123 1.7582782280751166 0.615397379826263 1.7582782280751175 1.758278228075012 3.6247834267886643 0.8791391140375101 1.7582782280748699 0.879139114037528 0.8791391140376171 1.7582782280750626 0.0 0.8791391140374806 0.8791391140373495 0.8791391140375263 0.8791391140375887 3.6247834267885803 3.6247834267884493 0.8791391140375387 0.8791391140375086 1.7582782280750044 1.9658148206668924 2.4865809165690522 0.8791391140372965 3.516556456150065 1.7582782280749927 1.7582782280750353 0.8791391140375546 1.965814820666856 0.8791391140374645 0.8791391140375323 0.8791391140373475 1.7582782280750446 3.6247834267884818 0.8791391140374651 0.8791391140375631 1.9658148206667965 1.7582782280750118 0.8791391140374791 0.8791391140374155 1.7582782280750369 1.7582782280749008 2.4865809165690527 0.8791391140374337 3.6247834267885892 1.758278228074869 0.8791391140374953 0.0 1.7582782280750473 1.7582782280749816 0.8791391140375512 1.758278228074958 1.7582782280750695 1.9658148206668018 1.7582782280750486 3.6247834267885657 1.7582782280750286 0.8791391140376517 0.879139114037535 1.7582782280750258 0.0 2.486580916568975 0.8791391140375314 0.8791391140372744 1.9658148206668558 1.7582782280750746 1.7582782280750064 1.7582782280749254 3.6247834267885963 1.7582782280749365 1.7582782280749873 1.9658148206668418 0.8791391140375332 2.486580916568957 0.8791391140375034 0.8791391140374405 0.0 1.96581482066679 1.7582782280750082 1.965814820666764 -63.45540864770504 -146.39961647077675 -1015.1671847705654 304.1904684851454 -170.43703724213003 -66.28951350887735 -1020.2355682194487 334.52044336688493 -110.21275095207177 -115.86046923087885 -994.0058964389424 366.6120269404943 -129.3966099511938 -106.66630078508909 -999.2405385285213 367.7720717249881 -43.83673810451139 -147.79212695206215 -992.7449194163684 373.35022957946524 -54.55772716739602 -146.99810942109403 -996.4344283389205 327.06285537132715 -81.81299360838462 -133.9727126280113 -1015.1933429551724 326.97472146787607 -125.02439514884715 -113.90429022238408 -995.6097292071313 333.37290014641167 -156.79214227040208 -98.37813606104288 -984.6160168026402 346.40869861739895 -101.35712651602292 -140.29145412865734 -1001.939958057531 354.78471495916773 -81.58914112931926 -129.3933048319744 -971.9991782052917 385.0224995023121 -134.7830939280255 -101.8227751064585 -1014.3107088610537 321.2234039044511 -78.35759964199926 -143.224340959858 -1002.2777170296637 310.1856204560593 -58.826278311920476 -143.67761536672353 -1027.9027599362062 297.625942713802 -69.01869465568346 -137.33364417464108 -972.5132137500766 346.12750999093186 -32.96101256952858 -158.3216886811369 -1008.2569418020868 348.4754743106171 -110.73055886791015 -108.92875417968118 -982.6216099432083 358.82927946237083 -135.52389109944525 -115.37120575388539 -1008.040365870588 330.3920327352289 -121.36110639377816 -103.38025442250323 -989.0364914982302 334.924172939022 -145.1235937862943 -102.0560084551942 -1027.6187000931266 324.6594270604891 -165.106397401374 -74.54151868507364 -991.4155917682667 327.27625515414417 -165.9919092515788 -91.4926252698984 -963.244689287299 403.5325614930001 -95.47377149425651 -137.5841176900589 -1028.3289000507987 336.74915748935865 -143.04379350537295 -94.80622408640662 -991.6930549851431 340.2091511247401 -85.26936952388441 -144.38490973464812 -1020.2218507790719 292.47182605887434 -115.69902535774212 -119.55414744285785 -985.2891323574124 330.71261008955906 -70.36719267951577 -144.60766331189308 -1001.2694007778092 361.7145445018903 -75.44751100580949 -132.66669869754483 -1036.774134016055 325.4801221219677 -125.97599598329178 -110.24262800926675 -984.2254964454743 352.91018014378966 -130.92780196132344 -118.8786102046586 -1007.2908418909369 343.18004742455776 -65.52521588460668 -141.07350228146956 -982.2930658327668 366.74577464928916 -177.8657990119919 -66.6609512633307 -992.1216692080369 346.9961379059988 -88.65798627381919 -131.94139453528834 -968.753221536735 375.60637914776595 -40.016241413909796 -155.31549642993912 -1041.7425658211541 317.3422176399482 -98.52265307433827 -122.2012928864005 -1007.7002349587558 356.53163202232395 -138.39560713729367 -104.91095162934117 -1019.3761284823526 347.14746784156915 -87.83000154232427 -140.8659372023187 -1001.7702498061291 317.7463787908093 -105.99456332340117 -121.70566535851492 -997.5804487930191 340.6168021091745 -149.97995306924912 -97.98308371587314 -977.14035957821 341.28883846769213 -100.76656189903596 -115.06389719320738 -1003.2287547270859 325.08613370781023 -94.05696109137338 -125.28996129837915 -1021.3521734774181 341.2667061542223 -112.2123647889504 -124.58699181802773 -1024.8329601434684 318.19448005426227 -31.971328050499196 -154.26155020862902 -982.8182510437492 340.1007744828332 -108.93497740037459 -128.238304614683 -1008.6060895494647 320.6792624773573 -142.51932339723012 -98.72386582941074 -974.9816979126562 368.4127156167337 -152.4739914681196 -91.51974116193243 -1014.8476015199435 344.7991043712895 -81.58296769782453 -139.27736571681368 -966.303073497997 397.27491778664506 -38.973968598159836 -151.83124098822648 -971.0491123139727 391.18630605087344 -132.5687639147347 -111.97732585900553 -1012.6752704398742 296.6921523983354 -95.15052040539985 -134.16772235686412 -1008.1223520973105 303.2888730578875 -46.68750593566947 -152.18701250555372 -1001.5483936660788 348.4064780285335 -170.59114540834636 -96.30267267739758 -1011.8846999241782 335.56361511302254 -103.10920478882319 -118.42024458291665 -994.055471362887 353.3698212676887 -101.2795351388328 -125.42859997361867 -1034.424568625487 321.5940776756049 -160.8711969010048 -88.15890878477992 -1033.2544501871535 310.89860640050944 -88.63416371032254 -136.47621424435263 -995.3129260990378 358.3257902568973 -163.84224601589622 -94.99714457116926 -1013.2400046625102 351.9946560547326 -153.2455322748281 -101.44786234533957 -974.4865829081697 375.04811422317346 -101.5242741956547 -129.87024524823485 -1026.1319447227786 304.49982937234086 -140.09742695164707 -90.51517759653711 -1013.6932077310677 339.5483144920491 -102.64206311280164 -133.8030701493832 -1033.6839727399743 331.95546992557735 -159.58587339810515 -71.22231661531688 -1026.9310758259726 331.2649039714902 -170.79028340422732 -88.30323794598935 -1012.874418649759 314.1483620861452 -153.01544322738002 -86.67439558585913 -987.4163634792847 360.27232223661514 -75.5822851550994 -136.23949484592208 -1020.7324133606984 327.7677784984806 -148.83765104101533 -80.26180065819186 -994.8974922864207 318.75827715635575 -123.35202172141207 -118.45962420139291 -977.6448809585587 378.93939907929814 -127.79714362427094 -98.62834428643365 -1003.0750137119894 340.57134223749216 -52.417078890372565 -154.4774251136155 -978.7482552484802 356.01265172914464 -160.78367901117073 -101.22056270619359 -960.9537021499278 397.1942149602276
920.0048193674556 1.9658148206667834 1.7582782280750149 0.8791391140375016 1.7582782280750249 1.7582782280750417 1.7582782280750666 0.8791391140374905 1.96581482066672 1.7582782280750193 1.9658148206668369 1.7582782280750269 1.7582782280751819 0.8791391140375197 1.7582782280749492 0.8791391140375185 1.758278228074839 0.8791391140375263 0.8791391140375271 1.7582782280750386 1.7582782280750429 0.8791391140375148 1.758278228074891 0.8791391140375068 1.7582782280749745 2.486580916569071 1.7582782280749203 2.486580916569063 1.9658148206665955 1.758278228075018 1.9658148206667714 0.0 1.758278228075049 1.7582782280750258 1.7582782280750182 3.624783426788601 1.7582782280751152 1.7582782280750067 1.758278228075234 3.6247834267886003 0.8791391140374311 1.7582782280750606 0.8791391140376427 2.4865809165690336 1.7582782280748548 1.7582782280750413 0.8791391140373739 1.7582782280750007 1.7582782280750295 2.486580916569065 0.879139114037609 0.87913911403749 0.0 1.7582782280750342 2.4865809165692028 1.7582782280750124 0.8791391140373158 0.8791391140374959 0.8791391140375276 0.0 0.8791391140373368 1.7582782280750662 1.7582782280749918 3.624783426788613 1.758278228075034 1.9658148206668113 1.9658148206669124 3.6247834267886105 1.7582782280752145 0.8791391140375404 1.7582782280750635 2.4865809165690593 1.9658148206669193 1.7582782280750227 1.758278228075 0.8791391140375322 1.7582782280751728 2.486580916569051 3.6247834267884804 0.879139114037538 1.7582782280750031 0.8791391140375188 0.879139114037705 2.4865809165690487 0.8791391140376897 1.7582782280750255 1.7582782280750648 1.7582782280750207 1.7582782280748843 0.0 1.7582782280751494 0.879139114037521 0.8791391140377196 1.758278228075017 0.8791391140374605 1.7582782280750162 0.8791391140376518 1.7582782280750757 0.879139114037436 1.7582782280750398 0.8791391140374409 0.879139114037468 0.8791391140374156 3.6247834267885577 0.8791391140376055 3.6247834267885906 1.7582782280749565 1.7582782280750466 1.7582782280752334 1.7582782280750215 0.8791391140374244 3.6247834267886083 0.8791391140375872 3.6247834267886256 1.7582782280749978 0.8791391140375279 2.486580916569023 1.7582782280750082 2.4865809165689785 1.758278228074992 0.8791391140373603 3.6247834267886203 1.7582782280750426 0.879139114037522 0.879139114037657 1.7582782280750173 0.8791391140373941 1.7582782280750353 0.8791391140374117 1.7582782280750322 0.8791391140376019 1.7582782280750313 3.6247834267884826 1.9658148206668509 2.4865809165689905 1.758278228075035 0.8791391140374918 1.9658148206668193 1.9658148206669137 3.6247834267886065 0.0 -67.74993805893105 -144.85204680933316 -1012.4732238840155 306.4186251544462 -174.46883110265455 -65.22184556650434 -1017.8655469207123 337.0024099609552 -113.11997960733605 -115.25081254725004 -991.3344884809726 368.1677607254707 -132.33248142402343 -106.81260734214531 -995.7518752722991 369.9104945916705 -46.71353525936078 -147.0491885163238 -988.8324342751521 374.4570373596308 -57.890405764528595 -145.75018698886106 -994.3083621390025 328.4656891278886 -85.95749574345687 -133.7044870895321 -1013.5971276903035 330.08367835282934 -129.42593423452496 -113.98836095234746 -992.8984078290156 336.19988186483124 -161.5087062105968 -96.77094638034671 -982.464557477075 347.7769560096733 -104.761254364846 -139.85783828246176 -999.0180485537949 357.42050743357845 -84.0722414972955 -129.96246984157878 -970.988964276927 387.46330069592153 -136.73665483309944 -101.76471763594373 -1013.3445452409884 323.5816848488617 -82.19501468290052 -141.98962168327327 -999.5105990247215 313.602867872261 -61.63885398908002 -141.98525145777654 -1026.6969132429758 300.39080595312345 -71.94142945472572 -137.12909942197126 -971.370975809778 349.67181576557067 -35.85246348056735 -157.7952781871143 -1005.8566861876374 350.92281974848487 -113.18090826002546 -109.07367964397774 -980.548595056017 361.5580343759291 -139.86145564490758 -113.52578639359187 -1006.2968101742107 332.1167232591172 -123.7744318147624 -102.5580432410932 -987.6376290113585 336.94196173882284 -150.4801384909725 -101.417736758231 -1026.514570468303 325.6511875236793 -168.5206594821561 -74.83734217775427 -988.3974926873411 330.4796328678469 -171.3460264035575 -90.62363423208916 -959.7447513183489 405.70101778826336 -100.8295779751879 -137.03649357688803 -1025.1556300929874 337.94164419579477 -146.9500054456642 -94.7005973739934 -989.4119636202187 342.1132537667843 -89.13664394361628 -143.64649277160814 -1019.1334395575967 293.4859141794673 -118.0987471441151 -118.48537725326273 -982.7531275897376 333.6896612579312 -74.97672184424505 -144.03680134015858 -997.7394609202473 363.1758415581422 -77.37982664414476 -132.28912816468312 -1034.6588192923477 328.1632262070261 -126.96728099132798 -110.69829310071896 -982.6668709946919 355.4424196379496 -133.8137865589302 -117.56057744759644 -1005.4114613685298 343.5079346616878 -68.95164956620525 -141.05621841146936 -979.5455533499463 370.18383764174916 -182.42989162152756 -65.85425719463711 -988.3259096991488 349.52710069014256 -93.01815762730996 -131.19818448433864 -966.5330966546082 380.19858643184233 -43.355947498855265 -154.28407084559484 -1039.7661607031969 318.277158170462 -102.40968361831531 -121.75189321339154 -1003.4029586056608 359.27724924920176 -142.3090293492861 -105.03854184388796 -1015.6770904733257 350.4204341252513 -95.1261141997445 -140.17518795105482 -999.0264148315881 319.9223431582482 -110.87298715754933 -121.48453169149805 -994.0414686288567 344.0161912549506 -153.86018009448335 -96.90412128119718 -976.179127963741 342.39548907441434 -103.66706615938051 -114.42307776691428 -1000.737453253385 328.10030614588425 -96.99734572756878 -125.36822681471638 -1018.979080749863 343.73987166505117 -118.00404613699205 -122.87772633302765 -1025.3729851453122 319.8756653186563 -35.83922636885377 -153.64641924754665 -981.5936553401759 342.2659208208648 -112.29258982095158 -126.86818017530453 -1006.630638960266 323.4817343054265 -146.41825602990224 -98.37243828619454 -973.7933590937733 371.94095787442325 -153.95823914987648 -92.2098794561117 -1011.7080497028961 348.540056505627 -85.95460464835732 -138.75722572350142 -963.3341100360674 399.9038428145651 -41.26784195248161 -150.15470787488272 -969.5878164839754 395.1838063406587 -134.96176691868476 -110.43792228773964 -1011.6692782420611 298.37962261717445 -98.55274065008045 -133.7345754526672 -1006.9028053648815 304.8142856010948 -48.553258884952776 -151.04769008218196 -999.6408088550686 350.6326622951283 -175.40125506111576 -94.41592787740115 -1010.4435150079956 336.9149114108132 -107.98776019986181 -118.18879266538175 -992.9614128331037 355.00704931142667 -105.19402770498553 -125.47191873358454 -1032.903361901741 323.5114088671787 -164.78730714022527 -88.57114006843068 -1031.6718953674638 312.13784295655466 -92.55049315510206 -136.48958041119948 -993.2557263539081 361.0648629893461 -168.21863614819958 -94.15492519068206 -1009.2777512814873 354.3894294699389 -157.6256613592368 -100.83587374520539 -972.5610660306438 377.92002944050466 -103.98977428864258 -130.23483618992717 -1025.2091562693533 306.8759357848749 -144.49797449572227 -90.64162194861679 -1011.8223544795158 341.79616498132 -105.83764026829652 -134.12888765695135 -1030.9760185859723 334.15666999527224 -162.0217803121175 -71.51528401794403 -1024.2614536029491 332.2388756763099 -176.0674930322018 -85.80737085580245 -1010.8490539422688 316.28836115679985 -154.9790941363943 -87.12304666909505 -986.6787748685599 362.22397408981294 -79.51460593543372 -136.4631872598514 -1019.8866603804951 329.594132328117 -152.26753216932698 -80.94038851480838 -993.1454707575342 320.4770074014799 -126.26605566137647 -117.86780631701042 -975.70318938147 381.80465124777453 -130.72703073255892 -98.53493462817454 -1000.3620466365486 343.3953049470257 -55.70537839314269 -152.73892378863752 -976.5379372017215 359.274265335424 -165.1771254417866 -101.09137165879054 -957.089806898036 400.95918350244744
930.0048193674556 1.7582782280749962 0.8791391140376684 1.758278228075061 0.8791391140376439 1.7582782280750275 2.4865809165689043 1.7582782280750036 1.7582782280751192 1.758278228075021 0.0 1.7582782280750366 0.8791391140374748 0.0 1.7582782280751026 2.486580916569062 1.7582782280750062 0.8791391140375078 1.7582782280751514 1.7582782280750306 1.758278228074833 0.8791391140375278 0.8791391140377047 0.0 0.8791391140375829 1.7582782280750533 1.758278228075186 1.7582782280750398 1.7582782280749978 0.879139114037533 1.7582782280752105 1.758278228075031 0.8791391140375313 0.8791391140375002 1.7582782280748996 0.0 0.8791391140374857 0.8791391140375003 1.758278228075078 1.758278228075041 1.7582782280752909 0.8791391140375354 1.7582782280749227 0.8791391140375393 1.23079475965242 1.96581482066684 1.7582782280751008 1.7582782280750462 2.486580916569095 3.6247834267886243 3.516556456150181 1.7582782280750227 2.4865809165689545 0.0 0.0 0.8791391140375254 1.7582782280750824 0.8791391140374939 0.8791391140374916 2.4865809165690025 0.8791391140375648 1.7582782280750309 1.7582782280748481 0.6153973798262354 0.8791391140377111 0.8791391140375127 1.7582782280751008 1.7582782280749782 0.879139114037416 0.879139114037499 1.758278228074898 1.7582782280750406 1.758278228074941 0.8791391140375532 1.7582782280751306 2.486580916569045 1.9658148206667914 1.7582782280749898 0.0 1.7582782280750378 0.8791391140375787 1.7582782280750262 1.7582782280748634 1.9658148206668293 0.8791391140375215 1.7582782280750282 1.7582782280750087 2.4865809165690345 0.879139114037631 0.879139114037517 0.0 0.8791391140375283 1.5848905769642012 0.8791391140374817 1.7582782280750788 0.8791391140375538 0.8791391140375153 2.7800819805010684 0.8791391140374428 1.9658148206668205 1.7582782280749276 0.8791391140375455 0.8791391140374223 1.9658148206668729 0.8791391140375314 3.624783426788601 0.8791391140376643 1.7582782280750222 0.879139114037309 0.8791391140375344 1.7582782280749893 0.8791391140375531 3.624783426788653 0.8791391140375078 1.9658148206669097 2.4865809165690576 2.486580916569036 1.7582782280750515 1.7582782280748732 0.8791391140375329 0.8791391140373862 0.0 2.4865809165690256 0.0 0.879139114037621 1.758278228075021 1.7582782280751204 1.7582782280750078 3.6247834267885866 3.6247834267886185 1.758278228075191 1.7582782280750713 1.96581482066683 1.965814820666806 0.8791391140376292 1.7582782280749782 0.8791391140375385 1.9658148206668218 1.9658148206668964 1.9658148206668054 1.96581482066687 -70.67129073308412 -144.66614331392321 -1010.9840210437013 308.991482853554 -177.31433423479652 -66.21709491763531 -1016.2228364533615 338.1754931076267 -117.50528122233577 -114.85845905295025 -987.632048351103 370.7232641685957 -134.7600854816162 -106.26169916089084 -991.5895138138106 373.37548697994595 -50.57487930388107 -146.2745077605341 -985.441167924116 376.60135794198817 -60.24436400611012 -144.37158598209226 -992.6625027785553 329.6226557834271 -88.39422649531753 -133.5824445119867 -1012.0200320375905 331.9504380230905 -134.76370980716513 -112.6108876252485 -990.6560704060716 338.77709772894667 -163.94668283933072 -96.25387365067819 -980.3632824995498 350.4885990285714 -109.64322328794387 -139.64442691458402 -995.5860823503414 360.8936325616591 -85.98237658222085 -129.12723998690245 -968.6283684981588 389.9511212747521 -140.14906812209185 -101.43490740814369 -1012.4635773341481 325.39710158671915 -86.07749025165373 -141.53877661829233 -999.2550658493034 314.66581355391156 -64.02704493508342 -141.10018013286034 -1024.7446627353042 303.21130476312584 -74.86745279050523 -136.95921605952043 -972.0185886895168 352.2428793863519 -37.255202551225665 -156.94823082833125 -1002.1355409778799 354.8061725705368 -116.09332879069628 -108.48537581905845 -979.0878394243798 364.8717915182045 -142.2833431999543 -112.73204654194768 -1006.0317437460137 333.1759224077353 -125.72627772094623 -102.49663536621647 -984.6080946095541 340.78169383789145 -153.40296705716096 -100.87763899242884 -1024.3886670928584 327.0611026966031 -169.4987807896704 -74.86126081130001 -986.8428914543875 333.01490130791007 -173.78088773686946 -89.85382056030961 -956.3059272528678 407.991626504702 -104.74571832473764 -137.10813373989174 -1022.3851276805576 340.07280769027506 -151.334691945192 -94.12080144197083 -986.8301685686391 345.0368325010284 -93.02205862587914 -143.21264081348252 -1016.6071201491093 295.833535297338 -125.3903910110308 -117.28231779536395 -980.5551019674012 336.9489247841096 -78.40209608734179 -144.08151655074758 -994.3238360207821 367.3220008236255 -80.32969529425691 -132.60979111911578 -1032.4778150152988 330.79832629821067 -128.9184912725027 -110.64252793237814 -982.0817695165796 357.53889710035094 -138.2193371466826 -117.9279213077438 -1004.049065863492 346.2079451021267 -73.33941657658069 -140.78815230663733 -978.3535377633937 371.74172815499963 -184.54843287705316 -66.24702873551632 -986.8864318641654 351.5180104192919 -94.49188419808847 -131.373426658148 -963.9939082550301 383.914471271824 -48.2395476697647 -154.15824871837452 -1038.5336506498131 319.79267036210155 -104.81023446216639 -120.67285401837655 -999.9758467907658 362.75822226966284 -145.69973790021294 -103.73621960810877 -1012.7949044139841 351.1531313701482 -97.54285664479734 -139.56779349267953 -996.3652710691979 323.4308522590977 -113.32467011038094 -121.64661222335953 -991.971141538076 346.74440383680064 -157.2715841854053 -96.35545456318022 -972.7430762863715 345.8758344276509 -106.60558441273322 -114.55090459400648 -998.6006628465532 329.4837792241594 -99.94869525184473 -125.73076282382029 -1016.6521951922817 344.9532615066831 -120.85398637702738 -120.34328334283778 -1023.2551390304884 321.2881648725594 -37.769833514657044 -153.2454254082908 -978.957772940285 344.5020393943813 -116.15952593307208 -125.75417292984473 -1004.8667404634919 325.18968630079024 -148.36755006596897 -98.32990015338213 -971.9106709329402 375.56750593371027 -158.35565160261123 -92.37182607760298 -1007.6592463370615 351.3392071006737 -90.817546112257 -138.25702898171627 -961.6082268256245 402.38398058402527 -43.75723199176967 -150.7000427449893 -969.1792495174619 396.18784895938114 -138.12169438416973 -109.87099558226868 -1010.634679698069 300.0431620636418 -103.38860448986418 -132.54255697924435 -1005.5335715334071 306.8470228930366 -51.440589603360415 -150.3444975881317 -997.4828231998613 351.9763470064126 -178.8147925353304 -92.70596370042232 -1008.0339841683119 339.3530530813989 -110.90600786332354 -117.83944869654665 -991.0106111009089 357.1886419284405 -107.61357133918446 -124.89106582218011 -1031.0939229613198 324.55432179568623 -166.736184824231 -88.06025516230679 -1029.3212456542808 314.63669277603515 -97.35998611017202 -134.79091572600777 -989.4676290022961 364.87326161651555 -170.16820743581508 -93.17365308053475 -1006.0136662125151 357.3722776824235 -160.0487756597019 -99.32733975979171 -970.2806098892282 381.86845613833754 -108.37124441470922 -129.8120349183698 -1022.5146024386964 310.9760997931247 -146.94469140423539 -90.83161511906472 -1009.6363466435675 345.074269908649 -110.71725248295606 -133.93069336203203 -1029.3408999266042 337.250800958091 -166.41467434708144 -71.6717272723978 -1022.3763650662805 334.48592984305907 -177.5239364984087 -86.32969008238659 -1008.7133263961111 317.69297175005886 -157.42679449202691 -87.82995868668898 -983.6980412269953 365.43505259306687 -82.91679092250793 -136.03985933428538 -1018.4970513404362 331.61916216103634 -154.20986774657143 -79.95114647049316 -990.8470462774495 324.29581966497125 -131.5790220165384 -115.75833419810613 -975.0077259953836 383.1707621233759 -133.1880511993702 -99.20275201807792 -997.888609403058 345.12272882940806 -59.973941360253626 -150.73744106002457 -974.4098476697524 363.30528875081126 -169.5418318806338 -99.33477370805682 -954.9694325332471 403.7399925509972
940.0048193674556 1.9658148206668298 1.7582782280750593 1.9658148206668278 1.7582782280750757 1.7582782280750366 2.4865809165691797 1.7582782280750338 1.7582782280751605 1.7582782280750335 3.6247834267885053 1.7582782280750429 0.8791391140374516 1.7582782280750096 2.486580916569004 3.6247834267886305 0.8791391140376257 1.7582782280750138 0.8791391140374873 3.624783426788621 0.8791391140373618 0.8791391140375162 0.8791391140375664 0.8791391140374913 0.879139114037457 1.758278228075002 1.7582782280749192 1.7582782280750284 0.8791391140376164 1.7582782280750464 1.758278228074997 3.9316296413336578 0.8791391140373934 1.7582782280750437 1.9658148206668777 5.274834684225084 0.8791391140373693 1.75827822807503 1.7582782280750038 1.9658148206667965 1.7582782280749627 0.8791391140375385 1.9658148206668697 0.8791391140375204 1.7582782280748792 0.8791391140374794 0.0 0.8791391140375154 0.8791391140376057 2.486580916569031 1.7582782280749767 0.8791391140375192 0.8791391140376096 1.7582782280750289 1.758278228074995 1.758278228075033 0.8791391140376159 1.7582782280750267 1.758278228075081 1.9658148206667958 0.8791391140376756 0.8791391140374978 1.9658148206666974 3.624783426788617 3.624783426788649 0.8791391140374887 1.9658148206667305 2.486580916569041 1.7582782280748603 0.8791391140374976 0.8791391140374708 2.4865809165690593 1.7582782280751688 0.8791391140375553 1.7582782280748634 0.0 0.8791391140375963 1.758278228074986 3.6247834267885213 1.7582782280750402 1.7582782280752085 1.7582782280750227 1.7582782280748719 1.9658148206668098 0.8791391140374892 1.7582782280750282 3.624783426788625 1.7582782280750247 1.758278228075042 0.0 1.7582782280750417 0.8791391140375213 1.9658148206666146 0.8791391140374825 0.879139114037397 1.7582782280750324 0.879139114037566 0.8791391140375118 1.9658148206667854 0.8791391140375203 1.7582782280750713 3.6247834267886185 1.9658148206666919 0.43956955701876166 1.7582782280748404 0.8791391140375034 1.758278228075124 1.7582782280750247 1.7582782280752185 0.879139114037503 1.7582782280752431 0.8791391140375646 1.758278228074971 0.8791391140374972 3.624783426788665 1.7582782280750129 0.879139114037647 1.758278228075038 1.7582782280750267 1.7582782280750298 1.7582782280751166 1.7582782280750238 1.9658148206671051 1.7582782280750648 1.7582782280750475 3.624783426788649 1.7582782280749905 1.758278228074979 1.9658148206668924 3.6247834267885963 0.8791391140374591 1.758278228074996 1.758278228074994 2.486580916569046 1.965814820666747 0.8791391140375053 3.6247834267886243 1.758278228074993 1.7582782280749731 1.758278228075043 1.9658148206668318 -73.12230817243851 -144.7917089722909 -1009.082538709126 311.2256207403617 -180.59087768096686 -67.76112701353127 -1013.4081244736128 340.252893342545 -121.41310679289991 -114.7638372250667 -983.453585406167 374.1144691907819 -136.69308718975068 -104.76471365741823 -988.9932665391058 374.9145411450949 -54.42116732602616 -145.07289326671187 -980.4800839774979 380.59197191254214 -62.642785173936794 -143.5130711228771 -990.3776889374408 332.1664397431305 -91.3022789884211 -132.9729646888151 -1010.0834015977015 334.15370407895534 -140.85223204734962 -111.52463744291354 -990.4236969612126 341.2210469371823 -168.84288590597174 -95.34635317375414 -977.8204141690813 352.7733240301512 -115.00431558430385 -139.22399205531906 -992.1737318856582 363.0147195662026 -86.9346165237792 -128.5974474382769 -967.5915479369139 392.4792022368508 -142.57558245484387 -100.43097068093434 -1011.5990369326801 327.87572892921406 -89.51087901911704 -141.88092969680338 -997.9262430536766 318.05235005239354 -67.4267396471867 -140.68059327734892 -1023.6825434251131 304.8623198024265 -77.3178338759606 -137.0911581093857 -971.8577074466265 354.8175662054603 -42.99770475766498 -155.0878932688089 -998.461326909068 358.05089678999985 -118.07200877909574 -109.41174741455607 -974.557542684013 367.91862326895745 -148.61020122921968 -110.22822921033352 -1003.7310640595166 335.0448344233551 -128.66492620643513 -102.91875683312203 -983.3133865508426 342.910833747564 -158.78188836308297 -100.15887572548948 -1022.4736197250675 329.27459434132584 -172.41341625878104 -75.47724511915172 -984.1332665232404 334.5233290548652 -177.2148940799518 -89.4548222004868 -952.9034423606141 412.0545062076334 -108.16910265182456 -137.23435999118848 -1019.8608885397113 343.70031526715326 -153.76711345762035 -94.84468708552168 -984.5221748256077 348.22898294586474 -96.4343281699562 -143.0761369633088 -1014.548059397824 297.9246533661675 -130.2628110309982 -116.68609185130839 -978.973773936905 340.80743139741617 -82.75888462296302 -143.15100920177235 -990.3649050419378 369.5947420486944 -83.74366496374924 -132.46092352309762 -1029.8309867455648 332.39040556175047 -131.82963361379686 -109.60832776630654 -979.5173949734767 359.79676193365646 -142.6009883364734 -116.87621208832942 -1002.381426404508 347.33580084394686 -75.3035306410278 -140.93671742776917 -975.977978619181 374.9283410808782 -188.02861052674442 -69.30640659966723 -983.6642534948055 353.8511082241596 -98.37562216657933 -130.7332982594008 -962.019365771354 387.59441100702054 -51.129773235779396 -153.4963178254469 -1037.0189073301765 322.3425915365176 -106.72993487196393 -119.63115366667846 -997.2544424172289 364.89130590484996 -149.59814294681894 -101.99420370807218 -1010.8393307904581 353.31329512358343 -100.72272506097465 -139.68788634640362 -995.570517510463 324.70009787881764 -116.71544361542544 -120.5768437349953 -990.2807509023356 347.8483358506795 -161.17845454676927 -96.61491082095253 -970.3725358332688 349.0018704246002 -109.03863287637718 -114.23156071314098 -995.8620336759395 332.9308319531112 -103.83547600685604 -125.10800329463822 -1013.3332679479257 347.21453855153305 -124.74003275482177 -119.27442982984387 -1021.8527772539068 323.3018840130142 -44.4924316069355 -151.3234647698305 -976.2599581537905 347.3303352611846 -119.04322292692314 -123.96630456015184 -1003.571304845597 326.65821696704666 -151.78781019144284 -98.07978659346772 -970.4011643496914 378.25601713598496 -161.28391650300378 -91.90652521684498 -1004.4834934251138 353.7307949235342 -93.7541610520655 -138.38156982749666 -961.1300945740214 404.0790987354875 -48.9758173635197 -148.17083757935126 -966.9567106115545 398.09882531299377 -141.99741338452816 -107.85659249586355 -1008.9894861884856 303.123659519016 -106.332125854996 -132.92511019280445 -1005.0548331021579 309.6539429870076 -56.05781054770744 -149.83633659670596 -995.0024833477096 355.00315235979446 -184.20251459016774 -91.97120821967556 -1006.7276527056675 340.8082686670571 -114.29642871042851 -116.76405977477992 -988.448154806358 359.47876982382655 -110.22735770546043 -122.61069131399513 -1029.3253436151936 326.25245271147276 -169.1782621593903 -88.35890880612706 -1026.7978930395734 317.6192278884503 -99.80527834785521 -134.69778948025134 -986.0233901762806 366.96369107706965 -174.09463691589593 -92.52302735941953 -1003.1747780893954 360.0694791906428 -165.41944667728438 -99.84603389254511 -968.9509765276586 384.05646523263505 -112.24306198598028 -128.7122097407182 -1020.9977335797412 313.52763586200945 -149.38731135188206 -91.06552812150198 -1008.3598077054592 347.21682403079 -114.14254024474315 -134.06887876360207 -1026.3628641170817 339.19422865468505 -169.3584278199271 -71.56553308732977 -1019.673932814664 337.96011422005466 -182.41058288628648 -86.56238688006619 -1007.1641844355067 320.2313563562576 -161.3329950296622 -87.8854619227202 -979.5103133276791 368.85563271142667 -86.34136672401681 -136.13922417083353 -1016.481243408232 332.44949802001946 -157.13780465966255 -79.98410293623185 -989.2699554586734 326.81531495657526 -136.92620591040634 -114.18906220866512 -973.4681618514091 385.84867524039464 -135.13995599423674 -99.16963135652976 -996.9264528832128 346.8884526269242 -62.24132318644193 -147.43148257382086 -970.7300098792598 365.8438221450075 -173.47779814055454 -97.93476397418569 -953.6932857820841 406.7575461116501
950.0048193674556 0.87913911403754 1.9658148206667025 1.96581482066682 0.8791391140376406 1.7582782280750155 0.8791391140376017 0.8791391140375221 3.6247834267884707 2.486580916569045 1.758278228074885 3.6247834267885852 0.879139114037531 2.486580916569047 1.7582782280749176 1.7582782280750326 0.8791391140376282 1.9658148206668224 1.7582782280749891 2.4865809165690598 1.7582782280751514 0.8791391140375429 1.758278228075063 1.7582782280750158 0.8791391140376968 1.7582782280750489 0.8791391140374897 1.7582782280750033 0.8791391140375041 3.6247834267886176 0.0 3.516556456150047 1.7582782280752167 0.8791391140375069 1.9658148206668544 1.7582782280750093 1.7582782280749558 1.758278228075044 0.8791391140374853 3.6247834267886114 0.8791391140373837 2.486580916569013 1.9658148206668593 1.7582782280750133 0.6153973798261436 0.8791391140375024 3.6247834267886883 1.7582782280750702 3.6247834267884773 1.9658148206668185 1.965814820666808 1.7582782280750286 1.9658148206668478 0.0 3.6247834267886514 0.8791391140374747 0.0 1.7582782280750147 0.879139114037399 3.6247834267885763 0.8791391140373794 3.624783426788597 1.7582782280751577 0.6153973798262499 1.7582782280749059 0.8791391140375476 3.6247834267885173 1.965814820666814 0.8791391140372075 1.7582782280750255 1.7582782280749705 0.8791391140375371 1.7582782280749751 0.8791391140375089 1.7582782280751188 1.7582782280750502 0.8791391140374998 0.8791391140375343 3.624783426788669 1.758278228075011 0.8791391140376446 1.758278228075005 0.8791391140376023 1.7582782280750138 1.9658148206668968 3.6247834267885946 3.6247834267886994 1.9658148206667905 1.7582782280750686 1.7582782280750437 3.6247834267885364 0.8791391140375097 1.758278228074952 0.8791391140375232 0.8791391140376033 0.8791391140375345 1.7582782280750284 3.6247834267885737 1.965814820666811 1.7582782280750533 1.965814820666803 2.4865809165690456 0.8791391140375229 0.0 1.7582782280750475 1.7582782280750489 1.7582782280751046 1.7582782280750215 0.8791391140377248 0.8791391140375359 0.8791391140373798 1.7582782280750475 1.7582782280750249 1.7582782280750209 3.6247834267884738 0.0 3.6247834267885763 0.8791391140375088 1.758278228075143 1.758278228075013 0.8791391140373127 1.7582782280750247 3.6247834267885444 0.8791391140374983 3.6247834267884547 0.8791391140374993 1.9658148206666222 1.7582782280750466 0.0 1.7582782280750378 1.7582782280751583 0.8791391140375381 1.9658148206668933 1.7582782280750482 1.75827822807483 1.758278228075005 0.8791391140373458 1.9658148206668338 1.9658148206667279 1.7582782280750577 1.9658148206669757 -75.9850707949023 -142.9704668776494 -1007.9059480334884 314.75062914354703 -183.36384255875475 -69.93182794019023 -1010.7415047337158 343.1159285900361 -124.82817231282708 -114.23883176150832 -981.0332450190471 374.334277576856 -138.64160650625274 -105.99216041286957 -985.3856319001574 378.20728134916794 -60.207856955996974 -143.32838667298182 -978.602934635628 382.89707284903784 -67.93740882180545 -141.57626890510159 -987.5126899219914 336.19798692895716 -94.72799503566338 -133.1076257704737 -1008.0951289118524 336.3035353793556 -145.7365704939018 -111.05610298476641 -988.3772472248241 343.32607015878096 -170.84281649219943 -94.20670174140153 -975.851389228441 355.6557571725435 -119.39805847599524 -139.3758913195529 -987.7500863556994 366.8676880662811 -89.3850602087939 -128.7561532578765 -965.1559747049097 394.89144024278625 -145.9936695323262 -100.22699713566767 -1009.7788557660759 329.5118879953557 -93.91046286185919 -141.9802225892575 -997.3275226299739 320.1551064775902 -72.24364069372683 -139.01646853903185 -1022.2715212462957 306.87259367525456 -82.18193647671062 -136.42769853842537 -969.8543591404424 357.67606642907714 -48.78917029510098 -153.79864504387655 -994.4772423338068 361.64357868139587 -119.54069119790869 -109.63113514200185 -970.753849356812 370.98903388240217 -153.0053324890016 -109.81063056409371 -1001.7373674554506 337.1820843151836 -132.08759965042893 -103.14413210363766 -981.0690212986384 344.81532311217074 -161.702882748564 -100.50424687872808 -1020.0080086636441 331.6506399294557 -174.8063235344068 -76.35659753448384 -981.0555373347994 337.6491812876321 -181.21570983355682 -87.9689442516764 -951.2091962378925 414.6580946163286 -112.56810090921654 -137.37138514851378 -1017.1788889737958 345.8839632860176 -156.71528959530733 -93.93847312202259 -980.8737397550447 350.7786629023906 -101.79076662296728 -142.42748191870706 -1013.5438617929835 300.93932191826093 -135.63023909861036 -115.93476926051376 -975.313600997153 344.0568157577901 -85.68878117709053 -143.04464253896606 -987.4959789190224 372.27142906050364 -85.1913511567135 -131.9224993369335 -1027.660135891536 333.7279847328952 -134.76304936738765 -110.58022165754677 -977.3346153498437 363.19016022478047 -146.99456449455366 -117.63070504905862 -998.4567402900801 350.324528692811 -81.13403499494751 -139.9842997032531 -973.8495589645358 378.4260244687931 -190.51173641207802 -71.43903101345502 -981.0348737312811 356.7432569963832 -99.81735189907002 -129.95608986691917 -959.3208245571353 391.19872467169915 -56.49345113255176 -153.2254278964537 -1034.3590916137364 323.9044370995717 -108.67432696161839 -119.34551774824095 -995.1103335033484 368.3026848697193 -151.54845778159407 -102.5157170236277 -1007.2622567475331 355.96572820182564 -105.10629864334554 -139.3142461214367 -994.0726703259985 326.6532899650391 -123.06189459797437 -120.48831205203702 -987.1702707362523 348.874827533377 -163.6515264815423 -95.96355951069644 -967.6854774612508 352.5396549528042 -111.96010835653333 -113.67579640866457 -994.1673715950619 334.0078293842956 -106.26968054736079 -124.80656179491679 -1011.3174900165935 349.3537953779952 -128.14363722253785 -117.29980438185953 -1019.9372545259565 326.1719597636253 -51.755485426434774 -149.96297272885892 -973.7922764293852 349.69636861908134 -123.43840712116057 -123.90834169181646 -1001.229079235048 328.4797043195847 -154.7265776248645 -97.91350432639953 -967.6586543609407 380.31560225631114 -163.25867306748046 -91.48542087784143 -1001.3866338825259 356.1662501710792 -96.66806638628681 -137.80131128536738 -960.4920192379207 405.5880408310969 -54.77836021062957 -146.89638514254247 -965.0471421713319 400.3745536944007 -147.61827620672926 -107.42477881226806 -1008.1960582268348 306.9784801965406 -110.73301315320055 -133.06205739281074 -1002.890183687144 314.2748159286649 -59.967501726172486 -149.89343784675884 -993.9611369757829 356.7359104438963 -186.7106525566183 -91.03639958116251 -1004.7115059252716 342.92895714496973 -118.21762018453401 -117.67135110356473 -986.6738845056574 361.86618847503917 -113.64155564702851 -122.28944996971313 -1026.54699505064 329.01514114393433 -172.14658054289794 -87.5214715274984 -1025.512062739075 319.0832036570733 -103.22397708932763 -134.60439591782918 -981.9821518495761 368.36675835242494 -176.57793154047388 -91.65679548686047 -1000.0387693853994 362.4712898398568 -168.85103653208765 -99.4770785551482 -964.7743557993172 386.69310570822086 -114.68935432539865 -128.9022611924355 -1019.5610243071566 315.51392483203443 -151.82466447539497 -91.1173282622797 -1005.4603832861553 349.19402618492467 -117.7956840628619 -133.50833196667844 -1022.608980964402 340.40399025457674 -171.2525540449584 -72.65403431658851 -1017.5088847243925 339.9420646323778 -187.31669227336442 -86.41574665930695 -1005.3786339323591 322.5639316524587 -164.75474717752888 -87.77346353065131 -975.7209035622827 371.9429227130579 -89.27231973049035 -136.04009940809544 -1014.1445724390564 334.2872513707691 -159.11550539873625 -79.5558706726931 -987.6326736246397 330.6521072275331 -141.81241923440774 -114.43414595783767 -970.4037050676683 387.5323410151236 -137.08642229545472 -99.18027217996101 -992.8162368234856 349.6885544310077 -66.08006922973841 -145.7977689095826 -966.7627883066898 368.73523775198214 -175.47627665977782 -97.29940616621153 -952.0996492998894 409.40369712157604
960.0048193674556 0.8791391140374877 3.6247834267886554 1.7582782280750353 0.8791391140375383 0.879139114037539 1.758278228074924 1.7582782280750169 1.7582782280750733 1.7582782280750082 1.7582782280749327 1.7582782280750404 1.7582782280751101 0.8791391140375067 3.6247834267885835 3.6247834267885684 0.879139114037591 1.7582782280750193 2.4865809165689936 1.7582782280750207 5.274834684225257 3.6247834267885892 0.8791391140374709 0.879139114037504 1.7582782280749727 1.7582782280750737 3.6247834267887304 1.7582782280750506 1.7582782280749818 1.9658148206668329 0.8791391140374498 3.5165564561500635 1.7582782280749334 0.8791391140375169 3.6247834267884693 1.965814820666812 2.4865809165691353 0.8791391140375101 1.758278228074926 3.6247834267886305 0.8791391140374002 1.7582782280750622 0.0 3.6247834267885994 1.23079475965242 1.7582782280750748 1.7582782280749907 1.965814820666804 0.8791391140374889 1.9658148206667945 0.8791391140375883 0.8791391140374948 1.9658148206668549 1.965814820666794 0.8791391140375551 0.8791391140375457 1.758278228074793 0.8791391140375081 1.758278228075082 1.9658148206668657 0.8791391140376597 1.7582782280750517 1.7582782280749287 0.6153973798262445 0.8791391140375775 0.8791391140374825 1.7582782280748754 1.7582782280750617 1.7582782280749758 1.758278228075033 1.7582782280750366 0.8791391140375364 1.7582782280748894 2.7800819805010724 0.8791391140376408 3.6247834267885914 0.8791391140375924 1.7582782280750346 1.75827822807488 0.8791391140375201 0.8791391140375326 0.8791391140374908 1.7582782280750726 1.965814820666797 1.7582782280750715 3.6247834267886225 1.7582782280748925 0.0 0.8791391140374744 1.7582782280750642 1.9658148206667965 1.7582782280749796 1.7582782280751825 0.8791391140375154 0.8791391140374639 1.7582782280750413 0.8791391140375243 3.6247834267885826 1.965814820666731 1.7582782280750566 1.9658148206667334 2.486580916569041 0.8791391140375948 0.0 1.758278228075001 1.965814820666824 1.7582782280749634 1.7582782280750513 0.8791391140374206 1.7582782280750184 0.8791391140372815 1.9658148206668349 1.7582782280749518 0.8791391140375113 1.758278228075236 0.0 1.9658148206666646 0.8791391140375338 1.7582782280749054 1.7582782280750218 1.7582782280750147 1.7582782280750118 0.8791391140375278 0.879139114037535 0.8791391140376019 1.7582782280750457 0.879139114037583 0.8791391140375254 3.6247834267886714 2.48658091656903 1.7582782280749472 1.7582782280750122 0.0 0.8791391140375073 1.7582782280749834 1.758278228074991 0.8791391140376009 1.9658148206667934 3.624783426788733 2.780081980501072 1.965814820666733 -77.95004515449725 -143.40158209046157 -1006.227173937289 316.51518184615804 -187.18993908466888 -71.1999847557617 -1007.6194569439119 345.5344479564184 -127.28567597101748 -112.79171411997993 -978.2955531415132 376.3959002024436 -141.57268513183786 -106.07252702769408 -982.2887140127644 380.5956959598894 -65.07205235311125 -142.66528426703206 -975.3276399805716 385.0827560415245 -69.83321028432957 -139.80826253365794 -984.3299163887053 339.9355495741149 -96.65722873647518 -132.09280299146013 -1004.1443248393176 339.2568916825276 -150.1563577616274 -110.47002804013013 -987.4677791799818 345.20048220649585 -174.78838882819502 -93.72485486083824 -972.5957310389038 358.5953490989383 -123.78789242128109 -138.6291858616321 -983.9837499816791 369.2492146046713 -92.7961499020991 -128.43604202238996 -964.889734057411 396.08283558373046 -147.9508035509295 -100.04086090472337 -1007.220493929524 331.7969233126002 -96.31447467465001 -139.980510940439 -996.3295483246477 324.6555369354019 -76.09031565390829 -136.94564458689788 -1018.9501685022132 309.7988411184949 -87.0828810038518 -137.03684461315768 -967.092877640338 360.45289964371335 -55.11253076684059 -153.03294068908554 -991.0444005629854 365.1247172705111 -122.47627790823695 -109.64432248625522 -966.3773549032007 374.1440231829602 -158.40071922789525 -109.55886273857186 -998.9792745774774 338.5562073865483 -133.55455177977814 -102.92878629769162 -979.7799238878332 347.00918857319107 -165.1351125397732 -100.20458209983879 -1016.9744582198706 334.82710112309945 -177.72986291361235 -76.56096780767326 -978.7240760650267 340.86136962431374 -184.22876710425734 -86.96764295110674 -949.3208693422769 419.2903278759697 -117.44531458813333 -136.593047425421 -1015.4569302570025 347.6287581245357 -161.08264890414128 -94.64526282696283 -978.5581061401513 352.5939734883159 -104.19330370683664 -140.19285797788044 -1012.8491333333077 304.25220550918436 -139.04537986040603 -115.76198178231252 -973.7707128186696 348.1407080287868 -90.5715885054526 -142.93131142092767 -985.1055419831002 374.72368212442336 -86.63815015319345 -131.15533513293684 -1025.652526286869 335.86266751246814 -137.68451640610218 -110.63775348771954 -974.9375471035858 365.6395960980509 -150.43076565267594 -116.98832137785558 -996.4914635299723 353.2114971198225 -84.56476212155182 -140.37967663177628 -972.0005368112251 380.0215456532905 -194.1296216666323 -71.59802072055083 -978.7073230463914 358.53109771726264 -104.21643823641213 -130.1259108814816 -957.9917551506167 394.90565629953005 -61.91510655693388 -154.2273172285907 -1032.8256868709068 324.48550747485837 -110.14333178307187 -119.82036390122028 -992.0187165833556 371.4324187494289 -154.48094347130802 -102.63149358841858 -1004.6219575009912 358.8535396791164 -110.20697291551832 -137.52463001009988 -992.509069443061 329.9317601630077 -127.46139272735415 -120.52674862873278 -985.1781969212163 351.7582902296907 -168.54694001027377 -95.99096346288924 -964.5351427491127 356.3395644200807 -114.40781647192503 -113.90181747214498 -992.2650915864306 335.5601340017821 -108.22367723274472 -124.78504913381367 -1008.0106557934664 351.5691956883373 -131.0957494600742 -116.36242970622622 -1017.7308517102094 327.4431661940069 -57.59453232065254 -149.23845250750813 -970.2730234701074 354.5398054457165 -128.81700720738613 -123.93070504251997 -1000.0532956510414 330.7400709136299 -157.6285558940449 -98.5401547729744 -965.1172458506051 384.10304838333695 -164.24350623136598 -91.30090702044502 -998.5499312082944 358.85120732886634 -99.58192224198154 -136.7709290395526 -958.6856892985476 408.73712157948574 -60.59761378233899 -145.69066180344777 -964.6727312506049 402.94355309357945 -152.52602469835682 -106.8680755576545 -1007.3030613883245 310.80875949185855 -112.69395569449856 -133.5252129666191 -1000.0449162898828 318.3059983863895 -64.34062084310617 -149.2465888860144 -991.293126843657 358.8842534853859 -191.2222721960664 -89.66195050429016 -1001.5854281566765 345.6646838135772 -121.15042670570996 -117.9193835387472 -983.8065934399539 363.79492364945907 -117.0584097292471 -122.51282734125472 -1023.1571767380511 331.18955867375377 -176.54423146248487 -87.55913994057624 -1024.1888983938845 320.51426144557905 -105.66986299048912 -134.56881414080763 -978.4542499614477 369.5436642038094 -181.4514676277147 -91.98691766185976 -997.1757437978591 365.1338143966537 -173.77265517656454 -99.0377106155172 -961.7789230102617 389.5778759301811 -116.15546455186981 -129.13531299418784 -1017.4149854410648 318.19164625512315 -154.753798445906 -91.2456977309943 -1002.1327892485315 352.07457019251797 -121.7004859616899 -133.49395438062857 -1021.2487844698403 341.8270290366831 -174.21035433504477 -72.36143824606457 -1014.4250399348057 342.40971384320255 -190.34485939053513 -85.1772966901133 -1003.6801404582658 323.6472286064733 -168.6797995592529 -87.5081733346814 -971.92512154883 374.2778800039075 -92.66218429825055 -134.743107801193 -1010.0360187177603 337.1041985351289 -162.4950254623062 -80.47536506865637 -986.2142245230079 333.3924912237241 -145.73170830240392 -114.0353610369638 -969.0786276610062 388.9893237337376 -138.59757333451967 -97.50490664342578 -991.0598181594553 350.68444644235416 -69.49573458436019 -145.68374885725297 -961.8547154916716 372.02422834431644 -180.17409971416262 -96.63641857004 -951.7749390466957 413.5352575452309
970.0048193674556 1.7582782280750398 1.758278228075056 0.0 1.7582782280750506 1.7582782280749851 1.7582782280750209 1.7582782280750426 1.7582782280751064 1.9658148206668464 0.8791391140376402 0.0 2.4865809165690917 0.8791391140374792 1.758278228075028 1.7582782280750147 0.8791391140375749 1.7582782280750173 0.879139114037455 1.758278228075031 1.7582782280751637 0.8791391140374961 1.7582782280751708 1.7582782280750786 0.8791391140376958 3.6247834267886176 1.7582782280750353 1.7582782280750442 1.758278228074898 2.4865809165690083 3.6247834267886185 0.8791391140375595 1.758278228074855 1.75827822807505 0.8791391140374221 1.758278228075021 1.758278228075204 0.8791391140375355 1.965814820666769 1.9658148206668478 0.879139114037583 1.7582782280750173 0.0 1.7582782280750413 0.6153973798261436 1.7582782280750415 1.7582782280751086 1.7582782280750255 2.4865809165690234 1.9658148206668518 1.7582782280750466 0.8791391140375237 3.6247834267885546 1.9658148206668085 2.486580916569093 1.7582782280750082 0.8791391140373749 1.7582782280749905 0.8791391140375023 1.9658148206667794 1.7582782280750147 2.4865809165690127 0.8791391140373918 1.9658148206668578 0.8791391140375541 1.758278228075037 1.7582782280750227 1.9658148206668178 1.758278228075072 0.8791391140375255 1.9658148206668788 1.7582782280750608 0.8791391140374135 3.6247834267886194 0.8791391140374667 0.8791391140375393 1.7582782280750753 0.8791391140374959 1.9658148206668304 0.8791391140374897 0.879139114037417 1.7582782280750204 1.7582782280749953 0.8791391140375112 1.7582782280749547 1.7582782280750295 0.8791391140373749 3.6247834267885857 0.879139114037627 1.7582782280750346 1.7582782280750389 1.7582782280750615 0.8791391140375702 0.8791391140375108 1.7582782280751283 0.8791391140374987 1.7582782280750142 0.879139114037524 0.0 0.0 1.7582782280749882 0.0 1.7582782280749532 1.965814820666803 0.8791391140375322 1.7582782280750358 0.8791391140375059 0.8791391140375195 0.8791391140375365 2.4865809165690087 1.75827822807511 3.6247834267885897 0.8791391140375265 1.7582782280750633 0.8791391140375124 1.7582782280750164 1.96581482066677 0.8791391140375289 1.7582782280749865 1.7582782280749816 0.8791391140375863 1.7582782280750207 0.8791391140373238 0.8791391140375363 1.7582782280749656 0.8791391140375193 1.7582782280751326 1.758278228075023 0.8791391140376272 3.6247834267886057 0.8791391140375601 0.879139114037523 1.9658148206667445 0.8791391140375093 3.6247834267884413 1.7582782280749947 0.8791391140375714 1.9658148206668205 1.965814820666686 2.4865809165690234 3.624783426788721 -81.3555490890361 -142.37104807954475 -1004.6720997569563 319.78708418609824 -188.22145257131228 -70.54747073929 -1004.9269927579552 348.3821474323318 -129.71314636851844 -113.10585591277068 -975.7563419607844 377.9381232885249 -143.56647131509047 -105.19606526018383 -978.8524634994557 382.59096900883196 -70.40816490972566 -141.06587402708465 -972.7848350853915 386.62023126414175 -75.17138266671213 -137.97996696127686 -982.8437958938514 341.9340630711136 -101.53968939954132 -130.59799588808878 -1001.6741191639242 340.9088339247799 -154.5333198948776 -110.94330857870689 -986.1504790950788 347.38155308594907 -177.74584451590553 -93.45637020015361 -970.1537783386666 361.3708282683407 -127.72315865902245 -137.4773480066626 -982.0954623298368 371.5443856274594 -95.72270777940386 -128.40934060016625 -961.919258589477 398.6211647288156 -149.87536375324157 -100.6339166819584 -1004.4388139749914 333.1296523690925 -100.70467445388068 -138.25668309194128 -994.5557197606452 327.04013506556146 -80.9556137022904 -135.88460804086841 -1016.386425767911 312.0876627907046 -90.4925145328743 -135.78029586595062 -963.1892593785973 364.15579577548874 -59.95067461293732 -151.66043308292743 -988.7980122604475 367.7525237621137 -126.40123035950653 -109.02094216825039 -964.6839921931136 375.92166954927995 -160.9438261585319 -108.00322794344947 -995.2735763101949 341.0257063729037 -135.44759989988285 -104.46521459579851 -977.2216589975528 349.2813990735275 -169.04629745658104 -100.23252641859017 -1015.7573452976528 335.6720853436965 -179.17247235944154 -76.91738246276505 -976.6765614163136 343.6926984284537 -187.61778426610053 -87.48081655089447 -947.2235432415212 422.17401789711766 -121.3513777760887 -136.39568851095626 -1012.7853418140697 350.4871846294748 -163.0319398937218 -94.77078242030043 -975.8358500299004 354.67733162206713 -107.60754144837792 -138.7299492128968 -1013.4030243096319 306.14272035199275 -142.01483286620646 -114.91941690574842 -970.6815674462806 350.545397897235 -94.95593017291621 -141.1807864224847 -982.8931043698641 376.6446514315936 -89.08251959378067 -131.61403351901183 -1023.7460402797836 337.4187415060114 -141.11407867048987 -110.54447679888337 -973.7832231784563 367.2862916816115 -155.82847306056567 -116.53302458212731 -993.1394049118802 354.60643924509924 -86.51243126552599 -139.374673584277 -968.2942956207004 383.2016553723392 -196.7805102797711 -71.54461591276512 -977.0321664664178 360.32582687907944 -109.10485310259185 -129.15496041232424 -956.0774906269298 399.43213477895256 -66.78637439725702 -153.85422952282624 -1031.2902834374877 326.39935228545914 -110.61770628495269 -120.55454678280982 -989.6512019215227 373.17668489206 -157.43219759869544 -102.32284490578343 -1002.4475367377697 360.825603477636 -115.33197179581259 -138.2749519753436 -990.8885575352865 332.4765660782273 -131.3604971876534 -120.64816544114113 -981.9297521225536 353.99373946798465 -171.4721498626517 -96.19480820872656 -961.6949743081757 359.7765727803593 -116.85399657343486 -113.6902044152353 -990.7869669219258 338.2718622983235 -110.18005723330876 -124.30757382389835 -1005.1446309461267 354.2202849894867 -134.511065906218 -116.48402793518707 -1017.2092305959446 329.0010942044701 -60.95692592023705 -147.4314831746962 -968.9133885609089 356.70114912386686 -134.66921253298932 -124.11761024884927 -997.7778935008371 331.8923715112023 -161.55982035661853 -98.30576227683439 -962.0938236720967 387.33078826777887 -166.2275233375523 -90.9463025249819 -996.3729632985633 360.8125941923322 -103.48754542794502 -135.05620302620403 -955.7148436898157 411.27502542730764 -65.93964699401278 -144.5629147376201 -962.3401716103701 403.9728422220922 -154.0258699875175 -106.21358358997269 -1006.2761590629065 313.22310832322023 -117.0992655360535 -131.6171369664573 -998.7987984455203 321.22681000182837 -68.23846230024198 -148.65284831706117 -989.0688779734543 361.5213512277397 -194.182395862108 -89.41075593485478 -998.9103392959521 347.8054398248853 -125.06131073932973 -117.76028360033712 -982.1308891823984 365.5894785177986 -118.53005223974499 -122.77601880690338 -1022.4637780289174 331.87699800418915 -179.5411958784583 -86.8056259458795 -1022.1280710453653 322.6028782650757 -111.04405971201646 -134.09419763937862 -975.8240097930454 372.47652083689565 -185.3851413121954 -91.79841044480013 -995.830817309643 367.3029311462356 -178.26835548047154 -97.8951419240529 -960.2366421431306 393.7872443268969 -119.57720424907716 -128.4547935024904 -1014.8269557048588 320.4490509958877 -157.67437408163553 -91.42302853409959 -999.2883550997717 354.0219418069254 -126.1082254854687 -132.83672648747205 -1018.6540582888506 343.3409127642302 -176.6643408881415 -72.3017516924929 -1012.1217918425407 344.9442899604961 -193.30487794252835 -84.924504555782 -1001.393533672982 326.2029674195697 -172.1082599632189 -87.50980889353579 -969.8111304171351 377.0623689311942 -96.06680611682847 -133.50057144511013 -1008.453987308 338.96733227787445 -166.39174353453936 -80.73499223074839 -983.6494114540692 336.39163105828925 -149.18079754927663 -113.47157094188157 -965.6865273762336 390.2829371284567 -140.07208392906398 -97.33018661705677 -988.8800197624817 352.6452825789338 -74.35053865725683 -144.11494211903275 -958.6782831228605 375.07272411256156 -184.14411505316178 -95.96076940545677 -948.9627079167927 416.2588337442694
980.0048193674556 3.6247834267886083 0.8791391140374338 1.9658148206668364 1.7582782280750942 2.4865809165690322 1.7582782280750728 1.7582782280750526 0.0 1.7582782280750335 0.8791391140374465 1.9658148206667934 1.75827822807517 1.7582782280750242 1.7582782280748743 1.758278228075021 1.7582782280749407 1.7582782280750757 0.8791391140375311 2.4865809165690664 1.7582782280749805 0.8791391140375326 1.9658148206667339 1.7582782280750144 0.8791391140376479 1.7582782280750084 5.274834684225155 3.6247834267886083 0.879139114037622 5.2748346842251115 1.96581482066677 0.8791391140375647 1.7582782280749314 0.0 1.7582782280750835 3.6247834267886314 1.7582782280748528 1.7582782280750686 0.8791391140376588 0.0 1.75827822807495 1.7582782280750722 1.9658148206668393 1.758278228075073 0.6153973798261436 1.7582782280750082 1.7582782280751221 1.7582782280749807 1.7582782280751559 2.4865809165690105 0.8791391140375616 1.7582782280750238 1.7582782280749814 3.6247834267886216 0.8791391140375833 0.8791391140375594 1.758278228075133 1.7582782280750116 1.758278228074994 1.9658148206667905 1.9658148206667334 3.6247834267885826 3.6247834267885843 1.7582782280750338 3.6247834267884667 3.6247834267885954 1.7582782280750233 2.4865809165690322 1.7582782280748466 0.8791391140375103 1.7582782280751426 1.7582782280750135 0.879139114037502 3.6247834267886136 1.7582782280750326 1.7582782280750193 1.7582782280752085 3.6247834267886296 1.965814820666795 1.758278228075007 1.7582782280749554 1.7582782280750462 0.8791391140374499 0.8791391140375147 1.7582782280749067 0.8791391140375361 5.274834684225099 3.624783426788613 0.8791391140374734 1.758278228075061 3.6247834267887282 1.7582782280750466 1.758278228075094 1.7582782280750173 1.9658148206668205 1.758278228075037 3.6247834267886136 0.8791391140375041 1.9658148206668224 1.7582782280750209 1.965814820666916 1.7582782280750215 2.4865809165690305 2.486580916569061 1.7582782280750366 1.7582782280750202 1.7582782280751745 1.7582782280750147 1.7582782280751013 1.7582782280750242 1.758278228075063 1.7582782280750513 1.7582782280749445 0.8791391140375355 1.7582782280748788 1.965814820666822 1.9658148206668298 3.6247834267885777 0.8791391140374676 0.8791391140375422 1.7582782280751887 1.7582782280749827 1.7582782280750182 1.96581482066683 3.6247834267886456 1.7582782280750577 1.7582782280751081 1.75827822807498 3.6247834267885035 1.7582782280750135 0.879139114037341 0.8791391140375289 2.4865809165691113 0.8791391140375283 1.9658148206669153 1.7582782280750702 0.8791391140374839 1.9658148206668344 0.0 3.6247834267885657 1.9658148206667985 -85.25761255631754 -141.1607679484542 -1003.3837229113519 321.9889551463447 -189.93369237465376 -73.62527851538349 -1002.418023599813 349.97082589503276 -132.63260091274608 -113.25625698789274 -974.2730095773005 379.2094500408036 -146.43085080246647 -106.36152674317378 -976.5738946409497 385.1861368398807 -72.84598111921578 -140.55796241874594 -969.4442304029046 389.4774382639516 -80.05549468452413 -137.95821065516444 -980.353769970735 345.752308703619 -106.9154242815678 -130.69357635655032 -999.3336505244089 342.6870245412151 -158.9369050817086 -110.99794333739112 -984.5916566829603 350.0441021509776 -181.15443053863245 -93.72459316956794 -967.6696488068578 364.47602309842205 -132.08691106163465 -138.3846821633685 -979.5549035576183 373.0843619937781 -98.16835042643062 -127.94117267223886 -958.3103610307807 402.6679699353374 -152.2334966460384 -102.0206066670598 -1004.0493888573649 334.1512162793273 -103.63555564653444 -138.0614813891254 -992.0855395742209 331.59071279023595 -84.85983399973982 -135.38843824346108 -1014.6220703234462 314.48234726197467 -95.86869725330102 -135.34520906624553 -960.437532532436 368.44764708070386 -62.882816214159114 -151.60359539271758 -986.421692727285 369.4843803082236 -127.83761140269384 -109.57085229561692 -961.344138094771 378.7796624094598 -164.88989375006307 -107.55953690857304 -993.5751605594477 343.52021900932067 -139.3894828889106 -103.95105934828901 -975.1241748882652 352.07951291591013 -171.12484225037875 -98.67811660731373 -1013.266918959911 337.2982028547215 -182.09354491590034 -77.14857442237187 -974.5866479666778 346.49260017834865 -191.55182159972298 -87.30767620269135 -944.5501520539661 424.2329801494856 -125.2541242218672 -136.53169642506631 -1010.6071474799576 352.4465498840166 -166.45951061249576 -94.78049171847309 -971.9365014137899 358.3812800195325 -112.0134452314845 -138.0886800165289 -1012.3500287981544 308.5498525195045 -144.98633129430982 -114.3712278739806 -968.4776571712564 354.71484332568934 -97.88543777782694 -140.72652639208616 -980.7775615048522 379.4288794500761 -92.49561326398731 -131.87714633994298 -1022.8022267397021 339.9826615282287 -142.58958160323712 -110.39082227739748 -971.3487707384899 369.69976675992996 -160.27955130512362 -115.86052525709916 -989.9994093928567 357.6895769767762 -90.9140225003851 -138.41468205562688 -966.8094548001252 384.4711963303775 -197.98488056105512 -74.82712928554923 -974.2844623334977 362.3756086696586 -113.51710055742747 -128.5338518458419 -952.6270860747655 403.6644980316955 -69.71377162337666 -153.81396411188243 -1029.5493463407254 327.4108445424394 -112.09710532828409 -119.86181352916574 -987.0120453228137 376.0997004442211 -161.80039727773695 -102.87684436421544 -1001.6277514510252 362.84993960252547 -119.70444044690797 -139.13134581362166 -988.2356492255151 336.8273442465836 -134.27311580822075 -121.04387205481673 -979.1912350750532 356.0513827598056 -175.91123905216207 -95.80661732499581 -959.5265569861517 363.2475414046995 -119.28698489868087 -114.0243121314611 -988.3174299361227 342.0993478968692 -113.11126243741907 -124.37650943943014 -1003.2417571654474 357.225977405448 -136.43088868013035 -117.07556281189052 -1015.5951765044039 330.84777720631996 -62.41537308074616 -147.40724093573434 -964.9747023116681 360.73595257297393 -139.05576282586009 -124.35695979518647 -995.5461187203501 335.2440362322228 -163.9947558200193 -98.48606184444414 -957.7966548583615 391.3237934066468 -169.6551532731715 -90.96397573000537 -994.9014364524196 362.0989449224159 -107.52491547557172 -134.63930564035618 -954.8638936254533 413.2866872789781 -68.3678217427082 -143.55616969469352 -959.2611229570031 407.8879605943792 -156.96235660188842 -106.17099722992133 -1004.8230542573579 315.95312483336846 -121.51028735329749 -131.27927476329376 -996.3936057002985 325.107468547418 -70.18219645711372 -148.14501990992432 -987.1754735327647 363.8147846971776 -198.07697152582472 -89.72579501409601 -997.1233571260797 348.74184970751696 -128.97647754306976 -117.68559534126666 -980.1230075558286 367.0011215623032 -120.46574240403973 -123.33057721729601 -1020.6657067956382 334.2426436704959 -183.4362665812779 -87.11373970394078 -1020.5240959050714 324.47118116322935 -115.44371766482922 -133.96421882055586 -973.6532442351877 373.69609541499347 -187.8970122837293 -91.01879195919881 -993.8270111936151 368.7205543514123 -182.68868238611955 -97.7527901495341 -957.3163973382042 397.88818923424367 -123.99393683818245 -127.87878696615721 -1012.9322308794422 320.5785993786447 -161.10159562136147 -91.42123826865087 -996.245682584916 355.73610997508274 -128.57019013822813 -132.20927029473987 -1015.7732351950092 345.9815137873166 -179.5659768401247 -72.77732461312485 -1009.4242118669866 347.0578624539117 -196.77169533136504 -84.46980708140038 -998.8526153392586 329.22129001658743 -175.01117006899298 -87.97993371083233 -967.26692202988 378.59682824814024 -100.47976476043695 -132.57235268659613 -1007.0120157973279 340.2867282839079 -168.77088745598772 -81.6497174917282 -981.5764432301027 339.19721146074545 -152.59397299638468 -113.68849209278103 -962.9286580519253 392.3182211220813 -142.04977067104738 -96.96519304138151 -986.4659517794564 355.08319090518876 -78.25634169290737 -143.11887937698268 -955.8669769350188 377.797186667282 -189.65512113357698 -94.44028139847522 -948.2162570080231 419.14476683380275
990.0048193674556 0.0 3.6247834267886936 1.758278228075021 1.758278228074861 0.8791391140375382 1.758278228074964 0.8791391140375017 3.6247834267885746 1.9658148206668113 1.758278228075035 1.7582782280750413 0.8791391140375452 1.7582782280750267 0.879139114037461 0.879139114037524 1.7582782280751241 1.7582782280749931 1.7582782280750193 0.0 1.758278228075128 1.7582782280750107 1.7582782280749527 1.7582782280749978 0.8791391140374496 1.758278228075038 1.7582782280749747 1.9658148206668273 0.0 0.8791391140375625 1.9658148206668478 1.7582782280750286 1.7582782280750535 1.7582782280750082 0.8791391140375577 1.9658148206668524 0.8791391140376565 1.7582782280750708 0.8791391140374746 1.965814820666785 0.8791391140373579 2.486580916569032 1.9658148206668553 3.6247834267885923 0.6153973798261436 1.7582782280750073 0.8791391140376342 3.6247834267886265 0.8791391140375051 1.7582782280749987 1.7582782280751497 1.9658148206668373 1.7582782280749667 1.9658148206668198 0.0 0.8791391140374858 1.7582782280749456 1.7582782280750067 0.8791391140376684 0.0 1.7582782280752485 1.7582782280750069 0.8791391140376473 1.965814820666787 0.8791391140376276 0.879139114037511 3.6247834267884906 1.965814820666814 1.758278228075107 0.8791391140374926 1.965814820666688 0.8791391140375115 1.9658148206666435 1.7582782280750533 2.4865809165689696 1.758278228074995 0.8791391140375509 1.7582782280750227 1.7582782280750127 0.87913911403753 1.7582782280751934 1.7582782280750389 0.8791391140375628 3.6247834267885573 0.8791391140374332 1.9658148206668098 1.9658148206666775 1.96581482066679 0.8791391140375013 0.8791391140375099 1.9658148206668418 1.758278228075079 0.8791391140375647 0.8791391140375474 1.758278228074988 0.879139114037549 1.7582782280750837 1.965814820666802 0.8791391140375052 1.7582782280750462 3.624783426788705 0.8791391140374649 0.8791391140376807 0.0 0.8791391140376152 0.8791391140375252 1.7582782280749611 0.8791391140375316 1.7582782280750189 0.8791391140374983 1.7582782280749347 1.758278228075032 0.8791391140373966 2.486580916569063 1.7582782280750797 1.9658148206668093 1.9658148206667945 1.758278228075022 3.6247834267884986 0.8791391140375326 1.7582782280751366 3.6247834267886105 0.8791391140376197 1.965814820666809 0.8791391140373785 0.8791391140375393 1.7582782280748894 0.8791391140374971 1.7582782280748956 1.7582782280750466 0.879139114037647 1.758278228075067 1.7582782280749705 1.9658148206668553 0.8791391140373375 1.7582782280750087 0.8791391140374148 1.758278228075001 2.4865809165688475 2.4865809165690678 1.9658148206668298 -87.70909554255061 -140.4740546521405 -1000.4737213798991 324.5990466074104 -191.66480230197203 -76.46002420881901 -999.6811453992855 352.03431093739937 -134.56548997319516 -113.62461866763043 -971.9919334237989 381.802302555288 -149.85988117463648 -106.36423852700116 -972.8106253349778 386.7969792095903 -76.76602293323621 -139.62282414269603 -966.7910343524497 392.38709320037486 -83.48724278749256 -137.28460751437257 -978.1389130140444 347.66929827424053 -111.308903343419 -130.86529368106648 -997.6564195342485 344.48232453726314 -160.99712410476312 -109.68311918697887 -981.1562229563908 352.04560799384546 -187.1136638889129 -92.73296122329538 -964.2776244197921 368.02365131387654 -136.4594441022508 -138.88332399272065 -977.2233055117364 374.1163687020257 -100.12047498939968 -128.0041406334212 -955.761288982114 406.4515194966208 -154.18222645677656 -102.16609534809771 -1001.5368235802558 335.7336054905149 -107.08690674616021 -137.1985253203731 -988.9893551685589 333.98460420298653 -89.760297078022 -134.75156057343207 -1012.6044445498392 317.34480032421425 -99.2886944710483 -135.43324198690348 -958.1027624666403 371.7292752524061 -66.30416119489614 -151.83797518855502 -983.7749546031506 372.39951482232794 -129.78383982331653 -109.69043878068096 -959.0118251331365 379.80926468410615 -168.93748449092104 -105.91619083213855 -990.839654264159 345.5878971647155 -140.8677008214138 -103.80607576289665 -973.5385195372902 354.73107664452886 -175.60315678205114 -97.80982323026038 -1011.0831031336388 339.25215260992115 -186.86391680991062 -78.75736792396606 -971.36375830539 350.23590896522853 -196.49873011313838 -86.72743310989094 -942.018022251389 427.3596361576618 -131.65896276608282 -135.65785865576504 -1009.1409882866674 353.7325749874842 -170.37371815671986 -94.84328204188456 -970.0312759234811 360.66032657607263 -116.4152349352017 -138.02516471861315 -1011.5314137934756 311.9750030987301 -149.00500089134533 -112.94691190635224 -967.5797706737919 357.4177357260494 -101.31241114305325 -140.3420228196452 -978.763927249838 380.83133477869364 -94.47723483494515 -130.948520639624 -1021.4777394446116 342.1608336270389 -145.59922215389142 -109.38080398517447 -969.1762650327679 370.9167505742806 -163.87320098210517 -113.68476989246317 -987.2036924614359 360.42828715585506 -94.34118686115413 -138.00870715860967 -963.8390485993978 387.00959024265757 -200.74826185173018 -77.01071815694017 -972.1674543072994 365.15801985906586 -116.94673928961718 -128.43246393179425 -949.3893829197808 407.3939085060797 -74.11453786911012 -153.3497651180255 -1026.677148733379 330.06123088717254 -114.98169593731534 -120.96654931473748 -984.3107673735768 377.45042579479224 -163.78480006845444 -102.5387778225693 -999.7331823675971 365.13814089177725 -124.65905468241307 -137.65154331006175 -985.6147187089758 339.7649226760449 -137.70233589049872 -121.0194530614532 -977.287316360208 358.332976582753 -180.87706831136504 -94.97834026351325 -957.5099138824105 366.9012054467746 -122.21727725172482 -114.17305110758423 -984.402606580263 346.1571821439024 -116.04322731893856 -124.49864003495841 -1000.3432170808339 359.1024141601009 -140.36012841380733 -116.85074072697859 -1013.9529225781118 332.666897290691 -66.81392065166982 -147.16694664459945 -963.3842776048648 363.3835378906993 -144.49982041333774 -123.49806372049214 -992.940662289456 338.1895105459111 -166.9733705358994 -97.98396159159226 -954.5590213353759 395.05326282293487 -174.0563317254524 -91.06850406495336 -993.2135387184491 363.88115757148984 -112.15998261563301 -134.81527648660267 -952.7906364424216 417.627247498066 -71.29317051486763 -144.30070596001693 -956.3406647098543 411.9887302568337 -159.9229419763951 -105.90474726626393 -1004.7246047058142 318.02348016722846 -125.43642934079209 -130.99842876693938 -993.6380383727128 327.8797682817971 -73.11408915715481 -148.65127886852233 -985.5902478276691 366.46637126450713 -201.21231208846592 -89.73445378235574 -994.593359230207 350.3012370180445 -131.42833540920563 -117.58922835780145 -978.003068297914 367.53180484242847 -123.39365926605394 -123.47789067175803 -1017.5725746740112 337.3776214713856 -185.34442278877373 -87.75736484236019 -1019.2162186199381 326.6593675223301 -119.85905779449365 -133.6749425573422 -970.6850081676466 376.2369551310597 -192.41591505214362 -89.66834723459178 -992.3455111954629 369.99442229612924 -187.1095659816624 -97.61819403920153 -956.7286086710674 400.95981148180795 -127.95025143896079 -127.1103724833594 -1010.3645983635248 323.56204384734815 -162.58097269981215 -91.29111827142383 -994.3993290125969 357.3356092563413 -132.50020541190682 -131.94612302325515 -1014.1099816463285 347.7880732724191 -182.29156631109382 -75.44643220141916 -1006.3730161207396 348.7679842636151 -200.72533291608485 -84.05464108137853 -995.8944047742352 332.50366297070445 -176.52998568529995 -87.36629656895688 -964.2969361827396 381.1355732213614 -103.920828972162 -131.95728846503798 -1004.0871824096486 342.8811549794283 -170.71825884143084 -81.80361393358233 -979.6805813847961 341.4862550646139 -156.0756011986036 -112.96765123043855 -961.0178275597112 394.5930557668334 -145.44268582557365 -97.45356001478386 -983.7193213658352 357.1321762182798 -81.20940467208155 -142.18255868845634 -952.5250172188825 380.6525495168015 -195.06915679207242 -94.14203794827925 -946.2512377070358 422.10814000871034
1000.0048193674556 1.7582782280750207 0.8791391140375776 2.4865809165690136 1.758278228074941 0.8791391140375288 5.274834684225089 1.7582782280749945 1.7582782280748985 0.8791391140375546 1.7582782280749563 0.8791391140375238 2.4865809165689567 0.8791391140374902 0.8791391140376053 0.0 1.7582782280750637 3.6247834267885635 0.8791391140374806 1.9658148206668098 1.7582782280750757 0.8791391140375324 1.7582782280750855 1.7582782280750082 0.8791391140376286 0.8791391140375523 3.6247834267886105 0.8791391140374979 1.7582782280748848 1.7582782280750535 3.6247834267885146 1.7582782280750104 1.758278228075064 0.879139114037517 3.6247834267887495 3.624783426788621 0.8791391140374939 1.7582782280749976 1.7582782280749516 1.7582782280750062 1.7582782280749794 1.7582782280750644 1.7582782280750708 0.8791391140375011 2.4865809165690327 1.7582782280749811 0.8791391140376521 1.7582782280749814 0.8791391140376533 0.8791391140375401 3.5165564561499267 1.7582782280750089 0.0 1.965814820666797 3.6247834267885226 0.8791391140374754 1.7582782280750777 1.7582782280750313 2.486580916569107 2.486580916569024 0.8791391140376329 3.6247834267886136 0.8791391140375435 0.0 0.8791391140376505 1.7582782280750513 0.0 1.965814820666834 1.7582782280749638 0.8791391140375023 1.965814820666886 1.758278228075033 1.9658148206668278 0.8791391140375304 1.7582782280752474 1.7582782280750504 0.8791391140375223 1.758278228075033 0.0 0.8791391140375387 0.8791391140375575 1.7582782280750142 0.8791391140374514 0.879139114037514 1.7582782280749278 3.5165564561500218 1.9658148206670187 1.9658148206668489 3.6247834267886994 0.8791391140375135 2.4865809165688537 1.7582782280750247 2.7800819805009973 0.0 1.7582782280748988 1.7582782280750116 2.4865809165691357 1.7582782280750224 1.7582782280748308 3.6247834267885843 3.6247834267884844 0.879139114037527 1.7582782280749807 1.7582782280750477 1.7582782280750624 0.8791391140374905 0.879139114037541 0.8791391140375071 1.7582782280750968 2.4865809165690496 1.7582782280749953 3.6247834267885835 0.8791391140374472 1.965814820666792 3.6247834267885546 3.6247834267886443 0.8791391140373946 1.7582782280750484 1.7582782280751232 0.8791391140375273 1.96581482066693 1.7582782280750264 0.8791391140374715 0.8791391140374966 1.758278228075117 1.758278228075041 0.8791391140376021 1.7582782280750473 0.8791391140376641 0.8791391140375271 1.7582782280748206 1.7582782280750002 1.9658148206668618 1.758278228075 1.7582782280748304 0.8791391140375258 1.7582782280751383 1.965814820666805 3.6247834267887735 0.0 0.0 -93.11368670411444 -139.70354497453536 -998.58993503646 326.8960504391837 -196.08557766537027 -76.32743510401397 -997.1418799932312 353.57807292850174 -137.01860844005066 -113.55705863624502 -967.0602421614575 385.0527576200858 -154.22392187625348 -106.94839808093151 -969.8940951443134 388.64655807364767 -79.72920826588518 -138.72867876586886 -964.8802052391586 394.661937428357 -86.4232670509714 -137.14632564729553 -975.1737518129961 350.21476410751507 -115.23300284597265 -130.59192946438196 -995.0702824277944 346.7183212585317 -165.37917567342538 -110.02893149639146 -978.3504377001221 354.7758068803074 -192.00158480050712 -92.88273610467068 -960.9902801861093 370.19125906654045 -140.37809205048737 -138.9137323342596 -975.2085546703496 375.5177864977256 -103.52835865191894 -128.41195907858074 -955.0148419281276 409.33745437173974 -156.59850347251904 -102.60021486414333 -999.5371752985775 337.1528793642903 -109.55057712629507 -136.83865672730144 -986.5124867092404 337.0934365988966 -92.20513013887529 -134.5966666175227 -1009.1198297557561 320.77777304610566 -102.74483265454286 -134.627144533538 -955.8174585578846 376.5730988094278 -68.2658717184617 -151.38221076942233 -982.4495546357941 373.85512198347124 -131.24691634666829 -109.79298841970851 -955.8824643947696 382.1616323140226 -173.8446986535453 -105.81907995050148 -988.831422459035 346.9982316511575 -144.22313056340988 -104.79202845708608 -971.7630617312014 357.5385586039864 -179.0893013401743 -97.11064906575163 -1009.0818158985182 340.67475449620196 -191.2060574091056 -79.59811146736824 -969.2447134968804 353.0170522719066 -199.4787189049778 -86.23343421869096 -940.2530475643714 431.08354196646695 -134.5357707981137 -136.5832343418881 -1007.4554918903247 355.5172337448734 -172.84668902175056 -94.55157781850181 -967.7514492464749 363.2543671598785 -119.88815659068993 -137.24307299104876 -1011.3782787247735 314.7342614062696 -151.98418619394332 -112.4416911256115 -965.3530419174821 359.32334490681694 -105.21159285342856 -140.53592878445266 -974.0993851610989 382.8911765302092 -97.4185786055424 -130.8277535271444 -1019.2776400626248 344.0950177922844 -146.64845158721567 -108.48146891088055 -965.7811772780047 374.4617132813901 -168.74143238384153 -114.07147873156846 -985.5098433323463 362.20450653816795 -99.24208260086029 -137.73291261183843 -960.7637788448562 388.673357163062 -203.978772155931 -79.47710005899388 -969.144605355243 368.3865825924125 -121.850966420557 -128.23016020113974 -949.014288613616 409.9626044859941 -77.07191959181601 -152.20078266484143 -1023.758062168353 332.6590590587734 -117.95239111031373 -120.40459762427012 -980.4944130521089 379.7506789662638 -167.17345056243346 -103.05330477389373 -997.192050756397 366.6776189678198 -128.27905777686235 -138.3652432949312 -982.8138334575474 342.5007932683359 -140.12048908289816 -121.44146650071018 -975.5379073770004 360.7960470398385 -185.31742539792117 -94.60145100765136 -954.4855533637016 370.128301695944 -123.72414288565562 -113.53747741901965 -982.7105403419972 347.93544987896206 -120.93423534806614 -124.54220491797435 -997.0637934902023 361.2821792268292 -143.32083613643528 -116.57955762018285 -1011.2242813168688 334.7412349418725 -67.31748260280686 -146.93080022174195 -960.468080557924 365.23395336399403 -148.05575604047556 -121.80687616725344 -990.0978842086959 341.62068699803666 -169.87487552557718 -98.46093695906929 -951.5340652008332 398.2797670106234 -175.06910333897181 -90.66014168826085 -990.8042808212869 365.9488897896037 -115.12347538655762 -134.24815866178773 -950.8256171488457 420.590620676745 -75.20070851094063 -144.3898050493023 -953.4743156445184 415.400900900162 -162.33817005562068 -106.34073643056053 -1002.8102217394929 321.01746027332234 -128.88185461036696 -130.73480193226993 -991.7008740078654 330.8583079154001 -76.54312527943083 -148.48445397563003 -982.6762189379972 368.3195411919345 -205.71184632241605 -88.62845412815354 -991.8187771549492 352.6932138129385 -133.88022349706645 -117.51473264628588 -975.2465157313436 369.5690765927734 -126.917445524992 -121.98852296627877 -1016.959105241905 338.8925563674259 -187.68021020514152 -89.17099944061385 -1016.8254975029062 329.11786166931483 -122.81928523566799 -133.372069713278 -969.0920495931982 378.88352414410275 -195.84336216916367 -89.7004560811837 -989.5898575471177 372.03345511596154 -191.53028267655066 -97.4853278633164 -955.3476887758823 403.103035138351 -131.380256233387 -127.09353577423683 -1008.082361538563 326.87935408151424 -165.03449997097675 -91.24076522029547 -992.1257300227704 359.9348498790203 -137.34377533116026 -132.76692763613588 -1012.6377562923531 349.07255226334394 -185.15366536173275 -76.41242116833011 -1003.788228230793 351.0069913137459 -205.10671367882074 -84.40910126244184 -993.7941592127356 335.29921771775776 -180.46383584247067 -87.19344727137388 -961.5930687996629 382.4821754839159 -107.85026123844156 -131.66770410895194 -1002.0364260445588 344.9883059086902 -173.67837382520696 -81.5515401312153 -976.5061257872993 344.5379245903409 -159.0913104695689 -111.97898609776978 -958.0469952307816 397.1309752951172 -146.30548531575607 -98.98906866732615 -982.2363051449921 358.4043545846231 -87.07830458067205 -142.13003907200172 -949.5001011172945 383.8790772446319 -199.04245195413998 -93.48332130656566 -944.8161932766965 424.93995407172986
1010.0048193674556 3.624783426788621 0.8791391140373354 1.9658148206668404 1.7582782280750222 1.7582782280750775 1.7582782280750249 1.7582782280749902 0.8791391140374595 0.8791391140375261 0.8791391140374049 1.9658148206667998 2.4865809165689465 1.758278228075051 1.7582782280751468 3.624783426788653 0.8791391140375059 2.7800819805010253 3.6247834267885866 3.6247834267885763 2.4865809165688972 1.7582782280750484 0.8791391140374755 1.7582782280749887 1.758278228075102 1.7582782280750504 0.8791391140374459 0.8791391140374798 3.6247834267886483 1.7582782280750227 1.7582782280750318 1.7582782280750526 3.6247834267886745 1.7582782280750475 3.6247834267885772 1.7582782280750415 1.7582782280748523 1.7582782280750089 3.6247834267884995 3.6247834267885777 1.75827822807495 0.8791391140375359 3.6247834267886945 0.8791391140375002 0.6153973798261436 0.8791391140374663 1.7582782280749936 1.965814820666796 1.758278228075057 1.7582782280750047 0.8791391140376368 1.7582782280750782 1.7582782280749987 1.965814820666801 0.8791391140373999 0.8791391140374957 1.7582782280749063 1.7582782280750155 0.8791391140376261 1.7582782280750178 1.7582782280750926 1.7582782280750304 1.7582782280749372 1.7582782280749791 0.8791391140375303 2.7800819805010737 1.965814820666712 1.9658148206668238 0.879139114037691 1.7582782280750264 1.7582782280751472 1.7582782280750286 1.9658148206669284 1.758278228075073 1.7582782280748355 0.8791391140375177 1.7582782280748686 1.758278228075049 0.0 1.7582782280750315 1.7582782280750378 1.7582782280750215 0.8791391140377025 0.8791391140375198 0.879139114037571 1.758278228075007 1.7582782280751783 1.9658148206667685 0.8791391140375481 1.7582782280749867 1.9658148206668025 1.758278228075009 2.4865809165690114 1.584890576964126 1.7582782280752007 1.965814820666808 0.8791391140375612 0.8791391140375333 1.9658148206669217 3.6247834267886265 0.0 1.9658148206668264 0.8791391140373591 1.9658148206668273 1.7582782280749647 1.7582782280750435 0.8791391140376497 0.8791391140374952 1.7582782280750564 1.7582782280750073 1.758278228074906 2.486580916569071 1.7582782280748641 0.0 1.7582782280750575 0.0 1.7582782280750782 0.8791391140375263 0.8791391140374255 0.8791391140375142 0.8791391140374544 0.8791391140375573 1.75827822807499 1.7582782280750302 1.75827822807515 3.6247834267885826 0.8791391140374508 0.8791391140375119 1.7582782280750329 3.6247834267886176 0.8791391140374829 0.8791391140375185 3.6247834267885337 0.8791391140375211 1.7582782280751206 1.758278228075027 0.8791391140375879 0.0 2.486580916569096 1.965814820666819 0.0 -97.05540928817183 -139.19159789547132 -996.3730419031182 328.8137869605207 -200.32913574831153 -78.38571698386157 -994.7579315914239 355.2999856621116 -140.95163507956676 -113.3690470604527 -963.8767768705868 388.0936941222293 -156.71631875940713 -106.41239264537298 -967.8246658797605 390.7357412409539 -82.67983980928636 -138.37538979258176 -962.4393603788295 397.0683060759942 -89.85933928368564 -136.8306022439267 -972.5227814952062 353.1262784635779 -118.60919799197029 -131.30772867069368 -993.428544428496 347.80605971904305 -170.53017071625678 -109.95252809975582 -976.1236944448319 356.6808596186228 -195.20529022723397 -92.65182197998509 -957.6988252986324 374.6095361497904 -144.72406619702005 -139.73815997396488 -973.6693566982649 377.4755691487073 -106.97068086331075 -128.13865283777687 -952.5739672525746 411.74379372283846 -160.45453667016176 -103.39856124291548 -996.5767797220971 339.70335153333804 -115.41503814374823 -136.9816455744481 -983.388989022817 339.4539941761891 -95.61541211195599 -134.78031982111025 -1006.2404046272994 324.90466103323536 -106.67420145139053 -134.3833467124293 -953.6939107028179 379.35085069937963 -69.24064210389834 -151.41726141390257 -979.7967511192644 376.76507530295686 -133.73756215263018 -109.24572798661112 -952.857536454724 385.38816078700063 -177.89641761350867 -104.18591494828254 -985.4422673107429 350.54827104706 -145.72215521333874 -104.41903460190466 -967.8923332480033 360.5269792690418 -182.55604661591195 -96.65579393491416 -1007.9231948985197 342.3216993771403 -193.0942776036994 -80.48581448054779 -966.5926237204607 355.92776073232346 -201.52445553368204 -85.17391004224183 -937.6095108855203 434.3053691460064 -138.46949556369262 -136.3873741125757 -1005.2330047679995 357.4266950462192 -175.84618245147036 -93.81352400739704 -963.6134041986552 367.43352288167 -122.2950947597806 -137.8951301051264 -1008.1896069998343 318.5018548278274 -156.40481468407685 -112.30307262818108 -961.7988853894223 362.6823048406227 -109.67744226255435 -139.58996783149792 -971.8714429306094 384.7948853171179 -98.8976204146249 -130.66659019539412 -1017.8015879113137 345.37537452391564 -148.12888708517744 -108.35371209320526 -963.6577915099475 377.2396465518118 -170.74756364761197 -113.49799600953509 -983.1779662729775 363.2356126531286 -102.68649089398653 -137.4455160143663 -957.5802259292379 391.7142081746312 -206.33410359552803 -80.6476626826445 -966.9168695226633 370.29043623698124 -124.96715882927391 -129.18216222236344 -946.1479383393823 413.3747741536987 -79.53372167470887 -151.81551787829764 -1022.1740107845083 333.07188641159433 -121.34533063648016 -120.88301044590547 -977.524088328947 382.28918043386795 -170.09435564033987 -103.28802531365095 -994.1189219004921 368.3447675134299 -131.70642982111113 -138.36906960127115 -980.694864652868 345.28248231661075 -141.59994795337388 -121.3107034970336 -972.5680830939103 363.3352691099595 -188.7842347587827 -94.14667999505977 -952.4395729139394 374.12465695933264 -125.16720421688258 -113.8849121461597 -979.1864917449325 350.95374664619874 -123.3186053966362 -125.44174712662978 -996.2692399750011 362.60634810194455 -145.2309558473873 -117.2181971791027 -1010.0673025364018 336.39106766267236 -70.25483614226066 -146.79521357031498 -957.5480713876859 369.3350558285243 -151.09214161844062 -120.57607172036063 -987.1342632632577 344.16611296046426 -173.223888893165 -99.46586220957873 -948.296361624862 402.00917629618795 -178.53584676341882 -90.20512961058958 -988.2604115045406 367.48301289257074 -120.62491037072871 -134.37496482710372 -947.4292918456098 424.1343493109834 -78.13492636103963 -144.5173264335782 -950.1321095232405 418.2560362803069 -165.7852718929729 -106.12732077640736 -1000.3900362795897 323.4406358909113 -133.28412116012288 -130.8126084247272 -989.5890550393126 333.6450069202737 -81.45848957997654 -147.9634725004608 -981.6137013898647 370.83459988079744 -209.25743262892922 -87.20027526327512 -989.2758357673171 354.22954750963993 -137.28974557991097 -117.77341816779601 -973.23148562455 370.970109955655 -128.97134070780078 -120.67031344047686 -1015.2740939780075 340.677167976487 -192.10096960259136 -89.03849770017005 -1015.1444070862208 330.90442836326577 -127.25623090737959 -132.95311837771257 -965.9087239925774 381.9246028552064 -200.30350685982643 -89.08122050619212 -986.0903512855859 374.7047930352023 -196.47723819522793 -96.90540110833484 -952.9068150401251 405.5093753768544 -133.327553747344 -127.23742996380437 -1005.2468840211333 330.3158708531952 -167.4883367029122 -91.19277328234399 -990.3244768031291 360.8344146516383 -139.32947850465897 -132.42767653710428 -1010.6279145499326 350.4815041338833 -186.53541639935474 -77.50414260261519 -1001.458752304449 352.0426799512152 -211.53383600074955 -83.70404941870801 -990.622636354528 338.35304968300096 -183.85193279806967 -87.71227500249749 -958.9936331064579 384.70290314952564 -111.78163495570685 -131.43184041926148 -1000.3397923065995 344.5143020718655 -176.56005070592954 -82.27410045360263 -973.8555399079806 347.4502504224169 -163.49246193701921 -112.08598670494503 -955.2888855739619 399.16596156871344 -148.75920710554988 -98.93785379128305 -979.9046265293084 359.43543842796305 -89.08966815887865 -141.0123541636489 -946.6878794044526 386.60266098627795 -203.0354755354851 -92.58132212152246 -941.4198679721582 428.4836827047965
1020.0048193674556 1.7582782280750446 2.4865809165691255 0.0 1.9658148206668953 1.758278228074984 0.8791391140375182 0.8791391140375383 1.758278228075086 1.758278228075025 1.7582782280751232 0.8791391140375615 1.7582782280749965 1.7582782280750082 0.8791391140376121 0.8791391140375261 5.274834684225223 3.6247834267886074 2.4865809165692183 0.0 1.7582782280751332 1.758278228075011 0.8791391140374873 0.8791391140375018 1.758278228075054 1.9658148206667925 2.7800819805010404 0.8791391140374896 1.7582782280750484 0.8791391140375076 1.7582782280749971 0.0 0.8791391140373807 0.8791391140375249 1.7582782280748992 3.624783426788617 2.4865809165691988 0.879139114037515 1.7582782280749407 1.9658148206667898 0.8791391140375938 1.758278228074988 3.624783426788613 0.879139114037516 3.6247834267886976 2.4865809165690527 1.7582782280749525 1.7582782280749827 0.8791391140374533 1.7582782280749916 0.8791391140375165 1.758278228075029 1.758278228074997 3.6247834267886034 1.758278228075044 3.6247834267886123 0.8791391140373482 0.8791391140375204 3.6247834267886256 1.9658148206668138 0.8791391140374526 1.758278228075047 0.8791391140373935 3.624783426788629 1.7582782280751017 1.7582782280750768 2.486580916568983 1.7582782280750773 0.8791391140374827 1.7582782280750495 0.8791391140375582 0.8791391140375093 1.7582782280751426 1.75827822807505 0.8791391140376527 1.7582782280750384 3.6247834267885883 1.7582782280750195 1.7582782280749096 0.879139114037528 3.6247834267885537 1.758278228075036 0.8791391140376865 0.8791391140375093 1.75827822807512 1.7582782280750158 1.7582782280750606 1.758278228075034 1.7582782280751899 3.6247834267885857 1.9658148206668278 0.8791391140374966 1.7582782280750695 0.0 1.9658148206667434 1.965814820666804 0.8791391140375167 0.8791391140375053 0.0 3.6247834267886065 1.9658148206666841 1.9658148206668233 1.7582782280750364 0.0 0.8791391140374278 0.8791391140375379 1.7582782280750784 1.7582782280749853 0.8791391140375211 0.8791391140375381 1.758278228075031 1.7582782280750306 0.8791391140373479 0.8791391140375198 1.7582782280750826 1.9658148206667774 1.7582782280750615 0.8791391140375238 0.8791391140374654 1.7582782280750733 0.8791391140376578 2.7800819805010577 1.7582782280751925 1.9658148206668749 0.8791391140373824 2.7800819805010386 1.9658148206668309 1.7582782280750149 0.879139114037407 0.8791391140374776 1.758278228075174 1.758278228075003 1.7582782280750815 0.8791391140375067 1.758278228075122 1.965814820666787 0.8791391140374775 1.7582782280750573 1.9658148206668293 3.6247834267885803 1.9658148206667125 -99.53902348083328 -138.6225861134733 -994.0453242200446 332.10079121937724 -202.62539492040366 -80.28650348997094 -992.6901762761908 357.39076958120035 -142.95713772751532 -112.79228360196716 -961.2231966420718 391.00297960148214 -160.1046291910613 -106.92981994953702 -965.7551677007526 392.8248616545063 -86.03395657007638 -139.55232772234328 -960.2112274281658 398.97173579481506 -91.82330400584988 -136.70873425759487 -969.1274488260707 356.67092468599657 -124.560897476091 -130.27749144860115 -991.6270793527234 348.7053034138599 -172.98389588032103 -109.90554097816006 -972.728343117222 360.2255267743093 -199.6260551404202 -92.51943440735471 -956.1593264584752 376.5671183881355 -149.2410750700811 -138.382686512416 -970.5941008317645 379.1393772598874 -109.39041583862563 -128.55747141333597 -950.3999487930606 412.9586237316814 -162.96703186832212 -102.62099354239977 -993.9281401334233 342.6170114008559 -119.33083037282083 -137.024050137625 -981.9297620039542 342.63173761733884 -98.63707866462826 -133.50566476625832 -1003.2804858453152 327.4560528121031 -111.14533996428817 -133.47354983496788 -950.1390014919782 382.7089332037639 -72.21457378920938 -150.5827691539869 -977.2515331831629 378.29738702272056 -135.17960594750943 -109.60309821256789 -949.832578435743 388.6146625432509 -181.9287482649898 -102.7969247851527 -983.3742941128695 352.63849531913667 -148.21502281676618 -103.88301100995638 -965.9818002640684 362.8020276266206 -185.59509129100712 -95.4315636059422 -1006.0181997478571 344.6009502370225 -194.45628881640425 -81.82101224799078 -962.8796262443922 359.10071138395415 -205.4977843292217 -84.51534094752508 -934.7694722762724 437.82353364290924 -142.44168429792438 -135.7197110085342 -1003.0069723145483 359.3326946224327 -177.7934939950322 -93.97094923936862 -962.0199272812824 370.0797895623512 -127.2407771152387 -137.28551198342672 -1006.5036251430105 320.2847685987313 -158.87816740535771 -112.01198281537135 -959.0914568167356 366.28039368957906 -113.5569499670741 -140.11287948388951 -967.4189532798501 386.3504202519063 -103.333653001998 -130.23823335129853 -1016.6403237497984 347.02031785718884 -151.05009707609997 -108.58749301603267 -961.1124465399623 378.7717858549546 -174.64217579052635 -113.8123559275753 -981.1629955041892 364.6367202784491 -107.12139690570591 -137.01501694754705 -954.8221203692264 393.7491991791413 -212.09717567458367 -82.09391645055837 -966.3833132838766 372.673487631602 -131.35173681590118 -128.9305430617532 -943.4402065747202 416.97262183571 -81.59808652693599 -149.97373439359163 -1019.2688079308047 334.9387872007364 -124.26753026744919 -121.10255986350629 -975.0833987649212 384.6957079598382 -173.11357455367664 -102.30672739056513 -990.3018118972041 370.6445347103344 -135.00234538849486 -136.90936862121345 -978.2555633266329 347.69062715303295 -145.0273258984758 -121.33753345188961 -969.9148915023343 366.2449115790969 -191.78391157092716 -93.40931876757398 -949.5732860239196 377.5368748282118 -127.18876204497141 -113.06042821763194 -976.0042115103607 353.9959617213234 -126.78162123568613 -124.96908047065814 -994.0424856844476 364.51128876555083 -147.27584288806298 -116.15645857898336 -1006.9975305795585 338.06521626901684 -73.6712288821829 -146.97233329333196 -954.5773120453222 371.8730707692021 -153.6435674732864 -119.31078898643187 -984.2715831871774 347.58121432006834 -177.66431599608254 -99.0896780629797 -946.4899613285388 405.1582278038868 -181.4764779195792 -90.19789481950481 -985.1854995370153 369.1475867859108 -124.07128604377755 -134.13999157414943 -946.736959923411 426.33168889812623 -81.12958362045944 -143.46531347343927 -947.7994724083864 419.28518812115436 -168.72591122897998 -106.1195196814706 -998.1179301784913 326.04064043576994 -139.16489272494243 -130.77995503132857 -987.416805128759 337.1147509064116 -85.44316673817589 -146.72345861235357 -978.3259176482803 373.0016289034101 -212.2571221154185 -86.46294203388112 -987.0492143470492 356.1348270982121 -138.71182797790755 -118.37509648914363 -972.2761263582393 372.1075609780329 -131.38767393324048 -121.10065863349848 -1013.7946258329165 341.9523686611949 -194.57445394931497 -88.74858298854683 -1012.9243578451354 332.8175598475568 -131.18930219477414 -132.76353033171168 -963.6806377170376 383.8280896363408 -202.79668249709667 -88.54790697898818 -983.9165119971395 375.9199601549338 -199.96374278527952 -96.20743241509781 -951.4213900769039 406.77832452409206 -136.83014065018767 -126.28529827762283 -1003.1346115281858 333.10252959085255 -169.98139219464693 -90.65901129210803 -987.7799794483454 362.36779249480026 -145.19196461685002 -132.64290582318407 -1007.6618529904396 353.02493787998 -189.3578925711733 -78.95746208729972 -1001.3521411951457 353.4203129924385 -218.1059071407534 -84.23574003241386 -987.9203632258171 341.9554428817252 -186.3450954268035 -87.17893105494443 -956.661009884084 385.7320748018379 -117.19326272503685 -131.08745148706438 -997.9027634070304 346.9244984602994 -178.58605884191945 -81.4578869810927 -972.2090394296334 350.78576068747094 -165.94624988529213 -112.03863010340345 -953.060748583704 401.06938571276373 -151.09555482518437 -100.35026159402354 -977.6232275475171 362.0281970738487 -93.47317438688721 -141.28750074426057 -943.7170308295745 389.1405609364868 -207.51531720046876 -91.71872913531767 -940.2479417628895 432.3754465140472
1030.0048193674556 2.4865809165690593 0.8791391140374528 1.7582782280750373 0.8791391140375254 0.8791391140375145 0.8791391140373902 1.7582782280750768 1.7582782280748803 0.8791391140375112 1.7582782280750147 0.8791391140374835 1.7582782280750153 3.6247834267885675 1.7582782280749707 0.8791391140374998 0.879139114037411 1.7582782280749853 0.0 1.965814820666802 0.8791391140376043 1.7582782280750096 1.7582782280748848 0.8791391140375213 0.8791391140376285 0.8791391140374666 1.7582782280751597 0.879139114037567 0.8791391140376162 1.7582782280750024 3.6247834267886696 1.9658148206668298 1.7582782280751286 1.7582782280749796 1.7582782280749376 1.9658148206668469 2.4865809165689714 1.9658148206668418 1.7582782280750062 0.8791391140375283 0.8791391140373727 0.8791391140375283 3.6247834267883934 1.7582782280750169 1.7582782280748792 0.879139114037511 0.8791391140374186 1.7582782280750202 1.758278228075095 1.9658148206668469 0.8791391140375457 1.9658148206668005 2.4865809165689474 0.0 0.8791391140375178 1.7582782280750184 1.7582782280751452 2.4865809165690558 1.7582782280751519 1.7582782280750093 1.7582782280750338 1.9658148206667894 3.6247834267885923 1.758278228075074 0.8791391140376444 3.6247834267885684 2.486580916568849 1.7582782280750042 0.8791391140375866 1.7582782280750058 1.758278228074995 0.8791391140375276 3.6247834267886136 1.9658148206668224 1.7582782280750209 0.8791391140374996 1.7582782280752258 0.8791391140375089 1.758278228074945 1.758278228075034 1.7582782280750962 1.7582782280750622 0.8791391140373781 1.7582782280750635 0.8791391140374885 3.6247834267885914 1.758278228075024 1.9658148206668233 1.7582782280749494 0.8791391140375158 1.7582782280751357 0.8791391140375157 1.7582782280751674 1.7582782280750036 0.8791391140374593 1.7582782280750167 1.7582782280751648 1.9658148206668384 3.624783426788725 1.7582782280750544 1.7582782280750402 2.7800819805010653 0.8791391140375758 0.0 1.9658148206667405 0.8791391140375153 1.7582782280749003 0.8791391140375272 1.7582782280751357 1.7582782280750584 1.7582782280750935 2.486580916569021 0.8791391140374742 1.7582782280750116 0.8791391140375221 3.624783426788637 0.8791391140374163 3.624783426788597 0.8791391140374171 0.8791391140375168 0.8791391140375105 0.8791391140375251 1.7582782280750855 0.0 1.758278228075087 0.6153973798262582 1.7582782280748663 0.8791391140374928 3.6247834267887096 1.75827822807501 0.879139114037661 1.75827822807504 0.0 1.7582782280750575 0.8791391140375181 1.7582782280750675 0.0 1.7582782280750486 1.7582782280749052 1.7582782280749831 1.7582782280750349 -103.01842366112287 -137.8996140864203 -991.499974189328 335.8869349710458 -205.42610522455226 -82.20749701918376 -991.1003704560319 357.785918836274 -144.3982781812786 -113.15275683231776 -958.6778264839518 392.5350544908782 -162.55844706166926 -106.88277458922373 -962.9970610971682 394.8598516576994 -88.9594611787006 -139.75323199579537 -958.3003283695302 401.24651671805395 -94.29499816847913 -136.39737358003813 -965.4141532738986 359.84362786832685 -128.98144101689394 -130.13274878417073 -987.8098385148143 351.0049506448193 -175.4572950372698 -109.61535638146782 -968.4851365368143 363.5298721590635 -204.04858352087797 -92.36411200668158 -952.708910094398 380.7994619702777 -153.25323258621336 -137.23544071118664 -969.6386691952879 380.276783880931 -113.82912816508029 -128.158648286359 -948.0673116708042 413.987775553963 -165.3423372010154 -103.54770950571351 -991.4888438784145 345.0250067157217 -122.83404828472564 -136.07152174373974 -978.6425954353255 344.7995741878088 -101.05397930211699 -133.92832258685408 -1000.7380876810275 328.99279146657284 -115.07798259607813 -133.28507432404078 -948.0657510419832 387.0494955710888 -77.20941917424258 -148.9335039725178 -975.6579639890601 380.9435794243928 -137.16572108478024 -109.27156920704213 -946.7534932806617 392.5297494745259 -185.9014184275473 -102.13381332916151 -980.2961966594544 356.55443722182326 -152.0117275384641 -105.41359078053823 -961.5797721202907 365.9204805530072 -189.08384634987243 -94.72934345359238 -1003.79203201611 346.5069322505889 -197.76944487114162 -83.30442494257844 -958.8489610359477 361.9019278482582 -208.8421157498379 -85.73052020950888 -932.2310047866223 438.38615802531785 -145.8690492626969 -135.74827432091422 -1002.0521728120051 360.4704438392767 -180.67523924571753 -94.69175267034636 -958.4650483536504 373.4379071074439 -131.0984773544497 -138.07669133810472 -1004.8109509992511 322.06129645293953 -161.83838845784013 -111.76077028660985 -954.9021023124618 368.89580516346257 -117.0766269433364 -138.9136587061933 -966.5680200761378 388.3620911623173 -107.22993555907017 -130.5270367132215 -1014.4152769833595 348.92767843461985 -154.90555597811806 -109.38825586972175 -958.2461221467076 382.1839799515952 -177.660967112668 -112.83100331614808 -979.2017989350966 365.3488705776216 -110.60327016381785 -136.29716463077165 -951.6385346151721 396.7900144490592 -215.40525493918202 -83.77305299041961 -962.8284337806542 376.0316135757391 -135.77254398455133 -128.78977937694503 -940.2566189137259 420.0134351120709 -85.1721783700537 -147.76123647275367 -1018.6347461945877 336.44917333901617 -126.21499485440965 -121.25472986640699 -972.6425631833855 387.1020890907391 -175.48906620842553 -103.23344279750941 -988.8165912019713 371.91360595020416 -138.9552543333666 -136.4872125128628 -974.5158864007216 351.2081631873661 -147.3639114881259 -122.7496069696788 -967.048705808088 369.6572140342515 -196.20841115223456 -93.26644071586021 -946.8114508393793 381.82332549778533 -129.6040115040281 -113.49526150801 -972.6084319592279 357.5402025726475 -130.65762159277745 -125.51793201482495 -993.2460187525113 365.834532504172 -149.61214989352678 -117.56922499398793 -1003.9247621541919 339.7334674996785 -78.66945137324028 -145.33207660748846 -952.5040966653172 376.213650387716 -157.1494966806006 -118.36851163856221 -981.7776150871526 350.6770981515807 -179.57324485197324 -99.7329982535335 -944.6294417039652 408.99587263326436 -183.42290102918705 -90.355066369597 -983.170273582324 370.54832306648336 -128.9597037069686 -134.27602557637417 -944.4547033815824 428.9237058175259 -84.11537794972581 -142.68805432898688 -945.5713348860144 421.18861155389664 -171.64696927291473 -106.35483492230244 -993.9858458807201 330.2251835243342 -143.0598637341927 -131.0906141013171 -985.5073879351988 339.39091271770167 -89.68293769720688 -145.547100544695 -976.8405652474515 374.27067155177434 -218.57013265812188 -87.34761272120964 -984.8215654165069 358.03886308878447 -141.59430896236995 -119.09510923531117 -969.5180833033721 374.1426428685938 -134.4245050872064 -119.87102466817775 -1012.0995511953116 343.7272580748632 -197.49610908333554 -88.972094772668 -1010.3817257051098 334.35472592643276 -135.1036581180854 -132.82754241610465 -961.6111383388135 385.91721069425836 -207.16436120992435 -89.1022391146703 -981.9012042312653 377.32057001814024 -205.36317996120138 -96.12178254141831 -950.8372962245609 407.59847713256744 -141.23139341682926 -126.39081415935655 -1001.2270550983326 335.38084802675695 -171.92897560822507 -90.81607187312702 -985.7109079047353 364.45730417996845 -151.59930091719386 -132.17572494183582 -1005.9652255102607 354.7981669665626 -192.1632747016867 -80.64758908271386 -999.1249772239449 355.3250392312853 -222.0780721288084 -83.53438656069262 -985.1095375376933 344.6805081238777 -189.3031121555442 -86.92429614979466 -953.6901669620225 388.2699807147507 -121.63285414275988 -130.69639846900884 -995.5710692231231 347.95533270048895 -180.57269566065082 -81.12695893376063 -968.3913367393541 353.08444812069166 -169.3538921636483 -112.3135640518375 -950.5153739372184 402.6014531325244 -154.40529210811238 -101.84203320726677 -973.6467581059084 364.14104374273626 -97.00631038904574 -139.82809423300597 -941.3806557499563 392.4211717010098 -212.42314982443506 -91.57388628490958 -938.4956600942295 434.83590432268113
1040.0048193674556 1.965814820666826 0.8791391140376402 1.9658148206668473 1.7582782280751592 0.8791391140374946 0.8791391140373391 1.758278228075039 0.8791391140375492 0.8791391140375562 0.8791391140376049 1.7582782280750364 1.758278228074958 1.7582782280750464 0.8791391140376851 0.8791391140374969 1.758278228075017 3.6247834267886434 0.8791391140375748 1.9658148206668244 1.7582782280750668 0.8791391140375672 3.6247834267885026 1.758278228074988 1.7582782280750762 0.8791391140374784 0.8791391140375817 1.75827822807501 1.758278228075065 0.8791391140374892 1.96581482066684 0.0 3.6247834267885093 1.758278228075005 0.8791391140375652 1.7582782280750544 1.7582782280752225 0.8791391140375375 3.6247834267884946 1.9658148206667978 3.6247834267887256 0.8791391140375218 3.6247834267886865 2.4865809165690056 1.23079475965242 3.624783426788625 2.486580916569076 0.8791391140375174 5.274834684224985 2.4865809165690744 0.8791391140374943 0.8791391140375099 1.9658148206668824 1.7582782280750329 1.7582782280749374 1.758278228075015 0.8791391140374614 0.8791391140375391 1.9658148206667485 3.6247834267885755 3.6247834267886363 1.7582782280750289 1.7582782280750593 2.486580916569056 0.0 1.7582782280750444 3.624783426788601 1.965814820666825 1.7582782280750104 1.758278228075047 0.8791391140376452 0.8791391140375118 0.8791391140377016 3.6247834267885994 1.7582782280748392 0.8791391140375038 0.8791391140376634 1.7582782280749836 1.9658148206669108 1.7582782280750255 0.8791391140375263 0.8791391140374964 1.7582782280751217 1.7582782280750333 2.4865809165690953 1.7582782280750489 2.486580916569009 1.758278228075038 0.8791391140374828 1.758278228074987 1.7582782280751104 0.8791391140375014 3.6247834267886176 2.486580916569033 3.6247834267886003 1.7582782280750124 0.8791391140375134 1.7582782280750586 1.7582782280749119 2.4865809165690265 1.9658148206668489 3.6247834267886256 0.8791391140373974 1.758278228074988 1.7582782280751017 1.7582782280750593 1.7582782280751672 0.8791391140375306 1.7582782280751281 0.8791391140374912 1.7582782280748486 0.8791391140375542 0.8791391140375462 1.9658148206668513 0.8791391140373733 1.9658148206667998 0.0 1.758278228075065 1.7582782280749645 0.8791391140375275 1.758278228075175 1.7582782280750326 0.879139114037539 0.0 1.7582782280749507 3.6247834267885555 0.8791391140375756 0.8791391140375268 1.758278228075054 3.6247834267885897 0.8791391140374248 0.8791391140375234 1.7582782280748674 0.8791391140375298 1.7582782280748672 1.9658148206668045 2.4865809165689217 1.965814820666801 0.0 1.9658148206668093 0.0 -108.93762273691587 -137.37937214272358 -988.8476866700121 338.7971677627402 -209.34512357833574 -82.1610983051533 -989.4564453104036 358.86938187651026 -145.8781025108051 -113.02629902407624 -956.2369530275764 394.9413952444854 -164.93609377796707 -107.80309559551766 -960.9816625469617 396.2603616165251 -92.42369600258053 -139.27435075198804 -957.1321408350716 402.88682214412256 -96.31701987221167 -135.57175933586112 -964.0332763483633 361.98687397203884 -133.88899730837852 -130.03365252771948 -986.1119762225135 352.7770631619641 -179.78781303497047 -110.68327925954338 -964.0289576155477 367.33683822976303 -207.4831487921709 -92.05384925212815 -950.9025149108081 383.94851657408475 -157.7708806141301 -135.8824256923541 -966.1378616239102 382.9462639664565 -115.77686497987128 -128.3107934287971 -944.1410114997442 417.66306330553357 -170.23149419806384 -103.68253041432206 -988.5726678900324 346.8750307330821 -126.28120233689273 -135.85538229674003 -976.1479987646693 347.89478843516065 -103.46994642127166 -134.35949999335227 -998.352600224574 330.7125749906219 -119.98526909693527 -133.18228565873517 -945.4121393720912 389.9587507571368 -81.20799718207425 -147.7455925242569 -972.5826316401668 382.60724288145525 -139.03507249942072 -110.40118915412609 -945.4770679931913 395.54724190312317 -189.40712701763297 -100.90898554988226 -976.9001458640189 360.0984596175501 -154.3879477573538 -106.33841638035045 -956.9882699898664 371.4488735052243 -193.01161041018818 -94.49159964901814 -1002.4119826919965 348.65061050012423 -200.70396486263402 -83.24159612417218 -957.8357175826467 365.9793860401432 -213.26357197891622 -85.18816839784459 -927.9576128622726 440.5272245876749 -150.81562563015066 -135.1651754965873 -998.9230862515236 362.82324099690805 -183.65079229006025 -94.17190257169533 -954.8560076118856 377.4845703849439 -136.00587811667 -137.9782623933453 -1002.5316285121788 324.6561754446623 -165.22682649067386 -112.27339962644706 -951.0840532572847 371.19392456086985 -120.07471181719319 -138.1710284929607 -964.3398867931176 390.26552009471845 -109.64563507376843 -130.96068665260964 -1013.4606850094183 350.0658196098178 -158.25670718131047 -110.38930398988573 -956.1766075869456 384.2730849285919 -182.92836815991228 -114.44601215516013 -977.1323575947116 367.43805174045656 -114.10692711333309 -135.3473480070466 -949.9944911392424 397.87328548260365 -217.90119637963593 -82.3945941846025 -960.9716617274299 377.61781192505237 -141.16689781027262 -128.73168811171206 -937.9202433561679 423.2940455240347 -90.09649287968553 -147.3901129975999 -1020.1161007440533 339.6814456255574 -127.69477851053777 -121.12782816916037 -972.1629782753622 388.79651617047205 -177.86930115468172 -104.14818538421947 -986.4299184771062 373.6314794269765 -143.8237630492631 -136.87736724288965 -971.9165403607344 353.42901283025714 -150.83005985388922 -122.29253912855181 -965.9850519793611 372.1718082645546 -200.13723604050912 -93.01023844977213 -944.1037213678308 385.421175586257 -132.48636864441963 -114.21528589488004 -971.2276192112095 359.6834937110159 -132.09860556479873 -125.87777201969878 -990.1708452762008 367.4984533253007 -153.50697548775784 -117.88012252944041 -1001.8052376651665 340.2609221219477 -84.11388564457322 -144.5008939560887 -948.4733040716188 379.01467692463024 -161.23634384244642 -116.24323800516322 -979.6003159874118 354.1437004191476 -183.03670741346528 -99.24832363691154 -942.3975657628295 413.15075467334384 -184.8678160429323 -90.7056243302846 -980.4122352041576 372.5834113682371 -132.44546864555463 -133.5735701598119 -941.8589480320345 428.892907879281 -89.03986446261897 -142.31499457173365 -944.2445284886948 422.6432386333622 -174.5297930763828 -107.0638866106408 -991.6515112629651 333.5071456600076 -147.422143438658 -131.68533708536162 -982.2198307521185 341.55832222515147 -95.60047221418036 -145.00889949374985 -973.8697632942036 376.8086368071516 -222.03288373859857 -85.98193459824678 -983.1235482103352 359.81086372068523 -144.59342455272287 -118.3555916947444 -966.8645050304623 377.0519256358904 -136.33306069208902 -120.51367139066637 -1009.3428867993351 345.7642461530923 -198.97516219420461 -88.81087672470365 -1007.8375159476715 335.88896113977626 -140.21569088692112 -133.23663811609143 -959.1702685402365 388.32355427843925 -211.57284017951824 -88.82984921195474 -980.5203246574174 379.46382371327667 -209.7846816018706 -95.6203364013474 -948.7136583199118 410.37617219280054 -144.73699300872227 -125.44678083970166 -997.78161956423 337.36375163137177 -173.9186472804559 -90.47668834966838 -983.4828750586586 366.36085587861095 -154.59833897315337 -131.436150035371 -1004.2136669240285 357.259208033185 -193.11997045879946 -80.95728250831684 -997.0051265889077 355.8517236818751 -226.8830800013472 -82.84795138017881 -982.5105597108997 346.9016745658304 -190.2511124072934 -87.47872828269062 -950.7734368753834 390.11928708742306 -126.54065509357632 -130.59611965401226 -993.3973541137293 349.1706688194437 -183.08052168646878 -80.32446430795343 -965.5251338936506 356.496758370567 -172.2949595254408 -112.29671599670517 -948.8172113203115 404.37331748274437 -156.29635235249765 -102.72613437808795 -971.9486335066022 365.9129495120154 -101.72642164760501 -138.96607870455324 -939.5742551674182 395.57022307681797 -215.8080092372907 -92.20375962722237 -934.6813363793661 434.8825464787152
1050.0048193674556 3.6247834267886305 1.7582782280749611 1.758278228075028 1.7582782280750051 1.758278228075053 0.8791391140373424 0.8791391140374903 0.8791391140375532 0.8791391140375133 1.7582782280748723 2.486580916569066 0.8791391140374959 0.8791391140375237 1.7582782280751306 0.8791391140375173 1.7582782280749378 1.9658148206667925 2.4865809165690598 2.1978477850937823 0.0 0.8791391140375634 3.6247834267885715 0.8791391140375209 1.75827822807511 1.7582782280750393 0.8791391140373402 3.6247834267886163 0.0 1.7582782280750289 2.4865809165690127 3.5165564561500924 1.7582782280750806 0.8791391140375171 1.9658148206668489 1.9658148206668205 1.9658148206668598 0.8791391140374918 0.8791391140374429 1.758278228075017 3.6247834267886874 0.8791391140375123 1.7582782280749087 1.7582782280750382 1.23079475965242 1.7582782280750633 1.7582782280751403 0.8791391140375008 1.7582782280749982 3.6247834267886034 1.9658148206667778 1.9658148206668677 1.7582782280750238 2.486580916569045 1.9658148206667074 2.486580916569047 1.7582782280750207 1.7582782280749853 1.7582782280750664 1.965814820666799 0.8791391140374345 1.758278228075018 1.7582782280750393 2.4865809165690425 1.7582782280749534 0.0 1.965814820666773 3.6247834267886234 3.5165564561500955 1.7582782280750273 3.6247834267885795 1.7582782280750269 1.7582782280750862 3.624783426788649 3.6247834267884507 0.8791391140375049 1.7582782280749973 0.8791391140375115 1.9658148206669008 0.8791391140375048 1.758278228074861 1.7582782280749836 0.8791391140375245 1.7582782280750173 0.8791391140375093 1.9658148206668173 1.965814820666918 0.0 3.6247834267886225 1.7582782280750506 1.7582782280749947 1.7582782280750555 0.8791391140374654 1.75827822807499 1.758278228074959 1.7582782280750338 1.965814820666734 1.7582782280750067 1.9658148206667958 0.8791391140374983 0.0 3.6247834267886074 0.8791391140376027 2.4865809165690784 1.7582782280748708 0.8791391140375053 3.6247834267885977 1.7582782280750435 1.7582782280749512 0.0 1.7582782280749485 0.8791391140375643 1.7582782280750364 3.6247834267885883 0.8791391140375869 1.96581482066682 1.7582782280751075 0.8791391140375151 3.6247834267886474 0.8791391140375113 1.758278228075115 3.6247834267886105 0.8791391140374334 1.9658148206668529 0.8791391140375023 3.6247834267885937 3.6247834267884556 0.8791391140374984 1.9658148206667854 1.7582782280750742 0.879139114037522 1.7582782280750184 1.7582782280749356 1.7582782280750435 1.7582782280751192 0.8791391140375139 1.7582782280749873 1.9658148206668364 3.6247834267886216 3.6247834267886434 0.0 -112.89062600596058 -136.95718170248566 -987.0417260268451 341.94647165015465 -213.2375211592098 -82.76108796080423 -986.9111461211863 360.4015583706053 -148.7618606504958 -113.73743902369198 -954.5387907158574 396.71325985697484 -168.80052252862768 -108.55796448301749 -960.1848314654519 397.58342969863037 -96.88241568522582 -138.64191728816937 -955.5384779128298 405.53295815371206 -99.80215325485774 -134.86491178154904 -961.2210667600272 364.7104705763145 -138.79718432983233 -129.93208814100322 -983.8298593453809 355.36919710207434 -182.26659724720386 -110.1017663869428 -961.1626307376309 370.74902871329914 -210.43637762289126 -91.41122601942489 -948.6202591370493 386.5405345004124 -163.61395608131744 -136.33188991054564 -963.112898630387 386.1727614641335 -117.25680727224955 -128.18343981348204 -941.9632545620558 421.1293518451476 -173.66300757194216 -103.66113613706301 -986.027425163296 348.40731819880625 -130.70193844985963 -135.71659572314798 -973.1772513806272 350.4328021229191 -105.96199292563462 -133.8214349518976 -996.2836268190366 332.80226382649903 -124.50265032462045 -131.82643233147306 -942.5999081918939 392.68232704351493 -85.49921521961365 -149.29297381985066 -969.6659078092252 384.4565587551575 -141.97443430793183 -110.38710755015916 -941.6048868991523 398.5339362451485 -192.95690667951484 -98.15467566799245 -973.9293597062094 362.63643398037283 -155.77683780060823 -107.42110355020924 -954.3887825175908 373.6695418573899 -195.48276093493732 -93.86354518053405 -999.9714446269606 351.05729670623117 -202.6349417183601 -83.7985380658762 -954.7062577705389 368.3316192925983 -219.48373214498076 -85.08758011213554 -926.2389241324837 441.89908871998625 -156.1715891918188 -135.5830841102878 -996.6950556924808 364.7268014826376 -186.5195655411315 -95.30891111460743 -952.2023977162972 380.3938273214418 -140.99172170672483 -136.90119116899638 -1000.6755424948933 326.2431119645637 -169.5424541465058 -113.54911764909339 -948.2177065093415 374.60609732242773 -123.9700000456669 -138.48061592463299 -962.1658690051188 391.48035149629794 -112.06080505689611 -131.39706650196655 -1010.9156266706827 351.5984903603906 -162.6242862315295 -110.94447812846961 -954.2115895276798 387.23645929011536 -186.35208842848124 -114.41182394340854 -975.0124709703839 367.96431693131944 -118.54672229252795 -134.96495759942147 -947.4491164240712 399.40535274914436 -222.29467759162728 -81.72085832545491 -957.9466984417497 380.8443085320329 -146.09364090652113 -128.38489414137322 -935.5297487817497 427.26324942774306 -94.49843609285571 -147.4856889075527 -1016.7210032503277 343.22633327649766 -131.16106201944382 -120.66741926512596 -969.4589865357373 390.1429094285368 -181.32894815309538 -103.62868139688628 -984.7317867561319 375.40336680135323 -148.7691134553664 -136.2860404731902 -968.5202972662219 356.97282673771156 -153.82492824558113 -121.54196235969967 -963.1187156206549 375.5839894973757 -203.57279686818453 -92.65123999693226 -940.9201340861658 388.4619892632728 -133.88935072782903 -115.06125625703876 -968.2568082898922 362.2214397628062 -135.03920298132087 -125.8653995219369 -988.1555075716028 368.8990436988404 -156.42887610979898 -118.09815753831934 -999.3649023281563 342.66783231515655 -88.01062933934065 -144.79996211139914 -946.0324301712374 381.421016774273 -162.281039633715 -115.33620015410062 -976.4168412607803 357.1846216805748 -185.49132520975812 -99.14260094266103 -941.279758571854 416.35392499086925 -186.81314916921818 -90.81040887075002 -978.3968577079235 373.9839465079019 -136.36073000838417 -133.6395508450603 -938.7294793792108 431.245127655279 -93.94765981476417 -142.20473694455825 -941.3781780576415 426.05540815583396 -176.97627180623303 -106.97260058360592 -989.3696851374834 336.09954030919454 -151.82265188029643 -131.781598641367 -979.5124058920965 345.1564489926128 -100.50765975777968 -144.90290963530987 -970.6358041453382 378.28660332282396 -226.4452496068815 -85.77424195054276 -980.6827465844666 362.21728658392493 -147.55173086872932 -118.09672033240238 -963.9981661061705 380.4641053026612 -138.24204442555876 -121.15307547705667 -1006.6931946056708 346.4227997900108 -202.38295787840477 -89.18984021550504 -1004.7627590385688 337.5536568042577 -144.67399230169764 -132.60805758551226 -956.7293947085741 390.729894357462 -215.9759548539003 -88.4513186770714 -979.3521490951416 381.1041397126551 -214.20955078487492 -94.53248985467137 -947.3327329083936 412.51939276542237 -148.2028089393676 -124.98295617724789 -995.2365451386182 338.89636960685385 -176.81896159652865 -91.14891297199776 -981.1502528418051 367.3900558580007 -159.0373816423514 -131.03618156047602 -1003.4169816443793 358.58233391123247 -195.50513750662265 -82.28464704469887 -995.5197855669744 357.12082810381406 -230.34413746672607 -81.92374508061266 -978.9017092427812 350.9485176973448 -191.70790950499685 -87.79972575681218 -947.9612058653782 392.8428635516288 -130.980857748898 -130.21384863571615 -992.232871929305 348.55960017951685 -186.41559779166363 -81.96812500773102 -962.7129359741232 359.22038031845585 -175.74013049465816 -112.03727878921774 -948.1789984243536 405.8820635802499 -158.6803322331604 -103.63004713335533 -968.5523458367268 369.45671218897235 -105.69836221123673 -138.29976429460507 -935.7561930375023 397.86832385926306 -219.72949753464388 -91.78533932388042 -932.7200555055658 435.59446104885575
1060.0048193674556 3.6247834267885852 1.965814820666818 0.8791391140375387 1.758278228074974 1.7582782280750504 1.7582782280751337 2.486580916569009 0.0 1.7582782280750098 3.6247834267885723 0.8791391140375043 1.758278228074986 3.624783426788593 0.8791391140374709 1.96581482066683 1.7582782280750422 1.758278228075028 1.7582782280750728 3.6247834267886274 1.758278228074893 0.8791391140375266 2.486580916568967 1.7582782280749885 1.7582782280751257 1.7582782280750309 0.8791391140374237 1.7582782280750433 1.7582782280751945 3.624783426788601 1.758278228075051 3.9316296413336156 0.879139114037444 1.7582782280750198 1.75827822807488 1.7582782280750067 0.8791391140375377 1.965814820666792 3.6247834267886825 0.879139114037499 1.758278228075056 1.7582782280750546 1.7582782280749574 0.8791391140375123 1.23079475965242 1.758278228075047 0.8791391140374704 1.7582782280749987 3.6247834267887304 1.7582782280750775 0.8791391140374549 1.9658148206668433 1.9658148206666919 0.0 1.7582782280749567 3.6247834267886216 1.7582782280750844 1.7582782280750768 0.879139114037572 1.9658148206668085 1.7582782280752234 1.9658148206667974 0.8791391140374675 2.486580916569042 0.8791391140374578 0.8791391140374907 1.9658148206667134 1.9658148206668373 0.8791391140375251 1.7582782280750504 1.7582782280749945 0.8791391140375018 1.7582782280751907 1.9658148206668145 3.6247834267885124 1.9658148206668533 0.8791391140376209 0.0 0.0 1.7582782280750444 0.8791391140374025 0.879139114037494 0.879139114037585 1.7582782280749951 1.7582782280750004 0.8791391140374973 2.4865809165689976 1.7582782280750098 1.7582782280749416 0.8791391140374971 1.9658148206667754 1.758278228075049 1.7582782280751148 1.758278228075045 1.965814820666838 0.8791391140375039 0.8791391140373365 1.7582782280750116 0.8791391140373858 0.8791391140374666 2.486580916569241 1.7582782280749987 1.7582782280751528 1.965814820666836 0.879139114037503 1.758278228075035 0.8791391140375082 0.8791391140375314 0.8791391140376406 0.879139114037537 0.8791391140375278 1.7582782280750406 1.7582782280751816 1.7582782280750107 1.7582782280750864 1.965814820666846 1.7582782280750373 0.8791391140375001 1.7582782280749385 0.8791391140374943 1.7582782280750537 0.8791391140375504 0.8791391140375128 1.758278228075077 0.8791391140374416 0.6153973798262385 3.6247834267885066 0.8791391140375305 0.8791391140373335 3.6247834267885826 1.7582782280749445 0.8791391140375101 1.758278228075132 3.6247834267886354 1.7582782280749927 0.8791391140375161 1.7582782280748515 3.624783426788613 1.965814820666958 1.9658148206667894 1.7582782280750349 -117.36915472974444 -136.08198257348462 -984.3882447446026 344.8558431408436 -214.69902376009466 -83.00386524325897 -985.1084982289359 361.29918102734575 -150.20805568863832 -114.08098489006936 -951.4597027890877 400.62834483888327 -171.697751248035 -109.20117112946389 -958.378431027538 400.7324811437932 -101.32211014400959 -138.25659148889457 -952.8344845390646 406.87934723243484 -102.78107266839356 -134.36462118061314 -958.2502235282184 367.24837525222193 -142.20764826199184 -130.1845910006274 -982.3444568395421 356.6381650869628 -186.4194339716173 -110.28006848711487 -958.4045212943869 372.78401490111804 -212.8884433500734 -89.95352342722882 -945.9666465499607 389.44978886088103 -168.95211480271144 -136.9858276374656 -960.6720246318318 388.5791014344446 -120.72133648635368 -127.71965752903581 -939.5727599877104 425.09855574894516 -177.56900778034753 -103.84844342631128 -983.5866237548248 350.813725415417 -134.14927385098775 -135.4890543521671 -971.4791082065785 352.20468762286816 -110.90808937066825 -133.23067344048658 -994.2143360026881 334.89152619928535 -129.9158716796452 -131.50528004371554 -939.2035829455702 396.2260557315656 -89.4699912996504 -148.62354551496244 -967.4377720943353 386.35998404317934 -144.3925874874126 -110.80182987521817 -938.2085616081007 402.0776648906407 -196.4054620958224 -96.7774148683087 -971.6471267203791 365.2284686850594 -159.20702504779362 -107.39011043675242 -950.9924593730008 377.21327268978496 -197.95543978016497 -92.45091468109786 -997.4261692635758 352.5895047887807 -206.04263483257424 -84.08223073406121 -952.2112667263191 371.4265542899169 -223.86784024141642 -84.08087861678088 -923.427814246504 443.9472271690806 -161.55149962334585 -135.71478950875138 -994.8924151811523 365.62443234558856 -189.94564066095595 -95.18109898058333 -948.488835981332 383.56620050582853 -145.91546345414528 -136.53099819684618 -1000.1962428478391 327.9376076762535 -173.46234869275628 -113.50495494775565 -945.4595945471174 376.64108065375916 -127.49340726744103 -137.2825545842837 -959.8294941031693 394.76096229641814 -117.49282385885009 -130.84251598154947 -1009.0049719912109 353.87347422659155 -165.53694305900396 -111.35210534413761 -951.6120960584951 389.4571202800417 -189.81162845651775 -113.56791148193949 -972.571608635954 370.37066711227567 -123.53064743518148 -133.88193600326213 -944.478266410905 401.9432506810337 -227.15604984846794 -80.41995064785476 -954.6044938074243 383.69944528788625 -148.00892816059817 -129.0158581106558 -934.3578225725146 431.15501323700937 -99.42481646247083 -147.13784211443493 -1014.4932298807591 345.13006778310444 -133.54097703070263 -121.58227816238167 -967.0181126607268 392.5492493092662 -184.23538180010078 -104.24059324585865 -982.6622788052503 377.4924811144062 -154.17819574642579 -135.94177195245518 -967.3521196248802 358.6131406572068 -157.23300187650105 -121.76557950130149 -960.7319614853976 377.30173829455845 -206.00846633938443 -93.17785019300503 -939.5392087159355 390.6052098580176 -135.87501200185133 -114.72123725339483 -966.558655495742 363.99331266415425 -138.5013599794321 -125.38679368172873 -986.7746085739911 371.04228173977566 -160.29527113233218 -118.83589283564673 -996.5023998987391 343.82876420948145 -91.88679143759352 -145.3486918270167 -942.3188679806576 384.59338946462015 -164.75044053409275 -114.99102625962038 -974.505971172725 359.45942587891227 -187.44742420371884 -99.21617376492348 -938.889263997653 420.3231288947983 -189.24572745144664 -91.13483192113739 -976.4859649556196 376.25873190148315 -141.24936927534802 -133.76001712232787 -935.9676285504328 435.53156879682075 -96.94563128946886 -141.46040482039749 -941.796176467998 429.5524946328164 -180.35478818240887 -107.85392018353002 -987.6175629808171 338.56011593187753 -155.75844191326465 -131.56943178536832 -977.8683846552548 346.23975934449857 -104.01153796666284 -143.9539844262776 -968.1949332984502 380.69294650550455 -230.85340987282683 -86.15693023802481 -978.7718737197731 364.4920923106797 -150.98026103247645 -118.09191308529888 -961.0273179348171 383.0020058077994 -141.6328500908518 -121.65090261695683 -1004.5733434238335 346.949264944113 -204.83159154345532 -88.73386233853591 -1003.5948085814135 339.1941089367096 -149.03921378366047 -133.17298480347952 -953.1203323104401 394.77653880350874 -218.4102489620859 -87.22512289048943 -976.8067775948854 382.6362130351962 -218.117885641708 -92.81303188763076 -945.6345702571066 414.2912570829635 -151.66446216087127 -124.49478186787006 -992.4785834646993 340.9315680640029 -179.77403405733926 -90.78471891994354 -979.0266351527814 370.16776483939594 -162.90816551450837 -131.78081380034615 -1001.3512091593569 358.42007706924596 -198.4169450117434 -83.07687312704569 -993.6089537477405 359.3956707406528 -234.2211190105852 -82.46351493518205 -977.520825794266 353.0917661575339 -194.6283009727235 -88.36777483386334 -945.9961866655244 395.80623679309275 -134.51897692410708 -128.76814464828874 -990.2175225674397 349.9601804660865 -187.35307598431473 -82.98006192513816 -960.5893073190521 361.99808405154016 -179.68342357686714 -111.49413931428205 -946.5853353804852 408.52819951874227 -160.16072209883404 -103.47225578588053 -965.2642642655646 371.62326219616335 -109.70918867724508 -137.144875803055 -932.5184863559485 401.5977306225646 -223.86558150071738 -90.04601801815153 -930.2250613284134 438.68939333324437
1070.0048193674556 1.9658148206668025 0.8791391140373991 1.758278228075059 0.8791391140376407 0.8791391140374935 1.7582782280748823 0.8791391140374943 1.7582782280751166 0.8791391140375373 0.8791391140375947 1.7582782280750147 1.7582782280750084 1.7582782280750537 0.8791391140373911 1.7582782280750073 0.8791391140374484 1.7582782280750706 0.8791391140374757 3.6247834267886274 0.8791391140375925 0.8791391140375328 1.9658148206668293 0.0 1.9658148206670099 0.8791391140374952 1.9658148206668733 0.0 1.7582782280748168 0.8791391140374849 1.7582782280750509 3.9316296413336707 1.7582782280748404 0.8791391140375083 3.6247834267885826 1.7582782280750293 1.75827822807509 1.96581482066686 0.8791391140374883 1.7582782280750626 2.486580916569156 1.7582782280750098 1.758278228074899 1.7582782280750273 1.23079475965242 1.7582782280749987 1.7582782280751432 1.7582782280750056 1.7582782280751703 0.0 0.8791391140376369 0.0 1.9658148206668553 1.9658148206668478 2.486580916569026 3.6247834267885897 0.8791391140373327 1.7582782280750704 0.8791391140373903 1.965814820666834 0.8791391140376237 2.486580916569056 3.6247834267885573 1.9658148206668165 1.7582782280749012 0.8791391140375264 3.6247834267885857 1.965814820666824 0.8791391140374684 1.7582782280749847 0.8791391140376796 1.75827822807502 0.879139114037526 3.6247834267886514 0.8791391140374957 3.6247834267886194 0.0 1.7582782280750127 3.6247834267884556 0.8791391140374984 1.7582782280750586 0.8791391140374933 1.7582782280750844 0.8791391140375087 1.758278228075135 2.4865809165690105 0.0 1.7582782280750573 0.8791391140373822 0.8791391140375027 1.7582782280749905 1.7582782280750417 1.7582782280750757 3.6247834267885977 2.486580916569076 1.758278228075006 0.8791391140374787 3.6247834267886474 1.9658148206667965 1.7582782280750677 1.7582782280751033 1.9658148206668373 1.7582782280750704 1.9658148206668449 1.7582782280750853 0.8791391140375393 1.758278228075099 0.8791391140375237 1.758278228075037 0.879139114037539 0.8791391140373208 1.7582782280749896 1.7582782280750164 1.75827822807503 0.8791391140375373 3.6247834267886305 0.8791391140374644 0.0 1.758278228075052 0.8791391140374912 1.758278228075003 1.7582782280749867 1.7582782280749696 0.8791391140375092 0.8791391140375155 1.758278228075021 1.7582782280750366 0.8791391140375213 1.7582782280751488 1.758278228075062 1.7582782280748621 0.8791391140375265 1.9658148206667554 1.7582782280750375 0.8791391140374709 1.7582782280749942 0.8791391140375793 1.965814820666812 1.758278228074893 1.9658148206667985 1.7582782280748792 -121.75303161895515 -136.40048508580645 -983.5373261602116 346.8675145329815 -217.12472534418677 -82.22235204303328 -983.9403214524528 362.9394924622157 -153.13289107320125 -114.2567024181182 -950.2915150241721 402.2686500532382 -175.13740919929057 -108.57744950669782 -956.4675307770706 403.0072608596496 -104.80459518415472 -137.54474449717065 -951.8249153877692 408.7053305714726 -104.29687879087105 -133.74574055383857 -955.3838753085705 370.6605464248053 -146.67105468192602 -129.24979295947966 -979.056385270388 358.8047283462481 -190.82643767842217 -109.63281730342311 -955.5381724069132 376.1961857382285 -215.83151962590284 -90.38828370898517 -943.1002961765982 392.86195842865186 -173.43757526610568 -135.98244334898823 -958.5483870113711 391.35679669212544 -125.08879120699874 -128.27997839579888 -936.0681966504421 430.0194713662544 -180.00202940979318 -104.16482401237654 -980.7744190930282 353.53732798605154 -138.5893679329337 -135.05500450420192 -967.7114422801616 356.0656662258262 -114.8207717829892 -133.27816606665542 -992.7289587412982 336.1605288421343 -133.34388422858487 -131.49780886521233 -937.0799450309095 399.00375078552656 -91.56842406907481 -146.82603828256475 -965.2637539644116 387.57481455583746 -145.92703785867357 -109.67398492191774 -935.0249739406892 405.11847816069604 -200.79545762316533 -96.05401385814322 -969.8407319812418 368.37752396890147 -162.1469133054035 -107.28335567839531 -948.2343473338349 379.24825568506077 -200.3911241560452 -91.95401534498471 -996.1534983657161 353.35556313870524 -209.4550772688485 -83.30764974600345 -948.7104425680886 374.0960123184732 -227.77095541762463 -83.73929346776023 -921.4894806077039 446.7914494570022 -166.00077548781016 -134.98234947370491 -992.6642910330966 367.52787438530606 -194.34375160519136 -94.73770429474116 -945.092510863888 387.10992932015 -149.83071475584023 -136.53398560538304 -998.9740489907507 330.2665740488464 -175.93630473974054 -112.61179971887775 -942.1715073901606 378.8076225535021 -132.39890313791912 -137.14100002768757 -958.2899501443378 396.71850481635374 -121.40596939463981 -130.88096611736054 -1006.5137491924219 354.71705521452475 -168.9733219352644 -110.99268394454151 -948.7998647268876 392.1806963834585 -195.6819235850599 -112.68132819874029 -970.2352371487859 373.65128109772985 -126.9566418165684 -133.88309765771768 -941.1360601284337 404.79838582935866 -232.5448419783552 -80.73293593941244 -953.0920094654815 385.31269109003637 -153.446559701828 -128.13599762120796 -931.224615489452 435.7586916164073 -102.32705399234602 -147.60517365824887 -1012.5824461921618 347.4049574446278 -135.92781256463985 -122.47507471386909 -965.2154505091528 393.44684228959807 -188.6220341948619 -104.32632728444312 -980.4341454553188 379.39590946246886 -158.59627487446858 -135.71172607586374 -966.6056745527143 361.4990755700092 -160.63434212182332 -122.18456613549908 -958.6624434207657 379.3908404635254 -207.4628686290327 -91.93855565022449 -936.3556210643007 393.64602314141194 -137.8548631908689 -114.36391098674366 -964.5395225351958 367.645282725955 -142.901370211998 -125.43134681499166 -983.8037678051594 373.5801903235111 -164.7092281755242 -118.56838408713728 -994.274310426005 345.73224811078154 -96.85003324122323 -144.50772798115008 -939.1352803742836 387.63420280180645 -167.6672544628754 -115.34976721406757 -972.0651057552337 361.8657738784267 -189.8897291715492 -99.01087355012383 -937.9300754237443 423.71197733906826 -191.6853779489285 -90.9129296551653 -975.105042383418 378.40195447468716 -145.69995535857646 -133.06284713898876 -932.6216838320601 440.63816254121775 -99.41897077676352 -141.16098675375062 -940.415251053598 431.695715203583 -184.27318210664936 -107.44871879928837 -985.3353565889521 341.15217277533606 -160.68961042960063 -130.86518470014843 -976.433366327012 349.07158396983243 -106.52160684375012 -143.1626423047123 -965.7577967792064 380.8478278320284 -235.21398396767975 -85.01744020558094 -976.4392409861158 365.5212523375327 -153.40107925396947 -118.48103298938936 -958.7450618670908 385.5940230772139 -144.05807646553663 -122.05473405590024 -1002.6625370855944 349.22411661336406 -209.22607024279455 -88.44499470231362 -1002.3221424899813 339.96020689648543 -153.4869319586998 -132.46343473379508 -951.9521445719591 396.416844033791 -222.31629569480918 -87.14582572660984 -973.7314294012392 384.2998414504998 -222.9952427597887 -92.2199300845471 -943.6191703672159 415.6917651456244 -154.1004030622911 -124.63606802523053 -989.8791429109749 343.1522874425644 -181.2386572547892 -90.57485965734217 -976.906736578674 370.69400550235093 -167.88177045167322 -130.06805178616264 -999.3358308651068 359.8206212303556 -201.34543702421726 -83.07436612938434 -992.6535124510768 360.5330708615898 -238.97155614682134 -81.53462607289374 -973.8613968752586 355.57556706449714 -197.07399686366915 -87.63912460636546 -943.342573888165 398.7154909669424 -138.41783414964667 -129.0332319281392 -987.9894130553262 351.863637847296 -190.76617564957766 -83.9996022624233 -958.0943160253347 365.09301835856974 -183.5966317808346 -111.35872976623035 -944.039960618279 410.0602666938539 -163.0898411057638 -103.59557505122568 -962.6647721902069 373.84392487432274 -113.17201586705684 -136.66707009818253 -929.5980169090119 405.6984936376818 -229.69946348069146 -88.92071865226451 -926.0627024373209 440.96043458458763
1080.0048193674556 3.6247834267886034 0.8791391140375173 1.7582782280750513 0.8791391140375888 0.87913911403752 0.8791391140374818 1.9658148206668604 1.7582782280751266 5.2748346842250955 3.6247834267884476 0.8791391140374814 3.6247834267884738 0.0 2.4865809165690393 2.4865809165690416 3.6247834267885506 1.758278228074999 1.7582782280749836 2.1978477850937823 0.879139114037575 1.7582782280750255 1.7582782280749443 1.7582782280749807 0.8791391140376245 2.780081980501079 1.7582782280750946 0.8791391140375026 1.7582782280751783 1.9658148206668373 3.6247834267886105 3.9316296413336587 1.7582782280748572 0.8791391140375114 3.6247834267885337 1.7582782280750116 2.4865809165691046 0.8791391140375049 1.9658148206668304 0.8791391140375198 1.7582782280748912 1.7582782280750098 0.0 0.8791391140375342 1.7582782280748792 1.9658148206667958 0.8791391140373848 1.7582782280750635 0.8791391140375019 1.7582782280750344 0.8791391140374679 0.8791391140375019 3.6247834267886705 1.7582782280749958 1.7582782280750533 1.7582782280750073 1.7582782280751335 1.7582782280750413 0.879139114037453 0.0 1.7582782280750622 0.8791391140375003 2.4865809165689603 3.6247834267885697 1.7582782280751446 1.758278228075056 3.6247834267887225 3.6247834267886003 0.8791391140375697 1.7582782280749878 0.8791391140376678 1.7582782280749845 1.758278228074911 0.0 1.7582782280750122 0.8791391140375301 3.6247834267885857 0.0 3.6247834267886456 0.8791391140375007 3.6247834267886154 3.6247834267885772 0.8791391140375889 1.7582782280750486 0.8791391140375604 0.8791391140375475 0.0 1.7582782280750024 0.8791391140374933 1.7582782280750744 1.758278228075074 0.8791391140375326 1.7582782280748928 1.96581482066679 2.4865809165690327 3.6247834267885772 0.8791391140375044 1.7582782280750295 1.7582782280750338 0.8791391140374919 0.0 1.9658148206668444 1.7582782280749198 3.6247834267886083 1.7582782280749851 1.7582782280750509 0.8791391140374862 0.8791391140375358 0.8791391140374651 1.7582782280750184 0.8791391140373741 1.758278228075077 1.7582782280749385 0.879139114037538 1.7582782280749383 1.758278228075032 1.7582782280749543 1.7582782280750067 0.8791391140375454 0.8791391140375143 3.624783426788613 3.6247834267885684 0.8791391140376527 1.965814820666774 0.8791391140375736 1.2307947596525524 0.8791391140375362 1.7582782280749822 1.7582782280751699 1.758278228075 1.7582782280751126 0.8791391140375394 1.965814820666856 0.8791391140375091 0.8791391140373586 0.8791391140375119 3.6247834267886474 1.965814820666793 3.6247834267885963 3.6247834267886097 1.9658148206668429 -126.20362456920452 -135.69881590139542 -981.6264379981947 349.142305210353 -221.5404165432398 -82.54981331769797 -982.3503972087874 363.3341729739929 -155.55107986156085 -114.8422037605861 -947.8506398698273 404.67498885184557 -178.0743816839909 -107.87297679033118 -953.2839431249541 406.04807414622 -109.67589474792769 -137.88106119509646 -948.428590087159 412.24905920812347 -106.22709928174866 -134.12760875134146 -952.7843818530882 372.88120746137946 -151.5451908050182 -129.48414451794628 -977.091372270553 361.7681062098743 -194.24330048373128 -109.62238078511679 -952.7800601985336 378.2311685161485 -219.23394917738318 -89.78265552291771 -940.2339457594085 396.27412796502534 -177.14496403868242 -132.34777061544267 -955.9488932951972 393.5774574288317 -130.0853497963946 -126.62997221342907 -934.153557932684 434.5457096512642 -182.4528819610442 -103.4371405708323 -978.5462873739541 355.4407584820452 -143.28012165283766 -134.32557207434633 -965.2164519845876 359.1606014448327 -121.23953079581071 -132.47861013996382 -990.1835974315965 337.69262740650055 -138.26503668645526 -131.0428522906031 -933.525001109541 402.3618012935263 -98.42275344252563 -146.83956455102472 -963.7783290405969 388.84376361782756 -149.37406485302094 -109.1007237744962 -931.4700300175559 408.4765286669611 -204.22938793894454 -96.97636867023358 -967.2412391150322 370.5981860081448 -165.5406508775182 -108.36201968674501 -947.0661596132157 380.8885609296723 -202.84055964985185 -92.15111738894412 -993.6081357636266 354.8876476445065 -212.86667747386593 -82.96525258017385 -946.3236864881823 375.81375775136974 -229.73593034746153 -83.89916362870167 -918.8390366551491 450.98271942715144 -169.4761690013818 -133.38492035794013 -990.9661340331345 369.29974352365474 -198.2573383131 -94.93590303954802 -944.1874413361114 389.8101842851814 -153.78029333377464 -135.74262485706197 -998.5485902338193 331.27242389233953 -179.8522642272374 -111.6715369468478 -940.523725368928 382.1423519989396 -136.8709973263692 -135.93189735782684 -954.8936248766971 400.26223348892586 -127.33388414448117 -130.02909435043094 -1005.8755570561457 356.22580278244925 -172.88927596395266 -110.56869215808312 -947.1017020899354 393.95256071318585 -200.56286410898926 -111.9167037995584 -967.6898628010651 375.18334904818056 -131.9054063954823 -132.95998856874206 -938.3238287144828 407.52196186096205 -236.981916457069 -81.50293847458131 -950.4383967373362 388.221945302438 -157.83872057436784 -128.33059189162785 -927.9327897874412 440.1766918686768 -106.83494181835594 -146.21435161461324 -1011.6270160761579 348.5423625296378 -137.88140849368565 -122.57668135814112 -962.4573381688108 395.4818249262797 -191.05954330711913 -103.59231623620099 -978.2601275908455 380.61074056515 -162.5120900992491 -135.62461553805906 -962.4666393600098 365.6772812913739 -164.05878668952005 -122.0568142014651 -955.7960932625249 382.80301018326367 -209.88985669995762 -91.63268722575607 -934.0192455099412 396.92663355573814 -139.85624576090768 -113.49450382826369 -960.5861641665508 371.66486871669713 -148.76556298514762 -125.47689883354128 -982.5310811374601 374.346225212016 -168.6155645011699 -118.4315559684526 -993.899240689037 348.30095007960034 -99.86089684235967 -143.50465732177128 -938.0715922098585 390.1487796342623 -170.12881578518991 -114.67181962481415 -969.0942586996371 364.4036749838032 -193.30332731371502 -98.74888337677905 -937.5008617229746 426.96926667256616 -194.6120311757058 -91.1228768543337 -971.8169557848499 380.56849713201194 -150.11371034117846 -132.78580655407575 -927.7399335104935 445.45084012574944 -104.86340848788223 -140.32665303353528 -940.6783692751089 432.7556649499521 -186.70826414443562 -106.96674943089634 -983.5830924023608 343.612642949136 -164.60816149500306 -130.51929063417685 -974.7352090281822 350.8434536958579 -111.4625140148458 -142.52138602322333 -963.7423970742401 382.248336096665 -240.58204403169773 -84.73461662468267 -974.686961884732 367.9817119881611 -155.84881973139636 -118.33804927869379 -956.9927803223827 388.05448096129703 -147.0003225087632 -121.96321879460274 -1000.7012704806555 349.9360602431399 -212.61929516785997 -87.60907033975786 -1000.8367352516051 341.22918379324835 -157.89006123314007 -132.40939709991773 -949.1399131761035 399.1404200832514 -224.74625055798225 -86.8110272339244 -972.0332670620653 386.0717060512748 -226.83905254540682 -90.60607822352681 -941.7082700797722 417.9665448272542 -159.46205099411165 -125.10528050706169 -989.3995638606443 344.8467119598325 -183.1918124584501 -90.57341177436267 -975.3130753528322 373.3401426388664 -171.79703134317685 -129.68259916922563 -998.3803877601964 360.9580152720113 -204.76896116380274 -83.00043428359417 -991.5935628339507 360.796194460327 -244.5279930699119 -81.23469220511382 -972.1091203670228 358.0360288520501 -199.5036717753627 -86.85867951428054 -940.0003676033965 401.57062611267304 -143.81138245364266 -128.83881057354765 -985.5485493378334 354.2699883983168 -192.72947927102413 -84.46762936806786 -956.0247974885132 367.1821202369869 -187.01311356037033 -110.88434829647053 -941.5990854581663 412.4666054868304 -164.56680716808413 -102.90368438354804 -959.1098287499669 377.2019758763574 -116.24437583310775 -134.6653870239334 -925.1417418581517 409.50534049233863 -232.59378589050564 -88.05470308813545 -921.1809521157531 445.77311216911767
1090.0048193674556 0.8791391140375384 1.7582782280748754 1.7582782280750326 0.8791391140374754 1.7582782280750269 0.879139114037528 1.9658148206668469 3.6247834267886057 1.7582782280750457 1.7582782280748956 0.8791391140374927 3.6247834267886376 1.9658148206668178 1.758278228075085 1.7582782280749907 0.8791391140376587 0.8791391140374999 1.758278228075223 0.0 0.8791391140375543 1.9658148206668689 0.0 0.8791391140375385 1.7582782280750548 1.9658148206667898 1.9658148206669228 0.8791391140375046 0.8791391140375231 1.7582782280749947 1.7582782280749414 3.931629641333628 0.8791391140375365 0.8791391140375175 1.7582782280749905 3.624783426788629 0.8791391140374613 1.7582782280750002 1.7582782280750162 1.7582782280750189 1.758278228074897 1.9658148206668353 0.0 0.8791391140375155 0.6153973798261436 2.4865809165690216 1.758278228074974 1.758278228075044 2.486580916569027 0.0 1.7582782280749778 0.8791391140375304 1.758278228075103 3.6247834267885763 1.7582782280748712 0.8791391140375034 1.9658148206667994 1.7582782280750104 1.7582782280750895 1.7582782280750124 1.7582782280748843 1.965814820666804 1.7582782280751261 0.0 1.9658148206670039 3.6247834267885475 3.6247834267884604 1.965814820666825 0.8791391140373573 1.7582782280749931 1.7582782280751463 1.7582782280750437 0.8791391140375286 2.486580916569095 1.7582782280749816 0.8791391140374969 0.8791391140375855 1.965814820666768 0.0 1.7582782280750378 1.7582782280748253 1.7582782280750195 0.8791391140375729 0.8791391140374993 1.7582782280749758 0.8791391140375353 1.75827822807501 1.7582782280750466 1.758278228075085 0.8791391140374917 1.7582782280748341 1.75827822807506 1.7582782280749663 1.7582782280750495 1.7582782280748792 0.8791391140375223 3.6247834267885564 1.758278228075013 0.8791391140374681 0.8791391140375093 0.8791391140374948 1.965814820666811 1.758278228074912 3.6247834267885737 1.7582782280751321 0.8791391140374991 1.7582782280749925 0.8791391140375369 0.8791391140375205 3.6247834267885786 0.8791391140373687 1.7582782280750107 1.7582782280751241 1.7582782280750622 0.8791391140373221 1.758278228075018 0.8791391140374795 0.879139114037539 0.8791391140376464 1.7582782280750706 0.8791391140374869 2.4865809165690416 1.7582782280748463 1.7582782280749967 0.8791391140375167 1.2307947596525524 0.8791391140374505 1.7582782280750346 0.8791391140374094 0.8791391140374905 1.7582782280750273 1.758278228074978 1.7582782280750706 3.6247834267885612 0.8791391140374497 1.7582782280750047 1.7582782280750595 3.6247834267886123 0.4395695570186842 1.7582782280750404 0.0 -128.66731568559607 -135.31984915658316 -979.8200428418486 352.2913595340201 -223.92732822173534 -81.45002283784723 -980.2304981876041 363.86041086827936 -158.4717558220804 -115.38455996614167 -945.0654679646216 407.05426813786096 -182.45664479762206 -107.09488307356757 -950.3130930941293 408.5859720533024 -115.08393692734239 -137.46002303087326 -946.8349270382878 414.89519514437677 -107.68953370017097 -134.21581624632918 -950.3435067669471 375.28754633165454 -156.18336277187237 -129.60714737152915 -973.3778113683073 364.94048040239005 -197.63884661255017 -108.32062160462567 -949.2251163481557 381.58921909661086 -222.1385866222038 -89.15066191208041 -937.1585961240199 397.93775425119037 -180.5602685334863 -130.77052998750116 -953.0825428871966 396.9896269716835 -133.52578235297156 -126.2966178119233 -931.6585637555322 437.64064193565326 -185.86571146870727 -102.90502371712672 -974.6199907697411 359.1160498599218 -148.19160593023204 -133.75839761660643 -961.3442717704071 362.1472968536611 -124.70908895681386 -131.6849611479406 -988.8026827052148 339.83585404064166 -142.1839814683913 -130.95269578105064 -931.1345065355807 406.33100519754635 -100.43183669922783 -145.98841741460612 -962.2929040469868 390.11271259527956 -152.78222527935412 -109.44265226945075 -929.0795354430473 412.44573257063854 -208.1178349857015 -96.34557418139015 -965.6475764778403 373.24432223953136 -167.49539069934076 -108.36681873335358 -942.451265970275 384.50972969303814 -206.7237915609127 -91.51898241340648 -991.5927394717751 356.2881604225436 -216.76714828779666 -82.78453344348507 -944.3586672257619 378.77713095516583 -233.0360192661821 -81.76179803113781 -915.3507090227388 455.69705699678167 -174.365384449205 -133.2028406932625 -989.2175911647249 369.50874433019476 -200.23172071158245 -95.60610967949867 -942.1720414504891 391.21069235278884 -158.64996953497416 -136.12214941130654 -996.0536196791967 334.36737606503095 -184.2373417525524 -110.89155944666072 -936.384687570456 386.32055512183797 -142.24017342364186 -136.1416636111864 -952.1355124824938 402.29721603453106 -131.74751975696694 -129.75669485466966 -1003.7015452586191 357.4406432450443 -176.79085871666695 -110.30969560964927 -943.70537679354 397.4962893530562 -204.41023431627224 -109.8500727880278 -966.2006997421176 378.70375677175394 -136.29504869057916 -133.15114045958998 -936.2001907919133 410.29965690771525 -240.80708108113845 -80.04425359739258 -947.5179273165636 392.32270833206564 -162.24500367198632 -127.94255513705777 -926.6022449592285 443.88277755080327 -110.82321741005354 -144.9883954015217 -1008.8689181535036 350.57736598406933 -139.297118259352 -123.8487619277069 -961.1846507930953 396.24785852356354 -194.45960939527592 -102.78432676788195 -975.6102533882605 381.2685365850105 -166.42490804023154 -135.70621390472738 -959.8671459267008 367.89794234738855 -167.9845098800307 -121.133483749275 -953.0883615250735 386.40085788209217 -214.6962677433541 -89.70676898330933 -931.1528950796537 400.3388030788451 -142.76808958190193 -114.08846849521584 -958.8338826932264 374.1253266649977 -154.14038161574007 -125.40399771967279 -980.7284191969298 375.2438185606553 -172.52304307155785 -117.47399018899713 -990.9283993502315 350.8388582509414 -103.33664076120591 -142.75398646619067 -935.8938352740238 393.61506817517443 -175.0124172297414 -114.19299013936032 -967.183359062404 366.67845529999397 -197.21408164500141 -98.89595225046189 -938.1315977685645 429.96343778455184 -197.0448144860074 -90.8060797996491 -969.430199812938 382.28624265606794 -154.50986102556092 -132.6687078067258 -924.6608454437877 449.3659250130159 -109.28125686482045 -140.10935791753798 -937.4947816058342 435.7964782179736 -190.60680229832312 -106.39564015396299 -982.2021724825727 345.7558668499434 -169.25970753530092 -129.62215742803767 -973.1415487934806 353.4895915424672 -116.35657141695928 -142.5487206864059 -962.6787089821312 384.7629129627049 -243.93083125622425 -83.5376388704253 -971.7161127248614 370.51961084139833 -158.75581506893695 -119.38363354371332 -955.5577359258108 390.8862950439804 -150.42937347374 -121.82685693260142 -999.3240814512701 349.82782930485484 -218.18292994463226 -86.36499912486052 -998.8213447363096 342.6297027361043 -161.55321394542176 -132.49294850082302 -946.0104445265907 401.4926398640694 -227.1081006600076 -85.21574843497548 -968.4279426499494 387.86689163926985 -229.20082575682983 -89.00999016028157 -941.3872944117627 419.8466471765115 -162.417411250403 -124.1934855798243 -988.0186453405171 346.98993718007944 -185.16951550933993 -92.00359095338803 -973.1894380625232 376.1178382078096 -175.70840836803592 -127.25409434804466 -996.1522537488754 362.86144297172575 -206.73097752147044 -83.16400037572186 -989.3654278662981 362.699621491507 -248.6316148075806 -80.3917000980691 -968.4496781998185 360.51980981957144 -202.4308340851534 -86.75266504617619 -938.4608235706357 403.5281685568391 -147.75692561467736 -127.76153393039003 -984.0631257980184 355.5389397988928 -195.65983212950943 -84.38891976245812 -954.1138973450669 369.4569000689263 -191.42540237202684 -111.5460524018491 -940.3263980765624 413.2326390734829 -167.49340627068312 -103.16488105160848 -955.9262412100898 380.2427892775214 -119.69624314376487 -134.11420032780703 -923.1767225541982 412.4687136659799 -236.36705662999637 -85.63300719447254 -918.7904575411706 449.7423160727528
1100.0048193674556 1.758278228074984 0.8791391140375234 0.0 1.758278228075103 1.7582782280749856 1.758278228075137 0.8791391140375368 1.758278228074852 1.758278228075019 0.8791391140375716 1.7582782280750113 2.4865809165689874 0.8791391140374853 0.8791391140375743 0.879139114037504 1.7582782280750695 3.6247834267885795 0.8791391140375161 1.9658148206668138 0.8791391140375395 0.8791391140375153 3.6247834267886603 0.8791391140375037 1.7582782280751679 1.7582782280750613 0.0 1.758278228075038 1.7582782280751246 0.8791391140375234 1.965814820666918 3.5165564561500537 1.758278228075146 1.7582782280750782 0.0 1.965814820666815 1.7582782280748546 1.7582782280750566 3.6247834267885457 0.8791391140374929 1.7582782280750187 1.9658148206668145 1.7582782280748845 1.7582782280750473 1.23079475965242 1.7582782280750064 0.879139114037634 0.8791391140375104 1.7582782280749387 1.96581482066678 0.8791391140375325 1.7582782280750013 0.0 0.8791391140375461 1.7582782280752185 0.8791391140375482 1.7582782280750746 1.7582782280749902 0.8791391140376441 0.0 0.8791391140375855 1.7582782280750295 1.7582782280750857 0.8791391140374918 0.8791391140374254 0.0 0.8791391140374396 1.965814820666815 0.8791391140375956 3.6247834267885564 0.879139114037593 0.8791391140375033 0.8791391140374843 1.758278228074988 1.7582782280751987 1.965814820666821 1.7582782280750926 1.7582782280750475 0.0 1.758278228075073 1.7582782280750897 0.8791391140375332 1.7582782280751987 1.7582782280749858 1.758278228075154 2.4865809165690274 1.7582782280751117 3.624783426788645 0.8791391140374474 1.758278228075035 1.7582782280748792 0.8791391140375034 1.758278228075037 1.7582782280749987 0.8791391140374396 1.7582782280750415 0.8791391140374396 0.879139114037503 0.8791391140374033 2.4865809165690265 1.7582782280749127 0.0 0.8791391140374072 2.486580916569043 0.8791391140375353 0.8791391140374905 1.7582782280750957 0.8791391140375369 1.7582782280750464 1.7582782280750646 0.8791391140374795 1.965814820666823 1.9658148206668073 2.486580916569047 1.7582782280749631 0.0 1.7582782280750355 3.6247834267885577 0.8791391140374536 1.758278228074997 0.8791391140375883 1.7582782280750682 1.7582782280750637 0.8791391140374929 1.758278228075035 3.6247834267886403 0.879139114037422 0.8791391140375194 1.7582782280750466 3.6247834267885612 0.8791391140375432 1.7582782280750728 0.0 1.758278228074981 1.758278228075073 0.8791391140374929 3.6247834267887304 3.6247834267885986 3.6247834267887296 1.7582782280750433 1.9658148206668429 -132.57358612915556 -135.4278827458552 -977.2746689161278 353.82342811778386 -227.82781932330332 -81.20628573555643 -976.9424113322785 366.02695319477004 -161.89182071541688 -114.64969084383057 -942.1449985176099 411.1550311527356 -186.33118404721563 -106.00829702614743 -948.1894551721397 411.3636671003952 -120.01822793595807 -136.19542587110814 -945.4540016240734 417.0384157152622 -110.61975458499508 -134.35357348261792 -947.3185377455104 378.5140377558137 -160.58330433147609 -129.14893667382734 -971.2541738496326 367.71817573869475 -201.04366663428826 -107.94159642138708 -946.5715035654979 384.49847326821373 -225.10511914223423 -89.70413888662856 -935.2476958367879 400.2125339330933 -184.92280316149464 -129.19614503129094 -950.324430492013 399.0246095142697 -137.96402180816477 -124.70556871491826 -928.7922133241337 441.0528114579193 -187.3071556915672 -102.13319790225147 -973.664540968811 360.25343989956275 -152.35688828227177 -133.0721300875611 -960.547440342291 363.4703648777297 -130.09290601186095 -131.37582699727642 -987.3676431474441 342.66767034407627 -144.6457110744549 -130.02703398056235 -928.8522499938229 408.9230221170137 -103.54025923200555 -142.71303015385683 -959.7979098887748 393.2076448949443 -155.22188546990853 -110.18915179938378 -927.1686351554549 414.720512252155 -211.01694452125764 -95.70352392172185 -962.0693115126601 374.6952110355373 -170.4138659828978 -107.35271862205408 -939.2676783060147 387.55054296577794 -209.59709399019604 -90.39331314647991 -988.8346287184862 358.3231454468912 -219.6607406878712 -82.12308167874659 -941.3336981853238 382.00362236190074 -236.4150305939415 -81.05069536900014 -914.2495113777605 458.46850340592107 -178.2526373016099 -131.20973117789285 -987.7321664825004 370.77769383780316 -203.10979830591634 -94.4957163126661 -938.988453783513 394.2515056231482 -163.5358217658714 -135.8982070386477 -994.514081581511 336.3249227833159 -189.11999726260657 -110.74561141430664 -933.0966003003426 388.4870967727778 -145.6657854386727 -135.96738944599656 -951.9190364190766 405.0515900030538 -135.68414042140768 -128.88531294267474 -1001.9530020361403 357.64964531663696 -181.17537909162857 -109.71952420610315 -940.5217891258942 400.5371026224983 -208.7814024110538 -109.16342915615427 -963.8680626565013 379.73290864982727 -139.71602474068473 -132.9863485756508 -933.0166031227378 413.3404701758402 -244.28311283598737 -80.78973655133866 -945.4484084133846 394.41180989001975 -166.15205120110733 -126.47998204705956 -926.2271502748152 446.4514733921742 -114.7513491588141 -144.67112377396293 -1006.7490203206911 351.10360824969644 -144.7052990096476 -122.24074757960493 -959.8037253866266 398.3910791002492 -197.39999664516944 -102.9241068910067 -974.124828424045 382.53748561778536 -170.56718312606498 -134.47165157770365 -957.7435081111472 370.67563746755746 -172.85743550034428 -120.34685247258741 -950.434748741379 389.3101120495721 -217.602648721913 -89.28939054970472 -928.8706385379883 402.9308199984029 -144.73990134064084 -113.14807687457309 -955.5457954560386 376.29186838069677 -158.5364588912803 -125.68454403460527 -977.4944511154238 376.7217671104207 -175.44374757733686 -116.93717387247673 -988.170289024757 352.8738437679387 -109.78739242825759 -140.8723781472215 -932.6057480025214 395.7816098247521 -179.3953193866101 -113.3722684275021 -964.9552217043447 368.5818789441751 -201.09323002896204 -98.24572596716854 -938.3405969737048 431.711981023045 -198.49383433412362 -90.4995586007883 -967.3606809616516 384.375344276781 -159.39673270669437 -132.9517646474948 -921.1600205366343 452.0353820267896 -114.72550042091608 -138.63777149083924 -935.4793817156652 437.1969862802378 -194.0512610193527 -107.00486134252291 -979.9740366542605 347.65929187187453 -172.65713596373908 -128.3700864786619 -969.640724592179 356.1590495257568 -119.81821238334916 -141.71000876295827 -959.1778841028242 387.4323700133828 -248.8533605901988 -83.9373342832464 -968.373906713515 373.374746302032 -160.70712399863555 -119.39092303090146 -953.6468356452498 393.1610747318443 -151.88182187009983 -123.06757656316695 -997.9431600828505 351.97105257113776 -222.53912378633603 -85.61866282349483 -996.5932112559931 344.53313067694125 -167.16409618979637 -131.5153714018796 -943.7281879860643 404.0846567844806 -230.99365340677335 -84.72283999054106 -966.6756610189354 390.32734947338906 -233.52599654546904 -87.75409976030974 -938.9464192510126 422.25298596880856 -168.7588906584869 -123.19099393110825 -985.6860096262441 348.0190913998519 -187.13838379900264 -92.42945020323916 -970.4313257945112 378.1528209465485 -179.12091177161398 -126.95140649867243 -993.7654990223681 364.5791901536205 -208.6327112071809 -82.08478369441262 -987.1372912319299 364.60304597372567 -252.05803547441624 -79.66834928267788 -966.7515158531678 362.29167442625777 -205.35395577811337 -86.60670631727216 -936.2830666317127 406.9944570956553 -152.14589322365174 -128.054629002748 -982.2604641259443 356.4365334574963 -199.56378400338306 -84.2208606821169 -950.9303097385274 372.49771339756774 -195.81752042650749 -111.39673565165788 -938.3072597563805 416.88460573931354 -169.44650168821062 -102.89518655610641 -954.0153409437777 382.51756897617713 -124.13221238079683 -133.0391796196114 -920.9196563054655 415.8421631410612 -240.69021971184682 -84.37070921654352 -914.3341824902176 453.54916292728194
1110.0048193674556 0.8791391140375543 0.8791391140375153 3.6247834267885692 1.758278228075098 1.7582782280750342 0.879139114037564 3.6247834267886136 1.7582782280751013 1.9658148206668078 1.7582782280750526 0.8791391140374987 0.8791391140375491 0.879139114037538 1.7582782280750011 1.7582782280749796 1.758278228074958 3.6247834267885617 3.6247834267886434 1.758278228075024 0.879139114037695 1.7582782280750342 1.7582782280748792 0.8791391140374925 0.8791391140376442 0.8791391140375513 1.7582782280750748 1.7582782280750282 1.758278228074866 3.6247834267886274 0.8791391140374075 3.51655645615006 2.4865809165691175 0.8791391140375391 0.8791391140374396 3.6247834267886363 1.758278228074885 1.7582782280750742 0.8791391140376894 1.7582782280750484 1.7582782280749367 1.9658148206668657 1.7582782280750215 2.7800819805010404 1.23079475965242 0.0 1.7582782280751115 1.7582782280750362 1.7582782280750509 3.6247834267886194 1.7582782280751605 0.8791391140375383 1.7582782280748874 0.8791391140374907 1.7582782280749993 1.9658148206668098 1.758278228075187 2.4865809165690704 2.4865809165691113 3.6247834267886163 1.7582782280751328 5.274834684225138 1.7582782280750842 3.624783426788633 3.6247834267886683 3.624783426788597 1.7582782280748792 1.9658148206668125 1.758278228075011 1.758278228075032 0.879139114037544 0.8791391140374979 1.7582782280751081 0.0 1.9658148206666806 1.7582782280750475 1.9658148206668953 0.8791391140375137 1.9658148206667865 0.8791391140375289 0.87913911403755 1.758278228075014 0.8791391140374505 1.7582782280750078 1.7582782280748988 3.6247834267886003 1.9658148206668618 1.7582782280750544 3.6247834267886305 1.7582782280750027 0.8791391140374396 0.8791391140375135 0.8791391140375703 1.7582782280750342 2.4865809165690327 3.6247834267886114 1.7582782280748792 1.7582782280750715 1.7582782280750415 2.48658091656901 0.0 2.486580916569048 1.7582782280751112 1.9658148206668178 1.7582782280751263 0.8791391140375177 2.486580916569087 1.9658148206667985 1.7582782280750928 1.758278228075004 1.75827822807494 1.7582782280749958 0.8791391140376045 0.879139114037541 0.879139114037411 3.6247834267886003 0.8791391140375694 1.7582782280750413 1.7582782280749565 1.7582782280749887 1.7582782280750653 1.9658148206668158 1.758278228074863 0.8791391140375099 0.8791391140374804 0.6153973798262509 1.7582782280752332 1.7582782280750346 1.758278228074923 1.758278228075048 1.7582782280749856 0.8791391140374943 1.758278228074892 0.0 1.7582782280751654 0.8791391140374925 0.8791391140374688 0.8791391140375119 3.6247834267887296 1.9658148206668498 1.9658148206668429 -136.49071513762988 -134.48354614339476 -976.1064813945767 355.4637335460357 -231.75612470844405 -81.41834016925674 -974.9270115261506 367.4274613919898 -164.3242963255438 -114.36307544612303 -939.5996237543184 412.68709832586507 -190.23342874673517 -105.83014312129868 -945.1141055357426 413.0272933844469 -125.42615518458318 -134.3553480805754 -942.8003888280606 419.94766987259476 -112.06648957873615 -134.88127635790994 -945.4076374633893 380.7888174403584 -166.56506605104747 -128.82139039227167 -967.4361117930239 370.0162766785119 -204.48431233026665 -108.24679854154087 -944.4478656457065 387.2761683170061 -230.8878834201053 -88.33174323551222 -931.638632897101 404.25917793132595 -189.25528223326762 -127.56231449427213 -948.4135302051607 401.2993891964921 -142.85031554515348 -124.24413202744093 -926.7730750037974 444.70477812367693 -190.23423748821673 -101.99898470402258 -971.8618787924015 361.15103270954904 -154.7859371272349 -132.32210649834136 -958.7410397391543 366.6194162388443 -135.48083326683732 -130.22062715940427 -984.6636504013603 344.0140609297856 -149.03905108633327 -128.7956712941857 -927.6299431983788 411.2519208149098 -110.39644280207604 -142.4515965320095 -957.0397974937877 395.2426274370403 -156.70258930136458 -110.90511368392609 -924.3022847240587 418.13268177442285 -215.37679938495074 -94.93882738676072 -959.5239367676375 376.22727823350033 -172.35171231209577 -106.80659127152788 -936.2968282731777 390.0884408701871 -213.02554063235476 -90.42369842029962 -985.4924232070049 361.1782815473003 -222.58259839469122 -81.92683091049797 -939.1055606612176 383.9070457908422 -239.1125624691344 -81.09867561402982 -912.3050181512901 461.83187676375377 -182.65043591111015 -131.08470944356694 -985.7167666880267 372.1782020420637 -207.49836206936075 -94.24190186573303 -938.0330036399221 395.38889546400327 -167.91017674955188 -134.61192654305358 -991.7559711773605 338.35990823340677 -193.4989297939909 -110.29609930913111 -930.2302498694756 391.89926629562166 -148.1087584785104 -134.73979393137927 -949.6908988938999 406.9550134307177 -140.57978763839645 -127.22216632886544 -1001.3689087930262 358.469798441409 -186.51969391593124 -109.00750437890224 -939.0867446954154 403.368916685573 -212.15224837912803 -108.23320986464587 -961.1099502736432 381.7678912075338 -143.1413371048805 -131.7659030662965 -930.8929651998626 416.11816522237626 -248.2000671553924 -80.7384115210029 -943.642007729629 397.56086119147886 -172.00497787935277 -126.11118650335268 -923.9952743191715 450.60635542293227 -119.67833444561981 -143.08744650918842 -1004.2036472706675 352.6356778425395 -149.09819433037475 -121.00279386369073 -958.7400372130153 400.90565592637427 -199.82498659074088 -102.55585138957758 -972.1094285550294 383.9379937134033 -175.43907021224013 -134.12738098175757 -954.2968022367194 372.6565010229189 -177.71842894153255 -119.47118338747902 -948.3652298367795 391.3992136058998 -220.0569054300777 -89.37779107527004 -925.3156946145348 406.2888705043752 -147.1818347991982 -112.90563416764903 -952.7876830670064 378.32685093291445 -161.9486661634757 -125.14986738609396 -976.16764476629 378.17639422916653 -180.78167006774942 -115.77842572219336 -986.8434832063477 354.3284711293189 -116.17336905612753 -139.59824447512233 -931.6465594287688 399.17045826905695 -184.74357064894912 -112.6835671724407 -960.6071847391564 371.01153892723886 -204.02199363301287 -98.08139806286819 -937.2265282109666 432.6636927366774 -199.91738396005425 -89.69310317051173 -965.4497806928168 386.6501239743141 -162.80806664717485 -131.92623379054814 -918.3981697078059 456.3218231683021 -119.6630403180242 -136.8093414493715 -933.6729810306363 440.34603758099496 -197.47767110638662 -107.07565511795512 -978.2758745216818 349.4311566059105 -178.15459139028673 -128.46766718588393 -968.6852745716037 357.29643945719744 -123.77234576940619 -139.83962271468152 -956.4197717083171 389.4673525571428 -252.73392148562158 -83.38577861418163 -967.364337615586 375.2007296595015 -162.67020710114065 -119.85424525291637 -950.8887232483559 395.19605727229197 -155.3008373485214 -123.5258963607565 -994.8678114259423 353.6346807636358 -226.9070871787133 -85.08104343896369 -994.0478376075125 346.0651996629076 -172.0320498473668 -130.9299814789312 -942.3472625718948 406.227877355422 -235.86458137919533 -84.3806023813812 -963.8093105996396 393.7395190057955 -239.40713657354127 -87.8250947731929 -935.9755692170585 424.79088387184487 -173.14609597838603 -122.84805799870821 -983.0323979881495 350.9283464734156 -190.56460803539218 -92.51339067050256 -967.9904506866184 380.5591597854157 -183.4738950221398 -125.59353208162817 -992.2259554918644 366.5367329302313 -211.12888511444487 -82.90858446466574 -986.816315850191 366.483148400006 -254.15312513913622 -78.95601270068437 -964.8406156728423 364.56645420393744 -208.796509844905 -86.8890331811116 -933.8421914709965 409.40079588798835 -155.55641740280862 -127.29348716057625 -979.6609706636406 358.6571944814452 -201.51288740732846 -84.11202073824742 -948.6480532099032 375.0897303264847 -200.2541934083684 -112.15485361092877 -936.9263343419989 419.0278263100958 -171.90266277543574 -103.306747055792 -951.0444909166599 385.0554668867645 -127.58965937581208 -130.65110971886975 -917.5233310008946 419.3858917740937 -244.11947709704106 -84.35923415029175 -911.6264506777577 457.147010576671
1120.0048193674556 0.0 1.758278228074987 1.7582782280750098 1.7582782280751366 1.7582782280750753 1.7582782280750386 0.8791391140375074 1.7582782280750686 3.6247834267886243 0.8791391140373881 0.879139114037518 0.879139114037615 0.8791391140375654 1.7582782280752427 0.0 1.7582782280752165 3.6247834267886296 3.6247834267886163 3.6247834267885857 2.486580916569039 1.758278228074985 0.0 1.7582782280750162 1.7582782280751148 0.8791391140375517 3.6247834267886065 0.8791391140375653 0.8791391140375027 0.8791391140375454 1.7582782280751388 1.7582782280749951 0.8791391140375806 0.8791391140375379 1.7582782280750124 1.7582782280749896 1.7582782280748788 0.8791391140375221 1.7582782280749105 1.7582782280750187 1.9658148206666886 1.758278228075069 0.8791391140375997 2.4865809165690758 1.7582782280748792 0.0 1.7582782280750229 0.8791391140375003 0.8791391140373958 3.6247834267885675 1.7582782280750386 1.758278228074998 0.0 1.9658148206667978 0.8791391140373895 1.758278228075053 0.879139114037506 0.8791391140375266 1.7582782280749716 0.0 1.7582782280749798 0.8791391140375655 0.8791391140374593 1.965814820666844 1.758278228075231 1.7582782280750084 0.8791391140374396 1.7582782280750697 0.8791391140374804 1.7582782280750349 0.8791391140375903 0.8791391140374939 1.7582782280749558 2.780081980501053 1.9658148206668788 0.879139114037494 3.6247834267887695 1.7582782280750213 0.0 1.7582782280750167 0.8791391140375303 0.8791391140375029 1.7582782280751983 0.0 1.758278228074924 1.7582782280750047 1.7582782280749645 1.9658148206668469 1.7582782280750147 1.758278228075062 1.7582782280750124 1.7582782280749822 1.7582782280749971 0.8791391140375324 1.7582782280748792 1.758278228075042 1.7582782280748792 3.6247834267886496 0.8791391140376784 3.6247834267886074 1.7582782280749085 3.6247834267886114 0.8791391140374365 1.7582782280750058 0.8791391140374504 1.7582782280750098 1.7582782280751914 0.879139114037539 1.7582782280751161 1.7582782280750544 1.7582782280749862 1.9658148206668125 1.7582782280751663 0.8791391140375303 1.75827822807496 0.0 0.87913911403755 0.8791391140375343 1.7582782280750648 0.8791391140374858 1.7582782280750464 1.7582782280750164 0.8791391140375171 1.96581482066684 1.7582782280750346 1.7582782280750067 3.6247834267888024 1.7582782280750227 1.758278228075042 1.7582782280750247 0.8791391140374604 1.7582782280750362 0.0 1.9658148206668005 0.8791391140374138 1.7582782280749991 0.8791391140377016 1.9658148206668489 3.6247834267887296 0.0 1.9658148206666546 -138.93102667837292 -134.45686118344057 -972.6056566132658 358.133190724834 -236.15529303731634 -81.31955295176523 -972.1688991678128 369.46244397947373 -167.74836760170248 -114.48784339831815 -935.7815616093061 414.98519908543545 -195.82849194103613 -105.27032486979846 -941.8260182639427 415.19383503329357 -131.2827139035186 -133.36572698263 -940.4677517000268 420.97682168063614 -114.01906390444596 -134.66309514440437 -943.2298805257892 384.2551059801697 -169.4842918376482 -128.48201929288416 -965.2620932954212 371.23110663979975 -209.18979516810418 -109.17237547889617 -941.2642779770357 390.31698158581645 -234.84159273995462 -88.76090424841657 -929.0624601954496 408.38700045392994 -194.15937892453505 -127.78418133087344 -946.2357732661967 404.76567773532975 -146.26741201123147 -123.95039872321868 -925.3921495893833 446.8479986944332 -191.69718066412364 -101.91287229287572 -968.1483163286978 364.3234051726192 -159.18714153573208 -132.45524074983302 -954.9770966201876 368.22892353052976 -137.42785664175256 -130.20964317640914 -983.2827253845751 346.15728175484395 -151.49006964998708 -128.9924508382665 -924.9763304022989 414.1611749721868 -114.79258348918046 -142.0379498698504 -954.5989223340254 397.6489662305613 -158.6537000520298 -110.84790678809172 -922.3913844364597 420.4074614559337 -218.6495102206845 -92.7449761963749 -956.8162049657572 379.8251258910222 -177.2517959666072 -107.08638338151265 -933.9604527152753 393.3690512819063 -214.43546066780493 -89.59067974530659 -982.6801919960614 363.90185776379616 -226.02893228787286 -82.1561991949449 -936.7691851036402 387.18765620277367 -243.33015133405542 -81.7389081106774 -910.2390419313057 464.97784827067574 -187.5165131698178 -130.62544595204974 -983.2758915925234 374.5845409012969 -207.93731602490723 -93.4789945132893 -936.6520782256216 397.53211603482436 -173.28933591285627 -134.66901840786733 -990.3750464978549 340.5031292805514 -196.8969613995801 -109.85326753500868 -927.7893747088093 394.3056050879988 -152.00488206931166 -134.1741830784045 -947.9927362417066 408.7268777473125 -144.49510592918398 -127.90284246238902 -998.769415514816 360.69045965690475 -189.89558834553117 -108.09208862130139 -935.3731821530442 406.54128906446016 -214.90837105098717 -105.60408970399251 -959.199049990939 384.04267089244325 -146.06868335783128 -131.47784244301306 -928.4520900390858 418.52450401464876 -250.57205715876506 -79.80427683262562 -940.8838953311705 399.59584372973643 -174.9367491373004 -125.99853654008243 -922.2971116668798 452.3782197394424 -123.58700357956756 -141.65331902381763 -1002.5054853193375 354.40754281693427 -152.51061614818107 -120.68972303012332 -956.883255942201 402.4918421163382 -202.27916509386768 -102.65102128974593 -969.6685534066194 386.34433251801875 -180.517833336685 -132.9588055792744 -951.1673335895994 375.0087208073662 -182.55242326279205 -118.28145516510867 -946.5084485659858 392.9853997956434 -223.43058577138564 -88.63794352521897 -923.1920566916459 409.06656555089756 -149.62308281100144 -112.61276679190877 -950.5595455442239 380.2302743633894 -164.36593536658265 -124.35300658266999 -974.7867193761174 380.3196148102311 -185.63578413407294 -115.05649095865466 -986.4721269841501 354.64570838050935 -119.59603845576117 -138.89519809507652 -929.7860397274376 403.00810306198406 -189.59790492517695 -111.93575407735091 -957.8490723537935 373.04652148408627 -206.9328057387928 -97.64550594264014 -934.6811534476129 434.1957599096961 -202.9035587040422 -90.4811740366968 -962.6916682987043 388.68510651752257 -166.25578676209247 -132.7972188787709 -915.7445569117148 459.23107732556764 -125.04410943705656 -135.37017108407022 -932.5047932515295 441.98634278675064 -203.32756125183766 -106.7261550761237 -975.9936182234577 352.02317371408026 -182.50188115697227 -127.30799694477606 -966.0857808517753 359.5171001755257 -128.65628190459714 -138.6215734164748 -954.7216090573542 391.23921687478617 -256.0357404699475 -81.8781020454289 -964.9234624701683 377.6070684681996 -165.133906190297 -120.51022143077256 -948.0223728178329 398.6082267952995 -157.2865517337373 -124.69691443405499 -992.8524118438382 355.0351892673116 -230.37300012447312 -85.54993400057275 -992.3496753449327 347.83706436532236 -176.40074668260826 -130.28361865730653 -939.9063874111798 408.6342161477645 -238.84200459173232 -84.88076918441816 -962.2156475524396 396.3856549432408 -242.38551368537276 -88.32011801038124 -933.5346940562769 427.19722266411253 -177.52373854999638 -122.19263234960937 -981.2259976983703 354.0773979825871 -194.9375986800873 -92.01631246021626 -965.5495755368386 382.9654985895499 -187.84089965967547 -124.89834276083758 -990.6360309049617 366.9314103847984 -215.0265889614294 -82.63369470303628 -983.6868473313328 368.8353683432247 -257.6548782319107 -77.50202346419228 -961.6066474363315 366.0444023973467 -212.17396609639755 -86.16913384006475 -930.9758410396267 412.81296541027774 -160.33637281208468 -127.9041315357433 -978.3341643206625 360.1118216294442 -205.41207017878185 -83.85349915005325 -945.0931092899032 378.44778083729733 -203.17919567027388 -111.97992279007313 -934.3809595786544 420.55989348312636 -173.37682725367765 -103.48167494566444 -949.1877096467075 386.6416530777253 -130.51604516093158 -129.65739961790393 -915.9800485373893 423.5948928212261 -248.01377462672647 -84.03687628284965 -909.1314565006053 460.24194286105956
1130.0048193674556 0.8791391140374963 1.7582782280750813 0.8791391140374982 0.8791391140375383 0.8791391140375195 1.965814820666797 1.7582782280750255 0.8791391140373684 5.274834684225083 1.7582782280751843 0.8791391140374968 1.7582782280750087 2.486580916569073 1.7582782280751166 1.9658148206668264 0.0 1.965814820666772 2.4865809165690234 1.9658148206668304 0.8791391140375115 1.758278228075017 1.7582782280750349 1.9658148206668458 0.8791391140376341 2.486580916569043 1.9658148206668333 1.7582782280750366 1.7582782280749667 1.7582782280750542 1.7582782280750546 1.965814820666836 1.965814820666908 1.7582782280750242 2.4865809165689914 1.7582782280750615 1.7582782280749887 1.7582782280750604 0.0 2.7800819805010692 1.7582782280751565 1.7582782280750464 1.758278228075109 1.7582782280750806 2.4865809165690327 1.9658148206667914 0.8791391140374732 0.8791391140374998 3.6247834267885497 1.965814820666823 1.758278228075208 0.8791391140375069 1.965814820666757 3.6247834267886443 2.4865809165691166 0.8791391140375063 1.7582782280751383 1.7582782280750462 0.8791391140373231 1.7582782280750253 1.7582782280749667 1.7582782280750506 0.8791391140376602 1.7582782280750315 0.8791391140375311 0.8791391140374964 1.7582782280748792 1.9658148206668054 1.7582782280752143 0.8791391140375389 1.965814820666709 1.7582782280750755 0.8791391140375994 0.0 1.7582782280751434 1.758278228075072 1.7582782280749996 0.8791391140375113 3.6247834267886523 1.7582782280750615 0.8791391140375839 0.8791391140374867 1.7582782280751625 1.7582782280750273 0.8791391140375578 2.486580916569035 5.274834684224921 1.7582782280750757 0.8791391140376282 0.8791391140375369 1.7582782280749667 1.7582782280750036 0.879139114037345 2.486580916569069 1.7582782280748792 0.8791391140375423 1.9658148206668429 1.7582782280750526 1.7582782280751126 0.8791391140374984 0.8791391140375181 0.0 0.8791391140375098 1.7582782280750497 1.7582782280750213 1.7582782280750386 0.8791391140375123 0.8791391140375177 1.7582782280751472 1.9658148206668038 0.8791391140373158 0.8791391140375271 3.6247834267884484 1.7582782280750289 0.879139114037498 0.0 1.7582782280751 0.8791391140374903 1.758278228074998 0.8791391140375083 1.758278228075018 3.624783426788645 0.8791391140374307 0.8791391140375163 1.7582782280750995 1.2307947596525004 0.879139114037602 0.0 1.7582782280750513 1.758278228075079 2.486580916569111 0.8791391140375392 1.965814820666827 1.9658148206667854 0.8791391140375044 0.8791391140375351 1.7582782280749978 1.758278228074993 0.4395695570186842 2.4865809165690536 0.0 -143.29765985915384 -133.6093055182131 -970.694756357541 360.4079704270366 -237.59552026727783 -80.95485290971932 -970.3662369176351 370.3600366858306 -169.22392291957124 -114.66571399671366 -932.3348557185277 416.9660626070971 -198.71907238732393 -104.5838973731769 -939.1220248816578 416.5402240792054 -135.17722392407086 -132.7962458987226 -938.4523518098619 422.3773297429058 -116.95170332196341 -134.6431053408918 -940.9476239842712 386.8471228999047 -171.43053043657605 -128.3841183629008 -963.0339557759136 373.13453007494536 -212.99770708081104 -107.66860292912348 -938.6647841974495 392.53764225113525 -236.28151025012923 -88.39550549992737 -925.5075162719405 411.74505095984125 -197.96569939360597 -126.07192543605085 -942.893566978045 407.6208128763092 -149.1952983306209 -123.85791312872209 -925.1756735239087 449.6023726629273 -195.56314593409695 -101.16753291771958 -966.767390927574 366.46662575250207 -163.06860528345538 -131.80229199098653 -953.3834335749834 370.8750594690563 -140.83783983315172 -129.87742515093763 -981.3718252133718 348.4320615143696 -156.3694789978587 -128.81721823419804 -922.0558609545368 418.26193798657994 -116.74151444847494 -141.2824738566138 -952.5294034277583 399.73806778519014 -162.57734109666526 -111.17040700136147 -918.9950591318791 423.9511900889569 -223.01284136681033 -92.15274436431203 -955.8607548226855 380.96251573246997 -179.7040361824022 -107.18980183963659 -932.420908681969 395.32659372557765 -217.75866189016992 -89.81850966938867 -979.8175800043172 365.0625687353437 -228.9698416028153 -82.16041003984208 -934.804165799802 390.1510293765161 -247.68947978646852 -81.12537822861535 -908.8685664771485 467.2084960033565 -192.33903687997528 -129.37458114130885 -980.8350164498911 376.99087971461546 -211.3097372921683 -92.74136564166187 -932.93851568321 400.7044884136622 -176.66985031958595 -133.76978203878343 -988.359646767236 341.90363755443985 -202.17216005594716 -108.27154866328621 -925.2402615153272 398.08913086453884 -155.90223871218222 -133.7852216629049 -945.3391234456736 411.6361319046289 -147.40633867940278 -127.32774396850152 -996.4367784477679 361.7196116159815 -192.79067157655396 -107.4122144514195 -931.9264762622735 408.52215258613415 -216.1660318752041 -102.81448398560858 -956.4409375934838 386.07765343202743 -149.48236628474547 -131.36677762157055 -926.5141302433054 421.14358044222337 -254.3597956024921 -78.25417935410447 -939.0812330763249 400.4934364270377 -177.868404158355 -125.8538280735349 -919.6434988707886 455.2874738967078 -128.94125386496 -141.08856452765858 -1000.3855858830862 354.93377947183444 -154.42965469562714 -119.64353829546593 -953.8079063058162 404.15546840037865 -205.13450341373775 -101.46938431198683 -968.7131032643305 387.48172236025016 -185.89714013540646 -132.92343020167084 -948.6219588276724 376.54078798233803 -186.9264573366138 -117.7794773071881 -944.2803110406326 394.88882322308126 -226.3917769518763 -88.88830571969707 -919.2153759276805 411.17898818330957 -153.04999627240943 -112.73349648269281 -947.5886955112356 382.76817226729696 -167.75386335706756 -123.46663592261751 -972.9840571246688 381.21720751258545 -188.9610199284516 -113.38492863216295 -984.4567271424967 356.04621650002883 -123.00754699607945 -138.61164122176655 -927.0783079149954 406.60595071138465 -195.90499442092303 -111.04581235210175 -956.3636473393616 374.3154704384014 -208.84511231618563 -97.0172765412467 -932.6657535574442 435.59626797196046 -205.84345631677166 -90.51581711638046 -960.03805550467 391.594360676577 -169.6824888168179 -132.8881181236147 -912.9864445130537 461.26605986358646 -125.5222730867017 -134.63022896434097 -930.5397739475619 444.94971596038476 -207.6258579926693 -105.19887726983917 -973.6609811263432 353.0523255749837 -185.92851875814733 -127.36628201577683 -963.8576433417609 361.4205236202064 -132.51856957881014 -136.36104913611206 -953.4489216758342 392.0052504614585 -259.37755573347175 -80.85572004385365 -963.1711808059277 380.06752627966523 -171.4441407353017 -119.48867406915127 -946.0069729277621 400.00873485765584 -159.7507193181078 -125.08567384838922 -991.3669868990573 356.30413829644533 -234.71349062360173 -84.70083441578187 -990.547013178976 348.734657201151 -180.30109250649065 -130.08451373129114 -936.3010629014728 410.4294015423212 -242.24833792126924 -84.59377673936034 -959.3530355515323 397.5463658627406 -246.72450675921925 -87.46359806439649 -931.3065565308012 429.1006460913779 -180.45489393393444 -122.03914920619842 -977.7792918653344 356.0582616168032 -196.92187817445688 -92.37173767429674 -963.638675252318 385.2402782737348 -192.1995528145299 -124.14716149596991 -989.15060592332 368.20035937611 -217.5212730189135 -83.1746760783718 -981.458709831449 370.73879180050477 -262.2431217634192 -77.2730578539317 -960.1212224240126 367.3133513543225 -215.15355223123282 -86.67778391884818 -928.0978300692261 415.2715540038351 -163.76289269924806 -128.00474623488805 -975.9474082032615 361.82956696533046 -208.37114742828595 -84.12542649049965 -942.2808778754817 381.1713568682866 -207.99941365751826 -110.91196734122373 -931.8355848153027 422.0919606561488 -176.3328123666108 -103.80656798348471 -946.7468344863167 389.0479918703766 -132.46525228653127 -129.3749360662087 -912.7423418517577 427.3242995813811 -252.4354606342532 -84.1494276701817 -906.74470035619 461.95968816120103
1140.0048193674556 2.486580916569042 1.7582782280751499 1.7582782280750495 0.8791391140375391 0.8791391140374883 1.7582782280750966 1.758278228074987 2.4865809165688995 1.9658148206668689 0.8791391140376148 3.5165564561500426 3.6247834267885386 1.758278228075067 1.7582782280751665 1.965814820666814 1.9658148206668584 1.7582782280750162 2.4865809165691197 1.7582782280750482 0.8791391140374787 0.8791391140375326 0.8791391140374396 0.8791391140375062 0.8791391140376109 1.7582782280750722 1.965814820666828 1.75827822807506 0.8791391140375149 1.7582782280750169 1.9658148206668578 1.9658148206668418 1.7582782280748748 0.8791391140375294 1.7582782280751357 1.7582782280750733 0.8791391140375356 1.7582782280750546 0.8791391140374787 0.879139114037525 0.8791391140375425 1.7582782280750624 3.6247834267886145 0.8791391140375429 0.6153973798261436 3.624783426788629 1.7582782280751426 1.7582782280750373 0.8791391140374138 1.7582782280749825 0.8791391140375162 2.486580916569035 1.758278228074873 1.7582782280750466 1.7582782280748699 0.879139114037515 0.8791391140374988 1.758278228075022 1.7582782280751843 1.9658148206668304 1.7582782280749103 1.7582782280750504 1.7582782280750966 1.7582782280750135 0.879139114037589 1.7582782280749925 1.7582782280748792 1.7582782280750466 1.7582782280749172 1.7582782280749827 3.6247834267886403 1.7582782280750227 0.8791391140375118 1.965814820666793 1.758278228075011 0.8791391140374926 0.8791391140376477 0.8791391140375323 1.7582782280749185 0.8791391140374948 0.8791391140376232 1.758278228074986 1.7582782280751506 1.758278228075045 0.8791391140376003 2.486580916569078 1.7582782280750513 1.7582782280750486 3.6247834267885355 0.8791391140375153 1.758278228074876 0.8791391140375155 0.8791391140375473 2.486580916568986 1.7582782280748792 0.0 0.8791391140374396 1.758278228074995 1.758278228075123 1.758278228075027 0.8791391140375605 1.7582782280750064 1.7582782280748699 1.9658148206668744 0.8791391140373632 2.486580916569045 0.8791391140376281 0.8791391140374932 0.8791391140374885 1.7582782280750509 0.8791391140373517 0.0 0.8791391140374593 1.7582782280750502 1.7582782280750446 1.9658148206668633 0.8791391140375044 3.6247834267885533 1.7582782280751632 0.8791391140375071 1.7582782280749942 1.7582782280750548 0.8791391140375834 0.8791391140375255 0.8791391140375112 3.6247834267885133 0.8791391140373829 0.8791391140375079 0.8791391140376148 3.6247834267886474 1.7582782280750269 1.7582782280750466 1.7582782280750215 1.965814820666778 3.6247834267885155 1.965814820666777 1.758278228074901 0.8791391140375173 2.197847785093842 2.4865809165691104 3.6247834267886603 -148.22104240432594 -134.37626722631404 -967.9366439650539 362.4429529740929 -241.952053335079 -80.32196751241207 -967.8208621577173 371.8921038635935 -171.14590585161056 -114.06271226817971 -929.6812429224412 419.8753167643671 -203.1564932120582 -104.98385697520939 -935.7294380072448 417.83249410874 -141.75815574369943 -132.30262731699264 -936.5955705386341 423.9635159322961 -119.39091271483748 -134.57866959475325 -936.9672047902558 391.2110041359205 -176.30665007280564 -128.09315825431267 -961.5485307600377 374.4034790277908 -217.86478193102286 -107.2773942542466 -935.5856961308085 396.4527271384542 -241.2130968498991 -88.69588871412118 -921.4767164916072 414.54606708437655 -202.7104878530372 -124.01665528288525 -941.4081419610703 408.8897618278286 -154.03093442855192 -122.66067172135035 -922.6806793467563 452.69730494731573 -197.62067718471837 -102.48407756589137 -964.7519910405667 367.8671338185151 -167.44652008683045 -131.314713951991 -951.2597956532805 373.6527545165749 -146.19635099667784 -129.41442794249127 -979.8864002188587 349.701010489843 -159.27538106347637 -128.18214735257644 -918.5550360473869 420.931395000358 -119.64974795055805 -140.23283509123831 -950.6726221565634 401.324253974634 -165.50520836997927 -111.01375913331654 -915.3356156057944 426.434968975619 -226.94844284144614 -92.30760709077636 -953.473998678667 382.6802610331118 -183.60342655317677 -106.9276492948664 -929.8988549966577 398.76582275604756 -221.6536309083054 -89.491344074419 -978.3321549945176 366.3315176976054 -233.3709107894768 -82.02447699459032 -930.9319846384428 393.1377236282229 -249.67993959930516 -81.43013649561782 -905.628064790984 469.43074109026674 -196.65684001422986 -128.10239567881592 -978.4482603093415 378.70862502088386 -215.24248216192098 -92.91301561932511 -930.2307838707663 404.3023360630652 -180.99765970769693 -132.52638940706305 -988.2514088010795 343.2808245539575 -206.08513788587402 -108.21725483926974 -923.4338608303084 401.23818216530066 -160.29462944711926 -133.56622187955477 -942.3682734117207 414.1740298076646 -150.78933065616965 -126.44415475227822 -993.8914037257505 363.2516788468276 -194.77591444905926 -107.75590707634248 -929.4856011014951 410.92849137840483 -218.8876226798703 -100.1388912415465 -954.0000624330769 388.4839922246366 -153.393088193524 -131.18587064394958 -923.0133053361552 423.8130374560017 -257.29876506689544 -78.21824981163577 -936.9575951534392 403.27113147355993 -181.73552177073222 -125.12421543424558 -917.0943856772675 459.0709996732197 -133.27525116648087 -139.2430557908891 -997.8402111685598 356.4658467399903 -158.78267941985564 -118.68727288266882 -950.9956748908432 406.8790444305784 -208.07385565898704 -101.48258421915143 -967.5449154859555 389.1220275666412 -190.67678252553196 -131.14832827823375 -947.0282957783716 379.18692391847014 -188.83956410233577 -117.16086869463096 -941.3094610067106 397.4267211261587 -230.2430930101138 -88.06740785781966 -915.7145510205307 413.84844519708867 -155.45382432482702 -111.88443792925636 -945.147820350682 385.1745110597917 -170.13477777242457 -122.34843020826597 -971.1813948708202 382.11480021124845 -192.38947072790216 -113.3860990820404 -982.9713021405313 357.3151654688576 -126.41558671475542 -138.26748274004538 -922.5716522778458 408.8499324545535 -199.31378108512388 -110.79495280482541 -952.9673220364876 377.8591990730871 -210.83143943161255 -97.3487851354582 -930.6503536672761 436.9967760342263 -206.81790454582077 -90.43963746797202 -957.597180344276 394.00069946924896 -174.09145293514842 -132.88011021159338 -909.7524762575765 462.7440080202361 -128.95216014950358 -135.01197060921012 -928.9461108978404 447.5958518961416 -212.4952284003049 -104.81578121377116 -971.6959618462352 356.0156987626284 -190.25028601192656 -126.10322534893801 -961.3626491723784 364.5154559098082 -135.90229801583573 -135.26856669878234 -951.3252837530977 394.78294550811 -263.6777228837674 -79.69239576891994 -961.4730181545067 381.83939059702044 -173.8352378161132 -118.61286286350904 -944.2546912591395 402.46919266631545 -163.12605625479856 -124.17537668902598 -989.8815619163046 357.5730872900152 -238.20729176892468 -85.3769969296698 -989.2743258101616 349.500690814132 -184.62473504966792 -128.83191263568096 -935.0787561060046 412.7583002402049 -246.6916187029968 -84.92600080574985 -957.2293976288006 400.3240609093651 -251.16979646426068 -87.79058979911201 -928.7611817674485 430.63271326439866 -185.79821011874353 -121.4468844502071 -976.2397478489128 358.0158040738069 -197.8606831058571 -91.81324518053319 -960.4550875840869 388.28109154292264 -195.5938996465456 -123.66519804045676 -987.2397056569718 370.47513907068935 -220.84692187450383 -81.91591425754996 -979.9732848202073 372.0077407581336 -266.5310266515476 -76.01391139886469 -957.9705249962633 370.43534314903883 -217.08176792656587 -86.27403130563815 -925.5524553058744 416.8036211768578 -169.11202260020323 -127.46798286057766 -973.3479144346492 364.0502276446889 -210.82448036840356 -84.1726689919424 -939.1747303008212 385.43073850180366 -212.36239726276514 -110.32736982408237 -930.0291841302778 425.24101195690866 -179.27704714534076 -103.85605476797893 -944.305959325623 391.4543306627288 -134.43339908336873 -129.79243005407972 -908.8953509834722 431.09242638873116 -256.28331673639207 -83.29808788807468 -903.0311378137293 465.1320605399752
1150.0048193674556 2.4865809165689767 1.7582782280751381 0.8791391140375033 0.8791391140375047 0.8791391140375299 1.7582782280750513 3.6247834267886483 1.7582782280749185 1.9658148206668478 0.8791391140374593 0.8791391140374839 0.8791391140375436 1.758278228075024 1.7582782280751288 3.6247834267886474 1.7582782280749152 1.7582782280750393 1.758278228074873 1.7582782280750346 1.758278228075006 0.8791391140375014 0.8791391140374396 1.7582782280749962 3.6247834267886865 3.6247834267885484 1.965814820666966 1.9658148206668533 1.7582782280748739 0.8791391140374858 0.8791391140374593 0.8791391140375483 1.7582782280751716 1.758278228075046 1.965814820666742 0.0 0.8791391140376617 1.7582782280749911 0.8791391140375694 1.7582782280750453 1.758278228074909 1.75827822807507 1.9658148206668438 0.8791391140374968 3.6247834267886976 0.0 0.0 1.7582782280750104 1.7582782280750513 1.9658148206667978 1.7582782280750635 1.7582782280750187 1.7582782280751843 1.758278228074985 0.8791391140375694 3.6247834267885954 0.8791391140373794 0.8791391140375261 1.7582782280750513 0.8791391140374932 0.8791391140375187 2.7800819805010395 3.6247834267887393 0.8791391140375011 1.758278228075006 1.758278228075022 1.7582782280748792 0.0 1.7582782280749127 0.8791391140375123 1.7582782280750224 1.7582782280750304 0.8791391140376185 3.6247834267886354 3.6247834267885257 0.879139114037524 2.486580916569079 0.8791391140374863 2.486580916569211 0.8791391140375004 1.9658148206668444 1.7582782280750064 0.8791391140375574 0.8791391140375165 0.8791391140373347 1.758278228074997 1.758278228074873 3.6247834267885586 3.6247834267885044 1.7582782280750386 1.7582782280751421 0.879139114037494 0.8791391140375444 0.8791391140374818 1.7582782280748792 1.758278228075044 1.9658148206668429 1.7582782280750475 0.8791391140373964 1.7582782280750495 1.9658148206667918 1.9658148206668218 0.879139114037492 1.758278228075024 1.7582782280750586 1.7582782280749778 0.8791391140374787 0.8791391140375283 0.8791391140375622 0.8791391140375285 0.8791391140374464 3.6247834267886203 1.7582782280750513 1.7582782280749967 1.7582782280751592 0.0 1.7582782280750966 0.8791391140374922 1.7582782280751004 1.7582782280750198 3.6247834267885355 1.7582782280749867 1.7582782280750786 1.7582782280750129 0.8791391140374888 1.7582782280749996 0.8791391140375957 1.758278228074991 0.8791391140374593 2.4865809165690096 0.8791391140375145 0.8791391140374909 3.6247834267886163 1.9658148206668513 1.7582782280750513 0.8791391140375011 2.486580916569114 0.879139114037562 2.197847785093842 1.9658148206667445 1.9658148206668429 -152.6368181820041 -134.62067792174443 -965.4957688065559 364.84929176820003 -245.3270558068369 -79.74539313689343 -965.2754873953708 373.4241710378698 -172.1886291050281 -114.96967939217674 -926.1804180152925 422.5447737781472 -207.03133178465336 -104.42124565283693 -932.545850337974 420.8733073767656 -146.64901143642814 -132.2892521515793 -935.6905009810404 426.663770884423 -121.36098276712941 -134.992089855646 -935.3194227241939 394.5457335638147 -180.7088243250431 -128.03146365152801 -958.2604434885615 376.5700206772893 -223.1960332391993 -106.56799308549967 -932.2938704288159 400.8707273907354 -244.0815272343738 -87.92778631409342 -917.4459167112743 417.3470832089124 -207.49864853181379 -122.65731781502426 -939.0755048330263 409.91891363585256 -158.37531555017048 -121.67245412368898 -920.45254182128 454.60072837458017 -199.60849716300083 -102.81257618733605 -960.6670722455478 371.35674343700174 -170.80978977481598 -130.36146955994698 -948.552063841267 377.25060216629066 -152.07758635986494 -129.5844277174594 -979.0354496867926 351.71267195343125 -161.22719631457093 -128.06034675638003 -916.2727795055465 423.5234119197503 -122.08709755091876 -139.89587153379685 -949.1330781232297 403.28179641828245 -167.91049922099396 -110.36884887004841 -912.7865024122867 430.21849475214003 -230.79625321896367 -91.45964766023694 -952.4103105022923 385.1948378581762 -187.500106017528 -106.63284644585569 -926.6107677248181 400.93236440483037 -225.5014448080836 -88.6526127167853 -976.8467299791059 367.600466651521 -234.31962023283188 -81.68823654000722 -928.862465731913 395.22682518262 -252.97817635641516 -80.11138281278443 -902.4920627073897 472.5272577964235 -201.50894754940154 -127.48952310101163 -978.4986408965534 380.27149013255473 -218.16218485480292 -92.65721275399576 -926.8344585661902 407.8460646960927 -184.89224630086943 -132.25418604457764 -987.0291020309273 345.60972326720406 -209.02648958735577 -108.22048914205367 -920.83436705059 403.45884283044796 -164.19369685272264 -133.32694858172897 -941.412823267924 415.3114196484222 -154.6650142982036 -125.73070409999585 -991.4505285816842 365.65801765637843 -196.72370002666312 -107.60196789008165 -926.1433948132858 413.7836265193081 -221.19345284630947 -98.46577569520997 -953.3618495272266 389.99273831965195 -158.53825861936255 -131.37411322230312 -919.7252180643131 425.9795791047812 -259.7021319266584 -77.70700587325501 -933.7740074841716 406.3119447415889 -184.12021981959376 -124.22102629822157 -914.3903922949751 460.4173887191151 -137.675206565034 -139.2895001228749 -997.2019982823659 357.9745928428089 -162.6829666692904 -118.45035907372353 -948.2375624921974 408.9140269686185 -212.47411092861074 -101.35746388884267 -964.9454217065995 391.34268823219077 -195.02765253300834 -130.33821389480053 -942.4134021086371 382.80809264606927 -192.21047485198565 -116.41831501414714 -939.3444417027605 400.39009429980507 -233.62279090766188 -87.50442785297024 -911.4710136048916 417.1523766866258 -157.937011314303 -112.46966263517415 -941.7514950461639 388.71823969288556 -174.4715710042054 -121.32234740418403 -968.8487577429026 383.1439520199185 -196.75081485110263 -112.80267156209095 -981.1686398900739 358.21275817282043 -131.26213615950812 -137.33034228398841 -920.4480143549447 411.62762750106884 -203.20624899851262 -110.47942329805423 -948.9869028428143 382.2230803093912 -214.21628975950753 -96.81387160233984 -928.104978903924 438.52884320724786 -208.7246997417728 -89.78816569177815 -955.5276614378338 396.08980102373624 -177.03189948542163 -132.92677499556973 -908.054313605285 464.51587233674616 -132.339281474908 -134.1260761468521 -926.346617118118 449.8165125612835 -216.89581484063544 -104.68403118440726 -968.1951369456899 358.68515578374524 -194.67287430880464 -126.26783845367812 -958.9758930289103 366.2332012109686 -139.80327059170017 -135.0728540268191 -948.7799089897718 396.3150126811731 -266.91716962743857 -78.08742503323698 -959.5621178672376 384.11417027883493 -177.66590973492495 -117.37079290143004 -942.2392913689778 403.86970072859026 -165.57820998607494 -124.26766597216513 -987.9744000596322 357.5964083817931 -240.08047171503114 -84.4560841632156 -987.5761631719703 351.27255514518885 -188.7657877601629 -128.52958132508397 -932.8506185805317 414.6617236674738 -250.0664042861588 -84.34068201398553 -955.3726163575946 401.91024709878775 -255.5134128439092 -87.0929934813136 -926.1075689713616 433.54196742166806 -189.6586765315664 -120.6737360083004 -973.6402540754196 360.2364647462654 -199.30102366093257 -91.45094201408509 -959.8168746782828 389.78983763792604 -198.910292396884 -122.18996132042783 -984.6943308973299 372.0072062495355 -224.8458041216212 -82.77463732495244 -977.7451472977905 373.9111641884734 -268.68765181460276 -74.81259833346301 -955.3710312172827 372.6560038150115 -219.53447912170498 -86.30031156306741 -922.5816052719102 419.34151907988263 -172.97824176917942 -126.72415079316451 -971.1197769119016 365.9536510749119 -212.8352015980406 -84.73480427502267 -935.2484301231068 389.10602624563404 -216.15403272791224 -108.78614923300292 -928.3310214779893 427.012876273422 -181.29869110862742 -104.68399754545868 -941.6523465295627 394.36358482002396 -136.8849220375401 -129.92119778619255 -907.9324239793582 436.7327334364772 -260.1202466976641 -82.38929415361801 -901.4374747640078 467.77819647573205
1160.0048193674556 1.7582782280750306 0.8791391140375442 1.7582782280750506 1.758278228074932 0.8791391140375104 1.7582782280749185 0.8791391140375279 0.8791391140374593 0.8791391140375017 0.8791391140374593 0.8791391140374932 1.9658148206667854 0.8791391140374911 3.6247834267885573 1.965814820666799 1.758278228074873 1.7582782280750726 3.6247834267885577 1.7582782280750697 0.8791391140374593 1.758278228074978 1.7582782280748792 0.8791391140375138 0.879139114037352 1.9658148206668289 1.758278228075082 1.965814820666799 1.7582782280751594 0.8791391140375304 2.48658091656898 0.8791391140374685 1.9658148206668928 1.7582782280749867 3.6247834267886065 1.7582782280750162 0.8791391140375568 3.6247834267886216 1.7582782280751843 0.8791391140375345 0.8791391140375648 0.8791391140375069 0.8791391140375694 0.8791391140375272 1.23079475965242 1.758278228075044 1.7582782280751181 1.7582782280749811 1.7582782280750513 1.965814820666764 0.8791391140374067 1.7582782280750386 0.0 1.9658148206668749 1.7582782280750513 2.4865809165690553 1.758278228075073 0.8791391140375333 1.7582782280749185 1.7582782280750089 1.7582782280749905 0.879139114037505 0.8791391140376148 1.75827822807503 1.7582782280751843 1.7582782280750384 1.7582782280748792 0.0 1.7582782280751157 1.758278228075073 3.6247834267887575 0.8791391140375402 0.8791391140374537 1.7582782280749938 0.0 1.7582782280750096 1.7582782280751388 1.7582782280750173 1.758278228075074 1.7582782280750227 1.758278228075045 1.7582782280750024 1.7582782280750526 0.879139114037525 0.879139114037557 1.758278228075053 1.7582782280750513 0.8791391140374931 0.8791391140375568 0.8791391140375318 1.758278228074876 1.758278228075049 0.8791391140374529 0.8791391140375259 1.7582782280748792 1.7582782280750422 1.7582782280748792 1.7582782280750793 1.758278228075014 1.9658148206668244 1.758278228075017 0.8791391140375311 3.6247834267885506 1.9658148206668244 0.879139114037564 1.7582782280750486 0.8791391140375694 1.758278228075062 1.7582782280751446 1.758278228074979 0.8791391140374818 1.9658148206668173 1.7582782280750513 3.624783426788633 0.0 2.486580916569028 0.8791391140375044 0.8791391140375022 1.7582782280749913 0.8791391140374953 0.0 1.965814820666824 0.8791391140374871 1.7582782280750526 1.7582782280751756 1.2307947596525792 3.6247834267887193 3.6247834267885692 0.8791391140374593 0.87913911403751 0.8791391140375854 1.965814820666776 1.9658148206666841 1.7582782280750526 0.8791391140374593 1.7582782280750633 1.7582782280751812 1.7582782280750056 1.7582782280750349 1.7582782280749432 1.7582782280750349 -156.52318956850957 -134.1213376769785 -963.5848685195843 367.12407145030375 -248.75010364161827 -79.5904449019609 -963.6314437595805 374.5074418624792 -173.57777110122552 -113.88622793615225 -922.8923307434508 424.711315426927 -209.9970165352763 -104.64720083937044 -930.1049751771947 423.27964616903523 -149.52405659890408 -131.37086836497798 -932.8278889798113 427.82448180320085 -124.73471732817228 -134.09024604319683 -932.6658099281119 397.45498772108834 -184.1341301968654 -128.0104390461787 -955.711330295278 380.35354645395273 -227.27932992477372 -105.67654156671745 -930.011613886977 403.46274431012887 -246.93614360853263 -87.10307739329743 -913.7710742160142 421.1287397703484 -209.76256947703592 -120.49934570915748 -937.3773421807388 411.69077795236626 -162.25469709474953 -121.16132212286139 -918.7543791689884 456.37259269109023 -202.0199953169572 -102.35937215278763 -957.6962222118857 373.8946413403745 -173.21023039922426 -129.69345475020424 -945.5812138073962 379.7885000694047 -156.9361556635532 -129.0202773408756 -977.3372870373208 353.484536273385 -166.06538153953315 -127.22793136971593 -911.4992672167228 426.9589025200426 -123.972372324325 -138.57620296576331 -947.2762968520062 404.86798260767677 -169.35594049969313 -110.01610677940997 -911.6145762030202 434.1102585613912 -235.08622053990888 -90.26919067157534 -951.4548603585159 386.33222769894854 -190.92688450041388 -106.5975686400082 -923.4271800555481 403.9731776728569 -227.64618040979522 -90.39888681544653 -974.1427365975655 368.94685569894426 -236.77300139243013 -81.66898201257368 -926.8974464279526 398.19019835625886 -257.3646702559635 -79.81320188978839 -898.9100592756832 476.2296050483824 -206.23003446157418 -125.37636458672554 -975.2646726414025 381.7494382899086 -219.5542927114071 -91.78507136966593 -923.7591089296546 409.5096909798716 -189.68750824992048 -130.89949912235502 -986.0195328786082 347.4357066054154 -213.89196522861437 -107.78134277815366 -917.1749235245027 405.94262171710614 -169.58645677242913 -133.43300603863557 -938.8674485045731 416.8434868214458 -159.01725093602428 -124.94890471134349 -989.009653425039 368.06435645339724 -197.69686496734272 -107.52030403197564 -923.9693763041803 414.99845645445345 -225.03613646548814 -97.59423404918195 -950.1782618579896 393.03355158771257 -163.15033301623004 -130.81503007226132 -917.125724284595 428.2002397699282 -263.45234808754213 -76.24163552358786 -931.9676067991492 409.46099604234985 -187.07884096211595 -124.47830451318751 -912.6922296426835 462.18925303562514 -140.61458306305082 -139.3644827852612 -995.7165732708744 359.24354180026796 -167.01572684925011 -117.40986385353754 -945.4794500935424 410.949009506646 -214.3311512744592 -100.20920944641917 -962.1873093080258 393.37767077031 -199.36932140749695 -129.50053856161676 -939.4425520746973 385.34599054911945 -195.1488185372048 -116.41767732260554 -936.3194726524324 403.61658569495637 -237.45246331965586 -86.59076922284343 -909.1346380466849 420.43298709814235 -161.8029049259923 -111.7110454078217 -939.6278571232748 391.495934739411 -177.43133964312705 -121.58908401613037 -967.0460954881491 384.0415447173287 -197.68265069480682 -112.23252492333695 -979.8959525091481 358.97879176087974 -133.73976578704557 -137.92699409232358 -916.9471894477971 414.29708451485004 -204.68738370178562 -110.59727235262895 -945.4590184275661 385.23683406930996 -217.1362249898103 -96.53687658257684 -926.6195538869412 439.7977921587593 -211.59684320551378 -89.03480166897627 -953.6167611502574 398.3645807052674 -179.35762987040587 -131.28035181760566 -905.2962012066239 466.550854874765 -135.71308403767523 -133.19811808254673 -924.8070730847652 451.7740550049167 -220.74144443945494 -103.83302576790936 -966.4428552783381 361.1456135933654 -199.8694386747392 -123.88345122993731 -957.2236113606887 368.6936590200233 -142.69940127994448 -134.41005848885743 -946.1262961936977 399.2242668384532 -270.5890685222723 -76.09780268436282 -957.6008369934807 384.8260848490601 -180.58770273844087 -117.1427220568923 -940.3283910813856 406.14448041010615 -168.93476171645332 -123.28955911211986 -985.74626253837 359.49983181312814 -243.44918883836647 -83.8275966405603 -985.8780005235409 353.0444194659001 -194.53063811068864 -127.09102869797803 -931.2569555308149 417.3078596032336 -253.45746414740742 -83.9266486248117 -954.734403451683 403.418993193793 -258.9081564006023 -86.66839970465918 -924.4094063190728 435.31383173818114 -191.6062979966612 -120.5176251965484 -971.1993789166371 362.6428035404001 -202.26590148498178 -91.68327497832269 -959.4455184240475 390.1070748758232 -203.25120800443906 -121.3325852602372 -982.678931008429 373.4077143137712 -228.73305590927401 -82.37433718387439 -975.1997725348895 375.44323136228263 -273.9139900014164 -72.02064047044996 -951.3943504534433 374.7684264476978 -222.93681274610776 -85.96622721334272 -919.8776118896204 420.6879081257835 -176.83871785481548 -125.94721904912373 -968.1489268790764 368.4915489790485 -216.1930018430257 -83.92425524284819 -933.2834108191521 392.06939941927607 -220.50720173585697 -108.1431791642967 -925.572909079332 429.0478588114465 -184.25783606353332 -104.93407582362723 -938.4687588602992 397.4043980880567 -138.2759931179228 -128.617632258563 -907.7663285000892 441.04997251634245 -264.3616559843707 -80.86325450397075 -899.3138368411014 470.55589152224314
1170.0048193674556 0.0 1.7582782280751168 1.7582782280749942 0.8791391140374537 3.6247834267885892 0.8791391140373944 0.0 3.6247834267886323 0.8791391140375345 1.7582782280750089 1.7582782280750473 2.4865809165690878 1.758278228075037 3.6247834267886505 1.9658148206667885 1.7582782280750966 1.9658148206667874 1.7582782280749216 1.7582782280750513 0.8791391140376148 0.8791391140375037 1.7582782280748792 1.7582782280750116 0.8791391140374404 1.7582782280750746 1.7582782280749545 0.8791391140375393 1.7582782280751346 0.8791391140375237 1.965814820666872 0.8791391140375561 0.8791391140374593 1.758278228075075 0.0 1.7582782280750457 1.96581482066669 0.8791391140375353 3.6247834267885857 1.7582782280750482 0.8791391140374512 1.7582782280749816 1.758278228075074 1.7582782280749805 3.6247834267886976 1.9658148206668318 0.8791391140374544 0.8791391140375184 3.624783426788657 1.7582782280750586 1.758278228075035 1.758278228075074 2.486580916569012 1.9658148206667698 0.8791391140376148 0.8791391140375107 1.7582782280751343 1.7582782280750338 1.7582782280750089 0.8791391140375088 2.486580916569003 1.7582782280749913 1.7582782280751 0.8791391140375051 1.7582782280750966 0.8791391140375239 1.7582782280748792 1.9658148206667985 0.8791391140376561 1.7582782280750089 0.8791391140374593 1.7582782280750515 1.7582782280749936 0.0 1.7582782280749607 1.758278228075032 5.274834684224934 0.8791391140374991 1.9658148206669013 1.7582782280750697 2.4865809165689914 3.6247834267886074 0.8791391140375506 0.879139114037487 1.7582782280750315 1.7582782280750486 3.624783426788745 1.758278228074995 2.4865809165689385 1.7582782280750526 0.87913911403755 0.8791391140375405 1.7582782280750484 0.8791391140375109 3.6247834267886603 1.7582782280749807 0.0 0.8791391140375143 2.4865809165691544 1.7582782280750002 3.6247834267885257 1.758278228075059 1.758278228075006 1.9658148206668409 0.0 1.7582782280749807 0.8791391140374593 0.8791391140375284 1.7582782280751923 1.7582782280749853 0.8791391140375059 2.48658091656906 3.624783426788657 0.8791391140375013 3.6247834267885914 3.6247834267886403 3.6247834267885812 1.758278228075007 1.7582782280749976 0.879139114037507 1.7582782280751295 0.879139114037505 1.7582782280750118 1.7582782280750304 0.8791391140375787 3.6247834267885413 2.48658091656924 0.8791391140375278 3.6247834267885355 0.8791391140375322 1.7582782280749105 1.7582782280750338 0.8791391140374593 1.9658148206668218 0.8791391140373944 0.0 3.6247834267886363 0.8791391140375637 1.7582782280750349 1.96581482066677 0.0 -158.47452016801643 -133.97703976536306 -961.1439933589801 369.53041024275626 -252.1057575156088 -78.90036432370877 -960.3433564878156 376.6739835113795 -177.0026751651111 -113.84402376567213 -920.3973365663019 427.80624771131886 -212.33100125547398 -103.42800943361084 -926.7086498726161 426.82337480206013 -151.94163386449927 -130.9534296130133 -931.1838453438895 428.90775262758973 -127.15776364657494 -133.68913294322434 -929.4281032424747 401.1843944812386 -188.06851001271815 -128.16344799541443 -951.9977677528661 383.52591883278484 -231.5351965772841 -104.21008895105726 -926.8280262177063 406.5035575781546 -250.32506320018777 -86.66234590198998 -911.8601739284175 423.40351945186137 -214.411762491767 -117.83838760770934 -934.8823480035919 414.7857102367595 -166.11368026169652 -120.37770194079337 -916.421742040942 457.40174449910813 -205.44363947400566 -102.26911711744378 -954.0871592721018 377.94128533850466 -176.80208877518143 -128.6645637941292 -942.9276010113306 382.69775422669255 -159.80467974219957 -128.0730096187285 -974.8964118778391 355.8908750668979 -168.9886900318731 -127.00139798801725 -907.7315856578956 430.81986839094276 -126.39666868186083 -138.18378196315754 -944.8354216912285 407.2743213999475 -172.74352522182116 -109.50079105006901 -910.3381503911767 437.12775075139444 -238.05969650875065 -90.39867162783752 -948.8553665788078 388.552888364109 -193.86734528830445 -106.58043428250635 -920.7735672594619 406.882431830127 -230.5584520765469 -90.05527100285934 -973.3459050729571 370.2699236669645 -239.19606119962378 -81.36937044548343 -923.7138587586824 401.2310116242851 -261.07343147652807 -78.0827136425255 -896.2596153231284 480.4208750185316 -211.53262476030662 -124.38179193007855 -973.6747480218945 382.14411562225786 -221.59924207548545 -92.53983053742917 -920.5755212603835 412.5505042478967 -193.5392044109543 -130.07743591872077 -985.0640827361353 348.57309644703423 -216.8304091620642 -107.72734764053668 -914.3085730931092 409.35479123937665 -173.44382884370086 -132.6335224809672 -935.6838608353024 419.8843000894714 -160.87339094145167 -123.58679339328256 -987.5242284087134 369.33330540559746 -202.13998579396005 -107.84174925899715 -921.3157635080933 417.90771061172313 -227.95261357594816 -97.26338194606826 -948.1628619678265 394.43405964998567 -167.04503577979244 -130.51445654335024 -913.3076621395661 430.49834052945954 -266.67177140135004 -74.5680383357488 -930.3739437494321 412.10713197810924 -188.98235538102162 -123.82935778719728 -910.2009738956983 463.0327267165201 -144.40917344088587 -137.63236152569314 -994.339386286326 359.1353037694641 -171.3972221786591 -117.06443658902214 -944.0985246791328 413.0922300774051 -216.30185133216798 -100.25075269288773 -959.7464341472731 395.7840095626075 -203.74829599014626 -129.11487532797216 -936.6807012458843 389.6324316906422 -198.13360423847158 -116.88150983218344 -932.7915882371004 406.63033945479884 -241.33119223015868 -86.11332361756351 -906.3224066316573 423.1565631282881 -163.24481990551072 -111.35496817294067 -937.8214564382546 394.6449860401731 -180.31154357716377 -120.85476451418138 -964.8179579627325 385.94496814465964 -199.66982652854827 -112.54082187141475 -977.3505777464285 360.510858934825 -136.17819025121943 -137.76715061139024 -913.925958827628 415.2721173065034 -207.60506931502326 -110.31538210255104 -943.0181432667977 387.64317286158837 -220.56366620669982 -96.41411891959045 -925.0258908372211 442.44392809451733 -214.0515080409656 -89.0219089483159 -950.8586487516045 400.39956324329785 -182.25602752230301 -130.79512442522457 -903.5980385543322 468.3227191912752 -138.19983919857623 -133.76396062093042 -923.959860973703 451.53425786142486 -224.1914308818676 -103.9508636523731 -964.3733363721792 363.2347151481173 -203.7371993461236 -123.28627186167915 -954.1986423104814 371.9201504153079 -145.62390796344894 -134.20182729754677 -943.580921430348 400.7563340114783 -274.6319108676004 -73.30362051683575 -955.5854371033296 386.22659291135034 -182.57563999589024 -117.46264621233799 -938.8970850807713 406.7248358694952 -172.32357361246068 -122.77471672672633 -983.3053873791602 361.9061706069963 -247.7464899708493 -82.78604592505047 -983.8626006344564 354.4449275297981 -198.3775693871311 -126.25987129351422 -928.9205799726062 420.58847001474896 -256.1360672191318 -81.84631967186426 -951.0749599255979 405.90277208045507 -261.617534535144 -84.82323873709615 -922.0730307608612 438.59444214969466 -196.0283478261467 -120.6173219864801 -969.0757409943282 365.4204985873558 -204.72079404852255 -91.68463478254237 -955.9988125332812 392.08793839750564 -207.56247823870456 -120.19487182937537 -980.6635311185454 374.8082223764496 -232.15671126373104 -82.20831732348813 -973.0798730422149 375.969467805546 -278.7843733442267 -69.84673860646616 -948.4235004195227 377.3063243507718 -226.3643077762207 -85.82408733273475 -917.5412363314106 423.96851853729777 -179.2113436024777 -125.01927146607007 -965.6539327022278 371.5864812636189 -218.72643100497345 -84.63470511534267 -931.0669338326907 394.9264037752615 -223.87794739124084 -107.54316310537081 -924.0837456321848 432.56826636645206 -186.14032702297408 -104.03588934935897 -935.6024084289083 400.81656761032934 -141.75023965392427 -129.3566404077671 -907.9715892750621 445.04997435832934 -269.06812884541654 -79.2307643774614 -897.9832920128887 474.2619772043696
1180.0048193674556 1.7582782280750597 0.8791391140375568 1.7582782280749336 0.8791391140375632 3.6247834267886203 1.965814820666872 1.7582782280750342 1.7582782280749667 1.7582782280749947 0.87913911403755 0.879139114037507 1.758278228074876 1.7582782280750506 1.7582782280750027 2.4865809165690043 1.7582782280750546 1.7582782280750309 0.8791391140374396 1.7582782280750446 0.8791391140376602 1.7582782280750067 1.9658148206666546 1.758278228075038 1.7582782280751326 1.965814820666813 1.758278228075006 1.758278228074993 1.7582782280749947 0.8791391140374933 0.0 1.758278228075023 1.7582782280751421 1.965814820666787 0.0 2.4865809165690305 2.4865809165690234 1.7582782280749945 1.9658148206667418 1.7582782280750016 0.8791391140374154 1.7582782280750007 1.965814820666771 0.8791391140374917 2.4865809165690327 1.7582782280750233 1.758278228075153 0.8791391140375401 0.87913911403755 0.8791391140374963 1.7582782280750207 1.7582782280750526 2.48658091656914 1.9658148206668493 3.6247834267886065 1.7582782280750795 1.7582782280748666 1.7582782280750748 1.7582782280749667 0.8791391140374898 1.7582782280749185 0.8791391140375371 1.7582782280750124 1.9658148206667485 0.8791391140373944 1.75827822807506 1.7582782280750349 1.9658148206668373 1.7582782280750566 1.7582782280750526 1.7582782280750089 1.758278228075078 0.8791391140375242 1.965814820666786 1.9658148206666695 3.6247834267885586 3.6247834267886536 0.8791391140374977 3.6247834267884764 0.8791391140374893 2.486580916568948 1.758278228075018 0.8791391140374529 0.8791391140375003 0.8791391140375013 0.0 1.965814820666872 1.7582782280749898 1.7582782280750513 1.7582782280750728 0.8791391140374396 0.8791391140375028 1.7582782280749185 0.0 0.8791391140374396 0.8791391140375223 0.8791391140374396 2.4865809165690007 0.8791391140375835 0.8791391140375248 3.6247834267886176 1.758278228074981 5.27483468422507 1.758278228075013 0.8791391140376342 3.6247834267885786 3.6247834267884698 1.7582782280749847 1.7582782280750775 0.879139114037528 0.879139114037498 0.8791391140374943 0.87913911403755 1.584890576964092 0.8791391140376148 1.7582782280750715 1.7582782280750124 3.6247834267886336 1.7582782280749667 1.7582782280749945 1.7582782280750935 1.7582782280749918 1.7582782280750355 1.7582782280750278 1.7582782280750857 0.6153973798262282 1.965814820666771 1.7582782280750724 3.6247834267884853 1.7582782280750087 1.7582782280750167 0.8791391140375293 1.9658148206667998 1.758278228075015 1.7582782280751452 0.8791391140374961 2.486580916569012 0.0 1.9658148206668429 1.7582782280750366 1.9658148206668429 -161.80350309239083 -132.71769791757447 -957.6431684518797 372.19986725660016 -256.35887824213245 -77.57205734646882 -957.5311250728256 379.3975595415591 -180.29923581446573 -112.31293389865755 -918.1691990408259 429.7096711385844 -215.24213462881843 -103.09812972681038 -924.1091560928949 429.0440354672036 -155.2896092768688 -129.94868996953977 -929.3811830890284 429.8053453248545 -129.0379284841191 -132.57487579980372 -926.4031341921414 404.41088587638575 -191.33151899981766 -126.38549612241233 -948.0714675751186 387.20120657658265 -234.9637196111441 -104.01956167169936 -924.2789130241896 410.2870833546699 -253.613645516065 -85.47238896398444 -909.4734177840028 425.1212647520039 -217.05055634081666 -115.09629837247758 -933.7682792408549 415.7374219503931 -169.4787227447526 -119.60276737463913 -916.4180036107748 459.65320310260176 -207.43936020149982 -102.53642297801811 -950.002240475423 381.4308949551878 -179.1451816082745 -127.47447733257664 -941.9684124373744 386.0866026709445 -162.80653503434127 -128.80422669348948 -972.6682743526218 357.79429849443164 -171.44475345834914 -127.03216626092136 -905.766566353928 433.7832415645771 -129.8610709719671 -138.67259514716045 -941.9186906736315 409.1236258108482 -176.12704435987584 -108.95670054081435 -908.8489869440252 440.6481583063979 -240.77318842638576 -88.56061605618784 -945.9348971310534 392.6536513785082 -197.70517434553207 -105.70986266749088 -917.3772419548819 410.4261604631508 -233.85307417473922 -88.8854348838742 -972.3904549292283 371.4073135077671 -242.6151516961455 -81.15556301173939 -920.847508327288 404.643181146555 -263.458809924147 -77.5030662664824 -894.0729037956634 482.89915295384407 -215.23147311134227 -122.26136853618148 -971.976585369639 383.91597993880094 -225.35888413642547 -91.10077075835005 -918.6105019564186 415.5138774215327 -197.33095912288493 -128.73141352698434 -982.1473517194001 350.42240085925556 -217.71582713096416 -106.8900889487403 -910.9122477885288 412.8985198723998 -176.29930569549342 -131.64818960861854 -933.4557233098277 421.78772351673825 -165.23254766234476 -122.97504065790453 -985.5088285187837 370.7338134681813 -204.67461619340816 -108.55842357129117 -918.6621507120041 420.81696476899066 -230.3450066063586 -96.71350114775255 -944.5537990279454 398.48070364801526 -169.03135020470017 -130.83421033270875 -911.3426428355992 433.4617137030941 -270.98999851354625 -73.71262920960555 -927.1903560801597 415.1479452461329 -193.33270958798064 -123.16164479792535 -908.9786671002229 465.36162541439944 -146.74624096249462 -136.22432550939993 -991.739892507312 361.35596443565225 -174.73878864965437 -116.0359794799396 -942.5048616294149 415.7383660131641 -220.0995105716119 -99.0686427070377 -957.2010593839263 397.31607673563656 -207.53515635071167 -127.7476556352905 -933.4971135766142 392.67324495866853 -202.53302307282874 -116.67307611147604 -929.6080005678284 409.67115272282285 -246.5886202939063 -84.91021547453865 -902.7133436917676 427.20320712630996 -165.69967800819177 -111.39131224902764 -934.4792501500448 397.50012118107605 -184.20466470782787 -120.49000635698765 -963.1197953104574 387.7168324611845 -202.12388649912828 -112.54031414192757 -975.0179406185434 361.54001074310185 -137.67469093081735 -138.14723916288722 -911.5895832694163 418.55272771801634 -211.54334846403444 -110.37189446277601 -939.3549613105498 392.37841035174176 -223.3580102339306 -95.09453769187695 -923.7532034555442 443.2099616810269 -216.96263466938575 -88.68112855617068 -948.3132739882541 401.931630416322 -185.614496621532 -129.99670565488992 -901.9502564882421 471.65744861915556 -139.1346359328973 -133.20220951178797 -922.6871735920262 452.30029144793406 -228.8038471052206 -101.41891687372305 -961.9324612115233 365.64105394048437 -208.11161374474267 -122.8374060089238 -950.8023170059422 375.463879048362 -148.9347880020554 -132.71160425054984 -941.1904268557723 404.72553791511757 -277.2920752125788 -71.1980847504827 -953.303180561497 388.8186098307502 -186.42213545391235 -116.61145948828192 -935.1564630301311 410.24150499433637 -176.21549090932774 -122.43094207453386 -981.0772498539699 363.80959403465954 -251.967824435847 -81.2212100361133 -981.6344631094232 356.34835095749986 -201.72971396057616 -125.43491350262151 -926.9051800824383 421.9889780770152 -259.01848073531016 -82.18538538351848 -948.4754661458796 408.1234327456021 -265.35213645380867 -83.31500182298927 -918.7849434890155 440.76098379846877 -198.94061572253221 -120.32537899753302 -967.0062220879174 367.50960014186654 -207.6343046100995 -91.36095095414198 -953.7706750078114 393.9913618247784 -212.31899903182912 -118.70624494950624 -978.3308939905628 375.83737418461754 -235.1289443023799 -82.3077396011382 -972.1244228984513 377.106857646329 -283.22965116528985 -68.4980814726249 -945.2940317666304 379.65854412668654 -229.78879503172504 -85.6390185886384 -914.357648662136 427.0093318053192 -182.7935071942681 -123.95139502952087 -962.8958203036121 373.621463801709 -221.1232719448261 -84.10337235130683 -927.9878457659906 398.841488662533 -227.0681774641894 -105.44242755134233 -923.0200574556491 435.08284319145497 -189.17806556051204 -104.96781463831326 -934.0087453791906 403.46270354608845 -143.195046750447 -129.00199423489954 -908.6023253206497 448.04414547031524 -271.7648119375808 -77.37009634485206 -895.4882978357363 477.35690948875816
1190.0048193674556 1.7582782280750506 2.4865809165689385 3.6247834267886856 0.8791391140374138 1.7582782280750529 0.0 1.9658148206668664 0.8791391140374396 1.9658148206668358 0.8791391140374396 0.8791391140375333 0.87913911403755 0.8791391140375279 1.7582782280750966 0.0 1.7582782280748341 3.6247834267885333 1.9658148206666546 0.0 1.965814820666852 0.8791391140374943 1.7582782280748792 0.8791391140375319 3.6247834267887074 0.879139114037518 3.6247834267885612 2.4865809165690416 0.8791391140374021 0.8791391140374915 2.4865809165688444 1.965814820666882 1.7582782280749216 0.8791391140375223 1.7582782280748792 1.7582782280750364 1.7582782280750089 0.8791391140374873 1.7582782280751452 0.0 1.758278228074981 0.8791391140375133 1.9658148206667125 3.6247834267886905 3.6247834267886976 1.96581482066685 0.8791391140375436 1.7582782280750309 0.8791391140374396 3.6247834267886465 0.8791391140376897 0.0 1.7582782280750124 3.6247834267885555 0.87913911403755 3.624783426788645 0.8791391140375711 1.9658148206668549 0.8791391140374396 1.75827822807504 2.48658091656906 1.758278228075083 1.7582782280748792 1.9658148206668673 1.7582782280748341 1.7582782280750704 0.0 1.965814820666814 0.8791391140375013 1.7582782280750586 1.7582782280751 3.6247834267885763 1.7582782280750966 3.6247834267886034 0.0 3.6247834267886225 1.7582782280749667 2.486580916569043 1.9658148206668429 0.8791391140375373 1.7582782280749216 0.8791391140375101 1.7582782280749607 0.8791391140375313 1.7582782280750044 2.4865809165689976 1.9658148206668429 0.879139114037537 1.7582782280751874 1.758278228075072 0.8791391140374396 1.7582782280750233 1.7582782280751874 0.8791391140375612 1.9658148206668429 2.4865809165690496 1.7582782280748792 0.8791391140375117 3.6247834267885226 0.8791391140375137 1.7582782280750935 0.8791391140375637 1.7582782280749216 1.965814820666812 0.0 2.4865809165690544 1.7582782280751 0.8791391140375325 1.758278228074879 1.7582782280751046 0.8791391140373379 1.7582782280750016 0.8791391140374396 1.7582782280750495 0.8791391140373944 1.965814820666774 1.7582782280748792 1.7582782280750269 1.7582782280749387 1.758278228074984 1.7582782280749638 0.879139114037503 0.8791391140374663 1.7582782280750104 1.7582782280751685 0.6153973798262282 1.965814820666698 0.8791391140375349 0.8791391140374396 0.879139114037514 1.7582782280751326 1.7582782280750244 1.7582782280751 0.8791391140375144 1.7582782280750124 0.8791391140375319 1.7582782280751 0.8791391140375591 0.0 1.7582782280750164 0.0 -164.811180315865 -133.421425165047 -955.9450057995972 373.9717315731204 -261.54219358119934 -75.85441274790487 -955.5157251826625 380.7980676038309 -184.6989670279749 -112.10848325339768 -914.8811117689798 431.8762127873581 -218.0582767698321 -102.0034493705272 -921.72239994848 430.7617807673458 -160.13279578489133 -129.2624698261329 -928.0543766909834 431.2599724034878 -131.41099644682208 -131.6518597400559 -925.1267083802992 407.42837806638937 -193.78573915800982 -126.36666090516401 -945.843330049646 389.1046300038522 -237.70698387228728 -102.4164135926068 -919.876756989607 413.40533671707817 -258.3486657542479 -84.06655351611164 -906.8739240042804 427.3419254171461 -218.6283133872026 -111.94812637516647 -930.2674543337032 418.4068789641688 -171.88487031715061 -119.13443813187192 -914.6657219421146 462.11366091123546 -209.4359239760616 -102.78765408477426 -948.0913401878295 383.70567463670324 -181.60129087492842 -127.471427963766 -939.3147996412874 388.9958568282138 -166.09704895816208 -127.27272276577757 -971.5542055899247 358.7460102081216 -173.94498678054197 -127.52488771715169 -902.4243600657134 436.63837670547395 -132.17627902207113 -137.01402502401595 -938.3096277337447 413.1702698088725 -178.0942473330013 -109.01064074680262 -906.7253490211187 443.425853352909 -244.8241448672639 -85.77977166395166 -943.3354033513344 394.87431204365447 -199.58887384084304 -105.0039664946464 -913.8493575395453 413.43991422298785 -237.7235091176327 -88.35528243777463 -969.8450801658987 372.9393806808297 -245.38267520811013 -79.78512096451203 -917.876658293321 407.1810790495763 -268.8122222201683 -76.99170224573474 -891.2742911844269 486.99217195879487 -219.10752382456877 -121.78902613379715 -969.2184729709959 385.9509624768419 -229.68407781050556 -90.28032723748636 -915.8486511275916 419.8003185630463 -200.7564449152433 -128.59452022411685 -979.6019769562627 351.95446803260893 -220.4999964682466 -105.54897435432098 -907.5700415003147 415.7536550132974 -180.30344657939963 -132.4787242255044 -931.2817048007205 423.0025534518806 -167.2674265093611 -123.76338704850427 -983.4934286286884 372.134321530538 -207.0113219305056 -107.54799740554519 -915.1575873746845 425.737880386259 -235.1196005558846 -95.57555029478787 -941.5829489939803 401.01860155103867 -172.98798156062134 -131.1961726681861 -908.1049361499548 437.19112046323767 -273.30477717212665 -72.64383476626806 -924.0067684108852 418.1887585141544 -197.19374017231985 -122.5008337380335 -907.9149789236861 467.8762022394019 -149.62236529030855 -135.47878676657197 -990.041729855268 363.1278287524361 -179.08739927605438 -115.36095121733148 -939.7467492307552 417.7733485511852 -223.00566395787035 -98.69003758528285 -955.3442781126994 398.9022629250274 -211.79124704015518 -126.27265995763365 -930.6848821615874 395.3968209888143 -208.57145608258097 -115.72780228827686 -926.2387347714314 412.8705846097836 -251.18803546786117 -82.5395873882234 -900.5355867524926 430.66949566494475 -168.70940948348976 -112.08951065659943 -932.1428745918346 400.7807315925901 -186.60854121365406 -119.99559317444843 -960.6789201496823 390.12317125345936 -204.09252922035267 -112.55937917856572 -973.2115399336319 364.6890620439287 -139.54330796482589 -137.0098591958838 -909.253207711203 421.8333381295284 -212.4501249860443 -109.77205773271777 -936.75546753083 394.5990710168872 -226.32822286439057 -95.20000190079841 -922.26777843856 444.4789106325367 -220.38382290613006 -88.48548499395605 -946.1392554791476 403.14646035146586 -187.58726489274395 -130.04310554188598 -900.778330278968 475.5492124284051 -143.02573416439066 -132.87294910176314 -921.9444610835341 452.9347659236889 -232.9681770657825 -99.38855214760386 -959.1202297965265 368.3646299706602 -211.33750014978762 -120.98809026360946 -949.4213915915357 377.60709961912477 -153.24820637647406 -131.59574686264315 -938.5368140596842 407.6347920723857 -279.36529084654563 -68.43602134603793 -950.8623054007188 391.22494862302096 -188.82659512576853 -116.11150216713558 -932.0269943772255 412.5937247702349 -177.28728214083577 -123.309045994298 -979.1663495664945 366.0843737162717 -256.15083729188143 -79.40023688576272 -981.2089878388923 357.3541816875053 -205.53031544425855 -124.26862234095601 -924.8897801922698 423.38948613927994 -263.71822680415835 -80.53502572337526 -945.6128541446498 409.2841436643777 -269.7043415538627 -82.69867730641417 -916.8740432014166 443.03576347997955 -203.2534793072687 -119.35733802887624 -965.4162974683662 367.9042774741571 -211.11763340422885 -91.67166403397418 -950.7998249738479 396.5292597278033 -217.16898463932253 -118.12338958190882 -977.2709442441964 376.10049240614984 -238.58223763612358 -82.32444589277752 -969.3663104998113 379.1418401843769 -286.99467687267224 -66.87633182211972 -942.4276813352401 383.0707136489608 -231.85555064444844 -86.34588552467456 -909.874314102999 431.1604754059107 -187.1874613697348 -123.74317875072539 -961.1976576513342 375.3933281182354 -223.187088191884 -84.81750294139036 -925.1756143509629 401.56506469267794 -227.30156977955454 -103.44384509879022 -920.7919199301728 436.9862666187198 -192.11708762099514 -104.89321004578326 -931.142394947795 406.8748730683571 -146.6595854763477 -129.43891467519367 -908.7030864930525 451.16987569305553 -275.080943028164 -76.40587870207074 -895.2177027538929 480.79987694937586
1200.0048193674556 0.8791391140375371 3.6247834267884667 1.7582782280749787 3.6247834267887282 1.7582782280750107 0.8791391140374396 1.965814820666806 2.4865809165690327 3.6247834267885644 0.8791391140374396 0.8791391140375323 0.8791391140374396 1.7582782280750153 0.8791391140373944 1.9658148206667865 1.7582782280750124 1.9658148206667405 0.8791391140374396 1.758278228075072 0.0 0.8791391140375288 1.9658148206668429 0.8791391140375198 1.7582782280750546 0.8791391140375066 1.9658148206669013 0.8791391140375339 1.7582782280749871 0.8791391140375047 1.7582782280748792 1.7582782280750597 1.7582782280751452 0.8791391140375407 1.7582782280748792 1.758278228075003 3.6247834267885106 1.7582782280750346 0.8791391140374396 1.965814820666783 0.8791391140374787 1.7582782280750047 0.8791391140374396 1.7582782280749367 1.23079475965242 2.486580916569049 0.8791391140374593 1.7582782280750258 1.7582782280750124 1.9658148206668578 1.7582782280751703 1.965814820666846 1.7582782280750349 2.486580916569 3.6247834267886274 1.7582782280750437 1.9658148206668589 0.8791391140375292 1.7582782280748792 2.7800819805010404 3.6247834267885812 1.7582782280749818 1.7582782280748792 0.8791391140375477 0.8791391140374396 1.7582782280750566 0.0 1.9658148206668025 1.7582782280751308 0.8791391140375184 3.6247834267887225 0.8791391140375372 0.8791391140373944 1.7582782280750044 1.965814820666872 0.8791391140375284 1.9658148206668429 0.0 1.9658148206668429 0.8791391140375103 1.7582782280749667 0.8791391140375331 1.7582782280750089 0.8791391140375169 1.758278228075217 1.7582782280749847 1.9658148206668429 1.75827822807502 0.87913911403755 1.7582782280750602 0.8791391140374396 1.7582782280750757 0.87913911403755 3.6247834267885564 0.0 3.6247834267885812 0.8791391140374396 1.965814820666844 1.758278228074938 3.6247834267885795 1.7582782280750089 3.6247834267885923 3.6247834267884853 0.0 1.7582782280750546 2.4865809165690385 1.9658148206667534 2.4865809165690105 1.758278228075117 2.4865809165690864 1.7582782280750167 2.4865809165690678 2.6374173421126077 1.9658148206668153 1.7582782280749667 1.7582782280749487 0.8791391140374396 3.6247834267885874 0.0 1.7582782280749845 0.8791391140373944 3.6247834267885786 2.4865809165691384 3.6247834267886296 0.8791391140375242 0.6153973798262528 1.965814820666771 0.0 1.7582782280748792 0.8791391140375049 1.7582782280750513 0.8791391140375125 1.965814820666872 1.7582782280750473 3.6247834267886976 1.7582782280750655 0.8791391140377055 1.7582782280750386 1.9658148206668429 1.9658148206667694 1.7582782280750349 -166.26789220826004 -133.27117710455073 -953.4500116224519 377.06666385751487 -263.47756884980976 -75.5762239746192 -954.1347997682516 382.9412881745895 -188.12510307179173 -111.96278726118021 -912.9702114813809 434.1509924688688 -220.80136219142028 -100.40270012497542 -919.6528810419424 432.85088232173354 -163.48620229732708 -128.42706259907294 -925.5090019276297 432.7920395765065 -133.4025130103288 -131.9693481664772 -922.8985708548231 409.33180149365467 -198.63132858139605 -125.78094654170263 -943.3483358724968 392.19956228824327 -240.9253419347054 -100.73530034855706 -916.1631944471466 416.57770909585315 -262.69890130043024 -83.44215727529037 -904.5375484460667 430.6225358286577 -221.92045854160568 -110.77143951282207 -927.6138415376123 421.3161331214349 -174.8527975880071 -119.31125363247637 -913.1765584949632 465.6340684662389 -212.85905305173534 -102.58903922370881 -944.590515280679 386.3751316504815 -185.9429315854324 -126.73820257963331 -937.0829236856471 393.1507388589738 -170.0352468951719 -127.35871153104378 -968.3706179206924 361.786823476189 -178.31594075863399 -127.0489979630417 -899.2948914128061 438.9905964813702 -134.6503133491948 -137.2871453510235 -935.4973963187159 415.89384583901614 -182.0329429678711 -109.07074459567589 -904.388973462905 446.7064637644205 -247.6576774952277 -84.88458447491729 -941.157646412062 398.34060058229073 -201.86151306146124 -103.49082306212179 -910.9326265219455 415.28921863388416 -241.52450343878556 -87.32678815999274 -968.3596551489226 374.20832963234926 -248.73343636104622 -79.06283614628454 -916.8670891331533 409.0070623824553 -273.1980671477962 -76.59902169232882 -888.9181372347493 489.4224904654089 -221.82545404601953 -119.95549777320407 -967.4158107161367 386.84855517411074 -231.55245654377364 -89.53018146916995 -914.4677257131774 421.9435391338027 -205.00527888506338 -127.08846381547367 -977.6910766687591 354.2292477142001 -224.17631963760616 -103.57113178046107 -904.8623096878549 419.3515026626867 -182.68092940220316 -131.7248436351978 -928.6280920046297 425.9118076091466 -170.64738422826272 -123.1661508480831 -981.7411469600704 374.59477933919635 -208.88841966420452 -106.81559469521031 -912.186737340716 428.2757782892786 -239.19799690752913 -94.75928772827882 -938.3993613247063 404.0594148190607 -175.3892761704466 -130.69554367440207 -904.6544918290027 441.4234425883814 -275.7554341113448 -72.53176648975153 -921.778630885409 420.09218194141937 -200.04123651948927 -121.66537075730525 -907.5902648254743 472.00776319214316 -152.95515640639917 -134.41903176461236 -986.9122612024473 365.4800485284381 -181.99927615212522 -115.04450886914226 -937.0931364346649 420.6826027084517 -226.2294468192545 -97.02071154464336 -954.1219713172264 401.23116162290825 -216.00070734353866 -124.51220985394882 -927.5554135086812 397.7490407647124 -210.90176587511243 -114.69704185190852 -921.890697753216 415.3002444800668 -255.15924263684764 -82.7147672380853 -897.4564986857866 434.58458055221126 -170.59861381089763 -111.39943141050497 -930.6537111446848 404.30113914759414 -188.00397316233563 -119.3424866290039 -957.9208077510245 392.1581537914828 -205.5470161439311 -112.37631641325274 -971.0879020107525 367.46675709045843 -142.89745831314374 -136.21148713238543 -907.0754507719281 425.29962666816317 -215.35713321347538 -109.39180293098518 -933.3591422262488 398.1427996499099 -232.03641817136298 -93.67702267327353 -921.6295655326379 445.98765672753814 -223.38535036246387 -88.8178668778458 -943.5938807157949 404.67852752448607 -192.87086649166872 -128.93608725482005 -900.8790914513709 478.6749426511454 -146.44847810908595 -132.7921626843373 -920.5635356691199 455.077986494445 -236.2541225363541 -98.19253297538424 -957.6851853657568 371.19644403354636 -215.60606738468886 -119.7008258007868 -947.2977536686335 380.3847946656398 -158.13146836960408 -131.351792609375 -935.7245826446555 410.35836810252965 -280.3351101620199 -68.2978296019861 -948.2628116209987 393.4456092881658 -192.70251927653965 -115.6503012742392 -927.4121007073346 416.2148934976424 -179.68635915806678 -122.79850658253837 -977.1509496763489 367.48488177856353 -260.536227566629 -79.01962395613496 -978.2381378049721 359.89207959059337 -209.31670348111894 -123.0617098802625 -922.3406669987489 427.17301191579224 -267.5864963328119 -79.97412808706542 -945.2918784766061 411.16424601362536 -273.019218281925 -81.72503543046082 -915.4931177870023 445.17898405073566 -207.19182874354675 -119.36427668672142 -963.3467785618404 369.99337902855643 -214.08695853311752 -91.77152364569658 -948.8889246862512 398.8040394093159 -222.79073298149405 -115.90843701064948 -975.2555443540372 377.50100046842977 -240.51621164169737 -82.05157554722157 -967.2464110070754 379.66807662740337 -289.9922300773076 -66.4728221446531 -938.4472621411085 387.4345948848638 -234.7253377452946 -85.7001608163256 -905.5495981628004 435.49729713362467 -191.06463732855363 -123.2960116087174 -959.499494999047 377.1651924347492 -227.0576860652444 -84.28921163672302 -922.5220015548726 404.4743188499445 -231.49173768447932 -101.63925601359382 -918.5637824046963 438.8896900459845 -194.62851217267053 -105.3255016506462 -928.1174258974587 410.10136446350117 -151.4764800938812 -128.4860238380737 -907.3184226484711 455.56455486730556 -280.6072444207501 -77.06644253317222 -895.1057262909884 484.42852253711663
1210.0048193674556 1.9658148206668704 0.8791391140373944 3.6247834267886425 1.7582782280751 0.8791391140375135 1.7582782280748792 1.9658148206668393 0.8791391140374396 0.879139114037539 0.8791391140374396 1.758278228075041 0.8791391140374396 0.879139114037522 1.7582782280749667 0.0 0.8791391140374396 1.7582782280750082 1.7582782280748792 1.9658148206668364 1.7582782280750124 0.8791391140375221 1.7582782280750349 0.8791391140374992 1.7582782280749667 1.758278228075061 0.8791391140374396 0.8791391140374943 0.8791391140376797 1.758278228075062 3.6247834267886603 1.9658148206668133 1.7582782280750124 1.7582782280750446 0.8791391140374396 0.879139114037513 1.7582782280751452 0.8791391140375261 1.9658148206668429 1.7582782280750526 0.8791391140376148 0.8791391140375235 1.7582782280750124 0.0 0.6153973798261436 1.75827822807505 1.7582782280750546 1.7582782280749913 0.8791391140374396 0.0 1.9658148206668788 0.8791391140375321 1.7582782280750349 1.9658148206668018 0.8791391140374396 0.8791391140375157 1.7582782280750906 0.8791391140375404 0.8791391140374396 0.8791391140374868 1.7582782280750124 1.7582782280750149 1.7582782280748792 0.879139114037511 1.7582782280748792 1.7582782280750264 0.8791391140374396 1.7582782280749978 3.51655645615012 0.8791391140375037 1.7582782280750124 1.7582782280750116 0.87913911403755 0.0 1.9658148206668429 1.7582782280750775 1.7582782280750124 0.8791391140374926 3.6247834267886603 1.7582782280750247 2.4865809165690003 0.8791391140375012 1.7582782280751 1.758278228075038 0.8791391140375694 3.6247834267885772 0.8791391140374396 0.8791391140374961 1.7582782280750124 3.6247834267885737 0.8791391140374396 0.8791391140374953 3.6247834267885564 2.4865809165690296 0.8791391140374396 0.8791391140374841 1.7582782280748792 1.7582782280750566 0.0 2.7800819805010417 1.9658148206669013 1.7582782280749905 1.7582782280750124 1.758278228075058 0.87913911403755 0.8791391140375393 1.9658148206666546 1.758278228075067 0.8791391140374787 0.0 3.6247834267887225 1.7582782280750346 0.8791391140374396 0.8791391140375076 1.7582782280751452 3.6247834267885146 0.8791391140374396 1.7582782280750717 1.7582782280749638 0.8791391140375223 1.965814820666803 1.7582782280749942 0.8791391140374593 0.8791391140375064 0.8791391140375044 1.2307947596525983 1.965814820666872 1.7582782280750173 0.8791391140374396 2.4865809165690522 3.6247834267887025 1.758278228075044 2.4865809165690327 1.9658148206668284 0.8791391140374396 0.8791391140374933 3.6247834267886274 1.7582782280750788 1.9658148206668429 1.7582782280750584 1.9658148206666546 -170.58168637552342 -132.28795589533172 -951.5391113348551 379.34144353902775 -267.6396947037969 -73.70747038887893 -951.9066622427766 384.84471160185586 -190.57846324448573 -111.90142405592279 -910.7420739559046 436.05441589613326 -223.4013211948132 -97.82303967905996 -917.2120058811586 435.2572211139985 -167.7187566244434 -126.72538089360987 -923.3853640047233 435.5697346230176 -136.83003933762902 -131.87756100463523 -919.3436269313013 412.6898519995524 -201.96244260950044 -124.8583148009832 -939.6347733300377 395.3719346670196 -244.13704002449742 -99.0439213895478 -912.8751071753007 418.74425074462675 -266.52602718965295 -82.62072572019707 -902.096673285283 433.02887462092264 -224.85658529877264 -110.61357625829147 -925.3315849957673 423.9081500408232 -178.27760445909382 -119.15692504719426 -912.9600824294886 468.38844243473307 -216.2138449577235 -101.88803121758339 -943.3140894688365 389.39262384048504 -190.81714123223523 -126.38144318427787 -932.6807676510639 396.26899222138115 -174.99488187447548 -127.77483827479995 -966.4597176331057 364.0616031577098 -183.10777427186633 -125.98011189157927 -896.3744219650389 443.09135949575966 -137.0095645528232 -136.31984117902283 -932.6851649036862 418.617421869159 -185.3957492826112 -108.41655387365567 -902.7953104131834 449.35259970017717 -251.97198984706066 -84.00687750512989 -939.0340084891567 401.11829562880274 -205.60717836416575 -102.01297209139325 -907.4859206311608 417.2700821555346 -244.87281971180198 -86.59514928635636 -966.5028738776958 375.7945158217413 -251.55997977385923 -78.1525709009986 -913.3121452096314 412.36511288835294 -277.468674885608 -75.44876919107499 -887.4972811943908 490.09027308671966 -225.5301076947146 -118.21936239002434 -964.7621979200491 389.7578093313797 -234.38553997934247 -88.63427566315103 -911.6554942981476 424.66711516394514 -208.75436848979658 -125.61596800562931 -974.7743456511826 356.0785521251317 -226.3579661988362 -101.54002250963966 -901.8373406375175 422.57799405782976 -187.4430437102633 -130.40726170405628 -925.9744792085387 428.82106176641236 -174.01318276091942 -122.53212597140202 -980.4684595783971 375.36081292571214 -212.21290558832908 -105.87715303096563 -909.0031496714402 431.3165915572984 -244.41287482776812 -93.27224831190283 -933.7844676548154 407.6805835464681 -179.83664126465135 -130.91016450673126 -901.4709041597268 444.4642558564013 -279.0200185252356 -71.2828411101102 -919.2024581837038 424.22000446399335 -204.36932101106453 -120.85704004375987 -906.1552203946915 474.83957725502296 -157.2722174568377 -133.46561534326878 -984.2623868365282 366.1378440822365 -184.51070894810044 -115.47772889292709 -935.1822361470661 422.9573823899626 -230.44575168217276 -95.44015221696574 -951.5765965538734 402.76322879592834 -219.32533630032 -123.57685808598524 -925.7490128236528 400.89809206547 -214.77433805845087 -114.17649878955427 -919.422763084248 418.0508800183938 -259.4354641689258 -81.58784107014313 -895.5455983981875 436.85936023372193 -173.0507716626213 -111.360136505684 -928.1587169675327 407.3960714319832 -190.3365597965976 -118.31216417360115 -954.8454581144869 393.821780075258 -208.38787691428146 -111.50585262662963 -968.8597644852829 369.37018051772975 -144.68829322327272 -134.55071773923046 -905.3772881196364 427.0714909846733 -217.22770930666897 -108.64394400546543 -930.4386727784826 402.24356266430016 -236.73436833988734 -92.02151316497526 -919.2969284045915 447.0168085355561 -225.2176165425999 -87.82028178712068 -941.257505157582 407.9591379359984 -196.78260050854675 -128.6885365408338 -899.3936664343867 479.9438916026552 -150.28296020270702 -131.90016074806792 -917.5926856351515 457.61588439746424 -239.46693413851935 -96.50019355881452 -955.4570478402842 373.09986746081535 -218.5580323249879 -117.82348648113664 -944.1141659993599 383.42560793366243 -163.44552617171718 -130.51719994779415 -934.1309195949342 413.00450403828665 -283.75053041008323 -68.00804583641532 -947.0405048255245 395.77450798604593 -195.5483244006992 -114.7962734362995 -925.1298441654898 418.8069104170306 -184.02144820536373 -122.02804458844241 -975.7196436757378 368.0652372379565 -264.7730719763894 -77.64297664810371 -976.4354755501145 360.78967228786826 -213.54663308481386 -121.5171056984267 -919.052579726903 429.33955356456573 -272.25733004106377 -79.01385122326016 -942.5337660779452 413.1992285516452 -278.88609581629146 -81.31822944869816 -913.2649802615259 447.08240747800016 -210.93813852854728 -117.88188248097215 -961.0645220200013 372.58539594794905 -215.50448298522815 -91.32872740157435 -945.0167435248532 401.79073366096907 -225.56270600910787 -114.54237343972494 -974.0873565749356 379.1413056741892 -243.27754762113676 -80.6665301966114 -966.1827228305435 382.1826534524077 -291.7849267290278 -66.85119006060629 -936.7994800750198 390.7693243127449 -237.55794595854724 -84.80089213637544 -902.7373667477704 438.2208731637671 -193.39300921849994 -122.26366277610542 -957.8013323467572 378.93705675126176 -229.44032764533017 -83.7063328732218 -921.1410761404586 406.61753942070095 -234.74021299275685 -100.19608343465625 -918.0300691013443 441.27270776023244 -197.0182482919541 -104.77140504865478 -924.9338382281833 413.1421777315215 -155.35912955124147 -128.06141790825419 -907.2064461855666 459.19320045504634 -283.94739384806496 -76.29613885558024 -893.4616826550655 485.5117933615033
1220.0048193674556 0.8791391140374918 1.7582782280749667 1.7582782280751004 0.8791391140377055 0.8791391140375183 1.7582782280748792 1.7582782280750227 2.4865809165690327 1.758278228075052 2.4865809165690327 0.8791391140374843 0.8791391140374396 1.7582782280750577 1.7582782280750124 1.9658148206668373 0.8791391140374396 0.0 1.7582782280750349 0.8791391140374939 1.7582782280748792 1.758278228075024 0.0 3.6247834267886483 1.965814820666684 2.48658091656908 1.7582782280750124 1.7582782280750109 1.7582782280750089 1.758278228075051 5.274834684225081 0.8791391140374706 3.6247834267884604 0.8791391140375332 1.7582782280748792 0.8791391140374931 0.0 1.7582782280750053 1.9658148206668429 1.7582782280750118 0.8791391140373944 1.7582782280749811 0.8791391140374396 2.4865809165690784 0.6153973798261436 0.0 1.7582782280749667 1.7582782280750062 3.6247834267886976 1.9658148206668378 1.7582782280749834 0.8791391140374962 3.6247834267886603 1.9658148206668569 1.9658148206668429 0.879139114037492 1.7582782280749638 0.8791391140375083 2.4865809165690327 1.7582782280750033 1.7582782280750124 0.8791391140375202 3.6247834267886976 1.758278228075032 1.7582782280748792 0.879139114037504 0.0 1.7582782280750486 1.7582782280751388 1.7582782280750369 0.8791391140374396 0.8791391140375011 0.8791391140374396 1.7582782280750195 1.9658148206668429 3.6247834267885644 0.8791391140374396 1.9658148206668524 1.9658148206668429 0.8791391140375124 3.6247834267884604 0.8791391140375319 1.7582782280751452 1.758278228075071 0.8791391140376602 1.7582782280750116 3.6247834267886603 1.7582782280750155 0.8791391140374396 1.7582782280750162 1.7582782280748792 0.8791391140375024 1.7582782280750124 2.4865809165690704 1.7582782280748792 1.7582782280750004 0.8791391140374396 1.7582782280750102 3.624783426788657 0.8791391140375197 2.486580916569188 2.4865809165690904 0.8791391140374396 1.7582782280749691 1.7582782280751452 0.8791391140374871 3.6247834267886976 1.7582782280750116 0.8791391140373489 1.7582782280749654 0.8791391140374593 1.758278228075057 1.9658148206666546 0.0 1.7582782280750124 3.6247834267885146 3.6247834267886976 2.4865809165690673 1.7582782280751 1.7582782280750522 0.8791391140374396 1.75827822807507 2.486580916569076 0.8791391140374973 1.7582782280751 1.2307947596525983 1.7582782280751452 0.8791391140375338 3.6247834267886976 0.8791391140375372 1.7582782280749667 1.758278228075075 3.6247834267884604 0.0 0.0 1.7582782280750158 1.7582782280748792 1.758278228075054 0.8791391140374396 1.7582782280750497 1.7582782280748792 -172.94463081402085 -131.5014100651648 -948.5682613008877 381.87934144204877 -271.9456017649949 -72.78986108247163 -950.7384744636705 386.4850168076122 -193.41747171638548 -111.03170013168919 -907.7712239219361 438.59231379915246 -224.2982167254878 -97.20140960467963 -913.9201801791452 439.6752213662654 -170.11197477203294 -126.18451157669757 -921.0489884465096 438.85034503452914 -138.66305073568356 -130.69589325489562 -916.6900141352102 415.5991061568179 -205.66997843319447 -123.12431109877983 -938.0411102803165 398.01807060277673 -247.78739295061715 -97.02402084221555 -909.3742822681475 421.4137077584005 -269.90420402637096 -82.09666927369614 -899.8144167434378 435.6208915403107 -226.6542021966036 -109.37234681808398 -921.668403039508 428.6433875309675 -182.64066923075669 -118.60297389793352 -910.4147076661349 469.9205096077515 -219.63345021519802 -101.65290894139844 -941.1904515459306 392.1703188869969 -193.99944515355412 -126.2083993231383 -929.5512989981569 398.621211997278 -177.84350605544319 -126.92591982927505 -964.761554980817 365.8334674742233 -186.52959376088205 -125.78302460506234 -892.9780966604553 446.63508812878 -139.78811828085827 -134.78708456530373 -929.184339996533 421.286878882933 -187.20617678131026 -107.19649933374454 -900.0371980145222 451.38758223819605 -253.83080209004095 -83.22801436034182 -936.7517519473117 403.7103125481912 -207.09257138205805 -102.05433837948095 -904.2752734537005 420.6551921696163 -247.7704893731426 -86.160096139228 -965.0174488607126 377.06346477325286 -254.90321436540611 -77.3940815431752 -910.2871761592941 415.5916042834959 -280.28849719853207 -74.51353948735144 -885.0203919372326 491.85289802172423 -228.94902474923023 -117.98199530012397 -962.8512976324512 392.03258901289144 -236.28373078588658 -88.1077096976677 -909.5318563752411 427.4448102104562 -212.0747627268661 -124.6704208346556 -973.764776491023 357.9045354580151 -229.5299950544214 -99.60128491936456 -899.261167935812 426.70581658040356 -190.28814301438646 -129.54444884519395 -922.3112972522792 433.55629925655666 -175.950319585282 -122.28884674812251 -977.7103471797408 377.3957954637374 -214.14815738530024 -105.60680527915996 -907.0922493838411 433.591371238809 -248.13376577855283 -91.7299881777373 -931.9276863835852 409.2667697358554 -182.19912488663397 -130.1172846437902 -898.8714103800044 446.6849165215433 -281.8393355520513 -70.3460840212623 -916.4443457850427 426.2549870020122 -208.1082502677485 -119.36254271028444 -904.0353209019524 475.3658136980405 -161.15073420150824 -133.0012069792652 -982.8814614221221 368.2810646529972 -188.35409379281683 -114.73244286620613 -934.2267860032666 424.09477223071804 -233.3449776663724 -95.01973096674585 -949.5611966637048 404.16373685819303 -222.99302458279834 -121.59036031951044 -923.0954000275617 403.8073462227357 -219.47667132445667 -112.53258293191367 -915.1792256686024 421.3548115079224 -263.74261595386747 -80.67649982692811 -893.6309596804211 441.3855985187262 -176.02099521613283 -111.48404375445539 -924.5496540276422 411.44271543000434 -192.72465628593204 -117.75087726842503 -953.0427958596254 394.7193727725223 -211.80721599892502 -111.27954232507243 -966.5271273572379 370.399332325751 -148.05739973965026 -133.91757424449133 -902.9364129588525 429.4778297769383 -220.57919711314213 -107.92685592925098 -928.6322720934537 405.39261396505754 -240.6006537202217 -91.45366956422713 -916.5388160059304 449.05179107357503 -228.70746257714038 -88.05714335832234 -940.1938169810454 410.4737147610009 -200.46264370869054 -126.7181173656895 -896.4769354167869 481.7931960135511 -155.07916913048865 -130.84694474822683 -914.3045983633057 459.78242604623745 -242.2238373749737 -95.10696258400999 -952.2734601710102 376.14068072883754 -221.21823005082382 -117.45262115655328 -941.886028473884 385.32903136092773 -166.77820595125752 -129.61620839829058 -932.74999418052 415.14772460904305 -287.05213406985564 -66.99476492573568 -946.0850546817253 396.91189782680146 -198.4530562919823 -114.40795242055191 -922.5807309719687 422.5904361935427 -187.95937003936933 -122.0112104412354 -972.9615312770811 370.10021977598126 -266.07169147043874 -76.4531986669466 -975.9017622467704 363.1726900021181 -215.96515588596074 -121.183383379593 -915.3893977706434 434.07479105471003 -275.63539900860326 -78.48693944298174 -939.8801532818542 416.10848270891097 -283.07858459622406 -79.67408618596785 -910.0813925922499 450.12322074601997 -214.64040939104993 -116.13931955064 -958.8363844945267 374.4888193752158 -217.81998897410472 -90.26064011151954 -943.4230804751319 404.4368695967262 -228.43025929496554 -113.8904506760519 -971.3329826064411 378.92482960871814 -244.5463686134233 -79.24301334458268 -964.69729781356 383.45160240391846 -293.6027421874543 -64.62811892335203 -935.418554660606 392.91254488350154 -240.31497934600256 -83.4079912432694 -900.0837539516791 441.13012732103255 -197.7180905762698 -121.43982555086335 -955.8904320591594 381.21183643277345 -232.3409052037925 -83.28422420712458 -918.2747257090602 410.0297089429671 -237.0159262569427 -98.87752266679269 -915.9064311784379 444.0504028067434 -199.98777928327334 -104.85983315140217 -922.0133687804163 417.2429407459111 -157.6989162766888 -127.04745178539258 -905.8796397875211 460.6478275336791 -287.61772956809125 -74.48334385028785 -890.5990706538342 486.6725042802756
1230.0048193674556 1.9658148206668473 0.8791391140374396 0.8791391140375103 0.8791391140374396 0.8791391140374983 1.7582782280748792 1.7582782280750109 1.7582782280748792 3.6247834267886443 1.7582782280748792 1.7582782280749862 1.7582782280748792 3.6247834267886216 1.7582782280748792 3.6247834267885586 0.0 0.0 1.7582782280748792 0.8791391140374982 1.7582782280748792 1.7582782280749771 0.8791391140374396 1.7582782280750548 0.8791391140374396 2.486580916569032 3.6247834267884604 0.8791391140375043 0.0 0.8791391140375281 2.1978477850937437 1.7582782280750489 1.7582782280748792 1.7582782280750326 0.8791391140374396 1.7582782280750417 0.8791391140374396 0.879139114037542 1.9658148206668429 0.8791391140375008 1.7582782280748341 1.7582782280751192 1.7582782280750349 0.8791391140374983 0.8791391140374396 1.9658148206667754 0.8791391140374396 1.7582782280750726 0.8791391140374396 1.7582782280750067 1.9658148206669592 0.0 1.7582782280748792 1.9658148206667974 0.8791391140374396 1.7582782280749827 1.7582782280749443 0.8791391140375184 1.7582782280748792 0.8791391140375231 1.7582782280748792 0.8791391140374655 2.4865809165690327 3.624783426788653 1.7582782280748792 1.7582782280750409 1.7582782280750349 1.9658148206668717 0.8791391140376602 0.8791391140375353 1.7582782280748792 0.8791391140375109 0.8791391140374396 3.6247834267885795 0.0 1.7582782280749922 1.7582782280748792 1.965814820666807 1.7582782280750349 1.758278228075034 0.8791391140374396 1.7582782280750466 1.7582782280750124 0.8791391140374953 1.7582782280749667 1.7582782280750682 1.9658148206666546 1.7582782280749853 0.0 0.879139114037491 0.8791391140374396 0.8791391140375284 1.7582782280748792 0.0 1.7582782280748792 0.879139114037513 1.7582782280748792 1.75827822807504 1.7582782280751452 1.758278228074995 1.965814820666704 0.8791391140375358 1.7582782280748792 1.7582782280750422 1.7582782280750124 1.758278228074983 2.4865809165688444 1.7582782280750389 1.7582782280751 1.758278228075095 0.8791391140373944 1.7582782280750695 0.8791391140374396 1.7582782280751055 1.7582782280748792 1.7582782280750169 1.7582782280748792 1.7582782280749902 0.8791391140377055 1.7582782280750677 2.4865809165692365 1.7582782280750466 1.7582782280749667 0.8791391140375028 1.7582782280751452 0.6153973798262472 3.6247834267887513 1.75827822807498 1.9658148206668429 1.7582782280750207 0.8791391140374396 1.7582782280750482 0.8791391140374396 0.8791391140375286 3.6247834267886976 0.8791391140374953 1.7582782280748792 1.7582782280750044 0.8791391140374396 3.6247834267886256 3.6247834267886603 -177.26899674608646 -130.6877806197474 -945.2801740290419 384.0458830908228 -273.3557841500831 -72.32073593289894 -948.0848616675796 389.3942709648783 -195.736496142783 -109.97234914615282 -905.6475859990298 441.3700088456634 -227.16107465759407 -96.53243299086498 -911.4793050183613 442.08156015853046 -173.9223644414396 -125.19176144989635 -917.2271878713113 443.3999043975504 -140.51356509648403 -129.73452454228882 -914.4077575933651 418.19112307620594 -209.0892613827218 -122.88834996321565 -935.6543541359015 399.7358159029185 -254.69377918434486 -96.95797341456517 -908.151975472672 423.7426064562797 -273.53546448753974 -80.04099937218612 -897.2653035499167 439.4044173168228 -230.0368796838504 -108.8793496963954 -918.484815370232 431.6842007989873 -185.60955078765127 -118.69729177261382 -909.6178761412741 471.2435775756299 -222.08635160135756 -101.54333950609664 -939.1750516557616 393.5708269492612 -198.25385399498145 -124.88485800122105 -928.1162545673741 401.45302606015787 -180.13486161437908 -125.63807242271598 -963.5933672017112 367.47377267998 -187.91632691165182 -125.10393878742767 -889.4735333231345 451.5560037460473 -143.15191064220477 -134.13213376741038 -926.1089903599946 422.9505051667058 -189.59222270827993 -106.62510430924074 -897.5963228537385 453.79392103046104 -256.16801267894004 -82.36868923948613 -935.5835641682048 405.35061775394706 -209.54425293202547 -101.9526050280106 -901.408923022302 424.06736169188235 -250.21971782882545 -86.03003153341157 -961.7293615888674 379.23000642202766 -257.7987018998726 -76.94098902009964 -908.6935131095725 418.2377402192525 -283.510644427992 -72.99812011506397 -882.9706514221587 494.7922914810091 -233.05050082000335 -115.65804590178155 -960.5186605044046 393.06174082091013 -239.2177064986012 -87.91236724107637 -906.4565067387026 429.10843649422895 -215.42632611741527 -123.949091397786 -972.3838510766118 360.04775602877334 -232.39109173644786 -98.92905284687184 -898.1433607429065 429.9089868975295 -193.09103673765955 -128.42313142371816 -919.2863282019421 436.7827906516995 -179.30768520835838 -121.59670693320288 -975.6445667033705 377.23343841463304 -216.60106554471815 -105.50279181017395 -905.711323969427 435.73459180956513 -252.88701938287477 -90.50699318087254 -929.8040484606789 412.04446478236645 -184.52191650065436 -129.0691939023207 -895.8464413296673 449.9114079166861 -286.05863224191495 -68.91127417022992 -912.835282845152 430.30163100003296 -211.49354177045748 -118.88536695337498 -902.813014106477 477.69471239591985 -164.5405413072797 -132.56818391069723 -982.0305108808956 370.2927261130008 -192.15941877098217 -113.72311267816033 -931.6814112399129 425.6268394037364 -234.8314300693578 -95.04448767560584 -946.9617028839824 406.3843975233353 -228.31122217790391 -120.82742859945974 -921.6603555967788 406.63916028561545 -222.82651608679248 -111.8025406150532 -913.5314436025122 424.68954093580265 -265.7856813761238 -81.09586850803359 -891.8245589953921 444.5346498194835 -177.82970672282732 -110.25734300591805 -923.064229010658 412.71166438151397 -196.0783108458712 -117.0444028364575 -951.8746080805186 396.35967797827834 -213.15534839960054 -110.34802343154041 -964.0862521964555 372.8056711180176 -150.44988190527246 -133.37406760980122 -898.2132812562235 434.47618548859134 -223.47920298993617 -107.50622122031761 -927.6227029332856 407.2185972979364 -243.08732151975093 -91.57006917296296 -913.246990303917 453.46979132584187 -230.7120147676133 -88.25105378834954 -937.222966947077 413.0116126640205 -204.3998539048921 -126.66574107965171 -894.7246537481267 484.2536538221848 -157.49853079913044 -130.54059498116257 -911.6509855672147 462.69168020350276 -249.26185697566578 -94.28642833655402 -950.3084408670434 379.10405390247223 -225.91319127883662 -115.79121966834171 -938.4897031693012 388.8727599939486 -170.19974959572767 -129.41810368694948 -930.5218566550437 417.05114803630755 -290.1346137627189 -64.75648209265684 -944.3868920294337 398.6837621433118 -201.73784798194498 -113.20995304949938 -919.6098809380002 425.128334096562 -191.31560900521833 -121.30953796839337 -972.0060811332826 371.2376096167373 -268.15294704178825 -77.11179117727232 -973.6195057049281 365.76470692150906 -221.18179332411447 -119.70128142155252 -912.1013104987974 436.24133270348324 -278.7836046080312 -76.49875467293356 -937.9692529942553 418.3832623904216 -284.6952374144878 -77.42873977121478 -906.4723296523593 454.1698647440407 -217.54130905227032 -115.7271437915083 -957.3509594775429 375.75776832672625 -220.20049436654952 -89.66479867635411 -941.249061966024 405.6516995318674 -231.63580640833794 -112.18750839097733 -969.1048450809657 380.82825303598395 -245.06659855014396 -79.4103805625066 -961.6219481770219 385.11522868769254 -297.5108912091669 -63.1869272592217 -932.9776794998221 395.3188836757667 -243.8047176821874 -83.61668493185381 -897.2174035202806 444.54229684329846 -201.5878490651125 -120.90143721756561 -952.9195820251914 383.7497343357938 -235.23877085731436 -82.84912294685685 -915.6752319293378 412.250369608109 -240.25372504632065 -97.40434964051575 -911.7132743489934 448.9171994076421 -202.89067694201665 -104.45092296502371 -919.5724936196326 419.649279538176 -160.08864037453628 -126.49602975934215 -902.8042901509826 462.3114538174519 -290.8805088279633 -71.70557344976928 -888.3168141119891 489.2645211996636
1240.0048193674556 1.9658148206668344 0.8791391140374396 1.7582782280750233 0.8791391140374396 3.624783426788641 0.8791391140374396 1.7582782280750366 0.8791391140374396 1.758278228074996 1.7582782280748792 3.516556456150014 1.7582782280748792 3.6247834267886314 0.8791391140374396 1.965814820666741 2.4865809165690327 1.9658148206668957 1.9658148206668429 1.9658148206668038 0.8791391140374396 1.7582782280750189 0.8791391140374396 0.8791391140375209 1.7582782280748792 1.758278228075007 0.0 1.7582782280749913 0.8791391140374396 3.6247834267885626 2.1978477850937437 3.6247834267885803 0.8791391140374396 1.7582782280750289 1.7582782280748792 0.8791391140375449 1.7582782280748792 1.7582782280750597 1.7582782280748792 1.758278228075036 0.8791391140374396 1.7582782280749316 1.7582782280748792 0.0 3.6247834267886976 1.965814820666802 0.8791391140374396 0.8791391140375188 1.7582782280748792 1.9658148206668378 1.7582782280749667 1.7582782280750355 0.0 1.9658148206668344 2.4865809165690327 1.7582782280750329 2.4865809165689683 1.7582782280750227 0.8791391140374396 1.758278228075034 0.0 0.8791391140374948 1.7582782280748792 0.8791391140375313 3.6247834267886976 3.6247834267885946 1.7582782280750349 1.9658148206668125 1.7582782280749667 0.8791391140375098 1.7582782280748792 0.879139114037503 1.7582782280748792 0.0 5.274834684225081 0.8791391140375066 1.7582782280748792 1.965814820666819 2.7800819805010972 0.8791391140375185 1.7582782280748792 1.7582782280750766 1.7582782280750124 0.8791391140375004 3.6247834267885564 2.486580916569018 1.9658148206668429 0.8791391140375204 1.7582782280748792 0.879139114037492 1.7582782280748792 0.8791391140375333 1.7582782280748792 2.4865809165690504 1.9658148206668429 1.7582782280750786 1.7582782280748792 0.8791391140375295 0.8791391140374396 0.8791391140375097 1.9658148206666546 1.7582782280750384 3.6247834267886976 3.6247834267886936 1.7582782280748792 3.6247834267885986 0.8791391140374396 0.8791391140375073 1.7582782280751452 1.7582782280749356 1.7582782280748341 1.7582782280750584 1.7582782280748792 0.8791391140374971 1.7582782280748792 0.0 0.8791391140374396 1.7582782280750053 0.8791391140374396 0.8791391140375115 1.7582782280748792 1.7582782280750133 3.6247834267885675 2.4865809165690362 3.6247834267886274 1.230794759652483 1.9658148206668429 0.8791391140375429 1.7582782280748792 1.758278228075026 0.8791391140374396 0.8791391140375304 3.6247834267886603 0.8791391140374936 1.7582782280748792 0.8791391140375234 1.7582782280748792 0.8791391140374973 1.7582782280748792 0.0 1.9658148206668429 -181.58936586798905 -129.8471323219196 -943.3692737414431 386.32066277233366 -277.19893338916404 -71.62311315686857 -946.0694617774107 390.79477902714257 -199.08696425201794 -109.24744124722234 -902.1467610918764 444.03946585943703 -230.09556746365874 -96.33413601201237 -908.1912177465153 444.2481018073037 -177.75978107321455 -124.41976190906021 -915.3162875837124 445.6746840790609 -144.57771233203468 -130.6823427452793 -910.9610517025806 420.17198659785606 -212.36665521736225 -121.6687837530253 -933.7434538483026 402.01059558442915 -258.87715838802393 -95.29506581668129 -905.1540659305192 426.62480110536086 -275.8152964886523 -78.89240188645489 -892.5962908636563 443.71417953635233 -233.75568013913772 -107.32978291396591 -917.4752462100639 433.51018413186597 -189.41097788017922 -117.6733779634792 -906.9680017753503 471.9013731294018 -225.05659519017652 -101.59238525170883 -935.6742267486085 396.24028396303515 -201.53648040180994 -123.67749723464408 -925.462641771283 404.3622802174234 -184.13916837886842 -126.07279899774794 -962.3710604062362 369.80267137785967 -191.68408836561554 -123.8358818703612 -886.2358266374897 455.2854105061905 -147.54507011958427 -133.80558059167996 -923.7222342155794 424.6682504668473 -194.4285449572465 -105.94361002866094 -894.4127351844625 456.8347342984809 -258.095730597109 -82.05346152790062 -932.4540955152975 407.7028375298433 -213.03387387719422 -102.18305680453388 -899.1266664804568 426.65937861127037 -253.1146153661689 -85.56078016789716 -959.1298678091451 381.45066708717013 -260.08753185409404 -75.81117129934725 -905.1926882024192 420.9071972330262 -287.2651897819526 -71.80551368267602 -880.9490919443192 496.71195061318423 -237.76949126046296 -114.20303604917187 -959.0332354874204 394.33068977242 -241.51965331077267 -86.81074326612891 -902.5843255773032 432.0951307458801 -219.22107208943456 -122.89970634946806 -971.1615442811379 362.37665472665344 -236.2913703435569 -98.57722984855391 -895.8611042010614 432.5010038169176 -197.9259996427803 -127.7396747190699 -917.3754279143432 439.05757033321004 -183.62768732767637 -120.75160480924644 -972.6774550995691 377.51987771416003 -219.46328676694304 -104.83252414067871 -903.4831864439507 437.63801523682963 -254.81935989331606 -90.19485059558805 -928.1058858083874 413.8163290988765 -189.84282864209038 -128.32991179104488 -892.1328787872066 453.08378029546026 -289.37307869390776 -68.02129959344408 -909.9689324137535 433.7138005222988 -214.32278198791718 -117.97927824938581 -900.2676393431233 479.22677956893824 -167.89592196564317 -131.86849289659907 -979.3806365149721 370.9505216667743 -195.09620450510639 -113.5542841617193 -928.3933239680671 427.79338105250963 -239.13838749550314 -94.1317506766328 -944.1494714689527 409.10797355347785 -231.14034738363463 -119.91560712698092 -918.9526237843188 410.2370079350045 -225.27851266999116 -111.68621428368604 -910.4523555358062 428.604625823069 -268.10792643896974 -80.20020818752346 -887.4998430551933 448.8714715471974 -178.7295996135291 -109.64021688777292 -920.7007939442599 416.3365715390872 -199.87693588724878 -116.0094569827145 -950.3891830635343 397.6286269297882 -215.01649132488336 -109.5794637489719 -960.3726896539954 375.97804349679285 -154.51658970509175 -134.31572328834105 -894.6042183163328 438.5228294866121 -226.38047312894994 -107.07367161267815 -925.1277087561333 410.313529582325 -244.8662478620917 -90.30043844210596 -910.9106147457032 456.7504017373533 -233.60926002337644 -87.80635132310555 -934.836210802662 414.7293579641619 -207.71489512537124 -125.69363841029084 -892.3378976037117 485.97139912232626 -159.88806971903307 -129.97779010201936 -908.7883735659835 463.8523911222751 -251.7923704400486 -94.62825424122539 -947.975803738997 380.1332057104905 -228.88430674094025 -115.84355245416027 -935.2016158974553 391.03930164272214 -174.0056559108481 -128.40901081474428 -927.1796503668289 419.90628317720433 -294.9238961679997 -63.78764112536635 -942.6887293771422 400.4556264598221 -204.56841026537137 -112.30735738830715 -917.698980650401 427.40311377807257 -196.0147346322172 -119.66070288262692 -969.5652059724996 373.64394840900326 -270.99765820531155 -76.36727571020293 -971.7086054173301 368.0394866030205 -224.1517078543912 -119.7575696847711 -910.7203850843832 438.38455327423935 -282.14993104823725 -75.89512117444382 -936.2710903419637 420.15512670693164 -289.4866724314022 -76.53683247081278 -904.1359540941455 457.45047515555217 -220.95999007670144 -115.4712308346288 -954.5928470788818 377.79275086474576 -221.0941293921067 -89.03718582669434 -938.5954491699329 408.56095368913276 -235.3902891642906 -110.87941395600636 -966.0294954444273 382.4918793197575 -248.32560733460306 -78.14706999068682 -958.8638357783609 387.15021122571187 -301.50137750318345 -63.495346495070045 -929.2641169573611 398.4912560545411 -246.583195968121 -82.43812851989264 -893.1324847235738 448.03190645995 -206.35303450538035 -119.72208198801667 -952.4941067545767 384.75556506579477 -236.4987760295824 -81.41816315907764 -913.234356768554 414.6567084003739 -244.19048487685484 -97.29011546470045 -909.218280171841 452.0121316920305 -205.27317902438577 -103.8590780286887 -915.7003124582333 422.6359737898271 -163.9608891670397 -125.97596354807516 -902.1660772450606 463.8201999124532 -294.56728420708146 -70.23381753693515 -886.4059138243902 491.53930088117426
1250.0048193674556 1.9658148206668018 1.7582782280748792 1.7582782280749525 1.7582782280748792 1.7582782280750826 3.6247834267886976 1.7582782280749816 1.7582782280748792 0.8791391140375243 0.8791391140374396 3.51655645615009 0.8791391140374396 1.965814820666803 0.8791391140374396 1.7582782280750207 0.8791391140374396 1.7582782280750706 3.6247834267886976 1.7582782280750078 1.7582782280748792 1.758278228075068 1.7582782280748792 0.8791391140374974 1.7582782280748792 2.4865809165690305 0.8791391140374396 0.0 0.8791391140374396 0.8791391140375304 3.6247834267886603 3.6247834267886443 1.7582782280748792 1.7582782280749807 0.0 1.758278228075029 1.7582782280748792 1.7582782280750018 3.6247834267886603 1.7582782280750542 1.7582782280750124 0.8791391140374903 0.0 1.7582782280751208 1.23079475965242 1.7582782280750024 0.8791391140374396 0.8791391140375037 0.8791391140374396 3.624783426788649 1.7582782280750124 1.7582782280750544 3.6247834267886976 1.965814820666783 0.8791391140374396 3.624783426788609 1.965814820666704 0.8791391140375104 0.0 0.8791391140375413 0.8791391140374396 1.7582782280750686 3.6247834267886976 0.8791391140375193 1.7582782280748792 1.9658148206667958 1.9658148206668429 1.7582782280750526 0.8791391140374396 1.7582782280750393 1.7582782280748792 0.8791391140374963 0.8791391140374396 1.7582782280750786 0.8791391140374396 0.8791391140374966 0.8791391140374396 1.7582782280750286 0.0 0.879139114037525 0.8791391140374396 1.96581482066684 1.7582782280748792 0.8791391140375369 3.6247834267887513 3.6247834267886403 1.9658148206668429 1.7582782280750366 1.7582782280748792 0.8791391140374867 0.8791391140374396 0.8791391140375168 0.8791391140374396 1.758278228075058 1.7582782280750349 0.8791391140374786 0.8791391140374396 1.7582782280750602 1.9658148206668429 1.7582782280750318 1.7582782280748792 0.8791391140375353 0.8791391140374396 5.274834684225093 1.7582782280748792 1.758278228075044 0.8791391140374396 1.7582782280750444 2.4865809165692205 1.7582782280749707 0.8791391140374396 0.8791391140375215 1.7582782280748792 1.7582782280750764 0.8791391140374396 3.6247834267885226 1.7582782280748792 1.9658148206667965 0.8791391140374396 1.7582782280749947 1.7582782280748792 0.8791391140375463 0.8791391140374396 0.8791391140374983 0.8791391140374396 0.6153973798262873 1.9658148206668429 1.7582782280749814 1.9658148206666546 0.8791391140375089 1.7582782280748792 0.879139114037494 1.7582782280750349 2.4865809165690327 0.8791391140374396 0.8791391140375275 0.8791391140374396 1.7582782280750577 0.8791391140374396 1.965814820666747 1.9658148206668429 -183.9029103723106 -128.77577952753015 -940.5029233100447 389.73283229459963 -279.638164314434 -71.36694901727144 -943.999942870873 392.88388058153015 -202.43155335787756 -108.5061611912558 -899.0714114553377 445.7030921432099 -233.47174890944376 -95.79286975619256 -905.3248673151169 447.6602713295696 -180.66091672741615 -124.00804280626522 -912.8754124229287 448.08102287132584 -151.48521907489345 -130.73269258442625 -908.8915327960427 422.26108815224364 -215.7460528376196 -121.15799693044282 -931.882934146905 405.84824037730976 -261.46230242425275 -93.10353359710533 -902.7673097861041 428.3425464055023 -279.9819283293553 -77.30376563960601 -889.3585841780116 447.4435862964957 -236.38287781558486 -105.18136891151948 -916.0943207956498 435.6534047026221 -191.7228617945116 -116.59883101198938 -904.739864249874 473.80479655666625 -227.35839785260112 -100.48942595083088 -933.9723256661496 400.26360688303885 -203.7013187807726 -121.62956930976713 -922.3872921347445 406.0259065011962 -188.4558639213707 -125.20724544601636 -960.1429228807599 371.70609480512445 -195.48115234501094 -122.78944751236632 -882.812441824722 459.1734358852725 -154.486082005766 -134.0928674670481 -919.9004336403812 429.2178098298686 -196.8803792651879 -105.83035427075193 -891.6508843556338 461.1211754399934 -260.84390635171604 -80.80751123061725 -929.5336260675301 411.80360054423267 -215.26461725477935 -100.61031768782331 -896.2603160490581 430.0715481335363 -254.95173832492583 -84.73017077997852 -955.9462801398694 384.4914803551903 -263.49266222283245 -75.42740517997707 -902.0632195495118 423.2594170089225 -290.03395635148684 -70.71675603510273 -878.1566389207529 500.285818548224 -239.5424304945719 -112.92955156722897 -956.5419797404353 395.17416345331515 -243.88862459832143 -86.16805533037025 -900.3020690354581 434.6871476652682 -223.08160909834407 -122.30679500454023 -969.6220002477853 364.334197170287 -240.11092101726592 -97.7021578404212 -893.3119910075402 436.2845295934297 -202.0982224073703 -125.8951560794211 -915.4645276267441 441.3323500147206 -186.01018262378906 -120.15959366930278 -970.1320803362154 379.05194488717893 -221.803024944824 -103.98155171814268 -902.4736172837825 439.4639985697085 -257.1791254778332 -89.52659719027851 -926.0867474880512 417.4682957646341 -194.1572330395652 -127.45793911007209 -888.6283154498858 458.0046959127276 -292.0422827027696 -66.45554837950117 -908.9052442372167 436.22837734730115 -218.259755569644 -117.8773089181322 -899.3625697855252 481.9270345210636 -169.69480577297637 -130.62879123164748 -976.7848811654169 370.9197237284233 -197.9610599275538 -112.88800690252819 -926.3779240778981 429.19388911477364 -242.99568738100837 -93.49375917538863 -942.2926901977224 410.69415974286494 -234.77637069601656 -117.87068539738732 -916.5658676399037 411.95475323514586 -226.72992028456596 -111.46113953471288 -907.322886882899 430.95684559896523 -269.88357604706727 -79.10732018768027 -883.5735428774251 452.54675929097215 -180.87127430175363 -110.81509224248809 -918.1013001645374 418.5572322042291 -205.74537927664687 -115.63446256435523 -947.2597144106272 399.9808467056845 -216.3560779524909 -108.63660286146141 -959.5217391127659 377.98970495679475 -161.9077745674408 -134.28299078876384 -891.5792492659956 441.749320881755 -228.7546063845411 -106.452727127159 -922.3154773411035 413.0371056124673 -248.71882557224933 -89.65187660569842 -911.0151143482733 457.62467335659977 -236.41965294272615 -86.85371397923629 -933.4552853882478 416.8725785349181 -209.912572404547 -123.88416924386608 -890.5314969186828 489.1204504230836 -161.37378556328795 -130.01858760468062 -906.9857113111219 464.74998381953867 -254.0759212891638 -93.48590451057588 -945.902546402292 384.47376586837186 -232.59361335466372 -114.27357478930757 -934.4010459424273 394.6138282140942 -175.42270381631477 -127.96143716432357 -924.6305371733076 423.6898089537163 -300.06630909258445 -64.3663510733009 -940.7778290895432 402.7304061413326 -207.98550821218427 -112.04452989489492 -913.4554432347555 430.7070452676011 -200.2913382412231 -118.54100997743438 -965.6930248111005 376.6306426606551 -274.25741375364555 -75.21720982053972 -970.1690613839772 369.99702904665406 -227.34435609025638 -118.03304562403005 -907.6954160340459 441.6110446693822 -287.4102152883495 -74.80565415284183 -934.7315463086109 422.1126691505647 -294.5956825434651 -74.70258038144839 -900.9523664248695 460.49128842357203 -223.8567828294219 -115.02847708608552 -953.4246592997749 379.43305607050166 -224.06607890044504 -89.0626662738159 -935.6245991359643 411.0988515921521 -236.08709634976435 -109.04056850014014 -963.6968583163809 383.5210311277758 -250.81958156021787 -78.20990185141085 -956.4229606175772 389.5565500179771 -306.27382891526474 -63.08310754181306 -928.0418101618856 400.82015475242054 -249.94508385832742 -81.85672837805933 -889.3106841483758 452.5814658229712 -209.14326646855397 -118.56649124776641 -949.7359943559153 386.7905476038138 -238.06464920757207 -81.90370918313616 -910.317625750954 416.5060128112697 -246.72380107553954 -97.60776888511296 -906.3015491542412 453.8614361029263 -207.5065152991341 -102.28964884132408 -913.7894121706343 424.9107534713378 -166.34532325472324 -125.39595851981514 -900.5724141953391 466.4663358482098 -298.59666839445464 -68.09390642330584 -884.0154192498078 495.5085047848095
1260.0048193674556 0.8791391140375054 3.6247834267886976 0.8791391140374776 0.8791391140374396 0.8791391140375143 1.7582782280748792 1.7582782280750526 1.9658148206668429 0.8791391140375073 0.8791391140374396 3.5165564561500138 0.8791391140374396 0.8791391140375024 3.6247834267886976 1.965814820666797 2.4865809165688444 0.0 3.6247834267886976 1.7582782280749865 2.4865809165690327 0.8791391140375053 1.7582782280748792 1.7582782280750016 1.7582782280748792 0.8791391140375192 1.7582782280748792 1.7582782280750766 1.7582782280750124 1.7582782280750293 3.6247834267886603 1.965814820666772 3.6247834267886976 1.75827822807503 0.0 2.4865809165690846 1.9658148206666546 1.7582782280749771 0.0 0.8791391140375242 1.7582782280748792 1.7582782280750906 2.4865809165688444 0.8791391140374953 0.6153973798261436 1.965814820666866 0.8791391140374396 0.0 1.7582782280748792 1.9658148206668384 0.8791391140374396 0.8791391140375232 1.9658148206668429 1.7582782280749967 0.8791391140374396 0.879139114037527 1.7582782280750124 1.7582782280750366 2.4865809165688444 0.8791391140374917 3.6247834267886976 1.7582782280750278 1.7582782280748792 1.758278228075043 0.8791391140374396 1.7582782280750486 1.7582782280748792 0.8791391140375582 1.7582782280750124 0.879139114037527 1.9658148206668429 1.7582782280750489 1.7582782280748792 1.7582782280750273 3.6247834267886603 1.758278228074999 0.8791391140374396 1.7582782280750135 3.6247834267886603 1.7582782280750628 0.8791391140374396 0.879139114037507 1.7582782280748792 1.7582782280750495 1.7582782280748792 0.0 1.7582782280748792 1.7582782280750147 1.7582782280750349 0.8791391140375122 1.7582782280748792 1.7582782280750013 0.8791391140374396 3.6247834267886114 0.0 0.8791391140375671 1.7582782280748792 1.9658148206668877 1.9658148206668429 1.7582782280750342 1.9658148206668429 2.4865809165690385 2.4865809165690327 3.6247834267885732 1.7582782280748792 1.7582782280749907 0.8791391140374396 0.8791391140374879 1.9658148206668429 1.7582782280750846 0.8791391140374396 2.486580916569 1.9658148206666546 1.7582782280749993 0.8791391140374396 0.0 1.7582782280748792 1.7582782280750384 0.0 0.8791391140375112 1.7582782280748792 1.7582782280750489 0.8791391140374396 2.4865809165690202 1.9658148206666546 3.6247834267885333 0.0 2.4865809165690553 3.6247834267886976 1.9658148206668289 0.8791391140374396 0.8791391140374815 1.9658148206666546 1.9658148206668238 1.7582782280748792 0.8791391140375111 1.7582782280748792 1.7582782280749905 1.7582782280748792 1.7582782280750426 1.9658148206668429 -186.21173713664984 -127.69448512929357 -937.0524789890925 393.9651544197435 -281.8652242211201 -70.12851742797561 -942.2476612022128 395.3443383901637 -205.92372439341642 -108.70927765277338 -896.6305362945538 448.1094309354749 -235.39622419021975 -95.45375936943442 -903.5184666300878 450.80932263032673 -184.07846982207406 -123.75160779774328 -910.6472748974523 449.9844462985903 -153.97998052914238 -127.41946574265704 -906.0793013810129 424.984664182386 -218.60071961106036 -120.46138953393053 -928.3783708095842 410.7691559945771 -265.0048363909925 -90.90277945385522 -900.8022904821365 431.3059195791363 -282.3630090807386 -76.77491991417706 -885.3781649838749 451.80746753239396 -239.26715401424255 -104.67954235235395 -914.2879201106208 438.80245600337923 -193.58376335501444 -115.82639850727666 -903.5716764707672 475.4451017624219 -230.16542200925718 -99.52299282829586 -931.3690934562599 404.7357261516743 -208.0824260189624 -121.20206481883974 -921.0567473065317 409.73199218332246 -192.21263408255007 -123.90407152949719 -958.3906412120997 374.1665526137583 -199.82767462617025 -122.1285848646809 -877.350336043768 462.5548074691867 -156.45493864363786 -134.06121736892638 -917.35132044686 433.00133560638056 -199.84995090682816 -105.8728446291822 -889.3182472275874 462.1503272480114 -263.18395015731204 -80.08113422758497 -925.897503619455 416.1945412883152 -217.48333008349576 -99.01389254922402 -894.2411777287217 433.72351479929404 -257.87632551505345 -84.40305261630397 -954.2481174875778 386.26334467170034 -264.87779145294667 -74.88283975704276 -899.7809630076669 425.8514339283106 -292.56552498622267 -68.64349383957986 -876.484788090612 502.163677839371 -244.70583604839018 -111.27955334803679 -953.5711297064666 397.7120613563345 -247.24740664753773 -85.54304024835403 -897.8070748583056 437.7820799496566 -225.93336053296284 -121.59847503835553 -968.4538124686786 365.9745023760429 -243.03938101431507 -97.42093812900646 -891.292852687204 439.93649625918744 -206.44479367323058 -125.22809535283776 -913.8708645770226 443.97848595047725 -187.49768294801214 -120.18454714024845 -967.2153493186156 380.901249298075 -225.29681044209678 -104.15212936244922 -899.6884453769368 441.84327785378906 -259.42569504570804 -88.34005972658987 -922.2649469128529 422.0178551276553 -196.0157431653992 -126.6863659706589 -882.7794544455098 463.001182409297 -295.5761436979235 -64.39102007525977 -906.4102500600642 439.3233096316896 -221.92480016358772 -116.05975596989809 -897.505788514295 483.5132207104508 -172.48807548649802 -129.47866526300973 -974.3440060046332 373.3260625206886 -201.3795494321989 -112.61367750603843 -924.6797614256066 430.9657534312838 -244.91648405846016 -93.1346340547314 -940.4900279428608 411.5917524401285 -239.59695611186964 -117.06375728311387 -914.6549673523047 414.22953291665635 -230.86989845438805 -109.541501405633 -904.2979178325618 434.1833369941081 -271.79183383819753 -78.70078895910733 -879.1713868428408 455.6650126533777 -184.3604471281683 -111.03861260867743 -915.3431877658762 420.59221474224796 -209.56939719486894 -114.79584097125479 -944.7143396472735 401.5129138787029 -219.69302275488673 -107.85394150671816 -956.7636267141046 380.02468749481375 -165.15356729814675 -132.832097573689 -890.7245602945989 446.0124409452506 -232.08631060891685 -105.6401265883808 -920.5631956724433 415.4975634211009 -250.5510529127144 -88.81019566692741 -908.4697395849196 459.15674052961816 -239.6989097612775 -85.76800240826671 -931.4398854980789 418.2730865971821 -214.442355593236 -124.40676731169799 -888.4619780121452 491.20955197747116 -164.17029676141283 -128.8785076749242 -905.8175235320151 466.39028902529435 -256.899468645513 -92.6899278797723 -942.1348648434625 388.3347317392698 -236.00763230063373 -113.94967581414976 -932.2736695893535 399.64298186409894 -179.21604067701034 -126.9116104135181 -922.0814239797866 427.47333473022826 -306.017317844335 -61.94647943036039 -938.3369539287595 405.13674493359747 -211.77347908979343 -110.95674050112675 -910.855949455033 432.927705932743 -202.70593822920705 -118.17383999347996 -962.3508185228859 379.4857778015522 -276.6472017251383 -74.70189901663417 -967.6236866206235 371.52909621967274 -230.23324086119592 -117.56091952390548 -905.5176590947708 445.07733320801674 -290.1617904510749 -73.68499488732772 -932.3447901641957 423.83041445070614 -297.5498190649446 -72.27413450443862 -898.1401350098398 463.2148644537143 -229.12450343038543 -113.92552316709889 -950.9334035527896 380.27652975139677 -225.47283786946883 -88.5790852239314 -933.663318262164 411.8107661622926 -240.4588505714404 -108.53741667484805 -960.9387459177198 385.5560136657948 -254.65302633882044 -77.47166171382648 -953.7693478214861 392.4658041752425 -312.68706068125846 -63.232910785464426 -925.9722912553477 402.9092563068081 -251.85820056523073 -81.48297628618867 -885.6475021921165 457.3167033131155 -214.89469184247423 -117.41938672295638 -948.1964503225624 388.74809004744696 -238.93889681673772 -81.24976036137241 -907.8226315738017 419.60094509565823 -250.69542114368545 -97.61764110245996 -903.7561743908874 455.39350327594474 -209.88220654312937 -101.66811583629797 -912.0912495183427 426.6826177878479 -169.76309140226294 -125.14588933983687 -899.1914887809248 468.60955641896595 -302.0091251668224 -65.536287716804 -882.5299942328236 496.7774537363192
1270.0048193674556 1.7582782280750069 1.9658148206668429 1.7582782280749762 3.6247834267886976 0.8791391140374994 1.7582782280748792 1.7582782280749834 1.7582782280748792 3.6247834267885666 3.6247834267886976 1.758278228075071 1.7582782280748792 1.758278228075042 1.7582782280748792 1.9658148206668837 1.7582782280748792 1.9658148206668153 1.9658148206666546 3.6247834267886176 3.6247834267886976 1.7582782280750566 1.7582782280748792 1.7582782280750446 3.6247834267886976 1.9658148206668449 1.7582782280748792 1.7582782280750622 0.0 1.7582782280750746 3.6247834267886603 0.8791391140375505 1.9658148206666546 1.7582782280750349 1.7582782280748792 1.7582782280750444 1.7582782280748792 1.758278228075072 3.6247834267886603 1.7582782280750835 3.6247834267886976 1.7582782280750977 1.9658148206668429 0.0 1.23079475965242 3.6247834267885595 1.7582782280748792 1.7582782280750213 3.6247834267886603 1.9658148206668329 0.8791391140374396 1.7582782280750238 5.274834684225081 1.9658148206668384 1.7582782280748792 1.758278228075005 1.7582782280748792 1.758278228075042 1.7582782280748792 1.9658148206668098 1.9658148206666546 1.965814820666786 1.7582782280748792 1.7582782280750318 1.7582782280748792 0.8791391140375049 1.7582782280750349 2.4865809165690123 1.7582782280748792 0.879139114037491 0.8791391140374396 0.8791391140374993 0.8791391140374396 2.48658091656908 0.8791391140374396 1.7582782280749847 0.8791391140374396 1.7582782280750366 2.4865809165688444 0.8791391140375007 0.8791391140374396 0.8791391140375314 0.8791391140374396 1.7582782280750147 0.8791391140374396 0.0 0.8791391140374396 0.879139114037522 0.8791391140374396 0.8791391140374992 1.7582782280748792 0.8791391140375292 0.8791391140374396 1.758278228075016 1.7582782280750349 0.8791391140375435 0.8791391140374396 0.8791391140375182 0.0 0.8791391140374946 1.7582782280748792 0.8791391140375279 1.7582782280748792 1.965814820666819 0.8791391140374396 0.8791391140375324 0.8791391140374396 0.8791391140375275 0.8791391140374396 0.8791391140375147 0.8791391140374396 1.7582782280749867 0.8791391140374396 0.8791391140375059 0.8791391140374396 0.0 0.8791391140374396 0.8791391140375293 3.6247834267886603 0.8791391140375077 0.8791391140374396 2.486580916569041 0.8791391140374396 1.7582782280751221 2.4865809165690327 0.8791391140375101 1.9658148206668429 3.6247834267885857 3.6247834267886976 1.7582782280750138 1.7582782280748792 1.7582782280750417 1.7582782280748792 1.9658148206668333 1.7582782280748792 1.75827822807499 1.7582782280748792 0.8791391140375142 0.8791391140374396 1.7582782280750686 1.7582782280750349 -189.70368109088162 -127.89068932437897 -934.3447471766325 397.5630020691325 -284.71644255167337 -69.45550282888738 -940.178142295675 397.43343994455137 -208.8963444221703 -108.71350493531017 -893.4469486252781 451.1502442034946 -236.79264140264374 -94.93623320144275 -901.1317104856727 452.52706793046826 -188.8683711204498 -122.76053047882131 -906.929973924824 455.4082772808581 -157.91616044257995 -127.33791423781238 -902.8415946953683 428.71407094252925 -224.1795432877257 -119.75306643850031 -924.4520706318159 414.4444437383517 -268.66699336309614 -89.34772275489392 -896.8759903043684 434.9812073229109 -283.98420282972944 -75.14321172260163 -882.8831708067224 454.90239981678235 -243.242810682189 -104.66063096183584 -910.2533819001152 443.8549307314009 -197.44212549640662 -115.20887738085294 -902.4034886916604 477.0854069681776 -232.61347846403146 -99.3203615912088 -928.6072426274311 409.02216729318684 -211.85672860407738 -120.08333628979959 -919.2503466215028 412.8810434840795 -195.6668647026485 -123.84667773504106 -956.3211223055621 376.2556541681459 -203.2802825383991 -122.06474481697 -873.8747014297153 466.0056970386454 -158.7293486757921 -132.74243641734904 -915.0653254748476 437.8448111292622 -202.29609261153186 -105.71952706982368 -887.5697039890945 462.3593264531515 -266.150956993924 -79.92271614038435 -922.7642965363804 420.7982196677051 -220.7263860537916 -97.7064111763605 -890.6862338051997 437.08156530519136 -260.2128413975835 -83.65096278379032 -951.2772674536092 388.80124257471965 -266.7859226949422 -74.45556797827987 -897.2859688305144 428.9463662126992 -295.8911747978241 -67.84634924526061 -873.8864158399398 503.70890092346485 -250.64707059026955 -111.12045826989896 -951.6602294188677 399.986841037845 -250.11702834278532 -84.95127765760226 -892.1322314420444 441.66636689857137 -231.5804570891807 -119.8590634225157 -967.4983623248792 367.11189221679825 -246.01239275833487 -97.32524063933351 -885.83074690625 443.3178678431017 -209.21760397206353 -124.02448331289023 -909.3063514933322 449.16251978925334 -189.80098453229616 -119.08285980703326 -965.1999494284466 382.30175736033914 -227.61862819497796 -103.23818256176669 -897.7271645031365 442.5551924239296 -265.1840925794447 -86.08752561272097 -917.383196591285 426.83053271218535 -201.35850642661305 -126.07898884031448 -879.7544853951727 466.22767380443986 -298.54591041880406 -64.18366156734433 -904.3948501698952 440.72381769395366 -225.2581019323277 -115.23441274999504 -895.9662444809421 485.47076315408407 -175.7598397486135 -128.23482792011754 -973.3885558608338 374.4634523614439 -203.74779747994455 -111.98036458298239 -923.619811679237 431.22887165279263 -247.35817768757536 -92.88971589046318 -939.5345777990614 412.72914228088376 -243.78977274220364 -115.54235714117881 -912.214092191521 416.63587170892123 -234.71186803224884 -108.84121661547182 -903.396586705131 434.63213334273996 -273.6372507441752 -78.02637061683305 -876.7305116820571 458.0713514456427 -186.81071462709218 -110.90504447763526 -912.213719112969 422.9444345181442 -212.17738357619717 -115.59743797809085 -943.758889503474 402.6503037194581 -222.58573413596832 -107.34506655157222 -954.1100139180132 382.93394165207917 -168.42882677276506 -131.60433550150296 -889.185016261246 447.96998338888386 -235.83141176432127 -104.44802904087736 -918.1223205116595 417.9039022133658 -253.19304006470983 -89.51124009260994 -905.1816523130738 461.32328217839137 -241.2795355654374 -86.20542554086786 -928.6817730994177 420.308069135201 -217.49207687843628 -121.91287482363808 -887.1351716140997 492.6641790561039 -165.5115759518442 -127.94017125092262 -903.5893860065388 468.2937124525588 -259.9432303421651 -90.55330715103723 -938.9512771741864 391.37554500728965 -240.15841735166435 -112.19358598882822 -930.2545312690171 403.2949485298566 -182.5970726854604 -126.39051888460929 -917.3853517853419 432.1273936958195 -310.35105643338903 -61.12166701088289 -936.8515289117753 406.4056938851071 -215.26518105787952 -111.10931374425601 -909.4750240406189 435.0709265034991 -205.19624293928257 -118.26573595026865 -960.4940372516554 381.07196399093925 -277.79820921602646 -73.18371935606338 -965.0783118572698 373.06116339269124 -235.39544134347878 -115.90014074369982 -902.8136657124784 446.42372225391205 -291.4845251486039 -72.87116670176381 -929.7994154008418 425.36248162372465 -300.6499496228382 -70.5145415846858 -897.2891844686104 465.22652591371605 -232.32105258364112 -112.3633858421034 -947.5370782482062 383.8202583844172 -229.7488699394498 -87.54099063761086 -930.5338496092569 414.1629859381889 -246.35891561807796 -108.15860638902922 -958.8151079948135 388.33370871230574 -258.04894333075384 -77.00021086525068 -952.0711851691946 394.23766849175263 -314.7724033231421 -63.48462687948403 -923.2104404265192 407.19569744832074 -255.19867837109203 -80.77623232470388 -882.6225331417792 460.54319470825834 -218.86843095361905 -117.48353032255561 -944.695625415409 391.41754706122066 -241.47072418156134 -81.48904093534922 -906.0162308887727 422.7499963964153 -253.7041157655709 -95.26006337283965 -900.3598490863039 458.93723190896503 -211.80836790660382 -101.33787635460965 -909.9676115954363 429.4603128343589 -172.6245967752953 -124.46441984400474 -897.2805884933258 470.8843361004765 -305.92452438472253 -65.07380128879988 -880.5687133590233 497.48936830645977
1280.0048193674556 2.4865809165689905 3.6247834267886603 1.75827822807508 1.7582782280748792 0.8791391140375387 1.7582782280748792 0.8791391140375023 1.7582782280748792 1.7582782280750644 3.6247834267886976 1.7582782280750606 0.8791391140374396 1.7582782280749802 3.6247834267886976 0.0 1.7582782280748792 1.9658148206668618 2.4865809165690327 3.6247834267885772 1.7582782280748792 0.8791391140374903 0.8791391140374396 2.48658091656903 3.6247834267886976 1.7582782280750036 0.8791391140374396 1.7582782280750722 1.9658148206668429 1.7582782280750202 2.1978477850938103 0.8791391140374865 3.6247834267886976 1.7582782280749896 0.8791391140374396 1.7582782280750888 0.8791391140374396 0.8791391140375219 1.9658148206668429 0.8791391140375351 1.7582782280748792 1.758278228074997 0.0 1.965814820666803 0.8791391140374396 1.7582782280750053 1.7582782280748792 0.8791391140375263 2.6374173421124745 1.9658148206668085 1.7582782280748792 1.7582782280749891 2.4865809165688444 0.879139114037509 3.6247834267886976 0.8791391140374925 1.7582782280748792 1.7582782280750775 0.8791391140374396 1.965814820666842 0.8791391140374396 1.7582782280749876 1.9658148206668429 1.758278228075041 3.6247834267886976 1.7582782280749816 1.7582782280750349 3.6247834267885892 0.8791391140374396 0.879139114037514 1.7582782280748792 0.8791391140374962 0.8791391140374396 1.9658148206668533 0.0 1.9658148206668544 3.6247834267886603 0.8791391140375481 1.9658148206668429 0.8791391140374883 2.4865809165690327 3.6247834267885723 0.8791391140374396 1.7582782280750002 0.8791391140374396 1.7582782280750378 1.7582782280748792 0.8791391140374947 1.7582782280748792 1.7582782280749822 1.7582782280748792 1.7582782280750748 0.8791391140374396 0.0 1.9658148206666546 0.8791391140375221 1.7582782280748792 3.6247834267886554 2.4865809165688444 1.7582782280750338 2.4865809165690327 3.6247834267885986 1.7582782280748792 1.9658148206668378 1.7582782280748792 1.7582782280749905 2.4865809165690327 1.7582782280750466 0.8791391140374396 0.8791391140375093 1.7582782280748792 0.8791391140375407 1.7582782280748792 1.965814820666744 2.4865809165690327 3.624783426788629 1.7582782280748792 0.879139114037508 0.8791391140374396 0.8791391140375071 1.7582782280748792 1.758278228074988 0.8791391140374396 3.6247834267886523 0.8791391140374396 0.879139114037481 1.7582782280748792 0.879139114037532 1.7582782280748792 3.6247834267886083 0.8791391140374396 1.758278228075052 0.8791391140374396 1.7582782280750318 3.6247834267886603 0.879139114037483 3.6247834267886976 0.87913911403749 0.8791391140374396 1.7582782280750664 1.7582782280750349 -192.51410990799678 -126.92920817508431 -931.0025408884177 400.4181372100293 -288.0927492225866 -68.84569403904887 -937.2614112780752 399.28274435544716 -212.74333339581858 -108.02143355368351 -891.5360483376792 453.4250238850051 -239.03093701813137 -93.72432708583175 -898.1608604517043 455.0649658334875 -192.8006668695735 -122.60075928210048 -905.1776922561637 457.86873508949174 -161.25895737558173 -126.57616166480452 -901.7779065188315 431.2286477675314 -227.49446172300404 -118.88005905090421 -920.7385080893552 417.61681611712584 -273.00238122197476 -88.58516813175547 -894.8064713978308 437.0703088772985 -287.24497364941766 -74.07076100612294 -881.9781012491244 457.60265476890777 -247.25716114806065 -103.5656167521931 -907.6538881203927 446.0755913965428 -200.3270799650505 -114.71208066547459 -900.7053260393689 478.85727128468767 -236.441810397165 -98.55434710329271 -926.0581294339098 412.80569306969886 -217.01542577215903 -118.40778805958034 -915.5909030954107 415.36482237073017 -199.60115078173118 -123.66995125503324 -954.5147216205332 379.4047054689031 -206.00062265598123 -120.60042681444398 -872.0393720214182 470.62477438721095 -160.9913789127593 -131.40430005739523 -912.4117126787562 440.7540652865277 -206.06030347585545 -104.56523860152616 -886.4015162099877 463.99963165890716 -268.5865888170933 -79.60143484703009 -920.536159010904 422.70164309496954 -222.20769252040787 -97.6668939636987 -888.6670954848635 440.7335319709491 -263.2308636244782 -83.70727573504087 -949.1536295307027 391.5789376212307 -269.2171817310063 -74.1223192279343 -895.9050434161002 431.0895867834555 -299.1280832925887 -66.72946599109335 -873.8675632339119 505.4914999935473 -255.3287800280256 -109.6272612105359 -949.9620667665762 401.7587053543551 -251.96951606578867 -84.29248172177569 -889.211761994277 445.7671299129608 -234.75099517347843 -118.2546772707517 -965.9046992751577 369.75802815255497 -247.92163749282741 -96.9142244219329 -883.1771341101588 446.22712200036716 -212.9821391195277 -122.85682493692677 -906.4941200783022 451.88609581939573 -193.65469534422027 -118.43708481147338 -962.9176928866017 384.89377427972715 -230.92531049042609 -102.33240053817977 -895.6576455965987 444.64429397831714 -269.5133920328629 -85.32318980512959 -915.4722963036861 429.10531239369584 -206.12888104143727 -125.0090437540733 -877.7353470748365 469.87964047019756 -302.7953614477091 -63.02917378083006 -902.11259362805 443.3158346133416 -229.8739416500566 -113.35976332431838 -894.3725814312206 488.11689908984084 -178.940571667215 -126.4791138950134 -972.7503429549117 375.9721984564452 -206.54875775768247 -110.98880143045683 -922.2388862648228 433.3720922235488 -250.16993419622915 -92.02937358926708 -937.6236775114625 415.00392196239426 -247.95103240047823 -113.944701750864 -909.6145984117984 418.8565323740632 -240.31775058363243 -106.96968572294665 -899.8957617979776 437.3015903565136 -275.3070152516331 -76.61808526356249 -875.0286105995983 462.09467436564654 -188.13396346646047 -109.9431748969644 -909.4518682841406 427.2308756596566 -216.32571860183668 -113.85235504349936 -942.2734644864898 403.91925267096775 -224.84443334836232 -106.1688034326216 -951.5105201382906 385.1546023172211 -173.6180359749023 -130.04296809763613 -886.1059281945403 451.88506827615015 -240.04042687906474 -103.09165894870388 -913.6660454607066 421.7107490678948 -256.3730645813918 -88.04483397498562 -902.9535147875973 463.2267056056559 -245.09973435906969 -85.37997379207988 -927.6722039392496 422.13405246807974 -220.8519202238852 -121.29377095612472 -886.4969587081777 494.1729251511053 -167.99695106642642 -128.0441462664489 -902.3166986248619 469.059746039068 -263.2192490951204 -89.54955146059628 -935.6090708859718 394.2306801481864 -244.8509155597495 -110.73964886024439 -927.9181557108035 406.5755589413681 -186.01050512615888 -126.0779307789972 -915.1030952434969 434.71941061520744 -313.77779791010073 -60.644238926414225 -933.9889169105442 407.56640480387944 -219.02029347969912 -109.9152294143272 -907.6686233555901 438.2199778042562 -209.39914767947388 -116.77854521812573 -958.0531620908716 383.47830278320413 -280.23052178338537 -72.83383567054614 -962.9546739343634 375.8388584392022 -239.13622130999195 -114.6786469271936 -901.2200026627569 449.06985818966865 -294.787479015322 -72.01145751382923 -927.8885151132428 427.63726130523526 -304.28970232674646 -69.01639996679584 -896.1209966895036 466.8668311194718 -236.92073388264208 -110.46163974296303 -945.5179399278699 387.4722250501748 -232.0921091100223 -86.81803822384552 -928.622949321658 416.4377656196994 -251.09289820502292 -106.90838569879323 -956.7997081046445 389.73421677456975 -261.2711211807257 -75.75700090477655 -948.9417165162872 396.589888267649 -318.7950449667951 -62.62901472845302 -921.086802503613 409.97339249483184 -259.058984742648 -80.15261927832286 -879.597564091442 463.7696861034012 -223.44253522706697 -115.3813803179516 -942.2547502546252 393.82388585348565 -245.39205481126038 -81.14144802207855 -903.203999473743 425.47357242655767 -256.7240243648129 -93.08935715091427 -898.4489487987049 461.2120115904755 -213.64300139372912 -100.50808634809779 -906.5712862908529 433.0040414673792 -175.3645554037047 -123.03865068930185 -893.9925012214798 473.0508777492498 -308.94673130183514 -64.99090099691882 -880.3522372935487 500.24374227495395
1290.0048193674556 1.965814820666805 3.6247834267885906 0.879139114037515 0.8791391140374335 0.8791391140375335 0.8791391140374256 1.7582782280750024 1.7582782280750264 1.7582782280750746 0.8791391140374687 1.7582782280749796 0.8791391140375713 1.7582782280750195 3.6247834267886905 1.7582782280749456 0.8791391140373895 1.758278228075066 0.8791391140375175 1.7582782280750304 1.7582782280749103 1.7582782280750426 1.7582782280751768 1.7582782280749973 1.7582782280748823 0.8791391140374957 0.879139114037444 3.6247834267885604 0.0 1.965814820666794 1.7582782280748792 0.0 0.8791391140375097 0.8791391140375339 0.8791391140375598 1.7582782280751026 1.7582782280750826 1.7582782280750193 1.9658148206668165 1.758278228075122 0.879139114037617 0.8791391140375064 0.0 1.7582782280751217 0.6153973798261488 0.0 0.8791391140374752 3.6247834267885843 0.8791391140375604 1.965814820666838 1.7582782280749012 0.8791391140374994 1.7582782280750866 0.8791391140375192 1.7582782280751403 3.6247834267885506 1.758278228074967 1.7582782280749958 1.7582782280750602 1.9658148206667545 0.8791391140374841 3.6247834267885977 3.6247834267886976 3.6247834267886154 1.7582782280750424 3.6247834267885826 0.0 1.7582782280750633 1.7582782280751281 1.7582782280750666 1.7582782280750509 2.4865809165690282 0.8791391140375381 1.7582782280750038 0.8791391140376453 3.6247834267885897 1.758278228075065 0.8791391140375262 1.7582782280750349 1.75827822807498 1.7582782280750968 1.75827822807505 1.7582782280749927 0.8791391140375047 0.8791391140374313 0.0 1.7582782280748668 1.7582782280750682 1.7582782280749845 1.7582782280749385 1.7582782280751366 0.8791391140375228 0.87913911403749 0.8791391140375135 1.7582782280750304 1.7582782280750695 1.7582782280750506 1.9658148206667898 1.965814820666773 0.0 1.7582782280750884 1.7582782280750693 0.0 1.758278228075023 1.7582782280750962 1.7582782280749931 1.7582782280749736 0.8791391140375019 0.8791391140374563 1.758278228074937 1.7582782280750155 1.7582782280749947 1.7582782280751992 1.7582782280750837 0.8791391140375675 3.6247834267886105 0.8791391140374232 1.7582782280750113 1.7582782280749756 0.879139114037481 0.8791391140376585 2.4865809165690442 0.8791391140375878 1.7582782280751235 1.7582782280750924 0.6153973798263013 1.7582782280752007 1.7582782280750304 1.7582782280750349 1.7582782280750213 1.7582782280751272 0.8791391140375326 0.8791391140375222 0.0 0.879139114037608 1.7582782280750542 1.7582782280751061 1.7582782280750746 1.7582782280750129 1.7582782280750544 1.7582782280749727 -196.83007883864877 -126.154061774439 -928.1632499520924 403.4860099768044 -289.5675596214851 -66.90130549955545 -935.2963919711956 402.2461175300388 -215.61778450519154 -107.45726798179173 -890.3678499514513 455.0651837432054 -241.88870301833313 -93.07843063695516 -894.8688799572974 459.4827898545405 -194.02494850438808 -121.13587597549645 -902.5240626355564 460.77782207172373 -163.34606683337898 -127.22259067898557 -899.1784101720142 433.44930827641457 -232.18247543347323 -117.41449065444648 -918.6148698323896 420.39451090082713 -276.2936640722692 -85.71348264422637 -891.9942418858004 439.79387982794555 -290.8097935560795 -72.3083737690972 -878.5817724271501 461.1463811350046 -252.32982534656037 -101.66327786289267 -904.5747603988405 449.99064862590143 -204.69308060738834 -114.14559274431993 -898.4714047870597 480.75460140060227 -240.6340005210247 -97.13513211668689 -922.9827796989177 414.4693192380002 -221.61542939175993 -116.49892200397943 -914.1054781788782 416.6337712364273 -202.91553694942516 -122.80321723390911 -951.7024902055 382.12828149903885 -209.27067138357066 -119.47968714220957 -868.350999772058 474.57857932167013 -162.8753368692165 -130.85021050820325 -909.5994822383996 443.4776340773893 -208.0712563066387 -104.67991999039664 -884.9161419860238 465.2685155323569 -271.83787748458633 -78.51528197526731 -917.669808350734 426.11381228232693 -226.03481903049214 -96.87170577114156 -885.4834970053605 443.7743349561901 -266.07770948385865 -82.99477443055126 -946.5541357510753 393.79959828628864 -271.51309812155984 -73.26997719956621 -893.1469311279338 433.12456779642633 -302.57630480438627 -64.64833096241274 -871.8210077951973 506.623268921442 -259.6678930366258 -108.88355594066873 -947.3084539697498 404.66795951178085 -254.9332897493929 -84.08554238065587 -886.8212538998139 449.7363419366633 -239.14818897748367 -117.82447505291594 -965.0537487339258 371.76968961255415 -249.82847484243962 -96.4769004961271 -880.9722868062735 450.03771793725457 -216.58748755858727 -120.91694180680238 -904.1576308354595 455.166605183674 -197.84348257171115 -116.92178929138873 -961.0609116153612 386.47996046910225 -234.5963885535012 -100.8004018754159 -894.1721831531548 445.91320232319487 -272.94404910206407 -82.94396189021703 -913.2945385960641 432.57160104646243 -209.87761583566643 -123.80695160923167 -874.1262841349456 473.92628446821834 -308.1722007955162 -60.596189955628574 -899.1920921062444 447.41656848910304 -234.71204715191797 -112.59405844519014 -893.1814296095874 489.74232691607835 -182.87453198859538 -126.28866860159475 -970.5222054294325 377.8756218837063 -208.76345500927195 -109.56661505924905 -919.5311522421869 436.96993816427437 -252.60042924678004 -91.71198953997032 -935.5037780122117 415.53015841097204 -250.5443555752907 -112.1303201426212 -907.0151048424823 421.07719279257674 -246.35937777031964 -104.88996729389687 -897.9848483629033 439.5763566217802 -278.4837070220902 -75.2584373354137 -871.7367848975849 466.5126746179135 -191.6272432403583 -110.05898372489474 -906.2682798184086 430.2716877513135 -218.48445826477604 -112.18048095625475 -939.8325893216248 406.3255914592568 -229.62990780314522 -105.17764262114324 -949.5725603425676 387.77367874470735 -178.07444506997516 -130.02920447542473 -883.0267666655303 455.80017035414943 -244.59530592113913 -101.08602291425893 -910.8538134590398 424.4343245515515 -260.70145120971154 -87.24625781166738 -899.502314813077 467.45857062248444 -247.11730691722863 -85.41214214511619 -925.0185910072515 425.0433066811886 -224.25157662920776 -120.86239286398069 -885.3618353249423 496.69760458941164 -172.37054536543414 -127.5537950192869 -899.7642170775637 472.84150137810184 -268.0193675727162 -87.60397928294098 -932.9013390692872 397.82852779487877 -248.92907442089842 -108.83905337979799 -925.1600432890267 408.61054145515664 -189.418227626405 -125.72366862319039 -913.4553118878057 438.0541403129979 -318.4011846463069 -59.105387178884556 -931.2308045041034 409.60138732953027 -223.18594777491967 -108.33043601423465 -904.2181672388073 442.45228714603184 -211.66353397899186 -115.59092310390824 -956.6218560902463 384.0586582425986 -284.81121874790927 -71.06481222340796 -961.3610108846308 378.48499437494587 -241.3708293872652 -113.4471593093668 -897.4522506790288 452.9307335252791 -297.98300699947646 -69.03040464549422 -924.3876903049893 430.3067178549264 -308.2082032566374 -66.77818007661926 -893.0398134058013 470.7814486505666 -240.05639809013488 -108.789819093225 -943.2356833857363 390.0642419692705 -234.84563473986353 -85.71718268991344 -926.0234555612507 418.65842624226764 -255.21032866844067 -105.21462912847616 -954.0415957060846 391.76919931241184 -264.16833442367505 -75.2825972769909 -946.4467223379042 399.68482055059735 -322.90979408752855 -61.988059164326025 -919.6013774694924 411.2423414606285 -261.48555106534013 -79.80204124446315 -877.2070695168595 467.73889000703633 -227.93003891133398 -112.96247611422127 -939.1252816002643 396.1761056273212 -248.24754934649502 -80.47663131087836 -902.3530459098014 427.48523478602584 -259.87676241489794 -91.58713313437647 -895.4238938191155 464.4382594932507 -215.8521194334897 -99.06747284256953 -905.4534753277533 436.20720614893105 -176.84750133054 -123.02589601691868 -892.7139079084435 476.06571045929144 -313.8401582104424 -63.414914271047245 -879.0611453431594 501.88301507465604
1300.0048193674556 1.7582782280750167 0.0 1.7582782280750398 0.8791391140374983 1.7582782280750733 1.7582782280748581 1.7582782280750684 1.7582782280750167 0.8791391140375464 0.8791391140375439 0.8791391140374923 0.0 1.7582782280750413 1.9658148206668298 3.6247834267885737 1.9658148206668997 0.8791391140375008 2.486580916569012 0.8791391140374865 1.7582782280750144 1.7582782280750489 0.8791391140374224 3.6247834267885963 3.6247834267884995 0.8791391140375008 0.8791391140374586 0.879139114037504 1.758278228075122 1.7582782280749851 2.1978477850937437 3.516556456150085 3.6247834267886163 0.8791391140375259 0.8791391140376109 0.8791391140374943 1.7582782280750373 1.758278228074994 1.7582782280751073 1.9658148206668544 1.7582782280750113 1.7582782280750786 1.7582782280748621 1.9658148206668293 1.2307947596524755 1.9658148206668853 1.7582782280749019 1.7582782280750722 1.7582782280751577 1.7582782280750386 1.7582782280749953 0.8791391140375278 1.9658148206669557 1.7582782280750406 1.7582782280749716 1.758278228075044 1.758278228074866 0.879139114037533 2.4865809165689443 0.8791391140375056 0.8791391140376139 0.8791391140375318 3.6247834267886976 1.7582782280750158 1.7582782280749025 1.9658148206667798 0.0 0.8791391140375093 1.7582782280750826 3.6247834267885812 1.9658148206669717 1.7582782280750437 0.879139114037564 1.758278228075028 0.0 2.486580916569029 0.8791391140374897 1.7582782280750142 1.9658148206668429 1.7582782280750635 1.7582782280749305 1.7582782280750318 0.8791391140374769 0.8791391140375272 0.8791391140374614 1.7582782280750584 1.7582782280749767 1.758278228075073 2.4865809165690123 0.8791391140375074 0.8791391140375645 0.8791391140374925 0.8791391140373955 1.7582782280750744 1.965814820666658 1.7582782280750326 1.9658148206667514 1.7582782280749714 1.758278228074928 1.7582782280750184 3.6247834267885084 1.758278228075011 1.7582782280750686 3.6247834267885755 1.7582782280748945 0.8791391140375158 0.8791391140375513 0.0 0.8791391140376353 1.9658148206668558 1.7582782280749203 3.6247834267886305 1.758278228075027 2.4865809165690043 1.758278228075175 0.8791391140375615 1.7582782280751976 1.7582782280750646 1.7582782280751919 1.7582782280750646 1.7582782280750455 0.8791391140375535 0.8791391140376014 0.8791391140374766 0.8791391140374948 1.9658148206668324 3.6247834267885937 1.7582782280750853 1.7582782280748792 0.8791391140375081 1.7582782280749787 1.758278228075047 0.879139114037567 1.9658148206668957 3.6247834267885644 1.7582782280750486 1.7582782280749787 1.7582782280750497 0.8791391140374616 0.8791391140375182 0.0 -200.7982290544781 -126.11839360034209 -925.1382508541673 406.71248167940104 -294.3798567754584 -65.88286942792526 -932.8555169857403 404.6524491565961 -217.85513909499008 -106.23793126936779 -887.0722197859175 457.2211262720905 -244.50822921369573 -91.43548789769908 -893.7378947508236 462.68167169609137 -195.5029215260159 -121.09504918337389 -900.7037772408754 463.9200893180518 -167.1921837262171 -126.54099907328475 -896.5507370642135 436.0131565809557 -235.09316869452473 -117.00591744332189 -916.3827378518287 424.54918568551767 -282.519253987615 -84.39620798641384 -888.807667200723 442.8317468576655 -294.8526064789455 -70.51781770609743 -874.8682068747677 464.3187504009286 -256.00859881613565 -100.25386891975904 -902.6609814182675 452.2617169168745 -207.46208538596332 -113.08320728673503 -896.4629979238272 482.9442177409772 -243.48225819991742 -96.44990962695051 -918.127893750777 418.93748219282696 -226.8132101050883 -115.11049821987189 -911.397538367321 420.2315268364462 -204.73507203796837 -121.9395331055015 -949.4202325435648 384.72029693096226 -213.67072450629317 -119.0656133690013 -866.173242832783 478.04486786030463 -167.28600690453644 -130.56261839766475 -906.3583344073788 447.20402777626845 -210.8426291473732 -103.61227843719955 -883.9514848842596 466.402995037267 -274.1248555229316 -77.61974599122367 -915.1203154649373 429.896962204159 -228.57689266369994 -97.04950290510789 -884.2530265949267 448.35249887205714 -269.4361405426302 -82.32949237696222 -942.4692128722181 397.28920206979205 -274.80262455295974 -72.31872653488496 -890.8095346870736 436.40403994468585 -306.5098236286538 -62.54484352047023 -870.038731407452 508.3240541303924 -263.63285784971555 -106.59952274151428 -945.2389312563548 406.75705627234544 -256.82078834309283 -83.58348290283736 -883.8945229659467 453.8323282525241 -241.5798049353086 -117.51623189434889 -962.082898505859 374.30758725047144 -251.60916034648827 -95.5278669413925 -878.2606143860988 453.6325694519498 -220.74029951426965 -119.28695928169644 -901.4979195604179 458.0696240264083 -201.05207729168276 -115.53064248302056 -958.6200360378446 388.88629853271436 -238.03227189892826 -100.4991694156221 -891.4104397696478 447.9444689545871 -276.4408678523861 -82.72787498761991 -910.1103791942498 435.61152167939844 -214.2328938135893 -123.17107855563195 -871.9522656258379 475.1411144033593 -312.486243731142 -59.62629688729118 -895.4743501219281 450.5837722755431 -238.99758002028776 -111.61830518223545 -891.7809311618637 492.08399552401227 -187.15183183865543 -125.23280855369565 -967.5513550599676 380.41351951363254 -211.62933237441334 -108.96987282638811 -918.3081875802857 439.2981939582837 -255.97285399351205 -91.10422198897216 -934.5483066827674 416.6675620756412 -256.6599887371128 -110.4217375444093 -904.7326371529279 423.6688854289738 -250.09658929101448 -103.74160616156266 -896.0723968028502 441.8502087592205 -282.6285572318528 -73.74782958451279 -869.3462903230026 470.48187852154865 -194.50310364043082 -109.49415476249042 -903.0838984936748 433.3115874319219 -221.60176249872944 -112.7541232099666 -937.3917069308434 408.73191105827044 -232.43242079755913 -104.28740264718951 -947.6075404774915 390.7370521356786 -181.9618608785281 -129.5570367907547 -880.7855803807058 459.94998206603736 -246.48858940826514 -100.61972227223423 -910.3739105493648 426.12870803648985 -262.64906111890974 -86.97605065928722 -899.3304358546336 469.522185813506 -248.71489899863002 -85.76440978100001 -923.4789028792298 427.0008475719882 -228.06965567249298 -120.02320067316775 -884.8603674549387 500.67545421357687 -174.72753769315653 -126.87717165213097 -896.2110750799488 476.99154721759743 -270.7053945820441 -86.35084379152397 -930.2477115746289 400.73776582444117 -252.13807262588483 -107.56473603175743 -922.3980846018706 412.89688302806684 -194.29869996734325 -125.28054658115694 -910.0570348731538 441.59613666208867 -324.2170365172606 -56.51264564506564 -929.6371024557637 412.2474942286707 -225.30446093614387 -108.86685598744667 -901.2455482105721 444.98818100218637 -215.0552247701468 -115.12672120573937 -953.914123331015 387.65650541468386 -288.93328179712563 -69.5245568045989 -958.9201354113344 380.89133271366023 -245.28102452824822 -113.03857137316895 -893.3038544078961 457.09851671516094 -300.8551701535872 -66.80434365645438 -921.2037082716797 433.34709709626645 -309.4352017520527 -65.84119402864782 -889.8095378589024 473.7716052317079 -243.7464913825111 -107.4263789936106 -940.1062104739306 392.41645697181997 -237.27864732142305 -85.38695288746663 -923.8493418176732 419.8731689012441 -258.06093387654147 -104.51186658336309 -952.0261959623936 393.1697062301499 -266.0468189172411 -74.77192349058689 -943.6344830218113 402.40839054515794 -325.8840982017052 -60.58393296604987 -916.1004690437843 413.9116793695175 -264.4346339156186 -79.50412448086337 -875.3502882456291 469.32507619642337 -232.11336980619365 -111.52787866392462 -936.2085457519736 398.0253968535618 -251.62676077809581 -79.86819600551267 -899.698418027502 430.3936530034791 -265.0620344235444 -90.21178782964792 -891.4158636467671 468.77616948728513 -218.0169115690438 -99.84809462277104 -902.4268164814088 439.43173796936463 -179.3785756555058 -123.29601444092216 -890.3125669341727 479.30050799659267 -318.1285124530212 -60.87314603348601 -877.1608656541367 504.52930175868147
1310.0048193674556 1.7582782280750202 0.0 1.7582782280750207 1.7582782280749085 0.8791391140375199 0.8791391140375803 1.7582782280749931 1.7582782280749092 1.758278228074981 0.8791391140374142 1.7582782280750473 1.9658148206668065 0.8791391140375143 0.8791391140376947 1.9658148206668584 3.6247834267886696 0.8791391140375584 1.7582782280748757 1.7582782280749698 3.6247834267886834 0.8791391140375087 1.7582782280749838 0.8791391140375239 1.758278228075053 2.4865809165690522 0.8791391140374718 1.7582782280750437 3.6247834267887176 0.8791391140375293 1.7582782280748792 0.8791391140375143 1.7582782280750426 0.8791391140375103 0.8791391140375313 1.7582782280750546 3.6247834267886576 0.8791391140375282 1.7582782280749727 1.7582782280749722 1.9658148206669228 0.8791391140375008 1.758278228075206 2.4865809165690105 1.2307947596524755 0.0 0.8791391140373874 3.6247834267885057 3.6247834267886625 0.0 1.758278228075227 1.7582782280750733 1.965814820666817 1.758278228074986 0.8791391140374966 1.7582782280750426 1.7582782280751166 2.486580916569033 0.8791391140373769 1.758278228074949 3.624783426788617 1.758278228075035 3.6247834267886976 1.9658148206667985 0.8791391140373549 1.965814820666786 1.9658148206666874 0.8791391140375144 0.8791391140376235 1.7582782280750384 1.9658148206667185 0.8791391140375107 0.0 1.9658148206668533 1.965814820666728 1.7582782280750737 0.8791391140375172 0.8791391140375111 1.9658148206668429 0.8791391140375044 0.8791391140375402 1.7582782280749978 1.758278228075104 2.4865809165690345 1.7582782280750313 1.7582782280749987 1.9658148206667778 0.8791391140375016 0.8791391140375632 1.7582782280751006 3.6247834267886057 0.879139114037531 0.879139114037585 1.7582782280750309 1.9658148206666746 0.8791391140375281 2.4865809165689936 3.6247834267886754 0.0 0.8791391140375293 0.8791391140373263 0.8791391140375052 1.7582782280751608 1.9658148206667758 0.879139114037539 1.7582782280750353 1.758278228074937 0.879139114037485 1.9658148206668424 1.7582782280749503 1.7582782280749232 1.7582782280750626 0.0 1.7582782280750486 1.7582782280748808 0.8791391140375465 1.758278228074927 1.758278228075073 3.6247834267887313 0.8791391140374909 0.8791391140375943 1.9658148206667925 1.7582782280750306 1.758278228075035 0.0 0.8791391140374749 1.9658148206668338 1.7582782280750586 2.4865809165689834 1.7582782280749947 3.6247834267886683 0.8791391140375256 0.8791391140374861 1.965814820666747 1.7582782280748677 0.87913911403752 2.4865809165691206 3.6247834267886425 0.8791391140374863 1.7582782280751024 1.9658148206668873 -205.52014773078187 -124.84975835837207 -922.3250858172453 409.43511173002094 -298.2386229266699 -65.06835401537604 -931.3154396352762 406.609561899546 -219.8563389820806 -104.02660778968934 -885.8851485872815 458.8490457993694 -246.14676536244886 -89.99725758853825 -890.939958318055 464.6654485275156 -198.7981896025367 -120.14141840562567 -896.7725303668417 468.3806987350791 -169.97656371349123 -125.51188751094486 -893.8268924336443 439.5981797050191 -237.76746401116876 -115.60421603962293 -914.0416019682997 427.8277236115249 -286.16325819774613 -81.40868465213636 -886.0728420173583 446.40719458157326 -298.2389173453811 -69.871508171054 -871.7387380154067 466.67096988661245 -259.2410162332603 -99.12145483558965 -899.6458108632571 457.02638756255715 -210.6959110510104 -111.87298646275423 -893.2393757626463 484.3175359979138 -246.19990635423343 -95.23498829203815 -915.6293043215804 422.02972620880905 -230.13169552701416 -114.31310519279067 -909.3812011733714 421.62870637731965 -208.44519974335222 -120.62930676261402 -945.7065318095525 387.8924764271023 -216.90109449663663 -117.83829274519995 -861.374540250852 480.6989259049024 -169.77289489525305 -130.58464417285813 -902.9399523411093 450.72843382943694 -212.21617793186635 -103.05754440938559 -881.8312966626868 466.8900393952319 -276.92007900275786 -76.73554443969336 -912.5630649969636 433.67546896189947 -230.3616521992711 -96.11873364223605 -881.8931458188395 451.6147139898204 -272.70821113290333 -81.3318262062359 -939.7108759255954 399.32380085250855 -278.96441528704673 -72.51621102707253 -888.2412973429362 440.1762345985443 -309.027568677345 -60.876081433844405 -866.6123258216902 510.4387301689437 -267.6011952318322 -104.48091668906491 -942.693469342696 408.2888280394953 -258.6290529766656 -82.7948603882682 -880.4367431934683 457.6890973144783 -244.89878727096226 -116.69904352179702 -961.2860429799597 375.6306429506069 -255.49756716090346 -94.96159808829488 -874.9986905246237 457.3404982232474 -224.01814904315142 -118.27301561277508 -898.373501368348 461.95018538043803 -203.28593353078318 -114.29106130505151 -956.500089806387 389.41246504032136 -241.5751469768194 -98.589709501772 -887.6716615515105 451.0849246592733 -280.26871807659865 -80.24834589475483 -906.6033148043158 438.2697495326732 -216.08591316286544 -122.50754797749127 -867.1787533370074 478.5766050036423 -316.57785171103365 -59.467198135236686 -893.3267244814014 453.3425564551423 -243.8471160701861 -110.90578889387137 -889.4488496141314 496.04844079521445 -189.39282514538175 -124.02239092686705 -965.8028129271905 380.6224987953495 -214.80599796814627 -107.50457843833064 -915.6007224398003 440.6366045769135 -257.85377998429203 -90.58390379724608 -933.221051981035 418.12189104315365 -260.59939856412564 -108.12516035958282 -902.1742212437529 427.4468777960482 -252.93317127599664 -102.98945803572894 -892.8744278718666 444.87425267476374 -285.64365050292776 -73.52347610535551 -866.5340589079727 473.20545455169116 -196.40914863242776 -109.08958400886785 -901.5389744102753 435.2636377638034 -225.07388468978056 -110.434821662173 -934.6329452226638 410.76617339899866 -234.92289845518437 -102.15408817730516 -943.390838863176 393.69644477055346 -185.2656506588298 -128.63774178439738 -877.5057165769942 463.64104252834244 -248.72589889119843 -99.5254195186974 -907.3983488261592 428.6630604093829 -264.9860580128148 -84.50186069291888 -895.1483185836319 474.4551279310523 -250.07269892481582 -85.14226132773662 -921.4616832842237 428.3996403478805 -230.50058920466293 -119.68673140240908 -882.0097475542366 502.6367140203171 -178.2719244024519 -127.17833560079549 -893.5136388365295 479.9241249669939 -275.5409796933411 -84.62967829600258 -927.0634289591269 403.7779177225594 -254.09565153498696 -107.30454931897907 -920.8028747509481 415.54220004357796 -197.49302157128344 -123.85852834162267 -907.4485443049188 443.80715266004967 -327.6007281156535 -55.82134696801532 -926.8784194359158 414.28151375447106 -229.71934947862727 -106.30480990476975 -898.0419544332403 448.00837132673894 -217.27785582332734 -113.87041856621435 -950.89285924588 388.63143359990914 -291.7064787741893 -68.58504626522563 -956.6919548240862 382.79469469237273 -250.18123605675942 -111.54217897966986 -891.4278583324261 458.6615120944567 -304.8538426334704 -65.65785564582293 -917.9669784657758 434.8194764907843 -313.03706875348996 -64.30809702549001 -886.6650545734745 476.8784964089755 -246.57907109312808 -106.70059751338515 -936.9764900411188 394.7683215053422 -239.2939000760079 -85.36305163877152 -922.9971352857015 421.88395989311584 -262.5113145500651 -102.28253270638042 -949.5851492304578 395.575896954177 -271.22202565782 -74.99761195869789 -941.0889398682137 403.9401246036801 -331.10733845242436 -59.23479453285897 -914.7175311963224 416.05386347649255 -266.3116671478034 -78.9382027196045 -872.9094130789745 471.7314149845084 -236.85528861077373 -110.36435915882795 -933.0243104010603 401.0655469106589 -254.71721927810407 -80.01800347837609 -897.0345745059944 433.2954941078484 -268.3982423346224 -87.69335109167544 -888.6105518506344 470.74586756219514 -220.33804114902821 -99.06128186006806 -899.8760770375366 440.95017233984424 -182.2514692529088 -122.71034274777641 -886.4018220787957 482.2164212445024 -322.514497742516 -60.08576538412313 -873.8621330111745 506.6768450842393
1320.0048193674556 1.7582782280750555 1.7582782280752096 0.0 3.624783426788641 1.758278228075061 1.758278228074968 0.8791391140375409 1.7582782280751188 1.7582782280750144 1.758278228075015 1.7582782280749873 0.8791391140375533 1.7582782280750426 1.7582782280751181 1.7582782280750726 1.7582782280749205 1.7582782280750329 1.9658148206668964 0.8791391140375368 0.87913911403751 1.7582782280750247 1.758278228075063 3.6247834267886097 1.7582782280748546 0.8791391140374889 1.7582782280751585 1.7582782280750486 0.0 1.7582782280750633 1.7582782280748792 1.7582782280750089 0.8791391140376122 1.7582782280750013 1.7582782280751035 0.8791391140375693 0.8791391140374387 0.8791391140375083 0.8791391140374948 1.96581482066682 1.758278228075133 0.8791391140374709 0.0 1.965814820666746 0.8791391140375362 2.486580916568978 1.7582782280750462 1.7582782280751075 3.6247834267886097 1.7582782280750264 0.0 3.6247834267885586 3.6247834267887353 1.75827822807501 1.7582782280750437 0.8791391140375296 2.4865809165690558 1.7582782280749982 1.7582782280750027 1.7582782280750837 0.0 0.8791391140375271 3.6247834267886976 0.0 1.7582782280750286 1.7582782280750329 0.0 0.8791391140375058 0.8791391140376659 1.7582782280749885 2.4865809165690225 0.8791391140375463 0.8791391140373782 1.965814820666797 1.965814820666814 1.7582782280750462 0.879139114037478 0.8791391140374849 1.9658148206666546 0.8791391140375316 0.8791391140375973 1.7582782280749878 1.7582782280750997 0.8791391140375123 0.8791391140374907 1.7582782280749985 0.8791391140376721 1.7582782280750746 1.758278228074969 1.9658148206668413 0.8791391140376108 1.7582782280750293 1.7582782280749967 3.6247834267885954 0.8791391140376025 0.8791391140375096 0.8791391140375368 1.7582782280750204 1.7582782280749842 0.8791391140375584 3.6247834267885684 1.758278228075074 0.8791391140374745 1.9658148206668054 1.7582782280748586 0.87913911403752 0.8791391140375617 1.7582782280750189 1.7582782280749507 0.8791391140374955 0.8791391140375103 1.9658148206668178 1.965814820666718 0.8791391140374641 2.4865809165690567 1.7582782280749918 1.9658148206670296 0.8791391140374971 1.965814820666716 0.0 0.8791391140375857 3.6247834267885293 1.7582782280750746 1.7582782280750056 0.8791391140375673 1.230794759652596 3.6247834267887744 0.879139114037547 0.8791391140376157 1.758278228075038 3.6247834267887082 0.879139114037531 0.8791391140375268 1.758278228075027 0.8791391140375238 1.7582782280750684 1.7582782280751053 0.8791391140374993 3.6247834267887895 1.7582782280749791 1.9658148206668777 -206.9486693581316 -124.51202705346415 -919.0778583090231 413.15525532767157 -301.21796883944074 -63.23712516138927 -929.1855737808996 409.38204381599814 -223.58976929333636 -102.83661117600286 -883.0774438450683 460.81714940369443 -248.70170990323518 -90.02551063845927 -887.2021647366425 467.02537229939077 -203.44683549645026 -118.56634340977058 -894.5257132943871 471.06270826617913 -173.42274697970404 -125.28242708080481 -891.8182118489855 442.53897498427557 -240.28532009062695 -113.66880292121677 -913.0595189810941 431.20786384333144 -290.4576735424752 -78.88897514502601 -883.8309952439892 449.83196190706667 -302.3027871108288 -68.17551938361986 -867.7079382066479 469.4719859662026 -261.84440861784384 -97.57866691188498 -898.5121784028167 457.9528663320523 -213.49483582636466 -110.94123127091538 -888.6176448001969 487.9294970388872 -251.30358568113095 -93.52752379312037 -913.589748752403 425.66802413712196 -230.2962602453187 -113.01094947489887 -906.8104264008867 425.39896052238583 -210.65217827993183 -119.35114097040213 -942.4173658566392 390.0575441148525 -220.15914148361944 -116.79208215355938 -856.9975745093683 484.5986118229929 -171.73655058220433 -130.43257202571263 -901.9683462052105 451.84588797654317 -215.53470095983164 -102.24250227358124 -880.0749035872607 468.6017853030634 -279.92403793387825 -74.9508409918808 -910.1987916031696 436.93745937046566 -232.94029609120494 -94.41971424115384 -879.129566881486 455.1709702263366 -276.1117403637224 -79.16755487469476 -936.3656734851286 402.17525412403774 -281.50464639240477 -70.874059772984 -885.3266591225791 443.55457992626316 -314.333892868965 -59.76089619025555 -864.8286004996261 511.4623148657596 -272.05556217504045 -102.31657944138077 -941.1527211864488 410.24463957989985 -262.4961155933617 -82.07166115992749 -876.7607716619644 461.67272618420867 -246.7439377147243 -114.1737753954319 -960.488992178128 376.95361721920915 -258.695865867213 -93.73757600929044 -870.6627960287478 461.2916903415369 -227.38979239335657 -117.67759572821261 -896.9382733601645 464.05634892012336 -204.660795126092 -113.72430538111306 -954.4840148182059 390.8123659478043 -245.86964799820643 -97.6353848476614 -885.0402004575037 454.8115201194695 -284.65438930076505 -77.97224729942687 -903.7256155707903 439.40106640522487 -217.56882598073582 -122.40116914563805 -862.672097699853 480.8205867468013 -320.7992986003442 -58.21817831671991 -891.7476245572634 455.267671830029 -246.20953567482852 -110.25277155258928 -887.8958503016778 499.5303372765672 -192.25218702500928 -123.37851000438873 -964.2128808794505 381.0169561445941 -217.59660923220375 -106.56108040726856 -914.2600642289183 442.07966851270925 -259.04899653656383 -89.4535782654776 -931.0435807270306 419.3315711194845 -265.0160424100077 -105.81892270512867 -899.213354014572 431.51959841167957 -255.86950605892397 -100.86170022571352 -890.106845017422 448.4282682652456 -287.80965273829446 -73.80091959390006 -865.2072525099272 474.66008163032393 -197.8852464836799 -108.99931464308214 -899.8231436610608 437.01826555382974 -228.85309228833967 -109.45631690698397 -931.65656002994 413.29774148851044 -237.7527518181564 -101.38202954146946 -940.1012994515036 395.8605700614976 -189.07977112739 -127.7837989678731 -874.1900058373112 467.30132204344227 -252.8818104010371 -98.07444836663521 -905.0924743947912 431.23423189783665 -269.01708460064987 -82.68695917678812 -892.7289933077815 476.92026088291203 -253.27616803421986 -83.92591765047031 -920.2824935498654 430.0329468536047 -234.74474076933666 -118.57438645245352 -880.36066144723 503.7115646925015 -180.28618480178162 -127.2462311290244 -890.4609049384608 482.3679008357222 -280.3279222921804 -82.00856363993827 -923.287861345825 407.63029046717014 -257.74393631612566 -104.98360733643679 -917.5524992281853 419.2593716715619 -200.76881153114888 -122.85204507422104 -904.8804158059038 445.3078097660094 -330.4422974127096 -55.064552641299194 -923.8993738847498 416.8099097209135 -233.08955190952966 -105.67618916075769 -896.3795970290895 449.0637361798051 -221.47904441043227 -112.56725889238984 -948.1884310783927 389.97668049411453 -295.55542074719307 -67.74948853215861 -955.1519812301826 384.7515598145783 -254.14749055157316 -109.40796099014482 -888.6993637274531 461.495336138409 -307.9113397000082 -64.05137130400021 -918.3790148609378 436.0668976260924 -316.7990567081854 -63.224342835635746 -884.5836803183428 478.1782664250781 -249.00583184473908 -106.27435835758936 -933.7350580632911 398.4950662418631 -240.50629605644986 -84.25470675711152 -921.8225215385814 423.5202810539068 -265.64358455676245 -100.81021686813106 -947.3554849953264 397.4776809376207 -273.4724770438506 -74.00362858255107 -938.1153647990584 406.47427935204126 -335.17903997739404 -57.856558871577185 -911.7797210557845 420.1432795662088 -266.47112372355764 -77.85727700456751 -872.1134412884354 473.0537519338195 -239.55995830617806 -109.1243214791657 -928.9325989659455 404.5479069013676 -257.5164517471328 -79.15327516867852 -893.750374390909 436.9866939973406 -272.81282487983685 -85.48880928127208 -886.9957545203233 472.63979788256324 -223.29489924285238 -98.81033649514428 -896.6513554588024 443.9443372457192 -183.6296604987242 -122.15949275489096 -882.9346658494288 484.0772179632695 -327.44233499438576 -59.361362880608965 -872.1029695532194 507.52631439125577
1330.0048193674556 3.6247834267885763 3.6247834267885506 0.0 2.486580916569051 1.7582782280750568 3.6247834267884254 0.8791391140374849 0.8791391140375373 1.758278228075013 1.7582782280750968 0.8791391140375173 2.4865809165688515 3.6247834267885537 1.9658148206668193 2.486580916569001 1.7582782280748828 1.7582782280750766 3.624783426788733 0.8791391140375373 0.8791391140374267 1.7582782280750635 1.7582782280751073 0.8791391140375088 1.7582782280750653 1.758278228075016 1.758278228075076 0.87913911403751 0.0 1.758278228075041 2.1978477850937437 1.758278228075 0.8791391140374759 1.7582782280749905 1.7582782280749096 0.0 0.8791391140377062 1.7582782280749953 5.274834684225192 1.758278228075015 0.8791391140374923 3.6247834267885866 3.6247834267884724 2.4865809165690385 2.1978477850938205 3.6247834267885577 1.7582782280750013 0.8791391140375489 1.7582782280749472 3.6247834267885555 1.7582782280749338 0.8791391140375229 2.486580916569085 1.7582782280749996 1.758278228075236 0.8791391140375218 0.8791391140375409 1.7582782280750424 1.7582782280748188 0.8791391140375544 0.8791391140373677 1.7582782280749827 3.6247834267886976 1.758278228075025 0.8791391140374546 1.7582782280750504 1.7582782280750089 0.8791391140375036 2.486580916569076 1.7582782280750082 1.758278228075054 0.8791391140374983 3.6247834267885555 1.965814820666735 1.9658148206668014 1.758278228075057 2.4865809165689643 1.7582782280750087 1.9658148206668429 0.0 1.758278228075009 1.7582782280750118 1.7582782280752325 0.8791391140375264 0.8791391140375744 1.965814820666878 1.7582782280752227 0.8791391140375283 0.8791391140374551 1.9658148206667838 1.758278228075194 0.879139114037523 0.8791391140375008 1.7582782280749971 1.96581482066688 0.8791391140375102 0.8791391140376725 1.9658148206668073 1.9658148206668928 0.87913911403748 3.6247834267887673 1.758278228075029 1.7582782280749556 3.6247834267885377 0.8791391140375872 1.7582782280750746 1.7582782280750189 0.8791391140375273 0.8791391140374536 1.7582782280751066 1.7582782280751301 0.8791391140375113 0.8791391140375343 1.965814820666763 1.7582782280750646 0.8791391140375153 2.4865809165690282 1.7582782280750158 1.9658148206668058 0.8791391140375057 0.8791391140375384 1.758278228075017 1.7582782280751614 0.8791391140375053 0.8791391140374836 3.6247834267885737 1.7582782280750586 1.7582782280750102 1.7582782280751248 0.8791391140375091 0.8791391140374255 1.7582782280751013 1.9658148206669752 1.7582782280750575 0.8791391140375033 3.624783426788641 1.7582782280749827 0.8791391140375138 1.7582782280748412 1.758278228075038 1.965814820666813 -210.25725020126197 -123.65872023253566 -915.9631206729354 417.0401313549109 -304.3061906081308 -63.17276987578464 -926.5128323187673 412.2740616135636 -227.88959895361026 -101.89877574773533 -879.2735507509851 463.8818293260937 -250.05752932452543 -87.8123823111059 -884.3674901187173 468.94840062993626 -206.16584978284845 -117.36390718091282 -892.1956933841407 472.84032216548775 -174.80470617555306 -124.71137622607573 -887.4962261082245 445.7400831045593 -245.10472909703043 -112.74555860551898 -910.7381703209729 433.7609548241125 -295.06276386750716 -77.2604707184047 -881.0312849042176 453.35907803311756 -305.14493379027283 -67.4209791679731 -864.5052305810448 472.48473962535115 -264.7880764189668 -97.14749605654931 -896.9105060824875 458.29818996353106 -215.85878740550012 -110.31692134158658 -885.2622259240526 489.9285544412983 -253.2712506983223 -91.63170821572282 -910.3608556451626 428.66179630494594 -233.64377120084586 -112.30833068892426 -903.6709520644748 429.2657171301743 -212.00452778818723 -118.74230785031163 -940.7151880988503 391.825219402288 -223.6526556454877 -116.60818823195166 -852.8837269893932 489.55824748745295 -176.07413203942758 -129.70086727134282 -900.3680838769789 452.19882070223844 -219.71734322637687 -100.87227326242113 -878.2411649731363 469.4322708257049 -284.4531652032877 -73.10738333735405 -908.7815856356248 439.0593249104158 -234.41613881770533 -94.24411247798312 -874.8967528695521 459.2535765564107 -279.1828788091398 -77.58610863896538 -933.4843614387656 405.57667430166777 -287.41256692279717 -68.53454166077061 -882.0012385912916 447.2060693283341 -317.1755739922539 -59.004415151983615 -862.8933728706263 510.8235963818932 -276.9937423823751 -100.1405794502532 -939.8178832466374 411.6920660261959 -264.9656592010016 -81.75683399989389 -873.2074382102395 464.27166110411804 -251.24008496184612 -113.8446547318012 -960.4827704127401 379.20484643697995 -262.26570967545035 -92.07622834057113 -867.6667857788505 463.7982254851377 -230.7474185849458 -116.99206414197734 -894.6376463802995 465.87166174859436 -206.0235437158826 -113.12213302359075 -953.3130258048355 392.45191238272133 -248.13718848723272 -96.68132864738618 -881.3880586061777 458.06384258428733 -288.7224450709099 -76.28428115631095 -901.6115604719444 441.4481663142763 -218.79278120647942 -121.30943790290462 -858.9044161410235 484.6815526176991 -325.34945105062786 -57.88793839256079 -889.4659098716172 457.1031043839715 -249.73755697177978 -108.42455275184184 -886.2472706040735 500.64804072849097 -194.56866091856006 -122.56083343186843 -962.6156216099231 383.661359401369 -220.83080846611023 -105.43813831328039 -910.5538733000081 444.4950615492484 -260.99662634821243 -87.5419730478903 -929.4273885965866 421.96155556626877 -270.68142346034796 -104.26807534225937 -895.0600839005542 434.9286979393249 -259.03621064696415 -101.14954538738336 -887.1860584083546 451.4201174945415 -293.0087715126376 -70.9241406737404 -862.9753765542835 478.8149636610822 -199.19001699364156 -110.18192659196143 -895.508330650347 440.23170197323725 -231.40913885703824 -107.71532184843413 -929.2981526624793 416.5621013377533 -239.07545876219987 -98.96151115960463 -938.3981584404795 397.62604070825785 -191.14832658413425 -128.03024259035251 -870.9368158368899 470.26623559983864 -254.60391020190414 -97.02794108458733 -901.4117624363381 435.2177171132549 -273.17093514049986 -81.26377623426085 -889.8481648155472 478.77683596625684 -256.53363983487355 -82.87385626630838 -919.0958989667295 431.6593395380228 -238.23241972875013 -116.54966599954201 -877.9345246100901 505.42584995881487 -182.07971944907231 -126.3224057601702 -888.4712831994412 484.6406946021772 -284.4000179630123 -80.33021851863931 -919.3330855701037 411.277077553368 -263.33120220507135 -104.00262228867157 -914.4290963656492 423.1394098855592 -203.19772540908716 -122.49094765804064 -902.2989517822978 446.78073172304084 -335.20565531378156 -53.87987561379338 -921.5555990009619 417.8159509804726 -237.64622582081935 -103.85448615130983 -893.8761080884113 451.40491554176737 -224.30481406258758 -111.7912873715857 -946.9136327910553 390.73960642079027 -297.0682829735148 -66.17365086032885 -953.4510409690471 386.52048767955233 -257.27876891723196 -107.93416620341601 -886.7141201702148 463.70764364839243 -311.83734775074447 -63.42667963789741 -916.433631631155 438.3096620752108 -320.34724446705087 -62.99326550483638 -882.3163529618946 480.844542036825 -252.45731492755607 -104.20105871932329 -931.8136191478559 400.76060818647437 -243.0577758396791 -84.24907373317681 -919.4798939501982 424.5224743353515 -269.81689592659006 -99.4385844788964 -945.8653064191732 398.7420720536868 -276.54449358697605 -72.4286304776261 -934.7031465809872 410.00277688892766 -339.3399602336296 -57.74316820638987 -908.870873076759 423.52390573887925 -269.6278490109912 -76.51828646807704 -869.5721629584899 476.1157062461697 -241.63441603319865 -109.27560336453615 -925.6326262863797 406.694286256962 -261.8408675826154 -78.23152779932461 -889.053074422621 440.5009143448207 -277.4294365481191 -83.90351064090702 -885.5114078948131 474.71020746792897 -226.39288530772816 -97.1829151425454 -893.3088607341754 446.0277985730766 -187.01718506147355 -121.60579879195896 -880.0288618585132 486.734355211123 -332.2879279033351 -58.40666086386036 -870.009876006429 508.80775399696824
1340.0048193674556 0.8791391140375011 0.8791391140375148 0.0 1.7582782280748588 1.7582782280750007 3.624783426788756 0.8791391140375295 0.0 0.8791391140374849 0.8791391140375656 1.758278228075028 1.7582782280748264 0.0 0.879139114037595 3.6247834267885755 3.6247834267886536 1.7582782280750249 1.9658148206669317 0.8791391140375538 0.8791391140376592 0.8791391140375125 0.8791391140374496 1.7582782280750342 3.6247834267886336 1.7582782280750413 1.7582782280749623 0.8791391140375364 0.0 1.7582782280750469 0.0 0.8791391140374992 0.8791391140376131 0.8791391140374823 0.8791391140376024 1.965814820666801 3.6247834267885564 1.758278228074979 1.7582782280751585 1.7582782280750642 0.8791391140375098 2.48658091656909 0.0 1.96581482066682 0.0 1.758278228075054 0.8791391140374873 1.7582782280749776 1.7582782280750267 3.6247834267885666 0.0 0.8791391140374655 1.7582782280750426 0.8791391140375248 0.8791391140375473 1.7582782280750089 1.7582782280749376 1.758278228075018 1.7582782280750984 1.7582782280749398 0.8791391140375207 1.7582782280750742 0.0 1.7582782280750118 1.7582782280752025 1.7582782280750262 0.0 1.7582782280750202 3.6247834267884946 1.7582782280749842 1.965814820666827 0.879139114037538 1.7582782280749556 1.7582782280750477 0.8791391140375546 1.7582782280751181 5.274834684225037 0.8791391140374976 1.7582782280751943 1.9658148206668278 1.7582782280750215 1.7582782280750688 3.6247834267885706 1.7582782280750007 0.8791391140376512 0.8791391140375482 0.8791391140374595 1.7582782280750666 1.7582782280749445 1.7582782280750222 1.7582782280751783 0.0 0.8791391140375147 1.7582782280750584 1.7582782280751998 0.879139114037487 1.7582782280749687 1.7582782280749565 3.6247834267883885 1.96581482066682 1.7582782280749776 0.8791391140374876 1.7582782280749254 1.758278228075008 2.4865809165690727 2.4865809165690473 1.7582782280748632 1.758278228075068 1.7582782280748228 0.87913911403753 0.8791391140374988 3.6247834267885906 1.7582782280749174 1.7582782280750135 1.7582782280749925 0.8791391140374872 1.7582782280750713 0.8791391140375194 1.9658148206668178 1.9658148206668438 1.7582782280751805 3.6247834267886323 1.7582782280750413 0.879139114037487 0.8791391140375778 1.7582782280750584 1.96581482066683 0.8791391140374645 0.8791391140375624 0.8791391140375179 2.4865809165690336 3.6247834267885835 1.7582782280749065 1.9658148206668045 3.6247834267886594 0.8791391140375308 0.8791391140374581 0.8791391140375376 0.8791391140374254 1.7582782280749447 0.0 -213.61699168192047 -122.97205193322243 -912.8814910192278 420.21282530083926 -308.3632715881803 -61.46341505016127 -923.1263307713439 415.077071178872 -231.084909633224 -100.67373887795173 -875.5912434648349 467.1000436360546 -252.99865498462128 -87.35882610641568 -883.3281290278991 471.59996813086644 -208.24212899302114 -117.55217833054836 -890.0964893307181 474.1050600575121 -177.52977084571424 -123.53252162044537 -883.7986041310029 449.32568154348127 -247.895139965742 -111.85908427768322 -906.3456647971192 437.64687602075486 -299.8774667507515 -74.7655849400297 -877.2936961616031 455.7235745401696 -306.73809507716436 -66.07365081471103 -861.8048523259491 476.1315706288006 -268.49315882238204 -95.89205397873368 -895.2175647342752 460.8837000042742 -218.41571878334312 -110.34905084849113 -882.4735105636661 491.92620623255283 -257.1326926025522 -90.86291269147493 -907.7245766399489 432.38286732505276 -235.98098231338867 -111.58560791827082 -901.0140789262571 431.42012554469846 -215.76022014494328 -117.68330152930024 -938.4736730104912 393.7132203229258 -226.3283793711789 -115.31147960978605 -852.6119539833783 492.77243831502466 -178.74226571558603 -130.30228100235126 -897.6236076609218 455.01974423943255 -223.6077081396435 -100.24611813429144 -875.6159961045602 472.42457533488243 -288.59587124160305 -71.63638891039393 -904.6143478137271 444.0021661320995 -236.91567309633157 -92.4257344511063 -872.6123318754267 461.08657444247063 -282.70568378045095 -75.82134337317235 -932.3935326296095 408.08143916717734 -290.92984946128513 -66.76385759750816 -877.964704997066 449.2012739954928 -321.10138906462026 -58.37867424185415 -859.8071066348925 508.92363820420417 -280.82389684493444 -97.77093317758855 -938.6921794739118 412.6305009419875 -268.43303162162823 -81.32263979929004 -869.2565566472352 467.1471528035798 -254.95459209765605 -112.6493252788908 -958.0333921349176 381.6022793155657 -265.19789604389024 -91.5926876578578 -863.5017335866255 467.204488869407 -234.0981844825494 -116.24069955603127 -892.3858861938129 468.54717946568803 -209.37922609515132 -112.4335764080742 -950.0138676951715 394.601341819364 -250.76485193157467 -96.8533443478234 -879.3182742773454 460.9543934615506 -293.30830827470896 -73.8737301876152 -899.0266447575807 442.90684110058976 -221.2737820666347 -121.09787685330365 -858.1584106994601 487.97956142235626 -327.8133604831355 -57.52555508831241 -886.4031387445625 459.5281840901065 -252.75511383441506 -108.22460874902019 -883.4076079999209 500.50968786042694 -197.52899384628216 -122.2729429567903 -959.635234803932 386.1874686826786 -224.11510492942264 -104.46514290229524 -908.5777865082847 446.71363651766086 -263.0734818278115 -86.05771008442764 -926.4145702073342 424.4494203281583 -273.53117060075726 -102.02087961640028 -892.9355030011708 436.9576029528908 -262.5910709597493 -99.44533568603734 -883.1333305946196 454.95027771286374 -295.60457875401517 -69.47935775110318 -859.9326032106064 480.78262429436285 -200.76682977015525 -112.28545790974783 -892.5789968094975 443.21559724585484 -235.28293383328403 -107.03508517737049 -926.0683258016014 419.55452401229377 -242.55066755529086 -98.61779880342287 -935.4042403184023 400.1380648830933 -194.8011014563933 -126.56694068704888 -869.267869105828 472.8700761078952 -258.31356615691465 -95.80048695907787 -899.1323442507322 437.0592024598069 -276.6940810848552 -79.5065639212007 -887.2456898270465 481.0013632004643 -258.30597302208537 -82.0177109021921 -916.7440753982626 432.638247678204 -241.71649267501596 -116.23360222999379 -874.4461349696404 504.94031340330054 -185.7443405381803 -124.88997068759662 -884.8450882945788 486.26183821932494 -288.0827585571172 -79.02363048958415 -917.0686848027833 415.04535538606603 -267.26605919865983 -101.91237610634033 -910.8065189777319 426.423722445124 -206.09056947111398 -121.9669747765598 -898.4877389488244 449.8350761550734 -338.2116810942296 -53.58297044936318 -918.6947493655897 420.48978052248765 -239.28592590772567 -102.57253536330586 -890.1357102255025 453.76188434734655 -227.11133352831516 -110.95374978769661 -945.0480165592852 392.3146788245308 -299.20372806973626 -64.89235093026329 -951.6456096149984 387.4093920777356 -260.6055895807396 -107.09644721605842 -884.5578884175349 465.7055927608596 -315.13885169809333 -62.50559312737858 -914.3875745008924 439.66096804257114 -323.271058649582 -62.46646415433467 -880.1999642782337 482.08723087108564 -253.3174894379717 -103.66790712509003 -928.8161042478005 403.26581936102235 -244.99170945873774 -83.87216821287404 -917.2147216950854 426.38039204696327 -274.3549785225956 -97.61719159755711 -943.6212940255288 400.6260751606095 -278.08891501526324 -72.40004065612028 -931.7979814415596 413.3789423099441 -342.90942499450983 -57.42632217365816 -905.5346995689996 425.61869714705387 -270.38853741534496 -75.73233877299795 -866.8075645072001 478.8767891488383 -243.50407358610295 -108.684473111392 -925.0663760876432 409.07062071138705 -263.6080649881344 -77.3574708756043 -886.1597244039677 443.1356199005542 -280.8689433694237 -81.91222734002801 -882.5428180208859 477.2621432352228 -229.88237572337445 -96.90050798355931 -890.562789409569 448.8508745880608 -189.54461044500516 -119.69282101612654 -878.1496036724853 487.4502256007326 -335.2939541348815 -58.10975841717036 -867.6135548247994 508.33735195548115
1350.0048193674556 1.7582782280749907 1.7582782280751514 1.9658148206667718 0.0 1.758278228074985 1.758278228074984 0.8791391140375071 1.7582782280750726 1.758278228075029 1.758278228075201 1.7582782280750673 0.8791391140374217 1.7582782280750426 1.7582782280751936 1.7582782280749762 3.6247834267887793 1.7582782280750344 1.7582782280750393 1.758278228075036 0.8791391140376271 0.8791391140375173 3.624783426788744 0.8791391140375213 1.7582782280752007 1.7582782280750442 0.8791391140373594 1.758278228075065 1.758278228075063 0.8791391140375381 1.96581482066676 0.879139114037482 3.6247834267885417 1.7582782280749947 0.879139114037364 1.758278228075109 1.7582782280750182 0.8791391140375023 1.9658148206668504 0.8791391140374882 1.7582782280750737 1.965814820666828 1.7582782280750469 0.0 1.9658148206670076 0.0 1.7582782280751366 1.758278228074995 3.6247834267888015 1.965814820666779 1.7582782280749298 1.758278228074985 0.0 0.8791391140374821 1.9658148206666861 0.8791391140375275 0.8791391140375752 1.7582782280750362 0.8791391140375163 0.8791391140375421 0.8791391140374506 3.624783426788641 1.7582782280750686 0.8791391140374908 0.8791391140375373 0.8791391140375056 1.965814820666711 1.7582782280749871 0.8791391140375401 1.7582782280750768 1.7582782280749505 1.7582782280750404 2.4865809165690083 1.9658148206668828 1.9658148206668824 0.8791391140375062 1.7582782280749827 2.7800819805009995 0.0 1.7582782280750533 0.8791391140376387 0.8791391140374943 0.8791391140374468 0.8791391140375004 3.6247834267886003 1.7582782280750333 1.7582782280749303 1.7582782280749467 0.8791391140375703 0.8791391140375644 1.7582782280749174 0.879139114037545 1.7582782280748444 1.965814820666824 1.7582782280749563 1.7582782280750047 0.8791391140375366 2.486580916568997 1.758278228074941 0.8791391140375433 2.486580916569125 1.7582782280750613 0.8791391140375746 3.6247834267885923 0.8791391140374955 0.8791391140375133 1.7582782280750637 0.879139114037515 1.7582782280749447 1.96581482066683 0.8791391140375822 1.7582782280750877 2.486580916569087 0.8791391140375263 1.7582782280749698 0.8791391140375179 0.8791391140374681 1.758278228075037 1.96581482066684 1.7582782280749876 0.8791391140374285 0.8791391140374754 1.7582782280748657 0.8791391140375219 1.7582782280750326 1.2307947596524702 1.758278228075053 1.7582782280749802 0.8791391140375251 0.8791391140374959 1.9658148206668258 0.0 1.9658148206668649 1.9658148206667905 0.8791391140374722 0.8791391140375053 0.879139114037424 0.8791391140375034 1.7582782280751115 0.8791391140375344 1.96581482066695 -216.3502960978434 -121.88086792490734 -909.3901847526037 423.6667910918227 -312.076670811768 -61.685805510333246 -921.3876708586776 416.8105983832983 -232.8596929827092 -101.38674413239634 -874.5589269293132 469.0101631195556 -255.38528171422396 -86.79435981299416 -880.5267768577594 473.57085165429913 -210.90885908188665 -116.23644166946997 -888.7854124323268 475.6158312414878 -180.4857614402806 -123.24106331979809 -880.8929307068934 450.3364047002948 -250.3644732003901 -111.54496682432674 -903.1301267319891 441.4508010115328 -303.98191734322944 -71.73940894843464 -873.0955817056122 459.10187478663994 -309.28330142014477 -65.93611886400551 -858.5426304514391 478.2721505857085 -271.0989626395152 -94.46218054459501 -893.1903431876025 463.05466211554455 -219.3477451064923 -110.06829087677238 -878.5440861375855 493.9041030530164 -259.1355299783015 -90.68626421437227 -905.2783929968986 435.5842988501831 -239.15620730521934 -110.29225627074848 -898.262361317578 434.23703215934836 -218.08999394818508 -116.96732918746737 -936.620867866068 396.83576236761047 -227.40800720600765 -115.47763201330854 -849.729948359962 495.79035542307344 -181.02959962184852 -129.43548376442257 -894.9779260461195 457.98824657263935 -226.4661402437935 -99.59244195576393 -873.4624218809495 474.4965159238359 -291.43803185233895 -70.88061310794349 -901.3171278938875 446.9173786940497 -239.84946245448344 -91.96418642838287 -869.0380688471186 464.5086671914817 -285.5480039314963 -75.06764742247024 -930.283507681407 410.1331652787709 -294.3136692401547 -66.0729826984058 -874.5346750620068 452.7461367710638 -324.4005393866212 -57.444701916390414 -856.3187770753659 508.4379496387101 -284.34327176559015 -96.00559786167754 -935.5876033021666 414.2386018081379 -269.9500774237493 -79.74995093023291 -867.0854873292693 470.04835278508943 -258.26420190402433 -110.242361640651 -955.9471553579995 383.6740811142282 -267.583062195777 -91.01411707940294 -860.2230720043617 470.21553567666746 -237.03835066876854 -115.8065442003836 -890.0275060652295 470.26420800931135 -212.04145233161546 -111.121030019585 -948.0758392173127 396.8536431307391 -252.99830314243712 -95.83471873850522 -876.9683584139445 462.688948978813 -297.41453483046865 -72.6642051957304 -895.9560826719758 445.3227374644713 -222.99316263061613 -120.04446451601798 -856.1013635998261 491.49162901356794 -331.5269834566102 -57.73799934900513 -883.5560977640299 462.2706560064975 -255.21861326395094 -106.36106648594878 -879.5852376429694 500.58380411671124 -199.80902353535896 -121.35737083167807 -956.5810789892175 389.38523989042767 -226.8067303267078 -104.88926491760621 -906.4318075680366 448.71717802720076 -266.76158694435935 -84.76669103203679 -924.6756132441342 426.1793477014665 -277.920369597498 -101.261001523652 -890.4638798233356 440.14047053080344 -264.9796012644374 -98.87672448679459 -879.8727422020244 457.0993019373621 -299.8249066410535 -68.22738364063513 -858.1015291638986 483.5310172718239 -202.86233705034158 -114.21117960986027 -890.2682560173145 445.0255733953888 -236.98590169965624 -105.96569030433395 -923.6416753727283 421.21587346623306 -245.0222010845023 -96.75825936770376 -933.7665278841611 402.7532877034815 -197.61227530851687 -125.75084088682611 -865.4493919232765 475.0756487089519 -260.7810490883209 -95.46179743369633 -896.6745200611033 440.2538931639491 -279.07639492626544 -78.91917647909342 -885.3385072538126 482.55608341802906 -260.0130680092904 -82.45662069779688 -915.7563811631494 433.7449113586924 -244.88323895762022 -114.92532788970551 -872.2770199762338 503.81811470220055 -188.16053289027025 -124.47063122122323 -882.8789314902077 488.6489505305259 -291.7295789165278 -76.1659327167314 -915.4112831936538 417.65316236744843 -270.6579662393042 -101.25186746465677 -907.8370519081133 429.74702672815226 -208.97385212934958 -121.37050569443527 -896.0848659772356 452.31640009102813 -343.2146246053731 -53.03171172243313 -916.0416262108675 422.6451044236661 -241.4467342474536 -101.34151794366818 -887.7143507789882 456.2124123311038 -230.59019821694827 -110.61148872820469 -942.731287799496 394.87548797522453 -304.50764339890577 -63.76831609505047 -949.083808760271 388.911212953188 -262.75401743484224 -105.84062381700599 -881.906628192654 467.90926662942314 -318.3541540420347 -61.34843452616498 -911.8678526290943 441.9876725587659 -325.7368029948553 -62.09006541640113 -877.4987570918058 484.17130225262395 -256.3174592188986 -101.87063317581485 -927.5506460516997 405.5679565253862 -246.15157846942853 -84.24838572147101 -914.1796790718447 428.8381759722707 -277.0396147951076 -96.41539840213404 -941.9874916520363 403.2483291736399 -281.17725093423775 -72.33673645897015 -928.772745856931 415.8530079385268 -346.09509135308525 -57.00324575385356 -903.1717440151986 428.1421253378911 -273.3134684069284 -75.21250091540797 -865.5459228581276 479.641786002351 -246.82775203904197 -107.83474584447056 -922.8811992638117 411.80017236621194 -265.61251125028167 -77.16742656274543 -882.9100838380191 445.3163497688248 -286.0111543651745 -80.33965039813361 -879.7214891166639 479.21547522423685 -231.90926711672523 -95.21881947953757 -887.0281352731268 450.6651942947148 -192.0946407961687 -119.73667360548953 -875.0739933843139 489.85448618402233 -338.7547448421259 -57.6221957353229 -864.1247622617275 507.8548108933547
1360.0048193674556 1.758278228075011 3.6247834267885324 3.6247834267885297 3.6247834267886034 1.7582782280750144 3.6247834267884005 1.7582782280751168 1.7582782280751346 1.75827822807508 1.7582782280748912 0.8791391140374989 3.6247834267885906 2.4865809165690664 0.8791391140374784 2.48658091656905 1.758278228074927 1.758278228074996 1.758278228075206 0.8791391140375332 0.8791391140373934 0.87913911403751 0.8791391140374814 0.8791391140375276 0.8791391140374375 0.879139114037507 0.0 1.758278228075062 0.0 0.8791391140375115 1.96581482066676 1.7582782280750047 1.7582782280750402 0.8791391140375273 0.8791391140374439 2.486580916569018 1.7582782280751843 0.8791391140375463 3.6247834267887002 2.7800819805011274 0.879139114037456 1.7582782280750737 1.7582782280751297 0.0 1.758278228075013 1.9658148206667905 1.758278228075118 0.8791391140375474 3.624783426788737 1.9658148206667414 1.96581482066682 3.6247834267886585 3.6247834267886243 1.7582782280750793 1.7582782280750864 1.7582782280750118 1.758278228074841 1.7582782280750042 1.9658148206667998 3.6247834267885266 1.7582782280749092 0.0 1.7582782280751543 1.7582782280750187 0.8791391140376186 1.7582782280750267 1.7582782280749765 1.7582782280750695 1.7582782280748908 0.8791391140375204 0.8791391140375446 0.8791391140374953 0.8791391140374493 1.7582782280749878 0.8791391140375963 0.8791391140374957 1.7582782280750804 1.9658148206668618 1.9658148206668364 1.7582782280750622 1.7582782280750096 1.7582782280750198 1.7582782280749072 1.7582782280749927 3.6247834267887113 0.8791391140375097 1.965814820666726 1.7582782280749532 1.7582782280750608 1.7582782280751077 0.8791391140375516 1.7582782280750748 1.7582782280750313 1.965814820666804 1.9658148206668185 1.75827822807507 1.7582782280751075 1.7582782280750713 2.486580916569081 1.7582782280750326 1.758278228074877 1.7582782280750215 1.7582782280749907 0.0 3.6247834267886705 1.7582782280750218 1.7582782280750358 1.7582782280750715 1.7582782280750804 2.4865809165690327 0.8791391140373948 0.8791391140374842 0.8791391140375308 0.8791391140375183 0.8791391140374709 0.8791391140375334 0.8791391140375749 1.7582782280749503 1.9658148206668884 0.0 0.8791391140374764 1.7582782280751046 0.8791391140375764 0.0 0.8791391140376825 2.4865809165691064 1.9658148206668504 1.7582782280749503 1.7582782280749596 1.9658148206668 1.758278228075184 1.7582782280750109 1.9658148206667345 1.9658148206667665 3.6247834267885546 3.6247834267886065 3.6247834267885843 1.7582782280750215 1.7582782280751 1.758278228075087 1.9658148206669264 -219.37748788364823 -120.1322425419319 -906.1535507054181 425.87350504353316 -316.45437203340094 -60.856179790521175 -917.7870718507957 420.9107488562026 -236.9459286554099 -99.74670067866718 -871.1754829257662 470.97790690073714 -257.55154261039723 -87.06524603457076 -877.5916480908818 475.30606562385583 -213.08798491001184 -115.02534937594089 -887.6788117135958 476.58393253595983 -183.83618316317714 -122.51380960822596 -876.506833192304 453.87107778371484 -253.80943447298725 -108.80422564823759 -900.900511054667 442.51765062304503 -308.11356908746797 -70.23902063491651 -871.6371750855924 462.35350764023593 -313.2249668587305 -66.05197779150117 -856.576465523311 481.981275697847 -273.69643591106546 -93.02100930615893 -890.5223600287247 466.064086118538 -220.58474068241736 -110.69026538436835 -877.0378326782865 495.242763542729 -261.89781569487246 -89.71275712240038 -902.6607366112535 436.97657474338405 -240.84501677537975 -109.19883277648684 -896.6057903374566 436.09836413382715 -220.33820076079672 -115.97264391915168 -934.2811860032909 399.3730829994006 -229.4159048150869 -115.31875012971196 -848.4056275012709 498.3276388622876 -184.58912840230494 -129.41159859297738 -891.6461218826192 460.0432577387619 -228.6265515244158 -98.35198793883454 -870.369594279673 475.9730540139747 -294.4865228797441 -69.2599007314043 -898.9999223984156 449.53226431200517 -240.99747396321348 -90.79178140153792 -865.4935689764199 467.13962023683223 -289.45392034355024 -73.6612159702482 -928.2344818949009 413.046668868736 -299.153981499053 -65.09901037540894 -870.4282490631232 456.3090236035946 -327.0633658206026 -56.19825407904497 -853.0732917985865 506.20809629345285 -288.5306417649968 -93.20978278273536 -932.3197877788339 417.18885045237164 -271.49445655428076 -79.71697159714073 -862.797585027767 472.411192577822 -261.5519353726441 -107.80111353067419 -952.253063263232 386.10534496720544 -269.80213544960264 -89.96677803653327 -855.9176313641523 472.5027276291556 -240.19719232466358 -114.47655822855181 -886.2033003869271 472.44143102305094 -212.91202233386161 -109.04015091372607 -945.9640187720929 398.9000528651218 -255.76385759478833 -94.86611982511415 -874.6846305734122 465.53624750055474 -302.018382941063 -69.95760945028961 -893.208124171693 447.3401188021105 -226.39246628320046 -119.44852854177837 -855.1855155432181 495.19500727148323 -334.8138495758357 -56.76976055122638 -882.0739364939316 463.540414952228 -258.6674842822234 -104.38436901177982 -876.0910355468046 500.1615428272401 -203.391922482093 -119.72523754742397 -954.228835893644 390.3730467534147 -229.58575904110492 -103.96217412737144 -904.9711615209496 449.1921179715671 -268.6857119464549 -84.34384869166267 -924.4365318362337 428.23666339815975 -281.1137652481474 -98.57336678070533 -888.0177288383372 443.4345020663191 -266.82046329171885 -98.22615008485403 -878.2219622560372 459.03653951789954 -306.3357891433145 -66.12238500330508 -856.7670070360772 487.44660292515346 -205.95091133047342 -114.26528934734918 -886.2825877754962 448.47748168116004 -239.6024892913976 -104.55754088517894 -920.4233014244853 425.01834751056793 -247.7117653857336 -95.56795063994166 -931.038246847203 405.59007698632547 -199.4767776017966 -125.1719496929875 -862.5570878139386 476.8937748696613 -263.46390662697365 -94.25800341373197 -895.2470274794787 441.60355131854834 -282.21174200707065 -77.53577611263205 -882.4429805389259 483.38478475256727 -262.9389331339257 -81.93947275621585 -913.7336860154272 435.9228121378442 -247.64262750005952 -112.42677286623473 -868.348525733943 503.5512874197429 -191.22291475312 -122.78438147936116 -880.6050467365584 489.5956106111668 -296.24023214485754 -74.28128943428023 -911.9588008593089 420.36830330996054 -273.8816110818723 -100.112534120721 -906.0474598524149 431.42790009223455 -212.08273657478406 -119.87322471371971 -893.3234064824691 455.14807425340365 -347.04355243464494 -52.11283271268219 -911.9567989251929 426.15034874083807 -244.218412062163 -100.38565708012308 -886.35743672028 457.7166966184543 -233.910868098377 -109.75594467276395 -940.46394639854 396.7266747854833 -308.8447225818024 -61.40730544629366 -945.515044196145 389.95352912984015 -266.11879859843935 -103.62607651085906 -880.5084123179711 469.3513019030449 -323.5284741581352 -61.2647400618483 -910.3699037611773 444.0521284560189 -330.19601672962557 -61.47610111280203 -875.1421257016196 484.91520964325 -260.00670528436666 -100.58068559671473 -924.8952777716593 409.27778350343544 -248.4565700540333 -83.444300712091 -912.5495719930359 430.71607759845756 -281.3131312967708 -93.85594673133329 -939.9416123345984 404.5988489836856 -283.5583069995697 -71.74147329263272 -925.2986597196907 418.9432736462322 -350.7521001129499 -55.51126872606005 -900.7505552613086 430.6207577525927 -276.237029333275 -74.68436126107893 -863.1886971555514 481.43386045922375 -250.27933224635763 -105.86433231438323 -919.7108176729201 415.2627950776139 -267.23953668257286 -77.36515566683566 -879.8567227386472 448.60501419381296 -289.1924731993544 -77.63907582647788 -878.0295682496785 480.18516549986595 -234.52523183995748 -93.80920713782494 -882.7490269664753 453.9218960841124 -195.82730281604495 -118.59343015249435 -872.4775805749986 491.21639397762715 -342.01280455068957 -57.96433028004124 -859.5435381496151 507.36018961614474
1370.0048193674556 1.7582782280749776 1.965814820666754 0.8791391140375427 1.9658148206669683 1.7582782280750144 1.7582782280750486 1.7582782280750306 1.7582782280748324 2.486580916569055 1.7582782280751392 0.8791391140374908 0.8791391140375969 0.8791391140374848 0.8791391140373754 0.0 0.8791391140375346 3.6247834267885444 1.9658148206669517 3.6247834267886874 1.7582782280752136 1.758278228075001 1.7582782280751315 1.7582782280749871 3.6247834267886425 0.879139114037549 1.9658148206667745 0.8791391140375192 0.879139114037377 1.758278228075026 1.96581482066676 0.8791391140375024 1.7582782280749458 1.7582782280750011 0.8791391140375067 0.8791391140375208 1.7582782280751639 0.8791391140375171 0.0 0.0 0.8791391140376374 1.9658148206668717 1.9658148206668233 1.965814820666754 1.9658148206670076 1.9658148206668613 1.758278228074902 1.758278228075079 1.9658148206666362 1.7582782280750533 0.8791391140375232 0.879139114037554 2.4865809165688426 0.8791391140374978 0.879139114037512 0.8791391140375181 0.8791391140373621 1.7582782280750935 1.7582782280750344 3.6247834267886643 3.6247834267886754 1.9658148206668538 1.9658148206669148 1.96581482066681 1.7582782280751512 0.0 1.7582782280749338 0.8791391140375328 0.8791391140375683 0.8791391140375114 0.8791391140375608 0.8791391140375275 1.7582782280749587 3.624783426788633 1.7582782280750846 0.8791391140375453 1.7582782280751874 1.7582782280749705 1.7582782280750187 1.758278228075065 1.7582782280750526 0.8791391140375313 1.7582782280751728 0.8791391140375214 0.8791391140374594 0.8791391140375417 2.4865809165690007 0.8791391140375495 1.7582782280750315 1.7582782280749827 0.8791391140376386 1.758278228075045 1.7582782280749218 0.8791391140375159 2.4865809165691486 0.8791391140375178 0.8791391140375202 1.9658148206667785 1.7582782280750007 1.7582782280750473 2.486580916568994 0.8791391140375225 1.7582782280752072 1.9658148206669124 3.6247834267885337 0.8791391140375233 0.8791391140375545 0.8791391140375419 1.758278228074939 1.758278228075038 2.48658091656906 0.8791391140375298 0.8791391140374534 1.7582782280749327 1.7582782280750853 1.7582782280751126 3.6247834267885755 1.7582782280749687 1.965814820666798 1.7582782280750497 3.6247834267885746 1.7582782280749747 0.8791391140374932 0.8791391140375194 1.7582782280751086 3.624783426788609 1.965814820666823 3.6247834267885826 1.758278228075207 0.8791391140375349 0.8791391140375262 1.7582782280749747 0.0 0.8791391140375161 1.7582782280748548 1.758278228075007 0.8791391140374559 1.758278228075069 1.75827822807486 1.7582782280750051 1.965814820666932 -221.9283631116581 -120.04293096543961 -902.8679931910494 428.843596031299 -320.19509246160914 -59.707794313915336 -914.9494507399961 423.62600275941844 -238.63007183544954 -98.64172142228732 -867.388258971723 473.2181550002722 -259.0634311742577 -85.489586459409 -875.2337985584438 477.10587197927276 -215.86746963735325 -114.09102273167026 -885.6696110424633 477.97121475255403 -185.6957345244701 -121.92842440275892 -873.1109001733143 455.8299375728936 -257.1150387057516 -107.8979957090626 -899.9603264427668 444.6283586251362 -310.23390130194724 -68.93346855938336 -867.6213136657443 463.1512787451853 -317.1987208939198 -64.82602499514786 -852.6086341364586 484.99463603456485 -276.9961259725681 -92.09577625512739 -887.6979741550177 467.9914703732353 -222.81686444919484 -109.66996038151954 -873.8654450486994 496.544741033344 -263.7377561129218 -89.05649220207975 -899.4302576061843 440.0385123143528 -244.31477969221572 -108.76377974535441 -892.9756007387724 439.40439959920786 -222.41571509295954 -114.49975321867848 -933.6480512433716 403.3075697987011 -232.64985834296485 -114.20662283255774 -846.175774156014 501.573124139067 -187.02010398889757 -127.36698949605744 -888.5592251547937 462.48734261798575 -230.8550512828548 -97.32460864157528 -867.986975319374 477.75115973083496 -296.81981733336096 -67.10273934221328 -894.7662687573658 451.9957919467474 -245.06465153486863 -89.10559152057691 -864.3287427554144 469.1124867885412 -293.7915910565436 -71.29811773190622 -926.7559247969618 415.1271905514703 -303.40198539246023 -62.49197019539406 -865.966344206029 459.34084454713354 -330.97016541467633 -55.48172978826503 -848.6899656781541 507.2390043389915 -291.8695174615242 -90.96070432984003 -929.99678244775 418.98686097080343 -276.08880494286205 -78.06149957469383 -859.6399933360374 474.8313167373286 -265.07000123392095 -106.03501621734841 -950.4420180467607 388.5230263707253 -272.1842142147556 -89.37118940616851 -852.6283237792743 474.67022530545955 -242.50467222434702 -113.67492103215909 -884.3944934312522 473.1728673475928 -214.9207247640034 -108.88331578825373 -944.2152089971092 400.6215554747175 -258.36209147568854 -93.42534123643551 -872.1109580130936 466.9264157669176 -304.1402632785074 -68.65056792787138 -890.9933653069104 449.305120790303 -228.93729910225622 -119.35018793592101 -852.9571657068266 498.44139836641574 -339.71793668718243 -55.91613953396486 -880.0578001584732 464.95796527182205 -261.4298935269493 -103.40588792036891 -872.1519012699365 501.0082358817823 -205.01384103525643 -119.96655595873358 -952.5696869714217 392.97699244460694 -231.27172104862606 -102.86216790483715 -901.9961511352105 451.77768718848625 -269.60476341525015 -84.01301134194134 -922.9673867887158 428.7303800812071 -285.54492348727257 -96.45828224525451 -884.5845816583435 445.3267793196295 -271.5844108435328 -97.04365262584692 -875.3024647448045 461.82868689159005 -309.82943154303035 -64.30740948848889 -854.662403582717 489.82303333900086 -208.88460063961995 -113.80217658401028 -883.3401010417178 451.1542728580867 -242.0699656656673 -104.21471703772112 -916.9052745462084 427.6528157076786 -250.31165335198224 -94.1318008922117 -928.5645313692453 408.7770700592503 -202.8020852616092 -124.34420202501296 -858.6197030416472 479.94744912818123 -266.0093708469799 -94.12675691109126 -891.1694713930641 444.28493028567306 -284.7983510331981 -76.07482576935985 -879.8527478573365 484.7466202164027 -266.0756680522448 -80.5576393081443 -911.8948145591035 437.54590375731567 -250.4090548631906 -111.45572113603751 -865.0865597342498 502.4166174357435 -194.32745066913776 -121.27784952021531 -878.8688162868281 490.4894939074643 -300.13564864973034 -72.84920742001738 -909.8959639217625 422.4895796364268 -278.167814464049 -98.3167738935214 -902.1767132047935 434.44080582179134 -215.2493825495328 -118.55985145156177 -891.3316840369982 457.5086465624357 -350.5728814617164 -53.07405957011842 -909.3230846982758 428.359527679052 -247.36215174079703 -99.02247304839712 -884.9259079239171 459.15223823014895 -236.9975146137045 -109.71730394354711 -938.9358308782548 397.9405443902759 -313.1370469853604 -60.32832107518716 -943.6924841661548 392.36126195779696 -269.3903997912436 -101.16566850289584 -878.1794252753677 471.196565799973 -327.26756016597596 -60.10440965246718 -908.1012379783913 445.9415857538561 -334.0200587882656 -60.53456989216272 -870.7871631841092 487.12881335304684 -264.4458896734645 -98.4851711132103 -920.9363558975214 412.9422869908473 -252.38268846586377 -82.82857609753493 -908.5803308279861 433.56775984722384 -284.6574319337185 -91.61282258782026 -938.4790664830815 406.6931185707809 -286.93779289719185 -71.03063948793131 -922.9682899058068 420.7094287024858 -356.1328389388036 -54.35972697253555 -895.881919516263 434.330092652018 -279.90962095947236 -73.35255523556009 -859.2448119631949 484.4783343744956 -251.57869481278894 -105.14718985388167 -916.6416137606525 418.5022384207575 -270.4572833598757 -76.20844777398327 -877.0455523142817 450.58022745661253 -291.4038706419009 -76.57368774345818 -874.6780830932942 482.1995907585059 -238.21557915655748 -92.52448390249583 -879.8872532081945 456.7548601641838 -198.31094706219267 -116.75828526430938 -868.647866681543 493.3854918494633 -345.4605617378903 -57.39328132622097 -855.9634863240144 505.5640649878702
1380.0048193674556 1.758278228075031 3.624783426788776 0.0 0.8791391140375494 0.8791391140374943 0.8791391140375563 1.7582782280750662 1.7582782280750398 1.7582782280750493 3.6247834267886745 1.7582782280750666 0.0 2.486580916568985 0.8791391140373942 1.9658148206668258 1.7582782280748865 0.8791391140374951 1.9658148206668729 2.4865809165690655 0.8791391140375422 0.8791391140375435 0.8791391140374277 1.7582782280751175 3.6247834267885692 1.758278228074982 1.965814820666724 0.8791391140375051 1.9658148206668598 0.8791391140374785 0.0 3.5165564561500373 1.75827822807508 1.7582782280749945 1.7582782280749947 0.8791391140375384 0.8791391140375039 0.8791391140375033 2.486580916568989 1.7582782280750477 1.7582782280748939 3.6247834267885612 1.965814820666656 1.7582782280750162 0.0 2.486580916568974 0.0 1.7582782280751086 1.7582782280751796 1.9658148206668518 3.9316296413335188 2.4865809165690624 1.7582782280749853 0.8791391140375004 0.0 1.758278228074981 1.7582782280749791 0.8791391140375301 3.6247834267885577 0.8791391140374849 0.8791391140374932 1.758278228075059 1.7582782280751306 1.9658148206667978 0.8791391140373607 1.7582782280749434 0.0 0.8791391140375293 2.48658091656901 1.758278228075052 1.7582782280750855 1.758278228075072 0.8791391140374747 0.0 0.0 1.758278228075098 1.7582782280748943 3.6247834267885453 1.7582782280751543 0.8791391140374999 1.758278228075046 0.8791391140375021 2.4865809165689123 1.758278228075052 3.6247834267886025 1.7582782280749876 1.7582782280750435 1.7582782280750706 2.4865809165691095 0.8791391140375241 1.7582782280752172 1.758278228075086 1.7582782280749798 1.965814820666803 1.9658148206669888 0.8791391140374897 0.8791391140375597 0.0 3.6247834267884746 1.9658148206668664 1.7582782280751466 0.8791391140375304 1.7582782280749498 1.9658148206667714 0.8791391140375929 1.7582782280750455 1.7582782280751148 1.7582782280749982 3.6247834267886745 1.965814820666781 3.6247834267885457 0.8791391140375103 0.8791391140374756 2.486580916569113 0.8791391140374304 1.7582782280749605 1.7582782280752105 3.6247834267885692 3.6247834267885324 0.8791391140375177 1.7582782280752405 1.9658148206669004 0.8791391140374639 1.758278228075127 3.624783426788629 3.6247834267886336 1.965814820666728 0.879139114037506 1.7582782280752134 0.8791391140375239 0.8791391140375472 3.6247834267886154 3.6247834267885954 1.965814820666792 1.758278228075094 0.8791391140375086 0.8791391140375108 0.8791391140375093 1.7582782280751346 1.7582782280750706 1.7582782280751557 -224.77765289381276 -119.3101329160697 -899.292748007323 430.53133366030306 -324.5504496475603 -58.776003375395064 -912.2725548605478 425.7375178844954 -240.6347840132267 -98.44982120585095 -865.4208772864738 473.64509810717703 -262.36245095395 -84.55766997625179 -872.0678902757343 478.42347328732296 -219.9411198255336 -112.42184180315209 -881.8701942465026 480.1948804889229 -189.17030144308652 -121.54749013438634 -870.7325556843822 457.6051040266831 -260.0848477974391 -106.05547536324625 -898.7828175012011 446.4873318253547 -314.1628575382948 -66.90595599158955 -864.1331067938717 466.0012165987396 -320.612103600882 -63.49211633660199 -848.5446350771136 486.6873613053445 -281.2092424798556 -90.81640610636651 -885.6668192023102 469.3552370685594 -224.33654365216967 -108.10338226023819 -872.003217999789 497.18216514782677 -266.869197022951 -87.6653852113827 -897.3246487402932 441.2794899428848 -248.62124224444247 -107.75090835451769 -890.3493054230192 442.6488917519563 -226.10537553453935 -113.21703265393005 -930.8496367225325 406.90703920888984 -235.79272284991515 -112.83928752228624 -843.4151906739712 503.7189588572341 -189.8036151718114 -126.44358167181042 -885.3571647445702 464.77676599710793 -233.61901103392202 -96.34970945527346 -865.0255946021284 479.4798150058931 -299.84704048735944 -65.44403767682174 -893.2128816948866 453.16924230722094 -247.44665349697897 -88.51589482034156 -861.4781273345847 471.06075452498703 -298.62123133217693 -70.26462239769268 -924.0119960519676 418.0077849094485 -308.2221466589948 -61.435077097588604 -862.8083734072202 461.76441404563434 -335.24261595941124 -55.589069944790886 -845.6262202280561 507.6330362203872 -295.28008106001425 -88.91843619983602 -928.0186867309187 420.4286718881597 -279.2146336140897 -76.65374151209063 -857.1143517591587 476.3368308897896 -267.6616664111619 -104.58261926026645 -947.9623785305623 391.6903163473546 -275.47989519067283 -88.43167343704044 -850.1933071514983 477.4806273740885 -244.26413590269797 -112.79351997137908 -882.6781737855338 475.1701425553344 -216.92690139556623 -108.70496795100138 -942.3680550923739 401.4167931467006 -261.66267191134415 -92.49709792041851 -868.2917802829553 469.1229573541942 -306.9920087890973 -66.52734660082604 -887.2897345092373 451.68587447977575 -232.2197369720534 -116.90491244786271 -850.7428217113234 500.595069814004 -342.70391961561074 -55.45390601842823 -878.0986037007681 465.4184055174438 -263.858139140047 -101.49390915211376 -869.0772302859217 502.50221319886106 -208.71177954467498 -118.70290892038824 -949.0129109923313 396.3664739121994 -233.4932608507925 -101.82004685111022 -900.8087720031449 453.59805942715184 -271.9826875760242 -83.40513082173503 -920.8242703844851 429.9271471801921 -288.2518655903335 -93.90682658124025 -880.9893942985896 447.9150449360605 -276.46770581649463 -94.75151695773887 -870.8431786145868 463.84543215922747 -314.84021962275955 -62.377660887819566 -852.2362317875917 491.53744154159995 -211.97328635954617 -113.77474572936343 -880.3392170644688 452.7940414096735 -242.5002572636563 -102.50734571126006 -913.6794039150114 430.72767031780165 -252.52803013428004 -93.07734201003537 -926.0118504353345 412.73902077434883 -205.19451960091774 -123.78973350153056 -856.0909411371089 481.4487507591641 -268.80973756054544 -91.81643287660593 -887.9674198256598 447.54770299542986 -288.55037300738655 -74.94731100398438 -877.4512066140002 486.49203506424215 -268.16202961385835 -80.57806831246702 -909.5635449628312 439.34617313221 -254.30289006561466 -109.28685964038782 -860.0662523882672 502.129571040567 -196.56380671878165 -120.26805488488566 -876.7869629385953 491.7895510041063 -304.50808689309787 -71.97900376891687 -905.8277002153734 426.06985682655477 -281.6697631958444 -96.51829393543427 -899.5509143070011 435.80108566871553 -217.0997918903374 -117.9221054286736 -889.4305659564278 459.11143224686106 -354.9909106065525 -52.23615406280638 -905.6515091374087 430.7803677297857 -249.58008143842846 -97.96995020033565 -882.027622035079 460.99822997974684 -241.0587742293178 -108.02059940033664 -935.7819953387227 401.85251962274725 -317.9644859079332 -57.922717891087295 -941.4965901630569 395.8946712582192 -271.89620457722214 -99.48215534198425 -875.0256651819274 472.5371385590374 -331.3553462055795 -59.7813065392919 -906.4754481245023 446.10881621906134 -337.6457077705498 -60.36836294849378 -868.9187157253334 488.8592159758356 -266.4948344553335 -96.96591090044562 -919.5080451797003 415.1324107323249 -255.01230869808762 -82.92331521970938 -906.1040703050087 436.05328724408906 -288.3612905851621 -88.95015988042617 -936.4259348142988 408.83600203559325 -291.28318479960063 -69.41167302145769 -919.2386609950299 423.88862790772566 -361.4562289539639 -52.64317995970897 -892.3855955229333 437.0483518485935 -282.65910446893275 -72.33795408249162 -855.1845382144892 486.17943968266513 -254.17347856147146 -103.7017369811113 -915.1835642420183 420.71055325203395 -272.9181929475383 -75.8270386040679 -873.2773721705229 452.8591615017596 -295.149790877319 -75.43297799644135 -872.9307575463002 483.07176313939954 -240.05692256929464 -91.87273491976873 -877.8403261932491 458.11837610493194 -200.70374388798535 -116.20870393381722 -866.2262212009409 495.106334034569 -348.7948214231043 -56.512487319028615 -853.2486453579072 504.43414571201333
1390.0048193674556 0.8791391140375278 1.7582782280751983 2.4865809165690624 0.8791391140374835 1.7582782280750442 1.7582782280749878 1.7582782280751046 1.7582782280750133 1.758278228074985 0.8791391140375338 0.8791391140375173 1.9658148206667125 1.7582782280749425 1.7582782280750218 1.7582782280750953 3.6247834267884835 1.9658148206668125 1.758278228075019 1.758278228074956 1.7582782280749374 0.8791391140374989 0.8791391140375061 0.0 0.8791391140376378 0.8791391140375036 0.0 0.8791391140374883 0.879139114037429 0.8791391140375426 1.758278228075013 1.7582782280749967 0.8791391140376306 0.8791391140374856 0.8791391140374429 0.8791391140375365 0.8791391140374893 1.7582782280750606 1.7582782280751625 1.7582782280750808 3.6247834267886283 1.9658148206667525 1.9658148206666566 1.7582782280750526 3.6247834267887655 1.9658148206668948 1.758278228074919 1.7582782280749365 3.6247834267886954 1.9658148206667438 1.7582782280749707 3.6247834267885604 1.9658148206668857 0.8791391140374969 0.879139114037383 0.8791391140375104 0.8791391140373619 0.8791391140375233 0.8791391140374404 0.0 0.8791391140374148 0.0 1.7582782280749987 2.4865809165690718 1.7582782280750642 2.4865809165690522 1.7582782280749791 1.758278228074996 0.8791391140375312 1.75827822807506 1.7582782280749507 1.758278228074995 0.8791391140374933 1.965814820666734 1.965814820666922 1.9658148206668293 1.7582782280750147 1.7582782280749527 3.6247834267884467 1.7582782280750344 1.7582782280750955 1.7582782280749971 1.7582782280751121 1.7582782280750657 1.7582782280751077 0.8791391140375192 1.7582782280750004 1.758278228075017 0.8791391140375601 0.8791391140375283 1.7582782280750586 0.8791391140375384 0.879139114037512 0.0 0.8791391140374685 0.8791391140375034 0.8791391140375396 0.8791391140375611 3.624783426788733 1.7582782280750222 1.9658148206667925 0.8791391140375063 1.7582782280749143 0.0 1.7582782280751512 1.7582782280750202 1.758278228074938 3.6247834267886194 3.6247834267885377 1.965814820666813 1.9658148206668289 1.7582782280750757 1.7582782280751703 3.6247834267886394 1.7582782280749327 3.6247834267885857 0.8791391140374109 2.48658091656907 3.6247834267884933 0.8791391140375427 0.879139114037449 1.7582782280750016 0.8791391140375595 0.8791391140374789 0.8791391140376806 3.6247834267885493 3.6247834267886465 1.9658148206668518 1.758278228074941 3.6247834267886003 1.7582782280749067 1.9658148206668133 1.9658148206668813 0.8791391140375523 0.8791391140375832 0.8791391140375532 0.8791391140376038 0.8791391140375099 0.8791391140375473 0.8791391140375203 0.8791391140374387 -226.53716957199074 -118.42637994070837 -895.1846943383712 433.16795370945385 -329.43146469566227 -57.78345883342057 -909.3252169368177 428.40071651883625 -244.1002963007581 -97.98160123119519 -862.0149820723377 475.57386364289147 -265.3185541868717 -82.68742946217546 -869.8735053775442 479.49796843675415 -222.86681390931093 -111.90467235453494 -880.005875700308 481.9296019172927 -191.78447848994844 -120.13511870922149 -867.0075533106086 461.086199272074 -263.2541994983326 -103.34305927141364 -897.7733841852009 448.70396294864577 -316.3411514935171 -67.07216939409415 -858.966533974788 469.88914275169475 -325.5019322593957 -62.54176047130789 -846.1027517519532 489.4932036815461 -284.4420841415861 -88.29838896631637 -882.397874636604 471.54722950484177 -227.09879713995707 -107.12143280400797 -869.8053713047507 498.246708482131 -270.1636044288393 -86.71535380641791 -894.3585382887295 444.01954125280315 -250.58464678136363 -106.00184314094243 -887.2491058715132 445.12789291223373 -228.6525925029384 -113.09178379885215 -928.9943279576671 410.2521305705249 -238.92959065927127 -111.45793632161173 -841.3220355841039 505.0003492425279 -192.95934297484126 -125.10439265576919 -883.2938570755421 466.10204248888306 -236.543766672909 -95.8222738747673 -862.7223945687205 480.3277074643048 -303.2088643479119 -64.64299056934814 -891.7940015036279 453.6379160326019 -249.65816470520429 -87.4531459010816 -856.7462961555052 474.1749821527984 -300.80585179463145 -69.14199260999294 -920.1916284301846 421.09221302774574 -311.20758169168727 -61.01888240077073 -860.5988217621482 465.02000098607135 -337.619724772171 -56.153331602163476 -842.107338440497 509.3313726581013 -299.66561675837886 -86.70783137345498 -925.8320937413808 422.4306369512388 -282.01491675645394 -77.1609180006045 -853.1438066434345 479.34457496232534 -271.0762121330283 -102.55217648137571 -944.4325283214355 394.306340377184 -279.17376554213064 -85.75038782829385 -846.6754139095749 479.181253945282 -246.31503886444185 -111.27854504226792 -881.0349457735056 477.3557464758355 -219.77250097220576 -107.95874731366477 -940.9374948524637 403.63045567991537 -262.9529721269763 -91.76474800116672 -865.6617066268418 470.4144482452898 -310.7063414286888 -65.29491060319383 -882.2249456323165 455.69571119692387 -235.52231613823272 -115.98652329691342 -848.5435420795558 501.6565900451097 -346.5628446485866 -54.54578911516738 -875.4769178504097 466.7248153793937 -267.5640115051011 -98.83676035759532 -865.9075589273982 502.67827723456196 -210.77254887355747 -117.20061567522623 -947.4817106587185 398.39831960387335 -235.33234785334935 -101.16199319147225 -899.2379942899223 455.82688099405783 -276.0172351695086 -81.64599588623079 -919.727738939567 430.93121064850544 -291.6524048618426 -91.84851735824711 -878.7140180793065 449.90626578777 -279.2471202055705 -92.41292246565258 -867.336537093992 465.5732143503927 -318.64344259476 -61.361672663753076 -850.021834619226 493.691092508969 -214.19803911452885 -112.73427063432779 -876.3121072880277 454.5753057050259 -245.58855844700307 -102.43417116287877 -910.3379037671741 432.7435526297337 -254.73779688614266 -92.01017370911909 -922.75665285347 415.7799078880878 -207.80075490380148 -122.3639367806876 -851.9064198762974 484.0145983896333 -272.8487499420573 -90.06445188573917 -884.6467859456355 450.67089084765666 -291.83368078047005 -73.94813723888673 -874.3806709160011 487.99457501730035 -271.28439274353366 -79.16193400964967 -907.6921839209398 441.01595025504344 -256.4322800791276 -107.99764434768694 -858.2158748313552 501.66705588282065 -199.7153660668612 -118.91937634889125 -874.697416754187 493.07870505865895 -306.87185926582487 -69.99009780587863 -902.1682062035063 428.5072643333434 -283.9881328069205 -94.3539872654782 -895.2116635275562 439.0650539701605 -219.86493278349036 -116.94868321872227 -887.0471424530018 460.8732693642973 -358.05932576795834 -51.9251858571104 -901.1417836040248 433.70675603928464 -252.8763571202442 -97.03425486381018 -879.9519675024922 462.3152269735479 -243.81664359993275 -107.02723458121267 -933.935295382743 404.32265336168933 -322.7623940132334 -56.72918581448149 -937.6591701446074 398.9552697040264 -275.3939736352357 -97.67178257686301 -873.2716193927687 473.4004173872572 -334.8100410135902 -60.415647130461934 -904.7732415133928 447.0506681223476 -341.42095789117326 -59.26313437812166 -867.2545929307005 491.02340617856487 -269.8242369691032 -94.70385731839106 -916.0932060948761 417.04368460659055 -256.30392002361384 -82.1924192852706 -902.1766734318331 438.0373685239842 -292.01434383350727 -87.564163201525 -935.4972801417013 410.0784567753722 -294.1068917642754 -68.58314723870598 -916.1800538962495 426.3828027935197 -365.62039204012274 -51.428154315018304 -889.1269679125098 440.2248260102227 -285.4869480871659 -71.52468771570756 -852.637685151311 488.76633476474484 -257.1357357286274 -101.84377739072443 -912.5272288474682 422.93914164726124 -276.6647583147572 -74.68408224178607 -869.2387794148095 455.70588688752224 -298.70179166483683 -73.78692606588466 -869.535836804795 483.91175061964526 -241.7294134662697 -90.7511479595417 -875.2252257781586 459.43687887454354 -203.6937909001895 -114.39460715166608 -864.8011458729452 495.524709669572 -352.2679427276245 -57.10920877827821 -850.2910672058447 505.04820169816696
1400.0048193674556 1.7582782280749993 3.6247834267886696 1.7582782280750144 3.6247834267887233 0.8791391140375321 0.8791391140374241 0.879139114037496 0.8791391140374446 1.7582782280750506 0.8791391140374595 0.879139114037523 1.9658148206667618 1.7582782280750926 1.7582782280750513 1.7582782280749916 1.965814820666745 2.4865809165689727 2.4865809165690074 0.879139114037511 2.4865809165689474 1.7582782280750706 1.7582782280748708 1.758278228075061 3.6247834267884165 0.8791391140375393 0.8791391140374644 0.8791391140375112 3.6247834267885537 1.7582782280750182 1.9658148206668584 3.5165564561500346 1.758278228075224 0.8791391140374758 0.8791391140375544 0.0 0.8791391140374448 1.7582782280750215 3.6247834267885235 1.7582782280749372 1.758278228075098 1.7582782280749665 2.486580916568901 1.7582782280750526 3.6247834267885457 0.0 0.8791391140375094 0.8791391140375322 1.9658148206669037 1.9658148206668749 1.9658148206668329 1.7582782280750582 1.9658148206668913 2.4865809165690362 0.8791391140374737 2.4865809165690504 0.8791391140375169 1.7582782280750802 1.7582782280749898 1.7582782280751068 3.6247834267884613 1.9658148206668198 0.8791391140374406 1.9658148206669028 1.7582782280750637 0.879139114037515 1.7582782280751559 0.8791391140375043 0.8791391140375575 1.7582782280750564 1.7582782280750848 1.758278228075106 1.7582782280748663 0.0 0.0 2.4865809165690616 0.8791391140375459 0.8791391140375402 0.8791391140374636 0.879139114037527 1.9658148206668153 1.7582782280749865 1.758278228075119 1.7582782280750895 1.7582782280749611 0.8791391140374986 1.7582782280751825 2.486580916569048 0.8791391140373801 1.7582782280749427 1.7582782280749496 1.758278228075081 1.7582782280751073 2.486580916569083 0.8791391140374962 0.8791391140374935 0.8791391140375429 1.7582782280750247 1.7582782280748532 1.7582782280750815 0.8791391140375932 1.7582782280749731 0.8791391140373918 1.96581482066679 0.8791391140374953 1.7582782280750382 1.7582782280749143 1.7582782280749985 1.965814820666819 1.9658148206667765 1.965814820666801 3.6247834267886114 1.7582782280751172 0.8791391140374765 0.8791391140375115 0.8791391140375096 1.7582782280750626 1.758278228075001 1.7582782280748828 1.7582782280749396 1.7582782280749119 0.8791391140374761 0.8791391140373724 0.8791391140374828 0.8791391140376785 1.2307947596524556 1.9658148206668953 1.9658148206667294 1.7582782280751064 0.8791391140375134 0.8791391140374778 0.87913911403753 0.0 1.7582782280750366 1.758278228075061 1.7582782280750044 3.6247834267886634 0.8791391140374937 1.758278228075155 0.8791391140375401 0.8791391140374549 -229.67135942804737 -117.03671477785049 -890.6521647829417 436.0979550533826 -333.8073661325249 -57.981613314281105 -905.1164056399871 429.88110710479947 -246.30949996252394 -96.91024843113486 -858.1639154017533 477.7057799579446 -267.32026734871624 -82.44836280608875 -867.8886319406789 481.0029171007904 -225.4586147522148 -110.4519795076995 -878.3429383570306 484.09558658287165 -194.38678270767855 -118.70147976298249 -864.0402778632455 462.8019119364798 -266.45439072608286 -102.14820178488318 -894.6159972117086 450.04820228626636 -319.2290056207355 -66.36112081426457 -854.7685841384874 473.54786261317213 -327.9409355584859 -62.014339511838905 -842.7904548646379 491.6085092777385 -287.90319743948186 -86.42826538608662 -880.0957295935841 472.4037131027156 -230.39632079113596 -106.1865006975928 -867.4993833214544 499.0861338158393 -272.4456680722014 -85.84481573971387 -891.4249924429487 445.7951432692455 -255.25242536131114 -104.54098782162623 -884.0900264353996 447.5381685358825 -231.95123330586583 -112.16245730683274 -924.7883298611337 413.6751676575903 -243.43502642159373 -109.55522677354348 -838.5932637970436 508.40003394968403 -195.4805287899754 -123.44125828974288 -880.1175805487433 467.39445207966025 -240.3820409092578 -94.94255826038757 -859.7498100689795 482.03370105621883 -306.9147997585529 -63.36479808627343 -890.8128009270293 454.9509384607964 -252.9484171699376 -86.49674264508593 -850.5723535662084 478.23870955792563 -304.60355802219505 -68.09625584478144 -917.1878251135802 423.7052215914663 -315.0908761380222 -60.16205136593545 -858.0625316900208 467.06319987475405 -341.0436440534307 -55.413368941180835 -837.7956595843343 513.3329046511474 -302.7455648518718 -83.88907099306728 -923.0307104554297 424.4027580447041 -284.91918892413304 -76.54522161403678 -847.8460688572021 482.97833575342 -274.101704773209 -100.88721028236479 -942.4116194342331 396.55659220178194 -282.46628230445884 -83.42535432128325 -842.1649293814753 481.0742379485286 -249.61106766504506 -110.33098244755811 -879.0660701933347 477.77459720854546 -221.82157190790863 -106.44267863888558 -936.9743557178474 407.4079254526944 -265.4967458939332 -91.58987843529434 -862.3587588541114 472.5593816950081 -313.5944496085182 -64.59506469316389 -878.9397839140064 457.86529309970445 -237.94467774731905 -114.06968148775633 -846.567634577159 502.0430608365434 -349.6645773145779 -53.092361564336535 -872.063947684257 469.7501587404811 -269.6767877360518 -97.51670156947287 -862.3008473533032 503.05743507958096 -212.94124142360818 -117.4637810096862 -946.1223403036788 399.90591506732164 -238.62715006357718 -100.22113497787954 -897.2779489431931 456.2770280756223 -278.20994652815057 -80.54211215356194 -917.2482909348245 431.4978928797769 -294.9230427306865 -90.82237365494207 -874.9927546289393 452.30170425368806 -281.4326383653839 -91.30864542606986 -864.9145775379619 467.2942596942568 -322.07175270289423 -60.67140403961216 -846.7247242765934 494.71742788811247 -216.71087644570946 -111.05820701452865 -872.6944692308618 457.17703454587854 -248.54532266295536 -100.56438385156869 -907.4569374756278 434.5940020690025 -257.65327284591797 -91.44185118313248 -918.1362883909227 418.52568327018884 -208.71934304880955 -122.03662167974448 -846.3956058178351 487.20401526353544 -277.86525943562424 -88.15361141401588 -881.9145163270686 452.8575485220502 -294.1876200026501 -73.25096253463451 -872.395317081374 489.4995491843249 -272.95485090279004 -76.69067690086398 -905.9725177673478 441.9372410926371 -260.55696567669213 -106.47125985684647 -856.1393078685543 501.85018452796766 -202.0989190865969 -118.33575641025881 -872.1644884973412 494.5751299932241 -311.0430056714274 -69.83229208138565 -898.8559350326369 430.5846155697686 -288.4523540118536 -92.36023548480989 -892.7232055070925 440.6307339794057 -222.70576615355014 -116.18847355189222 -884.5328083851426 461.3000566518506 -360.35180123453586 -52.180476612960106 -897.9240170483465 435.9809791409708 -255.33648705828023 -96.64261226019872 -876.5544967648359 464.2605827184598 -248.2346578078675 -104.88704295282069 -929.385933989927 408.07943123160015 -326.63900448168914 -55.83267738905297 -937.0995658336908 402.5271531225762 -277.95627058957865 -96.17033425238873 -870.6345101561858 474.680706795055 -337.9853209610944 -60.32644434052013 -903.0466011529915 447.9690939520525 -344.6289904666778 -58.07666912430334 -864.8429488911305 491.64398786860346 -273.3077591334913 -92.86467423210541 -912.0579075463137 418.8321168754079 -260.47254700637734 -82.19339996448896 -899.3888094709675 440.0693095640058 -295.64850518906707 -86.12659499633432 -931.8914141137946 412.6079529440838 -295.91544547316363 -67.84664283801986 -913.2547390765756 429.15747456907127 -368.46500496447646 -50.02633637291215 -885.5374856873493 442.8747083859028 -288.9322978960279 -69.61864804091701 -850.6468266128821 490.2588704510983 -261.0830138971404 -99.85469397478937 -910.2149905674798 424.80664961271526 -281.4841086048199 -73.59751874057939 -865.3985811153511 457.8590063083624 -302.14153896813707 -73.16179598376227 -867.3232619074029 486.0673874890234 -244.68613989795605 -88.88533943827835 -870.5072555662683 462.01509724870306 -205.91287462521782 -113.34870106745863 -861.7030273625593 498.0973193925417 -353.9097966489626 -57.15722894683986 -848.2985571664955 506.540872501101
1410.0048193674556 0.8791391140375129 3.6247834267884316 2.486580916569057 0.879139114037442 1.7582782280750602 2.4865809165689945 0.8791391140374671 1.7582782280751657 1.758278228075052 1.7582782280750429 1.7582782280750282 3.6247834267887815 0.8791391140375191 1.7582782280749916 1.7582782280751237 2.486580916569176 1.7582782280750386 3.6247834267887424 1.7582782280750788 0.8791391140374697 1.758278228075063 0.879139114037541 0.8791391140375657 1.7582782280751204 1.7582782280749392 1.7582782280749347 0.8791391140374891 2.486580916569044 1.7582782280750275 1.9658148206667585 0.879139114037535 1.7582782280750555 1.7582782280750195 0.8791391140375518 0.8791391140374745 1.75827822807503 0.8791391140375063 1.758278228075086 1.7582782280750013 0.8791391140373864 0.0 3.6247834267887793 1.7582782280750104 0.615397379826117 1.965814820666789 0.8791391140375648 0.8791391140375164 1.758278228075113 1.9658148206668393 1.965814820666729 1.7582782280750675 3.6247834267887815 0.8791391140375092 1.7582782280749025 3.6247834267886416 0.8791391140374041 0.8791391140375445 1.7582782280748868 1.7582782280750209 0.8791391140374873 1.7582782280750269 1.758278228075195 3.624783426788641 3.6247834267885857 1.7582782280751246 1.7582782280748857 1.7582782280750806 1.7582782280749099 0.8791391140375047 1.7582782280749467 1.9658148206668058 1.7582782280751756 0.0 1.9658148206667634 3.6247834267886154 1.7582782280750022 1.7582782280751084 0.0 0.8791391140375091 1.7582782280750477 1.7582782280750087 0.879139114037532 0.8791391140375033 1.96581482066669 0.8791391140374982 3.6247834267885612 1.9658148206667834 0.0 0.8791391140374961 1.7582782280751865 1.9658148206667574 0.8791391140375343 0.0 1.7582782280750087 1.7582782280750118 0.8791391140374226 0.879139114037558 1.9658148206669896 1.9658148206668498 0.8791391140375052 0.8791391140375321 0.8791391140373794 1.7582782280750786 1.758278228075213 1.7582782280750644 0.8791391140374852 0.8791391140375113 1.965814820666786 1.7582782280749842 1.9658148206669224 1.7582782280750917 0.879139114037512 0.8791391140375513 1.7582782280748404 3.624783426788637 0.8791391140374339 1.7582782280750815 1.9658148206668689 0.8791391140375273 1.758278228074854 1.7582782280749396 0.8791391140375092 0.8791391140374829 1.758278228075088 0.6153973798262674 2.486580916569128 0.0 1.758278228074923 1.965814820666856 1.9658148206669483 0.8791391140374741 1.965814820666787 2.4865809165690735 1.7582782280750868 1.7582782280750013 0.8791391140375513 0.8791391140375335 0.8791391140375143 1.7582782280751057 2.4865809165690105 -231.25080654407466 -115.67726065473676 -887.487300094901 438.4992208552882 -336.67544070398736 -56.065824777637225 -903.0623392424689 431.2115468449228 -248.5082752502173 -95.81851278381623 -854.9437289807969 480.03960633651513 -270.7705187178397 -81.8809801799643 -865.1547156298813 480.9502757830543 -227.9170920793494 -110.06929804090761 -875.9129603034507 485.80279017586184 -195.93030942293385 -118.66845207045245 -859.6280830776474 465.461381963035 -269.3772990895155 -100.23263187750521 -891.4430636892064 451.3500050608175 -322.9919332170767 -65.18882660188841 -851.556274931041 475.8814071162001 -331.13845109857675 -60.78612588691867 -837.2750988282952 495.9847767438776 -290.9724491183766 -84.89644833140524 -878.458111564623 472.381644795495 -232.77098772126445 -105.56630562552479 -864.0662405180185 500.975080887669 -274.8044965128351 -85.17211931183905 -887.4836990568164 448.2906886434963 -258.99103682266065 -103.37999421457992 -880.2379296951086 450.77941832580774 -234.3253745792756 -111.54527222960586 -921.2582778259311 415.3684831097709 -246.26591347727367 -108.75906212376228 -837.5827121425614 510.97060797302777 -197.85935516479952 -122.8486031495799 -876.9343140007225 468.6643955988626 -242.04113446152576 -93.79612163437628 -857.7493843561432 483.5195749760308 -310.2388272487472 -62.43581841696741 -889.2729042782041 456.25009014995436 -255.4866996023134 -86.30876138396283 -846.5667204956671 481.19905875229216 -307.2869430226407 -66.91473719119341 -914.6155683093087 425.1138141211558 -318.55720701180354 -58.346893117967355 -854.7255796288179 470.27444292300225 -344.212586837224 -55.218551876626584 -834.7536095164 515.5268787680632 -306.4073285943666 -81.26824991759332 -921.6326064605398 424.8922131961539 -288.5451688179097 -76.3716741499798 -843.0531699044133 486.56748634767 -277.3827651390806 -98.5406013765335 -940.391183793609 399.7830194757626 -284.8098149168968 -81.40752078200656 -838.9300081166176 483.37830223946014 -253.72550970292343 -108.7851116335695 -875.8786767208918 479.0355789378983 -226.03229826417112 -105.15850623822844 -934.708177082725 409.3108753462515 -266.59141950120005 -90.37855695146774 -859.1462366069136 474.90360446590347 -317.7027929008829 -63.00949273070967 -875.9728990969484 459.57991907284725 -241.3191652362998 -113.33740631157838 -844.2413910346168 502.8273065589675 -353.80544127178814 -51.56082859782213 -869.5461729018276 470.147933189017 -270.96036562284104 -95.44269142296172 -859.6163961161552 505.38916557817356 -216.61322471638715 -116.12686889354296 -944.6391304158809 403.0851751379258 -239.71638708895983 -100.33623539853754 -895.7507149779271 456.48732894691847 -281.46725507496365 -78.16783554217999 -915.3213342709577 433.06651213095284 -297.1622480923354 -88.57553184785611 -872.0136925986523 455.10779084743007 -285.7775664424791 -89.03075889271845 -862.9037515369987 469.88201714313277 -326.5020270784939 -58.62128194316216 -843.2354387220703 497.6561639689912 -219.84034599179068 -109.66223585818581 -868.952569786822 459.53334172605804 -252.28710384708842 -99.41434121640015 -905.7241272891426 435.4914028157912 -259.6662446535614 -89.8781820280661 -914.2751180524514 420.6220415766436 -208.972776679168 -119.86753687967396 -841.4551229797883 491.6474084831032 -282.2114633905145 -85.87983661797462 -879.1634670552704 455.0137434536557 -297.62274433309216 -72.58037696779631 -870.2962776293067 490.7718577537611 -276.04043000102934 -76.5116400040211 -903.9082551000639 443.2680577336564 -263.8359400963482 -105.47876589519801 -852.2570298305515 503.92012605244366 -205.06660580442298 -116.48817630516727 -869.1777338830659 496.26325301868405 -312.5882609394272 -69.68280951025514 -895.8190644978531 433.22889920623595 -290.6117384131902 -91.20634048201657 -889.8856864094555 442.596066355757 -224.1657781470042 -115.91621683548631 -883.7509052381233 463.0388112930167 -363.0693027743542 -51.04997273104706 -894.5458659892034 437.96055037235124 -257.72343411419524 -94.6824738157745 -873.7054361598886 465.09828367543633 -250.43274408420606 -103.79979745970478 -927.338498393074 410.3824182423048 -331.8149856053545 -54.22535886550508 -934.0016918718353 404.9486800187883 -282.8567562101268 -93.95444078795421 -867.8868566936321 475.7293579193653 -341.1518754062246 -60.164990523224695 -901.194312307039 449.72035286450125 -349.43775877297224 -56.799559006216235 -862.74027521691 492.91149295253314 -276.21901692705796 -90.91845810219039 -907.7847130716232 422.23506191416413 -263.29361092492957 -81.3620950598076 -896.4491646436231 441.82523756408534 -299.2265054904043 -83.29731071712894 -928.7482338527396 414.98211614028105 -299.6004630205267 -66.54192171915675 -909.7950319322521 430.97262467079844 -369.73169173565583 -48.76908705908753 -882.7940764357409 445.04271725935297 -290.8454732294439 -70.41094595616295 -849.2879280021052 491.9721829205769 -264.186581792381 -98.40032585377135 -905.6651719047812 426.6406262451135 -283.92840110047894 -73.12162777409061 -861.4203373257448 460.8571463280557 -304.82983524825534 -71.99246270038333 -865.2235271212039 487.33952973139253 -247.42676329926493 -87.84650276333524 -866.9725573364921 464.8050378123717 -209.21082302608934 -112.41380364952232 -858.7394472125981 498.67945627634737 -356.74500564030916 -55.18797602260081 -845.828039498364 508.1993069847251
1420.0048193674556 1.7582782280750633 3.6247834267885546 1.9658148206668493 0.8791391140374132 1.7582782280750475 1.7582782280750393 1.7582782280749587 1.758278228074944 0.8791391140375361 0.879139114037472 3.5165564561500293 3.6247834267887913 0.8791391140375381 0.8791391140375457 1.7582782280751028 3.624783426788788 0.8791391140375303 0.0 3.6247834267886176 1.7582782280750051 1.758278228075028 1.7582782280749127 0.8791391140375572 0.8791391140374077 1.7582782280749925 1.7582782280750948 0.8791391140375412 0.8791391140373855 0.8791391140375293 1.9658148206669808 2.4865809165689905 1.965814820666884 0.879139114037517 1.7582782280751261 1.758278228075039 1.7582782280749247 1.758278228075085 5.274834684224971 0.8791391140374917 1.7582782280751192 1.9658148206668953 3.6247834267886905 1.758278228074986 1.2307947596526096 3.624783426788633 1.7582782280750486 0.8791391140375207 0.8791391140373914 1.9658148206668273 3.6247834267887744 2.4865809165691184 0.0 1.75827822807502 0.8791391140375471 1.7582782280750386 1.7582782280749207 0.8791391140375433 1.7582782280750637 1.7582782280750218 3.6247834267886274 1.7582782280750378 1.7582782280751588 0.0 2.486580916569024 1.758278228075048 1.965814820666904 0.8791391140375241 3.516556456150036 0.8791391140374818 0.8791391140375697 3.6247834267886017 1.7582782280750042 1.7582782280749838 2.486580916569085 1.7582782280749942 3.6247834267884227 0.8791391140374806 0.8791391140375917 1.758278228074993 1.9658148206669463 2.4865809165690504 1.7582782280750884 1.7582782280749363 1.9658148206669679 1.758278228075066 1.7582782280749558 0.8791391140375682 0.0 1.7582782280750653 0.8791391140376433 2.4865809165690855 0.8791391140375561 2.486580916569019 0.8791391140375453 1.7582782280749856 1.7582782280751286 0.8791391140375298 1.965814820666932 3.6247834267886723 0.8791391140374829 0.8791391140374857 1.7582782280751834 2.4865809165690287 0.8791391140374676 1.7582782280751104 3.624783426788414 0.8791391140375064 1.7582782280749385 1.965814820666828 1.9658148206669113 0.8791391140375063 0.8791391140375104 3.6247834267885155 1.7582782280750546 0.8791391140375493 1.7582782280748912 0.8791391140374879 1.7582782280750116 1.9658148206668757 3.6247834267885524 1.7582782280750924 1.7582782280748253 1.7582782280750116 1.9658148206668318 0.879139114037516 0.0 3.6247834267885484 1.7582782280751086 0.8791391140375453 1.7582782280750313 1.965814820666732 1.9658148206669073 1.758278228075051 1.758278228074869 1.758278228075043 1.7582782280750575 1.7582782280749947 1.7582782280751512 1.7582782280749787 0.8791391140374818 -235.619881909636 -114.80831279812273 -883.9760764337567 440.20906782573735 -342.463225069447 -55.586780483522425 -899.1273971866767 434.26284201480723 -250.6031054697983 -94.47989210615185 -851.5935551065978 482.11375858978334 -273.7400466563065 -80.11420834171957 -861.610089877216 482.59612002782154 -229.74216485960022 -109.38427374534378 -875.0301623614905 486.2180518252892 -198.47617148240917 -118.51813928403438 -854.0859607821405 468.58665823273606 -272.63607829924484 -99.17900359989093 -890.2329344095499 452.2101116343518 -325.8330594841645 -64.34069782174738 -848.4138664169453 478.39500722446616 -334.4145318890395 -59.70633240115643 -834.4397169013833 498.02940886104363 -296.0485576900617 -81.88042319865902 -875.3678974121224 473.84581290464484 -235.5104275265073 -104.5209742556874 -860.7109250906715 503.0367468987439 -276.4214844680034 -83.973127382016 -885.8311929992803 449.362659247623 -261.17012293383164 -102.2464758377804 -877.4549045986481 454.0086949218163 -237.43620230294016 -110.10165733161277 -917.4752631153019 417.6164736158284 -248.27998646023053 -107.19064643356869 -835.281595567603 513.0313842750895 -201.6978735520768 -121.96407684798208 -872.3109338482219 470.3198681076068 -243.68782063596743 -92.63335718335986 -855.0874445404761 484.73969489378743 -312.5505144023181 -61.61992468588361 -886.2999681401606 457.95461923928025 -257.8437509964907 -85.62775639845917 -843.7547632502384 483.2721047223206 -310.01506369073223 -66.98896928486603 -911.025654050404 426.6712903104453 -322.073514727826 -56.648020213398596 -850.909804578209 473.65081162208764 -349.45414915170875 -54.71534641895895 -831.4425991757719 517.8371995543397 -310.85839160834735 -79.24472403791795 -919.0212282909379 426.2356717041768 -291.9277790283095 -74.35989848737299 -840.5821692864339 488.2192924622684 -279.81010203538807 -96.74024363204808 -937.33839559852 402.3246569165664 -290.0363693851487 -79.94710780047896 -836.5560368439291 485.2412842248176 -256.2699842656028 -107.26290466383959 -874.7869341455855 479.01060292118774 -227.68738513641523 -104.01331164684387 -931.900162811331 413.33525444758146 -269.85207381022695 -89.3153082392426 -856.3523732403063 477.0028900186413 -320.89178683578155 -61.74549197554275 -871.3146190816368 463.4253906118326 -244.8772329153997 -111.71009762117379 -841.016490530454 503.98707711782254 -356.2148206029873 -51.95529923594998 -864.8901580672068 472.87923867536944 -274.1243250789925 -94.13847966156477 -854.6214554763958 507.37843762039114 -219.38617420397117 -113.78613693308695 -940.063264865354 405.9275808622265 -241.18819305277822 -98.72193297903088 -894.3158366859353 458.0021631572238 -284.90050502727485 -77.49897281311355 -913.4730990104749 434.82436337091946 -299.4093862382968 -85.19451121846359 -868.909962239154 457.6700021116392 -289.8862699798233 -86.21847555868678 -857.5924408568765 472.361441123235 -328.2461232466734 -58.848744946533266 -841.1034524482965 498.87545419605686 -223.12841387545598 -108.69232200554998 -864.1928424208457 462.5995128147213 -255.56273629644372 -97.07292465083717 -903.8638849674342 437.2397321894315 -263.108158200906 -87.95679546679632 -910.2511765008741 422.40921692904357 -213.55417861493459 -118.17002689229551 -838.978172404693 493.2861959143634 -282.9216000058119 -85.04851079711962 -875.3940714127314 458.4469566677943 -300.4888478115838 -71.81235234126612 -869.0710062232736 491.60804982552264 -278.82792254383725 -75.59629878407739 -902.1574203454257 444.13423849487947 -266.92167697430244 -103.98423096463891 -848.3927854160462 504.849984592814 -207.98531752482856 -115.93200841736189 -866.3144558777872 497.04878645992426 -314.10963678828944 -69.49579683586626 -892.3141158002028 434.9563980413754 -293.99990905106074 -89.20519563051599 -886.9214095523519 444.3149115226916 -226.7375488109608 -114.43152051198481 -881.989951040609 463.88148665523147 -366.921545148139 -47.8955913091541 -891.3701861926364 439.24587332362586 -260.62713229411366 -92.73636478494468 -867.085026919081 468.2352417756809 -252.80607188980383 -101.82129817295258 -925.3576040424754 413.94266124718064 -334.5506285069612 -54.22558103738996 -932.2972736609937 408.946176328953 -286.0790694991608 -91.54783840202778 -865.7790075343538 476.9889674816912 -344.9666035479864 -59.03485231806787 -900.3187630597763 450.1481987397032 -352.2978510521442 -58.07067061561852 -859.5291082341583 494.11531948762484 -278.1934293518031 -89.30500617475353 -904.0833423503375 424.66766299655774 -265.91905162869875 -81.34715118719141 -895.1247594753899 443.5599725169893 -303.8316108431625 -80.42961445595441 -925.0004683946162 418.34370516878295 -303.561726799839 -65.81319563627822 -907.6078511329044 432.06788982701045 -373.55805301147393 -46.81019802869588 -880.0212971626513 448.2830782685548 -295.1544131932028 -69.28922858096945 -845.870404416244 492.70988408154335 -266.3531333433762 -97.26242261085702 -903.1567423693396 429.8045792447218 -287.0036743389097 -72.85018428436776 -856.9712204187035 464.02132157350616 -307.25139794739135 -71.40579257135914 -862.6994866236478 487.69865744904405 -249.78123968390747 -88.49048955701703 -861.1228570758739 467.2851119641371 -212.16389692259582 -110.53782307653938 -856.0695153719704 499.88673223747236 -362.159017063253 -52.89163902348317 -843.69498628682 509.41038237043455
1430.0048193674556 1.7582782280749836 0.0 1.7582782280749907 0.879139114037546 1.758278228075066 0.8791391140375191 1.7582782280750495 1.7582782280750684 1.758278228075045 1.7582782280748075 3.516556456150024 2.4865809165691206 3.6247834267885493 0.8791391140374799 1.7582782280750193 1.7582782280751044 1.9658148206668038 2.4865809165688475 3.6247834267885644 0.8791391140374721 1.7582782280750178 0.8791391140374121 1.7582782280749845 0.8791391140374786 3.6247834267885266 0.8791391140375003 3.6247834267886416 1.7582782280749807 1.9658148206668524 1.9658148206668833 0.8791391140374955 0.8791391140375493 1.75827822807502 0.8791391140375154 1.9658148206667794 0.8791391140374388 1.7582782280750953 0.0 1.7582782280749665 1.7582782280751206 1.965814820666808 1.7582782280751088 0.0 3.6247834267885457 1.965814820666787 0.8791391140376074 1.7582782280750529 0.8791391140374973 1.9658148206667858 1.758278228075121 1.7582782280750655 0.0 3.6247834267885075 0.8791391140374283 1.75827822807506 0.0 1.7582782280750173 1.7582782280752265 1.7582782280750842 0.8791391140375046 0.0 1.7582782280751157 0.0 3.6247834267884476 0.879139114037527 3.624783426788597 1.7582782280750087 3.9316296413335907 0.8791391140374804 1.7582782280750084 0.8791391140375437 1.7582782280750473 0.0 1.9658148206666695 0.879139114037513 3.6247834267886017 2.486580916569085 1.7582782280750617 0.8791391140374906 1.7582782280749638 0.8791391140375281 1.758278228075181 0.8791391140375363 1.758278228075204 1.7582782280750402 1.7582782280750693 2.4865809165690647 1.7582782280748483 0.8791391140374911 0.8791391140374742 0.0 1.7582782280750748 0.0 1.7582782280749667 0.8791391140374984 1.7582782280750378 0.8791391140374787 1.9658148206668453 0.0 1.7582782280750286 1.7582782280750076 1.7582782280750473 2.486580916569036 1.7582782280750966 0.8791391140375431 3.624783426788744 0.8791391140374947 3.6247834267884445 2.780081980501001 1.9658148206666766 1.7582782280751088 1.7582782280751597 2.4865809165690296 1.7582782280751004 2.486580916568995 0.879139114037672 1.7582782280750109 1.9658148206668988 1.758278228075056 1.758278228075049 0.8791391140375674 1.7582782280748908 0.8791391140375315 1.758278228074904 1.2307947596525766 0.0 1.9658148206668788 0.8791391140374716 1.7582782280749474 1.758278228074826 1.9658148206667474 2.4865809165692068 1.7582782280750615 0.8791391140375406 1.7582782280750078 1.7582782280748508 1.7582782280750064 1.7582782280749125 1.7582782280750486 0.8791391140374903 -238.2581087939734 -113.50084512550035 -881.7522186660836 442.35303048293986 -345.20545252818323 -55.518588257670814 -896.0378138779456 436.84440335411745 -252.95182568133737 -93.77287042764826 -845.6944690879159 484.47746949700513 -275.823701894644 -79.99748081778667 -859.5873832720118 484.04873291809406 -232.47010184297537 -108.31948260717627 -872.9126294735429 487.45460927076186 -202.13288304220907 -117.1463961986444 -850.2889826265882 470.84524423797455 -276.48196788985865 -96.99771393116822 -888.365626204728 452.83158216944764 -328.45354375747735 -64.10115462246165 -844.9433308026786 480.2054126850231 -338.1285922004287 -59.424017858988094 -830.6004024931885 500.22450329591055 -299.3804486762566 -79.77224643638388 -872.9506181335938 474.42954438716276 -239.68814948205397 -103.12727600889693 -857.4885805086332 504.1963725023873 -280.19907218298357 -82.83665045874754 -881.9514570588628 452.0086635314642 -264.1264062279284 -100.46847092188621 -874.463397444706 455.6794770595053 -241.61023924322794 -108.70553301723577 -914.7464062383065 420.3432680077299 -252.7148703383356 -105.12148368386121 -834.6155625584905 515.1820502655238 -205.9866500432223 -120.87050600808323 -869.8941753318365 470.90384876167224 -245.67886635054515 -91.0333296265575 -852.4615793287077 484.8458960484308 -316.59446870770415 -60.96858322137614 -884.5347190189555 458.7874709123951 -260.44866298819693 -84.26479791070686 -839.2418032693889 483.9344120559624 -313.83712050570244 -65.90737178349407 -906.8619610725702 429.2673110064622 -326.2183294434241 -56.17566871285536 -846.4525888415476 475.64924685859324 -353.4087942420492 -51.750119849332044 -828.0491156775453 519.4647952808143 -314.7103341889916 -76.02585710251293 -915.8512904199282 427.5384521377653 -296.116166536909 -72.95683247990476 -837.2560366295512 489.14954217169395 -282.9038197961459 -94.05691324684115 -934.103287428367 404.5823269113899 -293.0358639602025 -78.28896895111814 -832.0840367044451 487.2062519032684 -259.2431524545127 -105.51693308918348 -873.0154458967388 479.82635952169437 -228.60694045840532 -102.33923160400232 -929.0992810129969 416.4208548877098 -271.287816447826 -88.95647027207367 -852.1014857546276 479.4534589817694 -323.28683465030156 -61.08147774176816 -868.5241897930531 465.53234293200495 -247.87083945369676 -109.98586001787301 -837.7856915828548 505.1300681241011 -360.19017775223574 -50.05617289377991 -860.8533043477328 475.7989201237991 -276.2659537972707 -92.93948942230253 -850.8465822856031 508.5078733437473 -222.48844040846996 -112.32515558943021 -936.81789718565 408.1687713996024 -243.3666535481206 -97.58126959282049 -891.7938802566695 458.39243542154935 -288.36525423307364 -75.66644811046946 -910.295727946674 436.1125754341181 -303.1878619798506 -82.88877382689904 -865.6737098014289 459.9771719834661 -292.9977267173484 -84.80175854853844 -853.3462631836279 474.8224424231146 -331.29497442305876 -58.36605259300112 -837.6228768602616 500.66716774583045 -224.95044654873905 -107.98825237719397 -861.0500608772278 465.1180554414332 -258.2730498055572 -95.95620137966442 -901.1066889397148 439.3852143736183 -266.1615732772528 -86.3917124025112 -907.6193157815947 424.7997878544437 -216.75051101229207 -116.9490589248473 -835.3995878211554 494.85469277789605 -286.93772972349717 -83.24470483758668 -872.1631438887426 460.7620047252124 -302.9005888902156 -71.20183392158171 -868.0365799630283 492.87961444304705 -281.06174310325025 -74.61674255886597 -899.971540039693 444.10215515533724 -270.05504683784835 -101.34562386648388 -846.6034339172082 505.63461671276457 -210.8973267982537 -115.34801451578214 -863.8401831392507 498.69403013276246 -318.5865368632039 -68.63113167375683 -888.1269550725813 437.51386359448645 -296.90279258995236 -87.34189792991091 -884.1311654287185 447.54007112193426 -230.19031765654896 -113.87587032561397 -879.3326675907123 465.1227044660819 -370.5406465660129 -46.381803965197626 -888.2726177596438 441.815588991336 -263.1412506321182 -91.15202815985138 -862.6291909741872 470.8153587988007 -256.0600697755998 -100.74813162318168 -921.76923427436 416.5857482368098 -338.4956437913294 -54.91196419131468 -930.0481621474858 412.0367623224477 -289.10265970778374 -89.9315366414471 -863.1772168511368 479.52041275294323 -349.74409694430364 -57.59879306095056 -898.4361985879441 451.8627412887476 -355.78799603393924 -57.303303964053036 -858.8370636502739 494.9582956109926 -281.4234406851574 -88.15090001246911 -900.4565280127741 427.25866652211215 -267.36019345309234 -80.98721989467782 -892.8173785353652 444.3960346573679 -307.70316039385284 -78.32502869481456 -920.7529230003094 421.8539672799341 -306.9509668885197 -66.07730139686207 -903.8723200895216 434.4334701981168 -377.15924306902417 -45.12897372361305 -876.1525676115222 450.3785589310904 -299.32785681230746 -67.83916524653051 -843.5388496156759 493.4727308734958 -269.5929051746415 -96.1461189113877 -898.7676182996104 431.9409999971282 -291.89175449153515 -70.60671668863367 -853.8592313778454 465.4362203340434 -310.4091074325638 -71.21390900354444 -860.1734288158523 488.0369013107739 -253.57838503240478 -87.45033336040142 -856.8838665190772 469.75814459395343 -215.81389133073358 -109.14261824977382 -854.8279682310841 500.70398804320075 -365.92411940322427 -51.609954257230655 -841.1642984982601 509.7160889143539
1440.0048193674556 0.8791391140375101 3.6247834267884604 1.7582782280750204 0.8791391140375551 1.7582782280749767 0.879139114037597 0.8791391140375083 1.7582782280751301 0.8791391140375143 1.7582782280749518 1.7582782280750615 1.7582782280749725 0.8791391140375528 1.7582782280748488 1.7582782280749407 0.879139114037647 3.624783426788673 0.0 0.8791391140375413 1.7582782280749965 0.8791391140375158 1.7582782280749867 1.7582782280750588 1.7582782280750306 3.624783426788657 1.7582782280748739 0.8791391140375387 3.6247834267886523 0.0 0.8791391140374104 0.8791391140375301 0.8791391140375138 1.7582782280750107 0.8791391140375436 1.7582782280750295 1.7582782280748859 0.8791391140375647 1.758278228075145 3.6247834267886585 2.48658091656891 1.965814820666898 2.780081980501053 1.9658148206667658 1.2307947596525168 1.9658148206667774 0.8791391140374654 1.758278228074996 1.7582782280751723 0.0 2.4865809165688906 2.63741734211255 2.486580916569086 1.7582782280751215 0.8791391140374922 0.8791391140375132 3.6247834267884707 0.879139114037506 1.7582782280748739 1.758278228074974 0.8791391140375096 3.6247834267885612 1.7582782280750602 3.6247834267885537 1.7582782280750489 0.8791391140375144 1.9658148206668085 1.7582782280749991 1.7582782280748626 1.758278228075017 0.8791391140373669 0.8791391140375203 1.7582782280750164 2.486580916569076 1.965814820666783 1.7582782280750555 1.7582782280750118 1.758278228075049 1.7582782280750593 1.7582782280750076 2.4865809165690633 3.6247834267885857 2.4865809165690207 2.486580916569093 1.9658148206668504 1.758278228074998 1.758278228075093 3.6247834267885946 0.8791391140375742 1.7582782280750684 0.8791391140375316 0.0 1.75827822807496 0.0 1.7582782280748888 1.7582782280750324 0.8791391140375285 1.7582782280749492 3.6247834267885306 2.486580916569032 0.8791391140375184 1.758278228075004 1.7582782280749933 1.758278228074969 1.7582782280750107 1.7582782280751152 0.8791391140376287 0.8791391140374913 1.9658148206667594 3.6247834267886474 0.8791391140374485 1.758278228074994 1.7582782280750442 0.8791391140374784 1.7582782280748808 3.6247834267885173 0.8791391140374993 3.6247834267885946 1.7582782280751732 2.4865809165690083 3.624783426788764 0.8791391140374956 1.9658148206666881 3.6247834267886363 2.4865809165690798 1.2307947596525508 0.0 1.758278228075012 1.7582782280749043 1.7582782280750895 1.9658148206667518 1.9658148206668697 0.0 3.6247834267886314 0.8791391140375123 0.879139114037521 1.9658148206667225 0.8791391140375016 1.7582782280749696 1.7582782280749885 3.624783426788613 -240.87102941488524 -112.15906539762085 -876.2289567029703 444.37715779030987 -349.0162341955608 -55.298335553835194 -893.0254278190262 439.61547147398704 -255.83551258698603 -93.05796234810694 -841.5573571426686 488.4233669644531 -279.36119893558117 -78.35278361970391 -856.6602730982742 485.8803285726639 -235.54272145326559 -106.79798510398439 -870.2355110893037 488.6500220705211 -203.20902747852716 -117.25101653414477 -846.2161720680227 473.71770741851617 -279.8400155651092 -94.92997825365272 -885.5012940698693 453.6246767209151 -332.66885588130475 -62.6503042565882 -842.9470312027111 482.9472308262369 -340.9264211290807 -58.414094827012946 -826.7600682651806 502.41824961971815 -302.2328561340931 -77.82320503597506 -869.3872304010065 476.03605018215586 -241.40317468161186 -102.1491972273519 -853.9079462039282 505.76106977370864 -282.9547137307148 -81.8116457845737 -877.9591954538746 453.8464151876964 -267.8912008319858 -99.32776248007103 -872.1019145261585 457.5596853595941 -244.40906666295555 -107.8038950706968 -911.126659727038 421.8274778351518 -255.2149504688276 -103.51432207839139 -832.568180780544 516.59994063425 -209.9919556934897 -119.04684898821135 -867.5664487215806 471.6880041236863 -248.0193483138871 -90.30554187161246 -849.0809182512437 486.864669643189 -320.8237012000366 -59.57951005970015 -882.4175750599009 460.0282020611167 -261.78661763445973 -83.67906738407363 -835.2686374261251 486.73437752040206 -318.50105377478235 -64.28872611118784 -903.4260298500823 432.268162887709 -330.2322348121416 -55.387591576771094 -844.1348506732843 478.2684344584487 -356.4197171238035 -51.08297502335963 -825.5164746765936 520.2522692649271 -318.2772504735394 -73.3679598428848 -914.8528571532133 428.8353742558253 -299.83061330634445 -71.67119313323926 -833.1971176171961 491.44971208918867 -286.5559494187469 -92.63257993548221 -931.8200334222145 407.6422726975126 -297.0962281441381 -76.02435187437197 -828.2094123684672 488.0931425818929 -261.9321810127502 -104.3463906552746 -870.6875332795108 480.6066510069424 -230.77819580623938 -101.18402593108861 -924.2795948516069 419.8958350082161 -274.5663071259052 -89.0766049895413 -849.4671701456281 481.9496704086185 -326.9883936584837 -60.76726158632892 -865.5100764844022 467.16134647248805 -251.47015724956645 -108.46193072899318 -835.8370335572387 506.7743173078103 -363.1707587354894 -49.337270342325894 -857.0846866086603 476.94172617795937 -280.84749997697196 -90.02363357786018 -847.5178042061831 509.42753294219483 -225.02297509064206 -110.76552788133421 -934.6415626070701 411.4444361848192 -245.71117859580465 -96.85213091569705 -890.6328240214107 457.04823182461877 -291.657337971598 -74.6105835939182 -907.31853441679 437.80687529569116 -306.79888539272065 -80.27431759366101 -862.4122785900672 462.24977839832144 -295.65586030330746 -82.4370425557422 -850.3199333394806 476.4280817052531 -335.80459371647873 -56.43457748759547 -834.3899307022614 501.80660578659473 -228.3893762466255 -106.07063292951423 -858.5720614248818 466.7610263588118 -262.74607904162383 -93.99393340144186 -898.7718573321515 441.303492764469 -269.761807127357 -83.7005931226546 -904.6261492543613 427.5900930735757 -219.47195101474557 -115.86211736014113 -831.8159404276877 496.4121246743018 -290.70825851134293 -79.81651452854267 -869.7970002587233 462.6410439351232 -307.26507207219254 -70.10131698876431 -865.3594029378853 494.07039615843587 -285.1068420268123 -74.0404751034762 -896.4406044195812 445.77009368287963 -274.0662651136719 -99.55523504448645 -842.9231913899579 506.9702826885324 -214.44317496521037 -113.68450300097162 -862.2044446195802 498.6139573268415 -321.63122113449697 -68.1254357078343 -885.5494636893745 440.0635103738053 -300.4300136773383 -84.5429001633321 -881.0290984399874 448.9799256144265 -233.63046410252238 -113.2627183676691 -876.4630653014245 465.8914627573948 -374.4910690595953 -45.29240383081097 -883.0675551629352 444.5185092239753 -266.96100292611646 -88.9273880475279 -859.8550712088161 471.78975395139656 -259.652763248206 -99.19714817290424 -918.477860077671 418.7478302085753 -342.2582356907105 -51.66186920533946 -927.0922903371836 414.8682365634692 -292.32455500315086 -87.6053343426879 -860.301451577967 480.26668894966764 -355.12022994457345 -56.17143967309741 -895.5789040914407 452.66740629727485 -362.29446533119057 -54.85637042245107 -856.8966216030959 496.6146759165127 -286.42086209624534 -84.99900014498037 -898.4635771480779 428.7478565420525 -270.8140808641841 -79.1492791987104 -889.6162263791264 445.6238247669026 -310.31613792168577 -74.83669685262396 -917.5601824113493 424.2186417338191 -311.0911735265693 -65.05595621207057 -899.6716611564004 436.9754376439792 -381.0708475938565 -43.50572039136489 -872.8071860170843 452.45558236891196 -302.8155342168935 -67.18116752440693 -841.5526642966864 493.8063395487925 -271.9196097127527 -95.37032166167836 -894.5637433783288 434.47333347772053 -295.61345560057663 -69.32317535880092 -850.6885136129102 467.9166033635935 -314.42680074393803 -69.42199823850223 -856.999258876256 490.51263943396515 -254.92181410962726 -86.86655424199 -852.5212443032789 471.9702141965759 -217.629811492164 -108.41891763253496 -850.7021613307151 502.24222609634757 -369.49005981382754 -49.94280865244076 -837.326689562833 511.9144300763826
1450.0048193674556 1.7582782280750113 2.486580916568914 1.7582782280750837 1.7582782280749183 0.8791391140375008 0.8791391140375165 3.6247834267885994 1.758278228075187 0.8791391140375493 1.7582782280749334 1.7582782280750053 1.9658148206667634 0.8791391140374814 0.8791391140373941 1.7582782280749711 1.7582782280749525 0.8791391140375034 1.7582782280749623 1.9658148206667538 1.7582782280752245 0.8791391140375187 0.8791391140374103 1.758278228075062 1.7582782280751308 0.8791391140374738 0.0 1.7582782280750193 1.9658148206669332 3.6247834267885555 1.7582782280750782 0.8791391140375495 0.8791391140374951 1.9658148206668165 1.7582782280748277 1.7582782280750018 0.8791391140376081 3.6247834267885466 1.96581482066673 1.7582782280750884 0.8791391140375187 3.6247834267885697 3.6247834267885604 0.0 1.2307947596525168 1.9658148206668529 1.7582782280748483 2.4865809165690345 0.8791391140375447 1.9658148206668224 1.965814820666902 0.8791391140374882 2.486580916568949 1.758278228074994 1.7582782280750555 0.879139114037543 0.8791391140374506 1.758278228075095 1.7582782280749123 0.8791391140375585 2.4865809165689985 3.624783426788613 1.7582782280750744 0.0 0.8791391140374839 3.6247834267886683 1.7582782280749298 0.8791391140375213 1.7582782280750815 3.6247834267885777 1.7582782280750024 2.4865809165690234 1.7582782280748783 1.9658148206668804 1.9658148206668968 1.758278228075051 0.8791391140374868 1.7582782280750275 1.758278228075187 0.8791391140375193 0.8791391140374384 1.9658148206668304 1.7582782280751703 1.7582782280750022 0.8791391140375587 1.7582782280750684 1.7582782280748637 0.0 0.8791391140374906 1.758278228075048 1.7582782280748848 0.0 2.4865809165690247 1.758278228074959 0.8791391140374907 3.6247834267886496 1.7582782280750406 2.7800819805010106 1.9658148206669523 3.6247834267886354 1.7582782280751128 1.7582782280750224 0.8791391140374402 1.7582782280750193 3.6247834267884804 1.7582782280750682 2.4865809165688786 1.7582782280749536 1.7582782280750027 1.758278228075034 1.7582782280750027 1.7582782280750566 1.7582782280749818 0.8791391140375243 0.8791391140376392 1.7582782280750053 0.8791391140374314 1.7582782280750573 1.9658148206667339 1.9658148206667534 1.7582782280750346 2.4865809165690695 0.8791391140375325 1.9658148206668105 3.624783426788768 3.624783426788681 0.0 1.9658148206668349 1.7582782280751037 0.8791391140375419 0.0 3.6247834267886203 3.6247834267884276 1.7582782280750315 0.8791391140374719 1.965814820666736 1.7582782280748401 0.8791391140375189 0.8791391140375231 1.7582782280750073 0.8791391140373948 -242.5606001910846 -111.16661112561414 -873.0737854741036 446.87671599654095 -352.6806701767461 -54.7025764421316 -888.587763423465 441.6560222572606 -258.02444469780926 -93.1326679170295 -838.3206753347607 489.55163451339314 -282.86128384799304 -77.70063401682798 -853.6251819132393 487.47399838628183 -237.17938476857736 -106.89369029204997 -865.7648014182978 490.61653719829263 -205.73743020465744 -115.70094296462963 -841.0918127986181 475.41661569215216 -283.3576357097693 -93.23031171807058 -884.4716503314164 454.8981810449177 -335.19954139912204 -61.15007088070305 -838.6228386473593 484.02205525741977 -345.31756493094395 -57.14687408096696 -825.1719361188761 506.25040647489834 -306.7568127074562 -74.89831006016188 -867.2522246516908 477.2481901513478 -243.98430452293286 -100.75078441852925 -852.1761135587133 505.4464362137853 -286.8911287796862 -79.8486032153696 -874.3500111772577 456.53883583765696 -270.0967676679989 -98.29266221768829 -868.48676335213 460.2447385795824 -247.14460081564977 -105.53211861713935 -907.9036343603974 424.15866966747626 -258.1244051804401 -101.65439419747027 -829.5986316854336 518.366810352125 -213.0632137476686 -117.5305888518307 -866.0760446853227 473.14728592995715 -250.79443977077887 -89.32522767657213 -845.4955471519731 488.4187196771966 -323.5558414072321 -57.45854231476489 -880.4922873090472 461.7019015179714 -266.17676754884536 -82.69419008581811 -831.5789967448055 488.0520830790981 -322.20996954818696 -61.920921083044874 -899.8850691341588 433.9210067751838 -333.6719377338689 -54.48191732662748 -836.9260665866897 480.0631074318838 -359.82821546401686 -49.16867427298329 -822.6177895538558 521.9679084807997 -322.2010929342864 -70.3484220732531 -911.526738011865 430.94572504042856 -304.3647636403392 -69.02795525198906 -831.5969497541705 492.6738097539441 -290.7234963975845 -90.03896573941262 -928.8403449382844 410.44332426092296 -300.4447591847271 -74.01456485906897 -824.4586254261459 490.49464708803066 -264.14925190288227 -103.32497577396347 -866.9153798015154 481.7391206198962 -235.2653099410197 -99.25291991491436 -923.0627416876847 420.75148058363794 -276.99467301021105 -87.35776056561212 -846.9736755988608 483.56812016679567 -328.92831959431567 -60.19838987320518 -861.4379429546526 470.0332422657213 -253.4011357681706 -106.78986025446751 -832.0499259848199 507.8551318617663 -366.75777295501587 -46.35807090733889 -852.0664361193664 478.8781953823326 -284.1409666727711 -87.86762937326142 -844.4726509605653 510.9996726332993 -227.33952188495607 -108.72331380167239 -933.2078359246548 412.95971746190986 -248.38244791772058 -95.6567631054702 -888.1694657948614 458.7042972714484 -294.2646967916307 -73.28171667734314 -905.003123929214 438.61957361946486 -310.8873621250113 -77.5684586321377 -860.1274074532918 464.3295011396111 -299.23256543853415 -79.77471576259624 -844.4029327613326 478.7434412600788 -340.4995239261228 -54.74896444232935 -832.2414370879686 502.9860600317691 -232.24075196335662 -103.90025023313682 -855.0002664395552 468.33608818895675 -266.3922411234331 -92.56272003207538 -895.8420623157748 444.27758274280967 -272.5084246621565 -82.64804694987025 -902.0762796784167 429.05804836958146 -223.4333887680671 -113.9421355647044 -828.4144238305614 498.39893431698084 -294.1903508391972 -78.03705285336923 -867.3641475946955 465.5930760727702 -311.599864577146 -68.88573256844792 -862.1289433367884 495.2170536478321 -288.2646710543474 -72.71981738073913 -892.070595749303 449.1261302661034 -277.28050681670896 -97.22299433207978 -839.6860088873027 508.0938009286457 -217.14868363185755 -112.55967327483233 -859.9080813218407 500.679518987969 -325.39814976969024 -64.86890825615674 -881.8552087418195 442.55502597394434 -304.10860157029623 -82.07705041475512 -875.6916642221536 451.3983515139612 -235.78061372526503 -112.07872590634733 -873.7841396562936 467.08553870270896 -377.76187955486887 -44.833475941729574 -878.9249299005863 447.20618175193425 -269.38129132708434 -88.31906449870827 -855.7763998829206 474.6510635364712 -262.5596070519815 -97.32816070014663 -915.0546184362588 420.6510256818736 -346.89307598829805 -50.79669454873153 -926.4197432722788 415.73440513050195 -295.37800787898993 -84.97407754576537 -856.7224849400773 481.8371419583471 -358.9452442012815 -54.88282844769797 -893.3595464870957 453.68736256445686 -365.57119794976853 -51.81652176418774 -854.5578886475641 497.36529993599396 -289.80178832792706 -83.03351060987598 -894.4461823739744 431.6962120777703 -275.7470095072744 -78.1246588545969 -885.7203248206939 447.67360385662016 -314.49263563129017 -72.30766048301135 -916.0031297948772 425.49573529591333 -315.68173847100235 -62.26321939130533 -897.4250046597651 439.09330676570494 -384.4883005702033 -42.66198489507896 -868.7984793092586 454.2554761747189 -308.73906342752304 -63.74906068807657 -839.5665054188115 494.12837967148516 -274.69719235750466 -93.24793809458873 -892.8600321847491 436.60457116400386 -298.86928542701946 -68.1775786382394 -846.0599227739714 470.745525451651 -318.5166354422029 -67.73307320937198 -855.2484624064615 492.6110349298807 -259.32431945710806 -85.90905459304712 -849.2356297945105 474.21002594998026 -219.97847378918314 -107.69714408934679 -846.9216199071815 503.34554317028216 -371.92305499338096 -49.172204584920735 -835.7206517282568 513.1292722690407
1460.0048193674556 1.7582782280750269 1.9658148206670027 0.0 1.7582782280749227 0.8791391140374937 0.8791391140374655 0.8791391140375087 0.8791391140375087 3.6247834267886003 0.8791391140374883 1.758278228075041 3.6247834267884724 0.8791391140375018 0.8791391140375389 1.7582782280750446 1.7582782280749576 1.758278228075073 1.96581482066685 3.6247834267885355 1.7582782280750526 0.8791391140374996 0.8791391140374734 0.8791391140375281 0.8791391140374466 3.6247834267885297 1.9658148206669293 1.7582782280750564 1.9658148206668389 1.7582782280750597 0.8791391140377204 0.8791391140375016 1.758278228075071 1.7582782280750284 0.8791391140374917 0.0 1.7582782280751106 1.7582782280750213 1.9658148206667025 1.9658148206668553 1.7582782280748954 0.0 1.7582782280749452 2.4865809165690576 1.7582782280749425 3.6247834267885937 1.7582782280749576 3.6247834267886416 1.7582782280750144 2.48658091656899 1.9658148206669896 0.8791391140374852 0.0 1.9658148206667905 1.758278228075105 1.7582782280750633 1.7582782280751128 0.8791391140375212 0.8791391140374168 0.879139114037567 0.8791391140374614 0.8791391140374935 2.4865809165688333 1.7582782280750844 0.8791391140375947 1.7582782280751035 1.7582782280749525 0.8791391140375093 3.51655645615002 1.7582782280750282 0.8791391140374463 1.7582782280750147 1.7582782280749778 1.9658148206668158 1.7582782280749594 1.9658148206668244 1.7582782280750378 0.8791391140374889 0.8791391140374993 0.8791391140375099 0.8791391140373983 1.7582782280750315 1.758278228075032 1.7582782280749851 1.7582782280752125 0.8791391140375323 0.8791391140376118 0.8791391140375528 0.8791391140374555 3.6247834267886265 1.7582782280748641 1.9658148206668478 3.6247834267885426 3.624783426788685 1.7582782280748528 1.7582782280749827 1.7582782280749498 0.8791391140374973 1.7582782280750502 1.7582782280751148 1.75827822807497 1.7582782280749947 1.7582782280749822 1.7582782280750096 3.6247834267886065 2.4865809165690425 2.4865809165689994 0.8791391140375066 2.486580916569217 1.965814820666764 3.6247834267887153 1.9658148206668664 1.7582782280752043 0.8791391140375059 0.8791391140375207 2.486580916569054 1.758278228074973 1.7582782280749518 1.9658148206670196 3.624783426788677 3.6247834267886523 1.7582782280750369 0.8791391140375164 0.8791391140374761 0.8791391140374936 0.615397379826191 5.27483468422527 3.6247834267886416 1.7582782280748401 0.8791391140374618 2.780081980501138 0.0 1.7582782280749263 1.7582782280750218 1.9658148206668673 1.9658148206668993 1.7582782280751081 0.8791391140375553 1.7582782280751617 1.7582782280749838 1.7582782280749285 -245.63431521750215 -110.83909067135953 -868.6054385023432 448.8592756918978 -355.37935792607743 -53.444083678381965 -886.6159095720724 444.4160737007059 -258.6911906346089 -92.26481268191154 -835.3417640815098 490.01109803061973 -284.26587546082055 -77.24205365087548 -851.1247604495622 489.08077433488415 -240.1869360930948 -105.24882654832237 -865.7666955114408 490.61571769801685 -209.65336421940572 -112.45658124132892 -836.8850097367772 478.0020110419831 -287.4822380454673 -90.56648764652566 -881.9429013654501 455.22209765833173 -337.67514447537894 -59.56623161475196 -835.6662523948389 485.8025592793828 -348.8292045272965 -55.381078836324875 -822.4951399695935 508.8389589215613 -310.2271390529271 -72.0842094365814 -863.4162459014133 479.45308527772795 -245.96232524324222 -100.37949214554399 -850.9149990903795 506.2425461034137 -291.4341343840135 -78.01143561504418 -872.2141929439398 457.7477693178008 -273.4895391652058 -96.33505319243517 -864.9510637227081 463.12600608982666 -251.02809972688857 -103.44908090036681 -903.4653841125206 426.20136267190617 -260.4347903722611 -100.81713388079412 -827.4525260609199 518.1688508467705 -214.8548543634903 -116.75857496658861 -863.1943642607113 473.8699396254962 -254.50479311888 -89.18280235481888 -842.0892624776707 490.3938002450618 -328.4359620524847 -53.286523826605006 -877.8104727594748 462.8861084492122 -269.66687037916967 -82.04385610207733 -827.4181720372366 489.5167143134666 -326.89199603543074 -57.90269293176766 -896.7337446432654 436.4320524909675 -337.8895314785076 -52.043269535483475 -832.6211418836425 482.4110082309084 -364.095960539943 -46.76837680735321 -819.9267758198464 523.327778213897 -326.6465974686266 -68.24320283377884 -909.5478956016904 431.3197445839274 -310.0007962231171 -66.11114367622896 -827.9787417531396 494.16732330321946 -293.5820390324746 -85.49924612943757 -925.7232735247193 412.9970849255454 -304.5891597588807 -71.15423920849383 -820.4581639723792 492.3730663100319 -267.45671793664894 -101.1800056259484 -862.0839818191505 484.1036657434464 -238.41870603982025 -96.75047590349611 -921.70660973373 422.4629456160857 -279.5069985876181 -86.9005582811387 -842.579756483016 485.71200636234363 -332.8279795775458 -57.44708805169699 -858.4001957007127 471.620197262947 -255.38348759388825 -106.40743633678419 -829.6964532801799 508.52086191558277 -370.2421097325338 -45.36395422879008 -848.1285686033126 480.84097843137204 -286.8308059246716 -85.63960275372538 -841.8543653098651 512.3453309722518 -230.21981433512613 -107.97558903091274 -929.6234009258966 416.8145508685921 -249.84382037110905 -94.15107374460716 -886.0392345476797 459.92139513865993 -297.7877722605272 -71.08159033115444 -903.4309620424286 439.8726740525783 -314.43508645400675 -74.39805201044716 -857.7340073501749 466.1714539612739 -303.22191964491213 -78.42537288147084 -841.001314010733 480.72456882671503 -343.48112539768704 -53.957856626039565 -829.7222772832347 503.2417115098939 -234.1710174602869 -102.2340180527859 -851.8054491478147 470.7891874779946 -270.55774831001696 -89.97013443092817 -893.372094241811 445.9299076073424 -278.05212869054196 -79.54939238526742 -899.272521022531 431.1468035839847 -224.17722968449044 -114.41195469792456 -826.426680581838 499.99608985907105 -298.3890547546314 -76.04938109941482 -864.3296678175759 467.18642982906243 -316.48825250825894 -66.59736720048109 -859.0863114885548 496.79372145502714 -291.5472900160775 -72.62986406257521 -890.1435476582117 450.7929957381367 -281.85903415939833 -94.34694824441473 -836.1629112924788 509.8028757710089 -220.1881828752295 -110.96537301820698 -857.7602041439563 501.8633518116352 -329.53128344345555 -63.19088427525217 -878.5848834870101 444.81971378426726 -308.80317974837413 -79.46753634124204 -871.3256974262649 453.5998242520162 -238.69824137268898 -110.22700160560922 -871.8416311415964 468.73994680333544 -382.2193200443597 -44.297391668930466 -874.5604398817958 449.4152877833484 -273.64204437191813 -84.8283080168652 -852.8313415351449 476.45698141109466 -264.8845778056938 -95.38930536504876 -910.5268996650257 422.48686300866797 -351.21052884477075 -48.45052139622447 -921.5519440312984 418.0099455843843 -301.0235949424318 -83.61885082204263 -853.8382061819544 482.5483240884163 -361.47718310147536 -52.53123164219287 -892.5236227405157 455.40189070023615 -367.7564172209603 -52.36590456633829 -851.6714469100858 498.0617547562623 -294.7713275667026 -80.96464025660681 -890.5065005065305 434.8281785370481 -280.39444411885717 -74.35751279624138 -883.2440561298889 449.312328797707 -319.78655395019786 -69.5051219207332 -913.0389070637258 426.0649842843834 -319.75475515629023 -59.56255949980386 -896.2508113517796 441.2331019629344 -388.59466186397503 -40.736336217115124 -865.0161116672879 457.7857016613068 -313.2499795429187 -60.83456261821548 -836.5011729529609 495.6680496570212 -276.88672684372597 -92.14772019771534 -889.4826140749472 439.20572913015576 -303.3694449749054 -66.22921384011606 -842.7569870897356 472.96154800894186 -322.9248602061218 -63.67530655526172 -852.8084125502531 493.12120310767585 -262.275458700562 -85.27335335627487 -845.7427589021314 475.9799588287382 -223.35709049984206 -105.67860289558223 -843.3171410698473 504.8574345074193 -374.87481538900937 -48.24537855592366 -833.7323892295608 514.70783717095
1470.0048193674556 1.7582782280750684 3.6247834267887136 0.8791391140374807 3.6247834267884884 1.7582782280750469 1.7582782280748923 1.7582782280750473 1.758278228075071 0.8791391140375427 0.879139114037528 3.516556456150099 1.7582782280750802 3.6247834267885675 1.7582782280749225 1.758278228075039 1.7582782280749747 0.8791391140375158 1.7582782280749876 1.7582782280750113 0.879139114037559 0.8791391140375167 0.8791391140374443 0.8791391140374761 0.8791391140375567 3.6247834267885826 3.6247834267886336 1.758278228075018 1.9658148206668113 1.7582782280750042 1.7582782280749394 0.8791391140375063 1.7582782280748848 0.879139114037523 0.8791391140375231 1.7582782280750102 0.8791391140375276 0.8791391140375558 1.758278228074997 0.879139114037487 1.7582782280750404 1.965814820666747 1.9658148206667754 3.624783426788637 0.6153973798262865 1.758278228075103 0.8791391140374977 2.486580916569037 1.758278228075138 1.7582782280749851 1.9658148206668744 3.624783426788673 1.9658148206667805 1.7582782280751188 1.7582782280748261 1.75827822807499 3.6247834267887034 0.8791391140375443 2.4865809165689856 0.8791391140375688 2.4865809165689226 1.7582782280750326 0.879139114037502 3.6247834267886505 3.6247834267887113 0.8791391140375077 0.8791391140375976 0.879139114037526 1.7582782280750346 0.8791391140375189 0.8791391140375757 0.8791391140374833 0.8791391140375059 3.6247834267885755 3.624783426788593 3.6247834267885444 1.7582782280748974 0.8791391140375238 0.8791391140375046 0.8791391140374967 0.8791391140376406 1.7582782280750178 1.7582782280749363 1.7582782280749893 1.7582782280750426 0.8791391140375426 1.7582782280750298 1.9658148206668358 1.9658148206669133 0.8791391140375258 0.8791391140375433 0.0 0.879139114037503 0.0 0.879139114037564 0.8791391140374799 0.8791391140375383 1.7582782280750295 1.7582782280750893 1.9658148206668318 1.758278228075112 0.8791391140374802 1.7582782280752394 0.0 1.758278228075195 0.879139114037554 0.879139114037377 0.8791391140374868 0.0 1.9658148206668573 3.6247834267886963 3.6247834267886536 1.7582782280751348 0.8791391140374631 0.8791391140374841 1.75827822807497 1.758278228075098 2.4865809165690465 2.48658091656895 1.7582782280749745 2.4865809165689905 3.6247834267885044 1.7582782280749405 1.7582782280749842 1.7582782280751952 3.6247834267885257 1.758278228074879 3.6247834267885315 3.6247834267885204 0.87913911403754 0.8791391140373858 1.7582782280750522 1.7582782280748452 0.8791391140374807 0.8791391140376242 0.0 0.0 1.7582782280750548 0.8791391140375402 3.6247834267885324 1.7582782280751215 -248.7104299680178 -109.35220201371658 -865.3121156828109 451.08751932583993 -358.26530058210056 -50.76877501864994 -882.5366055286031 447.2771403237003 -260.97584178574925 -91.37274820817397 -831.4098335099465 492.0335658246678 -289.85395708635446 -75.21682882479736 -846.9673261684363 490.52301682221463 -242.61817784811717 -103.54564898788774 -862.5212704671552 491.7213554741797 -212.92436238691022 -112.58936541122011 -834.5153179264734 480.0041394232186 -290.35004425411785 -88.69690739600203 -879.2573303572476 456.3961921491061 -341.1780590164487 -58.63489228650959 -832.1928350844439 487.6563980792154 -351.67060252110525 -55.16656772036926 -818.9534010071602 510.58752499036734 -314.78262584339825 -70.15542414215008 -860.3600579252642 481.01527901741724 -248.1599702644675 -98.2170912367986 -848.7281684501401 507.36782033238643 -295.37373903369564 -76.04000107037878 -870.2669322563373 459.3898046934292 -276.93890786060894 -94.49984807699494 -862.1612941997046 464.05259496332 -253.43585723013288 -101.70784641298353 -901.050902722781 429.16329688593163 -262.2748031352749 -99.05602529532602 -824.8027473911413 519.4791712821444 -217.18261603704312 -115.97252829719042 -861.0448176766006 475.0524201098789 -258.2139655469904 -87.85801927179762 -839.6266683282831 492.14696051906947 -333.2907420329761 -50.010009593671846 -875.8238871293383 463.21810050212923 -272.0306583218554 -80.24349626317395 -824.9289780459047 491.20730850827806 -330.27408554283477 -55.07174939743158 -892.2720295381778 438.42150431335733 -342.17600467916867 -49.66162939038192 -828.3260924409893 484.85370306566944 -367.6415154030249 -44.170759625518016 -818.3875917039857 524.2226380873135 -330.454334330827 -66.05710524654603 -905.9839829385452 432.9252411352479 -313.638078517106 -62.71786240570276 -825.3994863733902 495.6351382424225 -296.66830129135116 -84.01862221843729 -921.9344455068293 415.2755607456919 -309.47769804119457 -67.91465242676898 -817.6849423083096 495.03755026890457 -270.9240103457135 -99.3819706020412 -858.6727622927242 486.067736022742 -241.91442568193668 -96.13565306474202 -918.6979357182179 424.10387348473 -282.3983079098821 -85.04600102721108 -839.6650498912971 487.65462293624574 -336.7409152823871 -55.38926498265282 -854.2764955699273 474.42737057975364 -257.2400229349924 -105.75609103617063 -826.2497358084003 508.92524647405605 -374.3960140389936 -44.41200373668747 -844.2451592760876 482.9629729184253 -288.83891133561866 -84.24645595679142 -839.3934575770659 512.7365792347467 -232.45413017408163 -105.83801863177555 -926.7584164118645 417.59905331297716 -252.35941621141785 -93.71312914288389 -883.9005245040108 461.12622698161596 -302.2537725809886 -69.03638839624301 -901.5023351668754 441.54203991007944 -318.8484390732009 -72.25436449247087 -854.1381424160861 467.69815167227307 -307.7124385920906 -75.45310025028799 -837.1988699754197 483.0393676977666 -345.5024106536368 -53.4471513220359 -829.2038269132364 504.73726531799895 -236.47682840082535 -101.40130931340228 -848.7835960339576 471.79863634440244 -273.80698694000205 -88.80675633145897 -889.9985398073436 447.9591408188848 -281.70642298839414 -78.09514755014239 -894.6698738093532 434.0124660128769 -226.633081830476 -112.74552357537851 -823.4830815497735 500.48978984853727 -302.82098807682735 -73.4467541308607 -859.2256891601496 470.16137534106474 -319.25399035768896 -64.56443123357235 -856.924528917864 497.95446968609235 -294.2621571948458 -70.49995694337329 -886.7661001921766 452.81552309788873 -283.4498704731373 -93.1933311296172 -833.3204819338753 510.5635169773306 -221.72439225591492 -110.80200357264603 -856.1286146311132 503.0598513136219 -334.6702553961369 -60.34583859353178 -876.0960027874371 446.4463924414268 -312.32249542958306 -76.78401160659394 -867.5862419448728 456.02202344125976 -242.22881618017175 -108.5452374407496 -867.8982389029234 470.6967088962613 -384.66640102472564 -44.300799388082034 -872.1656486279951 451.25675189522866 -275.6761692487391 -83.454540417304 -848.3191491189566 478.33064634998436 -266.9423251834471 -94.05735080261881 -908.3657916508697 424.81043302723424 -354.57792803347115 -48.13346101182187 -918.1994264120339 420.0767602224433 -303.9806400937477 -81.88409088416941 -851.3954394559053 483.0349575892984 -365.1815373227198 -50.15767337227363 -889.7441496919363 456.361343900048 -371.19438869016136 -50.45512301611422 -849.4941914851878 499.19351687173 -299.38078492531145 -79.17482577763715 -887.7286269988632 435.7938966865933 -284.2835864054979 -73.31675819965625 -879.3159607953926 451.3035419470154 -324.8079171357702 -66.01986583413513 -910.4289977024837 428.5847221381734 -323.14808159440287 -58.52901275298543 -892.7792314318478 443.0443953671685 -391.48306292919256 -39.35792306574126 -861.6249855328394 459.7788664507021 -317.39555554144795 -57.341755346808846 -833.7413504755934 496.6811889706542 -279.7951631141061 -90.31465774647195 -885.7080520902097 442.74537679415454 -307.1540620141105 -63.971065506629834 -838.8722364567429 475.0686973461445 -327.8334498620489 -60.48793377174081 -850.1039059003986 494.2290912411129 -264.8744722191719 -83.92102071969809 -842.2318470353522 477.6881646654822 -225.4685881752483 -104.42196753973157 -841.5000533578598 505.568888886976 -378.0983321002221 -47.668797496185206 -830.8021837273529 515.1922284695403
1480.0048193674556 0.8791391140375351 1.7582782280751026 1.9658148206668917 1.758278228075172 1.7582782280750153 1.7582782280749412 0.879139114037496 0.8791391140375322 0.8791391140375002 0.8791391140374855 0.879139114037512 3.6247834267886514 3.6247834267886083 1.965814820666765 1.7582782280750446 1.7582782280749454 0.8791391140374696 0.8791391140373498 1.7582782280749853 3.6247834267884307 3.6247834267886083 1.7582782280752005 0.8791391140374932 1.7582782280751548 0.8791391140374805 0.8791391140376026 1.7582782280750502 3.6247834267885404 0.8791391140374886 1.7582782280749782 1.7582782280750007 1.7582782280751368 1.9658148206669008 1.965814820666827 2.4865809165690504 0.0 0.8791391140375103 1.7582782280749774 1.7582782280750628 1.9658148206668604 1.965814820666793 1.9658148206667814 1.965814820666838 0.61539737982628 0.8791391140374738 0.8791391140375268 1.965814820666807 3.6247834267886296 3.6247834267886203 0.0 1.75827822807507 1.7582782280752323 1.7582782280750733 0.8791391140376765 3.6247834267886216 3.6247834267885874 3.6247834267885777 1.7582782280750453 1.7582782280750893 0.8791391140375974 0.8791391140375243 1.758278228074922 0.0 3.6247834267886185 1.965814820666819 1.7582782280750096 1.7582782280750082 3.516556456150209 0.8791391140375229 0.8791391140374484 1.7582782280750198 1.7582782280750613 1.7582782280749756 1.965814820666722 0.8791391140375054 0.8791391140374581 1.9658148206668484 0.8791391140375906 1.9658148206667754 3.6247834267887376 1.758278228075094 1.75827822807489 0.8791391140375817 0.8791391140375313 0.8791391140375202 0.8791391140374802 3.6247834267886145 1.7582782280749765 3.6247834267885772 1.7582782280750877 0.8791391140375072 0.8791391140374323 1.9658148206667965 1.7582782280749447 0.879139114037489 0.8791391140374116 1.7582782280750109 3.6247834267886385 3.6247834267886554 1.7582782280749751 0.879139114037489 1.7582782280748537 1.9658148206667874 2.4865809165689905 1.9658148206668313 1.7582782280750493 1.75827822807505 3.6247834267887975 1.96581482066687 1.9658148206669632 2.4865809165690598 0.8791391140374663 0.879139114037552 0.8791391140375507 1.7582782280750762 0.8791391140376106 1.7582782280750762 1.9658148206669097 2.486580916569036 2.7800819805009733 0.8791391140375464 0.8791391140375803 3.6247834267886403 1.965814820666878 1.7582782280750011 1.9658148206668409 2.48658091656902 0.8791391140375137 0.8791391140374935 0.8791391140375207 1.9658148206667938 1.9658148206667119 1.7582782280750988 1.758278228074881 0.8791391140374641 0.87913911403749 1.7582782280750677 1.7582782280748284 1.7582782280751001 0.8791391140373942 -251.10227785910712 -108.66422368218198 -860.9199594848599 454.5131998598472 -362.9026185901574 -48.801208374989564 -878.5272114199302 450.31980511553553 -263.147083965929 -91.29158366030063 -828.2888278422873 493.4949902044121 -290.93136491599574 -75.12809557112132 -844.2167023262531 491.51729787278924 -245.43626634114625 -101.55863629277104 -859.7929075912713 492.7773840355283 -217.0013445004343 -110.92636579123608 -828.420050144483 481.83892961510753 -293.1856731229615 -85.8570243992211 -877.3868067957279 458.2516456790301 -344.23429077426096 -57.033963640391114 -828.4642779367742 488.8444122091289 -353.48670862441 -53.51853675869536 -817.4118280606907 512.6663688778063 -318.4520350453956 -67.72170354973747 -857.9020449925255 481.4496911708491 -251.18032877186087 -96.62983830271749 -846.8646207940501 507.97891650670135 -298.5320249272941 -74.66559194114303 -869.4787129156018 461.29771020851604 -278.8372249136175 -92.8813588979908 -858.1006516279124 467.0287596051575 -256.3514185931018 -99.90490991060649 -897.9701071319782 431.85191572990465 -264.5375305344568 -98.10941524038783 -822.3746002759535 519.7580726921345 -220.03320433527227 -115.14733239805199 -859.0460174664755 476.63137788019907 -261.57059111209685 -86.86181450737443 -836.3856327795881 493.2371389487209 -337.3858053301034 -46.49518548636798 -874.2835958705176 463.3337581128235 -275.4866953555932 -79.39805419812032 -821.7783934915989 492.6296313463997 -334.1277769857636 -52.05289482913735 -889.1804527762523 441.1054099011834 -347.234802480695 -47.48526847229778 -822.3389023067162 486.9726919835797 -371.8718589981101 -42.450147875593 -816.0318267532305 524.2910375670126 -333.0067583826442 -64.59451698350198 -902.9570518168248 434.5349906684468 -317.4278570493461 -60.48063156582066 -820.7054630636541 496.9821486907926 -300.0034461006993 -81.96534786046561 -916.7360295465018 416.81636647264645 -312.4678531798316 -66.24606928329653 -813.6171889368667 496.9756035149098 -271.0379376217655 -99.59805121294315 -856.5012121789485 485.8690589642762 -245.28914532953232 -95.20932185759641 -914.4400846416493 426.5472102452276 -286.4151759338886 -81.26598418814329 -835.1152835625264 489.4605049468048 -339.8910731744405 -52.23657346829779 -850.2745298168229 476.260037438836 -259.51953378642594 -104.83130263902126 -823.9461282775578 509.7884007706873 -376.37310603428705 -43.782601674286546 -839.5232032547449 485.70659332751455 -293.4341592638568 -81.48694647866793 -836.5950822114734 513.5651512663379 -234.7501920095321 -104.96091975151279 -922.7944073520746 418.31563272340486 -255.57787914306994 -91.45283547232742 -881.1765990679239 460.96212898143955 -305.84927923147694 -65.58674341097486 -898.861405930059 444.03413826266876 -322.5106984722119 -70.69560420215298 -849.6797466924974 471.01297825336775 -310.4418606561358 -74.27380561404271 -833.0389680348045 484.46402579140016 -348.7967115403858 -51.33426968139852 -827.4088900274239 503.75151757080835 -238.22900580268202 -99.42340495787704 -843.4833076564637 474.34927252213976 -275.27050639624963 -87.42201732137059 -888.2419431596148 450.04770851219695 -283.4301654030251 -76.22211095545205 -892.2809205023316 435.8617303954657 -228.60520455914533 -112.32654741710948 -820.6606642626142 501.2642795339094 -306.6754215212779 -70.40149402925502 -855.8754030384739 472.2874338358628 -323.355179361877 -61.46295502926195 -854.1903937861096 498.98592489214894 -297.14440491414945 -69.57610114014139 -884.4587455842056 454.87216363064977 -286.9969142903046 -90.56410064597486 -830.1074336812023 511.7411826293977 -224.14568278204248 -109.0799247619401 -854.8428322750646 503.78790706794666 -338.1141711037371 -57.607540071106975 -872.4360868625537 449.0637553481273 -316.94763388127427 -74.92792993247289 -863.71361144451 458.17124498231743 -245.28401456279548 -107.00207628244618 -864.2783298896837 472.16396835461035 -387.91265821127064 -42.90138546204848 -868.4941557551685 453.8691496374261 -279.8514055000086 -81.89249766523444 -845.4345613552965 481.7719202804027 -269.5043980722998 -92.62749990224968 -906.1375693359062 428.2036630677352 -356.9762922615077 -47.254362548673825 -914.3860895812023 422.32139259935195 -306.7260528477161 -80.7341477086035 -849.0027000725548 484.995393707375 -368.74467062504766 -48.36709036423756 -889.1387822231255 457.42218821093115 -374.2608505734185 -49.634907278003716 -847.1110396841883 499.78673633147497 -303.8161038856718 -76.13945453953626 -885.1782975928769 438.50353816612966 -288.4706832454124 -70.82010844281213 -874.6284946641229 454.62919960375496 -325.47343810803085 -65.26875669162894 -909.8874248442902 430.96356368487204 -326.90108606312174 -56.23363978705174 -891.4741009310544 444.93929786670225 -393.3811827699316 -38.515109189784084 -857.4840738615026 462.5352865576222 -321.0231794538317 -54.8764935130632 -831.494694711095 497.6373781205922 -283.8489470550829 -86.58068647251098 -882.5122235032527 445.192929260982 -311.6678716300153 -60.14610836180319 -834.9639702494468 477.22482150617464 -332.3799517747593 -57.6205010359755 -847.7980101963817 495.0616200437656 -268.388300648964 -84.19448884393424 -839.0577379724654 480.41137965147897 -227.55155996663692 -104.20900639077391 -839.4001269297421 507.01702911656895 -380.9953335080677 -46.6230282674758 -829.0561975913115 516.1631175309623
1490.0048193674556 0.8791391140375314 1.9658148206668924 0.0 3.6247834267887216 1.75827822807505 0.8791391140374971 1.7582782280750016 0.8791391140375411 0.8791391140375318 1.7582782280752143 1.965814820666779 3.6247834267885426 1.7582782280750247 1.7582782280749618 1.758278228075078 0.8791391140375533 0.8791391140375261 1.7582782280751779 0.8791391140375105 1.7582782280751406 1.9658148206668444 0.8791391140375825 1.7582782280749343 0.8791391140375754 0.8791391140375645 1.7582782280750346 2.486580916569016 1.758278228074827 0.8791391140375426 0.8791391140376082 3.5165564561500227 1.965814820666896 3.6247834267885684 1.7582782280751186 1.9658148206667339 2.4865809165688715 1.7582782280749623 1.965814820666788 0.8791391140375198 3.6247834267887002 1.9658148206668133 2.4865809165688644 1.758278228075052 2.1978477850938853 0.8791391140374556 3.6247834267885555 1.7582782280750888 1.7582782280748677 1.7582782280749927 3.624783426788789 1.9658148206668093 2.4865809165690456 0.8791391140375163 1.758278228074954 0.879139114037509 1.7582782280748903 1.758278228074987 0.0 3.6247834267886057 2.486580916569144 2.4865809165689745 2.4865809165688773 1.965814820666801 1.7582782280751432 1.7582782280750568 0.8791391140376639 2.486580916569 1.7582782280750209 2.486580916569078 1.7582782280750522 0.8791391140374881 1.7582782280750326 1.7582782280750047 1.7582782280748797 1.7582782280750489 1.7582782280751983 0.8791391140374821 1.758278228074854 2.486580916569065 1.965814820666821 1.7582782280749738 0.8791391140374323 1.9658148206669097 0.8791391140376072 1.7582782280750087 1.7582782280749487 0.8791391140375746 3.6247834267884707 1.7582782280750913 1.758278228075021 0.0 0.8791391140375241 1.7582782280749563 0.8791391140375168 1.7582782280750024 0.8791391140374539 0.8791391140375204 1.7582782280750064 0.8791391140374694 1.758278228074846 0.879139114037494 0.8791391140374424 3.6247834267886736 0.8791391140375866 2.4865809165690065 3.6247834267887544 0.8791391140375094 3.6247834267887202 1.9658148206667625 1.7582782280750353 1.7582782280750224 2.4865809165692423 0.8791391140374993 1.7582782280750897 0.879139114037523 1.7582782280750138 0.8791391140375869 3.6247834267885466 1.9658148206668817 1.7582782280750309 0.8791391140375703 1.7582782280751958 1.758278228074978 1.7582782280751554 0.6153973798262743 1.9658148206669368 1.7582782280749834 1.7582782280752336 1.7582782280749891 0.8791391140375404 1.9658148206668073 2.7800819805011625 0.8791391140374876 1.7582782280751996 0.8791391140375443 3.6247834267884635 1.9658148206667818 0.8791391140374475 3.6247834267885763 0.8791391140373676 -254.77040025272188 -107.21072742211145 -856.1036272362984 455.5578373149321 -365.71893019385453 -48.41728383318301 -875.0868291698819 452.23498650142756 -266.5174695146535 -89.32654189843039 -825.0878215380038 494.80839896178065 -292.5742089354677 -74.05247110304002 -841.1549812717269 493.19857016863193 -247.69770040823724 -100.605117260062 -858.2523469523791 494.3119281559281 -220.0540668547701 -109.37331817334427 -823.2431716365818 483.21136883242747 -294.5691227226721 -84.39283416682957 -873.303503302031 459.8778895065786 -347.55040664013944 -55.75579315212716 -824.5617051589 489.3512089486459 -355.5682763580448 -52.20718322724863 -815.2510861570166 514.333123556673 -320.4297163391624 -65.43958953433041 -854.5776542281707 482.3118823804478 -255.7919844370165 -94.87853088551286 -844.6947036801593 509.32472651984125 -300.70010307520204 -72.63274977786415 -865.4864642989003 461.80160887466775 -280.2509810231372 -91.46035411972078 -854.6940442172383 470.58094986032484 -259.75943294384166 -97.97433515597548 -895.3067738107856 434.31940694959576 -267.60709292056526 -96.60737653452128 -820.0745071945996 520.7086915227368 -220.6791180853687 -114.26117693958848 -856.3593016918128 477.824961070222 -264.25600750227676 -84.71878580515674 -834.098533555403 494.1112083157593 -341.3490356711598 -44.435851286633216 -871.0116451754388 464.35512844817055 -277.56549454999544 -78.12276245616299 -817.551676627018 493.8707545274421 -336.19295943789615 -49.91885113636121 -884.2245900003844 443.1803577781251 -351.495478648569 -44.19695227609824 -817.4991928406032 487.6411384733717 -375.6587342424886 -40.886559583053646 -813.173092140273 523.9509353768074 -335.910947199847 -62.77078270730636 -899.8475525902877 437.1992883006663 -320.22180443769906 -58.510276035682516 -818.4324425781844 497.9927304706981 -302.16250485167143 -81.70510232936029 -912.9647857362894 417.94348034143366 -315.9314766171194 -63.53543095245849 -810.8928162061078 498.27069176678134 -273.9932421096505 -97.85141852936003 -852.6412864225193 486.6547425370107 -249.28932989862125 -94.39630346799525 -910.2138192593687 427.859786885211 -290.5141740332298 -79.52789115790533 -830.4132257992463 490.76658167846904 -343.84400463720925 -50.18020195098287 -847.5530658300341 478.93863423418264 -261.76546906122485 -103.83093353499824 -821.3445038371448 509.3549094032376 -381.27144831562276 -41.250354215431386 -836.3703768092903 487.1321259438366 -297.0059716242032 -78.8933388377688 -833.1645952816262 513.9040811372563 -238.42818163691578 -103.54628821149339 -917.6298282804033 421.13160138688096 -258.4102120711346 -89.52830392995713 -877.7354663735855 462.8645906798062 -308.81402191570595 -63.85754202853373 -897.2502212269745 445.24826350318295 -324.76657317403675 -68.80342218338195 -846.3051395755701 473.1994062288141 -313.68135044811356 -72.94715191764492 -829.2106274150839 485.25599886448936 -351.2683426015318 -49.73166112937721 -824.6683752719589 504.90335428738587 -241.34322131709158 -98.0165491100386 -838.2678816265757 477.2924343661911 -276.968176347947 -85.52340585976962 -885.7266984601144 451.62341710524476 -285.37945308081464 -73.81963889523773 -889.1632111492368 438.5208786876825 -231.52250054002496 -110.52870639107819 -818.3260049201793 502.01560043993294 -308.9697792358747 -69.42536442790212 -852.1096370529657 474.8692839870564 -326.27088086959554 -59.662421560592584 -851.3965596049018 499.8603946735584 -299.03855508972526 -68.02547912165743 -880.300927697794 456.3101479026333 -288.2464802729325 -89.7852385849524 -827.6662749264387 512.0605998494983 -227.40408472115305 -107.9390399197506 -853.2353838393009 503.53486797320244 -340.60612678755746 -56.06087055024749 -869.0813893906875 451.19904191934756 -318.7103937615875 -74.89470561246462 -859.7016242103933 459.95937906863406 -247.30234970483315 -105.62783206031348 -861.8961165691477 472.7775613540362 -390.8484411183126 -40.31980870786819 -863.3998019446225 455.61615436248815 -283.1780745337892 -79.83754110725306 -841.3169616387449 483.2668731949721 -271.4679814050629 -91.1727582691009 -902.1998031961041 430.1738806048925 -361.2520019930749 -46.33462015557108 -910.2548155426183 423.85702384387145 -309.69527844258806 -79.0255614648692 -845.3114993803454 486.191498255966 -372.23381349435505 -46.47271148573661 -886.6982557341821 457.9014574805039 -377.24236663758626 -49.402938159435884 -843.3561228354458 500.8878007699801 -305.30153905826114 -74.85480809592816 -879.674570484787 440.53554307748857 -292.5600004609311 -69.05147396809073 -870.0971756247817 456.4454359211268 -330.12968337488815 -62.53418342338743 -906.047691435952 433.1593831704954 -329.52323237858883 -54.02302429360142 -888.6765021958184 445.84415720378576 -395.55143121625827 -35.23077947787527 -856.1156722646638 465.8991740702071 -324.487197393398 -52.99152746994013 -827.7031675915761 498.59367770206114 -285.63588001728925 -85.75849403323117 -878.8164036315496 447.7759510868893 -314.86604173206916 -57.903027218767676 -831.0091314735647 479.35014300030673 -333.951341862713 -56.46531947786474 -845.1974202583556 496.6096620132754 -271.1887849306863 -82.22971670148888 -835.9832775090924 482.0738473047805 -232.00939721616936 -103.23446843164837 -836.8459004926723 506.92873803848323 -384.8727022137151 -43.639178298216194 -826.8408066866804 517.41571767309
1500.0048193674556 1.7582782280750946 3.6247834267885897 1.9658148206667518 0.8791391140374999 1.9658148206668749 1.758278228075057 0.0 0.8791391140374594 1.758278228075049 0.8791391140374105 1.7582782280750673 1.7582782280750655 1.7582782280749918 0.8791391140376701 1.9658148206668853 3.6247834267887065 0.8791391140375593 0.8791391140376708 1.7582782280749758 1.7582782280748248 0.8791391140374608 0.8791391140375894 1.96581482066679 1.7582782280748706 1.7582782280750584 1.75827822807509 1.758278228075028 0.8791391140373913 1.7582782280749778 0.8791391140374816 1.7582782280749873 0.8791391140375362 1.9658148206667665 1.7582782280751283 1.7582782280750218 1.758278228074944 1.9658148206669144 3.624783426788796 0.0 0.8791391140374667 1.9658148206668824 3.6247834267885475 1.9658148206667834 2.1978477850938853 0.8791391140375132 0.8791391140375193 3.624783426788661 3.624783426788732 0.8791391140374673 0.0 1.758278228075111 2.197847785093751 0.8791391140374977 0.8791391140374883 1.7582782280750047 0.8791391140375568 0.8791391140374797 0.8791391140376061 1.7582782280749718 1.9658148206669617 0.8791391140374998 1.7582782280751317 1.7582782280750944 1.758278228074867 0.8791391140374584 0.8791391140374856 0.8791391140375341 3.5165564561500036 0.0 0.8791391140375074 3.6247834267886097 0.8791391140374695 0.879139114037508 1.7582782280749822 3.6247834267886083 1.7582782280751412 3.6247834267885737 1.7582782280748632 0.8791391140375071 0.8791391140376322 1.7582782280750269 1.758278228074897 0.8791391140375141 0.8791391140376005 0.8791391140375374 1.7582782280751943 1.7582782280749907 2.4865809165691455 3.6247834267886105 1.758278228075074 0.0 0.8791391140375283 0.8791391140374542 0.8791391140374561 1.758278228075061 1.7582782280750926 0.8791391140375315 2.486580916569059 1.7582782280749911 2.4865809165690456 0.8791391140374734 0.8791391140376326 1.9658148206668653 1.7582782280751512 0.8791391140375437 2.4865809165689305 3.6247834267886723 1.965814820666904 1.965814820666761 3.6247834267886345 0.8791391140374879 0.8791391140375416 1.7582782280749951 1.758278228075051 0.8791391140375683 1.7582782280750258 3.6247834267886585 1.9658148206668453 1.7582782280750302 0.8791391140374843 1.7582782280749831 1.965814820666758 0.8791391140375577 0.8791391140375107 0.6153973798262743 1.9658148206667025 2.486580916569029 0.8791391140374407 1.7582782280750056 1.7582782280752105 1.7582782280750662 1.7582782280751126 1.7582782280750597 1.7582782280751124 0.8791391140374957 0.8791391140375795 3.624783426788605 1.7582782280752132 0.8791391140375029 1.7582782280752078 -256.49865424047454 -105.33276013297233 -852.6928638433378 457.6743879893244 -370.11984954164177 -47.54329484740211 -872.3727336120972 454.7969648325403 -269.8177721814717 -87.24379138085266 -819.5397764789972 495.7346232253951 -295.5250166853021 -72.30852713112989 -837.9570607138492 494.4897877137426 -250.17666923712915 -99.99426091426587 -855.3091322054734 494.6584995039056 -224.03930848298586 -107.5022260219633 -819.8012196713734 485.7125865653932 -296.0569368473963 -83.09869330265724 -870.7135582564993 461.3245306278662 -350.44421340169606 -53.105957516924335 -817.8370148188015 490.5615190356957 -358.0517138059601 -49.8441040478196 -813.2452972032675 514.1829407660497 -324.3540255126096 -62.53220934645403 -851.3647070213335 483.48629923287683 -258.56120528357155 -93.7900805202481 -842.6737258614422 509.3019612129331 -304.0567612029153 -71.4571185865594 -861.9263187652349 463.5056139085319 -283.3846883990906 -89.12493475997286 -851.4785975428591 471.76860802426575 -262.2153550870313 -97.33056072285933 -892.8681535937267 436.096632045809 -270.505350004789 -94.80102037929562 -816.7060120149143 521.2962959346078 -223.25669549084913 -112.85718954780596 -853.0256144709062 478.5723205847502 -269.31396634190264 -82.69579892504994 -830.9724416603011 493.5678375511508 -344.8407394145313 -42.55419043330195 -867.391965189621 465.88315959397255 -281.10520632731436 -75.49843504110372 -812.3378691269872 495.1729393632087 -340.58377252944314 -48.00445458156348 -881.1418388499488 444.640159425196 -355.19664993533985 -41.77370531540673 -812.772759477995 488.87689136660464 -379.565987346674 -39.41826065322065 -809.1430283463657 523.1521705476318 -338.77127413058656 -60.87574558367082 -897.5043960298259 439.21088940190697 -324.471264924291 -55.62493407797763 -814.1707902820255 499.1039920118331 -303.50382225497407 -81.07551299012972 -910.2091599512515 420.18345041841894 -318.13275658939193 -61.5856066221572 -806.7786632808079 502.6828065654652 -275.0842435847411 -97.74408238338758 -851.0179342677241 488.13571264155894 -252.3020668297991 -93.73043920696067 -908.4428444271191 429.93598632310653 -291.7186547874197 -77.830769443939 -825.0639664306012 491.4644043953013 -346.43115238763204 -48.716576659728126 -843.3207180549134 480.0840272972201 -263.977564692755 -102.77128928628765 -817.9420153760448 509.76509447707247 -384.43523625720985 -40.41091395316164 -834.538020967221 487.82362717562705 -299.703950338621 -77.62920362177508 -831.2988206362181 514.5517936346245 -240.61497982351122 -103.4244062671062 -912.9979116084916 425.2188247457219 -260.90576256486696 -87.98490281126128 -876.571000191113 462.50887458291294 -311.42604080552763 -61.6409919860162 -894.8895533846068 445.938654152958 -326.81795170387346 -66.65868802406865 -842.1266852699232 474.59762276955064 -316.3372543876653 -71.61751633451316 -826.1052277962889 486.96064043187437 -353.44519461828475 -46.99793015753549 -821.3188869355488 505.598341866138 -244.86420988321777 -98.25104734828642 -835.7312021272735 479.2002273359598 -279.41637719713594 -83.91808032549406 -882.0757788495324 453.0198920387347 -288.88782048282854 -72.9251918078079 -885.9015012332474 439.5524638621778 -236.27201109881813 -109.01009626931304 -814.0609518517051 503.09863040064903 -311.8455603019214 -66.74202982170218 -848.4279487400438 476.1884556413687 -330.1580346780017 -56.69046090171736 -848.4382338372279 500.14231304777854 -304.21655231977354 -66.46884328406318 -877.1890080621147 457.72959552326057 -289.87176454246827 -88.70733658878808 -823.2123834595124 512.2204838379488 -231.47953612084552 -106.23285797298408 -850.5189322808433 504.74685828309146 -344.20362031206685 -55.09263024053809 -866.4015739957335 452.41555020985356 -322.25776533875614 -72.28724599783396 -855.5939806529534 461.5657657197534 -249.36408684688044 -105.27626689809345 -858.4248026026237 473.1074254220377 -395.864934474161 -37.13679959413589 -859.7804331679338 457.0939060664235 -284.5372457311539 -79.22719397183077 -837.4705169366696 483.9960722806948 -274.89172370336416 -89.28110037031628 -899.9562790953408 432.41879987290827 -364.9680570155876 -45.416321879737744 -906.9713348274893 425.49106551510334 -311.57473302960074 -78.28927865124881 -843.8845776585468 486.569190447979 -375.9809031255758 -44.84342049010774 -883.5866556675446 459.3356961526482 -379.45164311560904 -47.484493203536076 -840.5048373277862 501.5802313010924 -309.56169476732737 -72.41569323928651 -877.1298361462946 442.03148259420783 -296.73182334156286 -67.36369997726354 -866.4315333459 458.5035855783691 -332.6968212681257 -60.25662767901392 -903.8042598020036 435.40482903149524 -333.54050439324476 -51.24404955145854 -886.8610957480017 446.54473831553 -398.14423036232796 -31.68582077491899 -853.6045453545903 467.687289064639 -328.2216174389931 -49.82928529674703 -826.440454551469 497.36587573690474 -288.88310140612384 -83.59461261382387 -876.1244420759293 450.3498399918308 -318.1852009769155 -56.65022648097393 -825.2482195785443 480.4363965983279 -338.0995517514346 -53.84826773664938 -842.8852286255726 497.4448656988641 -275.94672384490826 -80.616160676862 -830.3595150791966 482.6830722812229 -234.6205689751467 -100.90465534324797 -833.5674262954349 507.90009243460617 -389.50930801644927 -41.50890994040785 -823.5345163487419 518.3164015903061
1510.0048193674556 0.8791391140374997 1.7582782280750553 1.758278228075072 1.965814820666791 1.7582782280750493 1.758278228075046 0.8791391140374888 0.8791391140375646 1.758278228075058 0.8791391140374405 1.9658148206668404 0.0 0.8791391140375255 0.8791391140374599 1.7582782280750269 1.7582782280748985 0.879139114037543 0.8791391140374392 1.7582782280750147 1.7582782280749352 1.758278228075028 1.7582782280748805 1.7582782280751017 0.879139114037544 0.8791391140375493 1.965814820666749 0.8791391140374721 1.9658148206668014 0.8791391140375704 1.7582782280749154 3.5165564561500333 1.7582782280749907 1.96581482066675 0.8791391140375647 3.6247834267886296 1.758278228075178 3.624783426788605 1.758278228075148 0.8791391140374503 0.8791391140374687 1.965814820666844 1.9658148206667465 1.7582782280750604 1.9658148206670096 0.8791391140375249 0.8791391140374981 3.6247834267886065 3.6247834267886105 0.8791391140375355 0.0 1.7582782280750993 1.965814820666882 1.7582782280749856 1.7582782280750746 1.7582782280749885 0.8791391140376065 3.6247834267885217 1.7582782280748865 2.4865809165689603 0.8791391140376065 1.7582782280750149 0.8791391140374296 1.7582782280749685 0.8791391140374019 1.9658148206669157 1.7582782280749731 1.9658148206667985 1.7582782280750104 1.7582782280749973 0.8791391140376371 3.6247834267886585 1.758278228074882 0.8791391140374577 1.7582782280750704 1.9658148206667865 1.7582782280752045 1.9658148206668378 1.7582782280751335 1.758278228075022 3.6247834267885715 1.7582782280749747 1.7582782280752092 1.7582782280750358 2.4865809165689905 3.6247834267885906 0.0 1.7582782280750264 1.9658148206668413 2.4865809165690504 0.8791391140375713 3.6247834267886074 1.7582782280751261 1.7582782280749927 1.7582782280750273 1.965814820666827 0.8791391140374324 1.7582782280750553 1.7582782280749463 0.8791391140375537 1.9658148206669133 1.7582782280750378 0.8791391140373753 1.9658148206667978 3.6247834267885852 0.8791391140375069 0.8791391140375512 1.7582782280750928 1.9658148206667065 1.7582782280749818 1.9658148206668185 0.8791391140375083 0.8791391140375784 3.6247834267885226 1.75827822807493 2.4865809165690074 0.8791391140374697 1.7582782280750904 2.4865809165691584 1.9658148206668489 1.758278228075009 0.8791391140374888 0.0 1.9658148206668904 3.624783426788697 0.6153973798262743 1.9658148206667398 3.624783426788593 0.8791391140375953 1.7582782280750942 1.965814820666872 1.7582782280749725 1.7582782280748397 0.879139114037505 0.8791391140374604 1.7582782280750142 1.9658148206668737 0.0 1.7582782280749865 3.6247834267886234 1.7582782280750249 -258.4117236970923 -104.69538126613723 -850.0457161643449 459.1474523175573 -374.46510041700805 -44.35211103794962 -869.3053033622355 456.49413874276996 -271.1698980410156 -85.75080319883645 -815.3160931727394 497.05032450941576 -299.1090617970341 -70.59963383020948 -836.2712726511435 493.5971407945719 -253.48353456054892 -97.90630459106237 -853.2924237739315 494.6358555077301 -227.062582028007 -106.85682672042758 -816.9251416614183 486.28386035902247 -299.00459666200356 -82.18340655640554 -867.306275728178 461.8444322961622 -353.2075286313881 -51.08983266029758 -814.0973249281711 491.7921180786249 -359.21205933108894 -48.200491394993804 -812.3687518433586 514.8384787420783 -327.12050480368185 -59.72520538467976 -847.5647959386068 484.3961143768621 -261.56765360468194 -92.1448492943366 -840.9627568944388 510.654019828414 -306.16780125456205 -70.18649639627853 -859.7645038281572 464.8758753351081 -285.5147051926159 -87.06404004671509 -848.398322930019 473.5496183200443 -263.858953759114 -96.2719461628222 -889.360928753578 437.88839035777505 -271.0462761715536 -93.85307947564189 -815.2185082423016 521.3154857175228 -226.7639593331277 -113.09434285887204 -848.944083298825 480.3391801102664 -274.0507191013091 -80.08998683580724 -828.7255036942311 494.77239148217944 -348.65754144789224 -40.26701237867198 -864.7064235555987 467.1749340690322 -285.1029337287339 -72.69634471926196 -808.0196101508106 495.9911763576656 -344.0451091571114 -46.053846836932614 -877.9038246086133 445.7442030934958 -358.5135543046738 -38.88976435731334 -807.6349415903059 490.61960945015767 -382.1567950689946 -36.451515638894435 -806.9840388953673 522.2382242161696 -340.8194949574441 -59.52540917685313 -893.3020458844406 440.50944108627095 -327.5834398411064 -54.053550710882604 -808.8927488647075 500.1054562221977 -305.90814983481306 -80.23054442815787 -909.4952116808653 422.3116986323622 -321.0184875062039 -59.31554796403579 -803.8479892742212 505.59499166041655 -278.8669246306494 -95.49689982317518 -848.1701865685632 488.80636447675676 -254.1008845604396 -91.99349361077286 -906.5210819011967 431.74737567705455 -295.02927363622314 -75.7334834780018 -820.8956039302507 493.04544749813647 -350.2536278739843 -46.4247584619104 -839.2008499510541 481.7852069105019 -266.44274578768244 -101.18328934782124 -815.0609696997949 510.3004508837777 -388.1216995597737 -39.406222276733594 -830.922457893925 489.5928212644798 -303.00449515999327 -75.52569405517869 -829.8146710141066 514.5852495689631 -244.06800510852142 -101.56968805581403 -910.4581025428043 426.7659860815143 -264.8533250613118 -86.85716607671613 -873.5299138835561 464.228582744859 -314.21426761889217 -58.87004808171943 -891.4215726397097 446.4050270790669 -328.36471639005833 -65.46200053711931 -838.0031634169706 476.2875867404739 -318.26467328895086 -70.12322228781817 -821.9934794336552 488.78511249664086 -356.0305473689501 -44.765216661651124 -819.3995274810342 505.96569643049554 -247.90434613222806 -96.65192287776543 -832.3843018921523 479.9193596289141 -282.9107539729064 -82.10197217068986 -879.1340313418305 453.4744760862306 -292.497905194187 -71.24680824935174 -883.6267752664364 441.9119027893734 -239.0688643493674 -107.02691910821035 -812.095600659496 503.2165098862641 -314.2607873181799 -64.27674732940648 -843.8436842311172 478.03529709677935 -333.5657138948269 -53.92367475707206 -845.7921807702397 501.7552344729946 -308.03399033903526 -64.21972365182698 -874.3933940039498 458.6187946850538 -293.0676765730414 -86.45965565411994 -819.8998113942911 513.0951700100286 -233.69405298260395 -105.1878319038015 -847.7621668330678 505.87876130804403 -345.82551933383485 -52.46492935262786 -864.0929214310453 454.8999508729734 -323.6506038779895 -70.89831952741994 -852.7581094282317 462.3419901222281 -250.99484457496416 -105.12698887117568 -855.9935035511951 473.49669091865326 -398.19243251155785 -32.41940600656819 -856.3580959190219 457.5531636376414 -287.89405907298277 -77.18533887585797 -833.8590923690934 485.7826431284811 -277.04452744548735 -88.09919033267353 -896.6505599170241 434.70862033196755 -368.32187640261003 -47.01472634538846 -902.4928190732089 428.82982835241734 -314.217887244614 -76.91893840814251 -841.1272229761709 487.69263544041024 -380.48534841848607 -41.82487556837746 -881.121875068937 459.64954178600414 -383.75230973037077 -44.971776224077566 -838.5922816247436 501.99021086318635 -311.6081243692915 -70.25786279451127 -873.2834190383192 442.84472235279094 -301.2456151690874 -65.25063559181227 -861.2827756949144 460.0065485374705 -335.27552870603114 -58.79562038236143 -900.8772821753585 437.30944444986915 -337.8169951238571 -48.36075075367764 -883.5418376376904 447.42861863839425 -401.58358765801654 -27.18306664074543 -850.4803718035839 469.2541806757353 -331.7017297628796 -47.929243895124834 -822.702187578289 498.603380608132 -291.5290289854769 -81.41511707490683 -873.0059907114489 451.87045059225085 -321.8058572758872 -54.126229055651855 -821.1441178535488 482.2622229527811 -339.60153906972243 -52.59415777532084 -841.3506381025641 497.2821563857855 -280.7843260587067 -78.16643129314582 -825.8337307190756 484.8660272947688 -238.04231922618135 -99.96680131596034 -830.6888341416773 508.4675847416411 -394.1612978499618 -38.650279208381114 -821.0000237202571 518.0427819191065
1520.0048193674556 1.758278228075105 1.9658148206669683 0.8791391140375064 1.7582782280751157 1.7582782280750477 1.7582782280750209 1.7582782280751135 1.75827822807502 0.8791391140375158 1.7582782280751006 1.9658148206668178 0.0 0.8791391140374999 1.7582782280751812 1.7582782280750164 3.6247834267886083 2.4865809165690793 0.8791391140377456 0.8791391140375601 0.8791391140374649 0.8791391140375403 0.8791391140375471 0.0 0.8791391140374603 1.7582782280750262 1.758278228075044 1.9658148206668573 1.9658148206668729 0.8791391140375568 1.965814820666761 1.7582782280749973 0.8791391140374039 1.9658148206669128 5.274834684225099 1.9658148206668384 1.7582782280752485 1.965814820666864 1.9658148206668884 1.7582782280750622 1.7582782280749991 0.0 0.0 1.9658148206668498 1.9658148206669828 1.7582782280749936 1.7582782280748668 1.7582782280749736 3.624783426788733 0.8791391140375011 1.9658148206667434 0.8791391140374897 1.7582782280749745 0.8791391140375427 1.7582782280749467 2.4865809165691113 2.486580916569147 1.7582782280749838 3.6247834267886394 1.7582782280749878 1.758278228074911 0.8791391140375034 1.7582782280748612 0.8791391140374913 0.0 1.75827822807502 1.7582782280748708 1.7582782280750295 1.7582782280750955 1.9658148206668398 1.7582782280749596 3.6247834267885963 1.7582782280750635 1.75827822807501 1.7582782280752005 0.8791391140374651 0.8791391140374981 3.6247834267885635 1.7582782280749438 1.96581482066681 1.7582782280749327 2.4865809165690544 0.8791391140376187 0.8791391140374871 0.8791391140375067 2.4865809165690553 0.8791391140375788 1.7582782280750644 0.8791391140374395 1.9658148206668409 0.8791391140374232 1.758278228075104 1.7582782280751297 0.8791391140374675 0.879139114037432 2.486580916569042 2.4865809165690616 1.7582782280751084 2.4865809165689075 1.7582782280750346 3.6247834267884698 1.7582782280750044 1.7582782280749478 1.7582782280750875 1.965814820666862 0.8791391140375318 0.879139114037405 0.8791391140375574 1.7582782280750122 1.7582782280750662 1.965814820666716 1.7582782280751184 1.7582782280749927 0.8791391140374814 0.8791391140375622 0.8791391140374892 0.8791391140375602 0.8791391140375562 2.4865809165692547 2.486580916569032 0.8791391140375483 1.7582782280750047 1.7582782280751346 3.6247834267886256 1.758278228075206 0.879139114037468 1.758278228074947 1.965814820666756 1.758278228075134 0.8791391140375017 0.8791391140374137 0.0 0.0 0.8791391140374779 0.8791391140374593 0.8791391140375412 0.879139114037489 1.9658148206668509 1.758278228074812 1.965814820666809 1.7582782280748965 -261.3803790848768 -102.98575810542079 -843.9431611644086 462.0460958175089 -377.09840150484104 -43.63082539360025 -864.9403403237801 457.1364113309538 -273.69962517966513 -84.24396983464403 -812.0011667168211 497.922986808113 -303.2062934572874 -67.11041014106154 -832.9632170583753 494.49559995953564 -255.92630794393594 -97.16383011876785 -850.5289736280909 495.7159959594357 -229.9358624034663 -105.92812653611341 -813.2228344223065 487.73050798203934 -301.08817626047835 -80.90822480078066 -864.5955555515086 463.03285362476373 -357.20743461376156 -48.23988911442506 -810.2578354906207 492.515768723176 -363.2722465374793 -46.894731738381275 -808.9632012939794 515.2247812013561 -329.0323457187743 -59.72713440446906 -844.845225178649 485.72079195578505 -264.80175435279887 -89.9384434751577 -839.5732180175638 511.17628748424085 -308.70852282421953 -67.8842368330756 -856.492400943759 465.912869133024 -288.02440764154795 -85.52832250839413 -845.6916882351758 474.88948534537764 -265.59995375554854 -94.47334007181222 -885.8463092549816 440.5354815433683 -272.3849115900283 -93.21505977394577 -811.633641971598 520.7384886060632 -231.45982523356753 -110.47486277372458 -846.609527113315 481.0941802595378 -277.6436474003901 -78.40475210292128 -825.3225119333737 495.1739564050228 -352.9248068134312 -38.46784841643092 -861.4522768289974 468.24008363719605 -288.76453866323493 -70.26862254396458 -805.0941402524106 496.2913242300638 -347.95343899620286 -44.595626852418434 -873.7348601626758 448.4983686134933 -361.4340961368826 -36.29782730846251 -803.540653904747 492.6328073062745 -384.8913020354859 -33.64705492160647 -802.6949535019542 520.554701643621 -343.99532163472014 -58.73989146791076 -892.2880620968613 442.10841691444915 -330.9884986113632 -52.79723754212538 -803.4770939329732 500.3759048572349 -307.7581802408817 -79.42171589814798 -905.2491626695613 424.88905904606776 -324.11576373945815 -57.6947443154535 -801.5050932523322 509.01348172217325 -282.0783309502603 -94.11277307020173 -845.2984507523608 489.40701701888463 -258.83496453539425 -91.15637995403334 -905.5438013870463 433.37823054610953 -298.52441983263816 -73.06796833465712 -816.6217846710471 494.10355592206054 -353.721166512383 -43.71066464745155 -835.9481296241105 482.9507343797303 -268.3225940544317 -99.60406655169547 -810.7396851804132 511.1064174095304 -390.48927282330516 -36.93511042021894 -827.7547217448898 491.2072599323773 -305.1700394287482 -73.54804806727581 -826.4092988316487 514.9746808637806 -247.60259205294102 -99.82712424784106 -905.4951864340784 428.8233235609037 -268.03777656750225 -83.7261086064709 -871.2243977642942 465.07306951278906 -318.5245435403924 -55.66307111120834 -889.1707270815141 447.36076142684846 -331.31488131507297 -63.64983822294711 -834.0735087101555 476.59376160219074 -321.31069216125894 -67.66062936642464 -819.732107321909 489.9631520467398 -360.0137381701044 -41.89778196650269 -817.0445657311132 506.65662612284405 -252.1096795484734 -94.1520155520165 -829.6517060519549 481.2061431460705 -286.25046997819186 -80.88469219249816 -877.4625088822335 454.7279328817666 -295.75981774675273 -69.07912202073332 -880.1847887104487 443.97217746264687 -242.75509361969856 -105.53749623904535 -809.5606036304722 502.9446923288121 -317.526721472469 -61.32216054988005 -839.9692295053803 478.5999895892292 -338.33778859036187 -50.4976658286923 -845.362792595076 502.0904641606632 -311.84751500708245 -61.17292961658321 -871.8579401998078 458.55861847758155 -294.6801621719865 -86.1737299190233 -816.5842116548082 513.9640218407931 -236.6887742098459 -104.44594251858595 -844.8907818685796 506.46101481781125 -350.8905500689529 -49.35778331456181 -858.7183902943996 455.52251021668457 -326.4499734912208 -68.91180209165015 -850.493053874581 463.3612463682961 -254.52104916806974 -103.38065660468405 -854.5117927167225 473.5794205271568 -398.8879064984958 -28.13046280236567 -851.7848564902882 459.42057273989326 -290.6506274486094 -75.14816014616177 -830.6427311441914 487.1656758679719 -279.9688886242709 -86.3005332539726 -892.4689886857801 436.09248696715696 -370.63081975741034 -45.93489910995753 -898.5930210057331 432.49044352966166 -315.9807842141408 -75.20802490031308 -837.3953751101175 488.9531293628541 -383.18940284520534 -39.72474000295379 -879.3121916508579 460.43251306872696 -386.41955153021337 -43.559253709660254 -836.5784206345702 501.88809585515804 -313.8977287202869 -68.44374993923869 -869.86200365648 445.08187065520724 -305.7088664577265 -61.45018116507776 -859.0298041512591 461.0841127078046 -337.3505381414056 -56.718332308242964 -897.9456366546519 437.76649829934684 -341.89264179355615 -44.8548355246259 -880.3299628756341 448.6439652880762 -403.6018254711716 -22.623888090058074 -847.7760674076352 470.6058693184161 -335.25233549692575 -46.82802445342143 -818.4284205355731 499.66085862901247 -293.24307644944344 -80.44329530302042 -870.7854213645907 452.9869110418876 -325.6604562208773 -51.88680420227186 -817.353516386408 483.2396627125301 -343.72844742318324 -50.6548238329458 -838.862535944541 497.2840799515438 -283.786985067258 -75.6731965091882 -823.4823928826265 485.5681895697812 -241.57536279540136 -99.1350623144265 -827.9007176224333 509.4919193932929 -397.07727568293853 -35.32866011400855 -819.0793528283241 518.4006573993229
1530.0048193674556 1.7582782280751108 0.0 0.8791391140374762 1.7582782280751061 1.9658148206668928 1.7582782280751157 3.6247834267886514 0.8791391140375223 0.8791391140375046 1.7582782280749651 1.965814820666805 5.274834684224985 0.8791391140374473 1.758278228074974 3.6247834267885333 1.9658148206667874 1.7582782280750753 1.7582782280750342 5.274834684225122 0.8791391140376361 1.7582782280750477 0.8791391140376279 0.8791391140375473 1.758278228075009 1.758278228074999 0.8791391140376283 0.8791391140375434 1.7582782280751186 2.486580916569054 0.0 3.5165564561500893 0.8791391140375063 1.7582782280749998 1.7582782280751286 3.6247834267885963 0.879139114037549 1.9658148206667538 0.8791391140374724 0.8791391140374615 1.7582782280750067 1.965814820666778 1.7582782280748452 1.7582782280750135 2.4865809165688546 1.7582782280749925 0.8791391140375892 2.7800819805010986 1.7582782280752243 1.758278228075021 1.7582782280749645 2.4865809165690647 1.75827822807522 0.8791391140374957 1.7582782280750886 1.75827822807497 0.0 0.8791391140375078 1.7582782280751665 5.2748346842250795 0.8791391140376015 1.7582782280750013 0.8791391140374283 0.8791391140375561 0.8791391140374739 0.8791391140374903 1.7582782280750764 0.8791391140375286 3.6247834267885737 1.9658148206668418 0.8791391140375179 0.0 0.8791391140374121 1.7582782280749565 2.4865809165691632 0.8791391140374945 1.758278228074974 3.6247834267886834 0.8791391140374311 1.7582782280750244 1.965814820666743 1.7582782280751057 0.8791391140375159 0.0 1.7582782280752007 1.7582782280750682 1.7582782280752145 3.6247834267886363 1.7582782280751372 1.7582782280750004 1.758278228075115 1.965814820666787 0.8791391140374963 1.758278228075022 2.4865809165688866 2.48658091656909 1.7582782280750477 1.9658148206667645 2.4865809165691144 1.7582782280749887 3.6247834267884205 0.8791391140375309 1.7582782280751266 1.9658148206667874 1.758278228074906 0.8791391140374507 1.7582782280751137 3.6247834267885124 0.0 0.8791391140375336 3.624783426788717 1.758278228075032 0.8791391140375482 0.0 1.7582782280752094 1.758278228075075 0.8791391140375654 1.7582782280750462 1.9658148206666874 0.0 3.6247834267884236 1.7582782280750606 0.879139114037446 2.486580916569104 1.7582782280748226 3.6247834267885963 1.758278228075018 3.6247834267885573 0.879139114037536 0.8791391140374634 1.758278228074958 1.9658148206668469 1.7582782280749818 3.6247834267886283 0.8791391140374634 1.7582782280749643 1.7582782280749887 1.9658148206667878 0.8791391140376325 2.4865809165691384 1.9658148206669959 -264.0274559635663 -100.80109253818507 -841.4126112514745 464.3065335336893 -378.5641818268558 -41.62067232905435 -860.7635092603851 458.5776566536903 -277.6525650639946 -82.17565192926969 -808.7306314940267 499.03199350291754 -306.69309708341325 -65.19926755524455 -830.9540181979306 494.3824634107465 -257.7701104405603 -95.55987997746024 -847.559701535673 495.80822149142944 -233.86305878542413 -103.89967732220111 -810.4775836356985 488.99030347124517 -303.6022332225587 -78.58638548263217 -860.4118356924533 464.46595145982764 -359.7150048063952 -46.64596300096247 -806.4172065138723 493.23473730514246 -365.64793291964935 -44.423528622110126 -805.2120935776786 516.4225095689878 -333.67904708486844 -55.38758566464531 -842.451420029342 486.19032804928474 -268.6485056586973 -87.73841955984693 -836.6954667904696 511.7254523734055 -312.03875801899716 -65.77543978880543 -853.3015266930616 467.33232902181504 -289.5725400301889 -84.33090372641668 -842.8651849135488 475.7075942427234 -267.2099777971906 -94.20929235848854 -881.7299772936689 442.15467461931945 -275.2607100078513 -91.36869371606102 -808.4841750454841 519.8356439475804 -235.12265274369634 -108.04754137659489 -843.398037869719 482.4837408060709 -280.2708065807511 -77.00480345708596 -822.4432410653636 495.7163459968385 -356.52019403735846 -35.896514344004885 -858.8079543323694 469.82138924740997 -292.3576907128286 -67.72412687750429 -802.7386537639943 496.9803242268201 -352.0523534155665 -42.585049110366576 -869.4099302332576 449.3253317915919 -366.2345142035099 -33.59210843405159 -797.9592895201068 494.670949922045 -388.9200736282822 -31.5290713933266 -799.7790298932637 520.1053754927943 -346.520841897152 -57.173247005122576 -889.0563172851005 443.26672710667947 -334.62296115268185 -50.27946420785741 -799.6363517728238 501.09417515568845 -310.3393897430855 -77.95276616251427 -902.1169137438656 427.93974091037114 -328.61920624509287 -55.43153734470345 -799.8087088898477 510.57235366170653 -284.18634371061415 -92.8384906095312 -841.1270546418543 490.97487972848364 -262.2883817599131 -89.26666980044416 -901.7777006982055 436.07057032502064 -301.2608773003353 -71.80322417079108 -812.7816216263964 494.8236530437234 -358.3206996388589 -40.24766818625695 -834.0273860260298 483.32018443195915 -271.3409602905223 -97.10562927884666 -808.9089688729515 511.94534357864586 -392.9750271193084 -34.586815181789525 -825.3105062546158 491.42077053439897 -307.21622648792385 -72.19967281730133 -823.9639549145941 515.1834869568532 -250.01584355502516 -98.15228375123404 -901.9643820800209 432.2389214481714 -271.85382413691053 -81.48532793260767 -868.3630946611296 465.7329920599119 -322.9235735806006 -52.54785737194671 -887.583150002231 447.0434059712907 -333.5915937791698 -61.05284453503638 -829.2320291265547 477.2814415337642 -323.17357595054574 -66.07989958878248 -817.3323920192912 490.4138988138513 -363.9671823481438 -38.98911613463521 -816.5195898958063 506.506445725868 -254.50713787965472 -92.45967772102051 -826.8640747428946 482.23533422657687 -287.9698581439255 -78.32252917606583 -875.327643877288 454.25306367465095 -299.7887502615233 -67.08708895407658 -875.0552481707904 445.57281069687303 -244.90164218684285 -104.35216505199901 -805.194839833274 503.51205975198457 -322.31271815925396 -57.90874320162512 -835.6056401906918 479.2008715232762 -341.9174327853714 -48.64774072166929 -843.0121325202438 502.7935758818876 -316.0611946033749 -58.59487703540253 -870.6084010579731 459.6106158170311 -297.9858457221875 -83.26260133179996 -813.2684169889161 514.8321139894103 -240.46743789133245 -102.17780039731191 -842.1979770548708 507.9746672804123 -354.3354591533918 -46.61128959352024 -854.4875613960766 456.7084040661199 -328.3628598340589 -66.64128249950551 -847.7711303813321 464.6698632955337 -255.3063920133444 -101.94073501562292 -851.6416920317705 474.1777134655181 -400.1652948745678 -24.527837436858796 -848.6357729900417 461.0870172262724 -292.8065052670932 -73.14292255736514 -827.2387706559877 487.5650577295917 -282.533306641674 -84.02467191087456 -888.5171394415631 438.2579080103264 -372.26941682214056 -44.10921794816057 -894.3380457635238 435.2797954270323 -317.92399212916 -72.96258579143753 -833.9930994445525 489.36349390058587 -386.3689128099041 -37.420074808564905 -877.5300915062071 461.36845606787176 -388.55644668345593 -41.5622877551608 -833.7908896321042 502.916784750738 -316.3311875115452 -68.31673573041033 -865.1687811201788 446.46254502507685 -308.8098205127713 -59.846229704067476 -854.4948796510376 462.0722274669666 -339.8778858714612 -55.15816312720147 -895.4106300712542 439.52898167544697 -345.7944566737306 -43.363720583663195 -877.6702867483225 450.0984874326641 -404.9850659131875 -18.43773883398711 -846.3882870785498 471.13185976192364 -339.56679839802365 -44.33969153150358 -816.5533837167799 500.26072941673027 -295.7112494832901 -77.26280846917328 -867.509233640249 454.01445945412866 -329.6753500472054 -49.06398239190175 -813.8292442184701 485.6423593800081 -348.0326052974082 -48.14600317078615 -836.8511849303386 497.173604678504 -286.7165251918481 -73.09270351692128 -821.0372794241905 485.78158860174995 -244.6570573923295 -96.70916900038097 -825.4556159247961 509.7020766104109 -399.5872501266939 -31.58160333027465 -815.103940209832 518.397752106519
1540.0048193674556 1.7582782280751064 1.7582782280750489 1.7582782280750526 0.879139114037526 1.7582782280750902 0.8791391140374946 3.624783426788653 0.8791391140375596 0.879139114037489 1.7582782280751605 1.7582782280750533 1.965814820666886 0.8791391140374953 1.7582782280751152 2.486580916569019 1.7582782280750269 1.7582782280750984 2.486580916568965 3.6247834267885897 0.8791391140375542 1.7582782280749538 0.8791391140374554 1.7582782280749594 0.8791391140375902 0.8791391140375073 3.6247834267888033 0.8791391140374671 0.8791391140376301 1.758278228075051 1.7582782280749858 0.8791391140375208 0.8791391140373834 1.7582782280750764 1.7582782280749718 0.0 1.758278228075242 1.7582782280750726 1.9658148206668853 0.8791391140375733 3.624783426788752 1.965814820666745 1.7582782280750786 3.624783426788597 1.230794759652451 1.7582782280750415 0.8791391140374734 1.7582782280750695 2.4865809165689434 0.879139114037523 1.7582782280750797 2.48658091656905 1.7582782280749552 0.8791391140374671 1.7582782280750613 1.7582782280750238 1.758278228075093 1.7582782280750455 0.8791391140374667 1.7582782280749842 0.8791391140374215 1.758278228074965 0.8791391140374977 0.879139114037509 1.7582782280752032 0.8791391140374832 1.7582782280750984 2.4865809165689923 1.7582782280750713 1.7582782280749931 1.7582782280749787 0.0 1.7582782280751683 1.7582782280750124 1.7582782280749472 3.6247834267885737 1.7582782280750602 3.6247834267885937 0.8791391140373986 1.9658148206668065 2.486580916568997 0.8791391140375333 3.624783426788605 1.758278228074972 0.8791391140374879 0.8791391140375422 1.7582782280750164 2.4865809165690327 1.7582782280750124 1.965814820666735 0.8791391140375862 3.6247834267885946 0.879139114037591 0.8791391140374415 1.7582782280751332 0.8791391140375394 1.758278228074865 1.7582782280749694 1.7582782280749352 1.7582782280750726 1.7582782280750282 1.7582782280750697 0.8791391140375754 1.9658148206667945 1.7582782280748908 0.8791391140374518 0.8791391140375219 1.7582782280750557 1.9658148206667025 0.8791391140374964 1.965814820666666 0.8791391140375484 1.7582782280751725 1.758278228075014 0.8791391140375459 1.9658148206668837 0.8791391140375809 1.7582782280750906 1.965814820666815 1.9658148206668717 1.758278228074945 1.7582782280750122 1.7582782280750067 1.7582782280750202 1.7582782280751565 0.6153973798262442 3.6247834267887065 0.0 1.7582782280751177 1.7582782280750275 2.4865809165690793 1.9658148206668458 2.4865809165690904 5.274834684225152 0.8791391140375476 1.7582782280750975 1.7582782280751321 1.7582782280750229 0.8791391140375321 1.7582782280749651 1.9658148206669357 -266.3620822488118 -99.03680960099808 -836.6145063943435 465.2348639561244 -381.175234891214 -40.817359472475054 -858.4202952132118 459.3120039238324 -279.62838089905983 -81.52425954821294 -805.8949039887186 499.81042486029196 -309.234400122766 -63.662492193308694 -829.5590665764208 494.893328187559 -262.02047934196173 -93.90589790644478 -844.6808569058757 496.3568753964961 -236.40570477685003 -102.40948255113219 -805.510859960923 491.65823690618595 -304.16590467841047 -76.21462973200546 -858.1652419841654 465.6725259730567 -362.92098279498146 -44.359517756589064 -800.3105596598689 495.12138143101726 -368.65202059883666 -42.64071679988438 -800.756617548273 516.509670534958 -339.2374802327585 -52.08608707871916 -839.7550773121347 487.6987239009748 -271.4964484242934 -85.8271851378079 -833.2904694573522 512.1171156590445 -315.5272928182002 -63.09681259895067 -849.4206600137762 467.85285226796253 -291.6222015805652 -82.98240932156368 -839.8026919969275 475.29903879704585 -269.0624201619217 -93.41076913633673 -877.8376279467232 444.8198403275528 -278.56481171227693 -88.46112088334048 -805.4241541598582 519.413495932181 -237.9438473345682 -106.95489621209367 -842.0051296812558 482.9993083519702 -283.7103365423885 -75.81164032591144 -819.7426785708382 497.2155616300822 -359.36101550183673 -33.941696912355305 -856.6568741621287 471.5004413795791 -296.80434626878656 -64.67155557717261 -797.2017647084168 499.25717697332084 -355.46192271911417 -39.79712083611752 -866.2253001411365 450.7732266809579 -370.7921357762525 -31.302388462221057 -793.8402175498425 496.55858116600587 -393.09336678908045 -28.814903483454845 -796.1467917966523 520.6095784540237 -348.8994361761079 -54.7063085901637 -884.601541763376 445.6067625576484 -338.9969222821739 -46.37471431951728 -795.1044394564176 503.43151208818045 -311.6207974321546 -77.19500184402244 -898.6235869988874 429.9243861283071 -333.2472185038604 -53.28242485891394 -797.363331436997 510.78078579132574 -286.71559155648475 -90.52957829982384 -838.8646309968751 492.1499608438297 -265.06562501364266 -88.06238031250355 -898.0431210263938 439.0919294277477 -303.8185416216898 -70.28804450136037 -811.2516544868655 494.61286603488685 -361.8338101940616 -38.65877378218069 -831.8089154359772 484.7333335836045 -274.19508838026053 -95.21048401837814 -804.9335956196859 511.942840564592 -395.93178946084146 -32.7212703718546 -822.5200940155438 492.4404469355113 -310.6756099662454 -70.23098046986841 -820.6481331994497 516.0516143403304 -253.98311801039662 -96.1139795922818 -898.5190665365327 434.4377874755959 -274.91624426209665 -80.6255528237823 -866.0223784681732 466.4658602711261 -325.49472285863 -50.2907772507217 -884.2295737941566 449.8490848809008 -336.1524412144703 -58.786825997904806 -825.7993993137356 480.1645172267131 -325.79581150569146 -63.14140182007789 -813.8820145006821 490.5626780190822 -368.17821586840233 -37.069642280930836 -814.5991954675842 506.8654216607192 -258.45548224569063 -90.4044173060454 -822.2889057334961 484.33619304225135 -290.39652313621457 -76.66411516615723 -872.0451823595367 455.2299311613206 -302.87745731069793 -65.43925743809645 -870.8268333040918 446.7855949968812 -248.09891151977553 -102.93732554726427 -803.4538406170419 504.8310804880284 -326.79066242780897 -55.60019480001833 -833.2521008593029 479.89398071386995 -344.9808793594188 -46.20671929983433 -840.6582853362675 503.4889955247368 -320.3858212252295 -56.1176488503923 -868.7994304578793 460.49536059357547 -300.3363621414201 -82.27502695358662 -809.7731446642432 514.7399020190712 -242.59350797001233 -100.95479818038008 -838.7934952165406 508.36966064611266 -357.1794147991944 -44.65823694005633 -852.242190856306 457.91806955543984 -331.7358357932087 -65.30603898589038 -843.5049782209876 465.75802751554033 -257.35914064646596 -99.7927454566017 -848.426361110354 475.5550601091018 -400.5192174464616 -22.107572856803692 -844.8013356239452 461.8547161263736 -296.1992282641169 -70.33901185662707 -824.3135796716043 487.86581391292344 -285.19552183476543 -81.88558516156506 -884.843444365898 441.69332331924136 -374.5473821052471 -42.97041322203799 -891.0497321701639 438.1435338580908 -320.62267338296454 -71.61141763129092 -829.7640425609745 490.65843893202424 -389.1645185631681 -35.39492791631694 -875.6312660497189 461.79177564521365 -391.3531163603569 -39.53566615380083 -832.486340574156 503.90736297938145 -319.07607363372495 -66.27273905242434 -861.0235625494377 448.1044347020235 -313.62743939072936 -57.95699815616565 -851.2861406818579 463.46940439256065 -344.36827662764773 -52.1263477760304 -892.2315350207999 442.8637375792407 -349.54471074637377 -40.9471256284141 -874.3938284771368 451.08627027768506 -406.1019601331746 -16.241895772505252 -843.9437457901363 471.3553081501105 -343.2308182699724 -40.37920787815334 -812.6228266566139 500.4987143343449 -297.43936318735393 -75.51284332419964 -863.2552187541013 455.16504309894464 -333.4045643976202 -47.37635540273302 -808.5036067050731 486.39032082987194 -350.72418721528226 -46.0237013589988 -835.6372549058904 498.64568687731526 -290.11456706996466 -70.30169460700589 -815.8014213376149 487.0105579427022 -247.6071031791346 -95.76585375527137 -824.405714736281 509.4015398784637 -401.85885365322224 -27.618995872423966 -813.0489746990321 518.0363756980108
1550.0048193674556 0.8791391140374599 1.965814820666631 1.75827822807507 2.486580916569146 1.7582782280750804 0.8791391140375713 0.8791391140375765 3.6247834267885772 1.7582782280750504 0.8791391140375712 0.0 1.965814820666655 1.7582782280749647 0.8791391140374296 0.8791391140374651 1.758278228075023 3.6247834267885852 1.7582782280748668 1.7582782280749898 1.7582782280751086 0.8791391140374528 1.7582782280750548 3.6247834267885493 2.4865809165689825 0.8791391140375638 1.7582782280748437 1.758278228074997 1.9658148206669712 1.7582782280751066 0.0 3.5165564561500586 1.7582782280748677 1.7582782280749807 0.8791391140375086 2.4865809165690407 1.758278228075004 1.7582782280750269 0.0 1.7582782280749898 0.879139114037501 1.7582782280750675 2.4865809165689696 1.9658148206667858 2.1978477850937144 0.8791391140374831 1.7582782280751965 1.7582782280750033 0.8791391140375083 0.8791391140375644 3.931629641333546 1.7582782280749851 0.8791391140375389 1.7582782280750116 0.8791391140376094 2.4865809165690256 1.758278228075206 1.7582782280751013 0.8791391140375414 0.8791391140374993 1.7582782280748748 0.8791391140374597 0.0 1.965814820666827 0.8791391140374878 0.8791391140374643 1.965814820666816 1.9658148206667654 3.6247834267884294 1.9658148206669213 0.8791391140374812 1.7582782280750138 0.8791391140375522 1.7582782280749687 1.7582782280750182 0.8791391140375101 1.7582782280748628 0.8791391140375099 0.8791391140375631 1.7582782280750946 0.0 0.8791391140375013 0.8791391140374963 1.7582782280749827 2.48658091656892 1.7582782280750386 1.7582782280748732 1.7582782280750575 0.8791391140374122 2.4865809165690314 0.8791391140375818 1.7582782280749751 0.8791391140375988 1.758278228074988 0.879139114037441 0.8791391140374728 1.7582782280749587 1.7582782280749834 1.7582782280749634 0.8791391140374921 0.8791391140375566 1.75827822807505 1.7582782280748523 1.965814820666818 1.758278228075071 0.0 1.7582782280751956 1.7582782280749982 1.758278228075224 1.7582782280750566 3.6247834267887695 1.7582782280750568 0.8791391140375091 0.8791391140374889 1.7582782280750826 1.9658148206668533 0.8791391140375895 1.7582782280750997 0.0 1.758278228075036 1.7582782280751292 3.6247834267885812 0.8791391140374082 0.0 1.7582782280750227 0.8791391140375536 1.7582782280751468 1.96581482066682 0.8791391140374925 0.8791391140375504 1.758278228075056 1.9658148206667305 0.0 1.7582782280750802 0.8791391140375587 1.7582782280750693 1.7582782280749725 1.9658148206668213 1.7582782280749845 1.7582782280750346 1.965814820666714 -268.50123529049813 -98.59320425898193 -832.6116894027224 467.7294354891193 -383.9629510307397 -38.077055793537646 -854.3838002756088 461.5908687846776 -283.6911154431949 -78.77968344415753 -802.4893401985628 500.1983221054065 -312.12015384586783 -61.77092945513355 -827.2934909153156 496.0625251312639 -264.99428667330494 -92.16073461640791 -841.6207655047388 495.9395880126401 -238.45922872662385 -100.25975185509121 -801.7597685872347 492.8560202534512 -305.32403114172183 -74.56525832662835 -857.4531265764522 464.56830868442887 -366.79713743402965 -41.34772096106675 -796.6043043712119 496.55916931914163 -373.1925409190528 -40.31857250158621 -796.1217397967696 515.6366189256511 -342.6382846927475 -49.29084775245363 -835.389976328443 488.2705218530771 -275.0703319003107 -84.80217534389124 -828.9247803816919 512.6854982411462 -318.97212851746906 -60.35477337811209 -847.113815674918 468.7904482066333 -294.9202292441702 -80.82677731296367 -835.962830874571 476.02221959758265 -271.1168288935568 -92.05768314087163 -873.632299558863 446.2059754601902 -281.3524277823227 -86.47541177761639 -801.7943397222181 518.6010763068052 -240.44447216160316 -105.39094433910836 -840.17603713311 483.84048679189453 -286.9117710352943 -72.7913340868225 -817.8223136012851 497.5745805181325 -362.0365959520429 -30.378954292761083 -854.8306582458564 472.3494700000755 -300.77388793891504 -62.53725064750342 -793.930751353611 500.3651980519083 -359.5269086440612 -36.2824748222552 -862.7347282394807 453.2276915133688 -374.27713336248877 -28.577703803338242 -787.4485342850604 498.2496579118959 -397.0395913767517 -24.481332681127558 -792.0145617994001 519.7662625040083 -350.3384888226411 -53.384087726265186 -880.8370349744673 446.67947821992055 -342.82618306357966 -43.50651915843089 -792.838474019748 504.6001655167977 -312.88822957372344 -76.41960974025099 -894.6414868425223 432.1305913752794 -337.0138179585526 -50.15771114191763 -793.5225076053499 511.49838600853104 -289.93649216395886 -87.52471921349998 -835.9849000762687 492.69086887625514 -268.41329118847165 -85.9988983995678 -893.7587760864255 440.08958292806057 -307.4045132698304 -68.46217762328251 -807.0653510595884 496.1404686458618 -364.6446599200424 -36.653470881574854 -829.3637866722137 484.9435324557286 -277.0025382235095 -93.24879700328428 -801.0030731718136 512.1803528349071 -398.49975746056117 -29.767968830325763 -819.2043658429146 493.3090108950674 -313.08499131558926 -67.79600599471502 -818.2476315363224 516.5001655394047 -257.5957394317049 -93.59085301046106 -893.9361228019926 436.27615775894725 -277.8607739155305 -78.81798293881772 -864.7258587662566 467.46888020601307 -328.5195962999473 -48.53306251386982 -880.9393468593892 450.80603132320067 -337.9915832891822 -56.450015677358365 -823.0087278967203 481.18388904346716 -327.9804502763161 -61.18169145606096 -808.735569758207 492.2698951600955 -370.81912922250405 -34.18236732419872 -810.7583913221365 507.5831385095462 -261.28592395505467 -88.47830317031254 -819.3635628382739 484.6352123828637 -292.59081618919197 -73.21205371958082 -868.6456888934305 455.67927973394643 -306.0929803545884 -63.92896257264193 -866.2477943374575 448.7272070493791 -250.71457482524144 -101.53421573474408 -802.058384956692 505.3402369411478 -330.3732660453998 -53.00611884094222 -830.8071526947357 480.10431187111186 -348.74058102730066 -42.36814298158841 -837.6880366592487 503.5496696536535 -323.45573577275 -53.69065635990363 -866.9831896010909 461.35760099720824 -302.1366330345447 -81.3727464670425 -806.3675756331049 515.127767451678 -245.46113617696216 -99.07962451110922 -835.388157076154 508.75947070381415 -361.0429042244458 -42.341601224548214 -848.1563500759197 459.9514963850392 -333.32058268295367 -64.86638904389625 -840.1476246974969 466.3971331781201 -259.1292225685157 -98.09008203638513 -845.5478087325102 476.10344793798464 -404.08625153138127 -18.07662259504958 -841.3989442288977 462.25713213348683 -299.3252586910777 -67.9792441474557 -821.1325667302968 489.45471688825796 -289.77627796390436 -78.99628706589483 -881.0304721822697 442.52777650558664 -377.66241887793416 -41.97894274259847 -886.2905231466144 439.2210445765258 -322.41047243329695 -70.68088196702958 -828.4139109468337 491.4084499131164 -392.10732894863276 -30.737693213231115 -873.7174052942983 462.1796939450669 -391.8782724051403 -36.600745537256145 -830.4762008319706 503.7866559947528 -321.4320351587067 -64.5111954661699 -858.3910966816022 449.8734079111338 -317.0337275533385 -55.907244361409056 -847.4944346998578 464.4468251618652 -349.0152674795901 -48.162161764013455 -889.053327657892 444.3331338715068 -353.81891766817614 -36.93411271659234 -870.5182184878964 451.6392476807074 -409.5680108479911 -14.258272938500241 -841.0197146863843 471.6605086006068 -347.9884572938414 -37.60711369338728 -809.7871065010892 501.2770635794267 -298.3942864933637 -74.3751827476736 -858.2206294250722 457.408275487946 -336.9711638955488 -44.765998225678295 -803.9269263774361 488.4878125840026 -354.8093515625769 -42.52925574878848 -833.1919588047234 498.85570722568633 -292.5548037839495 -67.8945873715517 -812.395942004301 487.3988395006668 -251.92087361447827 -93.35461276430895 -821.5251382710588 509.93993629245733 -402.52163702852033 -24.156697704960322 -810.0786568559622 518.0944811999159
1560.0048193674556 0.8791391140374664 1.9658148206668078 1.7582782280749998 1.7582782280751463 0.8791391140375726 2.4865809165689825 0.8791391140375655 0.8791391140376287 0.8791391140374838 0.8791391140374833 1.7582782280750715 2.7800819805011088 0.8791391140375623 0.8791391140374881 0.0 0.0 1.7582782280749647 2.4865809165690127 0.8791391140375133 0.8791391140374918 3.6247834267886674 1.7582782280749165 3.6247834267885786 1.7582782280748648 1.7582782280750724 1.7582782280749671 3.6247834267885657 0.0 1.7582782280750089 1.9658148206669963 1.7582782280750182 1.7582782280751628 1.7582782280750027 1.758278228074961 3.624783426788593 1.7582782280749247 1.7582782280749594 0.8791391140375077 0.8791391140375443 1.9658148206666979 0.0 1.96581482066693 0.0 1.9658148206668837 0.8791391140374798 2.4865809165690744 0.8791391140374563 0.8791391140376127 0.8791391140375198 0.0 2.4865809165689927 0.8791391140375363 1.7582782280750984 3.624783426788669 1.7582782280750586 3.6247834267885506 1.7582782280750366 1.9658148206669859 3.6247834267886336 1.7582782280749008 1.7582782280750204 1.7582782280750655 3.6247834267885883 1.7582782280749876 3.6247834267886705 1.965814820666673 1.7582782280750926 1.965814820666751 1.7582782280750964 0.8791391140374717 0.0 1.7582782280749392 1.7582782280749665 1.7582782280749407 0.8791391140375503 1.7582782280750153 1.7582782280750024 0.8791391140374953 1.758278228074998 1.9658148206666521 1.7582782280750566 0.8791391140374418 1.7582782280750995 0.0 1.7582782280750355 1.7582782280750502 1.7582782280750844 1.9658148206668198 1.7582782280750926 1.758278228074837 3.6247834267886643 3.6247834267887225 1.7582782280750742 3.6247834267885395 1.965814820666788 1.7582782280750793 1.7582782280750804 3.6247834267887353 1.758278228075061 3.624783426788796 0.8791391140375052 0.8791391140375825 2.48658091656904 0.0 0.8791391140375303 0.8791391140374746 0.8791391140374645 0.0 0.8791391140375662 2.486580916568943 0.8791391140375651 0.8791391140376178 0.8791391140375132 0.8791391140375808 0.8791391140375187 0.8791391140375282 1.7582782280750153 3.6247834267885994 1.9658148206668933 1.758278228074869 1.7582782280749818 1.7582782280749256 3.6247834267886514 1.758278228074905 1.2307947596524522 0.8791391140376079 0.0 0.8791391140374054 0.8791391140375813 1.7582782280752263 1.758278228074968 0.0 1.7582782280749554 1.9658148206666861 3.6247834267885843 1.7582782280750335 3.6247834267885835 1.7582782280751295 1.7582782280750786 0.0 -269.9138650316479 -96.46607952863143 -828.2606678926087 471.0289396458119 -386.8832392063363 -36.14938519887935 -850.9790801204679 461.9891838254116 -285.90887703160496 -76.87171607050645 -799.6087228269532 500.7365297300996 -315.8639694813839 -59.35582681704146 -824.848151309057 496.2711941871221 -268.5367716946442 -89.5419069279713 -837.6903496137719 496.17876747527845 -241.6851481677383 -98.03378742010707 -797.8583043727567 494.5786875256144 -306.5806049761233 -73.77067157453789 -855.099974296609 465.26450902290355 -369.7472199497056 -39.4714309332052 -791.8929768728633 497.936279010491 -375.2715083094835 -38.2501272338143 -791.4104033043346 517.013717299716 -345.28940217953925 -47.12250681764241 -833.6492999174676 489.5901692562165 -278.8889355610685 -82.5007611356721 -826.6588720728747 513.8542656408342 -322.70785494334643 -57.91914126678284 -843.3641933960856 469.99328091760776 -297.973480479852 -79.1289085988822 -832.2120499457778 477.22131657747815 -274.2036840737522 -90.41778464277084 -869.4166626140367 447.53838866818063 -283.89013890935695 -84.93485498098165 -798.3887696419417 518.9889242350112 -243.2230026153455 -102.5827111905672 -837.3856435379041 484.86038132367116 -289.6489724287987 -70.72867867988917 -815.4666719178856 498.26319272302635 -365.6945003787355 -25.742447585578976 -852.5675511732361 473.5238426993035 -304.5420575006272 -60.155653622543056 -790.2244801597608 501.80295623989116 -364.23646387183874 -32.360389458771266 -859.8575209206451 453.78211300577647 -377.5555133341493 -27.00151009491604 -783.3742372697737 500.3770690473349 -399.05118924733813 -22.349446482238953 -786.666065274747 520.3921362106191 -351.07996490214487 -51.3304214373875 -876.293128217171 448.84427758859914 -347.2206715516579 -40.33589706759945 -791.1871597120572 506.39927245102905 -315.8014285558735 -73.81090772105767 -892.0875604742937 434.1911225347512 -339.6282961663207 -49.36727793051647 -789.4126157490396 510.7756604814384 -291.6233315002496 -85.74452092089273 -832.6693459620634 493.55974106380575 -272.648251237647 -83.06746181272663 -888.7031815757988 442.15027731882685 -311.36896923520413 -65.56418066170048 -803.6597854205422 496.5283367023804 -369.6809536464869 -32.71101196319936 -828.4036331593369 485.123070391567 -278.806511422788 -92.362153913597 -795.6770903935502 512.9270048138548 -401.0331937958082 -27.452132224808775 -815.8885300275666 494.1770875657145 -317.1587686184805 -65.74956067946957 -814.7075083413896 516.1678866162274 -262.27883561743477 -90.05792299800116 -888.9324418480516 438.5821156936275 -280.24435194468424 -77.09360715927289 -862.714927353665 467.3586375162179 -332.2596883418452 -45.37897283911365 -875.8175749668325 452.5802478023021 -340.65568950478047 -54.292364958838604 -819.8275347849373 482.77224322276044 -330.2732691896411 -60.06363951488592 -804.8050468526144 492.50744128427806 -374.9608363691345 -32.79323323079439 -808.1336226516954 506.83140490416815 -265.9610748595705 -84.92093834132083 -814.2171022753953 486.342347009764 -295.15983649714036 -70.95794120525032 -865.8630038040407 456.7195742811378 -309.7219242028101 -60.65968801792247 -862.5540319321568 450.1950855987706 -253.98255615665278 -98.58771188410857 -800.3173746179141 506.6592432855709 -333.58560610643923 -50.006821411228195 -827.1011269888573 481.542788786492 -354.17468697458946 -38.15256183760511 -836.382587980826 504.5392899273988 -327.7047092171071 -51.08783705830105 -863.054446649038 461.6169576411152 -303.6054577923703 -80.07848473755605 -801.3871459419793 515.0645701022622 -249.73235334484042 -96.58883710145808 -830.5872814060614 509.6572936109522 -364.3436343693578 -40.1264860164425 -844.2711112221209 460.43681485277716 -334.9475999329461 -63.02281703517294 -836.1885177348813 469.1284208451552 -260.94632595471234 -97.22884059705282 -845.6382373268387 476.5834141521923 -407.89881355206205 -13.619518413098236 -837.4857726675037 465.2305025267787 -301.1906312284357 -65.66770900964028 -818.7769362180063 490.14339339021797 -292.4255316174395 -78.31824857873985 -878.9831759305426 444.6926707932375 -380.07766694912004 -40.25317597054594 -882.6121119125237 440.7252947197356 -324.57505185253564 -68.70962577698842 -825.8787920196811 491.1371213412741 -394.8233817294736 -28.601528480534334 -870.7039311101889 462.0262645051919 -393.2370203337455 -35.18836229538815 -827.3263758611308 502.8849005075747 -323.9227023606337 -62.895542857773286 -854.4074919341994 451.1335337261931 -320.9651839971963 -52.96507550126017 -844.270669244748 465.8009522324351 -352.0240306149075 -44.95251225677927 -885.4752478777474 446.3259866261229 -358.3749305734152 -32.51311655956544 -868.5543045815512 451.7718629925905 -413.9135651646327 -13.15232987696989 -837.3597688337071 473.34148152874155 -351.1608999285141 -34.56272422641378 -807.8666999485441 501.63588508114987 -300.39010711469643 -72.94332407833913 -855.7773698676849 457.625536548835 -341.6812047309397 -43.345995192374815 -800.4765122078925 488.6356352544152 -359.54289450620286 -38.28658887061596 -830.2665004905017 499.1543431868078 -295.6892342673909 -64.80343846874159 -807.7295047354124 489.01611624703213 -255.86976010089154 -92.0171158840277 -818.6445379475543 510.47819994809464 -405.6675913868273 -19.73432664670151 -806.0584327108907 517.8518836879297
1570.0048193674556 1.7582782280750227 1.9658148206668364 1.7582782280750167 0.8791391140374983 1.7582782280750746 3.6247834267884658 0.8791391140375909 1.7582782280750868 2.486580916569039 1.7582782280748992 1.7582782280750409 1.9658148206668524 0.8791391140375553 0.8791391140374735 1.7582782280750997 3.6247834267884884 1.7582782280750275 1.7582782280748448 0.8791391140375135 0.8791391140373811 1.7582782280749498 1.758278228075171 0.8791391140375359 0.8791391140375466 0.8791391140374629 0.8791391140374427 3.6247834267886136 2.486580916569129 1.7582782280750777 1.965814820666758 3.516556456150033 1.7582782280749554 1.9658148206668817 1.7582782280751983 1.7582782280750147 0.8791391140374536 3.6247834267885635 1.7582782280750258 2.486580916569067 0.8791391140374655 1.7582782280749985 1.7582782280750873 1.7582782280749767 3.62478342678837 0.879139114037492 1.9658148206667025 1.758278228075082 1.7582782280748823 1.7582782280749893 0.0 1.7582782280749798 1.7582782280749476 1.7582782280750986 3.6247834267886163 0.879139114037578 0.8791391140375653 0.8791391140375527 0.8791391140375386 3.6247834267885324 1.7582782280748648 1.7582782280750806 1.7582782280749845 1.758278228075096 0.8791391140375662 0.8791391140375542 0.8791391140374841 1.7582782280749567 1.7582782280750513 0.0 0.8791391140376166 1.9658148206669157 0.8791391140374132 1.7582782280749665 3.6247834267886576 0.8791391140375835 2.4865809165690713 1.9658148206667938 1.7582782280750684 1.7582782280750826 2.4865809165691677 0.8791391140375556 0.8791391140375427 1.9658148206668768 1.7582782280750595 1.7582782280750522 0.8791391140375411 3.624783426788629 1.7582782280750264 3.6247834267886265 1.7582782280750462 2.4865809165689554 0.8791391140374226 1.7582782280750355 1.9658148206666601 1.758278228075041 0.8791391140375501 0.8791391140374601 0.0 1.7582782280750864 1.9658148206669948 1.75827822807495 0.879139114037523 1.7582782280750724 3.6247834267886994 1.7582782280750178 1.7582782280748428 0.8791391140374675 1.965814820666757 0.8791391140374701 1.7582782280750981 0.8791391140374832 0.8791391140375624 0.8791391140374959 0.8791391140374452 1.7582782280750753 0.8791391140376199 0.87913911403755 3.6247834267884778 1.9658148206667474 1.965814820666707 3.6247834267885857 1.7582782280749403 1.7582782280750142 1.9658148206668864 0.6153973798263088 1.7582782280749478 1.7582782280750835 0.8791391140374286 2.486580916569033 1.7582782280751146 3.6247834267886123 1.9658148206669477 2.780081980501002 1.7582782280749523 1.965814820666745 1.7582782280749032 1.9658148206668988 0.8791391140374484 0.8791391140374394 0.8791391140373429 -271.92446658137135 -95.05293297365013 -824.3436870260741 473.9970885817056 -389.7596022861099 -34.16593497263471 -847.6190309452282 462.62068042981167 -289.8781087799122 -73.98460953449194 -795.4223187643963 502.2638742858763 -319.7241409459755 -57.75763953095312 -821.6220082677848 497.6193106473345 -272.50461319989495 -87.40476918695919 -833.3246601861647 496.7465753498678 -245.71733252495432 -97.55004962641331 -792.9807238100276 497.7257341934364 -307.3034910986461 -73.10931717610487 -852.3102405449719 466.2861990987204 -373.01839843357897 -37.891140991775124 -786.4904190506539 500.9328779366091 -379.1956001647634 -35.26131503831458 -787.0445923630816 517.5807143379205 -348.9418252574946 -44.5785800170026 -830.3334885879591 490.458466926393 -283.03808620203426 -79.82184343085738 -824.168653656186 513.8226835029052 -325.71333418593525 -55.41497524473639 -840.9638913393571 470.44311175822634 -300.5122021671092 -76.8438972495951 -831.0859176210192 479.1708607829725 -276.89191263595427 -89.04104492010421 -864.9629043233223 447.6442224127003 -286.040300345517 -83.67737476386117 -794.0678173298921 519.7960447844931 -247.32282667142783 -101.4181630830208 -836.2458977516122 484.0797211658698 -291.50639455164844 -68.40311324538652 -813.1110058947502 498.9517413227067 -369.63543215906355 -23.45317528782019 -850.1224478584334 473.7341734327422 -308.4679531443535 -57.20537869422351 -782.8117786561432 504.678046208817 -368.01147018777374 -29.552352851903816 -855.5842146130753 454.8402990647989 -380.9611238906069 -24.8390411269159 -779.9462056976629 500.6444316526008 -402.0958431550471 -20.503346612507713 -782.9147809251976 521.5893355894949 -352.4860471107899 -48.57994915980915 -869.238085782414 450.9494087083396 -350.6944558166282 -37.594026789675915 -789.2218875378994 506.5179081301182 -317.62217953346266 -71.46922641197231 -887.7864549499558 437.55456608038486 -342.94817722965433 -46.48065192932913 -786.0070074690071 511.16326820386433 -293.6855789254344 -82.91691838165269 -827.8683600332345 494.45710548356027 -276.5973909605917 -80.9103279395584 -885.3029608054201 445.07178324641626 -312.0811619504183 -64.90609149570501 -801.0033983964906 498.26675594784484 -372.57525758809356 -30.070371553200594 -826.6626982469645 486.44218129480583 -282.80104501947665 -89.50960062712383 -792.7067675343668 512.9849780201448 -402.51727398250995 -25.498409939608152 -813.5328570147565 494.8656399445296 -319.25749909708264 -65.13618606061749 -812.7870803293877 516.5266677629357 -266.887543104476 -88.67810338629656 -882.9948484268635 441.26202935023144 -283.3702587055189 -73.99022676339281 -859.9256615364444 468.3826720795165 -335.40920736803116 -43.01737653359347 -873.0802928180902 453.8564526120813 -343.1035414453546 -52.60558519035795 -816.031586171961 483.7299585606585 -332.913330045223 -57.88132395520322 -800.0937094683007 493.8845027613328 -377.5070026768121 -30.502894792894192 -804.6383549644318 506.7390950556301 -270.62375315809254 -82.83730342171012 -810.9012484321653 487.21030334215163 -297.6309791688055 -70.04869295054665 -863.4178350344896 456.93584046190625 -313.7529174440909 -59.251804758437366 -857.7094130107437 450.8662858397304 -257.1226976936009 -96.25779855771097 -796.9118067536562 507.0469911733202 -336.8856875732297 -48.507926526086806 -823.8750242503789 482.8910482838964 -357.28340235228563 -35.727742387368906 -834.3724979928965 504.418150511537 -330.6836564761838 -49.251578407144166 -859.9936308029487 461.20257442959195 -305.7101993464888 -79.49091309353352 -797.0662070705866 515.8717613891988 -251.91548660745394 -95.38921633748653 -829.1021122191745 509.6864287534811 -365.71131819940666 -38.73366960849216 -841.0008557915298 461.547142702817 -336.8786509801996 -61.51085123320055 -832.7073254505588 471.76768965603287 -263.9209396671697 -94.69480120346321 -843.8976894361507 477.9031640556712 -411.08553430447756 -11.241885207354235 -834.8748986918297 467.2101304232408 -304.9296931274435 -63.24257245524379 -815.3265167735284 490.2912145029343 -294.4082445602029 -76.8744264197001 -873.6013172815923 447.72481622449374 -382.64031753150397 -38.6572129549411 -876.8026043061791 444.1074606598134 -326.0032408023002 -67.3804593522028 -822.4732476930254 491.5250814770336 -396.82475976325674 -26.45731877842371 -867.642664076641 461.61554977171596 -395.9080081723442 -32.333822214306906 -823.5752999573433 504.0826994596535 -326.5609152491264 -61.41698090056553 -850.328322155431 451.9027626513568 -324.30284168169004 -50.81356395802814 -841.8704733889768 466.2507684862132 -356.1728549113638 -42.20226182662534 -881.0598598457204 449.18152820823923 -361.9883799826793 -29.89466815055939 -862.9334645145326 453.588945352682 -416.0081716902608 -10.973623108252175 -835.183886351777 474.9908870984045 -355.49447032360143 -31.28696164134386 -806.9064982846729 501.8152749720119 -303.2456486535623 -70.99969584063243 -852.5085060537828 458.73827938341054 -344.82049556077794 -40.26796954866491 -796.5908116147957 489.11309623214515 -361.7850271000128 -36.7228907113721 -827.4307923364773 499.9327534406033 -298.67292758896747 -63.731801719540606 -803.8886745768956 489.73369598203783 -260.3203009978645 -90.47864947768679 -816.1094736844624 510.20654598802633 -407.8390038789068 -17.746064484270182 -804.0034749703068 517.49047826553
1580.0048193674556 0.8791391140375237 1.758278228075161 1.758278228075068 1.7582782280749227 1.7582782280750249 3.6247834267884347 0.8791391140375155 0.8791391140374658 2.486580916569093 1.7582782280751466 1.9658148206667854 1.9658148206668589 1.7582782280750735 1.7582782280751568 2.486580916568961 2.4865809165690447 0.8791391140375472 0.8791391140375081 1.7582782280749598 1.7582782280750087 1.7582782280750955 1.7582782280751426 1.9658148206668709 2.48658091656921 1.7582782280749663 0.8791391140376162 3.624783426788621 1.758278228075071 2.4865809165690207 0.0 3.5165564561500466 0.8791391140375739 3.6247834267886305 1.7582782280750413 1.7582782280749585 0.8791391140375535 2.4865809165690473 0.8791391140375413 1.9658148206667385 1.7582782280751208 3.624783426788645 1.965814820666675 1.9658148206668418 0.0 0.8791391140375588 1.9658148206670072 1.758278228075083 1.758278228075 1.7582782280750402 3.931629641333741 0.8791391140374664 0.8791391140375169 1.758278228074989 0.8791391140374273 1.758278228075035 1.965814820666728 1.7582782280750775 3.624783426788705 0.8791391140375081 0.8791391140374937 3.6247834267886674 0.8791391140374891 0.0 0.8791391140374106 0.8791391140374608 0.8791391140376912 1.7582782280749547 2.4865809165691464 3.6247834267886474 1.7582782280751144 1.9658148206668833 1.7582782280750047 0.8791391140375506 0.8791391140375864 3.6247834267885644 3.6247834267883867 1.7582782280749845 1.7582782280750604 2.4865809165690216 0.879139114037437 0.8791391140374961 1.758278228075091 1.9658148206668578 1.7582782280751899 0.8791391140375713 1.7582782280751734 1.7582782280750824 0.0 1.758278228074958 0.8791391140375439 1.965814820666758 1.7582782280751865 0.8791391140374496 0.8791391140374372 3.6247834267886496 1.7582782280748928 1.7582782280750617 1.9658148206666286 1.7582782280750895 1.9658148206667019 3.6247834267886336 0.8791391140374424 1.965814820666906 1.9658148206668933 1.7582782280750935 1.9658148206667498 1.7582782280750728 2.486580916568975 0.8791391140375692 0.0 1.7582782280749831 1.7582782280751241 1.7582782280750768 1.758278228075085 1.758278228074989 1.7582782280751108 0.0 3.6247834267884844 1.9658148206667425 1.9658148206668333 3.624783426788613 1.7582782280749407 1.7582782280750386 2.486580916569045 0.6153973798262093 0.8791391140376006 3.6247834267886545 3.6247834267887082 3.6247834267886323 3.6247834267885284 2.4865809165690456 0.0 2.486580916568956 0.8791391140374314 1.965814820666784 1.7582782280749636 3.624783426788609 1.7582782280751443 1.7582782280750866 1.7582782280749911 -274.97295626339616 -93.33216779701331 -821.9115998716989 476.9358284614111 -391.38068796393225 -31.675234203933403 -843.4331203598271 464.14939352070536 -292.7327651691365 -71.67659054381618 -790.6660522278032 503.4005491455156 -323.0277924339777 -56.25653064989156 -817.6914866182314 497.8567165865729 -276.9238555772519 -85.74582605476584 -831.4042453251958 497.10540378585574 -249.47410415543885 -93.68071802516872 -789.7096143756137 498.83346959121974 -309.43653808513744 -71.10802073011153 -849.8650299037575 466.495696886023 -375.5680648303925 -36.27199210645476 -783.2641316929846 502.2806393490203 -380.6685345847717 -32.629623212789085 -783.9846207730257 517.1584064535558 -352.03971142460983 -42.82829604827228 -828.8931707355334 490.72758729742367 -286.28866923066056 -76.86479688971679 -821.1534893982694 513.6406463648877 -329.88154054592354 -53.38768270583291 -838.2628541175284 471.94189044315755 -301.77651300966085 -75.33321433379483 -828.2053136769947 479.70914602277423 -281.9023837035222 -85.85068171580784 -861.3049847836262 449.3286767997878 -288.40222697488 -81.19573347766537 -790.6622024947418 520.1836155085305 -251.0246119208644 -98.2422855070745 -834.581280468453 483.14866304389005 -295.06131837073275 -65.77427713986576 -809.8399314072669 500.0596010481344 -372.6962280522273 -21.633785536953667 -848.3817898957582 475.0537312702122 -312.49131866005166 -55.05927105984844 -779.5854647950148 506.0257530754238 -371.23468947299915 -27.219674293811664 -850.3488078098377 456.0708963129625 -385.4115578974159 -19.64229487139566 -775.9165249979515 503.0115935355594 -405.2779017059336 -17.29314436149053 -778.9394135426235 521.5862970439979 -355.2347730177502 -46.48197249631027 -863.915701941552 453.69371990571074 -352.40683910416107 -36.53292675438359 -786.3412154471023 507.05583983252075 -318.885741701293 -69.2515946227676 -883.0847026764251 438.96038108121485 -345.5245774895907 -44.22191552830006 -781.5515219582102 511.24996069555823 -296.03881840351335 -80.42307237356421 -825.0325886225804 495.2353765565154 -280.34956643457537 -78.50647748739354 -882.4245592133825 445.62307037440104 -315.241560742146 -62.560551505950635 -796.291975224947 499.64353802982174 -375.6327065361038 -28.264214321818663 -824.351896566695 487.3708007117695 -286.7195299684271 -87.29262767264797 -789.826093502967 513.5229500631114 -405.6714912618159 -23.083227032500613 -811.0874800655021 495.0739956650178 -320.513968296203 -62.920071126499025 -810.5976268423104 515.4450631485802 -271.0212621379642 -85.97842675793545 -878.4844776098992 442.3742524786724 -286.963331865707 -70.69094430318242 -857.6606667211765 469.55312819850025 -339.20571750176447 -41.293084455524145 -870.3823594632455 455.3603852305055 -343.97146900936673 -50.709867818382634 -813.9001141090628 485.61870960844544 -335.51619469647363 -54.96253320629588 -796.9122879128096 495.4724022872824 -382.35942608358187 -26.015752566605343 -801.7577069219393 507.2771184739756 -273.69600167653255 -80.41258451953138 -807.2397508861928 488.8879746977368 -299.5879469521866 -68.56011715535148 -859.3689372911473 459.1891140371451 -317.61215742095055 -56.2173735852379 -853.1943744153945 451.96293958395484 -261.80951816255464 -93.4609589224299 -794.1208174500772 508.06507259079257 -339.6460666578398 -46.432779069882905 -821.5193571355928 483.5795857846626 -360.36133651644485 -33.94584579038857 -831.3124882198678 503.9962071822264 -333.97531896085184 -46.672773906093106 -856.8588057402727 463.0335232719728 -307.665189797359 -78.00052247308518 -795.1905856206201 516.4704844329491 -256.28196283707854 -92.23383798413828 -826.7015938578639 510.13489703075703 -369.97013785587154 -36.05759552764256 -836.4245625960044 463.64544991017624 -336.713705572598 -59.96173444216676 -828.4312977190604 472.8153123556086 -268.22769696762794 -92.19633893266229 -840.5819098991516 478.7716447647754 -414.43924111973666 -9.635065249399902 -830.7335332495666 468.9780451783982 -308.6287616408753 -60.75564065341161 -812.4907172742766 491.0693757755428 -296.4200805249227 -74.01615631521531 -868.0691957157635 450.01586278438793 -383.62289514244196 -36.90358492599642 -872.6656803535554 445.88717812894924 -328.08509031965116 -66.72400926725152 -819.682311715401 492.54333328818825 -400.1389881648408 -23.52419470922303 -864.8533654345515 462.63799111004005 -397.733082127944 -30.68968645723888 -821.7445689463699 504.9215639632676 -328.8459225048286 -58.858473359315894 -845.7830778512956 451.51220469173876 -327.2531950190844 -49.6357399063864 -838.6445509008898 467.5994973589527 -358.728250094311 -39.92113648018967 -878.3635750666641 450.68900037694453 -365.05467684583334 -28.094801646540304 -857.4443083917398 456.11303142642555 -419.56390792127206 -8.61983180926925 -833.8782135998576 475.98029170395483 -358.38225843017204 -28.64873279653045 -802.6303577498144 502.86239046048667 -305.56791013360737 -68.47418528440129 -848.3229321529733 460.26795934162243 -345.14904842467735 -38.536367678613736 -793.6653168086957 489.4110513446715 -366.04021573623186 -33.35949121976961 -824.0252193882936 500.3205949471134 -302.1720303164512 -62.460914521067956 -799.7022223113864 491.2609446159757 -264.34864866604886 -86.93019240205363 -813.3185073410264 511.22473589263035 -410.6418744979585 -15.675169939552084 -801.5132500702913 517.45870860226
1590.0048193674556 0.8791391140375423 3.624783426788673 0.8791391140375404 0.8791391140374976 1.9658148206668573 1.7582782280750617 0.8791391140374719 1.7582782280749 1.7582782280750129 1.7582782280751883 1.9658148206668677 1.9658148206667305 1.7582782280749816 1.7582782280751965 1.7582782280750446 1.7582782280749012 3.6247834267885337 0.8791391140375667 0.8791391140375373 1.7582782280749099 1.7582782280750686 1.9658148206667458 1.7582782280749583 0.8791391140375493 0.8791391140375071 3.6247834267887025 3.6247834267885137 0.0 0.8791391140374585 0.0 1.7582782280749987 0.8791391140374178 1.7582782280749985 1.7582782280752112 1.965814820666745 0.879139114037584 1.9658148206667418 1.5848905769642458 0.8791391140375234 1.7582782280751441 2.4865809165690487 3.6247834267887615 0.0 1.965814820666643 1.7582782280750464 0.8791391140374353 1.7582782280750235 1.7582782280749147 1.7582782280750529 3.9316296413337137 0.8791391140374604 1.7582782280749258 0.8791391140374963 1.7582782280751343 3.624783426788677 0.8791391140374645 1.7582782280751046 3.6247834267887793 3.6247834267885675 0.0 1.7582782280749907 0.8791391140373185 1.7582782280750089 1.758278228075168 0.879139114037452 0.8791391140374248 0.8791391140374684 2.486580916569056 2.4865809165690274 1.7582782280748654 1.9658148206667445 0.8791391140375543 0.8791391140374445 1.7582782280751421 1.7582782280750018 2.4865809165690007 0.8791391140375434 1.7582782280748503 3.6247834267886616 0.879139114037453 0.8791391140374867 1.7582782280749651 1.9658148206668313 0.879139114037627 3.6247834267885843 1.965814820666964 0.8791391140375245 3.6247834267886656 1.7582782280749787 0.879139114037535 2.4865809165690442 1.7582782280748626 1.758278228074998 1.7582782280750002 1.7582782280750353 1.7582782280751323 1.7582782280750247 0.0 0.8791391140375836 1.9658148206669253 1.7582782280750417 1.758278228075208 1.7582782280749996 2.4865809165689345 0.8791391140375746 1.7582782280748719 1.7582782280750822 0.8791391140374893 0.8791391140375422 1.9658148206667319 1.7582782280750258 0.8791391140374314 1.758278228075 1.7582782280751628 1.7582782280749767 0.8791391140374185 1.7582782280750664 1.965814820666768 0.0 1.7582782280748437 1.7582782280750442 0.8791391140375067 1.7582782280751 1.7582782280749678 0.6153973798262086 1.7582782280750382 3.6247834267885857 1.7582782280749125 0.8791391140375086 1.7582782280749234 1.965814820666757 1.7582782280750602 1.7582782280749936 0.8791391140375516 1.7582782280750886 1.7582782280749607 3.6247834267886403 0.8791391140375998 0.8791391140375784 1.7582782280749167 -277.45731327046485 -91.71196469269084 -818.8647418251039 479.243966701197 -392.95147054273497 -29.14844675805158 -839.0674027134613 464.7170061533141 -295.8994596874589 -69.33501251123938 -787.0492832387262 505.31803439897715 -327.00222801563694 -54.01066645861303 -813.9402916362887 499.05417867606076 -280.5952673361752 -84.67632732058321 -829.9190791403148 497.1344007015222 -252.31500782827865 -92.46786118106213 -784.6076743969484 500.77984332699003 -311.8726532147515 -69.41551853687535 -847.4196950408295 466.7045325047866 -378.028954071524 -33.23169319971089 -779.1672298411098 504.2877373225556 -384.12824911864186 -29.180652835970676 -780.1437160220758 517.875568160245 -355.0742571077239 -39.6415563240944 -827.1521168349085 492.04651751967714 -289.6575689106833 -74.03129366315456 -817.2229511971289 513.8778701114305 -333.31317980330437 -49.908660551209884 -836.8674411973025 472.4510864180211 -304.75170527561085 -73.50001594776248 -825.0239409282779 481.29716204366554 -286.364809267492 -82.0440503016185 -856.4595339438639 449.9890201127824 -292.10635192214767 -78.72432370625211 -786.5523578970494 519.4604725998745 -254.92005175462057 -96.74896796208274 -832.5711829937231 483.02735894543116 -298.0414819443338 -63.946074979797736 -806.0887131528343 501.2570064184978 -376.0064752186246 -18.694645685778394 -845.5909765036912 476.0722585462808 -315.61962064815253 -52.66449514847603 -773.988954554555 507.31912750265 -373.8985852749284 -25.01870600641775 -844.3477181681836 457.19352735878687 -387.9705512044059 -16.703644066060676 -771.1288354424719 503.98004031459 -408.04478574045345 -15.145520119545777 -774.9192187071296 521.3432141840627 -356.23009438161415 -44.72549939346524 -859.295254145962 455.5541885113723 -355.2666466500862 -33.85834966445848 -780.6246866372089 508.3716635401226 -320.11106232868974 -67.00969047280317 -879.7904430688609 442.56573066488465 -348.9505907609394 -42.77292436743485 -776.315098069832 512.4761097964175 -298.5001652339344 -78.76038821087859 -822.1519476386343 495.7734617461737 -284.42075698101854 -75.70552954251835 -879.5906370598063 446.4077451764789 -316.63699472057664 -61.1943660357006 -791.6253436646614 501.2602396839061 -379.4819570245731 -25.822706778355734 -821.9513567093861 487.8192046242171 -288.8422229307028 -85.99350034146781 -786.9454157852371 514.0608409712563 -408.443262884827 -20.94101128532328 -807.681885211673 495.4615887004932 -322.5931978683341 -60.85987145239712 -808.1522381819576 515.6533087166483 -274.8885318400829 -84.41234578261773 -872.9964985885135 444.9002930218317 -289.79492316532526 -68.00647710645312 -855.305218397746 470.24240143677804 -343.13576844973784 -38.633431306098764 -867.9372836171729 455.5711161387329 -344.65285090854593 -50.01453476846511 -809.8033092398625 487.6259870097276 -338.40759133906124 -50.951860236552825 -793.295538320775 497.3899147660107 -384.448199009575 -23.29017885701444 -799.5812870184133 508.9256750549514 -277.94858744218624 -77.81514580916351 -802.6787051609685 489.73977933902876 -302.50166475128844 -65.42716065809594 -856.5335228687768 459.9685006501366 -321.2418749738596 -54.32787273752658 -849.4437104480171 453.16203046766 -265.19507165492774 -91.37605623771283 -791.1953153353404 508.3629174887316 -342.7252673442239 -44.65341254727856 -817.7681635452119 484.77710342002354 -362.51640145902223 -31.27668183536994 -829.827335974154 504.02520957992215 -337.042540871558 -43.52728341255737 -853.5881539912868 464.1426417353771 -308.9168989862631 -75.77836634740882 -792.2202631789203 516.5282804090683 -259.4531530029424 -91.36807461506633 -822.7262159196487 510.132145712721 -372.65368458872166 -33.88163618697053 -832.1485629285718 464.6930033853919 -336.86829569049775 -57.3712278860114 -824.9940825794749 475.6933125412188 -270.52032645313284 -91.09027859905132 -837.1763307102074 479.1595520058375 -417.5296143663735 -5.859016056626652 -827.2066174565095 471.37600286755867 -310.55401616852635 -58.53201421455855 -808.1248982572735 491.63630229399047 -300.11103322983274 -71.51771660124562 -863.3139989246413 451.15758385082546 -384.78849657550046 -35.986551659783075 -866.996037656031 447.44993769995114 -329.12507451862837 -64.999068053486 -816.622324553003 492.12115401166704 -402.4707437816624 -22.298003336527202 -862.4081375915721 462.84785094676215 -399.66261797558525 -28.482131346668062 -819.8241296744764 505.2802494024156 -331.25702316060114 -57.12595680359758 -841.6420241298963 453.2804531670107 -330.85721621263895 -45.64764942324167 -833.9333026641649 468.97683413304696 -360.5808411097751 -38.31382053625853 -875.574162505056 451.7112646962897 -368.2751021506766 -26.408566480096983 -851.4436520001885 457.23724435894457 -422.8726281125795 -6.014570160372056 -831.1769937657618 477.47870350615676 -362.75626656211875 -25.38728691533995 -799.4937189892293 504.69026804240576 -308.55464137316574 -65.23972224194 -844.0469960447755 461.3160213885698 -349.4292296262924 -36.884288914834556 -790.0485588735158 491.3285622448647 -368.05840631535733 -31.901911786965428 -821.7143571833112 501.2490898824027 -304.9842832536036 -59.391596216618936 -795.5605495282841 493.0280851800101 -268.5471716962803 -85.7458599903379 -811.2187327563197 510.62316509144154 -414.009689976605 -12.761867985514744 -799.4583290595331 517.0971559043892
1600.0048193674556 1.758278228075014 2.4865809165689816 0.8791391140375108 1.7582782280751847 1.9658148206669004 0.8791391140374247 0.8791391140375371 1.7582782280751679 0.8791391140375494 1.7582782280749185 1.9658148206668178 0.8791391140375369 1.7582782280750813 1.7582782280749913 1.7582782280750335 0.8791391140374935 1.7582782280749825 0.8791391140376686 2.486580916568994 1.7582782280750984 1.965814820666828 1.7582782280749243 1.7582782280750737 1.7582782280751805 0.8791391140375333 1.758278228074945 3.6247834267885546 0.0 1.7582782280750533 2.4865809165692143 1.7582782280750344 1.7582782280750289 1.7582782280749902 0.8791391140375265 1.9658148206668324 0.8791391140374623 0.0 1.7582782280749907 3.6247834267886465 2.780081980501167 1.9658148206668484 3.6247834267885635 1.7582782280750027 3.6247834267887185 1.7582782280750007 2.4865809165690083 1.7582782280750533 1.7582782280750209 0.8791391140374897 1.965814820666892 3.6247834267886474 0.8791391140375998 0.8791391140374626 1.7582782280751912 1.9658148206668098 0.8791391140374764 1.758278228075042 0.8791391140375211 0.8791391140374474 1.7582782280751317 0.8791391140374917 1.758278228075009 1.7582782280749907 0.8791391140375003 1.75827822807496 1.7582782280749023 0.8791391140375474 1.9658148206666746 3.6247834267886323 0.8791391140375022 1.75827822807504 0.8791391140375816 2.48658091656912 1.7582782280749485 3.6247834267885826 0.8791391140374702 1.7582782280749947 1.7582782280749187 3.6247834267886456 0.8791391140374443 2.4865809165690345 2.4865809165689075 2.4865809165691184 1.9658148206669617 0.8791391140374701 0.8791391140374464 2.780081980501024 1.7582782280749147 0.879139114037584 1.7582782280752092 3.6247834267885923 2.4865809165691113 1.758278228074978 0.8791391140374561 2.4865809165690647 1.965814820666934 0.8791391140375147 0.0 1.7582782280750313 1.758278228075107 1.7582782280750555 1.758278228075105 1.965814820666904 1.7582782280750935 3.6247834267885497 2.4865809165691024 1.7582782280750615 3.6247834267886514 1.758278228074983 0.0 0.8791391140375727 1.7582782280751583 1.7582782280750755 1.758278228074868 1.7582782280749871 1.7582782280752187 0.8791391140374802 1.9658148206668014 1.9658148206669073 0.8791391140374404 1.7582782280749887 0.8791391140374554 0.0 1.7582782280751892 1.230794759652491 1.7582782280750067 1.9658148206668564 0.8791391140374542 1.7582782280750846 0.8791391140374574 1.7582782280750329 3.6247834267884613 1.7582782280750715 0.8791391140374494 3.6247834267886105 1.7582782280749873 1.7582782280750646 1.9658148206669408 1.7582782280750113 1.7582782280749218 -279.209217545271 -90.71997269020062 -814.8127415427335 481.4912542410819 -393.5761554001413 -28.400890777339534 -835.4059693020665 466.3947733634776 -299.19633741732196 -67.81116554812313 -784.2582477087202 506.3360209878068 -330.5629470809129 -50.663323115124484 -811.4052481512639 498.78228761978403 -283.5749086317548 -82.85120820023928 -828.1779724212247 498.45328971502386 -253.74394285044366 -91.14445164985318 -780.9460597760186 502.457232170662 -313.94301357804903 -68.02815022573972 -844.193570464924 468.0526769035276 -381.19925724810827 -28.86953658629145 -774.4109184949418 505.4242350590715 -387.04236052023924 -26.530952314170506 -776.6036344187859 517.5428470774201 -356.5155637365594 -36.983711673226225 -825.6669604512649 492.0754681860395 -292.6309207383891 -71.48965884962428 -814.5534350637898 512.8858113673634 -337.07229318075497 -48.08611695038837 -833.1611299608869 473.88872062928255 -307.52170000809207 -72.13359398739823 -821.708013127756 482.164876972016 -290.23880182020747 -78.32179214133158 -853.1886444901537 451.0975616565776 -296.4773683090593 -74.81564359455896 -782.7114519510295 520.1776297926381 -257.2712100674037 -94.25782871344227 -830.7404372424224 483.8661540056986 -301.1708467511553 -62.23807074142979 -804.0786150913086 501.13550545668136 -378.01799441846913 -17.843435622471684 -843.1456003810383 476.2806956438077 -319.58884269347703 -52.45680891662678 -768.9318139132354 509.50548768379974 -376.78459597767204 -24.295598299228907 -840.6572862029948 457.38630639594066 -391.65202068832815 -13.407451038598676 -767.2431052876361 504.45712907526837 -411.7906552925426 -14.378115303348356 -770.463731907838 521.4298328196471 -358.5632514203522 -42.89447338936624 -854.7188383748609 457.6523426677195 -359.0984508716497 -30.73432721583087 -776.3484885605155 509.4185169025219 -321.14520908342575 -66.65966190408321 -875.9504263701698 443.2868995447278 -350.9095402283159 -39.92515958683448 -773.0887687730764 513.8237842124284 -300.9398573824273 -77.05851397522926 -819.8858908327423 496.9419445911974 -287.05849019984186 -72.81664215339362 -876.8906337655245 447.90872076239805 -319.0361979235731 -59.441348808134784 -789.8393614380911 502.3389972876396 -381.8477585279605 -22.707396569826564 -818.7250809108587 489.1670054709126 -291.81807443275494 -84.15402056567757 -782.0546382669636 514.4771743841193 -411.503263426019 -20.262289694523183 -803.5850114969029 497.4687497912081 -325.8493152850462 -58.57755097842217 -806.0076607268961 514.8116304156267 -277.53916701325096 -82.23777443708639 -867.7907805386392 447.6151728623005 -293.96572212182076 -65.29207502879838 -853.1290877488614 471.8914058800828 -345.96844514027737 -35.93950423900473 -865.747368965978 454.49034769564713 -348.349705662396 -46.774287163277066 -806.007246920391 488.5832718666791 -342.95895985225036 -47.17878003247146 -791.375088159642 497.74850437281964 -387.60541880159116 -19.56650847745526 -796.2653232387272 509.7932726298608 -281.1025737225631 -75.46229254768794 -799.2730894661743 490.1272833503658 -306.47315313914737 -61.807695523642764 -853.352351610868 461.55706496299115 -324.513581438819 -54.10258931432937 -846.1727643663052 454.27031887891343 -268.8845454253327 -89.59866915495243 -789.7997997069809 508.87191348014073 -344.5845917001149 -41.21267729132142 -814.541887023819 486.1248908304941 -365.4916933940309 -28.691989652099654 -827.6379033520013 502.94354477930426 -339.88311794968325 -40.50287092228223 -850.7973315140308 465.16117137706095 -312.20642153694047 -73.54663876091472 -788.8146484986755 516.9157430748953 -262.67700581681726 -88.38113100947751 -819.096467201998 509.31943877509156 -373.88918814877985 -34.33179595606421 -828.3525495559189 465.65053493465655 -339.0651849026995 -55.41909382782617 -820.5068330758415 478.2703986564836 -275.1004575838976 -88.11848365799132 -834.8654799141531 480.0880553417977 -420.96915649212855 -4.222597450564209 -825.1647776315914 473.7448189580982 -314.17055657378796 -57.30630579146267 -805.3787081739521 492.89438456424676 -304.62333044996956 -67.75060376199949 -858.782757599278 453.4961399396889 -386.70644943439254 -33.778359527601125 -860.8899625766535 449.338497355936 -330.8412420086951 -63.94074346636953 -813.8313129282797 493.1392078915423 -405.7045306782481 -19.89096768254026 -859.5276096795085 463.38667600983376 -401.5308089454141 -26.221491081372797 -817.9036934807474 505.63888287940506 -333.13184873132565 -55.536741672437756 -836.8858841812694 454.41757632964715 -333.7592739887085 -44.36599697712229 -831.1423666669923 469.9950452499598 -363.57032579216707 -35.74768554778654 -872.6939023350188 452.25108202644196 -371.4135422830534 -23.96086772288091 -847.5580032583254 457.71518766656214 -425.6565663704835 -4.408323407464884 -828.3860248892472 478.49686743017315 -366.7371205216165 -22.383471313949382 -796.0881089250531 505.0777510082902 -312.1788899509065 -63.3356362296399 -841.6913628987967 462.0046484526466 -352.42776935021374 -34.33864224487388 -785.6827189282365 491.89532708098386 -369.90796170737394 -30.93124298264989 -818.7440417317005 501.3069473853595 -308.4233905604937 -55.23693811975206 -792.679874416024 493.56597649120846 -270.8717610468563 -83.22722044638212 -807.8579494777613 511.250732835788 -417.0858425771715 -10.841461650639921 -796.8784723500811 516.5851670888721
1610.0048193674556 3.6247834267885914 1.9658148206667938 0.8791391140375704 1.9658148206668258 0.8791391140374438 0.879139114037482 2.4865809165690678 0.8791391140375326 1.7582782280750227 1.7582782280751266 1.7582782280750717 1.7582782280750926 1.7582782280751061 3.6247834267886994 1.7582782280750275 3.6247834267886723 0.8791391140375777 0.8791391140376668 1.7582782280750215 0.8791391140374278 1.7582782280750238 1.9658148206670063 3.6247834267886385 1.7582782280749392 2.48658091656896 0.8791391140375253 0.8791391140374513 1.7582782280749272 1.7582782280750404 1.7582782280749139 0.8791391140376007 1.7582782280752163 1.7582782280750902 0.8791391140375138 1.7582782280750173 0.8791391140375422 3.6247834267885763 1.758278228074891 1.7582782280750011 1.9658148206667185 0.0 2.4865809165690647 3.6247834267885892 1.7582782280751121 0.8791391140374801 0.8791391140376192 0.0 0.8791391140375905 1.7582782280750762 1.7582782280748783 1.9658148206668298 1.7582782280749447 2.4865809165689656 0.8791391140374737 0.879139114037594 1.9658148206669468 1.7582782280749998 1.7582782280750247 1.7582782280750564 3.6247834267887544 1.7582782280750928 2.4865809165690105 1.758278228075034 1.7582782280749654 0.8791391140374505 1.7582782280748497 0.8791391140374634 1.75827822807502 1.9658148206667319 1.758278228075115 5.2748346842250875 0.87913911403752 0.8791391140375703 0.8791391140374151 2.4865809165690766 0.8791391140375706 0.8791391140374337 0.8791391140374898 0.0 2.486580916568939 2.4865809165690393 1.7582782280752265 1.758278228075006 1.9658148206668438 1.7582782280750469 0.8791391140374394 2.4865809165690087 0.8791391140374851 1.758278228074973 0.8791391140376102 1.9658148206668404 1.7582782280751306 2.4865809165690194 1.7582782280748928 1.7582782280749567 0.8791391140374742 1.7582782280750073 1.7582782280750762 1.7582782280750346 0.0 1.7582782280750688 0.8791391140375749 1.9658148206668589 1.7582782280749574 1.9658148206668014 1.7582782280748248 0.8791391140375145 0.8791391140375188 1.7582782280750862 1.9658148206669523 1.7582782280750884 1.758278228074912 1.7582782280750724 0.8791391140376058 0.879139114037478 1.7582782280749714 1.7582782280750384 1.7582782280752345 3.6247834267885812 1.758278228075045 1.758278228075038 0.8791391140375111 0.8791391140375517 0.0 1.2307947596524904 1.7582782280750642 1.965814820666789 1.758278228075174 0.8791391140374566 0.0 1.7582782280749714 1.7582782280749767 1.758278228075031 1.7582782280751421 3.6247834267885595 1.9658148206668158 0.0 3.6247834267885537 1.9658148206667578 0.8791391140376137 -282.3446315381207 -88.34095343363934 -811.3304519546715 484.1289214888898 -395.1753866326988 -27.186422994386326 -833.9656293769527 466.66377368012604 -303.31796820384915 -65.02103239616764 -781.2431010732718 506.1537130519283 -335.63836157877745 -48.047535064187 -810.0097341556406 499.29129159999957 -285.8250886176677 -81.65810243498713 -825.2973071346172 498.9912216251418 -256.57448995902865 -88.45644310424194 -777.1499736471279 503.4144381916394 -317.5143954602661 -64.68700342683671 -839.9174413459409 469.09983647291773 -382.947900039596 -27.147446734083182 -769.6097832302505 506.3206688190951 -389.04159333901526 -25.64263219754467 -772.8523695842937 518.740107701026 -360.00848185540116 -34.8529633752703 -822.6069822331441 491.65318002892946 -297.6293280850887 -68.19995176786075 -810.2772471330982 513.932701098407 -341.11462357882436 -45.833617956260305 -829.9348568834364 475.2365382404661 -310.2830138752556 -72.09884001516228 -819.2307947206177 484.86331946752233 -292.4895241299982 -75.74028401210224 -850.2025493816072 452.4008733373852 -298.8950771248974 -73.77510840967211 -779.9523097727619 518.70539422222 -260.6322208012285 -91.4118442686275 -826.3746143967735 484.43304182865376 -303.19530801411304 -58.07030156398852 -801.722874106476 501.8237943404797 -381.56162985934276 -15.073546281069193 -842.0956965469984 475.979935749408 -323.50601474004776 -50.79304065509119 -766.0511325928481 510.0433470673257 -380.46372014776983 -21.011625546846822 -836.6805516436394 459.3712921121922 -394.8425992989695 -10.94214798627657 -763.3125536250318 504.6941613400998 -415.1390817801644 -10.781768605474337 -765.9186018559269 521.0363379912892 -360.7305591284629 -41.54588952185991 -851.883059134682 458.430667094908 -361.7091898294169 -28.473179886989264 -773.9030992929293 509.62667734969864 -323.51644044082155 -64.87545908912878 -871.8543679402969 445.2957308816094 -354.9291476159482 -37.60773454416477 -769.5935090403093 513.7311167143392 -303.8647366435992 -75.14306081471253 -817.4405022146665 497.1501579884268 -291.20437927991946 -70.06440857991409 -873.0948192436008 448.86745191848115 -322.0736498672686 -56.93919312185808 -786.9586807679417 502.8768618988877 -386.1649591613732 -18.992196449289143 -816.8046304142188 489.52561568735223 -293.5526747082926 -81.74169580088169 -778.1240871136495 514.7142096879851 -413.09573428298984 -17.793777080936426 -799.788930310484 498.42598063630516 -327.5186800869029 -56.807434450776256 -800.6815961728465 515.5576844112563 -280.67914893198605 -79.84731745630206 -865.5250702400696 448.78406214491446 -297.916434834753 -62.33112563516135 -850.5940259724972 471.6197114294501 -349.6831283196894 -31.392722948828627 -862.0860998864731 456.16853069590445 -352.05817403507587 -44.86489264137359 -802.2111700282127 489.54050526818065 -347.0276211416453 -45.59510003616494 -788.0591168333483 498.6160735224694 -391.8901254894096 -17.36147640866272 -794.3896922359568 510.3919094799138 -284.91700943023335 -73.0696934145467 -794.7727835085133 489.97387424056916 -307.98526627451315 -59.195563068114026 -849.5115256353397 462.27469074334806 -329.73892640595 -50.29921754381613 -841.8069535617079 454.8374954767201 -273.24410155851467 -87.07979056481905 -787.3095883036253 508.8400209017361 -349.5878287202008 -37.823174025788106 -809.9648903293313 488.2216865812376 -367.76417661649884 -26.778754818142776 -824.232297021244 503.3310795576551 -344.0636791808774 -37.693926917974856 -847.0461951567723 466.35882286059604 -315.30395008102295 -72.4729889439515 -786.2347930783652 516.4037355457519 -267.7054669904392 -87.27388114619302 -816.3950958158412 510.8175676798701 -375.9064235109418 -31.562568473719967 -824.8703266303482 468.28827915524124 -341.25163165100486 -54.11852857382069 -817.9399663010746 480.4887247995012 -278.24183235121234 -85.74151968480781 -833.8155915620054 479.78727777647515 -425.44842019962664 -1.4682267012676398 -821.7721859250015 476.8626493431817 -317.71839051617076 -53.94141053713681 -802.5876796084552 493.9123806317366 -308.4128283985682 -66.68182176056929 -855.4669164351006 454.36429808534945 -388.9550935336378 -31.835941459461015 -857.0940815880151 450.29653103062344 -333.3600374781125 -61.62070889822606 -811.5652284513318 494.30762470931586 -408.169198158871 -18.709494045755623 -856.2117508520545 464.25475522061873 -403.01697085484443 -25.533237937471778 -814.4980818525439 506.026384934023 -335.3029107887746 -53.5567335844129 -833.7493066879748 456.24558700800145 -337.5822698871558 -41.257001420351415 -827.8712658394214 471.1028058103177 -366.34700766740343 -33.6299912476289 -868.8532003833349 452.9694018870834 -374.37066579660706 -21.98864584680918 -844.6325329111934 458.01329426320666 -430.47565752812636 -0.6163853129737844 -825.1149076638736 479.6045989002638 -370.1894188044578 -20.19030880063615 -793.7323656598109 505.76603077798234 -315.2310850361187 -60.17505892978044 -839.3356698531551 462.6930854449382 -355.2539979450291 -32.24810418730916 -782.846861610523 492.67324931455676 -372.8129226719164 -28.266632549267868 -816.2986587701253 501.5151462346027 -311.6545133885706 -52.92492488257147 -788.8837915242373 494.5231950417316 -273.83123387232433 -81.37143163659535 -803.9722236257619 511.7278484895394 -420.7052964115274 -8.063639913810047 -793.2039232793792 515.5322839199462
1620.0048193674556 1.7582782280749707 1.965814820666735 1.7582782280750673 1.7582782280748317 1.7582782280750093 0.0 1.7582782280749971 0.8791391140375853 2.486580916569034 0.8791391140375066 0.0 1.9658148206667274 0.8791391140375474 3.6247834267885386 2.48658091656899 3.6247834267887185 1.7582782280750204 1.7582782280749465 1.7582782280750398 0.8791391140375603 0.8791391140375018 1.9658148206668904 1.7582782280750797 1.758278228074891 1.7582782280750526 0.0 3.6247834267886194 1.965814820666722 1.758278228075004 1.7582782280750187 1.7582782280750122 0.8791391140374557 1.7582782280749951 1.7582782280749196 0.0 1.7582782280751166 1.9658148206668529 0.8791391140374611 1.7582782280750777 1.7582782280751597 0.0 1.96581482066668 2.4865809165690362 1.9658148206669488 0.8791391140374838 1.758278228075216 1.7582782280750069 3.6247834267886905 1.7582782280750135 0.0 1.7582782280749942 1.7582782280751568 0.8791391140374574 3.6247834267887695 2.4865809165689425 3.9316296413336307 1.758278228075078 1.7582782280750364 1.758278228075071 0.8791391140374238 1.7582782280750064 1.7582782280751508 0.0 0.8791391140374838 0.8791391140374896 1.9658148206669073 0.0 1.9658148206669124 1.96581482066679 0.8791391140374626 3.6247834267885577 1.7582782280750482 0.8791391140375185 3.6247834267884476 0.8791391140375288 1.9658148206668793 0.8791391140375457 1.7582782280749516 1.965814820666814 1.7582782280748677 1.7582782280750626 2.4865809165691672 3.6247834267886696 0.0 1.9658148206668888 1.758278228075002 0.8791391140375032 3.6247834267887344 1.75827822807505 0.8791391140376161 1.758278228075032 0.8791391140375937 1.7582782280750717 0.8791391140374873 3.6247834267885635 0.0 0.8791391140374384 3.6247834267884804 0.8791391140374641 1.7582782280749898 2.486580916569081 1.758278228075104 1.7582782280750504 2.486580916569087 2.48658091656904 1.9658148206669792 0.8791391140374685 1.7582782280750933 0.8791391140375232 1.965814820666766 0.8791391140375608 1.7582782280752027 1.9658148206667854 0.8791391140375197 1.7582782280750726 1.7582782280750258 0.8791391140374916 1.9658148206668373 1.7582782280750402 1.7582782280751426 1.7582782280750342 0.8791391140375012 3.6247834267886416 0.879139114037517 3.624783426788649 1.9658148206668953 0.0 1.7582782280751321 1.7582782280749727 1.758278228075024 1.9658148206667938 1.7582782280750848 0.8791391140374384 1.7582782280751896 1.7582782280749916 1.7582782280749503 2.486580916569016 0.8791391140375627 1.965814820666824 1.7582782280748008 -285.95530604652043 -85.73860629420012 -807.2335522630872 486.1360219596216 -396.2008284116912 -24.27208898132903 -830.2592290106278 468.1011933447162 -307.0287106512202 -61.81169584647821 -776.877257583249 506.72044639538467 -338.6453623372631 -43.538772491639946 -806.6041195371475 499.6787533916543 -287.87663246023425 -79.56100407556343 -822.2373360966698 498.5688950731557 -260.57076472395863 -86.25508333575799 -772.7841301109247 503.98117157482073 -318.6981205854281 -63.7836584809421 -836.3455390875883 471.2574495746981 -384.6614371272613 -25.387239287142133 -766.2938100232911 507.18822843246386 -389.9758030649836 -23.274033184774588 -768.3520611302991 518.5866699521819 -364.13780455113664 -32.58002982622883 -820.5072333583934 491.0515517463377 -300.34095139630705 -65.37812907535009 -807.6077464515907 512.9405877284511 -343.26631679750443 -44.487254592030105 -828.148893267906 476.31531486574255 -312.969921558633 -69.26222118257317 -815.3450723847657 485.34045465433246 -294.52933699209973 -73.63804119374396 -845.5360070565324 454.0178263123171 -301.78420053612206 -71.81292544558691 -775.0615311286504 519.1217140531834 -264.46235583776405 -88.34046837345385 -822.6233687575641 485.63036473185366 -308.30879248290074 -55.49970622807326 -798.3172580465181 502.2112479399212 -384.55450566490117 -12.45525667543972 -838.690090459029 476.367504474833 -327.35934225362826 -48.36101899044622 -761.3396402862207 511.4198929052883 -383.64700598334133 -18.54986862769258 -832.3291936163912 460.68077875080076 -397.87495734048275 -10.16671883162999 -759.260461327989 506.9412910550432 -417.9591993539695 -8.617753368976487 -762.1225150417811 521.9935405942787 -362.8783632861074 -40.1526647389341 -846.6915537393205 459.89722994073907 -364.25346688662034 -26.149720603223013 -771.6369964076997 510.79506397805216 -325.8626649424064 -63.053443435161974 -867.8789929621405 445.29343156399324 -358.56869706747966 -35.57330272333428 -766.8024709726856 514.7490897222955 -306.08530322424986 -73.8884844030156 -814.9951131784794 497.3583382972967 -295.1375530792361 -67.74778358490128 -870.169375498589 449.1658198257592 -323.8707729923928 -54.610766465254926 -783.5978861846268 503.5043664748364 -389.1217925332529 -17.58651759040788 -812.8740804988446 489.76268137639653 -294.5570936900576 -79.30541633809389 -774.103892236036 514.4711290119064 -417.0916064355713 -15.289492492564666 -796.2040257536889 497.853208388216 -330.00342203806304 -54.437236117836484 -797.5768058045767 514.8952662788929 -283.0774391777103 -76.72237564934017 -862.4334546557845 450.85228167722124 -301.4682151836768 -58.964818582985004 -847.6237153121405 471.6776379243813 -352.6357610716873 -29.415885664664543 -860.4347700058248 457.9675881076541 -355.8505138373347 -42.33515592264876 -796.705812397382 489.3263136781669 -349.2618020825815 -43.020451120117684 -785.2232577219653 499.39399194343895 -394.53827525699654 -16.315226925254944 -791.4641893477883 510.6897154132175 -289.037636199486 -70.94320691977798 -790.7655173899659 492.4610679773466 -312.73600688807795 -56.62021196791833 -845.414726228276 464.2820212725747 -333.5138744973223 -46.79843836691255 -837.0058611631811 455.7341899811566 -277.21146086085474 -84.13499675335345 -783.9936154445608 509.7075817738605 -352.6835556342614 -35.3299431422321 -803.8578904973549 490.1072556725501 -370.6044310914657 -24.051808882125307 -822.7471360573238 503.35997121366734 -347.0826891537326 -36.42921757900827 -842.4244307247333 468.2157161365022 -318.4905863777192 -69.44255783858569 -781.5103761626386 515.0500153825209 -270.9854065372063 -85.72071729325368 -815.1788723811779 512.2867882183938 -378.8135315784741 -29.517677659067665 -821.6440252630953 469.6360168408055 -343.05142684213064 -52.45761989069606 -813.2733164474884 482.1053830398644 -282.3776787458919 -82.96330671584458 -830.9349243647009 480.3251993087587 -428.5624426387632 -0.12205164153790687 -817.9761122141734 477.81991114499624 -320.539086691061 -51.23272244611411 -799.617355175019 493.9701352991207 -310.1088083773169 -65.59792197249635 -851.8054376255385 456.04196043460644 -390.06080003679415 -30.841391359069164 -854.962628812626 452.1852530592783 -335.1799670390992 -59.97736833489467 -808.5949048128831 494.36539060315374 -411.7817337590996 -17.14278168834234 -853.7663840480594 464.46310661601683 -405.77113155046123 -22.721614962052243 -812.6672766441415 506.8650830383824 -337.4324486240594 -51.53913885415427 -829.0378549356019 457.622290882067 -340.98121184572324 -37.74164481968214 -824.7794471476499 473.17071050656233 -369.9501843973758 -31.544290454599857 -867.112189326505 454.2884624284131 -377.68433325121083 -19.02437220155257 -839.9211098685486 459.3901117168173 -434.1374236318385 1.6016030865890278 -822.8488241705433 480.77302191064405 -372.2157781606956 -18.058585076182133 -790.4163934080465 506.63359361025476 -317.88589945840613 -57.301295290390144 -836.9351183745313 463.14139024114695 -359.0141919939332 -29.659264919459034 -779.0955968141812 493.87051068728215 -375.14720881562374 -25.767608971502856 -813.3283342089342 501.57291111174817 -315.72053772174144 -50.69208861869882 -784.6075923025644 495.5700455504848 -276.4068976953652 -78.43354010314694 -800.8226103211878 510.82537502380393 -424.4020887721519 -5.936343125223581 -787.8778531828226 516.2783074476824
1630.0048193674556 1.7582782280749703 1.7582782280751965 0.8791391140375356 0.8791391140374656 0.8791391140375724 1.7582782280748475 0.8791391140375305 1.7582782280749647 0.8791391140375568 1.7582782280750089 0.0 0.0 1.7582782280750453 1.7582782280748614 1.7582782280750826 1.7582782280751388 1.7582782280750706 1.758278228074987 1.758278228075038 0.8791391140375173 0.8791391140374739 1.758278228074943 0.8791391140374909 1.7582782280750444 0.8791391140375026 1.7582782280749536 2.4865809165690806 3.6247834267886963 0.879139114037568 1.7582782280749507 1.9658148206668284 2.486580916569161 3.6247834267886323 0.8791391140375673 3.6247834267886314 0.8791391140374586 2.4865809165690465 2.486580916569064 0.8791391140375454 5.274834684225169 1.7582782280750318 1.758278228075092 2.486580916569028 1.965814820666821 1.7582782280750118 2.486580916568864 1.7582782280749718 0.0 1.7582782280750806 0.0 3.624783426788633 1.7582782280750382 0.8791391140375551 1.7582782280751283 2.4865809165691077 0.879139114037565 0.8791391140375693 1.758278228075094 1.7582782280750633 1.7582782280750997 1.9658148206668657 1.758278228075074 1.758278228075052 2.4865809165689945 1.7582782280750258 0.879139114037675 1.9658148206669004 1.758278228074922 2.4865809165690513 1.7582782280750877 1.7582782280749945 1.7582782280748381 2.4865809165690886 3.6247834267886034 0.8791391140374881 1.7582782280751574 1.7582782280749762 0.0 1.7582782280750235 0.8791391140374187 1.7582782280750533 3.6247834267887313 1.7582782280749618 0.0 2.4865809165690225 1.7582782280749094 1.7582782280750517 1.7582782280748304 1.758278228075063 0.8791391140375039 1.7582782280750493 1.7582782280750129 1.7582782280750808 0.8791391140373701 1.7582782280749905 0.879139114037551 1.7582782280750449 1.965814820666926 1.7582782280749722 1.9658148206669008 1.7582782280750642 1.7582782280748577 2.4865809165690473 3.624783426788645 0.0 1.758278228075079 2.4865809165690345 1.7582782280750946 1.7582782280750087 1.758278228074911 1.7582782280749794 1.7582782280750786 1.9658148206667998 0.8791391140374657 1.758278228075013 1.7582782280751932 0.8791391140375773 1.9658148206669537 1.9658148206667998 1.7582782280749834 2.4865809165689385 1.7582782280749427 0.0 1.7582782280751112 1.2307947596524897 1.7582782280751994 0.0 3.6247834267887495 1.7582782280750229 3.6247834267886914 1.9658148206668737 3.624783426788681 3.6247834267885324 0.8791391140375826 1.9658148206668358 1.7582782280748308 3.6247834267886065 0.8791391140375178 1.7582782280749691 1.7582782280751206 -290.39845072955535 -83.22881634953474 -804.2184170837669 485.9536218335385 -397.668279661728 -23.54477427464985 -826.9432707388073 468.96879657624766 -310.34480656888945 -58.89337726808979 -772.3861290622918 509.28971252748545 -342.4125825924087 -40.965533060556695 -803.9026553598397 501.1766732568648 -293.13147837232265 -75.79205196640282 -820.3168777492591 498.92746314536134 -263.6677882437033 -83.82863320601142 -770.6045231617873 505.62978600675234 -321.44719971579303 -60.34600732246668 -831.5444171113439 472.15396289520817 -387.220899502229 -23.658982932530694 -763.1102185599102 508.7697383323644 -393.1168174449909 -20.757082827132837 -764.7051765047491 519.0047072314668 -367.1432054853799 -29.9780306856602 -818.0618417484978 491.2597223697056 -304.1920955305289 -62.290775830727455 -804.5925566171508 512.7581091618581 -347.39688469582296 -42.21220614912153 -825.8379758851996 477.2436601679413 -315.49257800080335 -67.59246910896739 -811.0688499639615 486.38728088141306 -298.58288304071414 -70.7327864095626 -842.175237899802 454.6454508309454 -304.0810715665401 -68.61973373116105 -771.6978870793737 519.7388409179266 -269.4539828348883 -85.71028901083955 -818.7824581206494 486.34753117747687 -311.09421911518814 -52.75161586771617 -796.051015939234 503.3794454589312 -387.1068624745898 -9.48093525771765 -836.7696443423567 476.7261178437837 -330.0915789462483 -45.56717939708609 -757.0622174392763 512.4472918629273 -385.8131655346759 -16.511703080667132 -828.1426596610416 462.2078096726568 -399.81852324202845 -7.9577776937552755 -756.0296296473102 508.43389887114836 -420.66973579585266 -5.761915327252468 -759.1532529092086 522.0309243211954 -364.83870893114414 -37.33924119800121 -843.990208672968 461.39541521065945 -368.12824403960803 -23.61403803728353 -765.4800041941284 512.4221941763577 -327.6630539029944 -61.38940109458138 -865.2674059215324 447.27184888533895 -361.6670696906024 -32.10973388014852 -760.0754903838526 515.9738651109816 -307.2579242913467 -72.9787420282786 -812.5497180554368 497.56646864954234 -298.30200484310126 -64.35442800995928 -867.0776968517505 451.23395175851635 -327.68188141009534 -52.1086525945315 -778.0145929893536 505.5367766532282 -390.8875395855744 -15.24933359748605 -810.5183252697068 490.45093455708496 -298.4360559630792 -76.24108291173432 -769.8241472548361 515.5079889293143 -419.1206505648237 -12.538269551524603 -791.9274486986657 498.8995438189119 -333.43824140426756 -51.590515310802424 -793.6460929923763 515.1320297325141 -286.96854821945993 -73.68404668564733 -858.2021492905283 452.1394192448121 -303.2591418431117 -56.63988280259481 -846.8428124653423 472.81716807367303 -355.42007860454373 -27.906947995190418 -856.1586243297237 459.0146471594182 -358.70925660425655 -39.620423227512894 -792.1734743897662 491.6624444828934 -353.00501879908643 -40.41532576668819 -783.1359118915201 501.5208905908209 -396.97722387447527 -13.869794316951113 -789.1084941186883 511.37788727804343 -292.61831529826975 -69.62387710427375 -786.1431405902097 494.31696662063985 -316.3294057788707 -55.90264446082067 -839.6533866113981 465.3579042077863 -336.9212982021311 -43.92630002827333 -833.7347356211594 456.8418884762975 -281.311229494312 -81.29419708268095 -780.2412628145407 510.9008285719706 -355.6671110716418 -33.98637409501986 -800.977167180958 490.6450029643936 -373.9094639155033 -20.59701453302858 -819.8664650447778 503.8978288398794 -349.5760993515836 -35.325708890838534 -837.6681362968448 469.352319068624 -320.7052959076898 -68.80646010003038 -778.1940979872895 515.9168659934131 -275.4277608739641 -82.54836749666332 -813.0342828663838 511.44503955111634 -380.7792182976767 -28.569243028701425 -818.4625297344649 471.2237682320199 -344.8119957156651 -50.746641423364856 -808.3376977237987 482.2816339810538 -286.9633972866255 -79.245774762536 -828.1438943164954 481.34319596608515 -429.9051311645528 2.5281221823373916 -814.704963632212 478.92751618080825 -324.6341950099749 -47.685253825230035 -795.821142554422 494.92695236985435 -312.91718327844825 -62.87510532248469 -847.5741130536899 457.32904396791383 -390.7557592649493 -29.53080984544116 -851.2114225703019 453.3826787098603 -337.60493630622244 -57.55578044041984 -806.674450019859 494.7239070817907 -413.7191241542378 -14.931196635702872 -851.9356009404636 465.3018600554912 -406.05654453015 -21.108723811198693 -811.2717582800857 507.3740307928069 -339.3873305624895 -50.00135982316937 -824.3712064997028 459.2389664824362 -344.9862258895058 -34.08599114147753 -820.637727245242 474.93776090678176 -373.05833405875967 -28.390137298166774 -864.4108918303622 455.7867339010948 -379.280608570662 -16.55659968379219 -835.6449331386473 460.4370680031902 -435.4926492584985 2.90878997550716 -818.6174521319514 482.0599503534382 -374.2266645822909 -14.68024231604255 -786.6648506271652 507.82858587778895 -321.67479335589786 -54.136049161229344 -832.2684813124191 464.7580855326021 -361.9444993537229 -26.369810543921936 -774.4278626880191 495.4815599842459 -378.8083693203774 -23.04282972327979 -812.1120880350298 503.04212649552073 -319.5482421268131 -48.19998748672897 -780.5549485726096 497.8154251371946 -280.3196042626367 -75.42004074341351 -798.4218683765558 511.2735847257962 -427.01833988263235 -3.616696909894661 -785.9573557525654 516.6356251808385
1640.0048193674556 0.8791391140374637 1.758278228075054 0.8791391140375112 3.6247834267884107 1.965814820666803 3.6247834267887002 0.0 0.8791391140374374 0.8791391140375859 1.7582782280748974 3.516556456150016 1.7582782280750044 1.758278228075081 3.6247834267886745 0.8791391140374334 1.9658148206668538 0.8791391140374843 0.8791391140374468 1.7582782280749987 1.7582782280749445 1.7582782280750509 1.7582782280749414 0.8791391140374512 0.0 0.8791391140374524 0.8791391140374152 1.7582782280751066 1.7582782280748697 0.8791391140375177 1.7582782280750446 3.6247834267886083 1.9658148206667874 3.6247834267886145 1.758278228075089 0.0 0.8791391140374762 1.758278228075054 1.7582782280751201 1.758278228075008 1.7582782280751696 1.9658148206668518 2.4865809165691855 2.486580916569033 2.4865809165691624 0.8791391140374603 0.8791391140375633 3.6247834267886234 3.6247834267886385 1.7582782280750215 1.758278228075057 0.8791391140374667 0.8791391140376488 0.8791391140375632 0.8791391140375043 1.7582782280749747 1.7582782280750517 1.758278228075046 1.7582782280750378 2.4865809165690282 0.8791391140375726 1.7582782280750007 1.758278228075042 3.6247834267886616 0.8791391140375329 0.8791391140375934 0.8791391140376484 1.7582782280749636 0.8791391140375441 3.6247834267885906 1.7582782280748412 1.7582782280750526 1.7582782280749447 0.8791391140374656 1.7582782280752138 1.7582782280749722 1.9658148206668924 1.758278228074992 1.758278228074914 2.486580916569089 0.8791391140374609 1.758278228074988 0.8791391140375686 3.6247834267885475 3.6247834267885914 0.8791391140374692 3.6247834267887913 0.8791391140375351 1.758278228075037 1.7582782280750622 0.8791391140375366 1.7582782280750289 1.7582782280750786 0.8791391140375103 0.8791391140377339 3.6247834267886194 0.8791391140375644 0.879139114037529 3.6247834267885493 0.8791391140374865 1.9658148206668318 0.8791391140375503 0.8791391140375252 1.7582782280749483 2.486580916568852 1.7582782280750693 1.758278228074872 0.8791391140374359 0.8791391140375663 1.7582782280750224 1.7582782280750264 1.7582782280750144 1.7582782280751317 1.7582782280749927 1.7582782280751734 0.8791391140375169 2.4865809165690527 3.6247834267886883 1.758278228075046 1.9658148206667805 1.758278228074911 1.7582782280750229 1.7582782280749185 1.7582782280750024 1.9658148206667394 1.7582782280750038 1.9658148206668924 1.7582782280750777 0.8791391140375056 1.758278228074993 2.4865809165690718 1.965814820666882 1.965814820666858 1.96581482066685 1.965814820666818 1.7582782280749647 1.758278228075029 1.7582782280750229 0.8791391140375115 1.7582782280749998 0.0 -291.959191533329 -83.337005079965 -800.7328767577354 488.58887785360633 -399.4169966711118 -21.19245479829323 -824.5874288896786 469.6567824016507 -313.3803756409933 -55.390041793614714 -769.1042101144858 510.36292447607474 -345.928543136612 -38.14884328241304 -801.8926539085039 501.0523982925268 -296.3371507698404 -74.08496531062714 -818.0505734401519 500.0946826218999 -268.13541880112007 -82.68341563519647 -767.1972001676716 505.9833886605101 -323.9843538887158 -57.38040436637821 -828.3179750308502 473.50140560964877 -387.41627478266366 -22.584572355172657 -757.2542799140033 509.29337624478603 -394.8698816610062 -18.409077370879345 -761.211193811689 518.8702083996602 -370.3986100247554 -26.941059001695077 -816.7554114761211 492.2482528467708 -307.45982445372795 -59.31924183541881 -802.1021624608377 512.7214074693154 -349.49512951704656 -40.76410988195544 -823.482206135504 477.93169039641964 -317.3332247243581 -66.6039191737425 -808.7131990686469 487.07402284235036 -301.48118489008596 -66.76665493673704 -837.9887013622988 456.17240700862453 -307.0464315890673 -66.02583489930747 -769.5206154217785 518.63521705695 -272.3053457560301 -83.0322162604241 -816.8617643425737 486.7054044803935 -314.46259094901217 -49.21494426828879 -792.5558403258136 503.27741303625317 -390.6191121141207 -8.436971503708188 -833.8889801934457 477.26383858022564 -334.52092176530005 -42.88910040147582 -752.1252094489616 512.5503607917017 -388.34807240544234 -14.746447075936524 -824.1224246038583 461.96459199148995 -403.1091539324165 -4.315653936274255 -751.1308989091921 508.7704028449111 -423.7716865582733 -3.193218645276762 -755.2607733542766 522.4512310803716 -367.51835265649987 -35.08742488936764 -840.6742248832662 462.2629790677272 -371.6693872567586 -20.170169093716105 -761.0249706351116 512.4576280721188 -330.18604979943007 -58.404600555241196 -860.6456310228216 449.1286820521826 -364.9425812883975 -29.081760984760717 -755.7445067301394 516.7223691813734 -308.928527081772 -71.84786140001336 -810.372218706586 499.21367624162497 -301.5507407740367 -60.71454611525142 -864.3315284210809 452.4920956982915 -331.2514557103293 -49.36342954234181 -774.6917799087556 506.38058187785185 -393.9065538360604 -13.233153068680128 -807.7714046911549 491.7073147916166 -301.9199507114904 -73.46934323380633 -766.2874247496659 515.1358183261449 -422.22282544295757 -9.969841133076192 -788.2607547514907 500.56693700905527 -336.2575100918998 -50.116151706652744 -791.2442750933674 515.5723070515849 -290.35739849516085 -72.14661951364134 -855.411144164487 453.1574620425321 -307.3380885178364 -53.08107841773425 -845.1783615892468 471.8857901995944 -358.39535651467776 -25.271847382876572 -853.3676078702847 460.03266107393716 -361.40519189109534 -37.38426457453314 -789.4698862831948 493.15220950683585 -355.9246519227079 -37.12322200700328 -780.2936259043751 502.2843276093805 -400.12744084359133 -10.428352449762164 -786.356660623825 512.6231826582849 -296.1129654718566 -66.8551847216544 -782.4767946883019 495.9811365484168 -318.50638914719195 -52.61706802556786 -836.3373752491442 466.22544053706406 -340.5205709407272 -41.81989182381384 -830.1179084422984 458.7591951529417 -283.8157167907936 -78.96039606947882 -776.395051342558 511.5924018858096 -359.29722497710685 -30.933383695338012 -796.788069691892 492.1640588722599 -376.94666488747237 -18.602767929654416 -816.6394660441626 505.24387425817224 -353.66987271272967 -31.719030196507113 -833.8271620182283 470.0693431364255 -322.22264225957133 -68.1857400040077 -776.7090555080819 515.9340858045975 -278.6042634992446 -79.499698345351 -810.455117046397 510.9308893885582 -381.0788577341682 -26.96096446470302 -813.3153211755947 472.92878809710106 -346.53852850954473 -49.00814263573624 -805.2000552375985 484.1069259255087 -289.48380980974366 -77.59811609539497 -826.1786396033621 481.46138283608684 -433.4812922051277 6.5671265595397355 -810.9086167679975 479.882802070622 -328.7148918866795 -44.73745784247699 -793.2056884253693 496.89813914472086 -314.33539713762815 -60.88329827904638 -844.6934471662452 457.866935011551 -392.3182429660828 -28.262358734630215 -847.8954476623051 454.2503110930871 -339.2300207411513 -56.36578306383394 -804.3182566736637 495.40942512790946 -416.24290650472733 -13.15056344629301 -848.4403457035 465.2092292369884 -407.12431043382924 -20.074786118165328 -807.7762773659297 507.2772602600284 -342.233592508644 -47.28534143781409 -818.0846937676458 460.16396271679724 -348.4833150007455 -31.2590968880594 -817.8463623837318 475.95514737814597 -376.19921501005734 -25.875613250432988 -861.0949394931847 456.65439159927433 -382.7038126191638 -13.627661241723963 -832.5081873313528 462.26474705346595 -438.3674405147464 5.705440902035328 -816.2614473076403 482.747863041145 -377.4602297838449 -12.833437509308355 -783.9556158254574 509.3149441172242 -324.76133456319326 -51.63370275656168 -826.5517697571757 466.0735534131871 -366.099845321932 -22.16526741398343 -769.833430037897 497.54725896207896 -381.9444738570823 -19.28952142050821 -810.6265763037617 503.06991578659927 -323.43517141593384 -47.00435832277735 -775.4388478001252 499.734211067225 -284.22562877693787 -73.7136352635286 -794.4899032978271 511.5019435149442 -430.39792363713644 0.566862693942444 -784.0354435898987 516.9837872356475
1650.0048193674556 1.7582782280750981 1.965814820666655 0.8791391140374704 0.8791391140375927 3.6247834267886434 1.7582782280748608 0.8791391140374548 0.8791391140375953 0.0 0.8791391140375416 0.0 1.758278228074865 1.7582782280750933 0.8791391140375661 1.758278228075056 1.758278228075038 1.7582782280750833 1.7582782280750366 0.8791391140374999 0.8791391140374818 1.7582782280749798 1.7582782280749027 2.4865809165690704 0.879139114037468 0.8791391140375637 0.8791391140374625 1.965814820666816 0.0 0.8791391140375763 1.9658148206668258 3.6247834267885493 1.7582782280751457 1.9658148206667374 1.7582782280751406 1.7582782280750116 0.8791391140375601 1.9658148206668449 3.6247834267887136 0.8791391140374498 2.4865809165689328 1.7582782280750517 1.2307947596525384 1.9658148206668384 3.6247834267888073 0.8791391140375431 0.8791391140376187 1.9658148206668304 1.7582782280748568 1.7582782280750087 1.9658148206668198 0.8791391140375511 0.879139114037383 1.758278228075074 1.7582782280751572 1.7582782280750118 1.7582782280749651 0.8791391140374464 0.8791391140375238 1.758278228075038 1.75827822807507 0.8791391140375708 3.6247834267886097 1.7582782280750122 0.8791391140375041 1.75827822807507 1.7582782280749407 1.965814820666756 3.6247834267885555 3.6247834267886385 0.879139114037577 0.0 1.7582782280749383 1.7582782280750187 1.758278228075194 1.7582782280749756 1.7582782280750067 0.8791391140375183 0.879139114037485 1.7582782280749758 1.9658148206667059 1.758278228075008 2.486580916568984 1.7582782280749945 1.7582782280749747 3.6247834267885626 1.7582782280751132 0.8791391140375618 1.9658148206668593 0.8791391140375289 0.8791391140375242 1.758278228074995 0.8791391140375082 0.8791391140375928 1.7582782280749716 3.6247834267885204 1.7582782280748879 1.7582782280750862 1.7582782280749767 0.8791391140375022 1.965814820666697 3.624783426788681 1.7582782280749643 0.0 1.9658148206667674 0.0 2.4865809165691686 1.758278228075011 1.7582782280752247 0.8791391140375708 0.8791391140374916 1.7582782280750393 1.758278228075163 1.7582782280749754 1.7582782280749643 0.879139114037522 1.7582782280751348 1.7582782280749931 1.9658148206669803 0.0 1.7582782280749263 1.758278228075039 1.7582782280750018 1.9658148206668404 1.9658148206669424 1.9658148206668293 1.965814820666888 2.4865809165690576 1.7582782280750318 0.8791391140375515 1.965814820666745 3.6247834267885892 1.9658148206667734 0.8791391140374331 1.7582782280748908 1.965814820666838 1.7582782280749623 1.9658148206667998 1.7582782280749487 0.8791391140374585 0.8791391140373463 -293.4811661657242 -82.72315230698617 -798.1971662933081 491.03396308377756 -401.55126356065153 -19.125927358789543 -821.6176705373658 469.7115150931655 -315.36902514155514 -52.593694631656874 -765.7347430996446 510.94363114653845 -349.37591802104527 -36.48727280085413 -799.8850064607248 500.9198262645813 -299.0911977173906 -71.29783517979502 -816.0407750352256 499.96804396894504 -270.8960223857779 -82.5561657222372 -764.3091221642146 506.48118751756783 -326.5320989813821 -55.04579176769207 -824.8232364872692 473.4062175790809 -389.16218190211043 -20.230755887464042 -754.7645456791575 509.22410333558645 -396.80836215529285 -16.197992834426508 -756.8373110913988 519.3728948605868 -372.6429282634668 -26.79455493573977 -815.270814574873 492.27291128660084 -309.40303526211864 -57.76490930695058 -798.2568246194304 513.4116039288367 -353.6451291889451 -37.794386499791884 -820.1205614840214 478.5552352724493 -318.5872682552704 -65.10222780939161 -805.6550612150822 486.6408518690743 -304.71117209856834 -63.74933067003598 -834.3264800614661 457.8487006139318 -310.00805054369357 -64.05489034317812 -766.2766764696602 519.9374409055715 -277.3214438928949 -79.67081342638748 -813.0197417779254 487.41498346867263 -317.70448377074405 -46.82135108257783 -791.8529896512564 504.8904543327407 -394.3142626588659 -6.307410565409337 -831.4436123964407 477.4706623354056 -338.1748679865541 -41.42028484103669 -748.6729160893467 512.6442133404704 -390.48309743415706 -12.680751052030777 -820.8501172615036 463.0699112162455 -405.33199833751274 -1.7066096577878067 -746.0005717400121 508.9026420438718 -427.1742420805343 -1.4515294703210877 -750.8455255752447 522.7098943787802 -369.5768342140934 -33.582494703829965 -836.0069782006533 463.87784439379004 -375.4739515939345 -16.305252409707034 -757.1742811372833 513.1186871196315 -332.14663245155543 -55.58706612485858 -856.2797778540311 449.6951022266475 -367.1965824317534 -26.497820096392005 -751.810730516065 516.8994263588942 -311.3318704312404 -69.40739124306116 -807.9258489208198 499.4132210162278 -304.854715358093 -56.461219802311625 -861.4508011465031 453.02982206050024 -333.2398203200635 -48.45198177705186 -771.8879932436189 507.3639625214466 -396.9096943579408 -9.985990936762699 -805.9378360501989 492.5385538885091 -304.4763082392532 -70.51037928866144 -764.2794962490385 514.9853906111637 -424.2597625434282 -8.436502276551737 -785.3760208630524 501.08107098036476 -338.349381582029 -48.66208074416048 -788.711688359466 515.2779304216037 -294.5813759609466 -68.05410832286937 -852.1846384720625 454.5047427647899 -310.7759809129137 -50.869868408836055 -843.6037485763726 471.43421763478403 -359.87534839163294 -22.10751889947327 -851.1013829296131 461.20062931977276 -363.2831898204429 -34.5179757390946 -785.4931450152818 493.116883151228 -358.9870378918795 -33.9276015841534 -777.4500025114345 503.031730233659 -401.864503994436 -8.06853402586759 -782.9892202747536 513.2160704020839 -300.1284749038676 -62.57941284216956 -779.2368089844483 497.29754477809735 -321.17583533947135 -49.7512477593147 -830.5753951336444 467.29782875309854 -343.8037574950733 -38.80381317121133 -825.8409015114275 459.8034268378324 -289.12556993461305 -75.1899788664129 -772.5457814481703 512.2631338662779 -361.5929103907888 -26.698116527594195 -792.1982414083523 494.23230983628684 -380.7423882454684 -14.731614369753865 -815.1109737325868 505.0274515399229 -356.33630023813237 -28.227555239717287 -832.0856388320773 471.38686495810316 -323.1030334322079 -66.38053409465994 -772.2953303138 516.2070077560116 -282.98713485749624 -77.53367484925202 -808.0965335063672 511.60836063570576 -383.3155459210817 -24.36479070814216 -809.2124773139722 474.92784429702493 -348.0186258553981 -48.30935678327649 -799.4334483615636 485.1595535326168 -293.9456413926403 -74.37471351216423 -823.9105048723644 482.62671365953946 -435.70335639555515 9.176871127926166 -807.9430752287569 482.66256810817686 -331.7287387198065 -42.147983290204756 -789.9264764259527 497.9794250825107 -315.7126003452039 -58.85429853758111 -840.1606390056878 460.2028121421468 -393.57820661217676 -26.155791973300587 -844.3229807163802 456.40719043360565 -340.45097685332865 -54.84145669277342 -800.1246015385062 496.91744542947 -418.4654094156277 -10.541199382369463 -846.2635588512351 466.85716906425637 -408.5831977680367 -19.329911534898876 -804.4569638429741 508.1287117560826 -344.7282008549178 -44.899866012321134 -813.504724200871 462.2555220304265 -350.6553526942981 -29.238852308783393 -813.6119614950559 477.23577467566776 -378.14696732780754 -23.674510270992453 -857.253967214676 457.37119797155964 -386.68700139916103 -9.892204696499057 -829.1470000140304 462.890200490428 -440.55362505332346 7.97782881550974 -814.9093633193613 483.493440653094 -380.3720008900306 -8.911365806013286 -780.4617335286355 509.1873593782817 -327.2283061540943 -48.603027707491 -823.6256785137389 466.3686637947495 -368.8326949605598 -19.336240453994563 -764.7896211790371 499.9093295420119 -384.86892791919354 -17.812062255808936 -808.3131931182411 503.9891885792201 -326.358541039241 -43.3946717683888 -772.1123796655513 500.56218111517427 -287.8358974212071 -70.38333386098428 -791.3899366641782 510.8140999854529 -432.2380767369634 2.244955757179991 -780.5405331876191 516.8540679072273
1660.0048193674556 0.87913911403758 3.624783426788609 1.7582782280749794 1.7582782280749403 0.8791391140375591 0.879139114037673 1.9658148206668198 0.8791391140376003 1.7582782280750164 0.8791391140375735 3.5165564561500218 0.8791391140376186 0.8791391140375594 0.8791391140375064 1.7582782280750007 0.8791391140374105 0.8791391140375683 0.8791391140374473 0.879139114037446 0.8791391140375299 2.7800819805010737 0.8791391140376513 1.7582782280750793 0.8791391140375234 0.8791391140374989 1.7582782280749527 0.0 1.7582782280749707 2.486580916569105 0.0 3.6247834267886065 0.8791391140376374 0.0 1.7582782280751115 2.4865809165690544 1.7582782280748728 1.7582782280749492 0.8791391140374369 2.486580916569027 0.8791391140374337 0.0 2.4865809165691726 1.7582782280751084 1.7582782280752243 1.758278228075015 2.4865809165689647 0.8791391140375865 2.4865809165689114 0.8791391140374596 0.0 1.75827822807495 1.9658148206669137 0.8791391140375394 0.8791391140375677 1.7582782280750529 3.931629641333557 2.486580916569134 0.8791391140375654 0.8791391140375523 0.8791391140375351 1.7582782280750764 1.965814820666846 0.8791391140374509 1.7582782280748548 1.758278228075069 1.7582782280750062 2.486580916569056 1.7582782280751155 1.96581482066681 1.758278228075143 3.6247834267885737 1.7582782280751676 3.6247834267886017 3.6247834267885106 1.7582782280749922 1.7582782280749396 1.7582782280749831 1.7582782280749585 1.75827822807503 3.6247834267887495 1.9658148206668278 1.9658148206667565 1.7582782280749703 1.9658148206667578 1.9658148206668038 1.7582782280749008 1.7582782280750355 3.6247834267885284 1.7582782280749891 1.7582782280752383 3.6247834267885977 1.7582782280752194 1.7582782280749847 0.8791391140374094 1.7582782280750153 0.8791391140376288 1.7582782280750733 1.9658148206669903 1.75827822807502 1.758278228075101 1.758278228075024 1.758278228074972 1.96581482066676 1.9658148206668444 3.6247834267885617 1.758278228075201 3.6247834267885755 3.624783426788697 1.7582782280749747 1.9658148206669108 1.7582782280749911 1.7582782280752027 1.7582782280750031 1.7582782280751421 1.7582782280750138 1.7582782280748552 1.7582782280750187 1.965814820666688 1.965814820666758 1.7582782280748326 1.7582782280749978 1.965814820666701 3.6247834267886114 1.758278228074918 2.486580916568954 0.8791391140375745 0.0 0.8791391140374721 2.486580916569018 2.4865809165691313 1.7582782280750444 0.0 1.7582782280750786 0.8791391140375269 0.0 0.8791391140375588 1.7582782280750011 1.7582782280748843 0.8791391140375152 1.7582782280750662 -294.2446075196192 -81.45402617504767 -794.8723924801894 491.86647560909967 -402.8962437245661 -16.477075060635542 -815.2194415547058 471.37647265882043 -318.68060059255754 -49.609760497714895 -760.5214950768419 512.3315160169784 -353.588782964606 -32.934271390622534 -798.3148956397941 500.45283709853635 -302.90875033041556 -67.49005674993047 -813.5947406337834 500.16102080967147 -275.9251695383827 -80.50673447111508 -761.8608142318345 506.6525606882374 -327.8529402074746 -52.97929418234981 -822.3328248647067 473.36608387997643 -392.0624323538772 -16.3007651038951 -753.7194153118769 508.9072438818408 -398.54718940621257 -13.83882681444215 -755.3107245480003 519.1384279159115 -376.1415390229351 -23.307571281345787 -812.8247893578337 492.4668736800292 -312.70269387763733 -54.46655949760076 -796.3315944052277 513.749505644991 -356.8759792291486 -34.72815673954554 -818.7220953264356 479.05819360245687 -320.3128121867467 -63.35298604975827 -800.2109836656864 488.1074922775614 -308.63376833143667 -61.28090456351477 -829.7011401167151 459.6974407973827 -314.46513117641143 -60.11776986389982 -762.9479633905463 520.7553896949371 -282.2166956579959 -78.10733938044113 -810.7463576812358 488.5704939825669 -319.6694043956539 -42.77239863077736 -788.7979463683733 504.4318344799571 -397.3946662974793 -1.297366984573816 -829.4336644841957 477.3439867658244 -342.49412011075907 -39.80820393012981 -745.4260690954918 513.9416779338854 -393.77364715424164 -9.03841823217382 -815.6100755499731 464.2806605425043 -409.12812673876755 -0.25448294449796005 -743.2228224465866 510.0456868631335 -430.5767729842981 0.29021116250385426 -746.7062958404282 521.6823571079777 -373.28006265667324 -30.249888707465185 -833.213851692379 464.89055328965765 -377.31936415829654 -14.632621354387275 -753.5696257700712 515.2212564072765 -334.34072651279143 -53.58235411475714 -853.5775662574018 451.1911480774295 -370.41427513045045 -24.629413322325306 -747.5599174056744 518.1206612026286 -312.9529344286942 -68.20758105840999 -806.0012082215744 499.7577552765675 -307.81946232574586 -53.206918863300224 -855.3875624456454 455.152116003774 -335.6347023060641 -45.3617556920854 -767.1570938979664 508.6724171873735 -398.93638777297457 -7.232346032625734 -804.4531067022099 492.55603479647436 -308.15226356021446 -67.2152336793815 -760.9918032688122 516.0432501365599 -426.1925128345754 -6.220257122956951 -779.6857865557998 502.56560956662537 -339.6499765255423 -46.58084331428986 -785.8247111725045 515.7801971411182 -297.8411536798783 -63.78241861079505 -848.67217395161 455.65360947393214 -314.4327605712588 -47.85183058913533 -841.8609863899461 472.74989877761476 -362.60227136623985 -19.265976902990488 -847.4379677983532 462.87409826459543 -368.06334247871064 -31.389529151991812 -780.7232581926507 494.1941348215445 -362.795068619892 -31.2931612662629 -772.363069894102 505.14773923009915 -404.688506002844 -7.114261776825622 -778.5744163077673 513.4837457071645 -303.6764325598712 -59.814364147493606 -777.5205264194657 498.8331515269525 -324.4408721258827 -47.97582195176521 -827.8272297194006 468.5489956580482 -348.2189982474791 -35.41123145200712 -820.6011546605725 461.01660358001266 -292.977817174301 -71.40797980171168 -769.616300164137 512.5187388737567 -364.71219422725 -24.15310241826247 -788.3501221332821 494.90630195299747 -383.6529116085687 -12.024627283847101 -813.1864343431024 505.3721238413584 -359.068775522655 -25.394039658626664 -829.7731424232273 472.3093373287567 -325.5484067498596 -63.33333323453632 -768.444727138476 516.8689085290566 -287.7356889529934 -73.88552800055695 -805.16960549741 511.88017461626214 -386.51772086278623 -21.265313972836662 -804.4918975326129 476.27462956083724 -350.6780231196787 -46.03675832356453 -795.1898222156765 486.40939732169863 -297.9101576088854 -70.05086742973204 -822.0753930211292 483.457524660121 -439.3952130503674 11.312110120622492 -803.2641858939526 484.24521299608614 -335.9720171003992 -38.64164637883091 -785.2419894580647 499.5410014994828 -319.6429863078413 -55.1106708880287 -836.317462147281 460.9131581362003 -395.13147741558316 -24.873421379882558 -841.5740529646685 457.66121293672774 -341.75439504274664 -52.761069247634175 -797.5061078125891 496.139716853705 -418.8358713710493 -8.388577391407136 -844.3423023788273 467.2126144124904 -409.34774695489926 -17.466686333862015 -800.5247893816966 508.3298802484491 -345.8156958398628 -43.88402591192137 -807.8258806045943 463.7874251015015 -353.39229442557837 -26.410316592202992 -810.3351933867789 478.32545275959427 -382.2218700548325 -19.399000926145767 -852.5414109550073 458.744371212572 -389.1084833670346 -7.430206874326019 -825.8730054623444 463.9907360235215 -444.0186480691134 10.340481931750471 -812.8558513905112 483.12058349933477 -382.99070469317587 -6.5952058461480005 -779.3327803559403 508.3915282029669 -330.321915461656 -45.43575455864412 -820.8317983534242 467.37789228680714 -372.1473280461406 -18.14408667064804 -761.6673326870566 501.93117687298576 -387.38579952666316 -14.813803057124494 -805.9517722261036 504.65905974133125 -329.3675006293131 -39.5444044511823 -769.7470799364797 501.21723933108984 -291.6912349858532 -66.59705700594498 -789.0252835528773 511.47375926526485 -435.7331921332016 4.524857044656749 -777.6943792407532 517.593377976874
1670.0048193674556 1.7582782280750024 1.7582782280750968 0.8791391140375133 0.8791391140375383 3.6247834267885235 3.6247834267886057 1.7582782280750797 1.9658148206668404 1.9658148206668684 1.7582782280750766 3.931629641333592 2.7800819805009924 1.7582782280750122 1.7582782280750178 1.7582782280750273 3.6247834267885817 2.4865809165689554 0.8791391140374439 0.8791391140374596 0.8791391140374539 1.758278228075031 1.7582782280751366 1.758278228075053 1.7582782280751474 0.8791391140375624 2.4865809165691033 1.7582782280749758 1.7582782280749572 1.7582782280750342 1.7582782280752274 1.965814820666862 1.7582782280750067 2.48658091656905 0.8791391140374593 0.0 0.8791391140375603 3.6247834267886136 3.6247834267884733 1.9658148206668244 3.6247834267886545 1.758278228075012 3.6247834267886434 1.7582782280749711 1.7582782280749225 1.7582782280750362 1.758278228074913 1.9658148206668233 3.6247834267887393 0.8791391140376003 1.7582782280751028 2.486580916568982 1.7582782280752058 3.624783426788629 1.7582782280751488 1.9658148206667738 1.7582782280749656 0.8791391140375088 1.7582782280749711 0.8791391140374883 0.8791391140375366 1.758278228075074 1.7582782280751326 1.758278228075058 0.8791391140376027 1.7582782280750446 1.758278228075122 1.7582782280750409 3.6247834267886634 1.7582782280750702 0.879139114037513 1.7582782280750298 0.8791391140374752 1.9658148206668 1.9658148206668518 0.8791391140374564 1.7582782280749079 0.8791391140375027 0.8791391140376246 2.4865809165691384 1.758278228075079 1.758278228074957 1.758278228075158 1.7582782280750497 1.7582782280750893 1.965814820666805 0.8791391140375907 2.486580916568944 2.4865809165692077 5.274834684225104 0.8791391140375613 1.758278228075057 0.879139114037545 0.8791391140375536 0.8791391140375183 1.965814820666736 0.8791391140377043 1.7582782280750269 1.7582782280750386 1.7582782280750016 2.4865809165690127 1.965814820666804 0.8791391140376251 1.7582782280749563 0.8791391140375565 3.6247834267886203 1.75827822807497 0.8791391140375375 1.965814820666757 0.8791391140374619 0.8791391140375316 0.8791391140374474 1.7582782280752085 1.758278228075032 1.758278228074863 0.8791391140375839 1.7582782280749922 0.8791391140374856 1.965814820666783 1.7582782280749665 0.8791391140374818 1.7582782280750546 1.9658148206670152 1.9658148206668593 1.7582782280752185 3.6247834267885746 1.7582782280748757 3.624783426788609 3.6247834267886976 0.8791391140375983 0.8791391140374273 3.6247834267886025 1.9658148206669923 3.6247834267886576 1.7582782280750038 1.9658148206668633 1.9658148206669548 2.486580916569056 1.7582782280750333 0.8791391140375857 1.9658148206669683 -294.53726694386955 -79.16989004644171 -791.1065620800541 493.01563121356895 -404.6330443152079 -14.116805069146277 -811.4585588006236 472.5444241443629 -322.3492151154162 -45.65526854256081 -756.3941472462193 514.2752288839079 -356.8051518355567 -31.06611197045505 -795.301691295409 500.23137683471674 -306.7666523322225 -63.065652973380644 -810.6235355314553 500.18844222763545 -281.4452881773286 -76.2136817745248 -756.1246995935595 507.8803189297111 -329.32634246949357 -52.26304863380965 -819.0970218898464 474.69238617621346 -395.35154673680444 -12.657154458580909 -748.9871773224648 510.21071452150824 -400.58467153552704 -12.305980055196713 -751.1832803272453 521.0819207074903 -378.75152101347015 -19.770136699952328 -810.3775575475752 492.65157065088874 -315.29964959927634 -51.542898470335615 -793.8837875183079 513.9244600298664 -361.6507010928121 -31.586053276404606 -815.9226810297802 480.0535402880259 -321.54426801166073 -60.593673827825384 -797.0526901355452 489.89850285536903 -311.01403798320456 -57.87326801534992 -826.4684710439745 461.0301967793088 -316.4690612031875 -57.963630432080784 -759.3722535923687 520.1274910848845 -286.0872410122848 -73.06799847685032 -808.2988313302845 488.75382307087955 -322.92924340455625 -39.740199579742566 -786.8726036004925 504.7633364858136 -400.20716471268054 0.8780695133914825 -826.7239235591024 478.8266431892694 -346.1092829234954 -38.248170219221585 -741.5334063784836 514.3584383042987 -396.7722795624853 -5.787396925157964 -810.4954479036946 466.19160376175427 -413.3291983656655 -0.3124530631852677 -738.8898050549881 510.78535394103494 -433.4006359610376 1.2449869150930306 -742.978004493325 523.0620116341166 -378.03686050083115 -25.870416143594902 -829.1081404745701 466.88001133997267 -380.8070078497499 -11.136109407217866 -747.3871619843368 515.2859098685013 -335.81671529662054 -52.864344709844005 -850.5251779998576 453.4922324291334 -373.8966545025062 -19.91469676372378 -744.2308873636182 518.9366901330759 -315.86930879565676 -64.9106646004287 -802.7176086993182 500.82816745579623 -310.9179317095649 -50.0519079993545 -853.2516950460167 457.03608926651987 -338.3867307592673 -42.54500029500244 -761.74427432513 510.34129382372697 -401.8416361697543 -4.518842553204894 -802.0049042487038 492.73760990684013 -310.88505357756327 -63.77236452149832 -753.3299084341022 517.5996008469743 -427.75489475235196 -6.156613309471837 -776.1653684199351 505.1526092972689 -342.8826449017574 -44.741156492290315 -781.9737588997273 516.4422313390271 -301.1637381965973 -60.81074607559148 -845.093758621928 457.8006545421081 -317.20923175033704 -45.06285902972589 -839.4154680273748 472.9482161748692 -365.31885538395596 -16.414550507851946 -844.2955705888015 464.6926341168555 -372.7226546186221 -26.33130482087401 -777.1202222570016 496.3001520562816 -366.78671034883376 -28.782929235795507 -768.1130007747867 506.37084489609214 -407.3042446440634 -4.794040261516503 -775.6036857917098 513.4977326602295 -306.4901461207436 -57.05636046425104 -774.0412238404634 501.6604477927347 -327.22477089689505 -43.956369275759826 -822.4746646875504 470.51069188627497 -351.33777457231747 -32.86352492308779 -815.9253933543278 462.60547763178687 -296.5569361743059 -67.3965168868793 -765.8061046006907 513.4182855061275 -368.11197478694066 -21.20041792696623 -784.6659360083655 496.533744588381 -386.8383205319738 -7.698477129574989 -811.4309835762658 506.67268525710153 -362.47145750869265 -22.445303841757912 -827.8953531114812 472.8982466334303 -326.14730721292426 -62.56208675970818 -767.0004355308391 517.1158169738236 -291.90414770135476 -70.35098844126061 -802.8051882239558 512.5396134130779 -387.48000396567136 -19.54733973226731 -801.2929670243484 477.8311256706916 -353.9011582657912 -42.958539650248085 -791.779772556188 486.7565770106196 -301.66636794075936 -66.18241827192541 -820.0662146289322 483.31984796243745 -442.40425099045746 13.343193133394813 -800.5467328504806 485.713539168747 -339.10220079160274 -36.10819866730134 -781.996900030307 500.84277349423024 -322.23033181364286 -52.17571584680337 -832.2129578706575 462.9027307730774 -396.86939331224295 -22.51371174426079 -837.8633310696282 459.0853347257393 -343.91748027089153 -50.72533307688347 -792.6522521036221 496.73542389109645 -420.27101375966635 -5.200190705361046 -839.1888261208088 468.8993499554547 -411.0840571030883 -15.106016131047378 -796.591856174158 508.51837737339775 -348.7499180912288 -42.422796910289 -803.5406581115526 464.79717764300386 -356.9041922281217 -25.36966155574128 -807.9300838857573 478.7532182460662 -385.01606800948315 -14.783888151643042 -848.0472666597559 461.3107113983073 -392.50062967136705 -4.468849173043343 -821.9844658081951 464.4461150608891 -447.2498964741685 13.663132218976378 -809.4460088521053 483.47606079193145 -385.8860827491499 -2.6618413043929077 -774.9590515123417 508.8936144060459 -333.4667626296036 -42.91645078351987 -816.0255599902066 468.2435601786351 -375.71943688217596 -12.889303137125435 -758.6264294185257 504.43275852661395 -390.87185785873885 -11.315362091204445 -802.6256671944432 505.48810398595805 -332.99718526882293 -36.779489714468184 -766.0605303312706 502.8390948227405 -294.65182244094467 -63.339295998775704 -786.7431809872786 512.610184823358 -437.7585119722561 7.279268181273419 -773.3206791261022 518.0947107148526
1680.0048193674556 0.879139114037458 2.486580916569051 1.758278228075028 0.8791391140374849 1.7582782280750262 3.6247834267885906 1.7582782280750755 1.7582782280751552 1.9658148206668373 0.8791391140374644 1.7582782280749467 3.6247834267886465 1.7582782280750087 1.7582782280748934 1.7582782280749845 1.7582782280748936 1.7582782280750755 3.6247834267883685 3.6247834267886363 1.7582782280749107 1.9658148206668413 3.624783426788789 1.7582782280749991 1.758278228075128 0.8791391140374782 0.8791391140374434 1.7582782280750198 0.8791391140375447 1.758278228075001 1.758278228075015 0.8791391140375735 1.7582782280748661 1.9658148206667985 0.8791391140375521 3.6247834267885777 1.75827822807509 0.0 1.7582782280752565 1.7582782280750686 1.7582782280748315 0.0 1.2307947596526718 1.9658148206668344 1.7582782280749338 3.6247834267886296 0.8791391140375496 1.7582782280749722 1.584890576964147 0.8791391140374744 3.516556456150157 1.7582782280749647 1.758278228075048 1.7582782280750722 1.7582782280751494 3.6247834267886243 3.6247834267886643 3.6247834267885306 1.7582782280749627 5.2748346842251115 1.7582782280749945 1.7582782280750842 0.8791391140376362 0.0 0.8791391140374932 0.8791391140374881 1.965814820666826 1.9658148206668618 0.8791391140375379 3.6247834267885977 1.9658148206668304 3.6247834267885795 3.6247834267885186 1.7582782280750489 3.6247834267885857 1.965814820666825 1.758278228075149 1.7582782280749996 1.7582782280749247 3.6247834267885204 3.6247834267887704 1.75827822807501 1.7582782280749554 1.758278228074997 1.9658148206669492 1.7582782280750657 0.8791391140374524 0.8791391140374447 1.7582782280751474 0.8791391140374984 1.7582782280749023 2.486580916569087 0.8791391140375182 1.7582782280750529 1.7582782280751048 1.965814820666794 1.965814820666781 1.7582782280749913 1.9658148206667119 1.9658148206668458 0.0 1.7582782280750078 0.8791391140374606 1.9658148206668298 1.7582782280750566 1.965814820666788 0.8791391140374469 3.6247834267886105 0.8791391140376181 0.879139114037585 1.7582782280751494 0.8791391140374382 0.8791391140374364 0.8791391140374594 2.780081980501157 0.8791391140375917 1.7582782280751559 1.7582782280750335 1.7582782280749272 3.624783426788613 0.8791391140375573 3.6247834267885515 3.6247834267887744 1.965814820666777 1.7582782280749292 3.6247834267885746 0.8791391140374577 1.7582782280749898 1.9658148206668133 2.4865809165689625 0.8791391140375824 1.7582782280749962 1.7582782280750935 1.7582782280750187 1.7582782280749527 0.0 1.96581482066683 1.9658148206667394 0.879139114037508 1.9658148206668018 3.6247834267887624 -295.02824345396533 -75.80766253301557 -785.6121593312413 494.20680676233513 -405.21176453849506 -13.329886581962313 -807.6102958034131 473.21994219510094 -324.5077136656293 -43.612609408759454 -753.5876709829465 515.2498587187488 -360.4936789737373 -27.718145134480537 -792.5792145952229 501.69057248125773 -310.93873382658137 -58.88379146970794 -807.7363670558124 500.69038008647794 -284.5799311850162 -76.22266110498437 -749.2259809243558 509.55366991173116 -331.6820108017744 -49.14615578999832 -815.1641877302371 474.8901041140257 -397.9675509061939 -10.337264779590726 -744.0200383405986 513.0405846726409 -403.86055869211873 -7.439905650035136 -745.9284785178423 522.2267334969865 -382.4745880556928 -15.536407251628148 -808.7038550213754 494.4293857710648 -318.6032443046757 -47.61309644912271 -790.8716968280908 513.6974761848238 -365.23601000292706 -27.554385165372654 -813.6016917431002 480.95643716165955 -325.08386306615375 -58.38219268079865 -794.4134975847402 491.8400862092257 -316.2391794458442 -53.884307755014405 -822.664544721633 461.95870089731574 -322.1873012568372 -52.50012026858136 -754.9981686069449 520.626583081485 -289.6004564496494 -70.24942602781701 -805.9346639891987 489.41179183435014 -326.4575795627358 -36.28176360401481 -784.4246148804052 504.9351169032896 -403.1931837820119 5.351014477988943 -823.8378708187271 479.3371335910579 -349.0272141315814 -35.54893846690786 -737.0771120300226 514.3759380955548 -400.6381573608658 -1.355244907775401 -806.6895197763956 467.11048153221964 -416.257215798058 -0.04050661984811957 -734.0554055821856 510.61966009420155 -436.1203426550931 2.8825824778956632 -737.4002799741138 523.7664213189585 -381.23374696858167 -22.765628150097932 -825.6993647913127 467.23974397284144 -383.1230816688438 -7.989246778107684 -742.2116174837862 516.1694314274998 -337.57914363602964 -50.52268545492686 -848.7761849521431 457.53332128479667 -377.0009574682963 -17.34779758752808 -738.8938861237805 519.6000083444609 -319.2241846245943 -62.56385319071673 -799.6394813493672 503.09462463818807 -313.39231776507603 -46.410852467596854 -847.9660497259217 460.726708447275 -341.21444983563674 -39.17128326025924 -757.4112990291231 511.08121304004857 -406.0486426381282 -0.03438796653545362 -800.2461520944237 494.0326018951283 -314.8374073003206 -60.65921898145691 -748.515462491724 518.421535882555 -429.4908835305323 -3.7956896824865773 -773.8405055602728 506.04568311556994 -344.6359188591879 -42.39501593010084 -777.5174718563194 516.4613147936997 -304.547175627914 -57.254293969997946 -840.8117433532672 458.82224680452777 -320.35523827955546 -41.31960421258153 -837.6226982756702 474.01424970093814 -367.53348734010564 -12.585938130829371 -838.3933036097728 467.7429467669556 -375.9212458840459 -23.22787627806552 -772.4297165949088 497.8457961318008 -370.95885216907305 -25.184697698128122 -763.8623727369721 507.59241020503174 -410.59112598068924 -1.1485682224140659 -771.6288410275483 513.4340160563158 -310.1585344719238 -53.100337336344396 -769.7494375970932 502.6419398721812 -330.06425121916203 -40.59506732968117 -818.5846359974787 470.9526074381522 -355.32554731785456 -30.34634055588567 -812.6857877643484 463.92178780774776 -300.6417416354529 -63.77114465142963 -763.3578255238195 513.588705072938 -370.82381556085693 -18.344989754555048 -780.4159168583689 497.7576686344136 -388.9683581833458 -5.627429765161615 -808.9828004914074 506.84960749801115 -365.184431340325 -19.5907805342965 -825.8866409364776 472.7610382549154 -330.3771523937347 -59.029726182228146 -761.7046245807977 518.0203577041278 -295.1207748963301 -66.67013982322389 -800.2325488833802 511.99148403234415 -390.09644462702363 -17.22793719245623 -797.7338167190165 480.1824979753221 -356.235735012655 -41.041763213173795 -789.6631906873431 488.8549894273211 -305.632498977541 -63.083614226492415 -819.1046387107033 483.48884434127154 -445.41328893054754 15.374276146167189 -797.8676508859327 487.41692482144026 -342.3134104050331 -33.01972612906442 -779.1084639055751 501.33698178661865 -327.42720436682157 -48.14506159392305 -830.2471002852653 463.0082211479887 -397.9343873611497 -21.478212894067497 -833.4495624657574 459.3813475234984 -345.5789644002213 -48.91837597849598 -790.3280167755981 497.63046343591407 -421.82183035572814 -3.9155813959106354 -832.9573778330594 471.50542276519207 -412.91280258658486 -12.207048487589363 -792.3424614589693 509.7449201449576 -350.89028229133663 -40.363154005125175 -798.938282486734 466.84043523527237 -359.22578128998174 -22.226662888454154 -806.5714602051223 479.4859134322119 -387.922054618122 -12.071071283525036 -842.146602828586 464.3623424527084 -395.6026225198318 -1.9000042607424505 -817.8272211515865 466.17554169946476 -450.6269673915413 17.060429005289766 -806.642952134841 484.461123996181 -388.8842575872323 0.5896375912780902 -771.1899229403664 510.0334923601582 -335.8101480910955 -39.78874119217701 -811.7396432508132 469.247327351788 -377.5607526494774 -11.212169050927004 -754.4167583023071 505.89476209309476 -393.18721661841573 -8.168026926519989 -796.9326424943084 506.96542140775307 -336.2170300913715 -33.69892964146816 -761.8098631443323 504.0606379852375 -297.5624441294174 -60.03046724879062 -782.8506782058369 513.0292334748901 -440.76754993439994 9.310351175306439 -769.504190416014 517.5079937521303
1690.0048193674556 0.8791391140374606 1.758278228075027 0.8791391140375122 2.4865809165690025 1.9658148206668098 2.4865809165688955 0.0 0.8791391140373916 0.0 1.7582782280752147 1.7582782280749558 1.965814820666882 1.758278228075031 1.7582782280749485 2.486580916569092 1.965814820666719 2.4865809165690385 0.8791391140373834 3.6247834267886043 0.8791391140375959 0.8791391140374951 2.4865809165689723 1.7582782280750602 0.8791391140375696 1.7582782280750862 1.7582782280749374 2.4865809165689567 1.7582782280751197 0.8791391140374614 2.486580916569044 0.0 0.8791391140375623 1.7582782280749636 0.8791391140375333 0.0 0.8791391140375623 1.7582782280749747 1.758278228075038 0.8791391140375824 0.8791391140375763 1.7582782280750187 1.9658148206669828 0.0 1.758278228074844 0.8791391140375052 2.486580916569084 0.8791391140374882 0.8791391140375511 0.8791391140374666 0.0 2.486580916569034 1.7582782280749067 0.8791391140375729 0.879139114037393 1.7582782280749638 2.4865809165691455 0.8791391140375641 1.7582782280750047 0.8791391140375813 0.8791391140375353 1.9658148206667894 0.8791391140376722 1.7582782280749707 1.7582782280749005 1.7582782280750255 1.7582782280751197 1.7582782280750813 0.8791391140374829 1.9658148206668657 1.7582782280751172 1.9658148206667945 2.48658091656916 1.7582782280749871 1.965814820666808 1.7582782280749927 1.7582782280751121 3.6247834267885324 1.7582782280749778 1.7582782280750753 1.758278228075232 1.9658148206669053 3.6247834267885883 1.7582782280750398 1.9658148206668828 2.486580916569133 1.7582782280749594 1.7582782280750526 1.7582782280751843 1.7582782280750189 0.8791391140375794 1.7582782280750577 1.7582782280749387 0.8791391140374629 1.7582782280748215 1.7582782280749865 1.7582782280750404 1.7582782280750247 1.7582782280750986 1.758278228074966 1.9658148206669803 1.7582782280750082 1.7582782280750375 1.9658148206668185 1.758278228075025 0.0 1.9658148206669979 1.7582782280749987 1.7582782280749185 1.7582782280750386 1.7582782280750306 1.7582782280750515 1.758278228074848 1.7582782280749758 1.7582782280751263 1.758278228075067 1.9658148206668857 1.7582782280750284 1.758278228075062 1.9658148206668737 1.7582782280750986 3.6247834267885657 3.6247834267884977 1.758278228075016 1.7582782280750353 0.6153973798263407 1.7582782280751665 3.6247834267885746 3.6247834267886883 1.7582782280750147 1.7582782280750904 1.9658148206667785 1.965814820666713 1.758278228075086 1.758278228075129 3.6247834267886345 3.6247834267886536 1.9658148206668429 1.7582782280750915 1.9658148206667814 1.7582782280751383 -296.6147454668723 -74.56308241610832 -781.8843771124739 495.587615066033 -406.06828632512395 -10.928498221640572 -803.4039184403017 474.69098677243227 -326.94408414488976 -41.16463595237338 -751.7029803305454 515.8193379120987 -362.71841771709865 -25.110646938747617 -790.0896855659869 501.6210338622012 -314.1818358870242 -55.82313799817687 -804.848283760188 501.18693552388146 -287.75780862508384 -73.74404995547208 -745.4976943026649 510.93333683666 -336.36084831647725 -45.32570435216938 -810.7917219269912 475.4020096125551 -400.09714549617007 -8.265805980076323 -740.0862836123017 513.2166279842465 -405.1105564588258 -5.327850667664593 -741.7187431492301 523.6885806928816 -384.6971042496464 -12.927089023117079 -808.1816772569596 494.2715902155803 -320.752432096864 -44.341193483141026 -785.3416394884596 516.1296702881077 -368.34005747082614 -24.987925841509785 -810.631051700773 480.97502569278777 -327.53159368978913 -54.724847541745035 -790.4798629016973 492.018535019339 -320.152385000492 -51.93802991451901 -818.4194450117506 463.1979270704721 -325.7069738726562 -49.03330569009453 -751.6691457451592 521.4426306380714 -291.9113195736816 -66.47274650819222 -804.7806012781922 491.3452741440621 -330.0664081705918 -34.705822281408494 -782.3342981303579 504.3013779790711 -406.39897784555234 7.237402397197943 -822.0813469756919 480.63568065439637 -351.7415758539155 -32.69624188236423 -730.818310879561 515.4443489740663 -402.7676716733979 0.7163044983516469 -801.9603187099949 468.4261679313344 -419.38197804707676 0.08678246766956588 -731.7303598174943 511.5120335815292 -437.2892364146256 3.2355601141662444 -733.6308954852863 524.905351167109 -384.63702376995525 -21.025233498454675 -821.6218457785774 469.44105135213255 -386.2136553188077 -4.199415632519267 -737.3971556464887 516.9912890486552 -339.72219286782297 -48.46401703306739 -847.0214183316236 458.8411282447617 -379.40924278592837 -13.662328248078051 -733.6390702258435 520.7447715626793 -321.9712376856601 -59.74262250713888 -797.1912530474813 503.26672217637685 -315.4474900635258 -42.45789646957463 -843.8087797973022 462.46008466873775 -342.7646084341069 -36.67268554992215 -755.0451666069044 511.73289666683104 -408.5716236089093 1.7478510519285497 -797.7568294343178 493.9647152183898 -317.9756566202928 -58.133951577978294 -745.7089740707789 519.3961031370383 -432.61571035149166 -3.6683093744663955 -769.1083261561741 507.3494225465302 -345.7988266274522 -40.82495144216186 -774.1885362996413 517.2777370608129 -307.5031731841316 -53.366834151421756 -838.0538229126267 460.05529839991823 -324.159244661063 -37.45446644788469 -835.6988687432852 474.3530204417136 -370.3464806122482 -10.41123985802466 -833.7109542704342 469.3148272606047 -380.0893222556501 -19.62495774088945 -769.1008158245598 498.6621231281714 -374.06192090875646 -22.61749470516557 -760.9736992818176 508.08561411254067 -413.877946421237 2.4969562058192984 -768.382123793512 514.7317243812333 -313.9339205160857 -48.91385151545463 -765.4164857799364 503.38192678531055 -332.10932084158003 -39.073236986046076 -814.8186884420401 472.1037426112846 -357.354061505139 -27.59435056510801 -808.4389526606533 465.15767496196037 -303.60002712390485 -61.11309312448163 -760.4691566942191 514.0818824847801 -373.4403819562116 -16.025717422321023 -776.2887684037573 499.70174650867193 -392.1513374589451 -1.299286345597957 -806.1772464449677 507.8275201863648 -367.31521580983554 -17.520611280267318 -821.9359900636097 475.68397966326086 -332.2347227442637 -56.15009425052724 -757.8530665159129 518.6779140033501 -297.5906402896468 -64.25664861429058 -797.8668434191644 512.6444508580227 -392.22623862304505 -15.156632415755874 -795.8641966184881 483.7246306226863 -357.8741182236873 -38.00147629605181 -785.3718330957466 489.837438119214 -308.38943644156956 -60.27320159598234 -815.254948209977 484.15684832843647 -449.02212291570964 15.750731181159807 -794.9796530372356 487.9125003590035 -344.1505102333739 -30.125863518143184 -773.5780533009363 503.76845175593877 -331.3285928569896 -46.18363698448954 -825.1676870746513 465.14076675171077 -399.6706774259599 -19.11749421218211 -829.8139312661765 461.2624602280533 -346.4452665362377 -46.52040124143055 -786.9169650211783 497.9663281263024 -424.04389666086814 -1.3058375900767771 -827.623004970803 472.1962275285855 -413.6766700071501 -10.343783259445273 -788.2570823118482 511.9307425057513 -352.63183039915924 -38.00688165910785 -795.1290568990757 467.74474559060667 -361.3570327127702 -20.15682857206004 -803.6006286848195 479.5025398221934 -390.3297256603765 -8.385309742842715 -837.9455083630259 465.85086463174554 -397.2345798399772 1.1436880107937544 -815.0660015129373 467.40137892719576 -454.10402032585637 20.016521479588576 -804.2780507359654 485.1168859163454 -392.0671126888367 4.9178439945392185 -766.9391606895326 511.25482894207653 -337.8482511032697 -37.043249772723776 -807.5343695515556 470.7207679709205 -380.94093732158063 -7.029060821977784 -751.3753947671463 508.39587183626014 -396.092307735432 -5.45435309713049 -794.0856102514283 507.7014075529105 -337.37346938848003 -30.907653358339825 -757.8761051586008 504.23677296025625 -301.10894230382723 -56.594580045312284 -778.9991785407747 513.6872910376138 -443.1973683537287 10.555544191866288 -765.2945425153939 518.9700269301402
1700.0048193674556 0.8791391140375744 1.7582782280749227 1.758278228075079 0.8791391140374185 1.7582782280749976 1.7582782280749951 1.758278228075058 1.9658148206666721 1.965814820666815 1.7582782280750704 1.7582782280750362 1.9658148206669677 0.8791391140375899 0.8791391140375183 0.8791391140375201 1.9658148206666435 3.6247834267886714 3.624783426788629 3.624783426788633 1.7582782280750167 0.8791391140375219 0.879139114037445 0.8791391140375905 0.8791391140375477 3.6247834267885253 1.9658148206668633 1.7582782280750826 0.8791391140374812 1.7582782280750373 1.7582782280748472 2.486580916569046 1.7582782280749896 1.758278228074995 0.8791391140375368 3.6247834267885666 0.8791391140374923 1.7582782280750346 0.0 1.7582782280750433 3.6247834267884316 0.8791391140375917 1.9658148206667059 1.758278228074997 1.9658148206670438 3.624783426788637 1.758278228075004 1.96581482066686 1.7582782280749967 1.7582782280749658 3.5165564561502256 1.758278228075056 0.8791391140374252 2.4865809165689905 0.8791391140375471 1.7582782280749725 1.758278228074992 3.624783426788637 1.7582782280749172 3.6247834267885657 1.7582782280750076 3.6247834267886376 1.7582782280751525 1.9658148206668138 1.7582782280750087 0.8791391140375262 0.879139114037597 1.9658148206668238 0.8791391140374797 1.9658148206668753 1.7582782280751608 1.965814820666804 2.486580916569141 1.7582782280750244 1.7582782280750457 0.8791391140374593 0.0 0.8791391140375561 2.4865809165691544 0.8791391140375381 0.8791391140374659 1.9658148206668704 1.7582782280752358 1.9658148206668073 1.9658148206668589 1.758278228075028 1.7582782280749256 1.7582782280750524 0.8791391140375397 3.6247834267885852 0.8791391140374516 3.6247834267886283 3.6247834267886136 1.7582782280750466 1.758278228074893 0.8791391140374794 1.758278228075159 2.4865809165689785 0.8791391140374832 0.8791391140375763 1.758278228075061 1.7582782280750697 1.7582782280749958 1.9658148206667874 1.9658148206666985 0.0 0.8791391140376031 0.8791391140375117 0.8791391140375775 0.8791391140374902 0.879139114037587 2.486580916569141 1.7582782280751201 0.8791391140375586 3.6247834267886025 1.758278228074984 0.8791391140376171 0.8791391140374394 3.6247834267887242 2.486580916569027 0.8791391140375651 1.7582782280750247 3.6247834267884627 1.758278228075047 1.7582782280749452 0.6153973798263208 0.8791391140374498 2.486580916569044 1.7582782280749973 3.6247834267886523 1.7582782280749543 3.6247834267885777 1.9658148206667978 1.7582782280749794 1.758278228074853 0.0 1.7582782280749834 3.6247834267886194 0.8791391140373421 0.0 1.7582782280749074 -297.9967076053639 -71.93403740086298 -778.5965384488898 496.64473979692735 -407.4102059213688 -8.277926635318906 -801.1211596891407 475.8264642196691 -329.3720808991342 -38.70918834581972 -747.4932443503125 517.2811815120751 -366.0176727202241 -22.68734168290432 -787.2010503139787 502.11459118044064 -317.0074519840932 -52.448443513675116 -802.4824776219923 501.8395942081715 -293.1720842618209 -68.65989888903405 -739.3210792704006 512.4831988399766 -339.3609723792531 -40.86317964227885 -807.7952816920416 478.1480365814968 -401.92548294595707 -5.366633893486045 -734.0740395388088 515.7293793535927 -407.91043957908073 -1.930545506350252 -738.389712205703 524.5046027604985 -386.52577799677715 -10.02808484671573 -805.293418774556 494.7667327854047 -323.08164332840164 -41.20404556897065 -781.9304287221697 516.4645669011896 -370.85242197960133 -21.985519061746206 -807.9084761878453 482.4345349322608 -331.6156586162774 -50.45737081653224 -787.2332263463805 493.3167460928121 -322.7736058006996 -47.19181539065837 -816.1799076129979 464.5767445940946 -328.42908841299277 -46.18817531576659 -747.9408557756702 522.8222892999588 -294.4693750049146 -62.28844984393253 -800.8881333755534 491.7643641899614 -332.39844858166083 -32.78576612547928 -780.4085510750333 504.6302947697121 -410.1695438197074 11.133104355959269 -818.2312764392794 481.3010346721247 -355.4247361189911 -29.343272277794973 -726.876284928359 517.6037011346701 -405.856240178775 4.507751121055239 -798.1092188509219 469.08765648888584 -421.0232627603626 1.9115343348062166 -728.6067924783578 513.5316704736036 -440.5896365756349 4.463203722050122 -729.9847891788586 526.7664503902372 -388.89627143901157 -16.882325300520073 -818.3782146702503 470.74557799493545 -389.60459014940534 -1.236667872855673 -732.7881570230307 519.0167594698337 -341.9517454920244 -45.860848845085265 -842.5485452070831 461.60965993489435 -381.4232099792086 -9.68707480361612 -728.5486251968462 522.852427152418 -325.5777323227164 -55.729708329254386 -795.1008480908391 502.6332278512689 -318.2718830894884 -40.29760266769786 -838.3309462272643 465.15520390645213 -347.6105139292502 -31.7504571552367 -750.7121514523657 512.4725789400568 -411.081487212497 4.752505756911036 -793.9877908500368 495.1050025456244 -321.19234612222493 -53.83122575820026 -741.9395899625213 520.5350346732434 -435.6151677384783 -1.621179800980476 -765.3389662475793 508.48844552406257 -347.5394809182104 -38.467062740865586 -770.8184349469954 517.853152244211 -310.1375720626939 -51.068861958725044 -835.3773176123171 461.7620642856253 -326.6812694534674 -34.46050388944973 -832.8957310275067 475.33731024229826 -373.1590010420201 -8.235879669694668 -827.706336005426 471.84709708234277 -383.3879956656679 -17.200786954588107 -765.8540054710794 499.9596946318525 -377.5575077138996 -20.338267421003675 -758.2083085448762 509.300916008325 -416.5845115268916 5.358076254994102 -765.0120177611482 515.3070842355957 -317.05257007999654 -46.3661599837082 -762.2107626711833 504.9201809271025 -335.7982166749561 -35.72729373240449 -811.616010648952 473.64737884189964 -361.1287384016687 -23.701744257078715 -805.1527948315344 466.2191912198139 -306.3383630342985 -58.28495521261423 -755.6957953727887 515.1444890995584 -375.4775534661029 -14.492579318988177 -772.9597693394203 500.51797445060845 -395.0963567024328 2.294462822771693 -804.333995669096 508.6387607325428 -369.43383837581234 -14.228496522686395 -815.804204489397 477.4875114811284 -334.37338542629027 -54.08831130723395 -754.0014980760266 519.3354114337493 -300.0410127169692 -61.82570216137672 -794.0154793982538 513.302928178029 -394.7491834963982 -13.374321917765634 -793.9797983060596 484.2947748960996 -360.28463361750585 -34.3176637569779 -781.684809829352 491.45846223907444 -311.906381292784 -56.80584000221753 -812.009888091558 485.4585419877028 -453.10355983909744 16.43823241152063 -792.2558417590926 489.3693702086399 -346.6548446593424 -25.904524281072767 -771.2530345868139 504.6609073752052 -333.56117414670115 -43.582827502484044 -822.008000920822 466.9282774835022 -400.8279435932375 -17.54361673460017 -827.1779830781425 463.2081606889253 -347.60644791946913 -44.94850728478415 -784.1105766567442 498.9413069466511 -426.47135254219563 -0.059729487633465916 -821.135920007294 474.80760083126586 -415.6204722423237 -9.347623095550398 -785.7676705830492 511.86057008941293 -354.27701505315275 -36.1859914908572 -790.879141602636 468.96870862038054 -363.38320949937724 -17.40312290985417 -800.7125124336113 479.99845268662904 -392.7368316785407 -4.699212082763197 -831.9837015624053 468.625859557666 -400.428294518478 4.251548312951149 -811.2986981318098 468.5474663654098 -457.5376333486039 23.218933456536963 -801.8710691540597 485.5299787421314 -393.606035340904 7.423378754924054 -761.6843628452109 512.3996806763796 -341.8254981626969 -33.30130638050861 -804.1650622568823 471.3004480024775 -384.2278074629803 -3.3836204437511466 -745.6802267045566 509.8635538775213 -397.92045069996465 -2.555163876543014 -791.5550604927865 507.3907719039796 -340.08602264168036 -28.053481405130913 -753.5900327474785 506.7026253258839 -304.33299994293736 -53.52101108476344 -776.0283255640795 513.6991320170953 -446.4958441642654 11.792653401866804 -761.9655205750456 519.7860825718428
1710.0048193674556 1.965814820666846 1.965814820666704 1.7582782280749853 1.7582782280749218 1.7582782280750562 3.624783426788653 1.7582782280750626 3.6247834267884604 1.758278228075023 0.879139114037406 3.6247834267885684 1.7582782280749327 3.6247834267885817 1.7582782280751084 0.8791391140375011 1.758278228075043 1.7582782280749847 1.7582782280748923 3.6247834267885946 1.7582782280748583 1.7582782280750293 1.9658148206669508 1.7582782280750016 3.6247834267884893 0.0 0.8791391140374584 0.8791391140375031 1.7582782280751632 1.7582782280750349 1.965814820666595 1.75827822807497 0.8791391140374145 3.6247834267886616 1.7582782280748328 0.0 1.7582782280748528 1.9658148206667525 1.965814820666605 3.6247834267886345 3.6247834267885266 0.8791391140374704 1.9658148206666195 1.9658148206668218 1.965814820666624 2.486580916569031 0.8791391140374527 0.8791391140375366 1.758278228074918 1.7582782280749936 1.758278228074962 1.965814820666747 3.6247834267886305 1.7582782280750107 1.7582782280749745 0.0 1.7582782280751912 0.8791391140375768 0.0 0.8791391140375842 0.8791391140375593 0.8791391140375653 3.6247834267886905 1.9658148206667958 0.8791391140376015 1.758278228075018 1.7582782280749767 1.9658148206668133 0.0 1.9658148206668238 1.7582782280751839 1.7582782280750346 0.8791391140374283 0.8791391140375913 1.7582782280748697 0.879139114037566 1.7582782280750913 0.879139114037456 0.8791391140375412 0.8791391140375805 0.879139114037545 1.758278228074999 1.7582782280751 0.8791391140375037 1.9658148206669293 3.6247834267885755 3.6247834267884733 1.7582782280750149 1.9658148206669712 0.879139114037484 1.758278228075072 1.7582782280750686 1.758278228074859 1.7582782280750657 0.8791391140376342 2.4865809165690123 0.8791391140376227 3.6247834267885954 1.7582782280752183 1.7582782280749818 1.9658148206666999 0.8791391140374267 1.7582782280751643 0.0 1.7582782280749982 2.780081980501083 1.7582782280749398 1.758278228075082 0.8791391140375615 0.8791391140375332 1.9658148206668573 0.8791391140375513 2.4865809165689283 1.758278228075073 1.7582782280750067 1.7582782280750797 0.8791391140376112 3.6247834267885333 3.624783426788617 1.965814820666827 3.6247834267884884 1.758278228075021 0.8791391140374114 1.9658148206668573 1.7582782280750755 1.2307947596524957 0.8791391140374397 3.6247834267885706 1.9658148206667874 0.8791391140374742 0.8791391140374214 1.7582782280750238 1.7582782280749487 0.879139114037477 0.8791391140374226 1.7582782280750044 1.7582782280749363 0.0 1.758278228075086 1.758278228075068 1.758278228075083 -298.38569418199796 -69.78573015065031 -774.9504836380391 498.5059665006598 -409.16955899490074 -8.353946378725146 -797.1874634433954 476.0041603257489 -331.60792914339623 -37.323718406323735 -742.4733179751065 516.8994220689851 -368.23972097037023 -20.077744002548837 -785.2752803095901 502.44344203040174 -320.4102535388191 -49.499137208520196 -800.7213513019957 503.1316339976386 -295.1243905831149 -66.46131806187579 -735.1524342630034 514.1857609217222 -342.46515471939676 -38.29785280467057 -803.3390619281465 478.1683470076189 -404.1439596193667 -2.753248660228936 -730.4279333263522 517.590478723161 -410.51983918422405 0.39705728599218004 -734.8552176067244 524.117008598314 -388.7856155648625 -6.536931269046435 -803.0921593537307 496.3820491503522 -325.7963541653677 -38.35188239127731 -779.4821035197382 516.6348426742823 -373.86151099297166 -19.954452538124904 -804.0984310916571 483.33474153665037 -334.1348023882782 -47.460762799264195 -785.0315572241493 494.9314696303382 -325.39560894214776 -44.87914166673511 -813.9800227467299 466.19350917209704 -331.5356201390764 -43.62548020478231 -743.566747113746 523.3212368365686 -296.5190985591533 -60.771127671454245 -799.9252167090997 491.9289513437543 -335.79315447472555 -29.82728696472243 -777.6020762433718 505.6049268147171 -413.54685906131795 14.110018709187667 -814.9029441472105 482.12003776955584 -356.6751698643238 -27.231386001045024 -722.1851006858606 519.1477250229807 -409.32333334403023 8.02556228491631 -794.7804302742077 469.90516900038216 -422.3446608431695 4.575155918710828 -725.8824859305552 514.9876756734046 -445.29326573102395 6.564365174891247 -726.3270164000234 525.6566867108492 -390.93215784498767 -15.347372378971853 -814.9676349056535 471.08416904934893 -392.7315378052132 3.4362002898704627 -726.8170049839523 521.7702322428631 -344.373707471944 -43.39931604018365 -837.8190937308768 462.92688523836284 -383.6435330524832 -7.075937597326306 -719.1604234754165 524.455043476791 -329.080248950798 -53.462566039971286 -792.7347794624137 503.28517455907405 -321.2793640078277 -37.05410310665748 -833.6437272574598 466.71031596616666 -350.52800526259233 -30.25925119522047 -746.3380427972619 512.9715275535816 -413.86681999392965 8.16024375041212 -792.6668869628022 496.0738964450713 -324.4055276119977 -51.95799378733943 -738.4461880328226 520.3881637818165 -438.9771807463786 0.197317677105448 -761.5284952342272 509.3866736138138 -349.1841299385152 -36.64547179110011 -766.9257768044741 518.2699485576256 -313.05389827786223 -48.36822897187351 -830.6707673414317 460.3452504086239 -330.5632309077962 -31.25514180432819 -830.364768601456 475.0304547489771 -376.6416631691516 -4.73372377462903 -821.4909496780809 473.16621612046566 -385.51712189157126 -15.128433957777927 -762.29010285237 502.3022674326127 -379.2928803246374 -17.977109335995127 -753.4349403087053 510.3635022260354 -419.8458521304099 9.02826181931534 -761.6829909669426 516.1231217529793 -318.1139350360362 -44.11344921866906 -758.9639239345477 506.21766480458996 -338.6125923152715 -33.554725812646105 -808.3702763486547 474.9474713930778 -362.0779357550698 -20.762275695450036 -801.9068233936755 467.51855231361293 -307.79643130200253 -56.3252577722014 -750.5642608440849 517.0114293076158 -377.30504611247034 -11.59278729927981 -769.7540401449457 502.0562130089221 -398.57426599967556 5.802386405005657 -800.922876890693 508.97399667997814 -372.4310210842773 -10.97580171871779 -809.9525666423375 479.4831224688507 -336.704565418944 -52.167595084984356 -751.2771929990362 520.7914196965085 -302.1860859300807 -59.767924735866636 -790.6043182773503 513.6377854398681 -396.3900654944973 -11.549641897240662 -790.6508940533666 485.1113542760276 -360.74832494202155 -31.626975313566906 -778.9194472064999 492.67388822728435 -314.5334496281315 -54.4980263199605 -809.1628521329833 486.19419469728643 -454.9332772238709 18.748493904988145 -790.0542710716425 490.98420928730263 -349.2303450180555 -24.464586669301152 -766.5207711325589 505.9642587926304 -336.7610113368685 -40.48112341128278 -821.293889371519 468.53786666404494 -401.59014899011976 -15.67972499597843 -823.4517741887637 464.59364721505483 -349.44856445110236 -43.272834407198395 -782.143680764572 499.0294292658022 -427.8334586244603 0.16276070409250462 -816.6532904023949 477.5607719360612 -417.3491954916993 -6.982063512244529 -782.796822512323 511.8723826977168 -354.9379232777096 -33.640185612796984 -787.0689668915647 469.86775363587003 -366.5774916543601 -14.29572257152805 -796.5033427371297 481.4620229945 -394.36504061964683 -1.6532891276967858 -827.7354486518586 469.8548204259119 -404.0075344999372 7.081294188875064 -807.9704681329155 469.3660632774582 -459.1028120162294 25.93006568027113 -799.0650787554705 486.50561434539196 -397.4612570513759 11.86387483556606 -755.7484750045004 513.9084687751092 -344.6396647375108 -31.127837290193547 -800.7953241853353 471.87749651368836 -387.2352659283668 -1.3506093703892645 -740.4665039457492 511.24904212700056 -399.7439807127293 0.3460394738245337 -789.2711846594636 508.52403012933013 -344.0689290129467 -25.52742315144848 -747.894865279682 508.17030586006916 -307.25382090314093 -50.82351223190327 -773.4978069054064 513.3879244015721 -450.6258326348078 13.124250699774375 -760.0397370244883 520.1148296457064
1720.0048193674556 3.931629641333624 0.0 1.758278228075065 0.8791391140375477 3.6247834267885923 1.7582782280751876 1.7582782280749953 1.7582782280752025 1.7582782280750824 0.8791391140375371 3.6247834267886514 1.9658148206668833 0.8791391140374853 1.7582782280752005 0.879139114037556 2.48658091656883 0.8791391140375192 1.75827822807488 1.758278228075037 0.8791391140375593 1.7582782280750786 1.7582782280750906 3.6247834267886616 1.965814820666751 1.758278228075048 1.7582782280751639 1.7582782280749787 0.879139114037466 0.8791391140375581 0.879139114037606 1.965814820666764 0.879139114037588 1.7582782280750726 0.8791391140374278 1.7582782280749667 0.8791391140374913 1.758278228074991 2.7800819805012438 1.9658148206667798 3.6247834267886483 1.758278228075045 1.758278228075039 1.7582782280750255 3.624783426788781 0.8791391140374931 0.879139114037483 1.758278228075088 2.4865809165692196 0.8791391140375385 3.516556456150075 0.8791391140375363 3.6247834267886305 3.6247834267886603 0.8791391140374413 1.9658148206667918 1.758278228075185 1.9658148206668185 1.9658148206668118 1.7582782280750344 1.7582782280751836 3.624783426788609 1.7582782280751006 0.0 1.7582782280751759 1.7582782280750242 1.9658148206668717 2.48658091656905 2.4865809165689794 0.0 1.7582782280751765 0.0 1.965814820666644 0.8791391140375164 0.0 2.4865809165689536 1.9658148206668073 1.9658148206668133 1.758278228075208 1.7582782280750904 1.9658148206668768 1.965814820666771 1.7582782280749139 1.7582782280750175 1.9658148206667625 0.879139114037585 1.7582782280751221 1.7582782280750087 0.0 0.879139114037457 0.8791391140376055 1.758278228074957 0.8791391140375647 1.7582782280749856 0.8791391140374512 1.7582782280750269 1.7582782280748628 1.7582782280750784 1.7582782280751292 1.7582782280750153 0.0 0.0 0.8791391140375301 1.7582782280749851 0.8791391140375979 1.7582782280750275 1.7582782280750437 1.7582782280749911 0.8791391140374173 1.7582782280749938 1.7582782280748923 1.7582782280750275 1.7582782280750247 1.7582782280750346 3.6247834267885075 1.7582782280750051 3.6247834267886296 0.8791391140374507 3.6247834267883996 0.0 0.8791391140376017 2.4865809165689465 0.8791391140375833 0.8791391140375265 0.8791391140374913 1.2307947596525748 3.6247834267887833 3.6247834267885892 3.6247834267884596 0.8791391140375615 1.7582782280749074 3.6247834267886443 1.9658148206669313 1.7582782280750395 0.8791391140376292 1.7582782280749678 1.7582782280750755 1.9658148206667778 0.8791391140374013 1.758278228075109 0.8791391140373654 -300.22844849827123 -66.89648989292102 -770.1360321945996 499.3278555508406 -410.09318658670685 -5.405224788067804 -791.8505833168571 476.6684542575256 -335.18699989743396 -33.28723084944666 -737.4181325174077 517.7623696839809 -370.26161213560147 -17.320303270611866 -783.2262060419564 502.0500529189012 -322.74007089209897 -47.57640744517363 -798.3552555308497 503.78349681552726 -297.5492243926969 -62.78817316799873 -729.4161721097702 515.4127095716642 -344.8740430987372 -34.61294769415294 -798.4837226726665 478.75085631499275 -405.77161852643906 -0.9188905064282725 -726.2592880609736 519.2930402984443 -412.2319361740716 2.7770337587330878 -729.9996624657964 524.6981400399634 -391.89435703806436 -5.173583023096851 -802.0470498750168 496.0651018495272 -329.0867079088667 -34.70981873810067 -776.3879551726124 515.9243660435023 -375.6845623534059 -17.05103794055915 -799.2429835014078 483.91700829781985 -337.33214906547613 -44.35664401025318 -782.6243363063769 495.3424576545933 -328.01413409364505 -42.56256004983715 -811.6554202311465 467.08711483775556 -333.4605290903707 -40.19051712096877 -741.3944057316487 522.2056401487011 -299.7191810170186 -56.455800947160405 -797.6413749034103 493.06236316278415 -339.6714076539847 -26.617169467201354 -776.1166417906385 505.6107719010829 -417.29861561027514 16.831679228837558 -812.0144006352114 482.6143654268318 -358.93602255374213 -23.74094804367674 -717.0066369647516 519.2885029113069 -412.3061211674457 10.096098386577573 -791.4926779740847 470.962594273352 -424.0334669520706 6.9688695356120824 -722.6356404152517 516.2851432061619 -447.2396409819835 8.202269980221152 -721.4303685263619 525.9970949966596 -392.08387676206974 -13.770993147007653 -811.7215258184841 472.383269961643 -395.00848067021934 7.8162259565441365 -722.0025425631013 522.592086773254 -344.55966888340663 -42.322892971695104 -830.914569404964 463.12361866016334 -386.5397047095652 -4.349420189795596 -714.190975341664 524.6592364325426 -331.8863658229979 -50.07014472426883 -790.3686728939007 503.9369283455719 -324.4775332755769 -33.95079085778291 -831.2783551675808 467.36455138255957 -353.03927328237273 -27.255797276881566 -742.6097513056694 514.3511810026871 -417.4174507582432 11.023944518883694 -789.3378915914668 496.8900829062435 -327.0248050836232 -49.64187370554774 -733.1502793880001 521.2922038683232 -442.35875311932256 0.8759381671295929 -757.9234853865629 511.48850310450007 -350.5270120769028 -33.99546223833182 -764.4774526531971 518.440158218022 -315.2814483086748 -45.76391353352542 -824.8530800026889 461.0963464941437 -333.46950065594535 -28.54276410829711 -827.3939289877324 475.0446565678061 -380.61584113182744 -2.1953711325909095 -817.2409017080995 474.3898947759761 -387.1555872850107 -13.301306431992373 -759.0021670653916 503.35901904924674 -381.4177529694554 -15.900425632209805 -748.5382925843514 510.7039125731549 -422.877306963765 12.865659986663168 -757.5848641410996 515.3362728355705 -321.40689379973236 -40.47353582822863 -753.1865701066187 507.2038976868925 -340.9393341666522 -31.62849604139787 -805.0415261394031 475.7646752429207 -364.6903932923925 -18.438945964696707 -798.0966604385617 468.41777536812765 -310.6074831864147 -52.93716414856683 -745.0276293727059 517.956563765196 -380.29476734932587 -8.33377195737458 -766.0257557012256 503.435882379939 -400.7784676086296 8.42847574073516 -797.5116835079446 509.3088280004596 -375.14863117033883 -9.332994080705241 -805.5787222110104 479.9838415258848 -338.9297489889617 -49.560607065598084 -748.8288691421782 520.9616245267104 -304.707755835654 -56.77379432116397 -788.5963489996512 513.4851257159304 -398.59884709917986 -8.930891677263116 -785.9187066683023 486.4149736649741 -362.48314274188164 -29.265297819776155 -775.3555627036575 495.016487665737 -316.1728096563594 -51.45854309199357 -805.8340327801795 487.0111380072975 -456.41549696163474 22.425585149126718 -788.5688339600035 490.9901079044586 -353.01438373364437 -21.79010213084571 -761.7474054061023 507.0268509235845 -339.91608477780443 -38.255363097948575 -818.4465064411363 469.2735593033169 -403.61986914433595 -14.135926896168653 -821.0446427156269 465.006441873032 -351.6711406314894 -40.66370773767264 -777.2881346792569 499.6106349176753 -429.1186195547196 2.8402748033687164 -813.8472633791157 478.53657044524186 -417.78310737910977 -4.2853062863874705 -778.9452616554256 512.5299156144008 -356.2919732291339 -32.21118011239321 -783.710855845894 473.41426230891835 -368.3103136592518 -11.932306356889635 -792.8163790013839 483.08302180177753 -397.43298808467716 2.1572114431775913 -824.489709054475 471.1548956418106 -406.9727450692224 10.364950513374882 -804.2427201051498 470.7470535648814 -460.6538969562374 29.050333710660098 -795.2958895376586 487.645104204806 -400.62626678812137 14.999839478580242 -750.0885652698124 514.1314360611866 -346.7579127397178 -27.835489968170258 -796.585930155123 473.3402750734293 -392.0299490707948 1.5043676794407168 -735.8164125644998 513.0337894534184 -402.23333247349046 3.3667437913333758 -785.4196293242501 509.1816156091513 -345.6084289782919 -23.021808452185706 -743.6029421384329 509.15069954992447 -309.8672411582707 -47.288369570315574 -770.5269454953919 513.3996045891965 -451.89518242669124 14.627355566373941 -756.9866884450887 519.6450530940789
1730.0048193674556 3.931629641333644 1.9658148206668133 1.7582782280750462 0.8791391140376448 3.6247834267885737 3.6247834267885084 0.8791391140374956 0.8791391140374307 3.6247834267886456 0.8791391140374978 0.8791391140375773 2.4865809165691126 1.7582782280749896 1.7582782280751919 0.8791391140374442 1.9658148206667039 1.7582782280749716 3.624783426788617 1.7582782280750282 0.8791391140375181 3.6247834267885493 1.7582782280749203 0.8791391140374735 0.8791391140374709 1.7582782280750817 1.7582782280749336 1.7582782280750784 1.7582782280750713 0.8791391140374906 1.7582782280749614 3.624783426788613 1.7582782280750227 0.0 0.8791391140375825 1.9658148206668844 1.7582782280752078 0.8791391140374959 1.7582782280748188 1.7582782280749831 1.965814820666699 0.8791391140374344 1.965814820666852 1.9658148206668424 1.7582782280749187 1.7582782280750666 1.758278228075094 3.6247834267886216 1.7582782280750666 0.879139114037486 1.758278228075189 1.7582782280750706 3.6247834267886874 0.8791391140375885 0.8791391140374482 2.4865809165690624 1.7582782280748657 1.7582782280750404 0.8791391140374787 1.7582782280750242 1.7582782280749494 1.758278228075059 0.8791391140374663 0.0 0.8791391140374906 1.7582782280750386 0.0 1.7582782280750788 1.7582782280749933 3.6247834267885883 1.758278228074873 1.7582782280750966 1.965814820666878 1.7582782280749798 1.9658148206669244 0.8791391140375893 0.8791391140374606 3.6247834267885475 2.48658091656908 0.87913911403753 1.758278228075099 3.6247834267886523 1.7582782280751847 1.7582782280750129 1.7582782280750735 1.75827822807498 3.6247834267885395 2.486580916568979 1.7582782280751632 1.758278228074971 1.7582782280752185 2.486580916568972 0.8791391140374444 0.8791391140375326 2.4865809165690425 1.7582782280750247 1.7582782280752172 0.8791391140375333 1.7582782280748737 0.8791391140375086 1.9658148206667005 1.7582782280750227 1.758278228075119 1.965814820666818 1.758278228074862 2.4865809165690576 1.7582782280749278 1.7582782280750726 1.7582782280751859 0.8791391140374899 1.7582782280750444 0.8791391140375007 1.7582782280750326 0.8791391140374437 1.758278228075021 1.7582782280750548 0.8791391140375254 1.7582782280750715 1.965814820666739 1.965814820666759 1.7582782280752145 0.8791391140374506 1.758278228074881 1.7582782280749796 1.7582782280751803 1.2307947596525748 1.7582782280750306 2.486580916569032 0.87913911403767 1.7582782280750096 3.6247834267887216 0.8791391140375081 1.7582782280751506 1.7582782280750853 3.6247834267887415 1.7582782280750038 0.0 1.9658148206668258 1.758278228075048 1.965814820666828 1.965814820666641 -303.4217087629613 -62.57551841660341 -765.9264815297801 500.790092868375 -411.62377872896957 -4.097418330414312 -788.5216223455906 477.4847098802103 -337.84131798931696 -30.08585217464091 -731.6429526949453 518.7756588004314 -372.2014091554781 -16.316561836612816 -780.8601044451123 502.7017457644901 -325.5422836539132 -44.18062896895108 -795.8247345432258 503.47235156950944 -299.96520246722804 -59.107510861537705 -724.776471004161 517.2250529658953 -347.8687328077883 -31.35841899818765 -794.71446620405 479.8901625039228 -407.7020018163548 0.10286616620851424 -722.1355478979808 520.5277742728847 -414.40816391106154 5.424238590431183 -723.439265775749 526.85447847358 -393.9148209851511 -3.6206545588713475 -801.647807879404 496.62875883644165 -331.9913567780243 -31.995562701233464 -772.5364918445434 516.5822372975756 -377.7148197224856 -15.50749823613875 -796.7946772368783 484.08745284903006 -339.1599719677165 -41.45756606885837 -779.295327201198 496.1585868764903 -330.2367469297707 -39.95316491705502 -809.3305793917676 467.9800483659567 -335.97192956075673 -37.18718566962048 -738.5913840589792 523.186221086482 -302.815908775336 -52.67209122848875 -794.2301727525306 493.39710236261425 -342.8505157793416 -22.28611412457766 -774.2730927525695 506.4210191976258 -419.567547995183 20.012710165368038 -810.1709666270939 483.4248539384453 -361.0746063481392 -22.885294792938808 -712.5223106835842 521.8842947426365 -414.1958367052239 12.348938182963835 -786.6019996380129 472.7888455384852 -426.50784300458946 8.817036110362208 -717.523626301465 518.1921858507579 -449.31532214732744 9.202072150475926 -716.088150473923 526.7294947191498 -394.5686898572828 -10.746900350028659 -807.5121039585308 473.8460579781185 -397.3649407343445 11.53252411325405 -717.673074693513 523.3723397805827 -345.8089548796588 -40.21054705115606 -828.3013963215914 462.33236053045744 -389.2216772033237 -1.464008714288548 -708.4603817952479 526.1665274203638 -333.3451886511698 -49.32437756737564 -787.8381502196125 503.62573527015724 -326.1210252587353 -32.12816926916145 -828.8301326087435 467.5360149793072 -355.15072517004666 -23.95945051368347 -739.1971077022209 514.6900332825 -420.06892726467856 13.935669829037959 -787.0128675091745 497.78251157051784 -328.76189225749704 -47.2815493986228 -728.9483402844943 522.7694008714062 -443.44492251056477 0.7650716405832458 -753.6733238001259 512.710660495445 -353.12641346386454 -30.450912952167545 -760.6259804628554 519.0982139885494 -317.7954070833346 -42.76289318196198 -821.1253782201413 462.477695813021 -337.6208203959669 -23.713965749761638 -823.0200266262435 475.54542981640725 -384.27044135344784 1.1913356315343926 -814.3112431517882 474.64303236957863 -389.55503994228496 -10.818654560431186 -754.6284045062268 503.8598413803422 -384.1075706247558 -13.022903198895955 -745.2883510233777 511.26117325936417 -425.7425811993464 15.621337521669533 -755.2598029637259 516.2296900013846 -323.44453211486723 -38.94084999365314 -750.8218096892126 507.85596545538647 -343.34353785786425 -27.940249159325013 -800.7497622406792 476.74576313033066 -366.81155025772114 -16.358435712689097 -795.4548003741122 470.35560818068427 -314.48827064086163 -49.73045757169956 -739.2518842010387 518.960463256784 -383.2691934081207 -5.0591055957641595 -762.2566800787888 504.57544891936294 -402.85108854703645 11.751411770050453 -794.6230222944554 509.80202068287167 -377.8590820773341 -7.676024867932669 -804.3400402948741 481.434241954229 -340.67776317395237 -48.42095089655617 -745.3330789267893 520.819488423746 -308.00049498737275 -53.134016295162645 -786.1069242060323 513.4146807444707 -400.79084904446415 -6.294875317327349 -783.6347852198562 487.54813576039805 -363.7267771467257 -27.150296096841412 -772.1087404024481 496.31408689723577 -320.14634128049045 -47.71238711300994 -802.9454259309911 487.50455058934756 -458.28174171303834 23.56075185577818 -785.8445652541046 492.44618046618393 -356.1867085203147 -17.45445508501499 -757.579718295616 508.73039751330083 -341.63892596074027 -34.67244717107419 -815.2000895977613 470.57210735382296 -405.6433510394215 -12.581692969703091 -817.7159534761812 465.823564096416 -352.3415456156695 -39.33882404501546 -773.395487586068 500.0275343496503 -431.03132566775184 3.8956606425851406 -811.3166967398029 478.2258289716191 -419.07854798255465 -1.6115449190373408 -775.4107930092011 512.1423920539768 -358.1154213920294 -29.309265579834236 -779.7477940131804 476.3206028498881 -372.2794281037953 -9.384133722369226 -788.3600859029581 483.10079217729026 -398.74306338904347 4.822287793431746 -823.0865999359655 471.6427277484857 -408.47155091701654 12.89429399466936 -802.2347145063095 470.5946650615765 -463.14605705581636 31.00480357652632 -793.3701334889384 487.973968342129 -402.4126977484251 17.924263346293284 -746.4032409935693 515.7553794129751 -349.3571649771151 -24.28998395348815 -792.775528012797 474.2388310608405 -393.6245878828638 4.5665860608024795 -731.70057037337 514.9883828723083 -405.299673275614 5.975307759520884 -782.6131518098467 510.15629930524 -349.27108768247575 -18.438119393154768 -739.6712616784639 509.3300901367304 -312.4850188713383 -44.97062216762323 -766.6755104500824 514.0577966433494 -454.3381162793521 17.12981906454914 -752.296077159024 521.1922436390535
1740.0048193674556 3.5165564561500395 0.0 1.758278228075041 1.7582782280748643 1.7582782280750227 1.7582782280749492 1.7582782280749878 0.8791391140374142 1.7582782280749807 1.758278228074855 1.7582782280749771 1.9658148206667965 1.7582782280750164 1.758278228074856 1.7582782280750595 3.624783426788609 0.8791391140374564 1.9658148206669268 1.7582782280750089 1.7582782280750364 3.624783426788633 0.879139114037282 0.8791391140375896 0.8791391140375323 0.8791391140375261 0.8791391140374498 3.6247834267885444 1.7582782280750309 3.6247834267885857 1.9658148206667254 1.758278228074976 1.7582782280748557 1.7582782280750184 1.7582782280749543 1.965814820666812 0.8791391140375833 3.6247834267886136 1.965814820666816 2.486580916569088 1.9658148206667925 0.8791391140375195 0.0 1.7582782280749467 0.0 0.8791391140374977 1.7582782280750577 1.7582782280750098 0.8791391140376918 1.7582782280749942 1.7582782280748828 1.7582782280750873 0.6153973798264392 0.8791391140375474 3.6247834267884707 3.6247834267886363 0.8791391140375633 1.965814820666757 2.4865809165689368 0.8791391140375651 1.7582782280750786 0.8791391140375633 1.7582782280749236 1.965814820666819 3.6247834267886057 1.7582782280750031 1.7582782280751834 0.8791391140375151 3.6247834267886403 0.0 0.8791391140374177 1.965814820666823 1.758278228074972 1.7582782280750124 1.7582782280750247 0.8791391140375283 1.7582782280750107 3.6247834267885666 2.4865809165692876 1.758278228074995 1.7582782280749798 3.624783426788641 3.6247834267886914 1.9658148206668369 0.0 1.7582782280750726 1.7582782280749427 2.4865809165690504 1.9658148206667934 0.8791391140374468 0.8791391140375024 1.9658148206667474 1.7582782280750953 1.7582782280749787 0.8791391140374646 0.8791391140374657 1.758278228074858 0.8791391140375598 1.7582782280751346 3.6247834267886785 1.9658148206669104 2.4865809165690185 0.8791391140375514 1.9658148206668238 1.7582782280748612 1.7582782280750722 1.7582782280748561 1.7582782280750413 0.8791391140374827 0.8791391140375827 1.7582782280749578 1.7582782280750577 0.0 1.7582782280750076 1.758278228075039 0.8791391140374847 1.7582782280750564 0.0 1.7582782280750355 1.9658148206667518 1.965814820666914 1.7582782280750395 0.8791391140375897 0.0 3.6247834267884325 0.8791391140374609 1.758278228074847 3.6247834267885812 1.7582782280750562 1.7582782280750275 0.8791391140375154 1.7582782280749858 1.9658148206669832 1.7582782280749973 1.7582782280748386 1.9658148206668709 0.0 1.9658148206668749 0.8791391140377125 1.9658148206668233 0.8791391140375044 -306.43234977442205 -60.5466683768126 -763.6450865929932 501.9264503891859 -412.4328942008267 -1.6794355471728748 -783.7895706829328 478.78908232987175 -340.45103693253566 -27.758230538555857 -725.8369965720359 519.6483352052711 -375.25358391828024 -12.497474396353631 -778.7690148240455 502.0695923268699 -328.2352449860751 -40.09837777768874 -792.7716344874781 503.0034828544898 -302.47871419963553 -56.10662781924124 -720.2320972879826 516.863710238972 -350.5668430016278 -28.490983417781543 -791.5499954212482 481.66957877409004 -408.82889351442475 1.6990874007932915 -718.8267486550768 521.4279669459349 -416.0134669540469 7.279842113163472 -719.177012535689 527.9441101864363 -397.3752649513629 -1.2876569866860712 -798.1543609444583 496.4824411673412 -334.51003449628934 -30.20848137477621 -770.6120811960507 516.9169461490931 -380.39148956574843 -12.620839084551337 -794.9099456820235 484.65716877044366 -341.28624722553604 -39.38245569746002 -777.4521274378677 496.96996085369 -333.91231321206425 -36.59188120235696 -806.4830844488047 468.7142240048606 -339.6452136109128 -33.82345422372906 -734.3173959914395 524.2300649212718 -306.60106958954657 -50.00050805984167 -791.3416146444038 493.8908240845139 -346.8068259057319 -18.52248999595284 -771.7431911753746 506.1140482223876 -422.51765380632656 23.307791417685923 -808.603290974031 482.94940655177925 -363.0610823169973 -18.895623890122213 -707.4163012218995 523.7059736696723 -417.51968430493736 15.386832053043694 -782.6272256828864 472.72469049742404 -427.21394463744167 10.703329697098548 -713.5531266157699 519.4789076153509 -450.0876383247464 10.442682964802632 -710.1120572426056 529.2018037735058 -397.23712414581286 -7.851493003523818 -803.1380542159155 474.3455314667618 -400.90098398182596 14.412429467576978 -714.6034387054257 525.4712334925526 -347.44764805958806 -38.383410102965975 -824.4500049257078 462.9908302908048 -392.76702405031676 1.4057941409672259 -703.3886689016948 527.6744922691317 -334.9871124207658 -47.49988253029984 -785.3899847086157 503.79758657876425 -328.7047806381433 -27.362042857344132 -826.3818106903582 467.7068759762218 -357.4303499492248 -19.57639795881905 -734.6648852506129 517.0166533087393 -422.7162213693238 16.849929916091696 -784.5649360243988 497.9541471407083 -329.91769122165726 -45.706836594365065 -724.2448292735169 524.180794218387 -445.3065688581974 1.9007166475058501 -749.828279210013 513.3961120172382 -356.2912073108966 -26.109510902127894 -757.6557885117405 519.1234981260088 -320.8032948423376 -40.730771678287724 -816.7102256153426 462.7367818907442 -341.1091107329184 -21.424051984342732 -821.094336239296 475.8745292570127 -387.648630007469 2.983280923707289 -810.9000622601706 474.9780393632325 -392.22484487275216 -7.924542900259365 -752.3478352710301 505.00664187140165 -386.21257164723767 -10.925859930138245 -739.1277026075068 512.8727938843512 -428.29505366634436 19.200027413426756 -751.4098885080765 516.9114372690766 -327.10779347565466 -34.36017332535317 -746.3816915394694 509.3889646813119 -345.9351017150642 -24.389705996311818 -796.499061699599 477.9674814157352 -370.3726147035663 -13.509058237491951 -792.0847838475388 470.93127070581716 -317.98293839144355 -47.449742549556575 -733.4152769197574 520.2914708465125 -387.5308470843988 -3.3030150567180043 -758.6192371376727 506.4520857943574 -407.0096805437053 15.092107464663268 -792.8619774528996 511.0942830394257 -382.0960298158417 -4.704384355389741 -800.3240912409677 481.12929309198097 -342.50159449740113 -45.519068949205966 -741.4461666428532 521.2716313757575 -311.0102847794491 -51.10422665785543 -782.777981550169 514.2334410675761 -403.13588909882674 -2.569424274616 -781.7090204683983 487.87765863035185 -366.81138842918153 -24.560750852790417 -767.9434535924026 498.0234125932573 -323.54821665569864 -45.96828559859641 -801.5422880567564 487.9919718582834 -460.01507625683223 25.933126821864477 -782.9558780219634 492.94061603551563 -359.2517351933806 -13.641714150394362 -753.8182861253359 509.89152537574523 -344.9161913090604 -31.01884088858242 -812.3937210898374 471.5470627283491 -407.17506273114043 -11.272687482611694 -813.547579143998 467.5267649747102 -353.099025181125 -37.472339045557625 -771.5942551027476 501.0809127171345 -432.6069891927004 5.778053589472329 -806.9015096207875 478.48456562993005 -421.1637504244428 0.5055910055691377 -773.4851247130848 512.47413614366 -361.09768989245276 -26.04260398158287 -777.189092373913 478.740434989373 -376.31977264398165 -6.275989129194778 -784.6322477281572 484.48129205332486 -401.08489037358686 8.549822181897037 -821.1608752656862 471.97182788214667 -412.2036513926085 15.640866731044937 -798.8235583168491 470.9296316646585 -463.88528358759004 32.55483733577316 -789.6832045752687 489.59490204757435 -404.7511177545378 21.653831516852613 -743.5193658545592 516.2812329539789 -351.46070077524325 -20.987881298378305 -788.8828759107114 474.65603517315276 -395.4069004346556 7.4956197371055495 -727.3359414336245 515.5695733588241 -406.8258480726284 7.2884896895021996 -781.1280456385571 510.16391768014944 -353.50915392486553 -14.271407199851174 -735.2574433505081 509.63751849966474 -315.69053410495707 -43.083176501006676 -763.7900011322916 514.5589199766764 -456.07819133628476 19.498032861045306 -749.8073560866712 521.1330268641797
1750.0048193674556 3.5165564561500093 1.7582782280751252 0.8791391140375463 1.9658148206668349 0.879139114037554 1.7582782280751652 0.879139114037552 1.758278228074915 1.9658148206668125 1.7582782280749603 1.9658148206668258 1.7582782280752467 1.7582782280750326 1.9658148206670227 0.8791391140374658 5.274834684225028 1.7582782280750167 2.4865809165690624 1.7582782280750797 0.8791391140375616 1.7582782280750384 0.8791391140374751 1.758278228074984 0.8791391140375703 0.8791391140375413 1.9658148206668768 0.8791391140375621 3.6247834267886185 0.8791391140374513 1.7582782280750677 3.6247834267886643 1.7582782280752114 3.6247834267886083 0.8791391140375299 1.9658148206668309 0.8791391140376268 3.6247834267886057 1.7582782280749785 1.7582782280749865 1.7582782280749234 0.8791391140375681 1.7582782280750733 1.75827822807502 2.4865809165689345 1.7582782280750098 0.8791391140374364 3.6247834267885417 1.9658148206669632 0.8791391140374422 1.7582782280750247 2.4865809165691264 3.6247834267886034 0.879139114037554 1.7582782280751192 2.4865809165690504 1.7582782280749656 1.9658148206667998 0.8791391140374383 3.6247834267885546 0.8791391140374921 1.758278228075048 3.624783426788713 1.965814820666828 1.7582782280749387 0.8791391140374414 1.75827822807502 0.8791391140374638 1.9658148206667314 1.758278228075003 1.7582782280749905 1.7582782280751077 1.7582782280750027 1.758278228075083 1.758278228074879 1.9658148206668098 0.8791391140373017 1.7582782280749985 1.7582782280751947 1.7582782280749822 1.7582782280751206 1.7582782280750433 0.8791391140375415 1.7582782280750053 0.0 1.965814820666812 1.7582782280748617 1.965814820666761 0.8791391140374039 0.8791391140375197 1.7582782280750446 2.4865809165690513 1.7582782280750342 1.7582782280750606 1.7582782280752425 1.965814820666739 1.9658148206667634 1.758278228075003 1.7582782280751479 1.758278228075008 1.7582782280750837 0.8791391140375588 0.8791391140375059 0.0 0.8791391140375392 1.7582782280750762 1.7582782280751086 0.8791391140375152 0.0 1.7582782280750853 2.4865809165688786 1.7582782280750129 0.0 0.8791391140374372 1.7582782280749965 0.8791391140374857 3.6247834267885026 0.8791391140375551 1.7582782280749412 0.0 3.6247834267884285 1.758278228075035 0.8791391140375762 1.7582782280750635 0.8791391140375443 1.2307947596525366 0.8791391140374573 1.965814820666766 2.4865809165690784 2.4865809165690607 3.6247834267885284 1.7582782280749911 3.6247834267884778 0.8791391140374448 1.7582782280750104 0.0 3.6247834267886176 3.6247834267886283 0.8791391140373651 1.9658148206668224 3.62478342678886 -308.467624589145 -59.01038025097376 -761.0625434707503 504.1327157398021 -413.39396945611526 -1.1611156759478445 -780.0238454531143 479.93534507504603 -341.8871639724919 -25.782185954317722 -721.6841873986077 521.2556081917362 -378.40172040965194 -9.343021570539099 -776.4071809414812 502.73473809584 -331.1301894301036 -37.374251291729585 -791.3693536456838 503.4949190112931 -305.195722790527 -54.4662294270764 -716.705729016832 519.0962927005061 -352.7684500966472 -25.86369938700015 -787.0523454878459 481.4524126516388 -410.43319247340065 3.5561038279287622 -714.3002393456757 523.6346635883805 -417.61673497324557 9.138063671104527 -715.8386815268631 528.6506151086452 -399.94541861538187 1.083216089744797 -795.6224910433602 496.17421327324666 -335.6598612884623 -28.629480576690575 -768.5593749002539 516.5405470318331 -383.05368428835806 -9.720460416764762 -790.0958317386765 485.48487390999264 -343.1186173426799 -37.69560676719438 -773.1241890325193 497.73520522873406 -336.22889072334743 -34.65504564854096 -801.1880235330922 469.62084258023435 -342.15788929745725 -32.02701433924541 -729.4282874322844 524.7099810210173 -310.10589489014825 -48.935935122003904 -788.0138451522131 494.71447692614214 -350.0639900195089 -14.850324833466683 -769.8213879604135 506.4546534373605 -425.6110152643236 24.700956121927085 -805.8387776646712 484.16612958972786 -365.73393522828866 -16.003631883745296 -704.2374641083707 525.156340648002 -420.0407461666951 16.006186920736642 -779.2325365725569 476.0342096472415 -429.1252772695439 11.760675913903981 -709.8823487458842 520.9991268578511 -451.81529429400166 12.818362938636335 -706.0356940227314 531.0912924471857 -399.16172027410585 -6.820271761428324 -801.0890742542933 473.95313576997887 -403.6909590408135 17.525652122348763 -709.4021053806202 526.8303461678255 -348.8648367782812 -35.18715284312098 -819.1131325271368 463.65558143836114 -397.1803610143026 4.2684515348419385 -699.2375784111522 529.5271478885625 -336.4108676479355 -44.30683874747576 -783.5491268998333 504.6146926870183 -331.3086404046753 -25.030155159354663 -823.2051577191157 466.51563429135666 -360.70401602160564 -17.11627698218713 -730.7388668786748 517.3020316758552 -425.6921194884653 18.929306050566836 -781.1959983869477 498.5393340249271 -331.5551358822569 -43.878632709517376 -720.5234100275942 525.4634701907509 -446.78829285739124 3.8589601188789997 -742.915124843085 514.9521160629762 -358.11808608205365 -24.41583542063144 -755.7370390887284 519.4836161208734 -323.5942933487192 -37.32633451169578 -811.7724079321433 462.8382825256675 -344.19314529684607 -18.831347213991947 -818.1235238195053 475.88700126052373 -391.0174165233461 4.7877947797939555 -808.1352141871315 476.1942498472945 -393.71880879796254 -5.392498972091452 -747.6820408050575 506.6221397796351 -388.672378860836 -7.880968367962965 -735.823246575064 513.7664183593848 -430.3943346270826 21.302212453766177 -748.6220643704495 517.9366774523146 -328.92501544923 -31.453728314163595 -742.6387423069085 510.6046101966449 -348.9074285159476 -21.114651371106195 -794.5734705453497 478.29832088168274 -372.61393284603867 -13.308528505106061 -786.7490260183514 471.5997288258753 -320.1982584838671 -44.83495642012939 -729.5310740229337 520.8215648002448 -391.4658507234821 -0.7038889881782493 -754.3826452917327 507.72976256105403 -408.4158902108048 17.088463708143898 -791.0203671356742 511.9109488656976 -384.3878384796749 -2.7404168192161147 -795.5924628381049 482.4368076420725 -344.62236643167563 -43.43879284414886 -737.180641294354 522.3522502986649 -315.4584854646502 -47.097087166320065 -780.8114816591567 514.3300305206168 -404.8238656846973 -0.17434788493235515 -778.0258610422026 489.5091509974649 -369.4877383746256 -21.672176002972638 -763.7477890473293 499.51565409276213 -325.36852622198194 -43.06478253918599 -799.1769212533766 488.6455998376708 -461.0876838238281 28.702868197000093 -781.1154752429388 493.7566559662631 -362.5231067162155 -11.176470145506118 -749.2857521215378 512.2296868301655 -347.60649112569797 -28.142784189782812 -809.8630800645311 471.23653800218676 -408.78220945188514 -9.417402972261062 -808.5273037529812 467.14694696128237 -354.9079012723903 -34.56081266823338 -769.6293995926069 501.18142446410997 -434.03586645678774 6.580140019561121 -802.7748766545488 480.4305176629696 -421.0041478433062 2.406306126306772 -770.5167750212369 512.5088663985792 -362.8573968191276 -26.108674061917025 -772.5449720207642 480.5386943023489 -379.7487220306807 -2.719646009281312 -781.3047281031029 485.30504004567666 -402.77232900857723 10.945371746880447 -817.6262262815056 471.5851938331795 -414.45504366555434 18.83434050971119 -794.2504041052221 471.71336968285374 -465.0695206675482 35.76258958841818 -787.7581201490702 489.92681679216975 -407.12366473660745 24.163667441237678 -738.0456383583754 518.8297575086145 -354.7165300911832 -17.31343829072864 -786.0774489955443 475.6351890973366 -397.8232302734045 11.768312198336725 -723.5088303208555 516.3554548164535 -407.63210590243096 9.707092986819886 -777.6337260187149 510.0375775531314 -356.0767476855603 -10.703114969025112 -730.5142052884511 510.82850810316137 -318.3912918732942 -40.217616153544036 -761.9593443501758 515.3892501374413 -457.15249907750547 22.266134079881784 -745.5374747378113 522.1983385451389
1760.0048193674556 3.516556456150004 0.8791391140374734 1.7582782280750098 0.8791391140374618 0.8791391140375167 1.7582782280748805 0.8791391140375723 2.486580916569198 1.7582782280750398 0.87913911403755 0.0 1.758278228075112 3.6247834267885386 1.7582782280748412 1.7582782280749805 1.758278228074983 1.7582782280750737 1.7582782280749147 1.758278228074978 1.7582782280749205 1.758278228074989 1.7582782280751483 1.7582782280750016 0.8791391140375149 1.7582782280750056 1.7582782280748925 1.7582782280750056 1.9658148206666666 3.6247834267885737 2.486580916569021 1.758278228075089 1.758278228075085 1.9658148206667698 0.8791391140374971 3.6247834267886154 1.7582782280748666 3.6247834267886403 3.6247834267885732 0.8791391140374473 1.9658148206667378 1.7582782280750429 1.965814820666738 0.8791391140375654 3.6247834267887495 0.8791391140374929 0.8791391140374228 1.7582782280750529 0.879139114037665 0.8791391140374308 1.7582782280748703 0.8791391140375368 3.6247834267885577 0.8791391140375387 0.0 2.486580916569033 3.516556456150043 0.8791391140375788 1.9658148206668005 0.8791391140375654 0.8791391140375235 1.7582782280750893 1.7582782280749507 1.758278228075077 3.6247834267886603 1.7582782280750613 0.8791391140375648 1.7582782280749751 0.0 3.6247834267885937 1.7582782280752056 1.9658148206667894 1.7582782280749054 1.758278228074994 1.7582782280751665 1.7582782280750135 3.6247834267888033 0.0 0.8791391140374204 1.7582782280750162 2.4865809165690136 2.486580916569022 0.8791391140375948 0.8791391140374847 2.4865809165691495 1.7582782280750793 0.8791391140373335 0.8791391140375692 0.879139114037505 0.8791391140374625 0.8791391140376011 1.7582782280750702 0.879139114037481 0.8791391140374436 0.8791391140373637 0.0 0.8791391140375631 0.8791391140375623 2.4865809165690083 0.8791391140374438 1.9658148206666926 1.7582782280750813 0.8791391140375461 1.9658148206668589 0.0 3.6247834267886123 0.8791391140374831 0.8791391140374734 1.7582782280750513 1.96581482066682 1.9658148206667738 1.7582782280750093 1.7582782280751215 0.8791391140375112 1.7582782280751241 1.758278228075049 0.8791391140376423 1.7582782280749953 0.0 1.965814820666842 0.8791391140375238 1.7582782280750837 1.7582782280750373 1.7582782280749945 1.7582782280751987 1.230794759652537 1.7582782280748308 1.9658148206667858 1.7582782280748885 1.758278228075012 1.7582782280752007 1.9658148206668669 3.6247834267887264 1.7582782280750426 1.7582782280749967 1.965814820666785 0.0 1.9658148206668953 2.4865809165691846 1.9658148206668284 1.7582782280749476 -311.16682483751885 -56.14297109892815 -759.4259669018072 505.9408761668774 -413.955174993948 -0.36162443741419126 -777.7040237108026 480.84292242562753 -343.20156820883517 -23.117596829201585 -718.2479672314182 521.5453709658752 -380.01027191970627 -7.490267097394554 -773.3907613664843 502.5496176832004 -332.7195594012338 -33.096454939335445 -788.3960763149676 503.52682463254945 -307.80278452192914 -52.138275081892026 -712.2059486352066 520.1664333866757 -355.72432519748656 -22.57453118140526 -784.2512222512937 482.4420371134045 -412.9974046424629 5.932968108300398 -710.6336054005078 525.0416067413627 -419.13882942648246 10.45642969655816 -711.0802616960386 529.8071628726517 -402.9931254542719 3.716154276557965 -793.0904420232232 495.8774339936205 -337.94481771015603 -25.46097700004353 -765.7271587710752 517.336226332007 -386.10457433492246 -7.092340027657198 -786.2874922097211 486.4055951567023 -345.31620318829675 -35.06615628643802 -769.326466751132 498.6929599383921 -338.8037305255154 -31.093343392519493 -796.8980146179867 470.6132784381123 -344.83766399759276 -29.14220975302153 -725.9298137333635 526.9801139779934 -313.3949678681063 -46.497499826317835 -784.6053524510941 495.07189671759045 -353.8128822569024 -12.127456830992323 -768.8595867591009 506.63615926945914 -428.6459126495967 28.535474000445983 -803.0769581275009 485.38843445444417 -367.9969720595598 -12.81951640334748 -698.2168854018053 527.2541006280062 -421.5622237973247 17.32545999775156 -774.5515633299686 477.6056466022582 -430.7056210501845 13.637978599717371 -704.9007153145795 523.2116202195255 -454.0181384581257 13.267941060902135 -700.0246738973624 533.1977674851063 -401.24867394686225 -4.705527596013248 -797.7625568728992 474.7772244544631 -405.0970138485983 19.522329313174055 -704.8888472806987 528.957494755417 -351.3704458065365 -33.37995935346948 -814.3412055286232 464.72329154414734 -399.03031306408275 7.744518439046882 -693.416153689407 531.9906165043362 -339.0969490470425 -41.42860571756717 -780.4498079582222 503.9365611586879 -333.77015573784234 -20.783801161880564 -819.437121975023 467.6584196243838 -362.8867172399449 -14.472495714314654 -725.0136539463314 518.5544317078496 -428.0745613404244 21.429402340058942 -778.2278653302341 498.58211080485466 -334.81782771529083 -40.21114325984106 -717.6108729729867 525.8956829082426 -447.9853328375837 5.422390955160612 -737.7088226067374 516.2830313588868 -361.0711233063273 -21.1236066495393 -753.819608056977 519.8640433423811 -326.371624599817 -33.91121652068399 -807.4414815433929 463.58470699978096 -348.11623145163867 -15.034754757487066 -815.2351814322452 476.3847855153276 -393.74795605355 8.241087491299977 -805.1643144409192 476.21260764792186 -397.13061604631736 -1.8218194977682698 -744.0908263018295 508.5946224954978 -391.7227513995741 -5.251462568259613 -730.567633939622 514.8947867959148 -433.45846404597495 23.916053750642668 -746.6566736064395 518.0848962965528 -331.5889445500065 -27.352563309339473 -738.48800980083 512.2053855204804 -351.09660648267175 -18.478777818043156 -792.6472875633035 478.63510280219356 -373.6593625298977 -12.253892620439588 -782.9408813028936 472.51739869737156 -324.3442246595605 -41.208521511451366 -725.3939337784974 522.4816631853408 -393.43433910651976 2.0913281592732824 -752.7067440100344 509.3060851277692 -410.98558940771375 19.459406279972526 -788.6151304362622 512.3419669482948 -388.31859425917327 -0.133167929205105 -792.7910907477207 483.421428260161 -346.6467900299394 -41.88928549987113 -733.7094130123246 524.8250215290391 -319.01482737243674 -43.040326170852104 -777.9314043245957 514.8586969189147 -406.7467180815117 0.8615201514587836 -774.7041514127859 490.36073792054844 -370.9334700079594 -20.903299800714322 -760.4368355368083 500.3972623195254 -329.9076319922807 -39.722045580789654 -796.8121144791954 489.3079660890384 -463.32257409542274 31.382384441918113 -777.7091420806115 494.1202724738001 -364.8673431896354 -7.449551490074827 -746.4687666888702 513.0496135598227 -350.28389745787456 -25.253836357632707 -807.142753212824 472.6975549817803 -409.4687515306637 -6.31780285757892 -804.4461779551111 469.33903725010487 -356.92800218035774 -33.00411962415297 -766.3997588002388 502.53056374808807 -434.17222964450025 7.660604551886879 -800.0552764154919 481.89542328042575 -423.48355734690386 4.248878756519863 -767.9812884966443 512.2395900230465 -364.3888729200905 -24.803136660887258 -769.8817872169604 482.2606728557292 -382.7180294130719 -0.6304355274331342 -778.9404128708129 485.97832965961027 -405.61992307872066 13.719310870739436 -814.3399484354617 472.6460900799415 -416.3080445973277 22.308770571322107 -789.6071966810298 473.51656910563605 -466.9331224365695 38.15982760204058 -783.9107219367335 490.60796390326954 -409.2154076251425 26.273235010139047 -733.8964230399272 520.4541595554026 -357.9532983051526 -13.622265161195712 -781.8738449348265 477.1183820211623 -400.1913090818295 14.282173863261033 -719.4847448152154 516.2672877871134 -409.6368646377624 11.282038230569421 -776.0590066638589 509.583815981969 -360.18897466807704 -7.0332749520261455 -727.2668345583144 512.0301440105803 -320.0950253896233 -36.625564495342964 -759.4198322690941 515.1393016562911 -458.91886266029917 22.97212076595708 -742.613978724399 522.5478374515646
1770.0048193674556 1.9658148206667794 0.8791391140375122 1.7582782280750007 0.8791391140374849 3.6247834267885652 3.6247834267885723 3.6247834267886585 0.0 0.8791391140374633 1.7582782280751015 1.9658148206668549 3.6247834267886416 1.7582782280750082 3.6247834267887815 0.8791391140375023 1.758278228075042 0.8791391140375787 1.7582782280749647 1.7582782280750746 0.8791391140374915 1.7582782280749774 1.7582782280748304 1.7582782280750016 0.8791391140375233 0.8791391140374663 0.8791391140375651 1.7582782280750444 1.7582782280751699 0.8791391140375903 3.6247834267884125 1.7582782280750127 1.7582782280751994 3.6247834267886074 3.6247834267887713 1.7582782280750644 0.8791391140375298 1.758278228075083 1.965814820666615 1.7582782280750462 1.965814820666962 1.7582782280750846 1.9658148206667045 0.0 1.96581482066685 0.8791391140375887 1.7582782280750529 1.7582782280750773 1.7582782280751441 1.7582782280750509 1.7582782280750506 0.8791391140375444 0.6153973798264027 0.8791391140374761 0.8791391140375548 1.965814820666884 3.5165564561502136 0.8791391140375967 1.7582782280749922 0.8791391140374554 0.8791391140374759 1.758278228075062 3.6247834267886025 0.8791391140375664 3.624783426788741 0.8791391140375516 0.8791391140375524 0.8791391140374982 1.965814820666918 1.9658148206668324 1.7582782280748648 0.0 1.7582782280748501 0.0 0.0 0.8791391140375299 3.6247834267884245 1.9658148206669104 1.7582782280748017 0.8791391140375233 1.7582782280751594 0.8791391140374443 0.8791391140375172 1.7582782280750504 1.9658148206666006 3.6247834267886363 3.6247834267884493 2.4865809165690322 1.7582782280751492 0.879139114037466 0.8791391140376837 1.7582782280749847 1.7582782280749798 0.8791391140374657 0.8791391140375443 1.7582782280750378 1.7582782280749334 1.7582782280749802 1.7582782280749267 0.8791391140375456 0.0 0.8791391140374963 0.8791391140375963 0.0 1.7582782280749647 3.6247834267885777 1.7582782280750788 0.8791391140375613 1.7582782280749831 0.8791391140375898 0.0 1.7582782280750315 1.7582782280748297 1.7582782280750293 0.8791391140374099 0.879139114037567 0.8791391140376618 1.9658148206668378 2.4865809165691855 1.965814820666793 1.7582782280748566 1.7582782280750264 1.7582782280752127 0.8791391140375642 0.8791391140376077 0.615397379826205 1.7582782280750313 1.7582782280749898 0.0 1.758278228074988 2.486580916568979 1.9658148206667818 1.965814820666827 1.7582782280750562 1.7582782280748388 1.7582782280750275 2.486580916568864 0.0 1.7582782280749047 1.965814820666856 1.7582782280751932 -313.7658214857262 -53.804382083154024 -755.647804182489 506.98748057858614 -417.31683393869594 1.459906838202353 -773.427666713011 481.8966135103382 -345.6663234344915 -20.076219218149383 -714.1361478014147 523.1580835605617 -381.69714658331554 -5.093898590078036 -770.610020886559 503.5969776713735 -334.91221697910817 -30.461568455306402 -785.9511471776941 503.74171992131556 -310.5095541086362 -50.48162652877004 -708.1038176831573 521.7954938537342 -357.98709942727396 -19.38808501406807 -781.4565621579968 483.4560696288954 -414.03785349697455 6.992734377347143 -707.8096884002728 525.8225704087253 -420.7404175087938 12.316178698685073 -707.717862178962 530.478761748862 -405.72018685294637 7.172136101189762 -791.5131585979909 495.4221522150105 -339.7346357078479 -22.536995007505094 -763.284768884013 517.6020908281984 -388.1093865958651 -5.5173094338641135 -783.4955114812002 487.41949056839405 -346.93590458963945 -33.22169990262523 -766.120615213022 500.0864871854624 -340.5948471472677 -28.171232732946503 -792.2195490285114 472.1963716274815 -346.14278866475587 -26.472097545779807 -722.2145934294682 528.187816549114 -315.131626190753 -45.34349650198426 -781.2930793599128 495.9416930133653 -357.03664814743667 -8.424821447116368 -766.5122873540157 507.3635965636112 -431.92347418265484 30.397172941951812 -801.3280828329462 486.69250860194677 -371.21404899114776 -9.112508639464872 -693.1294675803993 528.9964824515688 -423.2422498716051 19.726509667284315 -768.8801792909117 479.1675460446557 -432.76345704791777 15.780714696755565 -700.8667851364378 525.1082545361857 -455.12527761758764 14.892568407271003 -696.1368696754529 533.82187835136 -401.89187919379384 -3.3662875195181687 -795.0088583383193 476.0143531999226 -408.5080943703294 23.093900472527306 -699.5203772458303 529.7222662078264 -353.46993698501126 -31.278715363350173 -809.2761299512704 464.1231720501695 -402.158261323896 10.918961826374394 -689.4106841147856 533.4091635787885 -341.2036184255219 -39.33465831604385 -778.5278474192353 504.30370783244416 -337.20500192547183 -17.237454732995317 -812.5333071116189 467.87266374703074 -365.6835804784724 -11.36571893073822 -721.4114026988653 520.231184887463 -428.6972977946205 23.98479270374419 -775.9706128382509 499.75999128905744 -337.9538672882945 -35.848609490286925 -713.9131012586614 527.1578004315961 -449.4382963126021 7.405596754242756 -733.8506029993645 516.9497049351098 -363.1661268625513 -19.015882139435213 -751.486559071164 520.6191212700536 -328.6528952059368 -30.739282830006513 -801.5005319263722 463.64431077460404 -351.74176249703896 -11.618373467667926 -811.9102483771381 477.2197717359794 -395.71518995599916 11.037230708762053 -801.8401419821474 477.0478994739584 -399.7403943117863 2.3135823971578375 -739.7477014905976 509.3183615025176 -393.6090724690981 -2.9955501236524817 -726.3578604070743 516.1881689655913 -434.8472726561069 27.124891303938462 -743.4259026916895 519.3155020028594 -334.26140902095034 -24.461318770633312 -734.0970289138272 512.7305158242342 -352.8270983997043 -17.311371884408448 -788.3675141667808 479.66116479772296 -376.22788230950766 -9.881533701803614 -778.7956308412624 474.2750915861836 -327.0242037726081 -38.32412774326073 -721.8517747445377 524.3926172780021 -396.443504268501 5.945743500011486 -749.8897909515049 510.1679060880034 -413.19024661606943 20.89364892779689 -786.6053333938532 512.2260187779298 -390.8484233174933 3.4616140063852257 -790.2566794491348 483.1380162731349 -347.3873740152258 -40.01681706495596 -730.2716876752273 525.1526411397774 -321.21251798981706 -40.4110500377073 -773.5706881301608 515.4765215701651 -408.5502080351489 2.578963854888132 -771.3959788653957 491.2499269260931 -373.50629002593155 -18.53513298752435 -757.1879102452517 501.56970791923965 -331.7312918195132 -38.02607181328629 -793.405121244421 489.6789604258694 -464.1818362195353 33.13270852623709 -774.3544034173693 494.7616981840552 -368.539610675914 -4.362656745446937 -744.241539412114 514.3065580423853 -352.12819795825527 -24.767541428152313 -804.1725564330865 472.72664622794986 -410.9531604964787 -3.7792820660106257 -799.9902502997531 469.38380945067956 -358.8570217854692 -31.980149353836573 -762.1860694756617 503.8796099696097 -435.7131748115217 9.569322521914458 -797.9598386207366 481.2789837111145 -424.52109341010174 5.311825645665086 -766.0708169857147 512.6319976300865 -366.0852606657808 -22.412841705212884 -767.092339636601 485.79145518450497 -385.40307543417924 1.062934139386663 -775.1449779173869 486.9401970225755 -407.9860004226524 16.2350671779751 -810.9303049826162 472.9977224659497 -418.9595376629077 25.219648280580323 -786.0262826160305 475.65921367832584 -467.9331371803777 40.276596279110365 -781.5559139759754 491.298698974758 -412.3535029273458 29.437026746378415 -731.5794939243129 521.270698989714 -360.8105374996024 -10.857638807064943 -777.6886566122388 478.63986715516586 -403.4020160003872 17.994920900923837 -715.0723596898777 518.6964653539006 -411.4419598590603 12.997823433309884 -774.5749346342544 509.6293562934132 -363.6416666534468 -4.687972384168658 -722.584585122861 513.4379196158388 -322.8863236286794 -34.42419866144998 -757.0846078724772 515.8862342634432 -460.8843463018552 25.80934757036446 -738.86432061484 523.6761427555152
1780.0048193674556 0.879139114037519 1.758278228074931 1.7582782280749798 0.8791391140374466 1.7582782280750826 1.7582782280750917 1.758278228075073 1.7582782280748765 1.9658148206669017 1.7582782280751958 0.0 1.7582782280748228 0.8791391140375899 0.8791391140375783 1.7582782280750406 1.9658148206667925 1.7582782280750078 3.62478342678882 2.4865809165689505 0.8791391140375141 0.0 0.8791391140375623 1.7582782280750007 1.7582782280750016 1.758278228075035 1.7582782280751683 0.8791391140374887 1.7582782280750298 1.9658148206668278 1.9658148206668133 1.7582782280749796 1.7582782280748281 3.6247834267885564 1.7582782280751719 3.6247834267886123 0.8791391140376229 1.758278228075082 5.274834684225128 3.624783426788605 2.4865809165688826 1.7582782280750686 1.7582782280751605 1.965814820666814 3.6247834267885017 0.8791391140374819 1.7582782280750289 1.7582782280750355 3.6247834267886634 1.7582782280750335 1.7582782280748546 0.879139114037523 3.6247834267884933 0.8791391140374827 0.8791391140375138 3.6247834267885732 0.8791391140374571 1.965814820666756 1.7582782280751665 0.8791391140375154 0.8791391140375953 0.8791391140375925 3.6247834267887336 0.8791391140376013 1.7582782280749947 1.7582782280750566 0.8791391140374134 1.7582782280750229 0.0 1.9658148206669108 0.8791391140376021 2.4865809165690296 1.7582782280751228 0.8791391140375607 1.7582782280750366 1.7582782280750227 1.7582782280751454 1.965814820666836 1.7582782280751805 1.7582782280749552 0.0 0.8791391140375209 0.0 1.7582782280749745 3.624783426788685 0.8791391140375842 1.9658148206668338 2.4865809165690185 0.8791391140373861 0.8791391140375452 0.8791391140373445 1.9658148206668358 1.7582782280748726 1.758278228075038 1.7582782280749834 1.7582782280750346 0.0 0.0 1.9658148206667125 1.758278228075049 0.0 0.8791391140375819 1.7582782280749567 1.9658148206668373 1.7582782280751994 2.486580916569051 1.7582782280749727 3.6247834267886225 0.8791391140374428 1.758278228075047 3.6247834267885084 0.8791391140374876 0.8791391140376095 0.8791391140375763 0.8791391140374749 1.7582782280749856 0.8791391140374071 1.758278228075033 1.9658148206669268 0.0 1.758278228075144 0.8791391140374635 0.879139114037506 1.7582782280749865 3.6247834267885355 0.615397379826205 1.7582782280752283 1.7582782280750286 1.7582782280749205 0.879139114037502 1.7582782280750118 3.6247834267885817 0.0 3.6247834267885346 1.7582782280749034 1.7582782280750446 1.7582782280750047 2.4865809165690447 1.7582782280748488 0.0 1.7582782280750175 -316.5295533165823 -50.378498758737244 -751.3685819939577 507.9949194314082 -418.1977681735679 1.4413607060251117 -770.2657550090349 483.53454797579246 -348.47259815619964 -19.07024891802856 -711.0527619973325 524.8137433802852 -383.90075137507495 -3.6578691714751517 -766.8964335772034 504.90415597610746 -336.4968956660931 -27.392042041339394 -783.1790061505345 504.8045599745291 -313.18746077683744 -47.59469303036225 -704.6292459973079 523.8311054450295 -359.1966008202771 -17.25268781179992 -779.5404861671873 483.83040330778834 -416.51886515797264 8.832935528134247 -702.5345423415547 528.6517078487645 -422.97877995087595 15.519039448338942 -701.3741353745618 533.1274530399202 -408.12225981843443 8.470194526437634 -789.1648546445181 496.1291675295936 -341.6308544160893 -20.288652492920875 -759.841132582002 517.8920466228702 -390.15650770597966 -2.180363364360103 -781.6295725704346 488.04312538333085 -348.71663410036274 -30.29360922819896 -764.6908895790631 500.41168208995526 -343.173785362478 -25.809007325970768 -788.4734703813441 473.4032592816487 -348.9176787717321 -24.248746779622515 -716.0946566448918 529.9044393616002 -318.3748676368946 -41.66001980445053 -776.9403804412946 496.5787643649398 -360.61475459937117 -3.7765301866953376 -762.3784506859568 509.04166999729654 -434.3911553101852 33.43642643195208 -799.9347007357725 487.206393608429 -372.6197986959638 -7.1159137285038305 -688.9307455176049 530.2976256509204 -424.99806611038076 22.66978735265681 -764.8136520293697 481.2503377401919 -433.46209137337115 17.67030252139582 -696.9384286595633 527.2984929726261 -457.70059429625815 17.450402125368676 -689.9943999166816 535.4414093446735 -403.4948095489723 -1.5077435783614028 -792.6130486059799 476.467079392647 -411.5587293651627 25.723367620836804 -695.0563823096797 531.8385739671428 -355.1654486296108 -28.88894413625861 -805.2580167775814 463.86229826830424 -405.6840175906789 13.814196395802572 -683.6772579305459 534.3077842794956 -343.21825287048887 -37.771910471687576 -776.0878117925826 504.56106092166266 -340.2611022109125 -14.614389611647741 -807.9911622422118 467.45319503899987 -367.85285082284787 -8.71182181337488 -718.2463527379539 521.6238292314919 -430.115333543218 25.972957542299657 -773.6294926392098 500.5005711632493 -340.70325593017554 -32.41056429592345 -708.9586775671933 529.3661558591723 -450.8293158949792 8.859885233563764 -730.010800627293 517.7088924774694 -365.42000207125466 -15.823940382221991 -749.4151380005261 520.3687841346153 -331.09212910199216 -28.579295651406046 -797.6146582526741 464.11448904799397 -355.5914496118372 -9.55352873453016 -809.986555932194 477.56893514505185 -397.84338354868044 14.914287478659894 -798.5712996402257 478.1580131232806 -402.3042927974896 4.690886270662828 -736.9095914471312 510.0401948424894 -395.93613516957834 0.7414870989427227 -723.1233559650195 517.3161754983348 -436.5489214288923 29.510684469737768 -741.0015045402984 519.6818171053111 -334.9963782108634 -22.585854990182312 -730.7904127155929 513.5849910772432 -354.0713761867609 -16.39671672000063 -783.9117184728665 479.7760446306055 -378.47582138745724 -6.685678167538735 -774.5761478453483 475.614987178285 -329.6932452660049 -35.429014066126044 -718.686483756983 525.7886866492672 -400.04998843608047 9.381106038470085 -745.2004157641206 511.55608852372427 -416.1193322325408 24.207554511767086 -784.7403648287465 512.852553495427 -394.255768565177 7.0365287248741595 -787.7193393705846 482.88527210136954 -348.7726328513802 -36.80608890572943 -725.6180699571422 526.6569698702544 -324.7354824860954 -36.32500354531602 -772.0358388326052 515.3094591121994 -410.4332843148304 4.837581240330264 -767.424936466482 491.331303881444 -375.59370211963596 -16.42123212600327 -752.4851175349777 502.9165184450587 -335.36485826668223 -34.61806129442359 -790.1891627542169 491.049438369072 -465.8877509842884 34.49551922964453 -770.8103798942007 494.5055864856593 -372.6299863911343 -0.672184726185395 -740.5081558571737 515.4953618850684 -354.7002620304262 -22.399225410969628 -800.3295171585428 473.4343300515383 -412.95447102630976 -2.199803097546949 -795.7107233428553 470.4292475349205 -360.0688292023491 -29.846153049208894 -758.9013132646876 504.86519275619986 -437.77571667058476 12.307682937807797 -795.7001853160568 482.4521764910992 -425.23422198410015 7.195279567963197 -762.6776691388932 513.1403756645863 -368.17419536895204 -20.30052409176041 -764.5872554364475 488.08130307104415 -388.64892189680796 3.557454661138903 -773.282255961189 487.56277374454487 -411.03206053122426 18.870035668733856 -809.0075865891226 473.3478692416359 -422.1769039381665 28.92655484651996 -780.9913406940125 476.64455810989733 -469.0684905780859 41.58315550722423 -779.255546832545 492.2643820278117 -415.4117606265854 32.05756643859689 -727.8742835599411 522.5293834025694 -361.2560119528521 -9.379118247066444 -772.8493969818769 479.3574744187405 -406.4492409804065 20.628454338998917 -711.5189554645725 520.485786401275 -413.4448966355748 14.574765243831688 -770.6558101180608 509.982555171507 -367.2079842317083 -3.017868159172746 -718.0791113388325 515.4386263245552 -325.32903164654715 -30.16606268080966 -753.5903449611462 515.9732051985405 -461.74094291607895 26.48625906635163 -735.9083672583522 523.9416497179155
1790.0048193674556 0.8791391140374907 3.624783426788749 0.8791391140374993 3.6247834267887415 1.7582782280750107 1.7582782280749611 1.7582782280750335 1.7582782280751474 3.6247834267886563 0.8791391140374946 3.6247834267885826 1.7582782280751272 3.624783426788593 2.486580916569226 1.7582782280750353 1.9658148206669108 0.8791391140375195 1.9658148206667834 0.0 0.8791391140375476 2.4865809165690513 0.8791391140373638 0.8791391140375368 1.7582782280748923 3.6247834267885866 1.7582782280752027 1.7582782280750417 0.8791391140375855 1.7582782280749951 1.7582782280750333 1.7582782280750775 2.4865809165690616 1.7582782280750637 0.8791391140375481 3.6247834267886123 1.7582782280750255 1.7582782280749796 1.7582782280752218 0.8791391140374913 1.7582782280749658 0.8791391140374613 0.0 1.7582782280751066 2.4865809165688146 1.7582782280749714 1.7582782280749718 2.4865809165690234 2.4865809165691313 0.8791391140375936 1.96581482066687 3.6247834267885737 1.7582782280750797 1.758278228075073 3.624783426788725 1.7582782280749831 0.8791391140376146 1.7582782280750222 0.8791391140373288 1.7582782280749922 3.6247834267886057 0.87913911403747 0.8791391140376235 0.8791391140374476 1.7582782280750275 3.6247834267886585 1.9658148206666661 3.6247834267885692 1.9658148206668238 1.75827822807505 0.8791391140376451 1.9658148206668173 1.7582782280751688 1.7582782280750757 1.965814820666723 0.8791391140374625 0.8791391140374192 0.0 0.8791391140375255 3.624783426788637 1.758278228075216 3.6247834267886256 1.7582782280751845 0.8791391140375413 1.758278228074926 1.7582782280750686 1.7582782280752018 1.758278228075007 3.6247834267885484 3.6247834267885555 1.9658148206666395 0.8791391140374789 0.8791391140374958 0.8791391140375554 1.9658148206667319 0.8791391140375503 0.8791391140375551 1.7582782280750562 0.0 1.758278228075047 3.6247834267886483 1.7582782280750169 1.7582782280748908 0.0 2.4865809165690194 0.0 1.7582782280749616 0.8791391140375395 1.758278228074846 1.758278228074999 1.965814820666703 0.8791391140375271 1.7582782280751865 0.8791391140375336 0.8791391140375365 1.7582782280750437 3.6247834267884147 1.7582782280750342 3.6247834267884573 0.0 1.7582782280750617 2.486580916569092 0.8791391140374412 3.6247834267885475 1.758278228074861 0.615397379826289 3.6247834267885635 1.758278228074978 0.8791391140375123 0.8791391140375403 0.0 1.9658148206668165 1.9658148206669404 1.758278228074993 1.758278228075194 1.7582782280750722 0.0 1.7582782280751013 1.7582782280748677 1.9658148206668118 1.9658148206669008 -318.3450511649872 -48.67529560055869 -748.91289445288 510.1645061935 -420.3570414679172 4.102984341968581 -766.6635585237036 485.35095924790005 -350.8066440147928 -15.336723047893942 -707.0760913732187 526.8290226342398 -386.664659072423 -1.420906276756448 -763.6342685484484 505.95035235954634 -339.43464537929043 -24.085735333610888 -780.6336199635757 504.6218076695184 -315.56982510697685 -45.095073941126266 -701.4394320588098 525.0876665545668 -362.72587253928214 -14.361821779311184 -775.8249336025092 485.14459660505497 -417.6383314671785 10.433939358292111 -697.8208665456079 529.9187955404624 -423.6172331725481 16.86006948594479 -696.1272670350594 534.3361352566199 -410.86618349932763 12.809665007617975 -785.8699967657293 497.0707512289606 -342.4413686534645 -17.871259053733116 -757.2297403860254 517.5456546389831 -391.8404222825869 0.21802941587504435 -778.9728277836828 489.6154016304358 -349.5271676302298 -27.875221662484183 -760.6535915451705 502.40750222693595 -344.83009610286035 -22.195258096280106 -784.7458192289357 474.6751456023255 -350.6897935077486 -21.314324244268004 -711.6735373467304 530.4929330614046 -320.8693341268384 -39.838517939432805 -773.7129080257616 497.80303344712706 -364.34277844462935 -1.0246245678873827 -758.0583296272301 509.87141386184885 -437.04303651793805 36.944214148451614 -796.7285104860747 488.5964235942545 -375.6657921545257 -4.481062139040408 -684.3789188117834 532.0926160441169 -426.19249371863526 24.814186512762603 -761.434582698363 484.01401550638803 -433.7515290144467 19.834916680430485 -692.5305844902349 527.9545932250195 -458.718622439045 19.665857643986577 -686.2911085734644 536.6954460246827 -405.4578950451332 1.2914364362989899 -789.7890113034297 477.2876616648604 -414.29474655851544 29.17260605706063 -690.5424909839882 532.5706546019273 -356.69126905958893 -27.574200364330938 -803.4838099961679 464.9547765965711 -409.45077514008995 18.330687849389896 -679.0692289118739 536.4683105380819 -344.51362005509964 -35.09789425939828 -773.0124220299182 504.2727930433825 -342.43196426584666 -11.961751132315227 -805.6834252392987 468.3942454316719 -369.22041877002647 -5.494078221521382 -715.9769319097112 522.5611697466258 -432.61221346648614 27.79157706862757 -768.3923538467924 501.70361840966245 -343.84114982330215 -29.24555527928117 -704.4536605774354 531.3064559293828 -451.2814380799542 9.170210647072816 -725.8472167384517 519.1658323585251 -367.75008374265366 -12.088819312445565 -746.1813086213069 521.5026457671506 -334.9940327418472 -24.759256472162733 -795.6444665813029 466.7434618949383 -357.55955029099 -6.75784352407626 -806.6778951922173 478.4588934583786 -400.52711469266256 16.6100948407446 -796.7050934178457 478.78442976489714 -405.6285474917033 7.728259221325725 -734.5504616134739 512.4787210575303 -398.10001345720207 3.3998777162379668 -719.2369360123865 517.953740718561 -438.6482023959776 31.612869506739514 -738.7778715623376 520.805022745817 -337.2182922016103 -18.175492323683113 -727.0958662009677 514.8977544919335 -356.3214307559914 -13.202046834123145 -780.189361964517 481.0697398838288 -380.64070387912665 -4.028361019022988 -770.3360151626109 476.78874481438623 -332.352702859059 -32.52577231948492 -714.9477088142695 526.9195169469727 -403.6558146739016 12.817120635979101 -742.2254500468061 513.6365138484551 -420.529353081539 27.075160124323684 -782.4112592970189 511.3723425255129 -397.3001875025128 9.673177055235145 -784.5211921394603 484.30080663068486 -349.9838861348522 -34.67179780829205 -721.396585484923 527.8952465261062 -326.14873713475936 -34.334912499019886 -768.3133743706019 514.4414482640553 -411.83495012360737 6.8373826482010225 -763.3048842213435 493.0417347740747 -376.5986044999505 -14.142528303453382 -748.883146574974 504.6164434735563 -338.387665880716 -30.774165266552956 -787.4214577395732 492.1380382340071 -467.0732460423697 37.71033199816551 -767.2841290847945 496.5854396063834 -375.67517531362427 1.9635337087774016 -735.7983027398858 516.7985334798774 -356.5523185128908 -18.924361905316502 -798.458298449915 474.0556527984906 -414.9952582453824 1.1410660277859235 -792.1703229021783 472.6445217963663 -362.32060282349335 -26.652351036186506 -754.6997354353243 506.1913891260066 -438.87997773697987 14.499589258250593 -792.9253003859756 483.5162751613688 -427.8596662363651 10.129644841494962 -759.7766260271516 513.6171511968165 -368.98101353738565 -17.882012231008822 -759.5290850446933 490.0468412158804 -390.532624290175 5.815484783961287 -770.5289043187379 488.6792791058909 -414.84174927402495 22.161022883283678 -806.9959745870702 473.2456305770507 -425.32167364825904 32.08348516113539 -776.6901071010983 477.56797417550627 -470.4278021610659 44.61328169875336 -774.0634671549961 493.6632683650897 -417.67711182935875 35.24134595958861 -724.1924998831508 523.8611215069576 -363.06103142369034 -7.6629853283376415 -769.7686145513796 481.28697458396294 -409.17909667597917 24.082432444650056 -708.1520105561553 522.81891655044 -416.48903428112084 17.21184905421175 -766.3196532304418 510.7843317323231 -370.697159339088 1.0967313063655575 -713.3299228328431 516.5980380876251 -329.18358510048495 -28.109660454449955 -749.4060304741018 517.3266033729113 -463.59745802424 29.39651834662093 -732.6208097477469 524.8856089767593
1800.0048193674556 0.0 0.8791391140376347 1.7582782280749754 1.7582782280750886 3.6247834267886345 1.9658148206670056 1.7582782280749978 1.7582782280748628 3.6247834267886554 0.8791391140375153 0.0 1.7582782280748936 0.8791391140375685 1.758278228075172 0.8791391140375917 1.758278228075042 0.8791391140375913 1.758278228074993 0.8791391140375343 0.8791391140375729 0.8791391140374519 0.0 1.758278228075081 0.8791391140375042 0.8791391140375551 0.8791391140374688 1.7582782280750466 1.758278228074903 1.7582782280749807 3.6247834267884724 0.8791391140375611 1.7582782280749034 1.965814820666808 3.6247834267886194 2.1978477850938174 1.7582782280750644 1.7582782280749951 1.9658148206667514 1.7582782280750793 0.0 1.758278228074979 1.9658148206666781 1.9658148206668118 1.9658148206669344 0.879139114037504 0.8791391140375896 0.879139114037467 2.486580916569005 1.7582782280750184 1.965814820666712 0.8791391140374744 3.6247834267885812 0.8791391140375848 2.486580916569169 1.758278228074982 1.7582782280751947 0.879139114037492 0.8791391140373127 0.8791391140375114 1.7582782280751466 0.8791391140375004 1.9658148206666781 0.879139114037464 2.486580916569142 0.8791391140375223 0.8791391140376684 0.879139114037509 3.6247834267884427 1.7582782280750542 0.8791391140375115 3.6247834267885946 1.758278228074936 0.8791391140375538 1.7582782280750102 0.8791391140375411 0.8791391140374771 1.965814820666836 1.7582782280751803 3.6247834267886123 3.6247834267883956 1.7582782280750273 0.0 1.758278228075011 1.9658148206668105 0.8791391140374678 1.7582782280752345 1.758278228075056 1.7582782280750398 3.6247834267885986 1.7582782280752087 1.7582782280749787 1.758278228075013 0.8791391140374839 0.0 0.8791391140375959 0.8791391140377249 1.7582782280749887 0.8791391140375797 0.8791391140375275 1.9658148206667958 0.8791391140374923 0.8791391140375595 1.965814820666828 0.8791391140375724 1.7582782280750695 1.7582782280751204 0.8791391140374434 3.6247834267885506 0.8791391140375573 3.6247834267884245 1.7582782280750242 1.965814820666687 1.7582782280750786 1.7582782280749154 1.7582782280750409 0.8791391140374172 1.7582782280750238 1.96581482066672 1.9658148206668244 1.7582782280752125 3.624783426788665 1.7582782280748663 1.758278228075046 3.6247834267885115 1.2307947596524853 1.758278228074897 1.965814820666898 3.6247834267884818 1.7582782280750553 1.7582782280750686 0.0 1.7582782280751046 1.758278228075075 1.7582782280750353 1.9658148206668378 1.9658148206667325 1.9658148206667694 1.965814820666898 1.9658148206668218 1.758278228075039 -320.8363963525435 -46.849241901831725 -745.7577456279582 511.56568193218806 -422.428371828448 6.23205753073603 -762.5120827885452 486.8935817963223 -353.3352495795308 -11.741029924489496 -702.0551537385007 528.7722903800333 -388.94736257805573 0.5575403707366009 -760.392516438966 507.0735000427053 -343.4460981124499 -20.937824170134704 -776.7183005685814 505.0731544792586 -318.7925536347689 -41.39282638997803 -697.6603126144015 526.1096794324873 -364.8916308865647 -11.70521135262293 -773.0352826668618 486.072655484541 -419.3166611575171 12.83617168137805 -694.044482742728 530.9596760904601 -424.73425335342097 18.46279577795501 -691.8122042277977 535.310071260167 -413.34765736861533 14.649313799309304 -784.1865030647996 498.47048631635624 -345.97059496948333 -14.980371065904617 -753.3965749053863 518.3616943826719 -394.4035355044642 2.596143884173302 -777.4852848465796 489.71665262710405 -351.57766117734553 -24.54036995295563 -755.9414001378306 503.677599557212 -348.07843728986535 -19.704107551109455 -782.0179377013166 474.792682938187 -353.4190348692878 -17.860059925338163 -706.1065735131184 532.3407695926577 -323.80767609788484 -36.532782979084054 -770.514924701461 499.1004140147358 -367.4686780654504 2.1513534207743565 -753.1565699661169 510.46309900577296 -441.27083048596313 39.927907640659 -794.7119479652567 488.5399875710161 -376.6691242589149 -2.201714757919305 -679.2263593299114 533.6492254249637 -428.26782117957936 26.939793022177895 -757.1735472491284 485.08389591162063 -435.39846469418865 22.258593582658968 -688.2950041656549 529.164397799922 -461.65518303345726 22.112671487382148 -682.6830157465665 538.2240513364054 -407.21958175921645 4.231479872967741 -787.4624669987436 478.06654358430586 -417.06277644419185 31.40336851129937 -686.3939746511262 534.0187866133983 -357.8974281340814 -25.436882036270383 -800.3378176755645 466.61986407728284 -410.77277913962155 19.789811364913664 -674.969774492512 538.5764584639505 -346.32046558765495 -33.38390241779539 -769.5143888980094 504.40022328274574 -345.4797555168917 -9.32861749054673 -802.5327855505666 470.0522949000315 -371.4661178330416 -2.296525046807318 -714.2695685234079 523.6303292044076 -434.3981654132608 30.71712101537157 -763.1323992561778 502.80507408253544 -345.72923772356995 -26.991428550504878 -698.5941597553539 533.0418791008392 -451.3824855855037 11.350804712973611 -722.8095793847856 520.8963907691056 -370.9956492355133 -9.593778945126939 -742.5548094780104 521.2968676787827 -337.56310064826107 -22.387798877006684 -793.3504246834136 469.99937066054815 -361.1673081535147 -3.3233581068813343 -805.1975685601567 478.51795742041935 -404.17626058119674 21.805909427636017 -793.4174643036287 479.7616793069003 -405.9498355908274 9.888860780259837 -732.754568908026 513.2798508559338 -399.78219336002905 5.799329365449428 -716.9860376496608 518.9316531562406 -440.349851168763 33.9986626725388 -734.8938502894113 521.4723390801894 -339.58622245717834 -15.662061163926495 -725.4516857707057 516.1832535527607 -358.6497271941305 -9.465360301373835 -778.2937202889945 481.5161894061624 -382.9658502218359 -0.2900173378554252 -766.6018482421564 477.9357630007992 -334.60649356303406 -29.33432682639128 -710.1555728967434 527.9771447931546 -405.01883967013043 16.03706491474992 -737.6132530474003 515.2653227915644 -422.1355567099775 28.93080798968215 -780.7584239508901 510.7768348996458 -399.38273288492627 11.791822117782116 -780.8264442003202 485.652331418946 -351.10975715485347 -33.075441777172614 -717.3591521115897 529.6969956842801 -329.31868019383563 -32.38915300680805 -765.9578646191036 515.073357343999 -413.6356819164263 8.557846921158493 -760.942952790614 493.6514637116811 -377.8832032297678 -11.463661722317337 -743.377190720035 506.6900945766486 -340.7577852375595 -28.262197006474725 -786.1506398128557 493.18531087988123 -469.1402919106149 39.47936004819655 -764.0370683105291 497.66213183797396 -379.8801390796728 4.979470984733762 -730.3319889558871 518.9799167974512 -358.7188781503765 -16.26827516476574 -795.904142387679 476.1171845185034 -415.71488821021717 3.0218870702496434 -789.4148185974337 473.7583912571149 -363.5257192350374 -24.514407188029917 -749.5227838571847 507.6383732056067 -441.2265638284004 15.903036667349102 -789.114308298527 484.37749336310566 -429.5257197089135 12.540372075735348 -756.2805010133459 513.8122194592231 -371.5459565760347 -15.506053593858663 -754.8700875441123 491.52847852374765 -393.996564665963 9.053030325600986 -767.7944022022326 489.8528721933958 -416.44554776054343 24.018780200320364 -803.1773009585713 474.05264736646797 -428.38484580426723 34.69835937760858 -773.4790036989638 478.82702255767305 -471.87815552209395 46.76176723893122 -770.2713194390774 494.5951081887701 -421.4214298029163 37.970488513032656 -721.6242684492648 525.4526102542732 -365.9876023502425 -4.346997420795419 -767.6228812203512 482.8209094118331 -410.8662574393798 26.478478867446245 -705.5222328220339 524.2092868328909 -419.25243443750736 19.44935535140388 -763.7091102858427 510.4659863758472 -374.3837531216999 5.073069123157887 -709.2169890466616 519.7318790694036 -332.3183267581756 -24.941126679662606 -745.3152809369385 517.2444104914956 -465.85259665730246 32.1464000639997 -729.2874045035442 525.6582679123061
#####################################################################
# End of data export. Simulation finished at: 2026-07-02T13:02+0000 #
#####################################################################
