#####################################################################
# Alchemist log file - simulation started at: 2026-07-02T13:08+0000 #
#####################################################################
#
# seed = 9.0, NumberOfHerds = 2, intrinsicForwardCoefficient = 0.4941713361323834, intrinsicLateralMultiplier = 0.25
#
# The columns have the following meaning: 
# time node-0 node-1 node-2 node-3 node-4 node-5 node-6 node-7 node-8 node-9 node-10 node-11 node-12 node-13 node-14 node-15 node-16 node-17 node-18 node-19 node-20 node-21 node-22 node-23 node-24 node-25 node-26 node-27 node-28 node-29 node-30 node-31 node-32 node-33 node-34 node-35 node-36 node-37 node-38 node-39 node-40 node-41 node-42 node-43 node-44 node-45 node-46 node-47 node-48 node-49 node-50 node-51 node-52 node-53 node-54 node-55 node-56 node-57 node-58 node-59 node-60 node-61 node-62 node-63 node-64 node-65 node-66 node-67 node-68 node-69 node-70 node-71 node-72 node-73 node-74 node-75 node-76 node-77 node-78 node-79 node-80 node-81 node-82 node-83 node-84 node-85 node-86 node-87 node-88 node-89 node-90 node-91 node-92 node-93 node-94 node-95 node-96 node-97 node-98 node-99 node-100 node-101 node-102 node-103 node-104 node-105 node-106 node-107 node-108 node-109 node-110 node-111 node-112 node-113 node-114 node-115 node-116 node-117 node-118 node-119 node-120 node-121 node-122 node-123 node-124 node-125 node-126 node-127 node-128 node-129 node-130 node-131 node-132 node-133 node-134 node-135 node-136 node-137 node-138 node-139 node-0[x] node-0[y] node-1[x] node-1[y] node-2[x] node-2[y] node-3[x] node-3[y] node-4[x] node-4[y] node-5[x] node-5[y] node-6[x] node-6[y] node-7[x] node-7[y] node-8[x] node-8[y] node-9[x] node-9[y] node-10[x] node-10[y] node-11[x] node-11[y] node-12[x] node-12[y] node-13[x] node-13[y] node-14[x] node-14[y] node-15[x] node-15[y] node-16[x] node-16[y] node-17[x] node-17[y] node-18[x] node-18[y] node-19[x] node-19[y] node-20[x] node-20[y] node-21[x] node-21[y] node-22[x] node-22[y] node-23[x] node-23[y] node-24[x] node-24[y] node-25[x] node-25[y] node-26[x] node-26[y] node-27[x] node-27[y] node-28[x] node-28[y] node-29[x] node-29[y] node-30[x] node-30[y] node-31[x] node-31[y] node-32[x] node-32[y] node-33[x] node-33[y] node-34[x] node-34[y] node-35[x] node-35[y] node-36[x] node-36[y] node-37[x] node-37[y] node-38[x] node-38[y] node-39[x] node-39[y] node-40[x] node-40[y] node-41[x] node-41[y] node-42[x] node-42[y] node-43[x] node-43[y] node-44[x] node-44[y] node-45[x] node-45[y] node-46[x] node-46[y] node-47[x] node-47[y] node-48[x] node-48[y] node-49[x] node-49[y] node-50[x] node-50[y] node-51[x] node-51[y] node-52[x] node-52[y] node-53[x] node-53[y] node-54[x] node-54[y] node-55[x] node-55[y] node-56[x] node-56[y] node-57[x] node-57[y] node-58[x] node-58[y] node-59[x] node-59[y] node-60[x] node-60[y] node-61[x] node-61[y] node-62[x] node-62[y] node-63[x] node-63[y] node-64[x] node-64[y] node-65[x] node-65[y] node-66[x] node-66[y] node-67[x] node-67[y] node-68[x] node-68[y] node-69[x] node-69[y] node-70[x] node-70[y] node-71[x] node-71[y] node-72[x] node-72[y] node-73[x] node-73[y] node-74[x] node-74[y] node-75[x] node-75[y] node-76[x] node-76[y] node-77[x] node-77[y] node-78[x] node-78[y] node-79[x] node-79[y] node-80[x] node-80[y] node-81[x] node-81[y] node-82[x] node-82[y] node-83[x] node-83[y] node-84[x] node-84[y] node-85[x] node-85[y] node-86[x] node-86[y] node-87[x] node-87[y] node-88[x] node-88[y] node-89[x] node-89[y] node-90[x] node-90[y] node-91[x] node-91[y] node-92[x] node-92[y] node-93[x] node-93[y] node-94[x] node-94[y] node-95[x] node-95[y] node-96[x] node-96[y] node-97[x] node-97[y] node-98[x] node-98[y] node-99[x] node-99[y] node-100[x] node-100[y] node-101[x] node-101[y] node-102[x] node-102[y] node-103[x] node-103[y] node-104[x] node-104[y] node-105[x] node-105[y] node-106[x] node-106[y] node-107[x] node-107[y] node-108[x] node-108[y] node-109[x] node-109[y] node-110[x] node-110[y] node-111[x] node-111[y] node-112[x] node-112[y] node-113[x] node-113[y] node-114[x] node-114[y] node-115[x] node-115[y] node-116[x] node-116[y] node-117[x] node-117[y] node-118[x] node-118[y] node-119[x] node-119[y] node-120[x] node-120[y] node-121[x] node-121[y] node-122[x] node-122[y] node-123[x] node-123[y] node-124[x] node-124[y] node-125[x] node-125[y] node-126[x] node-126[y] node-127[x] node-127[y] node-128[x] node-128[y] node-129[x] node-129[y] node-130[x] node-130[y] node-131[x] node-131[y] node-132[x] node-132[y] node-133[x] node-133[y] node-134[x] node-134[y] node-135[x] node-135[y] node-136[x] node-136[y] node-137[x] node-137[y] node-138[x] node-138[y] node-139[x] node-139[y] 
0.0 0.0 0.0 0.0 0.0 0.0 0.0 0.0 0.0 0.0 0.0 0.0 0.0 0.0 0.0 0.0 0.0 0.0 0.0 0.0 0.0 0.0 0.0 0.0 0.0 0.0 0.0 0.0 0.0 0.0 0.0 0.0 0.0 0.0 0.0 0.0 0.0 0.0 0.0 0.0 0.0 0.0 0.0 0.0 0.0 0.0 0.0 0.0 0.0 0.0 0.0 0.0 0.0 0.0 0.0 0.0 0.0 0.0 0.0 0.0 0.0 0.0 0.0 0.0 0.0 0.0 0.0 0.0 0.0 0.0 0.0 0.0 0.0 0.0 0.0 0.0 0.0 0.0 0.0 0.0 0.0 0.0 0.0 0.0 0.0 0.0 0.0 0.0 0.0 0.0 0.0 0.0 0.0 0.0 0.0 0.0 0.0 0.0 0.0 0.0 0.0 0.0 0.0 0.0 0.0 0.0 0.0 0.0 0.0 0.0 0.0 0.0 0.0 0.0 0.0 0.0 0.0 0.0 0.0 0.0 0.0 0.0 0.0 0.0 0.0 0.0 0.0 0.0 0.0 0.0 0.0 0.0 0.0 0.0 0.0 0.0 0.0 0.0 0.0 0.0 0.0 -198.22263009635765 187.6508017254367 880.1982288218734 208.87782009872154 -169.517540427479 171.47126432811515 847.531635061157 202.24605682797863 -181.59829850321617 164.85387465719373 884.7590443765416 171.22060410488257 -173.8095897049629 174.82787396964403 871.3483584376874 194.76555192567102 -194.8421388759778 184.6135181566353 847.5949124282101 176.53834159533292 -180.39615637049002 198.15794966179612 885.9063342790191 184.21180446897898 -188.81777284082767 158.74318078868748 863.265724819812 166.9637854190668 -189.02682852044285 180.36113107564094 878.8427963867083 183.72631282585266 -190.80863172783864 183.1920759971842 882.8986036412684 201.73610434839645 -163.32024131336132 187.6877241014461 854.3018640459761 206.11210530402448 -209.57478711844243 178.9625608958668 858.5230069310611 199.71281904603913 -184.3650421833997 166.47457764468135 864.1402787984281 195.94486785091357 -167.52477070077984 194.43369960792117 887.0053920407319 201.67592810310765 -200.76144505417452 182.02419896462874 871.1150617686958 183.29652392042945 -202.42142345506858 188.11554850633422 860.9797695208118 176.08095988902986 -177.64330504224802 167.58716478872125 872.7910358044229 187.55143095340662 -183.95110623125072 185.49008935408705 876.8128921158728 177.3535630000424 -193.6692783550574 204.1260665793043 850.7555048938492 192.75801442398867 -200.54233429034485 173.1341160642634 865.3217445208246 207.203307398446 -180.6804188448908 168.2019569933865 880.1203324666982 175.5718311048023 -168.3202721071882 200.25850118613357 851.7101050111316 173.36231000359544 -199.93613205817115 166.63211643479963 869.1738621387725 213.91033289339396 -169.74692451106338 179.3742611481973 877.4870731464572 191.29562837349167 -183.8180679602301 174.29853044146734 863.8962933489923 201.07795046099156 -205.63287544176086 174.3252884321017 873.9142229352101 192.1336648276394 -179.20814565892405 160.94431389035054 874.0332806688666 201.00748189269618 -201.41992906664447 197.4789965345414 859.661173247386 195.88215224897715 -181.6479879547554 206.7525886583153 858.9089855206881 212.42528930145897 -188.8411781890707 188.73153056753816 865.7295751538107 214.08417472305337 -181.23411543724052 203.1252261441518 880.6443702554882 171.4213870849926 -179.7614493768648 171.3373930679389 868.7967243091524 173.24912439485558 -203.93307686540737 183.82065513154137 862.6955381702683 184.66211967057896 -166.94101225665935 189.85298720120397 864.3315823044796 189.40077263249782 -188.70268913119466 204.07044038262043 887.6620093099534 193.52768826004305 -185.27640955099412 195.56012176390757 848.5343982413552 186.10411428637445 -193.4581044752226 191.91058244807618 891.7521295142834 191.81921420726127 -209.23326154848044 184.3591821754662 865.7933577190274 203.73747243786156 -188.52543573864762 177.07269163391354 862.1967301463247 191.96286667721014 -186.38259004230574 199.07031668897005 882.9109350027768 184.64049061983013 -183.990253829912 192.47258092103974 850.652160674877 201.85640013872845 -170.94424811080066 195.15836454090288 873.2094323721271 204.69170945511135 -200.2275927646661 176.27670769397804 873.2266396629939 178.69036398082218 -195.87583827568207 181.05221312468254 884.8154867360312 179.64524001233747 -192.17545834554036 195.35380308997776 890.612780122586 179.36458229648366 -175.23832550128708 193.51499582390738 859.1743899379621 190.08208797540914 -172.73849907596312 164.7171911995031 890.0418969400645 184.22170575290846 -205.50840294280175 199.06315129539078 858.3374830043126 185.08133754114587 -185.36584960224187 207.16534246750098 861.9244162126813 209.91495231990618 -205.588975656764 191.21811657319932 865.908010997305 185.879159604044 -189.06063844042697 192.04637950414696 876.0516899878451 181.11890042405662 -200.55096214071887 203.62718396693225 855.4530315365984 175.61330375771118 -168.3064609728362 175.2173718764387 859.5601404170395 166.92387551740583 -162.52161103707496 180.50524607433712 877.0589651806773 171.96747678020895 -189.10258874636463 173.04302210780946 888.5317816654714 204.7058619325666 -202.86114778339805 168.8534358328828 882.2448952519959 193.01344909036516 -187.05724250006747 185.3522147145029 879.4470898409897 195.1290415540023 -172.32962357390002 201.96811885400572 891.4550596774507 187.75936310706578 -174.56063461522118 171.04183179966495 877.4062001317596 205.49814970753852 -166.69921765235742 182.22803880657065 869.0833982721816 200.59146035807214 -166.7891837982091 168.31907496901025 849.803589458299 179.8054687392757 -187.09358442618748 161.7909504839508 844.5912522454881 194.09557078232507 -187.55111048695113 167.04848410568547 866.4705469926189 193.1730235761963 -169.7931136032593 168.3183002083496 854.7310320010074 183.68947459512685 -174.76796701623877 203.88217674970502 876.021997962429 187.41799655654813 -186.33990642804903 190.52936636770357 871.1870401143283 210.8021347487401 -198.6758896692219 195.73262477032955 873.586021913983 174.95296144047862 -196.85986194939284 176.09012110806245 867.3708784920759 165.8368039670663 -189.3749314814822 207.66044491704147 865.5152763586619 176.4913377750478 -174.42871304923474 198.3688423005771 856.7069403731945 178.55328144715457 -196.20854807822417 170.5545052511458 879.5557886143815 188.35908935478687
0.007825810686061807 0.0 0.0 0.0 0.0 0.0 0.0 0.0 0.0 0.0 0.0 0.0 0.0 0.0 0.0 0.0 0.0 0.0 0.0 0.0 0.0 0.0 0.0 0.0 0.0 0.0 0.0 0.0 0.0 0.0 0.0 0.0 0.0 0.0 0.0 0.0 0.0 0.0 0.0 0.0 0.0 0.0 0.0 0.0 0.0 0.0 0.0 0.0 0.0 0.0 0.0 0.0 0.0 0.0 0.0 0.0 0.0 0.0 0.0 0.0 0.0 0.0 0.0 0.0 0.0 0.0 0.0 0.0 0.0 0.0 0.0 0.0 0.0 0.0 0.0 0.0 0.0 0.0 0.0 0.0 0.0 0.0 0.0 0.0 0.0 0.0 0.0 0.0 0.0 0.0 0.0 0.0 0.0 0.0 0.0 0.0 0.0 0.0 0.0 0.0 0.0 0.0 0.0 0.0 0.0 0.0 0.0 0.0 0.0 0.0 0.0 0.0 0.0 0.0 0.0 0.0 0.0 0.0 0.0 0.0 0.0 0.0 0.0 0.0 0.0 0.0 0.0 0.0 0.0 0.0 0.0 0.0 0.0 0.0 0.0 0.0 0.0 0.0 0.0 0.0 0.0 -198.22263009635765 187.6508017254367 880.1982288218734 208.87782009872154 -169.517540427479 171.47126432811515 847.531635061157 202.24605682797863 -181.59829850321617 164.85387465719373 884.7590443765416 171.22060410488257 -173.8095897049629 174.82787396964403 871.3483584376874 194.76555192567102 -194.8421388759778 184.6135181566353 847.5949124282101 176.53834159533292 -180.39615637049002 198.15794966179612 885.9063342790191 184.21180446897898 -188.81777284082767 158.74318078868748 863.265724819812 166.9637854190668 -189.02682852044285 180.36113107564094 878.8427963867083 183.72631282585266 -190.80863172783864 183.1920759971842 882.8986036412684 201.73610434839645 -163.32024131336132 187.6877241014461 854.3018640459761 206.11210530402448 -209.57478711844243 178.9625608958668 858.5230069310611 199.71281904603913 -184.3650421833997 166.47457764468135 864.1402787984281 195.94486785091357 -167.52477070077984 194.43369960792117 887.0053920407319 201.67592810310765 -200.76144505417452 182.02419896462874 871.1150617686958 183.29652392042945 -202.42142345506858 188.11554850633422 860.9797695208118 176.08095988902986 -177.64330504224802 167.58716478872125 872.7910358044229 187.55143095340662 -183.95110623125072 185.49008935408705 876.8128921158728 177.3535630000424 -193.6692783550574 204.1260665793043 850.7555048938492 192.75801442398867 -200.54233429034485 173.1341160642634 865.3217445208246 207.203307398446 -180.6804188448908 168.2019569933865 880.1203324666982 175.5718311048023 -168.3202721071882 200.25850118613357 851.7101050111316 173.36231000359544 -199.93613205817115 166.63211643479963 869.1738621387725 213.91033289339396 -169.74692451106338 179.3742611481973 877.4870731464572 191.29562837349167 -183.8180679602301 174.29853044146734 863.8962933489923 201.07795046099156 -205.63287544176086 174.3252884321017 873.9142229352101 192.1336648276394 -179.20814565892405 160.94431389035054 874.0332806688666 201.00748189269618 -201.41992906664447 197.4789965345414 859.661173247386 195.88215224897715 -181.6479879547554 206.7525886583153 858.9089855206881 212.42528930145897 -188.8411781890707 188.73153056753816 865.7295751538107 214.08417472305337 -181.23411543724052 203.1252261441518 880.6443702554882 171.4213870849926 -179.7614493768648 171.3373930679389 868.7967243091524 173.24912439485558 -203.93307686540737 183.82065513154137 862.6955381702683 184.66211967057896 -166.94101225665935 189.85298720120397 864.3315823044796 189.40077263249782 -188.70268913119466 204.07044038262043 887.6620093099534 193.52768826004305 -185.27640955099412 195.56012176390757 848.5343982413552 186.10411428637445 -193.4581044752226 191.91058244807618 891.7521295142834 191.81921420726127 -209.23326154848044 184.3591821754662 865.4947706058929 204.20234056183713 -188.52543573864762 177.07269163391354 862.1967301463247 191.96286667721014 -186.38259004230574 199.07031668897005 882.9109350027768 184.64049061983013 -183.990253829912 192.47258092103974 850.652160674877 201.85640013872845 -170.94424811080066 195.15836454090288 873.2094323721271 204.69170945511135 -200.2275927646661 176.27670769397804 873.2266396629939 178.69036398082218 -195.87583827568207 181.05221312468254 884.8154867360312 179.64524001233747 -192.17545834554036 195.35380308997776 890.612780122586 179.36458229648366 -175.23832550128708 193.51499582390738 859.1743899379621 190.08208797540914 -172.73849907596312 164.7171911995031 890.0418969400645 184.22170575290846 -205.50840294280175 199.06315129539078 858.3374830043126 185.08133754114587 -185.36584960224187 207.16534246750098 861.9244162126813 209.91495231990618 -205.588975656764 191.21811657319932 865.908010997305 185.879159604044 -189.06063844042697 192.04637950414696 876.0516899878451 181.11890042405662 -200.55096214071887 203.62718396693225 855.4530315365984 175.61330375771118 -168.3064609728362 175.2173718764387 859.5601404170395 166.92387551740583 -162.52161103707496 180.50524607433712 877.0589651806773 171.96747678020895 -189.10258874636463 173.04302210780946 888.5317816654714 204.7058619325666 -202.86114778339805 168.8534358328828 882.2448952519959 193.01344909036516 -187.05724250006747 185.3522147145029 879.4470898409897 195.1290415540023 -172.32962357390002 201.96811885400572 891.4550596774507 187.75936310706578 -174.56063461522118 171.04183179966495 877.4062001317596 205.49814970753852 -166.69921765235742 182.22803880657065 869.0833982721816 200.59146035807214 -166.7891837982091 168.31907496901025 849.803589458299 179.8054687392757 -187.09358442618748 161.7909504839508 844.5912522454881 194.09557078232507 -187.55111048695113 167.04848410568547 866.4705469926189 193.1730235761963 -169.7931136032593 168.3183002083496 854.7310320010074 183.68947459512685 -174.76796701623877 203.88217674970502 876.021997962429 187.41799655654813 -186.33990642804903 190.52936636770357 871.1870401143283 210.8021347487401 -198.6758896692219 195.73262477032955 873.586021913983 174.95296144047862 -196.85986194939284 176.09012110806245 867.3708784920759 165.8368039670663 -189.3749314814822 207.66044491704147 865.5152763586619 176.4913377750478 -174.42871304923474 198.3688423005771 856.7069403731945 178.55328144715457 -196.20854807822417 170.5545052511458 879.5557886143815 188.35908935478687
10.007825810686061 1.779016810076605 0.0 5.4106683965522455 3.5580336201532914 2.515909700500039 1.779016810076453 3.558033620153127 3.5580336201532914 3.6675371088475517 7.171446030696622 3.558033620153127 1.9890012602230756 3.558033620153127 3.5580336201532914 3.6675371088475224 3.5580336201532914 5.3370504302297315 3.5580336201532914 7.17144603069659 0.889508405038375 3.558033620153127 3.5580336201532914 7.17144603069659 7.1714460306967585 3.558033620153127 1.989001260223004 5.3370504302297315 3.887895336659348 3.6675371088475517 3.5580336201532914 10.674100860459523 5.337050430229708 3.9780025204460365 3.5580336201532914 3.558033620153127 3.5580336201532914 1.9890012602230607 5.337050430229708 3.558033620153127 1.989001260223004 0.8895084050383025 3.978002520446008 0.8895084050383025 3.978002520446015 3.558033620153127 2.812872557784617 0.8895084050383025 3.5580336201532914 0.8895084050383025 1.7790168100764696 1.779016810076605 3.5580336201532914 0.8895084050383025 0.889508405038375 5.4106683965522455 3.6675371088474074 3.558033620153127 7.1714460306967585 5.3370504302297315 3.5580336201532914 3.558033620153127 7.171446030696622 3.6675371088475517 10.674100860459468 3.558033620153127 3.6675371088474074 7.171446030696698 1.9890012602230756 10.674100860459523 7.171446030696622 5.3370504302297315 0.889508405038375 0.8895084050383025 3.978002520446015 3.558033620153127 2.5159097005000133 1.9890012602230607 1.9890012602230756 1.9890012602230607 0.889508405038375 3.9780025204460365 3.978002520446015 1.9890012602230607 2.812872557784494 1.9105381750105763 0.889508405038375 5.4106683965522455 0.889508405038375 3.9780025204460365 0.889508405038375 0.8895084050383025 0.889508405038375 0.8895084050383025 3.978002520446008 1.779016810076605 3.5580336201532914 0.8895084050383025 2.812872557784494 2.81287255778457 2.812872557784617 1.779016810076605 0.889508405038375 5.410668396552271 3.5580336201532914 3.6675371088475517 3.5580336201532914 7.171446030696698 7.1714460306967585 3.558033620153127 1.9890012602230756 5.3370504302297315 1.989001260223004 3.558033620153127 7.1714460306967585 3.558033620153127 7.171446030696622 7.17144603069659 3.5580336201532914 3.6675371088475517 10.674100860459468 1.9890012602230607 7.171446030696622 3.558033620153127 7.1714460306967585 3.558033620153127 3.5580336201532914 10.674100860459523 5.337050430229708 5.3370504302297315 7.1714460306967585 3.558033620153127 3.6675371088474074 7.171446030696698 3.5580336201532914 3.6675371088475224 2.812872557784617 1.9890012602230607 1.9890012602230756 0.0 1.989001260223004 -190.1134368098508 192.87997551024628 875.2727828268704 211.23005935181715 -158.74536582669185 178.9220685976017 834.1181087753162 208.69408155451964 -174.81263595665428 167.60790341173254 883.7831806693825 171.51311494268697 -162.69252569120215 182.22251822180363 863.5232199544248 201.42783412151027 -189.2277092584492 188.51390109999676 835.9986252186052 183.14234378130413 -169.93682651950698 204.77461040751217 879.6603100045146 188.211107747928 -184.0854550487058 160.62785116940285 856.3424239512832 170.79073141184472 -179.60216690838064 187.14627187333767 871.4485511188736 188.6954035366306 -184.42388550619975 188.70204986862836 875.4242560056784 205.60310152505212 -153.53450424318018 197.7773943310555 847.194053340616 213.49779155309608 -202.21153267520978 183.95916530235658 843.7345163953921 209.65100046759503 -178.32187238522815 172.95647027512427 854.6559237386522 204.1680354295207 -156.1189772913724 201.42729442978032 882.677120271998 203.09843110825207 -195.00238833214385 185.86588578853184 863.2494135604476 188.5457593522948 -192.916486471522 196.48077167107564 853.8841113661116 180.58518247583226 -168.33096346483967 173.6825267604708 861.6195655349158 193.90297348545118 -173.82873648422927 190.03741362196155 869.8434637881361 182.07019405689365 -188.34331572649677 208.5693275486582 841.0308427308069 197.6749014002288 -195.7391808187401 176.2876149817896 856.4406399626477 213.05600689796722 -173.1622455157545 173.91900861641903 872.6342508527797 179.158377368667 -159.60950467523057 205.92076906441324 840.298327638358 176.40757193327295 -192.54083295176895 170.738417300192 860.7916006131189 222.05339810424553 -160.4425122426671 187.59511961511535 870.2273647266541 196.18476670269422 -177.65796180789891 178.42894666101714 851.7028319131185 208.611688894914 -202.93784946431109 175.65661537568118 865.6445183093315 197.04017238769035 -176.3687549836509 162.07511611877976 868.2921757022158 205.8564190518409 -195.6929170077833 202.210986899542 848.1049372216588 203.0372012020096 -168.4454014180077 217.17096225575295 845.0963586921786 222.07095988521044 -182.87440277764952 192.93083845656872 852.5602500107776 221.91042399478027 -170.3575501108116 213.39130573475404 875.1738119828118 174.38499911347768 -170.6014018062918 179.7587762500073 861.1961468465992 176.90371310146233 -195.19819407929236 190.71811596389196 854.8764759623358 189.88367003528356 -163.76466147742468 193.0531259074748 855.7090136755595 194.23755724098237 -181.48379938578526 209.26756950426054 880.3138915013267 197.60709390674754 -175.3383784739775 203.3237707831982 838.0863320250804 191.73832904051682 -185.46916053238164 198.5754739021071 888.5137987290117 196.04307850691933 -204.16398365239704 188.31318903402317 858.2728826242297 208.49415467859055 -181.96428015601595 181.49183724910998 852.0011235839766 198.02189837145028 -173.51696360951956 207.41935380856606 875.2642300810154 189.1847643905103 -174.01224878071386 197.22042990406442 840.9736259710423 205.88360205089512 -162.16939135250402 199.0400253369876 862.5890088696813 211.00320080327816 -194.98983481660184 181.2653827914558 862.5661649766703 184.45080856192774 -191.32563117661786 185.14377236764142 879.9361682002361 181.10779420135964 -181.63585312307296 203.55054620273842 886.8355551209131 180.74703411775033 -167.58634166240762 198.11055080009675 848.6462213539319 194.61420919542914 -168.5195507487956 165.62335335862466 886.5972339600737 187.13106804839524 -203.64752048912248 200.7073229887744 850.0596289477347 188.56356896158138 -176.02939267067597 214.49589739332163 853.5882821462353 217.16833246668435 -201.1774319234583 194.3941399253127 859.5690707764778 188.78398418553405 -181.1061994237835 198.07751392789763 867.3829938997171 186.8453700966145 -195.1929548489888 207.18014139518868 843.8227694184459 180.22552734548668 -155.41671918589265 184.8016019501058 849.7092484270337 171.62835402359696 -150.69858215222172 191.14825974108243 868.1499619892829 174.38766585039988 -182.3650238027401 176.37133946675826 880.6326170897838 208.8253187631489 -198.81860881722335 170.85042624825203 875.1777909246913 196.1581084191271 -180.73202136479438 190.81933441158932 870.6060364666905 201.53278782058476 -161.30076424063571 209.90817723428916 883.7622272964815 193.19332194181936 -165.13597300315897 177.82697259736167 867.8478189795584 211.17849192088863 -157.20220997782295 192.71875846648058 862.010420554387 205.0822044445804 -156.5865386797033 174.44648160392936 839.8604425498776 186.28931737361373 -180.82115823920245 166.61114552944778 833.8907263752867 199.30496859636955 -186.2676868245652 169.49475465967015 857.4503082890488 198.82098336709848 -163.5381535706602 172.82146289493693 845.178727124136 187.9290849773424 -166.3779736430973 210.8357975993826 867.6705234062656 192.56283724489816 -177.54093431559505 195.64622011785923 862.9431609662979 216.2761447673714 -188.36092451606223 202.54981023119583 864.4524577018796 180.38084399990208 -186.68926149405647 183.10783128407894 864.0063178798407 169.84825979667548 -181.78703696894186 214.03660697542566 858.7983076848521 181.63278577199688 -165.34268712235112 203.69235604846983 849.749664596118 180.3884488417366 -188.76501826350707 177.13119202468027 872.5684657642945 191.40891307472398
20.00782581068606 3.558033620153127 0.889508405038375 7.17144603069659 0.6226558835268218 0.0 0.889508405038375 3.9780025204460743 0.889508405038375 3.558033620153127 1.779016810076453 10.674100860459523 3.5580336201532914 0.8895084050383025 3.5580336201532914 3.9780025204460365 3.5580336201532914 0.8895084050383025 3.5580336201532914 2.812872557784533 3.5580336201532914 3.558033620153127 3.978002520446015 3.558033620153127 0.889508405038375 3.558033620153127 0.889508405038375 3.558033620153127 1.3336781719503785 0.8895084050383025 1.779016810076453 0.8895084050383025 7.171446030696622 0.8895084050383025 1.989001260223004 0.8895084050383025 3.978002520446008 3.558033620153127 3.978002520446015 3.558033620153127 7.1714460306967585 5.410668396552271 3.6675371088475566 0.8895084050383025 0.0 7.17144603069659 2.812872557784494 3.558033620153127 0.889508405038375 3.558033620153127 5.410668396552347 3.558033620153127 7.171446030696622 0.8895084050383025 3.5580336201532914 3.9780025204460743 3.5580336201532914 7.17144603069659 3.978002520446015 7.17144603069659 1.989001260223004 1.779016810076605 3.5580336201532914 0.8895084050383025 3.5580336201532914 0.8895084050383025 7.171446030696622 3.9780025204460365 0.0 10.674100860459523 3.5580336201532914 7.17144603069659 3.5580336201532914 0.8895084050383025 1.989001260223004 3.558033620153127 3.978002520446015 7.17144603069659 0.0 3.558033620153127 0.889508405038375 1.779016810076605 3.5580336201532914 1.9890012602230607 7.1714460306967585 3.558033620153127 3.5580336201532914 0.8895084050383025 3.5580336201532914 3.9780025204460365 1.9890012602230756 3.558033620153127 0.889508405038375 3.6675371088475224 3.978002520446008 3.558033620153127 3.978002520446015 3.558033620153127 5.410668396552347 7.17144603069659 5.337050430229708 1.779016810076605 7.171446030696622 3.9780025204460743 0.889508405038375 3.6675371088475517 0.889508405038375 7.171446030696698 3.6675371088474074 0.8895084050383025 7.171446030696622 2.515909700500039 3.5580336201532914 5.4106683965522455 3.5580336201532914 0.8895084050383025 0.889508405038375 3.558033620153127 3.978002520446015 7.171446030696698 10.674100860459468 0.8895084050383025 3.6675371088475566 0.8895084050383025 5.410668396552347 3.558033620153127 3.978002520446008 1.9890012602230607 1.9890012602230756 5.3370504302297315 0.889508405038375 7.17144603069659 7.1714460306967585 0.0 3.5580336201532914 3.9780025204460743 0.889508405038375 7.171446030696698 3.5580336201532914 7.171446030696698 3.5580336201532914 -180.0872010523378 200.09821040141307 869.1991158385372 214.5520860367417 -149.2324995341332 185.16179526717468 825.8412216994612 212.9517835672286 -169.71131339740134 170.67160672919212 876.4811903199638 174.70283552531805 -154.8479464461846 189.08793439098474 854.9807536932599 207.36671226411715 -182.36163823502548 195.89268673413227 824.827154949098 189.49388631334872 -159.30108730753113 210.30044289698054 875.1135534904015 191.20057241117033 -182.1122525603727 162.96180168873366 851.244620670109 173.82024725896486 -170.7149901154302 191.71771149536954 863.8479736563202 192.34999224323732 -175.9136427893924 194.2199530490846 869.8215334166508 207.78298349197655 -145.60172031766618 204.09739637211277 837.7558257400478 220.83127406762978 -198.89081719815178 186.95877929347714 834.6871308263741 214.74024473000625 -171.3917120354654 178.55464882706494 847.5602655839521 208.67225801632304 -146.8948403944604 208.06807052965377 877.8779041039583 205.6630788313966 -188.4732774126817 191.17533494482575 855.1580056658113 193.0668864563355 -188.02361793643144 201.52560678588034 844.1133217438611 186.3917545161458 -160.01331615417055 176.93056874793524 850.9190396647142 199.11237129949563 -164.5725549241478 195.78788618073756 863.1726225735338 186.32195698976935 -179.77691299236253 214.43212014208805 833.8550822083512 201.07703045290884 -188.03103696253382 181.22805937095245 844.8783276615903 221.65178768213423 -165.25357694439796 179.00381770340528 867.1116306315076 182.44035286971373 -148.5727160329542 211.73533094952822 834.6834524986705 181.4689175624665 -187.61591975350882 174.8929488738993 853.144895691358 226.59767187492568 -151.53914940457133 195.52724868638674 860.9675706875873 201.4002407920687 -168.83487434128745 184.78099336524392 840.9100511245013 215.6004568371054 -197.6118868357505 180.09987634503509 854.55922668291 203.05307662272259 -173.52936430837778 163.20591834720898 857.3731650866351 212.63277852398335 -192.1957921697325 204.11977263441483 838.792939448054 210.5830921865922 -160.11949737120528 225.9051901876254 835.9688707554053 226.05811061349937 -173.59410586341068 199.91650396941577 843.1559973187572 231.23568510750974 -159.47305547537061 221.53188883018774 869.1462724536866 176.8173407343288 -163.23814736305908 184.75538065649715 854.3990758050337 180.94306756428918 -189.07013259013075 195.7388357245392 845.4504009124278 194.33568888754803 -158.00560475539405 196.89481273137795 844.9223091622724 199.78559335203914 -173.02971668630482 214.44058327174324 873.7692801136877 202.07126530967219 -166.25860627488888 210.16507159822189 829.8764277855978 199.2041176573439 -178.85977424143513 205.4650054254457 883.1635357939107 198.6477774139416 -203.1372447224883 190.2702054772109 845.60847678905 217.17003783051308 -174.31229631713657 186.08739222529925 841.460802449286 205.4354832537395 -165.15901489954763 215.26327819934107 869.4430227466089 192.9316080155327 -162.66261538863338 203.86913531294996 833.4992783354523 209.7505992275508 -151.3572427795353 203.47502957020825 852.984500258272 217.57322808070174 -188.171994501493 186.17378251744918 855.0056386979946 188.65644403559563 -182.61486374466028 190.80604024592097 876.2851730255265 182.7026544926752 -174.16027864518645 209.23692943517543 881.4391647266042 184.24141808884602 -157.31960721756278 202.45735035282098 839.0016615586447 200.63318970579158 -164.94215053926044 169.11222146054214 883.4511580932176 189.57556221990652 -199.861666255425 202.21505929334668 839.6576901906677 193.3080986516503 -166.48448171494786 219.84532052179708 843.334395574019 226.9985128872671 -195.7071045970744 198.63687617951632 850.860323504472 193.95940709103078 -171.42485307924406 205.35190883639135 859.2252933947726 191.98074181823344 -188.02229581189434 209.9068846086866 830.5272144484495 187.8393681471647 -147.82882467335222 191.1777640084901 844.863904799786 175.0826868108149 -144.74693002405286 197.25980775797746 862.3287546548764 178.1345094754223 -176.46160238288613 180.01250157551118 876.131988034879 210.92509836231784 -194.84015917738765 174.6280237458162 867.53108600293 200.7023821898072 -169.38238797271387 197.46803982047484 862.2359274916968 206.79438936916722 -153.16745559997148 216.37254397316977 878.1595047074537 195.3732039087438 -157.97324327507653 182.67921230602818 861.601794705054 215.17779519983765 -148.95658130250487 199.87290403130837 850.7466953664641 213.21311710477187 -145.43743000277303 180.9508223149916 826.7372448660523 193.2258815812672 -176.66629923837394 169.2979147707642 825.7730770542199 204.99138708504975 -182.1128278237367 172.18152390098658 847.8518759529696 203.95027881338746 -153.0467790565077 178.5478200995555 834.3519714269711 192.926074321338 -159.4157686301651 215.54367261022577 858.2383720810277 198.4555879282972 -167.3141738429318 203.00881970684935 857.202055999647 221.12508192651612 -180.77303000352188 208.92597228958002 858.6312503674731 184.12768762492445 -178.89291295735376 187.502861545118 859.1609742525932 173.30259258389347 -174.31146249105535 219.72299020786264 850.3881475259809 186.3433405535181 -154.04921374759752 209.99617204438178 837.9470451917941 185.67794902353663 -181.40176382027437 182.1277964311701 864.2784591570564 197.7726081574287
30.00782581068606 7.17144603069659 0.0 3.558033620153127 3.5580336201532914 3.558033620153127 7.116067240306178 0.8895084050383025 7.171446030696622 0.8895084050383025 3.6675371088475566 3.558033620153127 0.889508405038375 3.558033620153127 0.889508405038375 3.558033620153127 3.5580336201532914 0.8895084050383025 7.1714460306967585 2.515909700500039 0.889508405038375 3.558033620153127 3.978002520446015 3.558033620153127 5.410668396552142 7.17144603069659 0.889508405038375 3.558033620153127 10.674100860459468 3.9780025204460365 1.9890012602230756 0.8895084050383025 3.5580336201532914 3.558033620153127 0.889508405038375 7.17144603069659 3.5580336201532914 0.8895084050383025 3.5580336201532914 0.8895084050383025 3.5580336201532914 2.4906235341072662 3.5580336201532914 0.8895084050383025 0.889508405038375 3.6675371088475224 3.5580336201532914 3.558033620153127 3.5580336201532914 3.558033620153127 3.5580336201532914 0.8895084050383025 0.889508405038375 3.558033620153127 0.0 7.17144603069659 0.889508405038375 3.9780025204460743 3.6675371088474074 0.8895084050383025 0.889508405038375 7.171446030696698 0.889508405038375 3.558033620153127 3.5580336201532914 3.9780025204460365 3.5580336201532914 3.9780025204460743 0.889508405038375 7.171446030696698 0.889508405038375 7.17144603069659 0.889508405038375 3.558033620153127 5.410668396552347 3.558033620153127 1.989001260223004 5.4106683965522455 3.5580336201532914 0.8895084050383025 5.410668396552142 10.674100860459523 0.889508405038375 3.558033620153127 7.1714460306967585 5.410668396552271 3.5580336201532914 1.9890012602230607 3.5580336201532914 0.8895084050383025 3.5580336201532914 0.8895084050383025 0.889508405038375 3.558033620153127 1.9890012602230756 10.674100860459523 7.1714460306967585 0.8895084050383025 7.171446030696622 3.558033620153127 3.5580336201532914 3.6675371088475224 3.978002520446008 3.6675371088475517 0.0 7.171446030696698 0.889508405038375 3.558033620153127 3.5580336201532914 3.558033620153127 3.5580336201532914 0.8895084050383025 0.889508405038375 3.558033620153127 0.889508405038375 3.558033620153127 3.5580336201532914 5.4106683965522455 7.1714460306967585 3.558033620153127 3.6675371088475566 0.8895084050383025 7.1714460306967585 0.8895084050383025 0.889508405038375 3.558033620153127 1.7790168100764696 7.17144603069659 3.5580336201532914 0.8895084050383025 3.5580336201532914 0.0 3.978002520446015 7.17144603069659 0.889508405038375 1.9890012602230607 3.5580336201532914 7.171446030696698 1.9890012602230756 3.558033620153127 3.5580336201532914 -172.41903116831307 208.05445482684192 864.7785891513876 217.75395917003297 -141.72488039307717 189.95787495851425 819.1325115367702 217.13982395908968 -166.39059792034334 173.67122072031268 870.0628087592884 179.37941539829166 -147.4846920029519 194.08453879747455 847.1616914853275 212.58826262882184 -174.1962849311917 201.46674993191542 817.8577266213614 194.21051737019997 -151.56882809716737 216.47608024021451 870.1419800361906 194.4424967283394 -177.2996593967665 166.4265544364937 849.074408510412 175.9722305926717 -161.74753795099548 197.86923348444603 855.0991752004365 196.97436838167297 -168.26165895051304 198.8155080252739 863.8740962552808 211.31741864695002 -136.6904281705583 209.90402894821568 830.2353506452499 225.58795630835886 -193.7894946388989 190.02248261093663 826.6957113322705 220.63907168873544 -166.0016600805658 181.21730271422393 840.5908372562155 213.38888907317437 -137.55838346289462 215.39862545547436 873.5035048760163 207.97526690061446 -182.63394531916677 196.59710413577352 844.3713011525242 198.61492256739223 -179.48925986546666 208.27870292040765 835.7893402280754 190.7636710006548 -153.59652526936225 181.55023907828198 841.4929646148062 203.56439015176016 -154.738914572773 200.73625987891256 857.603874893054 190.49361755488954 -170.58482075862008 221.9631997830589 820.3070675844281 208.26605431448903 -185.6888297070697 184.7410428270274 837.1393678214134 227.97543158096124 -158.54805666394296 183.2224386034515 862.2662870042601 185.89468565693173 -139.1030936643183 219.55755152156155 832.122398307423 185.86513914829567 -183.74979014832695 177.9807675455163 845.716675514976 229.5749839875079 -144.28821499599252 199.83407426692932 853.2747383066182 206.83419962682225 -162.24167409548633 188.30983543934295 833.0909889165689 220.8220072018101 -192.7992936721443 183.56462909279512 845.5980197569775 207.80368258812157 -171.41179712222134 165.33934415138953 852.7463062047666 214.52014965310335 -186.43673544770192 207.96145945831793 831.7773836611095 216.18940830751694 -150.34994634616953 232.6341709679952 827.7274221175071 230.95582789967682 -166.6319008504785 204.62437898025894 830.5377189427853 239.02188319535887 -151.85311629966074 227.01774734747454 864.0484691725123 179.84685658144895 -154.27069519862425 190.90690264557372 847.9005918766027 184.51755390314042 -182.86179572948478 202.3396378522311 832.5456879739816 199.7052914371036 -147.7709149737187 202.13191582519966 834.8990598860953 205.16734845225488 -164.98461272613702 221.45036413874772 869.8998001935993 205.23308725908575 -157.9488882732318 215.5386100808548 820.4964801948976 202.76645144553493 -169.29867724056166 214.1751180031607 880.0174599270546 201.0922715854529 -196.43172444203336 194.48882637725708 839.4425548823012 222.27143464358448 -167.0934065717272 191.28452134693936 831.0127362330113 211.06969800788184 -157.28239099136056 221.23839082742472 862.14103239719 196.12132859816379 -153.4064338285519 209.61960787172598 825.9326757814467 215.3969665323533 -140.6412281960751 210.5809444267212 847.1632929238654 221.32007170572416 -181.3861988495537 191.97248578454003 847.1064741223067 192.77590086617792 -174.85055987112705 196.09137404805747 870.9349100904257 185.3073533996975 -164.27840758549672 216.6556890414925 875.4917275652342 187.77585324381945 -148.86552451808228 207.63036412030368 828.5997228015776 205.37771939586054 -160.93165623625524 171.99951541700887 878.1008951581166 192.1802611269288 -194.90470839399546 205.47928732595645 828.8309344935028 198.3050879956459 -157.05982010288562 226.63046131949392 833.643708319524 233.90717846170296 -191.9212503633769 200.1446124840886 837.6570234528914 199.79387776456193 -165.64168100305602 210.42878861436552 850.5100040125042 197.44747672647605 -183.4984320439348 213.77268678674716 824.2811901739451 191.83867142611373 -139.66347136951848 196.7518272062733 841.6255740145142 179.30655111047292 -136.21257195308803 204.01290389250482 856.0827303803723 182.13381275437138 -170.15713153273165 183.94239307991072 871.0341847537048 213.95461420943795 -189.2254671531804 178.67023528486956 863.753861001257 202.08483401107378 -159.7251569823319 203.5072417748975 859.8132556780731 208.52155576277622 -142.9648104814657 222.49995060808885 873.7851054795118 197.68539197796164 -149.26247584311895 188.34148018430776 857.5259825902466 217.02511514507987 -142.33926570254627 204.6369390594784 844.0758541518619 217.46488003764756 -138.362904955187 186.34847615178197 814.7161407163494 200.08234342116515 -173.34558376131594 172.29752876188476 816.7135389345416 212.96209500973018 -179.85089593975692 174.11442499001686 838.4658520869394 208.95334443271307 -145.10606582198162 182.7423256454443 823.1003987897084 198.17552331926032 -150.44831646573033 221.69519459930228 849.7881607382787 202.61509594275725 -160.7850629234696 208.31826886314332 852.5751971177783 223.01245305563612 -174.56469314287588 215.52677441727192 852.2589962660055 187.9145824338246 -173.9679997590937 191.65739311882524 855.2914943325047 176.46441453330704 -163.7398126054185 227.0294297795258 843.2123870035252 189.74546960619813 -145.37049097880936 216.54874346375888 830.081855524654 191.7891844523147 -175.6427070982438 185.96948325507321 856.9303413484297 201.85201380413324
40.00782581068606 0.8895084050383025 3.6675371088474074 1.9890012602230607 7.1714460306967585 3.9780025204460365 0.889508405038375 3.558033620153127 0.889508405038375 0.8895084050383025 7.171446030696622 3.558033620153127 3.978002520446015 0.8895084050383025 3.5580336201532914 3.558033620153127 0.889508405038375 0.8895084050383025 3.5580336201532914 3.6675371088475517 0.889508405038375 0.8895084050383025 7.1714460306967585 7.171446030696698 3.5580336201532914 10.674100860459523 0.889508405038375 0.8895084050383025 7.171446030696622 3.558033620153127 0.889508405038375 0.8895084050383025 7.1714460306967585 7.171446030696698 0.889508405038375 1.779016810076605 7.1714460306967585 7.171446030696698 3.978002520446015 0.8895084050383025 3.5580336201532914 2.4906235341072662 1.779016810076453 0.8895084050383025 7.1714460306967585 10.674100860459523 0.889508405038375 0.8895084050383025 3.5580336201532914 3.558033620153127 0.889508405038375 0.8895084050383025 3.5580336201532914 3.558033620153127 1.779016810076453 3.558033620153127 3.5580336201532914 1.779016810076605 7.1714460306967585 3.558033620153127 0.889508405038375 3.558033620153127 3.5580336201532914 3.558033620153127 3.978002520446008 3.9780025204460365 3.5580336201532914 3.558033620153127 0.889508405038375 0.8895084050383025 3.5580336201532914 3.558033620153127 0.889508405038375 0.8895084050383025 0.889508405038375 3.558033620153127 0.889508405038375 0.8895084050383025 3.5580336201532914 3.558033620153127 0.889508405038375 0.8895084050383025 7.1714460306967585 7.17144603069659 3.978002520446015 0.8895084050383025 3.5580336201532914 1.9890012602230607 3.5580336201532914 3.558033620153127 0.889508405038375 3.9780025204460365 3.5580336201532914 3.558033620153127 3.5580336201532914 0.8895084050383025 7.1714460306967585 3.558033620153127 3.5580336201532914 0.8895084050383025 3.5580336201532914 3.6675371088475224 0.889508405038375 0.0 3.6675371088475566 3.6675371088475517 0.889508405038375 0.8895084050383025 3.6675371088474074 3.558033620153127 0.889508405038375 0.8895084050383025 3.5580336201532914 3.558033620153127 0.889508405038375 1.779016810076605 3.5580336201532914 3.558033620153127 0.889508405038375 3.9780025204460365 3.6675371088475566 3.558033620153127 3.5580336201532914 0.8895084050383025 3.5580336201532914 3.6675371088475517 3.5580336201532914 0.8895084050383025 3.5580336201532914 3.558033620153127 3.5580336201532914 0.8895084050383025 3.5580336201532914 3.558033620153127 0.889508405038375 0.0 3.5580336201532914 3.558033620153127 3.978002520446008 0.8895084050383025 3.5580336201532914 -167.89516740035353 211.92025700490248 856.8794245756998 221.87341600061526 -138.949579044143 192.8692842691384 807.7003231022176 224.01995715612458 -162.23573891951483 176.35798996162916 865.9408691852732 182.11642040760736 -141.0679011181436 198.70420912782131 841.4205865186766 217.4371997879665 -169.5601011285783 206.02233093592318 808.0068346313556 198.91499587639112 -142.71369596738643 221.93782340334386 865.4689936951144 197.21955292153282 -175.61518630408005 169.16155438612503 843.0808438898343 180.39635081171863 -155.33074706618717 202.4889038147928 848.6006912720056 200.54885472052422 -161.55613867005806 203.03412892532012 858.305348574801 215.48907921207027 -125.60540881996705 218.1889767414728 824.2417860246724 230.01207652740578 -188.39944268399933 192.68513649809563 820.4035595985583 225.52806003175792 -159.87359859140415 186.23802247487123 834.0462258685767 217.85306047609905 -129.4571194853999 222.75329573545244 871.0808330623926 209.70243329422345 -180.372013435187 198.5300052248038 835.0714559295794 203.27934988970563 -173.07246898065839 212.89837325075436 828.9922691865099 194.80302546348165 -147.83746854733164 185.39192590218514 833.2490854667758 209.03840017039153 -148.32212368796468 205.35593020925933 851.3117231593418 195.38260589791207 -165.1947688037205 224.62585367021788 811.4660142101288 214.6698005810715 -180.50723177633242 189.3848285115316 829.2741781542732 234.08666700973933 -154.68192705876112 186.31025727506847 857.4209433770127 189.34901844414972 -128.92763739543827 227.58346853235003 828.1266885603711 188.81455262766028 -178.2474181587735 181.3332002586225 840.3664125798754 232.17968289453017 -136.81264051810595 205.52045749936636 846.0067228657472 212.0156988076492 -156.77134676910242 192.55257169354658 829.6924533957861 222.84168443322352 -187.69797111289142 186.62833241025461 839.0534083693386 212.26785399104622 -167.25693812139284 168.02611339270595 846.92509887036 218.26699327812577 -181.99314705122674 210.24717926933383 826.0824061536664 220.1486604025882 -141.52685887955815 238.98621767222193 821.4352703837949 235.84481624269932 -159.12428170942252 209.42045867159845 821.1917462606326 244.57599558174573 -142.22792997244827 233.9472528429947 858.6982062374115 182.45155548847123 -148.39931844193978 195.43836829542408 842.8027885954285 187.54706975026056 -178.5946166940024 205.71618591949473 823.7167871503425 203.2275740414169 -141.0974393564332 207.24084026634335 826.5289509111018 210.42895000083732 -158.279092445682 225.66898503879395 864.3310525131196 209.40474782420603 -151.01872792346907 221.13678863279543 811.7816566475617 209.38260618216637 -163.31498044922333 219.39636247895822 875.6430606991127 203.40445965467075 -193.88106316240692 196.02067803598683 831.4511353881976 228.17026160231367 -161.99208401247432 194.34822466439886 822.7688570849812 216.54370802651323 -149.4057670831735 227.2135034555084 856.0673654088566 199.44335528308835 -145.89881468749584 214.41568756306557 816.2419885269517 222.30563210678918 -133.02128902036526 216.06680294400792 842.0654896426911 224.34958755284427 -176.71797038377082 195.63776324745032 841.7901860957536 197.37237837139597 -170.21437606851367 200.64695505206524 865.8371068092515 188.33686924681763 -157.02747317691788 220.96251462203514 869.6705202308276 191.52269686884188 -140.5558065164252 213.00390260293662 821.5501921060857 208.9922569185895 -156.77679723542673 174.68628465832535 873.0030918769423 195.20977697404894 -188.71255757849488 208.71940000440875 817.7055916832035 203.7669454636171 -150.4183891487696 232.62968930173506 825.9047484793471 240.23082236052997 -188.05512075819507 203.23243115570557 829.1606846509344 204.84307084309538 -159.88262428102541 214.27047543826865 841.0378015033882 202.789180642814 -177.16191653061088 216.8122747500492 816.6806127113919 195.49326013272045 -134.04877934531117 200.79403874532676 836.0568263340343 183.47821167559312 -127.82257857994657 210.96652474218243 851.3636165800882 185.8005540116383 -166.14663722972642 186.82968703637746 864.8342879384085 217.06423242431362 -185.21497285017523 181.55752924133625 860.8602447883276 204.95414512268292 -153.42068613217742 207.43713327929706 851.0644572221894 213.14593190121192 -135.45719134040968 227.2960302994284 868.9397618522643 201.13972476517964 -146.74385922666198 190.76363538413497 850.0055074954487 221.78179738580897 -133.91722766623536 210.70025636805852 837.3588854780519 222.60632803459671 -133.32567172227306 191.19278655143648 805.1177083802702 205.21163886745413 -168.1319411674092 176.05101090529146 808.532774699993 218.54230926338596 -176.93122989299945 176.82530958549074 829.1198794047867 214.5074568190999 -139.780103193421 187.18558661479824 814.0651657713505 200.38330391940232 -143.08506202249762 226.69179900579215 842.2676856434808 207.37177818348633 -152.36302488715867 214.38158617172343 847.856083317494 226.679194312903 -170.69856353769404 218.61459308888888 845.5881550514032 192.1663453667003 -167.26247947863874 195.87601401887142 851.5142693308318 177.84686635457368 -156.60119823149356 230.64647653412118 836.1628563080328 193.36000712892712 -136.7720435815056 221.5212325160913 821.3330570687705 196.4135605907504 -171.63221279523862 188.8567772115399 850.1332703068641 205.89136826696006
50.00782581068606 0.8895084050382576 7.1714460306965915 3.558033620153171 3.9780025204461493 3.5580336201531 0.8895084050383958 0.8895084050383247 1.7790168100765436 0.889508405038349 3.6675371088475615 7.171446030696641 3.558033620153094 0.8895084050382757 1.7790168100764787 0.8895084050383099 7.1714460306965835 3.558033620153141 0.889508405038298 0.0 0.8895084050383706 0.8895084050382817 1.9890012602229488 3.5580336201531533 3.5580336201531755 10.674100860459452 0.8895084050383079 0.8895084050382475 0.8895084050383439 0.8895084050382395 7.171446030696745 3.558033620153193 0.8895084050381967 3.9780025204460805 3.558033620153054 7.171446030696628 7.17144603069679 3.5580336201531475 0.8895084050382701 0.8895084050383347 0.8895084050382872 3.9780025204460694 7.171446030696789 3.5580336201531617 3.558033620153073 7.1714460306966545 0.8895084050383496 0.8895084050383236 7.171446030696768 0.8895084050382595 0.8895084050382104 0.889508405038248 0.88950840503826 0.8895084050383048 3.5580336201531977 3.6675371088475455 3.558033620153122 0.8895084050383228 3.7999815720693317 3.558033620153128 3.558033620153164 0.8895084050382769 0.8895084050382595 0.8895084050383519 3.558033620153204 3.558033620153171 0.8895084050382626 0.8895084050383485 3.5580336201530396 0.8895084050382712 7.171446030696629 3.558033620153196 3.558033620153207 3.55803362015316 7.171446030696527 0.8895084050382696 3.5580336201531284 0.8895084050383198 3.5580336201530836 3.558033620153162 0.8895084050381769 0.889508405038249 3.5580336201532603 0.889508405038256 3.558033620153108 3.558033620153148 0.8895084050383202 0.889508405038276 3.558033620153079 0.8895084050383463 3.558033620153126 3.55803362015318 3.5580336201530947 3.5580336201531457 0.8895084050382183 3.558033620153155 3.667537108847675 7.171446030696598 0.8895084050382993 0.889508405038243 0.8895084050382742 0.0 3.55803362015307 3.6675371088475712 3.6675371088476965 3.6675371088476165 0.0 0.8895084050383391 0.8895084050383243 0.8895084050383537 3.5580336201531684 3.558033620153134 0.8895084050382207 0.8895084050382637 3.558033620153058 3.5580336201531226 3.55803362015313 3.5580336201531377 3.5580336201531266 1.779016810076629 3.558033620153061 0.8895084050382719 3.6675371088475566 3.558033620153163 1.98900126022296 7.171446030696667 3.5580336201530995 0.8895084050382789 3.558033620153175 3.558033620153193 1.7790168100765393 3.5580336201531866 3.9780025204460463 0.889508405038284 3.558033620153204 3.667537108847607 7.171446030696772 3.5580336201531977 3.9780025204461262 0.8895084050382865 0.88950840503829 -161.3660077953338 217.22967437881567 852.5050213848873 224.18559896251125 -133.47900237200327 197.11173694872414 803.013939033014 229.65895710649616 -156.0756291693351 180.4884017848339 860.119661858101 185.86326402764752 -135.1643855530682 202.3450826246205 832.6718377107655 222.0614164891663 -164.66721844834944 211.06714245560758 796.2381760212768 206.19625610045486 -135.34549891442373 226.92658297593667 858.4194627578578 200.83408999786568 -172.83988496987266 172.0729634769352 836.5362324166895 184.86052226545758 -149.86024773884304 206.73149159023902 841.8036153028276 204.58820211841132 -155.79698010200264 206.8756676484561 854.6543548107616 217.08393866505955 -119.46129909570534 223.18532001351383 818.9693857301634 233.7169801663708 -184.16430800853377 196.95198832470663 813.1793514109544 229.8174487323224 -154.91662845977393 189.50223603295177 824.2750853933022 223.65896178648788 -123.05460810202499 228.2415675534591 866.958893550028 212.43943824314837 -175.55942060233252 201.99475682246685 828.3205095285803 206.42902096347865 -167.7464752274399 217.3416195815384 822.7923585487465 197.91261203499246 -141.01952505127537 190.3001973718931 830.1030242719658 211.48288562309833 -142.81965225946112 208.70770636202693 847.4422431169277 198.54442764126236 -159.32284058879796 229.1565352811562 803.9452953843784 219.42615642357003 -175.98336702917226 193.25062949412776 822.9804600352142 238.97454996273237 -148.92285956596908 190.15194777447763 852.8280593767417 193.2281681847739 -123.34043437221054 232.33905901031488 820.1352654967975 194.7133720285724 -171.8306261619427 185.95286929523576 833.0642033396216 235.36872105362426 -127.18322589021889 212.44502171973141 840.9089219601567 215.0452061407487 -151.01228799482104 196.3942352650953 820.4719717869906 228.60717665893415 -184.48957571250256 188.93816730069517 832.2563298967746 216.3072128696917 -165.94146968088754 169.5820804883495 840.1741595466779 221.41665601439047 -175.57635787785995 214.86684635588935 818.0565894417408 224.05491189313977 -135.75799919246032 242.8158551411189 814.0797201262009 239.91088092822386 -154.31158042528037 212.8851538837838 810.7687801543788 249.0483641497479 -134.8235011490286 238.04021997117422 850.9252714748435 186.78342076580802 -142.2712561404646 200.45903856932512 836.7291216893381 190.8690963857922 -176.33268612662621 207.64908603116135 814.5431605095143 208.1043909115915 -134.82361396928385 212.05948040936823 820.110503161455 215.1054639383799 -152.6958770751206 230.60145460216393 860.2091127428013 212.141752502908 -143.0777725440783 225.33029633773515 806.2128397429609 213.5541776502991 -155.95133452693202 224.3923883053267 871.2686614449876 205.7166476797994 -189.35719874216684 199.8864792989196 825.4103527829539 233.4824047553092 -158.78368898567427 196.65805164872754 814.2721741377186 221.59226150277598 -144.76726702910918 231.76881297356897 849.5227536548201 203.9075260694703 -140.17068502996437 219.14653406463756 810.4206480712808 226.0519241410493 -126.37481778404712 222.060277774331 835.9916986407886 227.67140552064117 -170.9589149991206 199.47944822874408 836.6923820538782 200.4018928767048 -164.3750280669963 206.06870358426215 861.7151672283992 191.07387426019653 -149.37496465021505 225.5576857992137 865.5485806360234 194.25970184296824 -135.0832068160931 217.24526504299544 812.5026228183795 214.08119194006977 -149.04451717262677 180.86189751699766 867.1818845229498 198.9566205661137 -182.66476910691418 212.16003446094044 808.2794896689355 208.2189480622574 -142.10426562495633 237.99839227926816 817.2727993789915 245.04790356391337 -185.42418172533723 206.34436274587847 819.9870827636594 209.71988113577478 -154.41224903012193 218.51297736081276 835.388949961425 205.8587485614924 -172.12467154955195 221.65657321543787 808.9076623046494 199.82509720843746 -127.29210607005572 207.48011738226313 828.1916363311597 189.58944676579264 -120.45017044652975 215.95210120335494 843.46445198091 189.9200107884458 -163.22696854459014 189.54057128334958 860.2074294725056 218.9516026320809 -179.88901014160572 186.00079021345323 856.4858453297131 207.2663328037448 -146.89125303957692 212.74624165902736 847.665917174201 215.16560820061102 -130.55727991582378 232.33788957960203 863.118554436276 204.8865682529233 -141.8508480299764 195.80831449908734 844.4027692886027 223.96164843913195 -125.3742381806195 217.442699253086 829.8382710464368 227.36269681971976 -127.62991516667212 196.81450311205057 797.883372693625 212.3844196562256 -164.1214469935325 178.9383045223126 802.9980019280608 224.70574842670186 -172.26300042188493 180.49058565398977 822.9999643132548 218.7190612682732 -134.16526647530657 191.22754511555112 802.4688674532279 206.98728639002388 -137.90121849604122 231.33532222046537 837.1698711796226 210.40127521303594 -147.03665212344464 218.82436722769356 840.9328279621549 230.5060616363066 -164.68274265614343 222.94544448383908 842.9469971411041 195.46047247788408 -164.77590364046821 199.1884722108473 844.7171982430116 181.88622073779166 -148.7234916895605 236.61939977488962 830.3416476935531 197.10684910625648 -130.06123862864027 225.7316895325494 817.0387383127436 199.82782698411546 -169.00127474794553 191.968711028687 844.8631102372875 209.59816039924354
60.00782581068606 3.558033620153134 3.5580336201533096 0.889508405038279 0.0 3.558033620153164 0.8895084050382009 0.8895084050382773 0.889508405038232 3.558033620153131 3.6675371088474686 3.558033620153123 0.8895084050383585 0.889508405038313 3.5580336201532963 0.0 0.8895084050383193 3.5580336201531644 3.5580336201531497 0.0 0.8895084050382435 3.5580336201531773 3.5580336201531053 0.8895084050382617 0.8895084050383124 3.6675371088475797 3.558033620153049 0.8895084050382926 0.8895084050382532 3.558033620153116 3.5580336201530764 0.8895084050383031 0.889508405038332 7.171446030696612 3.5580336201531813 3.9780025204460085 0.889508405038353 3.5580336201531866 3.558033620153318 0.8895084050382968 0.8895084050382814 0.889508405038256 3.558033620153128 3.5580336201531715 0.889508405038221 3.5580336201531777 3.5580336201530978 0.8895084050383091 3.5580336201531106 3.5580336201531386 3.558033620153073 1.7790168100765724 0.889508405038231 1.989001260222998 3.558033620153139 0.0 3.558033620153007 3.558033620153152 3.5580336201529787 0.889508405038299 0.8895084050382107 3.55803362015314 7.171446030696457 0.8895084050383264 0.8895084050382249 7.17144603069662 3.558033620153117 1.7790168100765595 0.8895084050383643 7.1714460306966625 7.171446030696651 0.8895084050382476 0.8895084050383254 3.558033620153167 0.8895084050382485 3.5580336201532172 3.5580336201532305 7.1714460306966545 3.558033620153342 0.8895084050382696 0.8895084050383825 1.9890012602230007 3.558033620152982 0.889508405038267 0.8895084050381972 7.171446030696637 7.171446030696738 0.8895084050383183 3.5580336201529885 3.558033620153177 7.171446030696574 0.889508405038263 0.8895084050383475 7.171446030696613 3.5580336201531177 0.8895084050383246 0.8895084050382367 3.5580336201531564 3.5580336201532616 0.8895084050382643 0.8895084050383724 7.171446030696637 7.1714460306967265 1.779016810076544 0.8895084050383699 3.6675371088475357 3.5580336201531586 0.8895084050382631 0.0 0.8895084050382935 7.171446030696733 0.8895084050382976 0.8895084050383428 3.558033620153199 3.5580336201531253 0.8895084050383129 0.889508405038205 7.171446030696631 3.558033620153272 1.7790168100766026 3.5580336201530183 0.8895084050382756 1.7790168100766584 3.558033620153152 1.9890012602229428 0.0 0.8895084050382529 7.171446030696638 3.5580336201530525 0.889508405038306 0.8895084050382155 3.558033620153201 3.5580336201532234 0.8895084050383172 3.5580336201531857 3.558033620153118 3.558033620153288 0.889508405038299 0.8895084050383574 3.558033620153168 3.5580336201532012 -155.31438680409823 220.66246849268947 846.9012596884141 226.36277341815804 -128.80150303768997 200.76833492578768 797.3634648197816 234.75946008158712 -151.40639425401224 184.15215222421705 856.1238388872481 188.81257659907936 -131.00116362687885 205.01815855029812 828.0393602129234 223.93672168990676 -162.32227558020023 214.57727532852627 790.2750240300966 209.70743777411528 -130.10288600084982 230.63783076011222 852.0931607999165 203.73068520499137 -166.1341742268734 176.29119319215212 830.5880116349074 188.39374045820983 -145.61767782245715 210.991044220695 837.93295490454 207.74978364163144 -152.87370398042285 209.5816773721557 848.5331130128556 221.29280736954078 -114.09488583273271 229.31828417623993 813.1096014790828 237.41030511369712 -179.4316031050365 198.8360602335355 806.0289067457253 234.22935994373879 -149.30006933119395 193.54143634438225 820.6166442289816 225.23548750289393 -117.38792243923865 232.21134308513467 863.3415009133125 216.02576511213846 -172.06176009820283 203.9026165376649 822.2430285572844 209.74538179416277 -160.37683186959686 222.32916031099182 817.9895463063817 200.47051460023758 -136.86068776052215 192.98074051718334 825.0043964598087 214.50694504087465 -137.99686603164608 212.15722324272357 841.6205528249415 202.29054987599687 -152.6056037413143 233.3580557953235 798.327628066975 221.5666193876004 -171.7475289049299 197.51660272377757 816.1406270477576 242.9429555437505 -143.81893733902334 193.21250734668786 847.477660737785 195.83262903127903 -118.8450930909689 236.2804483456989 812.3566494127022 199.03636953250617 -166.07106350432505 189.7937218197079 828.327784007656 239.01507585673613 -120.35481071072444 218.19028906366137 835.5879893999487 219.6346546613626 -145.9091066740487 199.4538073848254 814.2502921189598 231.67262150619922 -180.76758377533503 192.2262315591498 827.7043588870205 219.2890877143699 -165.20327817346475 171.94022591341445 834.3962808077918 224.26603431082353 -171.01923380726132 217.84004830554167 810.5069058005299 228.76445039031643 -127.8068555296481 248.69414562418143 808.9332130527937 242.84751834061592 -149.20307888755988 215.93799270714888 802.4474973271762 254.63118701947857 -128.3582502794459 242.59079662212235 846.6770905195074 189.30784366374348 -138.6864269591477 203.93996728534137 830.1832295520826 195.33106049878654 -173.78194634327483 209.18063002112987 810.1620002410482 210.40626766345628 -130.36733364950553 214.3202966706036 813.2980900592897 219.11871013163645 -144.88321206577956 234.96400260469574 855.1109630340148 215.17083946932937 -135.83006433781955 230.48735016838057 800.118666198884 216.83583278450595 -152.73929204051953 226.69475157443165 868.1225127396925 208.16098501864892 -184.25555739970707 202.94961918282763 821.6469471343004 236.83224238150538 -155.57329579121023 198.9653486537469 807.9261303458917 224.45208673151598 -138.03787290606834 235.94767783834953 843.953024515364 208.07810675483935 -135.86092827563192 221.6144552206332 804.6979227082956 229.96851864704024 -120.46141943226294 226.53302106504407 829.9059655894798 230.9744863730681 -165.48739953176752 203.720231020629 831.8457483517194 203.85482156424425 -160.1362341586046 210.33190674591992 854.6654285543392 194.6879880387925 -143.315192402943 228.97609307099543 860.669205553018 195.7220379612229 -127.02156423303302 222.96240877179272 805.9114621045167 216.51469315261681 -143.71631330725404 185.30156194799156 864.0018265505795 199.40929115128745 -177.33745353960737 216.60153136938604 802.6704719923481 210.38176227638678 -134.5598181459723 242.7355571636785 810.3980329151137 248.94357121895771 -180.24162794200103 210.9869231508806 813.179039345713 213.73909207087576 -147.98561718196143 223.12084142882966 829.3136544345274 209.17805335179338 -166.73128747062358 224.3137646500303 804.0214399826407 201.2696635812254 -126.07254828058923 212.59361873115904 824.3205039833363 192.74965284486242 -111.7003148656639 222.4100708566092 837.137635823623 192.81583724926207 -159.0714190547945 192.22629214392222 856.2574513715515 221.0105848749487 -177.626933387251 187.93361425641157 850.1591416133343 210.1622682609552 -143.30709866762265 216.22856612791696 845.2421126480303 216.89042047523 -125.0436141765514 236.52423182085371 857.0444872618928 208.20790989975507 -137.31951196002896 199.66603463986655 839.5547042251507 227.4121270130232 -116.90018563194997 223.4299512469893 822.2994383267842 232.0901754735616 -122.43331979959807 201.44673867466565 794.8400524465095 215.0092165384519 -159.5971686079817 182.80341817844814 798.4063890533857 229.60873572551534 -165.8454872603806 185.10927641736063 820.021193748944 220.4784891013224 -129.89325896467903 194.5965358530284 797.8347274102453 208.85985749954293 -132.01521645871475 236.70849416378692 832.0691331560746 213.42522236381157 -141.55057508029944 223.04749993652547 835.70322662913 233.31246790132263 -158.54704491416823 227.95648894539173 837.1249742297205 199.20605363000396 -161.27804474494758 201.09609848324095 840.5611640469509 182.63106956008033 -141.7096453673975 240.401386848543 824.5172036442268 200.84962455191072 -124.12770138983969 229.3198743965841 809.508744780376 204.571772018154 -163.24132007419533 195.80898269294906 840.2683314049813 213.47533540570896
70.00782581068606 0.889508405038297 3.55803362015297 0.8895084050382456 3.558033620153323 3.5580336201531657 3.5580336201530103 3.55803362015317 7.171446030696822 0.8895084050382847 3.6675371088476205 3.55803362015316 0.8895084050383296 3.5580336201531386 0.8895084050383297 1.9890012602230522 3.9780025204461102 3.5580336201532163 0.8895084050382114 3.6675371088475255 7.171446030696675 0.8895084050383539 3.5580336201531604 0.8895084050383283 1.779016810076622 3.558033620153176 0.8895084050383173 1.989001260223034 3.5580336201531773 0.8895084050383 7.171446030696597 3.558033620153136 3.558033620153307 0.889508405038282 7.171446030696575 3.5580336201531986 0.889508405038228 3.558033620153153 3.558033620153048 3.558033620153127 3.5580336201531035 3.558033620153132 7.171446030696761 3.5580336201531524 0.8895084050382432 7.171446030696678 0.889508405038158 7.171446030696643 0.8895084050383375 0.8895084050383256 0.8895084050382731 7.116067240306328 3.558033620153189 0.8895084050382867 3.5580336201532177 3.6675371088475517 3.978002520446051 3.5580336201532163 1.779016810076462 3.558033620153181 3.558033620153229 0.8895084050382941 3.558033620153125 0.8895084050382764 3.5580336201533007 0.8895084050383123 3.558033620153241 0.8895084050383165 0.889508405038268 3.558033620153168 3.558033620153094 3.5580336201531826 0.8895084050382368 0.8895084050383142 3.558033620153273 0.8895084050383044 0.889508405038273 3.5580336201531217 0.8895084050384032 3.558033620153188 0.8895084050383852 7.17144603069664 3.558033620153207 7.171446030696678 3.558033620153224 0.8895084050382422 3.9780025204459872 0.889508405038289 0.8895084050383889 3.5580336201531586 0.8895084050382599 3.5580336201532026 3.558033620153132 0.8895084050382807 3.558033620153095 0.8895084050382818 3.6675371088474233 0.8895084050383333 3.558033620153316 0.8895084050382907 0.8895084050383767 3.6675371088475415 3.5580336201530467 3.6675371088475663 7.171446030696708 1.7790168100765544 0.889508405038227 0.8895084050382258 0.0 0.889508405038329 0.8895084050383565 3.5580336201531506 0.8895084050383513 7.171446030696641 0.8895084050382592 3.5580336201531693 7.171446030696685 1.9890012602230582 3.558033620153119 1.7790168100765589 3.558033620153271 0.8895084050382899 7.171446030696774 0.889508405038302 3.9780025204461205 7.171446030696623 0.8895084050383057 1.9890012602230231 0.8895084050383638 10.674100860459486 0.8895084050383525 3.5580336201531266 7.171446030696693 0.889508405038243 3.558033620153061 0.0 0.8895084050382679 3.558033620153145 0.8895084050382467 0.8895084050383049 3.5580336201530276 -150.5747329256053 222.52184524684463 841.9127056992346 229.57454392634367 -124.24625373401541 204.59792122324643 791.5578040212869 238.63128269873823 -146.58619306154867 187.60511785386916 849.3227507319481 192.8451054185428 -123.21609437754404 211.12490688935526 819.2889111707392 229.53512051745588 -158.15738079907754 217.24650896849437 781.7680047025916 214.71153634038924 -123.62190868149597 235.1673165173301 848.7707376178042 206.84928482254867 -158.53908464987165 182.65855701357384 826.3336296926686 190.90718784208534 -140.37935422366806 214.70988953706362 831.8427585069722 211.04794150088878 -147.23891687121244 213.59730682377892 842.1962829718485 224.16375651536362 -107.34543368636773 235.19545179178397 806.1409940500762 241.16204838259839 -174.6149201684563 202.2963188822392 800.0551937353528 237.71136651096202 -142.83861046327934 197.24733297008885 810.0584904012427 230.65818716569316 -113.34732981108186 235.9227923979849 860.6645039733326 217.32431701831237 -168.3640726120841 208.07456032720708 815.1572265802548 213.2889503499971 -156.584964997042 223.81868290659355 811.7520987920939 203.51258411479625 -131.45582017381972 195.61311474148835 816.2732607746825 220.13597570108223 -134.39108716167385 215.6164266487452 837.0155144682645 206.1557673815547 -146.79188290876635 236.26021154467674 790.894469947878 226.51627880668147 -167.87611780802172 200.5979425085367 811.1636158199165 246.20552484288962 -136.8085747672075 197.00041815281625 839.948797737526 200.57556475530274 -111.6312890125659 241.48732173495853 806.118089048027 202.07374335046586 -161.25462709554327 193.252323873834 823.5865328614104 241.6851447693754 -112.94213382542151 223.9732838663499 832.1764611423157 221.62754671944836 -140.56192837877137 203.87167495670732 807.4494222560271 235.70719218242112 -175.14894031377477 196.2631452522325 822.582297039663 222.26905534053455 -161.54056175497425 177.0055902636007 826.9562953156575 229.16466262086587 -164.01455530380915 221.63745639829625 802.6751935989143 231.95384675805627 -120.21955166114547 253.36387908705058 803.1299531433327 246.70937306506698 -142.09412250895383 221.28951997566412 798.514773257096 255.0462772355126 -120.24759808149554 248.23885965089093 840.5979602565768 192.62115988455557 -130.912618530365 210.06398678249485 824.3989008040069 198.16809285633718 -168.96232565933016 212.63558132138155 805.998720793579 213.07743848330077 -125.37585054857315 217.5292897912202 809.1294375289255 221.77751065549631 -140.5589156269145 237.40463603850574 850.008240643917 218.190562033844 -130.71350549798242 234.3761973414928 792.106337588183 220.73484472187954 -145.1974639499775 231.4334885769162 863.4936898694746 210.04287661425118 -179.52112801379116 204.82925401796925 815.2249724249781 241.53332784236716 -150.46278072265852 202.01350074337404 802.2782994225299 226.48276267310328 -131.96914519747585 240.2026268131877 840.9733656368196 209.83872547494985 -128.72889202105767 226.9350629353283 796.6154878525037 232.69103480054596 -114.24082480245372 230.57167305387125 823.7767496588925 234.19902583763226 -161.32373685651243 206.39558782964795 826.00853937538 207.5737076054331 -157.5788397827259 211.85448694124344 849.5629473640064 197.7109743092045 -138.46647668789123 232.39044279250618 856.2933039363804 198.0312968834818 -121.8785280454636 225.9577970564015 799.0174686896961 220.39881120889112 -139.3207230372182 189.35095101157935 856.9493665459839 203.0180047402404 -171.94311810768005 219.254348738283 796.2120679885248 214.02232781468706 -127.79455771531342 246.86171873989719 807.0996070308383 251.175983229653 -176.628847986669 213.58093030277018 807.417707672207 217.59702226930506 -141.9098727511602 226.51340806810032 823.5432950130992 213.99679738959534 -160.52599027749946 227.52860350572098 798.8776586518327 206.1973469761397 -118.12062152468305 218.47056023004185 817.0251054274588 197.8881120945777 -106.30151526743778 226.76603704066207 832.2833602692523 196.25799653968525 -153.3884829366296 194.47631088473767 852.1285876555016 223.7382638238002 -171.57705306534822 191.36999295751298 845.3547596474734 212.7147386392256 -135.2178763427338 221.05008644172477 842.3115100931776 217.75485224853836 -118.29243448354515 241.53163535843888 853.6421530544268 210.22247060882083 -134.00604017702864 203.53412996079945 833.8765462096432 230.42304090934493 -110.55600376384598 228.15553673696 815.2800898392171 235.7375579506985 -117.34928667050032 206.2443530064323 786.4494538641613 218.21438353150413 -155.93128479295962 187.8662616409248 788.5952151414937 234.28200337995392 -163.18017252350938 187.32762223059348 813.2189678978069 225.50234024319985 -124.67960137805795 199.20311753653903 790.7181009285888 212.3384854664026 -125.7982048034351 240.75377436709172 828.3066268152635 216.7805517039705 -134.80169970083102 227.19775316337265 831.5524862385627 236.01103429736065 -152.7653664054655 231.7626283488006 832.0158790510254 202.21717749424727 -155.13772495986356 206.10036922646435 834.7338165182662 186.36882359599534 -137.09892894570334 242.43547567868154 819.4024362258792 203.8495831508607 -120.60383431431393 231.1780946947968 804.6116040210258 207.95509299203437 -157.76450959429272 200.04216694050993 835.154209851687 216.47997643002844
80.00782581068606 3.5580336201531475 0.8895084050382187 0.8895084050382902 3.5580336201532363 3.558033620153192 0.8895084050382429 0.889508405038274 0.889508405038233 3.558033620153141 3.799981572069239 0.8895084050382566 0.8895084050383141 3.5580336201531844 3.5580336201532576 0.8895084050382688 3.5580336201532683 0.889508405038249 0.8895084050383035 3.5580336201531835 3.558033620153178 0.8895084050382984 0.889508405038168 3.55803362015318 0.0 7.171446030696615 3.5580336201531333 0.8895084050382652 0.8895084050382462 3.558033620153196 3.5580336201530676 0.8895084050383096 3.558033620153095 0.8895084050382829 0.8895084050383162 7.171446030696675 3.558033620153198 0.8895084050382256 0.8895084050383868 3.5580336201531706 3.5580336201531413 7.171446030696626 0.88950840503823 3.5580336201532097 3.5580336201530125 0.8895084050382552 3.978002520446011 3.55803362015314 3.558033620153323 0.8895084050382895 0.8895084050382999 0.889508405038319 0.8895084050382368 0.889508405038335 3.55803362015319 0.0 0.8895084050382379 3.5580336201531075 3.6675371088475033 0.8895084050383074 0.88950840503832 3.55803362015315 3.5580336201533496 0.0 3.5580336201532448 0.8895084050382609 0.889508405038315 3.5580336201531377 3.558033620153308 0.88950840503828 0.8895084050383789 3.5580336201532132 0.8895084050383504 0.8895084050382477 7.171446030696652 3.5580336201531444 3.5580336201531395 0.8895084050383164 0.8895084050383032 3.5580336201531475 3.558033620153047 7.171446030696626 3.5580336201531226 0.8895084050382839 0.8895084050383909 7.171446030696664 7.171446030696636 3.558033620153148 3.558033620153248 0.8895084050382627 0.8895084050382199 3.558033620153172 3.558033620153104 0.8895084050382774 0.889508405038257 7.171446030696615 1.7790168100766108 3.5580336201531644 7.171446030696625 0.88950840503835 0.8895084050383771 3.6675371088475455 3.6675371088475486 1.7790168100766166 0.8895084050383673 3.6675371088475415 3.5580336201532323 0.8895084050383077 0.8895084050383514 0.88950840503825 3.5580336201529774 0.8895084050383072 3.558033620153294 3.5580336201531426 0.8895084050382361 3.558033620153144 3.5580336201532887 3.9780025204460565 0.889508405038257 3.6675371088475703 0.8895084050382717 3.5580336201531355 7.171446030696799 0.889508405038245 0.8895084050382787 7.171446030696632 3.558033620153 3.558033620153185 3.558033620152982 0.8895084050383191 0.8895084050382567 3.5580336201531755 3.5580336201529863 0.8895084050382766 0.8895084050382548 3.6675371088475663 3.55803362015304 3.558033620153181 0.8895084050382078 7.17144603069665 3.5580336201532288 -144.77320397699395 226.2998649919808 836.2667854307024 233.65089159282323 -118.05813045467917 209.54245218135551 787.202980438313 240.97513055366045 -141.75050328626088 191.03815046362237 844.2089610230139 195.85098631682422 -116.45307298918624 215.25071488042775 814.0683266145887 232.34830365903403 -155.87814392454857 219.15896900153766 776.0264886168954 218.68488152055264 -118.47195531157362 238.14819966215575 844.1293410155921 208.69909941091223 -154.42921258704533 187.10784183812828 822.4241567202025 194.00922289599293 -136.19531505803852 217.34929041890413 826.941752672319 214.41223909070803 -144.1053439226259 214.29759390047985 838.7701297520279 226.12687124065025 -102.36373736549908 240.15254838902283 800.7440416333204 243.61937415550813 -168.8415210153555 206.11626446973 794.2037255872485 241.4848727055317 -139.37324200004505 200.9053427811308 802.8173630673382 233.88299847692358 -108.22694457127248 240.67908615495065 855.064504862835 221.45438788930574 -162.20853096743377 213.06291453737222 810.9599507569786 215.89522938523703 -151.16801205988244 226.42616363582292 806.1356687388318 206.6183276032294 -127.55831860323427 198.66211282788183 813.1622008454173 222.68592119693855 -129.53738281213555 219.02219799923606 831.6374119884345 208.69959602072134 -139.6283317558971 240.67326651994514 785.8242938888257 229.64167429026836 -162.6737204935425 205.21987335135958 806.5587481982541 250.2272585520501 -134.3872546795784 198.7118977239505 837.2758707042235 203.8398070441155 -105.55592617174784 246.60159996819456 800.9387732144256 204.93655359200469 -155.76323473997377 197.46783218752134 814.8476619670131 246.30127537831862 -107.27913697895029 228.81350117945772 828.2306105389855 224.68975100157044 -136.0003278599127 207.69332527805483 802.174357178976 238.40972254563414 -172.07665738327466 198.7627936228971 815.8952961459852 226.52418645847231 -157.80913548520687 180.28351210821603 822.0834050422934 231.58055240184257 -158.88984748901424 224.6608605925844 794.5462156631986 236.68681249808728 -114.1119652866967 256.69730062830706 799.5899033971237 248.46269010872965 -137.6238041406995 223.52249203144046 792.1483763636096 255.45635024561676 -115.09396352177662 251.213697037114 834.9990701927971 196.75320251463646 -123.63090813310184 215.1727132796389 818.7585106819444 200.24737448744966 -166.74494230039468 216.3392144766061 800.7870396664147 215.90056997046318 -121.7477237558572 220.9656946329888 803.1503066976962 225.2728999325223 -131.76625084540456 242.93947830746836 843.8972211684784 221.4473957023066 -125.84828607068674 237.76695360064096 788.1447300089902 221.67772911122077 -140.34152626675152 234.83639212454003 860.2089957502835 212.25470476492524 -176.8793631179482 207.93275169206544 808.2102024783576 245.17858245540424 -145.62517373405746 205.4414453383182 796.27687263572 230.99715664684567 -125.19792143755089 244.31477178832776 836.8255188289482 212.53204439672038 -124.35481104512715 227.5739560971668 788.1189636536093 235.61420958977484 -107.20032262752174 235.16052328289882 818.041631277968 238.13830255647213 -156.25836921207906 211.20890719264 820.1145226125075 211.20715339755304 -149.5128809079768 217.56588723843325 844.6961971428992 201.13314446501167 -133.21865259661251 236.95995311850868 851.5296282945513 199.68010076307513 -117.39824333611892 228.17134763853903 793.7831064207471 224.26864114469961 -133.95839935154365 193.74903142678167 854.7437893284012 203.164706010264 -168.0068313607336 220.53885003746407 791.2660754091736 215.23688914644225 -120.7543524822983 251.45188522115518 800.233258232003 255.1183742275181 -173.40764354018236 215.87452336792546 800.3286290948865 221.1086334447787 -136.91351228872122 229.71622503307262 818.6151524018927 217.34298746933717 -154.4479870933103 230.91453325939673 792.4242931214363 208.80130285817356 -113.41178739421622 222.9516567688653 812.3584175338102 199.6701706885349 -97.64962077483783 233.36802824275182 825.9221860319835 199.0771081277827 -149.88080548878185 196.36302687678494 847.1177651083185 226.931761898963 -168.7361737303482 192.4935256524911 839.4916322378753 216.39315071135093 -131.98018408614644 223.31831508315406 835.6969496324126 222.10790827494327 -112.60953717857207 245.47751054423898 849.502356613506 212.93280656987486 -127.25523186882252 207.67894895135987 825.9902357337306 234.53854191644504 -102.45447724442674 234.68290659612978 810.7910304091449 237.82048794373878 -109.38621432516089 212.10536423067526 780.5084493135928 220.69861744922267 -148.51728420848656 191.93641859767953 781.1669057359778 239.3591431267594 -161.5714926706937 188.47677023406968 807.5561306774014 228.5381337574573 -120.25377372826365 203.21667155349024 783.7211458387201 216.0197454057182 -119.02381185847494 244.86189377248755 820.6705393970086 221.35087353782563 -130.50756136443562 231.40624615527136 827.5863369985883 239.05886040643722 -146.94172514861498 234.6487588953443 830.0537437749714 202.766262050572 -152.86215735491504 208.01773802971593 830.5940156035189 189.0717368302949 -128.5841928223128 248.36751347044043 813.2462664915788 207.02882692028345 -113.97110813792872 235.48830397061067 799.637423750685 211.2309065467443 -153.47611325479795 203.39113920071188 832.0864938936203 219.073026421357
90.00782581068606 0.889508405038256 3.55803362015332 0.8895084050383273 3.55803362015325 3.6675371088475495 0.8895084050382246 7.171446030696658 3.5580336201533154 3.558033620153139 7.171446030696631 3.558033620153156 3.5580336201530027 0.8895084050382509 3.5580336201531115 3.9780025204460103 0.8895084050382696 0.8895084050382451 0.8895084050382359 0.8895084050382975 3.5580336201531626 0.8895084050382884 3.558033620153169 0.889508405038294 0.8895084050382321 3.558033620153121 1.7790168100766022 3.558033620153184 3.558033620153008 0.8895084050383121 3.5580336201531604 0.0 0.8895084050382708 3.5580336201531537 0.8895084050381891 7.171446030696686 3.558033620153299 0.8895084050382897 3.6675371088475575 3.5580336201531626 3.558033620153116 3.667537108847599 3.6675371088475077 0.8895084050382914 1.7790168100765595 3.558033620153186 0.8895084050382179 3.5580336201531764 3.5580336201532945 0.8895084050382922 3.558033620153275 0.8895084050382502 0.8895084050383545 3.558033620153203 0.8895084050383293 3.6675371088475313 7.171446030696559 3.558033620153149 3.5580336201532474 3.558033620153156 0.8895084050383815 0.8895084050382881 0.8895084050383668 0.8895084050382722 0.8895084050383846 3.558033620153188 0.8895084050382318 10.674100860459466 3.558033620153266 3.5580336201531506 3.558033620153232 7.1714460306965915 0.8895084050383313 0.8895084050383071 3.5580336201530085 0.8895084050383234 0.889508405038251 3.5580336201531626 0.8895084050382431 3.558033620153183 3.5580336201529676 0.889508405038252 3.55803362015334 0.8895084050382858 0.889508405038401 3.5580336201531626 3.978002520446016 3.55803362015318 3.558033620153325 3.5580336201531293 3.558033620153068 0.8895084050383116 7.116067240306388 7.171446030696572 0.8895084050382109 3.5580336201531817 3.6675371088477795 0.8895084050382559 3.55803362015301 0.8895084050383514 0.8895084050382949 3.6675371088475632 1.7790168100765447 3.6675371088475703 1.779016810076604 3.6675371088475774 0.8895084050382477 3.558033620153177 3.5580336201530454 0.88950840503826 3.558033620153019 0.889508405038254 0.8895084050383215 7.171446030696628 0.889508405038191 3.5580336201531595 3.558033620153303 0.889508405038333 3.558033620153316 1.7790168100766113 3.978002520446135 3.558033620153166 0.622655883526748 3.558033620153121 3.5580336201531986 3.5580336201531653 3.5580336201533194 3.9780025204460583 0.8895084050382098 3.558033620153189 3.5580336201530116 7.171446030696587 3.558033620153066 0.8895084050382828 3.558033620153033 0.0 3.558033620153129 0.889508405038299 7.171446030696602 0.8895084050382654 0.8895084050383024 -139.629604879815 229.29115553451862 830.2900285329466 237.14669199674572 -112.8213962577915 214.99333605472808 780.0707459885602 244.3878684212819 -137.13933244539515 193.0738233600299 839.668587777792 199.87258213213016 -108.62031668847136 221.29875792698599 807.7888680895837 235.2719283088262 -152.3573334991021 221.02530021385112 767.359711258261 223.45827913080862 -113.98949005216956 240.35670508660058 840.4438650537663 210.2040484719375 -150.25397176995324 189.76258445143483 816.9628403324616 198.4188424467344 -130.09877531286568 220.70092061721598 819.7557400760323 217.74170118961632 -137.06123726413034 218.02224422757374 833.577349235959 228.98247533086445 -96.14771994499405 245.06395280260904 793.0851807526566 248.201023792525 -164.95071111482656 209.17074073368042 786.3191998674207 245.60852565658405 -135.7542715097826 204.35090025321878 796.9550155471184 237.62523864718605 -103.63589008272639 244.46486951660586 852.3665728570112 222.69804525105567 -159.26099307575936 215.7440780811915 806.4586255629472 217.9497540605405 -144.68969147861694 230.95804117244876 801.3326435396835 210.22732206670696 -121.50254421569136 203.8002469528247 807.4499149578947 224.54478524202537 -123.43791242721687 222.3689913702143 826.6943797378807 212.0096330171074 -132.8559492376545 244.78403243998827 778.5093912128029 232.6791345977844 -158.2115780300462 207.4672570814045 801.5744953118246 252.41002415359964 -127.91087098879646 203.24831606873417 828.9111465149715 207.10838337626163 -97.68297977088608 250.8578973592403 794.6886498485065 208.98172644588445 -151.5853741252628 200.1169175765712 810.9864139857704 247.41287998291367 -102.68852002212907 232.59986215129044 822.9974365157258 227.47304025033088 -129.23730967948063 211.81947989646105 793.5352074665957 243.2349031731727 -168.28080455800819 200.24474689747308 809.8672922724597 229.93657646544645 -155.1570508550497 183.3781098176492 815.8453956163432 234.5696507296867 -152.68162966691816 228.71676799830604 790.1154965216556 238.87674831512217 -108.42658433210708 260.6394693846014 788.1471631289605 254.3066397241467 -133.69273405238764 225.66187726557132 783.5910913385137 258.17956810192953 -107.36237091487743 255.6741600562794 833.7630786789143 198.59600613373175 -121.62166341005006 217.47567439671067 812.5609996390366 203.32890291599873 -160.94831261014673 220.12470192437445 796.4995987194186 218.38153574049272 -115.80310577379952 225.4010801525677 799.1767864530635 226.18150829011964 -124.44367525017157 247.12373524325588 839.8245661021338 224.29218058608794 -119.35416462780222 242.2773238136119 781.3919173647275 223.6334523271378 -132.19638721769377 238.70419623386394 855.0708530312628 215.20463601712055 -174.22534672024142 211.02442978354685 802.5679522321236 247.14652513285466 -143.34124064819216 207.34754951618172 790.9634127809015 233.63679365688986 -117.18598291738672 248.37233296321648 832.8872827011312 213.5907156742625 -117.68636682746383 230.10248346161393 783.0071403047984 238.6636813884279 -103.84431448074356 238.99273055606884 812.762723515116 240.83365720589873 -151.79090952232931 213.44708047922566 818.3683927257485 212.15081523078211 -144.94113363411057 221.37583971465793 836.8366995368856 205.31567994629498 -125.89764599366391 241.1474728854587 844.2421127409356 203.8588384378147 -111.01069090861952 231.10236596497978 786.0405642888079 226.46316821396647 -130.76310076349492 197.80080309877428 851.678553020327 205.77532018530934 -161.68825136821954 225.2960631163769 787.3944510341745 218.5499570478715 -114.2581190113447 255.95907794826203 792.25664873029 256.7931322624609 -168.30540810653304 219.7864816630512 793.0484540306211 224.2360626231023 -132.31249758548435 232.62129710515737 813.2571181939979 219.900317805351 -146.73538889725697 235.4081087455359 788.1380286658969 213.45923523339718 -108.01050922755198 227.30320246425836 807.0111111222577 202.2610246636786 -87.94551783800718 240.1869861821541 821.7149491405456 201.6954147109959 -143.98811166718048 201.7250901699505 842.4356036865788 228.68279872080558 -164.1340007418675 194.54704041370852 835.0565431012296 218.58407751553673 -126.99220537588221 227.39783695906095 831.4840315707503 224.69824300816458 -103.64353533283867 249.8923584266982 845.5647258586266 216.01219687596327 -120.10171829609838 212.97167414379817 820.8526793530455 237.5101165699172 -95.67582650960529 238.78313753323656 805.489028736513 240.48444480975363 -105.92723155873222 217.5191274505805 774.0781394463821 223.29170675661175 -145.19327330467627 195.79490374778885 775.0962868361642 242.92899197304263 -156.73210392365974 191.90401966455667 801.5032609116213 231.900669782521 -115.16358161923591 208.87544466065415 779.2878701364183 218.2154537931387 -111.15240816126907 249.12104958017275 815.3164365007935 223.91234577259092 -124.29850598368361 236.32638554581598 823.3285165088915 241.578042807866 -138.65771194896456 238.3197456223095 821.4006277536889 207.53516418090194 -145.4456542739296 212.93473620881582 823.9491914772409 193.3752881119252 -121.93189248832917 251.7837202981875 811.7282044939727 208.38463150950827 -110.83077329285784 236.16393360087122 793.9076695747759 214.1512163340319 -150.79218527159406 205.58744789609034 827.6322804533186 221.2186439607742
100.00782581068606 3.5580336201531053 3.558033620153178 7.171446030696639 3.5580336201530227 3.558033620153176 0.8895084050381687 3.5580336201531684 3.5580336201531733 0.8895084050382454 3.6675371088476396 0.889508405038294 0.8895084050383317 0.889508405038272 0.8895084050381701 3.558033620153188 3.9780025204460143 3.558033620153192 0.8895084050382553 3.558033620153132 7.17144603069653 0.8895084050383371 7.171446030696627 0.8895084050382583 0.8895084050383879 3.55803362015312 0.8895084050383176 1.9890012602229932 7.1714460306965995 0.8895084050383272 3.558033620153308 3.5580336201531533 3.558033620153168 0.8895084050382432 3.558033620153133 0.0 0.8895084050384124 3.5580336201531173 3.978002520446148 3.558033620153137 3.558033620153018 3.6675371088475655 3.558033620153145 0.8895084050383268 0.8895084050381838 3.558033620153168 0.8895084050382096 3.5580336201531604 0.8895084050382396 0.8895084050383385 0.8895084050382146 3.5580336201531417 3.558033620153173 0.8895084050382562 3.5580336201532714 3.6675371088475974 0.8895084050384146 3.558033620153181 0.0 7.171446030696585 7.171446030696827 0.8895084050382478 3.558033620153136 1.9890012602230667 3.5580336201530414 0.889508405038265 0.8895084050382848 1.779016810076554 0.8895084050382713 10.674100860459495 3.558033620153241 3.5580336201532003 3.5580336201532017 0.8895084050382592 0.88950840503831 0.8895084050383026 0.8895084050382969 3.5580336201531555 0.8895084050382326 3.5580336201531533 0.8895084050382196 3.55803362015315 0.8895084050382199 3.558033620153142 3.5580336201529987 0.8895084050382638 3.558033620153131 0.8895084050382736 0.8895084050382089 7.1714460306966625 0.8895084050382663 3.558033620153128 1.7790168100766057 3.558033620153131 3.5580336201532634 0.8895084050383258 3.667537108847432 0.8895084050383029 3.5580336201532354 3.9780025204460565 0.8895084050381867 3.5580336201531475 0.0 3.5580336201531746 7.171446030696633 7.171446030696673 3.55803362015308 0.8895084050382559 0.889508405038311 0.8895084050382723 0.8895084050381953 3.558033620153136 0.889508405038272 3.5580336201531675 0.889508405038223 3.5580336201531426 7.171446030696483 0.88950840503833 3.558033620152984 0.0 5.410668396552249 3.5580336201531106 3.6675371088474993 3.5580336201531115 3.5580336201531133 0.0 3.6675371088475504 3.978002520446115 3.558033620153284 0.8895084050383306 3.5580336201530702 0.8895084050382844 3.5580336201532825 3.5580336201531555 1.779016810076572 1.7790168100766184 3.558033620153061 0.8895084050382573 3.558033620153119 0.889508405038312 0.8895084050382769 -134.76162725047948 232.678022759882 824.0141898078933 240.07525945396972 -105.93747547857063 220.67505307423266 774.277755032727 247.16501413001214 -132.84504090748206 197.28085252865753 835.7610346375319 202.00561569226196 -103.07745131400888 225.44642681758398 802.8048893274295 237.45520236245528 -148.16322533263968 223.65146015209842 760.8183806371285 228.10343804206516 -110.33498748460337 242.8915649853839 836.4949049604368 211.2182922434254 -144.73111794569257 193.93715463365777 813.9202139199855 201.1301800484874 -125.33616920398953 222.5080329730493 815.2456936590212 219.78798786541788 -131.52553332801313 222.17868682048888 827.0263589232843 233.52130802514068 -91.55615338595187 248.84909502094533 786.7490161738165 250.98872415835388 -161.99830074259094 211.84652079010505 781.1923848297636 248.62909680797597 -132.51168041395775 206.61242822452013 792.6205907029528 240.01062269250323 -98.19964302052344 247.03192910121987 851.6126712452691 223.3893506671445 -153.99822432511252 219.42738165963786 802.4763040814181 218.8292621946233 -140.6337271333578 233.78156402370828 797.1366828907036 213.99134446582633 -116.38747193322864 208.5620811744277 801.1557472161879 227.42212819725276 -119.80255974080302 225.79770246913918 821.4521328945277 214.77626678144435 -127.17283802798717 248.72977924820597 774.9505416509209 234.39871641537943 -154.30691660673352 210.5072164383111 796.1304953922549 254.7795586330496 -122.67598117502193 208.7007470145348 821.4657798169686 209.9511870596423 -89.10607966267203 254.0989565343908 791.0290753726491 212.72550132763655 -149.01635729419397 201.61783792321216 808.2155319797646 248.49695041081927 -98.23808196919609 236.58841021867218 817.486080285445 229.71950063059353 -125.60498231166551 215.25025468501553 789.5349650796904 245.17549867284177 -165.99965539597005 202.1543171236781 806.5446668221373 232.14376643799181 -148.40535674975195 187.52241431965766 810.5381104860875 237.21927363810283 -148.77038317473256 231.74731547899455 783.9974681282567 242.11523721562003 -100.69447859723272 265.0988849806873 782.5899978246016 256.43566835079497 -130.3411470116611 229.49758270755515 776.13974526128 260.9261225024977 -99.36508832921304 260.61842018245295 827.7919202503201 202.09736203173347 -116.47054144368754 220.45428868050158 807.9585211188875 206.25687965369698 -153.6408195261834 224.33349620660053 789.6318494550475 222.33260542779215 -111.74367862778558 228.21911197765397 794.6374265356496 228.15038464366523 -118.35358827943774 251.34935867715063 833.1790112907879 227.5834372761494 -108.78093389447399 248.7103854761121 774.4014823522494 226.20508017200083 -122.8439431650918 244.2969619960301 848.387881738619 219.46287209798487 -171.94395407690652 212.93349542636335 798.231360486696 249.52883889181808 -138.47992116631977 210.7437401349349 784.4173279519239 235.99633135006636 -111.64210634875384 252.51845915682833 828.1789410814612 215.26141115933555 -112.1436239545173 234.2502542336064 777.8826977376914 241.68862226129798 -98.40817553351472 241.55996699272904 804.2458869533717 243.66870519608017 -146.93026478148687 216.8451566937967 810.5752698428388 216.44784213330055 -140.0774419516273 224.7682369139478 830.1150500106916 209.51372098084008 -117.05718996457945 244.87731092427003 840.2968900498208 204.8965673998107 -103.96719255214714 235.6877687050501 778.835107775895 228.59581059167738 -125.79436501647358 202.77106247240738 845.1650106340032 208.2870947951655 -155.31117924314736 228.24935281435614 780.5068585095073 222.46474715915863 -107.32216974943118 258.9651878312644 787.2687078841349 257.8262078218854 -163.410580923332 221.41279521879588 785.1706967196561 228.3741278338466 -127.83126890489329 234.83242580180226 807.8555756642083 221.2639696786932 -139.82318551316948 239.31884562246742 781.1512973686263 217.17146241067235 -102.3261319421039 231.24676738030442 800.1942046012356 206.28828785300325 -82.43348420650808 246.11366792046047 817.4594209777925 204.21282150908954 -139.7975124841222 204.35418068624122 840.9313331359933 230.06057535316322 -161.85314530325513 196.45635225256063 830.4713559909518 220.47390282192637 -123.07489160652204 230.4206197175873 826.2314589984787 227.44322433998664 -96.19315592729603 254.75810582206515 840.1267838891737 218.41403337275617 -115.49692867941461 215.87095214479183 810.0360761182241 242.40041089757997 -90.11504036263914 242.03776174184466 798.7328861049524 242.42176708445686 -97.55911830060413 224.52983416108077 767.0650576270335 226.95390204824173 -139.3843036969052 199.56014224848505 767.7329335677543 247.00336247335105 -154.16258272484282 193.4052434865108 798.1744428804012 234.08700457306415 -110.46967665515909 214.24386773031878 773.2795734188401 221.68580139553904 -103.98387941742814 254.39325592811346 811.2424832850024 226.80062278270165 -119.14514586393486 239.30199552334415 816.4841157481017 243.36713596405616 -131.88364005061155 242.42714761058699 814.389366361914 211.20509012986005 -138.96187329985733 217.45990619449933 822.1437886562976 196.2960530222853 -113.93558114124617 256.7294265851182 805.3472438002127 212.1848423723696 -106.2398451838223 239.94985132607493 787.0355680448655 218.09238124479776 -149.35563421203068 208.7046832541655 822.3679717726203 223.95111611315843
110.00782581068606 0.8895084050382827 0.8895084050383038 1.9890012602230507 0.8895084050382434 3.6675371088475703 3.5580336201531795 0.8895084050382879 0.8895084050383221 7.171446030696629 3.7999815720692802 0.8895084050383288 3.5580336201532896 3.5580336201531795 0.0 3.558033620153188 0.8895084050382589 3.558033620153123 3.5580336201530787 0.8895084050382897 3.5580336201531204 0.8895084050382949 0.8895084050383419 3.55803362015318 3.5580336201532323 0.8895084050383182 7.171446030696473 3.5580336201531244 0.8895084050382551 3.558033620153164 3.5580336201530414 3.9780025204460863 3.558033620153074 0.889508405038277 0.8895084050382353 7.1714460306966625 0.8895084050382557 3.558033620153189 3.6675371088476925 3.5580336201532052 0.889508405038261 0.88950840503824 3.6675371088474584 0.8895084050383152 3.6675371088476396 0.8895084050382862 3.5580336201532736 3.558033620153137 0.8895084050382251 0.8895084050382372 7.1714460306966545 0.0 3.5580336201531324 3.5580336201531413 0.8895084050382274 7.171446030696715 0.8895084050382033 3.5580336201531337 7.17144603069674 0.8895084050383648 3.558033620153051 0.8895084050382878 0.8895084050383104 3.5580336201531235 3.558033620153235 3.5580336201531595 7.171446030696538 0.8895084050382928 3.5580336201530174 0.8895084050383012 0.8895084050382572 3.5580336201531355 0.889508405038334 0.889508405038277 3.558033620153166 3.558033620153172 0.8895084050382329 3.558033620153143 3.5580336201533016 0.8895084050382673 3.5580336201532177 0.889508405038325 0.8895084050383395 0.8895084050382912 3.55803362015316 3.5580336201531915 3.5580336201532714 0.8895084050383147 0.8895084050383055 3.558033620153136 7.171446030696486 0.8895084050382709 0.8895084050383107 0.0 0.8895084050382618 3.6675371088475197 3.6675371088476565 3.5580336201531586 7.171446030696768 0.8895084050383024 3.558033620153144 0.0 1.7790168100765442 7.171446030696648 3.667537108847408 3.558033620153164 0.889508405038217 3.5580336201531795 0.8895084050382767 0.8895084050383106 3.558033620153293 0.8895084050382971 3.5580336201531204 0.889508405038283 0.8895084050383969 0.8895084050382539 3.9780025204459744 7.17144603069664 3.5580336201529934 3.9780025204460605 3.6675371088475206 0.8895084050382586 10.674100860459527 3.5580336201531457 0.8895084050383799 7.171446030696658 10.67410086045961 3.5580336201531124 7.1714460306966785 0.8895084050383 0.8895084050383729 3.5580336201532043 0.88950840503832 3.5580336201531377 3.6675371088475486 3.667537108847579 3.978002520445916 3.558033620153182 1.9890012602230227 3.5580336201532177 7.171446030696634 -131.51476157402126 234.93352622547323 819.4755883374545 242.0522495594227 -99.03485856113413 225.46346186748488 770.0347164353186 249.74600720834073 -128.4011439468662 201.27719999859522 829.5079547633459 204.97494310412287 -98.09684002146409 230.40463884621443 797.2562111826102 239.6034352510778 -142.74849295936312 227.11778500154222 750.9768248701079 234.32503313257203 -105.46206339698801 246.27092120730572 829.7865624916533 213.3109619914636 -141.48836946907693 196.1985333527387 809.5092523378453 203.36297687771793 -120.1833707480083 225.48433955388828 810.3821202600984 223.31765067093082 -126.12575315071531 226.53216177318293 823.2683970876176 234.85049156208626 -86.7912217824337 250.64972153524093 784.3982231340689 252.94152069784323 -158.08817437079952 214.8786433031443 774.4928419699361 252.94256671653886 -127.92482906396133 210.40312554950992 784.9630791368229 242.33506921019634 -95.10799676427244 250.37845674130327 846.0398861491843 226.5928460500305 -148.8497189594838 222.41192196264782 797.1551017897873 221.44531524664032 -133.73394694931451 238.57420001515942 791.2469547055299 217.69490537762292 -110.31590984337866 213.68091671536095 794.0483164278395 230.88776272166902 -113.02501068212312 229.89975637757536 816.1676168691042 217.46308607740102 -121.73692351834629 251.2977420213483 772.1717613992453 235.46113699254963 -150.81973063686598 214.14468329779842 786.2609612130697 257.0646704845506 -117.52436195921118 211.67866904865963 815.9566331686789 212.19460149046333 -83.77259741922924 256.29376263909114 785.134423146199 216.42303911213529 -145.7742033594591 203.87994154162115 802.5562873613251 250.42038472719332 -87.55521701767462 244.59756486839032 811.6132190562604 233.4447528578641 -122.07600816132006 217.0995311712255 782.8734752667788 247.28867583383033 -160.71483187355904 204.94682342525465 801.551220372009 234.30978619983475 -144.88177759978365 189.38264918838013 804.9934187340482 239.38172183143178 -140.6556163179643 237.38918306422119 778.2251479043421 243.79642678545042 -92.71331780725332 270.93362924228643 772.3594431842347 260.24472442569623 -125.61096184088665 233.082682400128 767.119299508496 264.9727605102097 -92.46146113245914 265.40540391287345 822.3036185275013 204.3950686562853 -110.92777666463948 224.6020193745649 803.5384465057213 208.47051539212427 -148.65138787506706 228.41035114672079 786.0745613736575 224.05787774938847 -104.68375732733935 231.91371873756768 787.2010630066317 230.93757544366235 -114.15209365986506 253.96256579093577 827.5619150379176 229.6198781524083 -102.54895527777518 252.7315582918334 765.835717418764 230.0575136314137 -118.25327826735585 248.08318376025966 846.1132497282559 221.504717422688 -168.32003828207368 216.3751829898251 793.8875124526156 251.89906232332035 -134.28190123002878 213.36269163054885 781.0712071438962 238.15884897598622 -105.28555338309926 257.2271465756589 821.5734250089289 218.63155912148636 -109.84811958197739 236.14323397668153 768.5455781234353 245.07740684719937 -94.222761944322 245.06358898850434 797.4840237087711 245.58236296677302 -142.73422103430053 219.4665757770609 804.490605802336 219.74921562880715 -136.26687320864812 226.2125995036775 822.8597208737142 212.69431616834166 -111.90299189958165 247.85108173684998 836.3425967065637 205.8662322745791 -100.45334609985802 238.42534099092018 770.6066315357763 232.011181653868 -121.87759095023534 205.79452249504251 838.3005056155997 212.21796270572804 -147.74731365686537 233.8174990568801 773.8158716655772 226.79334902216527 -99.57383172038536 262.5339952243177 778.1804692128889 259.4483708008584 -156.64320726277197 225.5316807601409 780.0471896606977 231.39806510031818 -121.45993259483281 238.65291501985791 801.5360553411688 225.20524149045428 -134.5466959331309 242.98339930885095 775.1232837604697 221.7349573275617 -93.28437553714485 239.02077083836073 794.7556580327973 210.90104530496703 -77.20303369264286 252.4464480767989 815.0395023963871 206.003077904382 -135.74219994046288 207.1780535606199 836.8519448423169 230.76530537955884 -157.37936353849045 198.68392038204829 825.1859351639094 223.16333755790475 -119.82708433112663 232.67471422692228 819.8238310492154 230.10074621236103 -92.66280421794484 256.60471957787627 836.3087051077562 221.7823093854266 -111.98411061284945 218.60973321611064 803.3875899599394 244.55193064131583 -80.21165923092829 247.70207780341568 789.9718385450793 244.7400695037199 -91.7333631245498 228.2695560031021 758.2789649749969 230.34905107687692 -134.62276999127442 201.37112132666587 761.461404093444 249.92529525755884 -150.25319903913092 196.43884272895448 793.8371359499833 236.46824745556617 -104.41320419254966 220.25141793857856 766.4780675883634 225.7844765732737 -95.72125559162173 259.82207803661174 805.9222466415855 229.41734099789943 -113.99104579813101 242.27588709003814 810.2783290623215 245.30715055670578 -126.44823124829405 244.99607311379583 808.095467768154 215.19873432234505 -133.4232951878101 221.61317073840493 817.2104536251857 199.66379272383438 -106.48526974658526 261.5952651146398 801.5886289517999 213.49794342986834 -101.64849467404503 243.73524325043945 780.7972404384944 222.21678634001847 -146.67772049603914 211.77673488667324 814.0845522482906 228.37148144799278
120.00782581068606 0.8895084050382508 0.889508405038281 3.558033620153173 0.8895084050383762 3.5580336201531724 7.171446030696814 3.558033620153147 3.5580336201533234 7.1714460306966625 0.44475420251919023 0.8895084050382952 3.5580336201530196 3.5580336201531724 3.978002520446044 7.171446030696667 3.5580336201530187 0.8895084050383052 3.978002520446211 0.889508405038295 0.8895084050383101 3.5580336201531524 7.171446030696516 0.889508405038281 3.558033620153332 3.55803362015316 0.0 3.558033620153193 0.8895084050381991 7.171446030696661 1.9890012602228864 3.5580336201531306 0.889508405038263 3.558033620153184 3.5580336201531892 0.0 3.558033620153094 0.8895084050383136 3.9780025204460894 3.55803362015314 3.558033620153132 0.8895084050383164 0.0 3.558033620153121 0.0 3.6675371088475415 3.558033620153292 0.889508405038248 0.8895084050382477 0.889508405038319 0.8895084050383751 0.0 7.171446030696462 0.8895084050382661 3.9780025204461333 3.6675371088476103 3.558033620153097 0.889508405038308 3.5580336201533447 3.558033620153224 0.8895084050383925 3.558033620153149 7.17144603069657 0.0 3.558033620153171 3.5580336201531417 3.558033620153171 0.8895084050382469 3.55803362015302 0.8895084050382498 0.8895084050382004 7.171446030696638 3.558033620153132 1.7790168100766048 0.8895084050382457 3.558033620153126 3.55803362015318 3.5580336201531875 3.558033620153203 0.889508405038277 0.8895084050383634 3.5580336201531853 3.5580336201530183 0.889508405038349 3.5580336201530036 0.8895084050382851 0.8895084050382123 0.8895084050383081 3.55803362015334 3.5580336201531315 7.17144603069679 1.7790168100765398 3.558033620153148 0.8895084050382936 1.7790168100766504 3.5580336201531964 3.5580336201532794 0.8895084050382918 0.8895084050382488 3.5580336201531795 0.8895084050383257 3.6675371088475575 7.171446030696607 3.558033620153198 3.5580336201532607 0.4447542025191791 3.5580336201532003 0.8895084050383225 7.171446030696713 7.116067240306358 0.8895084050383288 3.558033620153129 3.558033620153052 0.8895084050382899 0.889508405038339 3.6675371088475752 0.8895084050382231 3.6675371088475632 0.8895084050383244 0.0 0.0 3.5580336201531657 0.8895084050383664 0.8895084050382531 3.5580336201532403 0.8895084050383003 0.8895084050382241 0.8895084050382975 3.5580336201532106 0.88950840503832 1.7790168100765733 7.171446030696638 3.5580336201532945 3.5580336201531897 3.5580336201531044 0.0 3.9780025204461325 3.5580336201531644 3.5580336201530227 0.889508405038329 3.5580336201531186 -127.31374185103012 237.5476614824977 817.048959522967 241.58719358151328 -91.74164503510235 231.42300151775714 766.469438360105 251.45421496455637 -122.86018629378088 205.42715089433153 822.7757539480148 208.08399390708055 -91.2096119357727 236.082476732672 790.9159606927373 242.38359034200118 -135.58329290983139 232.39444978380945 747.2833415112906 240.34095589128265 -102.07252210355773 248.32064613997318 823.0498618609994 216.4141958591049 -138.52504209037863 198.86153298565492 802.854767274757 207.73756147928196 -117.49850007706328 228.5497060030992 805.2691680909238 226.36419083467356 -124.64269058260376 227.86197087429457 818.7247673427884 236.80962881994063 -83.68295221207238 253.10438341017948 777.3946884036674 255.48032789438975 -154.1729000766552 217.90366910865282 768.3609238001693 256.1556061543607 -124.00647237559576 213.4242057455809 776.9447689177529 246.18595478508345 -91.32814228812697 253.59957968430726 837.6710124440119 230.85119247255722 -143.69824043196616 225.3906801873392 789.3942074517587 223.56004009858026 -125.33202324789359 243.80244535565998 787.2421566845103 219.63037432656154 -104.94615098185076 219.8121026631666 789.7062335831116 233.2581175687475 -107.48094159713565 234.04561612918658 808.078395406236 221.17650018446747 -114.95805267440436 255.39745785691468 763.2603599652914 239.73520287519597 -145.66965149934634 217.12545430913 781.6984948324264 258.979928972872 -111.98125729514571 215.826014182752 809.6460539094077 215.03782983927096 -78.33528340103226 258.85874304160376 780.7904616745225 218.79216862503733 -140.3414686817174 206.4547363289685 794.0067269034835 253.16941835225128 -83.10356830256865 248.5845405347157 803.8434136554993 236.67577645372515 -118.82821459925152 219.3535341224156 774.747448438091 250.91553838320618 -156.13203766017438 208.74329601907834 795.1079203067959 236.8790627331084 -143.17262625096916 192.98195247966487 799.6557398678548 241.96528581037543 -134.16021547352668 241.8978202543011 770.5624877538797 246.10321076846574 -85.65206493643375 274.6258745165886 764.0171404345189 263.4193241185256 -121.55061974172774 235.89949930292582 759.5934747411613 267.5639597428874 -84.03792436709512 269.7345077316897 817.2233502655768 207.48593347958263 -105.10211948206396 228.34189863180396 796.6495019572043 212.38645184970795 -143.35841154576332 231.18514264500092 781.9443224631502 226.86942066644283 -100.20050454935722 234.12061714173535 781.8577724693237 233.50909211867855 -108.04446706460338 257.2957840433419 824.0188780907275 231.36970941698556 -100.39398387739315 254.82721369217796 758.5996628288779 233.25382188160305 -112.41099169337251 250.9319206746038 839.4085245446377 225.74867033534287 -163.98353015152946 218.79464034151272 786.9030859350099 253.33653222069398 -130.08220337372038 215.9785880613176 774.9416923008704 241.37690218888775 -99.17751853762135 260.55967728278017 815.8191047536584 220.37762278684423 -106.20970052076211 239.5684541748647 764.7669713009299 246.34070763949012 -89.34853490000958 248.44125618995005 789.1482212959536 248.77394362979368 -139.0989033402586 222.89489259533795 796.4961736490204 223.6460523049613 -132.06657775398273 228.8276041094323 817.5489104542517 215.33876744335458 -106.46678041103624 250.41805755533946 830.6067578493672 207.67031058232757 -95.58009128341675 241.80421618645687 763.9235002269986 235.217918274528 -116.07017881152191 210.42759710235765 832.7827970045616 214.45358626020436 -141.36036424630294 236.74959550038315 769.4500823919711 230.26045219628878 -90.92070707621518 269.1341031874608 771.6211688079011 261.77025488064874 -151.8809983660941 227.33919634888974 773.9188826451209 234.61901617341078 -116.86887975478614 242.43867494072353 794.3170483184921 228.43723201719268 -126.9567134287931 247.647978912174 768.1035664391528 225.38264680055966 -89.36399070045826 242.03945390351018 790.0704941498878 214.82743418076396 -72.99126482201731 256.78840429856314 808.6209289130774 208.62325795710834 -131.8250089756347 210.20061018944185 829.772488098987 234.28687759044527 -153.7488376020778 202.11786468281238 819.8783249637033 225.80390036010803 -114.67274898848035 235.6484080542928 815.7147260156955 232.94477875135107 -88.74199869615997 259.62405617346315 831.7831730694189 223.7771042954784 -109.29907302589798 221.67514074017913 798.26296176414 247.5768306602588 -76.17920187177467 252.2972195004192 783.0599768223075 248.6118718305805 -85.23587422060544 232.77484088708033 751.9330123242653 233.11576905000285 -129.18868608688976 203.94347224432536 757.1113759204623 252.2830136097237 -147.00856687318327 198.69793999021593 786.2853228366712 239.01053819167473 -99.15074876581615 224.80341647054883 763.5555398643924 228.8316664750868 -93.28471152774044 261.51132121532515 799.145981936294 232.4326832902666 -110.85056022129736 242.95038695686063 804.7270255998349 247.44751588358122 -119.40441067241507 249.58098828313157 801.7727498387685 218.01789842836075 -130.2830892023485 222.2893492083398 816.3270982379012 202.31356797814232 -100.37753634550336 264.92837825843503 796.4712150748702 216.5389159260488 -95.29161782371617 248.44349303586387 775.3453072051421 224.56463123523034 -140.29295942783682 214.71273119731404 811.0926721484573 229.00864674398218
130.00782581068606 0.8895084050382723 3.558033620153148 7.171446030696672 0.889508405038207 1.779016810076564 0.8895084050382824 3.5580336201531746 3.5580336201529956 0.8895084050382992 2.223771012595782 3.5580336201531546 3.5580336201533083 3.55803362015321 3.9780025204459903 3.5580336201531226 3.558033620152992 0.8895084050382527 0.8895084050383022 7.171446030696571 7.171446030696631 3.55803362015313 3.978002520445976 7.171446030696681 3.5580336201531617 0.8895084050382732 0.0 3.558033620153137 3.558033620153005 0.0 0.8895084050383404 3.6675371088475495 3.5580336201531515 0.8895084050383397 0.8895084050383024 3.6675371088475326 7.17144603069674 0.8895084050382951 0.0 7.171446030696597 3.5580336201530014 3.558033620153108 7.171446030696839 3.558033620153171 3.667537108847639 1.7790168100766282 0.889508405038358 3.5580336201531497 3.558033620153271 3.558033620153148 0.889508405038373 3.6675371088475304 3.558033620153248 3.5580336201531764 0.8895084050382027 7.171446030696679 3.5580336201530955 0.8895084050382968 2.490623534107056 3.558033620153196 3.5580336201530374 3.558033620153169 0.8895084050383439 3.5580336201531253 0.8895084050382905 3.5580336201531275 0.889508405038356 7.171446030696599 7.171446030696503 1.779016810076596 3.9780025204460294 3.558033620153148 0.8895084050383232 0.8895084050383216 5.410668396552199 3.5580336201531604 3.5580336201531626 0.8895084050382434 0.889508405038335 3.558033620153138 3.5580336201531537 0.8895084050383228 3.9780025204460134 3.5580336201531253 3.5580336201530414 0.8895084050383399 0.8895084050383569 7.17144603069665 0.8895084050383101 0.889508405038282 0.889508405038275 3.6675371088475517 0.8895084050382763 0.8895084050382399 0.8895084050382871 0.8895084050383486 0.889508405038284 0.889508405038306 0.8895084050383484 3.558033620153136 3.5580336201531138 1.779016810076582 3.5580336201529823 3.6675371088475224 3.6675371088474984 3.6675371088475632 0.8895084050383838 3.558033620153148 3.558033620153229 3.558033620153207 0.8895084050383838 3.5580336201531564 7.17144603069663 0.889508405038325 0.8895084050383619 7.171446030696656 3.55803362015324 1.779016810076594 0.8895084050382338 7.171446030696649 0.0 1.9890012602230531 3.5580336201529903 0.8895084050382525 0.889508405038275 7.1714460306966 3.5580336201531377 3.558033620153176 0.8895084050383948 3.558033620153186 3.66753710884773 0.8895084050383226 3.9780025204461604 3.5580336201531733 3.5580336201530014 0.0 3.5580336201530818 3.5580336201531773 3.5580336201530214 0.8895084050383065 0.8895084050383295 -122.44054187838745 240.92681048270387 810.6058375105206 244.1563537378208 -85.50515888820127 235.43802101389392 760.5504992954554 255.1120955462501 -119.09860381697024 209.541426437224 817.672764245622 211.14740616594892 -86.61484602054348 239.8631566814039 784.2167846232901 246.69806411039025 -132.0533010690517 234.24186522992025 745.3191771722583 245.3914753607254 -95.28884084571214 252.4127456266023 816.9462986037687 219.67798572197356 -134.4996331450456 203.46134411817482 796.1857929500774 210.97386502296712 -112.06203834981275 231.11601134321018 799.5777808875988 230.4841569298286 -119.48816286548588 230.83537815941693 812.729663485575 239.16978670203633 -77.05964509115766 259.1687964637593 770.7286597922453 257.57925973924307 -147.96100357698361 222.8202482518678 763.0130631979341 258.71799996308516 -119.91301023391368 214.4594195839548 772.595480093618 248.54519925908818 -85.3818280071046 258.90425389963616 831.2470181521791 233.46929753344997 -139.49767299058317 228.00544832554579 783.2674312701403 226.78181337348522 -118.69346160231436 248.10432403866133 778.8886984674891 223.92295806554776 -97.77589819331297 225.08234944226578 782.7945442896693 237.12879081208985 -105.20046322391993 236.82835328859375 804.3071850788934 222.4570299647312 -107.64515717405848 260.4608408770599 754.5609420820106 244.45170341826625 -143.65688286370943 219.42528425850304 774.8189963508786 260.63376900247596 -105.09383760191461 221.50378356819206 803.5319946169933 218.28478510630376 -71.70527038122873 264.91553916932946 772.9871128860536 223.0899108128518 -136.14110302182885 209.0701037833275 787.235053489462 255.05004573234433 -76.31285673348188 252.66561849466007 799.2842709330913 238.5979809870785 -113.67368367210301 222.32687301580205 768.4019183823904 253.68323539861962 -153.27410521966874 209.82666813625602 788.197634513649 240.75257036718241 -139.14840856220366 197.5829396987285 796.3071869121067 244.124200532749 -128.05284773737839 245.2315238782341 764.8762802029476 249.10288851184995 -76.73477671290303 279.1035791914259 757.4574346248589 265.7396609617422 -116.78569513688765 237.69991621499108 753.9421383164691 270.4079459151241 -78.74339889472331 273.37315709320364 810.0156659340213 210.74454836044092 -99.13400370565383 231.87621984877035 790.7437654909153 216.06553358195927 -139.157675828682 233.79958419438088 776.8125562598782 229.88250315154465 -95.3254207082225 237.49679798416983 777.509684260984 235.87040456324036 -99.63575783659809 262.51173523854965 819.0152558622177 234.63576427292438 -92.62580804687697 257.494768125735 752.0030401909345 237.78458896778932 -105.50457319467628 255.71520814877366 833.654036836543 228.60647596818688 -160.31439853915197 220.44288516199998 779.5601140435991 256.3099271567192 -125.88144010526167 218.59293105758428 769.808258457594 244.38659817501517 -94.94156654991028 261.3831527663969 810.9223131944001 223.86433777331385 -100.66274470891757 243.71040834744068 757.7804508753868 247.77044893362336 -81.88729317408568 253.29010696454324 784.9065736550322 251.3575627180963 -133.94522472602614 225.86973062646584 790.817347908159 226.6586642036981 -127.86523027434441 231.44131171130434 812.1157712045556 217.72736596127567 -99.15229347799739 255.47972833383463 824.29758241792 210.52080081971502 -92.04824219716853 243.64707892767342 759.7876537851531 238.02239177450846 -110.41803570590871 216.1518411057009 828.0304812877768 215.98844012537444 -136.20660315142715 239.72410121003932 765.5283439169946 233.5111109020406 -86.43483396419818 271.33163169723406 765.3819778960905 264.759692164054 -149.30441685864307 228.82710795503658 768.5721365486033 237.1838184398874 -114.29111493267112 243.9245557679966 788.4057840843321 232.10766065635426 -119.5061338806804 252.51281981758325 762.0791123853858 228.81981974124156 -82.74768614766046 248.11247161982237 782.2720725427351 219.1348866697145 -65.31795982267298 264.3078090442544 803.1825937449186 210.99751041310068 -127.62410359222102 212.81493745092416 823.3400329651777 236.881916643059 -148.88001809147792 205.5031823992332 816.5439513129775 227.98454636392094 -108.45578910776332 240.55838143683687 811.1603280840072 234.87732647065363 -80.60379608318607 265.2318105537026 826.8989655082063 227.28274339419883 -102.69205201071541 227.75750598187264 791.5989648332122 249.6836518245697 -69.40697498419247 258.1498015835169 777.9267482476474 251.62195657833215 -78.4506811277772 236.8651219247304 745.9070566269852 236.55035836940837 -124.864031988484 207.24613760166616 752.5478619366623 254.1950633782803 -141.46800287307275 202.848703163831 778.71239510478 242.6467327361275 -91.8381906504134 229.86823005022 755.7480745342207 233.1223590412341 -88.67098713027897 264.39574737517 794.800935354107 234.7990238179698 -103.66348471380726 247.32836819867637 800.0598469018345 249.14484926333577 -113.04583212573137 254.28791389667873 796.4351570514484 220.60033828055847 -124.84727667405997 224.85744340529288 810.4410358041885 206.0239199015153 -93.7019800251786 267.4363481864477 787.7849764395514 221.28125257921175 -89.05438182896327 252.45605743485007 768.4304804041304 228.43034404222774 -137.60900186587872 217.77915234380166 807.8728617101913 230.29389452822326
140.00782581068606 3.5580336201531644 1.7790168100765937 1.989001260223016 0.8895084050382077 1.779016810076537 3.558033620153044 3.558033620153166 3.558033620153009 0.8895084050383124 3.558033620153312 0.889508405038287 0.8895084050382904 3.55803362015319 3.978002520446215 3.558033620153177 3.5580336201532514 0.8895084050383442 3.558033620153256 1.9890012602230303 3.5580336201531244 3.5580336201531337 0.8895084050382946 7.171446030696614 0.8895084050381703 3.558033620153133 3.5580336201530187 3.558033620153176 7.171446030696618 0.8895084050383034 3.558033620153239 1.779016810076622 0.8895084050382321 3.558033620153176 0.889508405038319 3.667537108847587 3.55803362015324 3.558033620153161 3.6675371088474464 0.8895084050383 3.558033620153004 3.558033620153178 3.6675371088474744 3.5580336201531537 3.978002520446072 7.171446030696646 0.8895084050381943 3.558033620153136 1.9890012602228968 3.558033620153168 3.5580336201529925 3.558033620153144 0.8895084050383758 3.558033620153158 3.9780025204460414 7.171446030696638 7.1714460306965915 0.8895084050383016 0.6226558835269227 3.5580336201531364 0.8895084050383303 7.171446030696649 0.8895084050383262 3.5580336201532035 3.5580336201532936 0.8895084050382843 7.171446030696472 3.978002520446027 3.9780025204461493 3.558033620153122 0.8895084050383588 7.171446030696664 3.5580336201533598 3.558033620153166 3.5580336201532763 3.5580336201531346 3.558033620153022 1.9890012602230822 1.9890012602230946 0.889508405038302 0.889508405038286 3.558033620153178 0.0 7.171446030696616 3.5580336201531155 3.5580336201531546 3.558033620153141 5.410668396552273 0.8895084050382237 0.8895084050382622 7.171446030696548 1.7790168100765826 3.558033620153008 3.6675371088475983 0.8895084050382713 3.5580336201531333 3.558033620153193 0.8895084050382954 7.1714460306968 0.8895084050383208 3.5580336201530085 3.6675371088475592 3.9780025204459313 3.5580336201531657 0.0 3.6675371088475566 3.558033620153224 3.558033620153195 3.5580336201531724 0.8895084050382884 3.558033620153008 0.8895084050382694 0.889508405038291 3.5580336201532305 0.8895084050382355 3.5580336201532003 3.5580336201531977 3.5580336201532057 3.558033620153016 0.0 0.0 3.5580336201531835 0.8895084050382522 3.5580336201531444 3.5580336201529925 0.889508405038315 3.5580336201533216 3.9780025204460543 0.8895084050383479 3.558033620153185 0.8895084050383455 7.171446030696671 7.171446030696805 0.8895084050383262 3.5580336201529934 1.7790168100765031 3.558033620153216 3.9780025204460783 1.9890012602229896 0.8895084050383281 0.8895084050381795 -117.28274922943665 243.89510716945355 802.6971364766803 248.23491422655985 -79.82297447533001 240.2557228296545 752.5284716642692 258.9552601212217 -113.02227974291411 214.65526811620694 811.1259114772771 213.5048985361245 -81.33918460917783 244.39965319365348 776.8734713398164 249.67076718223623 -126.89759590767052 237.21283569963606 738.8822187627135 250.25576760148513 -90.54558508507864 255.98107660945203 814.1709437027401 220.7476364075784 -127.7212705645263 207.5618740778476 789.0629798214263 214.40390457342525 -106.62238979035088 233.67670960203134 793.2358972991626 233.26030999252922 -114.33163436145952 233.80507028828362 804.5927974826245 243.91349400618992 -71.22710318164762 263.7698802487208 763.3846079998821 260.550063008021 -143.3701110310395 226.60609246527451 754.9910519404322 262.5611585732097 -113.02361336668784 220.1347767683303 767.4613120355383 251.55359025459313 -76.9556122279277 264.0928739666964 823.4887143736136 235.59311566519824 -133.9365593056596 231.25952127425376 776.352455029586 230.64771264318173 -114.36268044545366 251.3990657010971 770.7617972632379 227.5473630698962 -92.24073083501654 230.11116421585078 776.6631337907801 240.34335505493766 -101.27541424006405 239.84116981895434 799.180853812392 225.4780742012135 -99.74756662098983 263.8069466815852 745.6475817546333 248.72182391102302 -140.12657572036045 221.27238883704135 767.581768704011 263.8275275453116 -98.87336073897583 226.40975946704637 797.9763419523199 220.41508988486947 -64.50631355655521 270.1463057373605 763.3977549810157 228.23633459057288 -131.93957099913013 211.68351421859145 782.2081950102377 258.28211261599114 -67.88436939481639 257.8505751440407 795.506499911927 239.86400989304062 -107.84510789340257 226.06219235662078 758.8295603317093 257.72163731514337 -149.81145244074074 215.237443324846 783.2784458087839 244.20837657160266 -135.24596496982124 201.49396733827786 790.9611229998119 246.69068831100157 -121.94269099622356 248.56047058512573 758.2981363858073 252.52860983280289 -69.79102016452805 282.95713231645703 749.8809248836156 269.36896725166895 -113.39460171170667 239.7465883818209 748.7930399263146 273.61409129614634 -72.34897414649785 277.15495576228875 803.1142411963514 214.63487638150352 -91.95570873832058 237.13486254441273 784.384364846377 219.9455651628282 -134.283812003036 237.17790154152698 769.4695029757887 232.85563143361136 -89.92722008796638 242.7244871314771 768.9362886162877 239.70664118874083 -93.28979096390152 268.9812954036392 810.6845994127741 237.8418246786688 -84.47109986235574 262.2071983335069 745.0858376152838 241.64634747479957 -95.05329700336463 262.3214621940991 829.1043485409843 230.5515538872754 -155.1615421046994 223.4187637145019 773.7668520431524 259.08630413002635 -120.05445513319957 222.33096479544747 763.4623675024842 247.15339704194747 -87.33358013827188 266.01807265692605 804.9226984043592 226.21388200337853 -94.43686888450719 248.61000870531032 752.6459460263396 250.77820771983153 -74.5557143927597 258.3261144654909 779.6660888215804 254.14392721508867 -128.39999043449302 230.0140992236867 786.6838846154917 229.4665546236173 -121.36564466354196 235.94369866458266 804.9976181596135 221.17085411217178 -91.01323213095462 261.08701271242484 820.3124442251168 211.36560347014847 -87.05322261112094 248.59043646689605 753.2976306989431 242.77572318756927 -107.1992821027025 220.18396826562252 822.4823402873812 218.1417827023495 -129.9568212021417 242.8515554294662 758.6116019595404 237.37361577956887 -80.04348223921446 275.11904852943303 757.1464334323571 268.1571309367213 -145.10299853805836 231.4406773645282 762.1010137902373 240.83279848867548 -109.80490854009801 246.1252944762615 782.168564519252 235.10144821461844 -112.8620225685573 256.8063736644749 754.3777813195758 233.33225625869218 -78.42162742881766 252.2868891872073 776.7124101224 221.25601401197068 -59.13438146693169 268.74726977360586 795.4010972686857 214.20332343129718 -122.46929560657101 215.78767094171118 815.2253182782757 240.53487627803565 -145.35063497649568 207.35205376558318 809.4255446556048 231.425750407081 -105.20462622132034 242.80747288496116 802.82594803989 238.07256600720967 -73.40820333225236 270.4671148637281 822.9110162614892 228.12191612001635 -97.01591868888747 232.58197515303237 785.5748142622464 253.121091729466 -66.58769312099277 262.77758363302394 771.7945734405539 254.83465892812026 -72.63923372904182 242.36765854983076 737.527257351349 241.93435058075303 -121.22556993073242 210.67129225544065 747.9843532799795 256.1071231836378 -137.81393225931976 205.3842542143144 771.5825489636053 246.06465316911053 -85.75308013063277 234.97050978299072 747.8329275525028 237.18863339567898 -80.51267515961244 269.101324699353 788.4581835481711 237.57241781180812 -101.36408206767865 249.2159583226547 794.2862084222554 250.8199164900071 -105.8377615512974 257.76499310295515 790.0935333507416 223.37705788572902 -120.64469610838262 227.46930713590382 804.3226485360707 209.26158532194484 -87.16102265819417 270.1334375388491 780.8716853390404 225.15000885703765 -84.0297857023832 255.6146602505402 761.2819351308533 232.95252142854892 -134.3602916914949 220.0321066790194 802.7452609707411 233.3121583005259
150.00782581068606 0.889508405038296 7.17144603069679 0.8895084050382938 0.8895084050383059 0.889508405038271 0.8895084050382799 0.889508405038257 0.8895084050383156 0.8895084050382845 7.17144603069683 0.8895084050383274 3.558033620153196 3.558033620153132 1.9890012602231295 0.889508405038247 3.9780025204459593 3.55803362015316 0.889508405038206 3.5580336201531213 7.171446030696601 3.5580336201531386 0.889508405038269 3.5580336201531524 0.8895084050383865 3.5580336201531306 3.6675371088475344 3.558033620153165 7.171446030696609 7.171446030696634 0.8895084050383276 3.558033620153147 0.8895084050383062 0.8895084050382971 3.558033620153184 0.0 3.5580336201532408 0.8895084050383273 7.171446030696664 0.8895084050382626 3.5580336201531506 0.8895084050382985 3.6675371088474855 0.8895084050382526 7.171446030696514 0.0 3.5580336201531204 3.978002520446067 0.8895084050384391 3.5580336201531333 0.8895084050382891 3.6675371088475703 0.889508405038296 3.558033620153173 0.8895084050383133 7.171446030696623 1.7790168100765615 10.674100860459482 0.8895084050381776 3.558033620153189 0.8895084050383812 3.5580336201531533 0.8895084050383555 3.5580336201531764 3.5580336201532803 0.8895084050383021 3.5580336201530263 0.0 0.8895084050383272 3.558033620153172 7.171446030696696 0.8895084050383723 0.889508405038273 0.8895084050382775 0.8895084050384467 0.889508405038283 3.558033620153132 3.9780025204461005 3.558033620153257 0.8895084050383214 0.8895084050383693 3.558033620153228 0.8895084050383275 3.558033620153149 0.8895084050382278 3.5580336201531524 0.8895084050382207 7.171446030696687 0.8895084050382595 3.5580336201531804 0.8895084050382689 3.558033620153142 3.5580336201532514 3.6675371088475797 0.8895084050382669 3.6675371088475797 1.98900126022295 0.8895084050383023 3.558033620153234 0.8895084050382909 3.558033620153123 0.8895084050382884 7.171446030696538 0.8895084050383133 3.667537108847607 7.171446030696652 3.5580336201530587 0.889508405038241 0.8895084050383262 3.558033620153133 3.55803362015309 0.8895084050382938 3.558033620153135 3.5580336201532146 0.8895084050383251 3.5580336201531755 3.5580336201532576 3.6675371088475255 0.8895084050382412 3.6675371088475623 1.7790168100766408 3.6675371088475774 0.8895084050384428 3.5580336201531195 0.889508405038382 7.1714460306966386 0.8895084050383169 0.8895084050382881 3.558033620153265 0.8895084050383044 7.171446030696767 3.5580336201531515 3.5580336201529947 3.9780025204460525 3.5580336201530955 0.889508405038344 7.1714460306965 0.889508405038345 3.558033620153344 0.8895084050383142 3.6675371088476245 -113.63745436353629 247.31364431696764 794.4637742387907 251.6373705478865 -73.70101694737045 243.56262523343358 745.968797736971 261.2756900063811 -108.72290125705804 219.7326003332305 806.9963888195641 216.31807495842725 -77.01114712451181 248.57187698327473 771.7392532220061 252.67899827115556 -122.41117074120676 239.41273127502336 730.1288102755151 254.8598233271211 -88.12636259131273 259.4415463271865 808.3998341268551 222.43117950392445 -123.00257806158893 212.0318129669836 782.9150356546482 218.72545883194385 -105.66850952073084 234.03454390422604 790.4556653293411 234.32007141295045 -108.77859743524175 237.93892057476862 798.9263525608849 245.81225023980952 -62.37477473567556 268.33548423336447 757.8043836944844 263.77124933318976 -137.54168084377486 230.34187853586536 750.0699579168255 266.0144525768414 -106.95560618210898 226.13061614012918 761.3287263358916 254.7655879441285 -69.59513229336501 267.33947794645286 819.0374433355264 237.73983311324233 -128.10658396440974 234.99300199249063 769.435878610009 234.51058987147096 -108.52589514799178 255.1214735782247 766.5004332707133 231.2336413670706 -85.18126298605199 234.67187905713217 770.0853164543869 243.769780240023 -95.15838540224522 243.15583861882664 792.0537045298903 228.90205504668072 -94.87281571150962 268.05585266265234 738.5167900841614 252.1377249925617 -138.64265021357917 222.60170314356864 760.3256240086588 268.12556913183874 -93.03814865693711 230.13395025759985 792.4173834097995 222.53799309927462 -61.80199458602191 273.1946903766733 757.9245997535714 231.68082405071004 -129.92454408756643 213.98097106896117 774.5253403278219 261.68953383445694 -62.17693342175971 261.7604469142473 788.7342369053075 241.74196463516083 -102.16635600161895 230.8835999923241 754.2661081538848 259.6338118891889 -146.56236743476174 217.489895189744 778.1445196508039 247.21718614750924 -129.41896004963377 205.2321520533267 786.1846011969395 248.158730241226 -116.10899291706562 252.28746911276195 751.7385040471028 254.8491324732391 -62.14947431273821 285.79098439334854 744.2818632144489 273.6947724071088 -105.65161148012575 244.18703678669866 741.4117970667832 278.10861375124387 -67.03682931684186 279.89296282453654 798.1084434048049 216.76973477161394 -87.0711059840806 240.49702767746305 779.3582582788216 223.1788318971416 -128.84429431087028 239.73842869304033 762.5526937091369 236.71809380371394 -84.22724818632493 246.64532801873202 763.5884782849553 242.26909674317304 -87.1665079791292 272.2848069248889 804.3424787313854 240.61743682097796 -76.83234907530576 265.04925178405847 738.1498622453329 246.61278127353842 -89.63009508517416 266.64571487106775 824.2254254152903 231.81282963388668 -152.05361623567427 225.87431216426793 766.8497503383077 262.94820643391955 -118.85033101644763 224.0651557957539 757.3297896013762 250.36537308784702 -81.6519010582527 271.7128749894348 802.5716295668469 228.16611786417724 -89.5513357897068 251.97036938551219 748.6535727345882 251.59484061790215 -68.70892439400542 262.03317709486527 772.7678013971293 256.9014784177525 -122.28845642261535 233.33997703612368 783.5467474789281 232.06728015912933 -113.90673233691707 240.7963320781071 800.3308271505139 222.86927285195543 -82.85291597453559 265.78998005588903 815.3248267822546 212.40434792524 -82.05050165526424 253.52617220186718 747.1649933406903 245.98759258829512 -100.02036431043021 225.44201708129563 818.3554072188439 220.96010168993354 -124.9383062676248 246.02013437048285 750.589642667398 241.21686002909914 -70.14140367592358 283.39887919361723 750.5680647042187 271.58237890809875 -141.85323865584604 233.69214804601083 755.8803674380832 242.71718125727224 -103.96848478290737 249.8485524535677 776.2504155162079 238.76058347330314 -104.97575855345102 261.03929259634054 745.8033324153611 237.16606188782302 -74.8820472862475 254.11568726639268 770.1168845676275 225.78808107047988 -51.104459426276094 275.7389052758961 789.8417677317682 216.32547205847956 -118.5462261709932 218.80276907389168 812.232561940988 241.15304932187746 -141.0079356097152 209.76197086071113 804.0815904282861 233.9964729520483 -101.27554821479411 245.81494694524113 796.8208591378016 240.40814399416846 -67.28120986789453 273.7648533780196 817.7853686812612 231.14504225515762 -93.36690433788722 235.99603457881233 779.3359295979902 256.1111419836903 -55.17020864297413 270.5940808057632 764.0047985055559 258.01880124319274 -66.25947351578002 247.04445043046684 731.9282591124652 246.2602386320796 -116.34902279511311 214.0459525472917 742.2092570114569 257.77764648136326 -132.6581500794453 208.35565395217174 765.23658465615 248.83127188632585 -77.97772884289783 237.6183173835534 742.1272587515772 241.29180565478697 -75.0621337281514 271.6382859492282 783.1111835382007 240.1364867373173 -96.47935195665912 252.5782558632965 786.0518185018929 254.22004365459483 -96.18049743925289 262.9087905713785 784.1766838797872 227.038249744077 -117.3933106895454 229.71844184615176 799.7626255058254 211.18233773774546 -76.97170112487947 277.11927887115655 774.9537837875205 228.80960912596967 -78.46471544817658 259.7326459767424 752.7076012418204 236.78658144370226 -131.3914938497293 222.6892493603787 797.2930168090996 235.65746760328963
160.00782581068606 3.558033620153172 3.6675371088476876 3.6675371088475703 3.5580336201531844 0.8895084050382777 0.8895084050382446 3.558033620153183 3.558033620153165 3.5580336201531595 7.171446030696784 7.171446030696681 0.8895084050381924 0.8895084050382457 1.779016810076616 0.8895084050383005 3.5580336201530143 0.8895084050383362 3.5580336201532847 3.558033620153103 0.0 0.8895084050382905 0.88950840503837 0.889508405038297 3.5580336201530076 0.8895084050383357 1.77901681007666 0.889508405038329 7.171446030696583 7.1714460306966705 3.558033620153165 3.558033620153189 0.8895084050382634 3.5580336201531533 0.8895084050383599 1.779016810076601 7.171446030696727 3.558033620153106 3.6675371088473687 3.558033620153129 0.8895084050383464 3.558033620153114 0.0 0.889508405038263 3.6675371088475277 3.667537108847591 7.1714460306965115 3.5580336201531266 3.9780025204459655 3.5580336201531257 0.8895084050383373 3.6675371088475877 3.558033620153127 3.5580336201531644 3.5580336201529628 1.7790168100764945 3.5580336201532328 0.8895084050382954 3.5580336201533447 0.8895084050383234 3.558033620153228 3.5580336201531306 3.5580336201530653 3.5580336201531555 0.8895084050382548 0.889508405038252 0.8895084050382602 7.171446030696575 3.5580336201532043 3.5580336201531333 7.171446030696785 3.5580336201531546 0.889508405038297 0.0 3.558033620153043 3.558033620153143 3.558033620153152 3.558033620153148 3.55803362015302 3.558033620153164 0.8895084050382533 0.8895084050382703 0.889508405038245 0.8895084050382653 3.558033620153064 0.8895084050382804 3.5580336201531524 7.17144603069662 1.7790168100765564 7.171446030696622 3.5580336201531577 3.5580336201531932 3.558033620153046 0.8895084050382916 3.5580336201532483 0.0 3.5580336201532 3.6675371088475615 3.558033620153272 3.5580336201531764 0.8895084050383377 1.989001260223074 3.5580336201530063 0.8895084050381957 3.558033620153076 3.558033620153204 3.558033620153295 3.5580336201531932 0.0 0.8895084050382862 0.8895084050383356 0.889508405038296 3.5580336201532137 3.558033620153148 3.5580336201532066 5.410668396552214 0.8895084050383903 1.7790168100765715 1.9890012602230887 3.558033620153177 3.6675371088474735 3.5580336201531684 0.8895084050383486 3.5580336201531093 0.8895084050382316 3.9780025204460645 0.8895084050382082 0.8895084050383741 3.5580336201530436 3.5580336201531426 7.171446030696648 7.171446030696596 3.558033620153101 0.889508405038339 1.7790168100765358 0.8895084050383381 3.5580336201531537 3.5580336201532043 1.9890012602230727 3.558033620153161 0.889508405038246 -107.79862054665256 251.03254836638965 787.1386698393397 253.5044247028774 -67.31804199919446 248.23600941240636 741.6187789621813 263.63342443911387 -105.07514116101173 223.14778810778677 802.4352670370575 218.23543731275757 -71.56039576036802 251.1083169664969 766.9436704438133 255.25042606647858 -114.55377410950123 245.42766264958155 723.3875764885191 261.37669975934074 -83.79318947162388 263.60890613445076 802.840786154915 224.55369159436788 -118.68506933053781 216.21631648680915 777.7629783375993 222.8395151065204 -100.09648206109898 237.26942922022258 781.3297352600691 238.14666788333574 -105.11543771591613 240.4606744336838 794.7909667901799 248.61722779590056 -56.793315309236654 272.43354161517135 752.6884702104376 265.67399890309963 -132.38195867222746 233.30626603822788 744.5083524694419 268.13065528462863 -102.35213053221813 229.90176226929964 753.1998542716852 258.38567855381746 -64.69882103978115 270.6833457681742 814.1551527265441 238.98903168857234 -125.6659946237848 236.6769989450013 764.4082780009751 237.74133944618902 -103.358111936148 258.0718777527456 759.922239162574 234.65924378697656 -79.05800387218191 237.97576053953063 764.950882763096 246.77762745447166 -90.94454181742537 245.74945209661794 787.4910713245993 230.81631914332226 -90.37753539921935 270.2381111072024 730.8148537085775 256.649060466206 -136.73555699278805 223.3193956133507 752.4289065195044 271.08642590234314 -86.80236565805419 235.0197598756086 789.0665205932173 224.69334075492142 -52.67503152986585 279.1030031376213 753.5746656564854 234.03872707872338 -126.28083891680545 217.40059233707743 766.1830489602241 264.8641701693951 -57.429892321997094 267.0862741682475 783.7254241514169 243.86853804990372 -94.29215163688573 236.00296465630717 748.2401476112519 263.06837521261735 -144.12384452309666 219.17655252209843 774.1522088091606 248.03410610618528 -122.24365433873471 210.49534416728693 782.6194033262148 249.86706853244095 -111.22325083744376 255.64864564487732 745.9260356458976 258.7293737551788 -56.541711754044925 286.3041208457 736.5105518350288 275.7734908754642 -101.57935495553482 246.98689105039261 732.3066150222958 281.2919467916489 -64.18636680739824 282.72914348968897 792.9761023091426 219.78119208217714 -79.992640469789 244.1560169227855 772.6553926764622 227.48758128276336 -123.28943192723203 243.86992523175434 755.4220145196738 240.13424420149585 -79.47662822353428 250.20296491438305 761.8058154307049 243.12313377487817 -80.08299547628856 275.93379099276683 800.5642656955996 241.881857742582 -72.07829407820485 268.60172610782274 730.874914158136 252.01547958231572 -83.50295024351747 269.9434017430152 819.8796540297867 234.17793504403878 -149.61560073307368 227.56193429480965 758.2752130711519 266.78181040869066 -113.68814633151166 227.02527942169377 751.5360366592224 253.14081289856753 -74.02934026726253 276.32502692617453 797.0114927844735 230.2862601070168 -84.26497491661382 256.493971906346 743.6630938359643 252.6155750513509 -65.58628214670483 264.4694037523762 764.193377379259 260.73534730677824 -118.08006785043982 235.94215020141357 775.4185022865832 235.6887798085674 -110.37012952683119 242.6307508418961 795.5547860530835 224.33882065284195 -76.60663514343887 270.6618549971358 812.2249650878227 212.79888942461815 -76.76214282821257 258.04768993212423 738.8039186724228 250.26679026154954 -94.85564313041499 228.3973890713549 814.792548581101 222.67338406532565 -119.1016564182025 249.74290519596667 745.2415663307145 243.77880797255852 -63.74520942295186 288.0503967106233 744.3285879459958 274.5712205290033 -136.41289476973753 236.249830038589 750.8525438616382 245.94765518305434 -97.7313563220913 254.73332113704072 771.5803804002938 240.45028509291348 -98.9924011931465 264.5477964164216 740.4178708512268 241.9376770589997 -70.94436041357373 257.111222576489 764.0912832397712 229.22329815727582 -44.57340253223735 280.9165997625977 785.7065356246701 219.13101922025874 -114.75941589295694 222.01631067386606 807.4569679655214 242.62386805769552 -138.42910532037808 211.24640966583345 796.9532563601872 237.4172904526242 -93.80497147331012 250.6501345933496 791.6875073184699 243.41779289295172 -60.46458682659102 277.80562481833465 811.6565906532085 234.36454407872105 -86.97743782996736 239.78584308894335 772.4375089317392 258.8683765960835 -49.862034840606974 275.08690678204505 757.55189794177 260.5621016681141 -60.98831785394296 253.34296479441167 725.0109282576632 250.1217536247356 -109.9824205372174 218.74122176772357 738.4303541747113 259.039881483962 -129.68708450885165 211.01037114003384 760.1020608887549 251.8390216420782 -72.68064100006657 241.25212550785056 734.1931550158748 246.46233480945006 -68.5320772447525 276.098115455776 776.4264426630724 243.3397275612353 -89.69264965656924 257.5350501069638 779.2788429093606 256.09551676814374 -91.41736429680329 265.574668212948 779.8272839795465 229.39721074215097 -114.41901373620942 232.3697563049563 794.9512571546481 214.86268236792023 -71.12053425225454 280.8179326246897 770.033148437832 232.26362327381023 -72.47699701199316 263.2326007318167 746.9138637889922 239.56205549844128 -125.83967037475512 226.82510353550396 789.7362607016065 238.18522105356053
170.00782581068606 0.8895084050382627 3.6675371088475526 3.6675371088475495 3.558033620153078 3.558033620153123 0.8895084050382999 3.5580336201531737 0.8895084050382508 7.171446030696658 0.0 0.889508405038335 0.889508405038227 0.8895084050383014 3.5580336201532377 7.171446030696616 3.558033620153296 3.558033620153161 3.5580336201530267 3.978002520446063 3.5580336201530884 0.8895084050382891 3.5580336201530307 7.171446030696676 3.558033620153103 7.171446030696679 3.6675371088477475 0.8895084050382638 0.8895084050383507 0.889508405038281 3.5580336201529654 0.0 3.5580336201533136 3.5580336201531706 0.8895084050383433 1.779016810076641 0.8895084050384309 0.8895084050382968 3.6675371088476534 3.5580336201531755 0.889508405038321 0.8895084050382926 3.6675371088474984 3.5580336201531844 3.6675371088477613 3.6675371088475375 0.8895084050383183 0.889508405038273 0.8895084050383304 7.116067240306317 3.5580336201530054 0.8895084050382641 7.171446030696607 3.6675371088475375 0.8895084050381491 3.978002520446076 3.558033620153108 0.8895084050383132 3.9780025204459886 0.8895084050382549 0.8895084050383435 3.558033620153147 7.171446030696559 3.558033620153115 7.171446030696742 3.558033620153133 0.8895084050383992 3.55803362015318 0.8895084050383929 3.9780025204460885 7.171446030696499 3.5580336201531537 3.5580336201531715 3.6675371088475783 3.558033620153099 3.558033620153171 3.558033620153208 3.558033620153145 0.8895084050383104 3.5580336201531733 0.8895084050381964 3.5580336201532177 3.5580336201530893 3.5580336201531266 3.558033620153161 3.558033620153208 0.8895084050383613 0.8895084050382661 0.8895084050382919 0.8895084050382847 3.5580336201530582 3.5580336201531946 0.8895084050382591 3.6675371088475597 0.889508405038336 0.0 3.9780025204460094 1.7790168100765595 0.889508405038364 3.5580336201531146 3.5580336201530374 3.6675371088475557 1.7790168100765642 0.8895084050383453 3.5580336201530085 0.6226558835267939 0.8895084050382598 0.8895084050383208 3.978002520446178 3.5580336201531586 3.5580336201532394 3.558033620153148 3.558033620153092 7.171446030696665 3.5580336201532083 0.8895084050382586 0.8895084050383302 1.7790168100766588 1.989001260223078 3.6675371088476143 7.171446030696554 3.5580336201531555 3.558033620153092 0.8895084050382684 0.8895084050383427 1.7790168100766042 3.5580336201530205 3.5580336201531884 3.55803362015326 3.5580336201531964 0.8895084050381957 0.8895084050383076 0.8895084050383367 3.558033620153169 3.5580336201530467 7.17144603069668 0.8895084050382543 3.558033620153124 3.558033620153251 3.558033620153168 3.5580336201530156 -102.23304643435691 255.14964646445782 781.3636992455299 255.17543885207036 -63.52474501035922 253.20321655266832 732.4917461682988 267.4575089659233 -100.90071833348465 228.4151542348112 799.0844089552736 220.3907417887421 -63.94297409440868 257.48305095115126 762.5936870662125 257.6082344279054 -109.6659544946178 248.78498641372713 716.5400540172144 266.9854388305341 -78.8907514910949 266.94616912387767 799.9535613241002 225.39010228260588 -112.84728318655543 219.93730630966476 771.9695042631872 225.6155190181439 -94.2495492948464 240.977372558532 774.983772800687 240.91324820153602 -101.29542597540957 241.8813726880156 788.4451769343912 251.38426662648007 -49.66931279404056 277.7858135329016 745.0052251091378 269.0804837422072 -127.21847686486495 236.26405011054558 737.1640304221258 271.10079059747204 -96.11281786067788 234.7839152240913 747.5315054646957 260.27905977239146 -57.582245026851254 274.2696578627104 808.0240615082068 242.20385800340995 -120.50187772337203 239.6334003277148 758.4891418720009 241.39888747600128 -99.6991192456912 261.47655150909986 752.5779787436833 237.62954338755284 -74.43920857444625 241.7284659123403 761.0279075595065 250.02678596027326 -84.41841637171564 250.21388342299753 783.1414486733499 233.17480406329253 -83.15064067319868 273.6670339163032 726.6783162249956 259.4524573945675 -133.48159059214623 225.56460108833457 744.8711016017467 273.6109004200203 -81.49071117617603 237.75911045260634 781.5093269035791 227.21940783080888 -47.733380618422885 282.3811301369039 746.3371389230977 237.23181084169997 -121.39795746282516 220.7654050935772 758.6252687703819 267.38872280565323 -51.54135308976117 272.5055377798089 778.1640213278577 245.9852339680728 -88.72606723119243 240.1187062944873 742.0006765573576 266.05723037274157 -138.8224862092043 221.93516472491237 768.2331051120174 251.69168529739233 -118.31534463577655 213.5036595465992 775.4887932144245 253.28333487782095 -106.054001054448 258.5954790974475 740.1509389927984 260.39989583543365 -49.40834948410809 288.0609737934423 731.1624101356604 278.33531419251193 -97.50410407056201 249.78137381843186 725.3199064677325 282.7208127088976 -56.788222619799 286.78231627652644 789.4113484588198 221.49028924251928 -75.25555197902126 249.48449506621265 766.5229021140683 230.6997113851807 -117.44916183841279 247.58711048790352 750.2874236012693 243.14184870567314 -74.73469394319338 255.52986422845953 755.6731427139807 246.33492619125687 -74.35205267201432 279.8103975548883 794.2187916109574 244.64951971834353 -64.57003734218341 273.37535187579084 724.2965030377686 255.44063571878337 -76.54327105410684 273.76767977765275 814.3019687959808 237.40313804108453 -143.752790295435 229.50710614075035 750.7174150266 269.3063045418119 -105.82557046622948 233.03408784566625 747.7571416486223 254.40306784488408 -67.88157057325309 280.46642767436674 794.2308667255753 231.34517850626145 -79.36421509118301 259.8336451108869 738.8860946185829 254.08195603678598 -59.71041910212007 268.1308700030127 757.4202010750727 262.61007854597676 -114.1479812749207 238.94592296836709 771.068646680783 238.04680936802723 -104.80658928317635 246.75091796869822 788.9774557096741 227.76608444312006 -70.73511658057332 274.33283398389165 807.1995796448509 216.03313377843668 -72.81362869014804 261.0324567581204 731.4596000600148 253.2369363858442 -91.73496812012212 230.83652437458235 811.6560569895547 225.27491053462958 -113.39949548681236 253.6601214770713 740.213690215026 247.0092106596065 -56.88859868257425 292.0214015479806 738.0197669379378 275.12751859772857 -133.8041382750183 235.94712823074602 744.9333244829061 249.60505322435418 -92.55788114865402 257.67338912710164 764.4497162258865 243.86643082251726 -93.53880851310831 267.0770616541665 734.3918870720476 245.37220828749673 -63.996261989737135 262.7174378322575 757.851913899661 232.21237683075304 -40.10569598591477 283.8313984986635 779.7880624918018 222.78962146981434 -108.24578493468677 226.49887427044115 800.2571414977286 243.60954244434012 -131.92226857179048 215.7385198936468 790.6076822525988 240.18480501220213 -88.63158882447316 253.59101612034024 785.3416986788391 246.1847383673569 -53.33941674300588 281.3732452462178 809.0898675112646 235.86950684104102 -81.68639325207876 244.30613619220026 765.538942476272 261.625202345256 -42.591287695916364 278.4248425808009 749.868665650747 263.9686163422878 -55.54329519162721 259.4072251951465 717.308948369913 254.6330027554808 -104.2830467149247 222.66280509804477 731.0860326308562 262.0100135524413 -128.05998650969235 212.13294213874568 755.1809561486692 255.2922943349263 -67.80009680676581 246.37502584550666 728.1671678156631 249.8968518609022 -60.735958905883756 280.44504600726117 770.5074012665567 246.99739038203558 -84.38586740095023 261.1549852321065 773.0395183383815 259.08465106844443 -86.23231494764639 267.6182774600988 774.9065085864335 232.8510233461841 -109.81281155501071 236.13733179293175 792.5980890483401 216.81299118069543 -65.11013294941661 286.0501176740334 764.8987057002493 235.27146970680724 -68.39415060135218 266.8961915168975 742.3316712151682 242.57897487113996 -122.19047640364587 230.23895896564764 782.3924372660554 241.1565371103921
180.00782581068606 3.5580336201532283 3.5580336201531892 0.0 7.171446030696425 0.8895084050383156 3.558033620153154 7.171446030696604 0.8895084050383262 3.5580336201531937 3.6675371088475344 0.8895084050382916 3.558033620153247 3.55803362015318 1.779016810076534 3.55803362015319 0.8895084050383187 3.5580336201531564 3.5580336201530938 5.41066839655228 3.558033620153035 3.5580336201531466 3.558033620153334 3.5580336201531773 3.5580336201530756 3.5580336201531444 0.8895084050383048 7.171446030696623 0.8895084050383129 0.8895084050382284 3.558033620153176 0.8895084050382684 3.558033620152963 0.8895084050382897 0.8895084050384169 3.6675371088475335 0.889508405038268 3.5580336201531453 3.6675371088475766 0.889508405038295 3.558033620153129 7.1714460306966625 3.5580336201531972 3.5580336201531617 1.7790168100766528 3.6675371088475583 3.5580336201532834 1.7790168100765664 3.5580336201531955 3.558033620153203 3.5580336201530702 3.6675371088475597 0.8895084050382372 3.6675371088475344 0.8895084050382549 0.8895084050382797 7.171446030696497 0.8895084050382718 2.4906235341073613 0.889508405038343 3.9780025204460445 3.558033620153156 1.9890012602230882 0.8895084050383225 3.558033620153279 0.8895084050382555 0.8895084050382428 3.6675371088475854 3.9780025204459344 10.67410086045946 7.171446030696583 0.8895084050382778 3.5580336201532026 7.116067240306334 0.8895084050382577 3.558033620153119 0.8895084050381881 3.5580336201532012 3.5580336201530596 0.8895084050383625 0.8895084050384149 3.9780025204459872 0.8895084050383396 3.5580336201531337 0.8895084050383563 3.5580336201531515 3.5580336201532745 0.889508405038202 3.558033620153243 3.558033620153153 7.17144603069662 0.8895084050383274 7.116067240306215 0.8895084050382608 0.889508405038332 3.6675371088475583 0.8895084050383024 3.558033620153152 3.5580336201533345 0.8895084050382122 3.5580336201531937 0.8895084050383265 3.5580336201531906 7.171446030696693 1.779016810076616 7.171446030696668 3.6675371088476556 0.889508405038284 3.558033620153055 3.55803362015313 0.8895084050382388 3.5580336201531915 0.8895084050382474 3.558033620153162 3.5580336201533256 3.558033620153122 3.5580336201530276 1.7790168100765429 0.8895084050382849 7.171446030696602 3.9780025204461924 3.6675371088475655 3.558033620152966 0.8895084050383173 0.8895084050384439 3.5580336201531773 3.978002520446147 7.171446030696603 3.558033620153098 3.558033620153197 3.6675371088475646 1.7790168100765715 3.5580336201531124 0.8895084050382754 0.8895084050382625 3.558033620153167 0.8895084050383348 3.558033620153182 3.5580336201533345 0.889508405038305 3.558033620153279 -97.33142958194374 258.4866613045953 774.8040502830086 257.4959655864796 -61.61481389681262 256.56316889439165 724.9339132910972 269.98190018890057 -96.28606194631863 232.1730327102204 792.7387911451945 223.15812974182415 -56.824363737078 262.84356599362764 757.4590654055811 260.6157958072434 -106.12257792954051 250.60646275945967 712.8304395135486 270.6801385988783 -74.52058116109603 271.0746209046597 795.3904902875288 227.30312512281557 -107.28300218650975 224.05627566525467 766.3893264461723 228.83680751185486 -88.6728698178952 245.07877296687963 771.525161056422 242.84410044045381 -95.44155064509711 245.57677185337639 783.8817588052116 253.2965579237497 -43.73305590513531 282.2542446451351 735.3257591601478 272.8951816437833 -123.28430419788178 239.26465185805282 727.9302303901118 274.7019705294461 -91.4937018125175 238.53412094455194 739.4025672643314 263.89899844680315 -52.21677031804789 277.8067144555866 802.2494085546368 243.8757508396814 -115.6104949044357 242.98563744197514 753.6934622337652 243.97013458350327 -93.83777011585214 265.1588142582656 746.2317677913243 240.39557575408665 -70.35954279317811 246.27850448157682 755.6798043190213 252.58868543906644 -82.10635967393911 252.08502044729408 779.5761485676111 234.8829742281413 -76.7235124747777 278.27964327168564 720.0118408054743 261.549876182976 -126.29190575316058 230.80804963881994 734.9594390151617 278.0847575404235 -79.73321190719349 240.44704717427803 776.7324255486751 228.68616360630227 -37.51629836098911 288.4195616643303 739.8467823705918 241.98467635791096 -116.90459918898358 222.95245625995076 750.176108996909 270.3401732154914 -46.157687416283714 276.91381369813604 770.7130416020495 248.73276351931426 -83.00537274042638 244.01182138142806 731.6620423288912 269.6397296803118 -133.7968527524581 225.09298419038748 762.7782767577049 254.03078908294972 -113.70772888012766 217.26942476112228 769.9272353293564 255.39965752753182 -100.74549535758788 262.2129746498668 733.9301496664576 262.28386357573805 -43.62476765189227 290.0453142780595 720.6608605776952 285.00941373113346 -92.32445986936678 252.71168077717866 715.5314371296572 289.0533299846549 -51.27662027472918 290.0910520745505 786.0597360640701 223.64431367031386 -68.7036417081517 253.91008538485886 760.2834926831941 233.68869916101764 -115.42229447952681 249.87425435707993 745.1527958203803 246.14939572157664 -68.45189132294982 260.3558247639713 749.5404246927571 249.54662909997836 -67.63318196108114 283.98568345456744 785.2175033539679 247.59251495463144 -58.802139043546894 277.1984280627652 715.1694354197101 259.2646354709976 -71.61659560897778 277.0660710378412 808.9547662241528 239.9670337980754 -140.35591485189406 231.54554460132283 742.9461123381195 271.3850702529536 -99.30040716787931 237.49973423407405 743.1936254298832 256.31511183722984 -59.91907884689884 284.5521773660373 787.6715036079607 233.6664330877896 -74.18118200235232 264.52305173607806 733.751446386994 257.0894740362833 -54.35179920607382 272.5723633620637 752.7312455078953 265.40413768981983 -109.25499460504071 242.2956790593479 765.7205973214657 240.60882349203828 -100.58668733199137 249.3346243774935 784.2006215263405 229.23298908080534 -64.97725509796354 278.17355777191165 801.0679352584202 219.24679847926575 -65.69870165231143 266.39772260675375 726.0927477498523 256.9035976843238 -89.02792428393415 233.88399317390767 806.842920468057 228.9525566001391 -107.94666743816704 256.19200918497114 730.8544578043768 251.49243443323945 -48.195440102155175 296.78424255288735 727.4489288151492 279.3691490983902 -131.49970774359855 237.8293650567115 740.3698051991502 251.51709321120836 -88.60909450692424 260.6543269833895 760.3132132738085 246.66988561304498 -86.98708376108428 270.6207787008137 725.9240020202094 249.42844170686553 -57.411929367010565 267.98771982988984 753.6086635338219 234.79299792353686 -30.133452841039013 288.73686931902023 772.4439675454848 225.7603630033634 -105.54368461313022 229.54958874540372 791.9151427660706 246.7849458238038 -125.80356083507286 219.0508390138058 787.8269801840373 241.24316559987744 -84.54249738339624 256.3666451531218 778.2110556005052 249.6009574620868 -47.277868065172775 284.745216896127 801.746370664069 238.84171398148303 -75.69537634675947 249.56055386027683 759.6197208371619 265.282595178773 -37.732912748971586 282.7450144903004 745.3051468779795 265.8806550598135 -49.22479733259917 265.97410432297215 709.7511041815395 257.1573604514393 -98.179175474668 227.74368065016097 726.6292439399978 264.14486210650404 -124.80271289706262 214.37393354166528 750.046329423252 258.2998507956753 -63.43702765068724 250.5055957198687 721.4632779538612 254.20396740747276 -53.03565021344351 284.9242617887107 764.1612258912777 249.76349773411394 -79.74773413994643 264.88166328024 768.0116730828096 262.3150939561519 -80.36312797255619 272.17441227673817 771.7681809054992 235.45042018036645 -106.55134613838155 238.37242988805184 789.6039007788082 217.4259401340253 -58.2389259626399 289.9944821169412 757.5544562679821 238.2417629021464 -63.322829265286636 271.7592371378928 735.1821326932076 247.0996180309921 -119.60710376293753 231.7133376766654 779.1660258619183 242.42829197175212
190.00782581068606 3.5580336201531573 3.6675371088476196 3.6675371088475526 0.8895084050383866 3.558033620153121 3.5580336201530613 3.5580336201531093 3.558033620153277 0.8895084050383296 1.7790168100765853 1.7790168100765102 3.5580336201530156 0.8895084050383051 0.8895084050384022 3.9780025204461005 0.8895084050383179 3.5580336201531804 0.8895084050383177 5.410668396552259 3.9780025204460325 7.171446030696647 0.8895084050382756 3.558033620153197 3.5580336201531058 0.889508405038259 0.8895084050382961 0.8895084050382683 1.9890012602229683 3.978002520446044 3.5580336201530884 3.6675371088475903 1.7790168100765882 3.5580336201531884 7.1714460306967664 1.9890012602230167 3.5580336201532696 3.558033620153126 0.8895084050383271 3.6675371088475432 3.558033620152995 1.779016810076547 3.6675371088474686 0.88950840503828 3.558033620153212 3.5580336201531924 0.8895084050383257 3.5580336201531226 1.9890012602232081 3.5580336201531875 0.8895084050383334 0.0 0.8895084050383135 3.5580336201531853 0.8895084050381702 7.171446030696702 7.171446030696479 0.8895084050382884 2.4906235341073613 3.5580336201531497 0.8895084050383207 3.5580336201532208 0.8895084050382042 3.558033620153176 7.171446030696745 0.8895084050383869 7.171446030696551 0.0 0.8895084050383274 0.8895084050383278 3.5580336201533065 0.8895084050383285 3.5580336201532226 0.8895084050382446 3.97800252044627 3.558033620153136 0.8895084050383562 7.17144603069668 1.7790168100765917 3.5580336201531453 3.558033620153315 3.558033620153156 7.1714460306967025 0.889508405038272 3.5580336201532874 3.558033620153158 3.5580336201531466 0.8895084050382571 3.558033620153295 0.8895084050382669 3.5580336201531724 3.6675371088475814 0.8895084050383779 3.558033620153144 0.8895084050383473 3.6675371088475703 3.5580336201530636 0.8895084050382733 3.5580336201532172 0.8895084050382341 3.558033620153256 0.8895084050383105 7.171446030696764 3.5580336201531697 3.6675371088476556 2.490623534107175 3.97800252044592 3.558033620153188 1.7790168100766066 3.5580336201531795 0.8895084050382014 7.171446030696616 3.5580336201531275 0.8895084050383502 3.558033620153265 0.8895084050383268 3.5580336201532696 3.6675371088475353 0.8895084050381984 1.779016810076659 7.171446030696738 3.558033620153155 3.558033620153333 0.8895084050382729 3.558033620153071 0.0 7.171446030696784 3.978002520446067 3.978002520446146 3.558033620153166 0.8895084050383328 3.5580336201532163 7.171446030696599 3.5580336201531653 0.8895084050383234 1.7790168100765682 0.889508405038263 0.8895084050383084 1.9890012602231795 0.8895084050382782 3.558033620153181 -88.8607630860253 263.60237778210967 769.4559566675504 260.05788393021516 -55.966328653836364 262.3611400026613 718.0165208411009 273.84330497173585 -90.98055848812467 236.6749933673633 785.821788179444 227.02025850813294 -51.582055206221305 267.4622783277571 750.5417086703109 264.4772625827759 -101.89563470965713 253.1785014752673 709.3343072597726 274.8205187397511 -67.51550560927332 274.81719029104545 792.0387618343051 229.45703113061393 -103.34008659006585 227.0450785055007 759.5787883053929 232.92123782782437 -83.75808578543256 249.28252293148157 764.9654840581895 245.16450507205468 -89.16721272578967 250.4128419141803 779.1047895755652 254.7630342340155 -35.01483583415808 286.9678327096613 728.5338290333317 275.8745970464685 -118.66544103741585 243.01604650056927 719.8012548239492 278.32182418615207 -85.76971397786133 243.29944784094036 733.1817726212769 265.78293587673636 -43.65177265491998 282.7582966654486 796.4744605100576 245.54676132081772 -111.94464205657368 246.38102954399457 744.8866591784337 248.46272829642874 -88.77946789761168 270.04030407428144 739.100923217117 243.81136196230122 -65.42351700925191 251.34704190647372 748.1219910829983 255.1131276812387 -77.17881574671836 255.3850719095307 774.4415991566095 237.89064752153732 -72.04920051222696 281.0659789934317 715.1973911597092 265.22586804693816 -120.44275988610667 234.51036998905005 728.506444658996 280.6278476400139 -74.94592098273039 243.95564296699834 771.8300579209315 231.0346904781842 -30.171609155108673 291.59665194109033 730.9332138528678 246.2543865027171 -112.68620453662244 225.5377914731008 742.0471524607265 273.9600684812066 -37.716512157139505 282.05751178251865 764.3668449007366 251.49882300972672 -79.58792110759715 246.0122399695396 727.3119915556867 271.9974053107183 -128.22985882443183 229.20700463334197 754.8628424618475 258.0964300621524 -109.90826079898956 220.46663243965585 762.3694446099278 257.924166761373 -94.8633166195605 264.9864022271427 727.031477543776 265.0404424398816 -36.961834468499006 294.30031393364857 712.7453598686154 289.074929800038 -86.44976984478096 256.3742963444011 708.2003790890584 293.19505474127305 -44.21237498791118 294.6369052630774 779.1612317027664 226.40137995812842 -64.4548921588609 256.4429181225894 755.1301842879342 237.80110947552888 -112.43143827878234 252.50438868980007 737.8084583146459 249.1194906562605 -65.57045416785996 261.37797312764263 741.8384520248725 254.05790034865697 -62.263648435447465 286.61050165792193 779.869470420328 250.15456063499863 -50.65546517707381 282.80166447274206 711.1396013670778 262.29081905508025 -66.66062617853504 280.3258599984581 804.1779987264615 241.43403113115113 -133.4170773410706 235.40659904284718 734.7291165807875 273.67726583167666 -95.75246472890606 239.31268410401586 736.8473830345521 259.08106684188215 -54.11508461412445 288.3147973382092 783.2148392567352 235.80155584290486 -64.98252202222076 270.3247756603303 728.9557186132483 259.6606373741357 -47.299769515733175 278.04640044636284 743.9431293558976 268.79185023718395 -104.75125135807232 244.46225024791175 760.1590048171228 242.72504896703919 -94.4444927076358 252.60101571821272 780.0642246562508 232.03657735903042 -59.321285293930664 282.17111707746386 797.2892471766397 220.50952755537963 -57.8634195261443 270.6671740865867 719.5142988829158 260.3286887903057 -82.3440974182583 239.00107901724965 802.0661735504889 230.4197501596489 -102.07935301672475 259.86707752728125 725.1486630949779 255.5954103338446 -41.00200432603414 300.20950258187963 718.7488141069487 284.0844798187234 -126.19861764401689 241.45826716128457 733.0254597647087 254.48717336818174 -83.81838832113891 262.3809436879493 753.9669943963903 249.43589800778955 -83.01677467121209 273.5710956212201 720.2181992415534 253.53140780670395 -49.13808786949921 273.39061450300926 745.799966982172 239.08147125988935 -20.91621574581767 294.1230511778207 766.2045718483184 228.74934034171235 -98.7283445019476 233.5895467848746 786.2095882579914 250.8882682079454 -120.91229812820328 222.40402512039543 784.4751399154144 243.3968839153453 -77.97331006756637 260.7642971075846 771.4378822157751 251.47572520959653 -40.90892752528117 288.5488604451461 795.9714134588897 240.5127940598154 -72.81994129119987 250.5929731931574 751.4907773361242 268.9025238075416 -27.74506061243499 288.2198129412042 738.8521605093382 268.4237663964279 -45.332932603712564 270.8642937165371 703.3674098563115 262.13295275903886 -94.5094784379888 231.13454734780825 719.6051123663686 267.7834313159325 -120.04003076376496 217.04033157873445 744.4847045642254 260.416005131491 -59.451021108101266 255.22623861756222 714.5458856663369 258.065373474917 -48.60524384709056 288.08108205898543 757.2625921536268 252.5201743266862 -72.75125500773062 269.53150812397246 761.3452237273518 264.41259917038394 -74.60466817199433 274.22159828779206 767.2046865772932 237.362516638237 -103.95942106963177 239.8365337758336 784.7898072228461 221.10239696256517 -51.89757636571006 292.92467447710794 751.2775943671762 243.44030326170918 -57.94477135663755 276.17725181738115 727.8190796637148 251.17453707775817 -114.03464151548563 235.8210050187361 772.0352717863829 245.84426137218932
200.00782581068606 3.5580336201531337 7.171446030696609 3.6675371088475037 3.5580336201530978 1.7790168100765653 0.8895084050384179 0.8895084050383336 3.558033620153184 3.5580336201531564 0.8895084050382811 3.558033620153139 0.8895084050382702 3.558033620153136 1.779016810076525 0.8895084050382648 0.8895084050382167 0.8895084050382785 0.8895084050383862 3.9780025204461302 7.171446030696758 3.558033620153172 7.171446030696572 3.5580336201531764 0.8895084050383059 3.5580336201531986 0.889508405038268 0.8895084050383115 3.558033620152975 3.558033620153209 0.889508405038233 3.5580336201531497 7.171446030696729 0.8895084050383402 3.558033620153048 3.6675371088475344 3.558033620153111 3.5580336201531795 0.8895084050383417 3.9780025204460623 1.989001260223032 1.9890012602229568 3.6675371088475877 3.55803362015314 1.7790168100764998 1.779016810076626 0.8895084050383504 0.889508405038307 0.8895084050381655 0.889508405038285 0.8895084050382721 3.6675371088475455 3.558033620153045 3.5580336201532012 7.1714460306968 3.5580336201531373 0.8895084050381433 0.8895084050383177 0.6226558835266597 1.779016810076533 0.8895084050383343 3.5580336201531844 3.5580336201529974 3.5580336201531777 3.5580336201531635 3.5580336201531573 3.5580336201531373 3.558033620153117 0.8895084050383445 3.9780025204460654 0.0 3.5580336201531386 3.5580336201530653 0.8895084050382955 3.558033620153017 3.558033620153148 0.8895084050382213 3.558033620153158 0.0 0.8895084050382187 0.8895084050382627 1.9890012602229883 0.8895084050382638 0.8895084050382782 3.558033620153171 3.5580336201531466 7.171446030696459 3.5580336201531826 0.8895084050383056 3.55803362015314 0.8895084050381394 0.8895084050382872 0.8895084050382263 0.8895084050383275 3.558033620153014 3.6675371088475472 3.558033620153214 3.6675371088475734 3.9780025204459513 1.9890012602230187 0.889508405038325 0.8895084050382422 7.171446030696633 0.8895084050382897 3.6675371088476343 3.9780025204460743 3.6675371088477213 3.558033620153141 0.8895084050383524 0.889508405038289 0.8895084050381907 1.77901681007666 0.8895084050382964 0.8895084050383343 0.8895084050383255 0.8895084050383283 3.558033620153328 3.6675371088475566 3.5580336201531613 7.171446030696678 3.9780025204461604 0.8895084050382503 3.558033620153282 0.8895084050383328 3.5580336201533345 0.0 3.5580336201530423 3.5580336201531138 7.171446030696755 3.5580336201531155 0.8895084050381985 3.558033620153194 3.5580336201530396 0.889508405038337 0.0 3.9780025204460965 3.558033620153237 3.558033620153196 3.5580336201532514 3.5580336201531515 0.889508405038317 -85.01648159311794 265.85129450134895 764.6789528983882 261.52424257001843 -52.759313175437775 266.4973629143472 711.8837420632932 277.05489579027414 -85.65143075292411 242.035105146844 779.9026454617798 230.67778674063058 -45.75272362593923 272.0955246960305 744.74788198823 267.2525602689852 -96.69512947578983 256.0696553984348 704.1996279648357 277.8279825103066 -61.03668287575768 277.54415130503844 788.4734178814839 231.16507081669542 -98.7026991137928 230.77500669190832 754.996570527962 235.93812806183564 -76.75883316214478 254.82443495771878 759.1903854684389 246.8350100321227 -84.64476404356743 252.53646491710865 773.0788209267952 258.1975723121829 -28.563427274430012 291.56566140755484 719.4067506011817 279.69856909007495 -112.39445126843457 247.85700689414665 711.6722739617439 281.9416642630195 -80.9732121102492 248.57464098686398 727.6201339050672 267.89905282038944 -37.368586052665194 287.61224848453696 791.126403526818 248.10878321937895 -104.43228085416386 251.1539503295429 740.750097717325 251.2660940799688 -83.1504153442628 272.27917367563794 734.3932276532327 247.7102106111522 -60.60108430118772 254.80812730859617 741.6690023055398 257.65623121112964 -70.84722715377832 260.14687425607883 766.7583707013135 241.29717259650695 -65.43848882384425 283.5876130731177 706.1583350192873 270.3775152729106 -112.94461565272019 239.30157084264494 725.2612293032336 283.0042266756532 -68.4906907846267 248.5244814765594 766.2497765006189 234.25576705354285 -25.473635791696953 296.2217455634634 724.1038571509453 251.44348389249345 -108.05676910295175 229.27622722765813 737.9105845790046 276.763423051804 -32.250035511597574 286.3688607354723 758.4662963583153 254.05132125104743 -74.10199267723178 249.3614632967782 722.7484518705401 273.90939088724474 -123.72909318172547 231.37725649113912 747.7319858448345 261.5121931430876 -105.83487353987859 225.02446190564743 758.5905313708062 259.1863765566636 -91.71142503587636 266.4929645285948 719.1159828306083 269.1059706303952 -29.670096617688873 299.4118479538428 709.3934009399811 291.2284656071786 -81.51141787027446 259.65644700181315 702.2031738674679 296.23211286464704 -37.88120882210533 298.0243533462635 772.8150707601734 229.1675269232338 -58.93497384854528 260.6458821087208 749.9955347138247 240.80862340732082 -107.6428469027659 254.24194066598517 730.8910745221028 252.98091253068318 -58.94829455148156 265.6961792984704 735.0465237688022 257.0373205924016 -56.04001104678091 289.7186022377641 776.8751782858925 250.76700730712446 -45.78955892185306 286.1958717643846 701.8870621620777 266.9967844318349 -59.33265902483074 284.4678823928537 798.8300218897214 243.9961696412528 -129.18595151856516 237.09606877694316 726.6001413661841 277.2971180340958 -91.78632233652097 242.27026439089965 732.710814993491 261.8844208854901 -49.224418870110156 292.5911787037273 776.7619292132257 238.3448538650694 -58.08588906373764 274.2204256512899 724.4802084636451 262.9003081529077 -40.74091625208623 283.39481213473016 739.1286873014575 272.4678531368155 -99.15234981783661 248.53395582076269 752.8146744467182 245.69516505044348 -89.51423661062225 255.8964145030703 771.9353638813758 235.6566833773647 -50.99876774300698 287.4987376742044 793.1528751777894 223.31315381834506 -49.284706913973196 275.6002464476708 710.6887279951729 265.92602124143343 -80.01573921964417 240.85130225337025 797.7163005825207 232.777767425438 -99.33876623301803 261.1013048501892 715.8774169349501 261.4062319069245 -33.63849846387975 303.33666022889594 714.3987543766242 286.4421402074132 -121.29136338160042 244.78751424727733 726.1080718409141 258.3485866271735 -77.76518595607304 266.66998007547664 749.4034675190604 251.34791700719526 -76.28688203499291 275.9256744616499 711.6248268472198 258.4695798986351 -42.87313125353555 278.2726645240487 741.092281148826 242.98033089329786 -15.572341337862666 298.30001335389846 762.1747945699831 231.77560221679448 -94.76725460164013 236.5540421733143 781.2884908265291 254.34156555651768 -116.28815612041663 226.14930135376494 780.9097554685304 245.10484500555037 -74.11492313704085 263.8966709426248 766.874372190345 253.3877814172918 -34.18929435000085 293.6416043389656 793.9752226265399 240.92114458623658 -67.73410022157535 253.65356470561815 747.1407298377577 271.2602065560441 -20.92862586999985 294.1261415985166 731.062125874391 271.60730337828574 -37.1298037354131 276.3842039402134 694.7206602563474 266.9596924204317 -88.50089765848978 236.36994406695683 713.1333958483992 271.43134680264745 -116.37260901997097 220.43399305331144 739.1365549422284 262.9778122592483 -53.521461641407356 258.8011568512915 706.3981901931703 262.79005737994675 -40.955534004665274 292.62626172365174 750.0250006351865 255.71311047404959 -68.20645854659303 271.61220595114776 755.9970842697488 266.9744309204374 -68.6752321006798 277.7979908593988 760.0738605905018 240.77834701557924 -98.76836781491342 242.7439489945359 781.0109338316057 222.364736777175 -45.48462589545444 297.5741139677082 744.9313542873323 246.20626644720713 -51.826472600064704 281.2808754594745 718.8867748148587 256.54904115340463 -106.25347949422131 240.19353958705108 767.4717703468441 247.7563338158507
210.00782581068606 3.5580336201532052 3.5580336201533598 3.55803362015318 0.8895084050383767 7.171446030696664 0.8895084050382492 7.171446030696666 3.5580336201532723 3.5580336201531964 3.5580336201532754 7.17144603069663 3.558033620153195 0.8895084050383238 7.1714460306965355 3.5580336201531444 3.5580336201530063 1.9890012602230147 3.5580336201530676 3.55803362015318 7.171446030696763 3.558033620153187 7.171446030696793 7.171446030696656 0.8895084050383778 0.889508405038316 0.8895084050382299 0.8895084050383231 3.55803362015328 0.8895084050382996 0.8895084050382811 1.7790168100766688 0.8895084050381831 0.8895084050382325 0.8895084050383365 0.8895084050382429 0.8895084050382938 0.8895084050383227 1.779016810076566 1.7790168100765742 0.8895084050382219 0.0 3.6675371088476205 0.8895084050382832 0.0 3.558033620153111 3.5580336201531386 0.88950840503828 0.8895084050382903 3.5580336201531253 3.558033620152976 0.0 0.8895084050382114 3.6675371088476014 7.1714460306965275 3.558033620153145 3.558033620153188 7.1714460306966386 0.8895084050382883 3.558033620153119 3.558033620153114 3.558033620153112 3.5580336201532026 7.171446030696591 7.171446030696585 3.5580336201531835 3.5580336201531635 3.55803362015313 3.558033620153031 3.5580336201531266 3.558033620153112 3.558033620153117 0.889508405038307 3.5580336201531457 1.7790168100765404 3.558033620153159 3.5580336201532434 3.5580336201531324 3.558033620153088 7.171446030696649 1.9890012602230276 3.5580336201531506 3.5580336201530205 3.558033620153124 3.558033620153156 5.337050430229708 3.55803362015318 3.558033620153152 0.889508405038339 0.8895084050382045 0.889508405038337 3.9780025204460645 0.8895084050382438 0.8895084050382286 3.9780025204459992 1.7790168100766133 0.8895084050383764 3.5580336201531577 7.171446030696786 0.8895084050382418 0.8895084050383035 3.5580336201532043 7.171446030696644 3.5580336201531475 3.9780025204460334 3.558033620153191 1.7790168100765413 3.978002520446076 0.8895084050382381 0.8895084050383326 0.8895084050383041 0.889508405038261 0.8895084050382919 0.889508405038212 0.8895084050382048 1.779016810076627 3.5580336201530076 0.0 0.8895084050381216 1.779016810076569 3.9780025204461604 0.0 7.171446030696796 0.8895084050382529 0.8895084050383804 3.9780025204460525 3.9780025204462053 0.8895084050383661 0.8895084050381574 0.8895084050383196 0.8895084050383608 0.889508405038275 0.8895084050383046 0.8895084050383059 1.7790168100766277 3.9780025204459983 3.978002520446044 0.8895084050382904 3.55803362015329 0.8895084050383337 0.8895084050382507 -80.74399256095491 268.34677138288055 758.9038377050933 263.19470347973675 -46.482191815696254 271.3608289293678 708.3175661785623 278.76202969837937 -79.73853720745917 245.6356077924287 776.9083595987544 231.29022330678004 -39.18868670501424 276.5049697202607 739.506441644384 270.03714099848435 -89.96344792102414 258.431662481019 698.0531000275429 281.0173758415714 -56.18130279240437 280.0346745798628 782.9118299294255 233.2813270722728 -94.72907130539116 233.7270377815665 749.3975268381573 240.2639541913452 -71.7887940093174 258.0604607765302 753.2711096146231 250.49231503014994 -82.29580983435471 255.25757143703532 767.8374260996576 260.98224647030054 -20.36784916454819 297.1092330404127 712.8453459885676 282.0158591970817 -106.77677512504313 251.90328568783576 704.5350213029395 285.3417727667671 -76.8394737018305 251.28079667434722 720.4892372875233 271.31458494412686 -30.599170356771005 292.6346733514511 788.5590987446307 249.6125822876555 -97.84632310419511 255.53084661942822 733.8327030325697 255.1274901462765 -78.33735246630417 273.9351459109576 727.6892952058148 252.01728223546039 -55.18488516805248 259.1768777169344 736.107366892315 259.7723359215906 -66.29269738666643 262.2060617989518 759.8410143363706 245.15864145541323 -61.79650150003512 287.0692123850575 697.9035430686417 274.8767379220419 -109.38781150675466 241.09448347043744 724.4765224332668 283.65407307289814 -64.05685000511296 252.5854119532608 760.3492226125114 236.8082620911005 -17.927150180212905 301.89417474368497 720.0739313968367 254.4695567252569 -103.13578283386302 232.58314299688774 732.8826507184452 279.99373451928807 -24.622366013262063 291.8904307071229 751.9065635391414 256.3715825097638 -70.79278246829158 251.5218043934221 718.7178922902596 276.9353484383781 -121.40884614382061 233.24065047296543 741.5992062410061 264.72378287928444 -102.55417046255675 227.23033191174605 753.2423837119181 261.7481906701403 -86.6145019955478 269.53396350046546 711.4311303638013 272.5091882370798 -23.155918309685543 303.92533014095824 703.2443068235513 294.4132568700018 -76.27102551779288 262.4791336232354 697.818486478497 298.84877787137526 -31.391211717191418 302.56193876338494 770.0342689288028 230.2256280373219 -52.82178907464427 264.8419086147945 742.2935406822223 245.3198611642039 -101.87913139154782 258.0675794166269 724.1870765176227 257.2878491957268 -54.2151506604788 269.3009392359968 726.1328631078707 261.30684270092286 -50.57436596446419 294.01928624333044 770.5289492363189 253.53299032527738 -38.81161781954246 289.94951867821754 695.1808617551961 271.3005214594692 -53.345064458818506 287.947713826535 795.1578987244868 245.48130414684294 -124.27118771003487 240.41434333393636 722.4631269395196 280.1002468729836 -85.32827386183133 246.83615883211442 726.0068356128198 266.19140433671765 -43.21684282311774 296.0310964118533 770.4157118016333 241.11086282563255 -52.10976575639254 277.7148832539156 717.1170206091881 266.9749344844894 -32.91359715426744 287.64856819018064 732.8891017490903 275.456473554975 -97.36919236586202 249.41954796528373 747.2530415010999 247.811296860296 -83.18273077067776 259.75579046415004 766.4804963540968 237.99570634717898 -46.41319179872997 289.4872787390902 788.9096416241052 225.89379991715262 -44.39393551248824 278.96243935306023 705.2153807759685 269.36925044958764 -73.54695478327783 245.40019175135996 793.1528411488882 234.68992755178547 -96.0420065593418 263.2827366974099 709.7444942678173 264.6164347183269 -25.52287022957361 307.09929867987245 711.6159530183381 287.49613221689754 -117.05065816585197 247.33636470642787 717.1941496897977 262.6176551327216 -71.55530741792066 269.80845087560726 747.0496163641723 253.29734056533735 -69.66273437170457 278.41930732996764 704.4737167487775 262.9871771635216 -36.86623261634779 281.71737846329665 735.0662560100667 246.4147697258535 -8.039383433203492 304.41241903890995 754.1525901672553 235.61836338808888 -90.51541897317034 239.08438596175543 776.4047428566688 255.58509813283484 -110.4151522573656 229.81176486962372 777.3443411323349 246.81276287373996 -67.20665900209836 267.77802034322985 761.3127456550142 255.50392966641851 -27.822106704259102 298.3957134271776 789.6252266242336 243.27893152155397 -61.49952425688181 258.5742882013004 740.794458401564 274.02608561739385 -13.531657506730728 299.0906863588641 727.1388878518302 274.85623050122814 -32.22548164866144 279.72563290043087 687.712457746237 272.91934846212024 -83.41841809924628 239.4375967748116 704.6832617726859 274.37934055703477 -114.05319526918758 222.2979603367684 733.7884001298378 265.53957017217004 -47.395077011584455 263.8877592830139 699.5860850232001 266.87233943670503 -35.74225603173307 296.4149449813367 744.8903357509864 258.7205930873217 -64.76028956678675 272.64065268845366 750.6489331125692 269.5362401998328 -62.71269909412494 281.31256508521153 755.0833635761472 241.79900642044623 -92.87084362090624 246.36907936706575 779.2975967842937 225.6512250133106 -40.28041995449037 301.37172520417107 739.7779711772355 250.31858794191737 -48.48201545937653 283.3857029294148 713.5383951064972 259.11033909342774 -102.41759189411349 241.56837259332045 763.3352182297131 250.55971486626575
220.00782581068606 3.558033620153113 0.8895084050382561 3.558033620153136 3.558033620153363 3.558033620153154 3.558033620153135 3.558033620153196 7.171446030696661 0.889508405038316 0.8895084050382766 0.8895084050382375 3.558033620153008 3.978002520446064 3.558033620153044 0.8895084050382555 3.558033620153016 0.8895084050382069 3.558033620153094 0.8895084050382323 3.5580336201530187 0.8895084050383397 3.5580336201532172 3.558033620153181 3.5580336201531515 3.558033620153192 3.558033620152967 3.5580336201530964 0.8895084050382926 3.558033620153125 0.889508405038325 1.9890012602230482 0.8895084050384129 3.558033620153111 0.889508405038295 3.6675371088475663 0.889508405038271 3.5580336201531786 3.9780025204461484 3.6675371088476254 3.558033620153153 3.6675371088475694 3.6675371088476156 0.8895084050383172 3.558033620152986 3.5580336201531084 3.5580336201529925 0.8895084050382644 3.558033620153032 0.889508405038274 3.5580336201532234 0.8895084050383196 3.5580336201532115 0.8895084050382133 3.558033620153121 3.558033620153117 1.779016810076564 0.8895084050382726 2.2237710125957055 0.8895084050383596 3.5580336201531777 3.558033620153184 1.7790168100765897 0.8895084050383574 3.978002520446164 0.889508405038203 3.558033620152981 1.7790168100766481 0.889508405038299 3.5580336201531577 7.171446030696463 3.5580336201531813 0.8895084050383764 0.8895084050383089 7.171446030696542 3.558033620153172 0.8895084050383578 0.8895084050382467 0.8895084050383797 3.5580336201531586 0.8895084050381447 3.558033620153136 0.8895084050382672 0.8895084050383211 0.8895084050381786 3.558033620153132 0.8895084050383537 7.1714460306966945 0.8895084050383292 0.8895084050382357 7.171446030696607 1.9890012602230331 3.5580336201532012 1.7790168100766353 3.5580336201532567 3.6675371088475432 3.667537108847766 3.558033620153175 3.55803362015329 0.8895084050383814 3.558033620153276 3.5580336201531835 3.6675371088475406 0.8895084050383145 0.8895084050383756 7.171446030696615 1.7790168100766328 3.558033620153152 3.558033620153028 3.5580336201531786 0.889508405038351 3.5580336201531106 0.8895084050381632 7.171446030696623 3.5580336201531 7.171446030696664 0.889508405038275 3.6675371088475437 3.9780025204460285 3.6675371088475357 3.558033620153062 3.6675371088475335 0.8895084050383024 0.8895084050382965 0.8895084050383517 3.6675371088475086 0.8895084050383094 0.889508405038293 0.8895084050382669 0.8895084050382972 0.8895084050382244 3.5580336201531884 0.8895084050383187 0.8895084050382492 0.8895084050383453 3.6675371088475446 0.889508405038374 3.978002520446036 3.558033620153337 3.978002520446035 3.558033620153309 -74.51826661348501 271.4567115408236 755.1249188853153 264.4566009786146 -41.30525068545795 274.264942864174 700.166049071029 282.32944807474104 -75.31089217636176 248.79845916745356 773.34291950963 232.99808411618412 -33.99774266417635 279.3883610745325 734.369013542562 273.03976009783884 -83.74999581214931 261.5715456371073 692.4650806184135 283.06289400482575 -53.24317813618338 281.86158990847287 777.5636948598654 235.84315882419722 -89.36470315885765 236.3617541360866 740.8035413867613 245.20117694454368 -68.19479882917805 259.7714536479932 749.7054419023568 252.1998343611267 -77.73873973583159 257.3086987334554 763.2737414037286 262.8938717512291 -15.229516584179562 301.0383684490612 705.9047277883996 285.83790694213883 -104.70706367796446 254.15188586580413 697.1609536530025 288.2367843779566 -74.05189825149253 254.24914995639733 713.9851527380961 276.04705468587673 -22.84567550503236 297.0013016153565 781.3214863468803 252.80548880544845 -93.03281532302638 257.2001469340284 726.3601805043352 258.9746781099525 -71.66012763930203 278.16695025764267 721.3414605463548 254.7780858444863 -48.90748624457644 263.11892729763485 730.3320998428437 261.43964247252865 -59.347511905197464 266.0156903343727 757.4870658693449 247.1079565540254 -56.75574823182601 290.1936776679384 688.4329602363271 277.9610324146528 -103.06300469636406 245.86382151316184 717.0969080761397 287.70235031161195 -57.78064974988928 257.4494863464679 754.787527579919 238.92423344042584 -8.069576402581674 306.58318269995266 712.9381363712556 257.87267260851735 -96.26764530233487 236.53237785143665 722.8553791466529 284.22283604996903 -18.35021261069614 293.9232515017394 745.7730053831959 259.5817326501813 -65.36713665451387 255.8790348210987 711.7833559400981 280.76472396441477 -118.1195527716117 235.43595703619079 736.356678809862 267.5062985277207 -98.98255076032537 230.78289486477388 745.1126047300287 265.36638599884054 -83.0417714120363 270.3715724992991 703.2853838528762 276.08995314773045 -16.4910227762128 308.1886028871228 699.480810364767 294.5137663927644 -68.1170562881751 266.23591601144426 691.6877277102769 296.9898664301936 -24.905909836855507 306.15817986938544 764.8995730314239 233.23304874849967 -47.24369785682635 268.03822242985103 735.2685099197821 248.9572866913246 -98.29834626866486 259.82079601461623 718.4963385136335 260.2789436366829 -50.416422815555094 272.55035927422654 721.9921750766102 264.10388907138275 -44.16153155049003 296.78659797955254 764.1826090438178 256.29879342306845 -35.17952600754652 291.58347729026013 681.5733794008761 277.2063604773956 -49.26287121549792 290.7478796095405 790.0232710367309 248.48885463810018 -121.67212635800759 241.85735729927526 716.1045866739099 282.8385422717834 -80.89478485144201 250.89604667727022 720.6571218778071 268.7472898057422 -36.91996559790628 298.9882373993906 768.4007669171982 242.62394765245412 -45.644144020665216 282.29412337873964 711.1876485401126 270.6168796994752 -25.467730061553112 291.570639652345 725.5415363034964 278.4160813487541 -93.52068062275788 250.75734909440203 743.6874619935421 249.51888304222538 -75.83949611322043 264.78248665600086 763.2539880592466 239.2672172381449 -39.66071090600318 293.6001793251262 784.9866078346564 229.14290601252986 -37.94809629068906 282.63244481905974 698.829412925786 273.2051448543497 -67.15268438046294 250.98914674691852 787.8047251421674 237.25180621718414 -90.53318300823857 265.6859749171634 701.9150391353638 268.86748174471563 -18.98566011526547 311.57436036384996 709.3501277816181 289.6481584660207 -111.69530305583335 249.98930227082448 711.8390115443259 265.1644524621955 -66.15009715256278 272.3539575734853 738.9385125506255 255.81032705822608 -64.64120560686757 281.5729557005187 695.9628221914953 268.1083280376242 -30.700879596695025 284.89307050211704 728.3611453190322 250.7199762078741 -0.4135834427671692 308.4047949473719 747.4484081589998 239.9251516584437 -86.0997866459026 242.26608187833014 770.058417748471 258.3509111152438 -104.79165558614567 233.8493286684873 773.5654231020217 248.07495888548806 -60.12342695368713 271.3688776216941 754.3950444619813 259.36492498270763 -20.44312627347723 303.38512397006934 785.846311310479 244.54113802769828 -55.076406170604265 263.2099254140388 734.0870757246665 278.32860513524133 -6.900590063338646 302.44060135147237 720.1489357409074 276.26883904161895 -24.0276133405967 285.2735347681085 675.3242176121115 276.7985794084475 -78.8505356767004 243.2906416399088 695.9765556589484 277.93590232569744 -109.5315930804901 224.42447495328057 728.4373099420667 268.0962028777777 -40.09938885218552 269.007761389791 691.6230873418915 271.99655006338793 -30.40837947528724 299.053710513946 739.115076804421 260.38939678655197 -59.30238168604387 276.953451251812 747.2965232503834 271.6894605253261 -55.58304638979107 285.7582784863272 748.7369748646624 244.56451898922063 -89.29266800011237 248.12052801744207 777.0504998767125 227.82350429941306 -31.90104178409528 304.699628194711 732.859056283455 254.17767886586995 -44.62285842328142 287.48859942537894 705.3773386300608 263.8112106398809 -97.46731522248217 244.83003079689774 759.6629944187332 252.04459600302886
230.00782581068606 3.558033620153131 3.558033620153216 7.171446030696589 3.5580336201530924 3.558033620153156 3.5580336201532226 3.5580336201531373 0.8895084050382668 3.558033620153175 0.8895084050384281 3.558033620153169 3.5580336201530502 1.7790168100765977 3.5580336201532625 3.6675371088475535 3.558033620153176 0.8895084050383097 3.5580336201532585 3.978002520446035 0.0 3.558033620153226 3.978002520445916 3.5580336201531195 3.978002520446214 3.558033620153151 1.7790168100765156 3.5580336201532097 3.5580336201531675 0.8895084050383871 3.5580336201530187 0.0 3.558033620153231 3.5580336201531226 0.889508405038374 1.7790168100765775 0.8895084050383104 3.558033620153175 0.0 3.6675371088475766 3.5580336201532314 1.7790168100765567 7.171446030696495 0.889508405038284 1.7790168100765893 3.6675371088475472 0.8895084050382431 0.8895084050383557 3.9780025204459486 0.8895084050383111 0.8895084050383019 3.5580336201531635 3.558033620153224 3.978002520446119 3.558033620153037 5.410668396552206 3.6675371088474944 3.9780025204461484 0.4447542025191574 0.889508405038203 3.6675371088474935 7.171446030696617 3.97800252044616 3.5580336201532017 3.9780025204460094 3.558033620153206 3.9780025204459273 3.558033620153122 3.5580336201532847 0.8895084050382774 3.6675371088474895 0.8895084050383288 3.6675371088475663 3.558033620153183 3.558033620153205 3.5580336201531435 3.5580336201531506 0.889508405038258 3.5580336201530547 0.889508405038347 3.5580336201529947 7.171446030696623 3.55803362015309 0.8895084050383374 0.8895084050382114 3.558033620153188 0.88950840503829 3.558033620153147 0.889508405038247 3.5580336201531235 0.8895084050383854 3.6675371088475166 0.8895084050382445 0.8895084050383053 3.558033620153167 1.9890012602229832 3.6675371088473874 0.889508405038327 3.5580336201529534 0.8895084050383768 0.8895084050382938 3.5580336201531186 0.8895084050382889 3.5580336201531804 3.5580336201530076 0.889508405038269 7.171446030696744 0.8895084050382905 0.8895084050383217 3.5580336201531444 0.889508405038344 3.5580336201531364 0.8895084050383703 1.9890012602230382 3.558033620153309 7.171446030696623 3.558033620153068 0.8895084050383704 7.171446030696742 3.558033620153108 3.978002520446243 0.8895084050382721 3.5580336201530205 0.8895084050383036 3.5580336201532865 3.6675371088475273 0.8895084050383355 3.5580336201531324 0.889508405038338 3.5580336201531857 0.8895084050384403 3.558033620153145 3.558033620153118 3.978002520446079 3.558033620153318 0.0 3.5580336201530427 3.558033620153154 0.889508405038233 3.5580336201531586 3.558033620153156 -69.88494649394634 275.23382124221814 749.7744109373306 267.0131482025286 -34.92950897814576 278.9993728932271 694.0089547301196 285.4944404451716 -68.06127934474911 253.98101216459185 766.9960166709578 235.76271694447263 -26.76035426481917 284.613323880349 730.5854001846773 274.28955910885304 -79.00367779623502 265.15723064357746 686.5208765000682 286.67757519255895 -46.237016841849716 285.5557521230249 773.4267435901303 238.6457691218255 -83.52675754529194 241.8976622704369 733.3275616768436 249.04089539317732 -61.30666221149964 265.53084447230736 743.5682740456381 255.4031058591615 -72.72361159745856 260.47594497761685 757.7099835724442 265.0052378825479 -10.378334859275776 304.4856860407982 695.9570558695684 290.23151014450565 -99.03179925115832 258.11425598119706 688.6870696438489 291.1240654521203 -64.98182830409327 260.2509783475025 706.3059715806435 278.2982677096893 -17.024445867241145 300.74682283519286 778.0070096219501 252.7485882028197 -85.66857959316488 262.19429359680186 718.2401145418478 261.45988886176815 -66.36209320979813 280.87658457725684 712.857130164641 258.7989048735928 -42.139190801445785 268.15010543785786 722.0835831393831 264.80684206749174 -55.726448039823104 267.6726480143094 752.9031896544527 250.12296663164375 -51.26771368590614 293.53385305029695 680.2871398207725 281.54588962404836 -97.1240496205828 249.4222384835087 710.5199781261209 289.9721617990568 -51.455692082450916 262.25457228194847 750.2232857994295 240.83426961880795 1.0711678506534748 310.5282402770529 705.8948942864265 261.4732583023511 -90.8800820209086 240.03053184694647 719.9638902381624 285.04064644138595 -11.331433342630202 299.52391588303334 740.4204239025187 262.13482398880535 -59.19427216576213 260.91491783377194 703.6264182712721 284.3219946684764 -113.28653453849716 240.6765138473883 733.5726288277897 268.5567202344204 -96.07388215254693 233.55993579733004 740.3327761679257 266.823537552236 -79.69612994675504 272.47725900332586 699.1277087586569 278.8616767866621 -8.235318633366647 313.6432928851312 692.2714899257179 295.430760455994 -63.21600830150061 269.58775836131065 685.0492466975405 296.6134235360404 -17.9029504987074 308.88158537587503 759.7639235209424 236.2394217021631 -39.45698433662427 274.2480084227593 730.2132325889636 253.28225977081416 -93.17708045573778 262.81562161984823 711.3609370482875 263.1086354958489 -46.58579478991425 275.76019018239333 715.5272608805933 266.61643517614266 -38.82590282287882 299.42115029792103 759.8312661347462 258.6539521616613 -30.094462470252946 294.63636986945994 675.7296522196114 276.4406517432031 -45.4224335477235 293.9426532203325 786.1375268623316 249.5278744793606 -116.02343836940982 245.85896906696635 709.7395440699386 285.56012551952887 -74.22301393231817 255.13249603972977 714.5083713667653 271.92822308726346 -30.641456395233075 303.89612241073206 763.6232223825738 244.0886758042841 -39.344703443094325 285.2466912791329 705.0332687730413 273.78770809143913 -19.90406032197546 295.74793343962614 718.733497444167 281.35958978404847 -89.20364379463066 255.00146437097655 738.3358390282989 252.0724113839633 -71.08256404269711 268.35628831402676 758.1180843653173 242.272714594183 -33.85578387305452 297.37340829049293 779.7451210857987 231.92730938410847 -32.190554365101015 285.524573113964 691.4643562332631 276.12359951945126 -60.145842480976164 256.55502181136654 783.6679757297516 240.0549398694752 -85.83455283435806 267.5030063315512 696.864378032022 272.06214228115834 -12.732513339256327 315.56020543929685 700.903926965428 291.4220277514625 -108.54049041720363 250.57407911436079 705.002626394387 269.20664547625273 -63.04781916169633 274.85801811065267 734.00993915097 259.25296720322456 -58.620290808100336 284.98596143865086 688.8093397492627 271.4771118670433 -22.601958854812672 290.60655861794777 721.4332783297738 254.56219572613645 6.936889210823003 310.31976458000383 738.8499352852172 244.8543318080045 -81.20754120082948 247.45793404329197 767.8487029510017 258.31275813447695 -99.82696128497601 237.09113876152392 769.5727534868902 248.89051715590915 -54.10765293594332 274.7938246493359 748.2591611629338 262.5714007795439 -12.241969709229362 307.96273458082146 778.7151745017345 247.9562924692178 -48.606921783985285 267.7813869484021 726.7296566079266 281.2661870456146 -3.498752802278636 304.45065917643194 712.5504944291785 279.851630490955 -16.898395854846285 290.68327617610146 668.6277863440563 280.6637143384038 -72.98001096876907 248.78709553579944 687.9259885508321 281.71902460586267 -104.98211428267145 228.3029120765138 723.8659087042887 269.98782607964614 -32.29579401061425 275.1992072459403 684.1018042747983 276.90403677438326 -22.89437431221298 303.8211766703301 730.9778257295603 263.9903035127257 -54.25037148484695 280.057490404645 742.8351166134231 273.81547295689415 -51.071423997750465 288.8016935625204 743.938631549995 247.13057459298406 -82.36566806212149 251.96816784443126 772.2543910264851 230.3939965589402 -24.857691410798754 308.3259216482304 727.7180501439069 257.17281306656236 -37.854019818332155 291.5738258811292 701.4593970293301 265.9302617750642 -90.13108543590025 249.86743048139473 755.3115508218347 254.39993295616395
240.00782581068606 3.5580336201531075 0.889508405038188 0.0 0.8895084050383393 3.9780025204461342 3.5580336201531004 3.6675371088475637 7.17144603069678 1.989001260223018 0.8895084050383545 0.8895084050383285 0.8895084050383244 7.171446030696662 3.5580336201531813 0.8895084050382779 3.55803362015322 7.171446030696656 0.8895084050382688 0.8895084050382475 3.978002520446219 0.8895084050382864 7.171446030696763 3.558033620153122 0.0 0.8895084050383549 3.558033620153355 3.5580336201531724 3.5580336201531 3.6675371088475885 1.77901681007649 7.171446030696629 0.8895084050382333 3.9780025204460565 3.5580336201531217 3.6675371088475446 7.171446030696585 3.5580336201531333 0.0 1.7790168100765202 0.8895084050383764 0.0 7.171446030696518 3.558033620153154 3.558033620153229 3.558033620153213 3.5580336201529974 0.889508405038334 0.889508405038195 7.116067240306328 7.171446030696783 0.8895084050382746 3.5580336201532345 3.5580336201531546 3.558033620153164 1.779016810076574 0.0 3.5580336201531937 3.667537108847743 0.88950840503824 0.8895084050383965 0.0 7.1714460306967 0.8895084050383296 3.5580336201529854 3.558033620153108 5.4106683965522775 3.978002520445984 0.8895084050383331 1.7790168100766666 7.171446030696839 3.5580336201531595 0.8895084050383394 3.5580336201531906 3.558033620153012 1.7790168100765276 0.8895084050382895 3.55803362015318 0.8895084050382245 3.5580336201531155 7.171446030696508 1.9890012602230382 0.8895084050383008 0.8895084050383324 0.8895084050383666 0.8895084050382105 3.558033620153338 3.5580336201531675 7.11606724030623 3.5580336201532097 7.171446030696822 1.989001260223038 3.558033620153078 3.6675371088475686 3.558033620152986 1.77901681007658 0.0 3.978002520446091 3.5580336201530915 7.1714460306966545 3.5580336201531786 3.5580336201531444 0.0 3.5580336201531964 0.8895084050383663 2.4906235341071703 3.6675371088475743 3.5580336201531257 3.5580336201531537 1.779016810076584 0.8895084050382706 3.5580336201531195 0.8895084050383639 1.7790168100766401 3.5580336201530645 3.558033620153201 3.558033620153143 3.558033620153172 0.889508405038231 1.7790168100765462 7.171446030696718 3.6675371088475623 0.8895084050383458 3.5580336201531644 3.558033620153145 3.558033620153209 3.55803362015322 3.5580336201531044 3.5580336201530978 3.5580336201532123 0.8895084050382454 0.889508405038337 0.8895084050383443 0.8895084050383444 3.5580336201532248 3.6675371088475517 3.5580336201530676 3.55803362015314 0.889508405038277 3.558033620153147 3.558033620153028 -65.28846513303301 277.1902840432671 744.4177110565192 269.55738186623046 -27.55192615451809 283.9914083611542 689.2294043885486 286.95164843188536 -64.2507151274772 257.21784555920476 762.6428975379231 238.11511130545293 -19.961489278649637 288.6522196882954 724.4342309456493 277.46562204779184 -72.05604879536324 268.01281022986603 681.738705645094 289.2528918592658 -40.89846033997313 288.18632985422846 769.6467249868025 239.9044952065055 -76.9760181432947 246.33103309175567 726.8410827812087 252.66256523922465 -56.121699914457835 268.41896198906693 737.2123411697539 258.147242843013 -67.23158861747598 264.7454220466634 752.3548174181398 267.553401467832 -5.819000272841849 307.45575573780127 687.706396287103 293.5987092568619 -95.25867829180008 261.391081602797 680.2436359244492 294.0844486639956 -58.829854068193306 263.4586752166984 701.2833798470248 280.3937900752011 -12.593601559750683 303.93415100535276 773.6549922781244 255.10260399619236 -78.70026554771091 265.9656653515693 709.6427162378648 265.24216681391005 -61.17235303430309 283.7505891647898 707.2834483442106 260.882174328888 -34.184088818356464 274.1009110167143 714.7217154133926 267.7337715856104 -48.719537001053126 271.3650114842636 750.1193354595704 251.17378766965706 -42.28433061648419 297.7703340020004 675.1650047508778 284.5779084767031 -92.11924307833638 252.60690613644442 704.2624361177857 292.92131205058473 -44.95832859294662 266.79058143470354 745.0816490021242 243.83011738415902 7.116825512494882 312.91487299142824 696.6152847742919 266.1268849829656 -85.17753703178694 243.95695296777777 714.4936263874837 287.3441252435101 -6.3472221140746425 302.74560492383546 734.637632512284 263.78043538010974 -51.907355291436645 265.1002442495281 699.4757146270474 287.10002984798876 -108.8384059191387 244.72131629880298 725.530204329105 272.3571644783912 -92.31157058293518 236.84654961002633 733.7394408371086 270.22005387637455 -72.71825748225231 276.2216835669997 693.0056406453497 280.9456081823211 1.7688938605706188 318.07430409233 682.8140702383621 298.57143436082123 -58.15938787737859 272.68727052872316 674.2959138252074 299.39141552043014 -8.634334775461364 312.61998134649303 754.5185535503721 239.01700076444948 -32.9345660329871 278.7454170390669 723.5949200506144 257.7813555130487 -87.1983504814637 266.30009473358575 703.3156658704755 266.9035560420101 -40.78495558330479 279.5383437595945 706.92976783538 270.3982913706047 -32.282463265822486 303.8886569222156 755.8369235298724 259.46110150031706 -26.066628563715934 295.5941519504746 669.8458836528592 280.1830609968966 -34.733714891605224 299.1800703212249 783.3559058141424 250.58447528072512 -110.77290513922283 248.6629737406215 705.3758746789642 287.8931707995133 -69.58038134623332 258.90059080788626 709.3545107336137 274.90326604201357 -26.012271760556246 305.77630413396986 758.4845918312215 247.08924051913783 -33.025756100940534 288.16138988086675 699.3306059493098 276.75541963835184 -14.499148886255544 299.23157898915986 715.2883504439517 282.1634316682071 -82.3882774910125 259.01398851096525 732.8718536350647 254.39105330533934 -66.29489367363865 271.8881810283966 752.7661090980421 244.8258528747258 -27.52734101579299 300.266528072084 775.499966602651 234.50533496607696 -25.096942919479638 290.0324996627834 684.2022394712834 280.40742007834126 -54.933967129550574 260.33896821020244 776.535049341868 243.46644213012496 -80.10333953639716 271.38005917361187 690.4860025553451 275.91081832207004 -4.788234429036622 317.6468665906967 695.0150936934945 292.84688088609863 -105.04558192581733 254.2814653936683 698.746857255822 272.16032055255306 -57.2688525952196 278.6698037627954 728.2265442347185 260.8964514841812 -53.80373263123929 288.47801680542375 684.1362472120255 273.1595272719304 -15.846251378591766 293.7462533605069 715.1774492538449 257.5168850764428 15.464316903682102 314.92411745163355 734.0230201007498 248.51334072521885 -74.51489096294242 251.66449947257124 761.497552030135 261.06695871106746 -95.23582134627253 240.91845797040185 767.2164477015533 250.8378521491928 -49.03582784498201 277.8666652514446 744.6886338766017 264.26803883759004 -1.5196291262445676 313.1224316048465 775.5072282178796 248.12030250641502 -40.15030127224086 272.90134905650245 722.3648062353878 283.5967099674399 0.8890342985448685 306.73750258949013 707.5021930715667 283.049356106379 -9.870115257741078 296.27597501119334 662.6515876782323 284.368687117034 -68.0750410904696 252.12886459008416 684.1289853610411 284.08909569782867 -99.70985071488315 232.8910135102838 719.291062793626 271.87242162705314 -26.740721874492817 279.39012873802943 676.7678812821349 279.8930330700585 -18.765058523005433 306.5472324747132 726.6156722903315 266.3253784639477 -50.14954646231756 282.8285585798468 735.2661144859629 276.30678904219627 -45.73564480284541 291.4343901609772 740.7922190018936 249.72082712082704 -76.90367510176691 256.2812269618072 769.0071090229054 232.76782080638023 -14.742507363930956 312.5763359068664 718.4174402591507 262.93650544121715 -34.963193292365844 294.4467482212276 691.840703434853 271.0197888907047 -83.44830213225366 254.09223164666076 749.1715841821527 257.59682150229656
250.00782581068606 3.5580336201531946 0.8895084050383755 3.558033620153178 3.5580336201531617 7.1714460306966465 3.5580336201531946 0.0 7.171446030696467 0.889508405038238 3.97800252044618 0.8895084050382431 0.8895084050383352 0.0 3.6675371088475974 0.8895084050382294 3.5580336201532408 7.171446030696671 3.6675371088477053 0.8895084050383669 3.5580336201530205 3.5580336201531666 7.171446030696643 3.558033620153195 3.558033620153112 3.558033620153155 0.0 0.8895084050382623 7.171446030696636 0.8895084050383739 7.171446030696557 3.978002520446059 3.9780025204459895 3.978002520446055 3.5580336201531053 0.8895084050383503 7.171446030696806 1.7790168100765476 3.6675371088476716 1.779016810076654 0.8895084050383582 3.55803362015318 0.8895084050382994 0.8895084050382558 1.7790168100764947 3.558033620153162 0.8895084050384011 3.55803362015318 0.8895084050383399 3.558033620153178 0.8895084050382518 3.5580336201531773 0.8895084050383396 3.5580336201531138 0.889508405038262 7.171446030696667 3.97800252044614 0.8895084050382519 3.978002520446146 0.0 3.6675371088475113 0.8895084050382996 3.558033620153145 0.8895084050383164 3.5580336201530867 0.8895084050382668 7.171446030696635 1.7790168100766564 3.558033620153018 3.5580336201531604 3.6675371088474877 0.889508405038338 7.11606724030631 3.5580336201531724 7.171446030696647 3.558033620153164 3.558033620153307 3.558033620153116 3.558033620153234 3.558033620153192 0.8895084050383597 7.171446030696673 0.8895084050384129 0.8895084050383133 0.8895084050383473 7.171446030696624 0.8895084050382949 3.558033620153208 0.8895084050382022 7.171446030696589 1.9890012602230556 7.171446030696642 3.5580336201531884 3.5580336201531217 1.779016810076567 3.6675371088475903 3.5580336201531404 3.6675371088475677 7.171446030696603 3.558033620153212 0.8895084050381971 3.55803362015318 0.0 3.6675371088475366 3.6675371088475526 3.6675371088475486 3.6675371088476894 3.9780025204460694 3.558033620152987 0.8895084050382852 3.55803362015316 0.8895084050383669 3.5580336201532683 0.8895084050383155 3.558033620153084 0.8895084050382556 3.6675371088475055 3.9780025204460685 3.558033620152969 1.7790168100766368 0.6226558835268828 7.171446030696623 3.558033620153175 0.8895084050383195 0.8895084050383313 3.6675371088475655 3.558033620153128 3.5580336201531417 1.779016810076494 3.5580336201531173 0.8895084050382766 3.558033620153118 0.8895084050383156 0.8895084050382859 0.0 3.558033620153198 1.9890012602228657 0.8895084050382605 7.171446030696531 0.8895084050382539 3.5580336201532967 -57.89524583789728 283.10979344485867 738.8459890373197 271.64705922505993 -19.84803344003223 289.41098543567864 682.3705449957564 290.9237626852531 -56.48983038435604 262.5265540438543 757.2868960534876 240.66014782718952 -13.748128059422196 291.7381038441638 718.9736987707055 279.787638538417 -65.04754419103733 271.7063694070093 674.9094146064098 293.2641578490779 -36.775119375315036 290.92246831961216 766.077583328162 241.60502740990447 -71.35345461475391 250.39158115004528 719.6944160917694 256.04436270706765 -49.60821615095986 272.9292736286876 732.6400611128579 260.03805687301 -60.73354053027019 269.27627759737254 746.1022013248789 270.51416457630893 0.33898867870953486 311.60804627083286 680.4178920113997 296.70223000241555 -92.73909025623847 262.9551809960669 671.7824220297011 299.2450241159032 -53.296122004268724 267.6748057313543 694.7363076775175 282.74419999719487 -6.264818600041424 308.7762917496589 769.7664607694343 256.132026091699 -73.39030273884987 268.6489174564022 705.2888635531867 267.5904193161816 -54.777012158569285 288.4611818823584 700.468168648475 264.9620233166793 -27.217084157959565 278.8196335396123 709.2373769428519 271.1563954241014 -40.6259260979275 277.08239257529357 743.7622898555734 253.9144418200368 -40.2381130724034 300.13263507848546 668.349220373836 288.61646171883535 -87.76698436168958 255.9045763098088 694.7180063705808 295.8940518463744 -36.4831415990517 271.87477577366184 739.6170119068406 246.14678096714113 11.296718451550698 315.573587505496 689.9189178911154 270.43284409958807 -79.7298937836187 247.35765750179291 708.7111937453659 289.0096010261181 0.6660064511376473 307.39615272449885 729.2768089399526 266.3162233677403 -43.23501184522981 271.77121087042184 694.0340898859629 289.46056342836044 -101.5908964627042 249.89892289885168 718.5358293421797 273.75363700726564 -86.0092324350916 241.67920671947695 725.8042728200791 274.2462742951637 -66.80985698179221 279.8214207473309 685.8882173140618 285.520143978993 13.06917705936574 324.19237420805865 676.3218547651442 302.147120239734 -53.928087587878196 275.24037138776475 665.3436740513739 303.60651014169275 0.03572093291101175 317.3712665539716 748.0350138335433 242.643568223281 -25.916634924907076 284.3498784780921 717.6581297264138 261.4105535121819 -82.15830311456276 269.4247300235502 696.52349562257 269.8787493826852 -35.2192796033609 283.7150705162444 698.0151652188381 274.66931028515046 -26.70315328765303 308.04344946052737 749.6919142071271 262.64911452235884 -22.234313699949816 297.8509462023611 663.1197148382124 286.5051054444735 -30.685084379038834 303.01199387304985 779.2550897358138 251.17010310253454 -102.82220927818112 254.58019242930726 699.0368209367114 290.67829396655674 -62.5423067541448 263.49457080308053 703.5758746490707 276.5716334273387 -17.715620113851777 309.21429435229504 754.1264215922615 249.43277222176783 -27.923127362153537 291.18277331661096 689.9972066119301 280.15907361462985 -10.553350836514445 303.25456846208556 709.9350623829926 284.7118572341461 -77.79806896934524 260.9835591674576 727.2997919210596 256.47956377914124 -59.32934279618541 277.5567454256405 749.1948302007456 246.5214738714964 -21.437941615132544 303.5611767900178 770.7202065835373 235.963639167801 -17.13269757757806 295.01139235516393 676.5723181780481 282.8297667333728 -47.83583729091675 265.7863884654043 770.9690627509198 245.5718655218374 -73.362293987487 275.51189190444404 682.6130152464522 281.1623890680838 2.6669125771323334 322.5149740552443 688.0392333160099 295.46876688132676 -98.3067889085632 260.2664067006383 690.4129367751756 275.3633497897607 -50.49131483486292 282.74355690951467 723.9710412491992 263.4556819211271 -47.52254898144961 293.38316141715967 677.4903465733446 275.35343021888946 -9.646878441362352 298.80928469781156 709.245388008601 261.15130918011516 19.28157922633459 317.21410153634537 728.9799634575708 251.71991719288468 -66.81114803476432 256.1170221366699 756.6088917426564 262.29239595233037 -92.85863128590272 242.70706792019362 761.0737916288198 254.03007585300784 -44.67062074950718 280.1962681812987 741.326792123992 266.40617021466113 7.226402671809264 318.72993585514564 769.3675187780872 251.3188356936044 -33.86342146343296 277.79532387558675 717.0058422293224 286.1395911674618 6.944853887599838 309.08891285739094 701.9403219519337 285.1679217970017 -3.8644995485144196 302.64893771180897 656.0187110814388 290.82850210012845 -59.77434499432183 257.49723889614654 677.1651728213135 287.84012733363625 -93.86817484451005 236.59468223082604 710.9346563104049 275.0151632625811 -18.613025293873488 285.06544012248463 670.7058919982176 283.2382528188001 -10.53445906733783 311.07490909077546 720.1501534196861 268.8385882525874 -44.84382499042158 287.4389570264622 729.6932649028627 278.394759442263 -39.2386148999891 295.0101586311841 737.4303558020251 251.85917842323806 -73.02123472037938 257.51644190037115 763.5472145174658 235.09468919453616 -6.502273886803416 317.08880147763466 713.8219140724791 265.9334098201401 -29.858738684863727 297.4655774416886 682.6218056512055 275.8023308483388 -81.18411246848905 256.0738388045838 744.0242743276224 260.5822549396991
260.0078258106861 1.9890012602230291 0.889508405038203 3.978002520446016 3.5580336201533003 3.558033620153139 3.5580336201533154 7.171446030696618 0.8895084050382193 3.978002520446064 3.558033620153249 3.5580336201532115 3.558033620153021 7.171446030696632 3.97800252044617 0.8895084050383237 0.8895084050382884 0.8895084050381965 3.5580336201533758 7.17144603069663 10.674100860459536 3.5580336201531306 3.5580336201531257 0.8895084050383251 3.5580336201531395 3.5580336201532 0.8895084050383764 0.8895084050382934 7.171446030696631 3.9780025204461174 3.6675371088475566 7.1714460306966545 3.558033620153236 3.558033620153173 0.8895084050382874 0.889508405038213 0.8895084050381783 0.0 3.6675371088476134 3.6675371088475486 0.8895084050381871 0.8895084050382912 3.6675371088475512 7.171446030696657 3.6675371088475024 3.558033620153165 3.5580336201531106 3.5580336201531115 3.978002520446214 0.8895084050383097 3.558033620153201 3.6675371088475974 3.5580336201532683 3.5580336201531217 0.8895084050383502 3.5580336201531133 3.978002520446107 0.8895084050382835 3.55803362015308 1.9890012602230323 3.6675371088474917 3.558033620153209 0.8895084050382338 0.8895084050383527 3.978002520446059 0.8895084050383264 7.171446030696677 3.6675371088475663 3.558033620153167 0.889508405038251 3.5580336201533527 0.8895084050382457 0.8895084050382785 0.8895084050382296 3.558033620153082 0.889508405038256 0.8895084050383302 0.8895084050383048 3.5580336201531626 7.17144603069668 3.5580336201530804 7.171446030696674 0.8895084050382918 0.889508405038324 0.8895084050384315 0.8895084050382368 3.5580336201530267 0.8895084050383063 3.5580336201532194 7.171446030696597 3.5580336201533 7.171446030696609 0.8895084050383458 3.558033620153131 0.8895084050381705 3.5580336201531564 0.88950840503836 0.0 3.55803362015306 3.558033620153148 1.9890012602229161 3.55803362015318 3.6675371088474265 3.9780025204460774 3.5580336201530125 1.7790168100765078 0.8895084050383363 0.889508405038313 0.8895084050382756 3.5580336201531426 3.558033620152968 3.558033620153152 3.558033620153241 3.5580336201531724 0.8895084050382627 3.5580336201531346 7.171446030696677 1.7790168100766286 3.558033620152999 3.5580336201531977 3.9780025204458584 3.5580336201531892 0.8895084050384203 1.7790168100765908 3.558033620153097 3.6675371088475712 1.7790168100765316 3.9780025204460645 0.8895084050382439 0.8895084050382686 3.5580336201531124 3.558033620153194 3.5580336201532865 3.978002520446068 3.9780025204458735 0.0 0.8895084050382708 7.1714460306966705 0.8895084050383171 0.889508405038286 0.889508405038329 -52.37923799055592 286.40282230076883 733.4887834695147 274.19267740739787 -13.760812227759422 294.67124594698845 675.5785935572029 295.0052695964377 -51.40697190888546 265.5791809051267 753.926676023191 242.80097150898175 -6.656696122449103 295.2642615327982 715.7372358574568 282.1726733590504 -61.913060531818125 274.16415146534206 667.6771730048117 296.50161595673785 -29.9568193460808 294.9244402837583 759.7216433527899 244.34879763777883 -66.54260148839539 253.88942256643892 716.1298498924048 257.75606007744767 -43.49185882776399 277.14651387229054 728.0706181209665 261.93992900597794 -57.343681973825916 271.31141396519496 739.7480208091486 273.26096512734273 12.053151774586414 319.0154188541877 671.7508823013658 300.3818973537437 -84.77048999025187 266.97483216647134 665.3251772755175 301.8336282605764 -48.63337773877554 270.46985449097605 689.4395619644881 285.4120458196107 2.7603756275997156 313.905923078561 764.1971583610941 258.22783645501244 -69.54441869772751 271.8395080711212 698.4185214609045 270.40838406241437 -48.95505894986946 292.2086063365948 694.0434649852388 267.5760267301944 -19.120581267243125 283.5694544816199 700.9151499534679 274.3881282271357 -33.399363936180215 281.361118180642 741.975926410914 254.76199034216341 -37.07723647135807 302.56261677786716 664.4366607454425 291.796164047825 -80.89653678810258 259.82637993869935 687.6733985215275 299.48151585362336 -31.881529407337883 275.7431010633372 734.6835752967086 249.58122761659504 18.101373240098724 319.61034234792345 684.4015255046502 272.6474709006548 -73.62904413080601 252.53781836675043 701.621970674975 292.50750850065026 10.761735298624108 313.63748506268223 725.7126001326167 268.0229188229087 -38.388242600997515 275.2240757926127 687.5217498390207 291.92050467948826 -96.68353546597375 253.2425965529078 712.7485586549086 276.54545162159036 -79.66200783870141 246.45362804281658 720.6713164966984 277.259874335789 -61.25946429609614 284.0169879437507 680.8298806274394 288.66234038126186 22.34049943689765 327.8338025330446 669.9730009905987 304.9312047875372 -48.96230593927574 278.48931865801313 658.8968264292139 306.2211124554539 7.4879166792063785 321.26323893463325 743.3353635751286 245.41916108109672 -19.46652351218675 288.98582535235096 713.8613807960538 263.774097328311 -77.55201538713293 271.3578656056122 693.3109531635753 273.403845586923 -29.633373065023832 287.86160742520127 691.1643471951814 278.6462428188257 -19.864819983061036 312.0106699087896 744.9093965613158 264.0973777308995 -17.839551898739316 300.119328319475 654.74944670416 291.81437399546184 -24.461099556236377 306.0724015347867 774.3676028767136 252.3988972981394 -98.3359781247356 257.662041577461 693.0757606295973 294.2286628840747 -59.40989694822643 265.9569930428134 698.8091264176593 279.1944168635997 -11.344431444738776 312.0129564470939 749.555557676398 251.32717781756693 -22.301181583630708 293.31955946428866 683.7118229034288 283.0610272516533 -3.4446380547748685 308.74022810309697 705.9460133716861 286.6723552851517 -71.30195280644766 265.5164183814621 722.1608153671758 259.4830390731644 -56.23273974615102 279.12192881034395 743.261448687208 250.15604331816363 -16.609373910508232 306.0664520441616 765.1517611277959 238.0625463953292 -10.26260894685521 300.4054544285477 666.5780773089256 287.1730953379394 -41.29826427036678 270.2618096468187 767.7604644623851 245.72756652120722 -67.77332288344618 277.7287366315549 675.357982277489 284.3299586445576 10.80148481287117 326.185412994749 680.6682841053099 298.4249512829419 -92.74086750324471 262.53385432930367 684.8947097889043 277.5890841904794 -43.98994372528571 286.3136111252566 718.9642467359839 265.5838789676012 -43.0456147019382 297.46500953015834 670.9206155623702 279.85311416207503 -4.747472441060101 304.1748349938471 703.3423043953685 264.8399660898471 25.24135932595758 320.73640360205144 724.5168955880522 253.84388870125815 -62.711734888175165 258.88739710412193 752.8251619556626 263.540090272286 -86.8454404826367 246.1349696548444 754.928739012272 257.21802291690983 -38.58784592117472 283.5043587101641 735.9723229231247 268.9531031162037 17.180613151013997 324.22353104496705 764.9034839181743 253.43820309490098 -26.496481923275248 281.84435999961283 711.690638999345 287.63185574623816 16.561189754028426 314.16441145059815 695.0849480414138 289.1360202874751 2.331286142816678 306.7436357154641 647.5859435179016 293.9906267528926 -55.3731869820785 260.723680862258 671.9054783392187 290.57525717044683 -89.35744968442427 240.57043605720472 705.1605850735505 277.831215098104 -12.401958888723858 290.1154735999681 660.509165061665 287.1844314177627 -3.912100868607074 313.4199462663123 716.5887190708928 270.55220941593916 -38.7644018390385 290.7474122442406 723.3470916460274 281.1605651485241 -34.24990714131665 298.2246851833132 731.5010897398074 255.49912385833645 -69.18276858952878 260.71480251290166 758.0843056295835 237.41458599852558 -1.22063842950794 319.79427118021056 707.8051699407604 269.38525883169683 -24.239744165264053 299.60253067883656 678.2072059917034 276.94692535035017 -76.44985558011189 257.80495159574565 739.2425340042516 262.03090581438266
270.0078258106861 3.5580336201531497 0.8895084050381952 7.171446030696684 3.558033620153132 3.558033620153172 3.9780025204460605 3.6675371088475464 3.558033620153049 0.8895084050383681 0.8895084050383776 0.889508405038339 3.558033620153028 0.8895084050382972 3.558033620152984 3.9780025204460614 0.8895084050383246 7.17144603069665 0.8895084050382153 3.5580336201531444 0.8895084050382065 3.558033620153228 0.8895084050383444 3.558033620153126 3.558033620153185 3.5580336201531426 3.6675371088475273 3.5580336201531533 0.8895084050383162 3.5580336201531773 3.978002520446207 7.171446030696658 3.5580336201533247 0.889508405038232 1.9890012602228409 1.7790168100766408 3.558033620152973 0.8895084050383687 7.171446030696747 0.0 3.978002520446262 0.889508405038286 0.8895084050382229 3.558033620153124 3.558033620153068 3.558033620153144 0.889508405038381 3.558033620153116 3.5580336201530165 0.889508405038262 3.5580336201531293 3.6675371088475672 0.8895084050384372 0.8895084050382784 3.558033620153288 3.978002520446064 3.6675371088477475 0.8895084050382418 3.6675371088474717 3.5580336201531355 3.6675371088476636 0.8895084050382606 3.5580336201532035 0.8895084050382449 0.8895084050383139 3.558033620153148 0.8895084050383919 7.171446030696688 0.8895084050384646 3.5580336201532026 0.8895084050381152 3.558033620153155 0.8895084050383235 3.558033620153223 0.889508405038275 1.9890012602229536 3.5580336201530387 0.8895084050382528 3.5580336201531018 3.558033620153138 0.8895084050382994 3.558033620153202 0.8895084050382772 3.5580336201531866 0.0 3.558033620153203 0.0 3.978002520446072 0.889508405038196 10.674100860459463 0.889508405038365 3.558033620153138 3.5580336201529925 3.5580336201531635 0.8895084050382775 1.7790168100766366 3.667537108847778 0.8895084050383225 3.5580336201531644 0.8895084050383749 7.1714460306964805 0.8895084050383014 7.171446030696676 7.171446030696655 0.8895084050381351 1.7790168100765684 0.0 0.8895084050383351 0.8895084050382547 3.5580336201531577 0.8895084050381913 3.5580336201532 3.5580336201532026 0.8895084050382119 3.5580336201532314 0.8895084050382084 3.667537108847667 3.558033620153176 3.558033620153114 3.5580336201531297 0.0 3.6675371088475446 0.8895084050384109 0.8895084050382565 0.889508405038251 3.6675371088475033 3.558033620153136 7.171446030696629 3.5580336201531395 0.889508405038239 3.5580336201530796 0.8895084050382324 3.5580336201533393 3.9780025204460623 3.558033620153198 3.978002520446079 0.8895084050383785 3.5580336201532043 3.5580336201532745 3.558033620153136 0.8895084050384239 -45.56538776295264 290.41207339849655 726.1590212507351 277.203426275597 -8.109327310534464 298.73055278742135 671.3362678619842 297.56002571014193 -43.75259332101852 270.11176697582545 747.7873459042283 245.9996844920945 -0.7405496227028385 300.86422621729537 709.9851575388752 285.03326192305315 -56.81523317113012 277.1952845454628 663.9649333053346 297.96126464057704 -23.594587710487037 297.73731285332843 752.9229469540485 247.3118404323164 -61.24515697646708 258.51134443051524 709.574201001727 262.35285038531777 -36.66801457314857 281.145864691211 725.7240723592535 263.90252354071697 -51.26442012283088 274.6232505375784 734.1926207969967 275.3908504789974 20.708324923849414 323.7873623007219 665.9747579624319 303.21508421175935 -76.898199166751 271.1444252301349 658.171354766351 305.23960765138764 -40.920509468937695 275.87729850697764 683.4189277887868 288.83183825780696 10.495912822043952 319.32075439242 756.9503777956306 261.4016064321094 -65.1757062264936 274.1602421552542 694.1112904328255 271.74984115771 -41.82743917863906 296.661415528233 686.9988432322572 271.1744778669168 -9.820639555914598 289.1961720107399 693.8642729159541 277.9714231665115 -27.544466301146926 285.05926529813075 733.6149241947793 259.04320047112947 -30.83859668376618 305.59310415029137 657.4941762794382 295.58460348563113 -75.82052201948296 262.8925194732181 679.6976354563642 303.42055607889984 -25.656813864291603 278.8022072333735 730.4446627059647 252.16923883724778 26.809403184364232 323.2572539195734 681.5666665437576 275.76893784853604 -67.83130370594778 256.32029508138334 693.2633939355094 295.6952615883595 15.088393372727461 316.0251277197051 721.383366922456 270.41182444681 -31.387271733895357 279.8986189963267 680.5232635741163 295.5992393186133 -93.05420686341492 254.8837552068976 708.2192835507931 278.53245880387027 -74.4591059329312 249.31070070170583 716.9075957271573 278.55827184580676 -58.83248104071794 285.7392763861085 675.589308050112 291.4400580113675 30.999245134310293 334.03092105359855 660.9346907330167 309.0308895637245 -43.126683743850144 282.21275636637415 648.9663184761511 310.7710125964793 13.427477012238803 324.81973568562415 740.6625049284892 246.69866190586194 -14.509881207356932 293.2573534423031 707.7680389133582 267.06104004677564 -71.27710935027476 276.27046335151573 686.9475054084518 278.32618637548137 -24.49626298081473 290.8275848490011 683.5890222419877 283.3753082040483 -11.62992928502978 315.5271935924476 741.1289088343747 265.3550860517664 -11.706271884538717 303.32938200939645 648.8376729137484 295.4235988040953 -17.34357859922303 309.5566831456211 769.2231549853917 255.39048231435308 -94.83351411269642 259.51120111599596 686.380569728695 297.42937184158296 -53.761660451170876 269.02903111771093 689.7856189039379 283.2541207560847 -5.928260487391533 314.47720997934294 746.7745035703961 252.38338719927933 -18.137738903161917 295.98969441411555 676.0501105184311 286.5269684285902 3.9585530576309873 313.7225454586627 699.6632130052849 289.57702888826344 -67.18744564455582 268.2627195522544 718.1542454949455 262.54154597548984 -50.15069478571578 282.42813532731583 736.2361584219736 253.79159618297936 -11.206132335338454 308.55753654196377 761.8992882685121 240.4295921264297 -3.0629270785591993 304.74281453106863 661.3577474391207 289.99704794702416 -33.505179083801984 274.5547805733374 761.406425689131 248.475387842477 -61.70162915747102 281.05605080175593 669.1337927349005 287.3611469497767 18.088365714495406 329.3468596201298 673.5765279929581 301.9333051404303 -88.13366819924813 264.46796161098405 676.5685201516651 281.9353948452898 -38.62251997242014 288.88431944559295 714.0907142650017 267.99030313367194 -36.94221068936326 300.72946377144103 661.9813164100382 284.0869865935507 4.358529510132389 308.13282520964174 699.0323545778497 267.2737346868218 34.766334354346135 325.97548131851715 720.5016526153142 256.8942289439023 -55.20241428224258 263.6607378773596 749.0441614338796 264.79472493066066 -79.92423180074609 250.92068809655495 750.3609894284671 259.1227413810275 -32.48639737584292 286.77769942754105 732.521724011604 270.899302867506 24.858602978841386 328.7246418622426 759.7597061206893 256.4308109650485 -17.94073477713537 286.7947288003355 705.2916884809272 290.30406866069393 21.636134631190043 317.2403805391921 688.8297520444384 292.09560440868023 9.605397203193792 309.9347631868384 640.8035058831016 298.0604049550755 -47.17476672009457 265.3082680147314 667.6746695447938 293.1326425558687 -82.61199726245728 244.69266078270203 699.6463677991359 280.06232354641776 -5.900723208550401 294.67832348251204 654.4453365893344 290.4989223513878 4.360249458486201 318.87747688800175 712.268096173595 272.9622049894526 -32.91290716555876 294.4428570066311 717.1361675919652 284.20820174581996 -29.361374587489234 301.61829330531646 725.0442714101331 259.17296927819905 -61.89393623311302 263.9315722660031 752.261298474572 241.27962428611843 5.337529153692698 324.2729768216427 704.4911947159773 271.5944485828894 -18.6051805552968 303.68404287956145 669.4672468607216 281.5668175202244 -68.27707438993879 262.4336570336409 735.4666661443703 263.29821120779565
280.0078258106861 3.558033620153139 3.5580336201530707 7.171446030696676 3.558033620153311 0.8895084050382441 1.7790168100765418 3.9780025204460623 10.674100860459621 3.55803362015312 3.5580336201531813 7.171446030696607 3.558033620153072 3.5580336201531546 0.8895084050381684 0.8895084050383408 0.8895084050382454 3.558033620153156 0.8895084050383042 0.8895084050383626 10.674100860459328 3.558033620153118 7.1714460306968135 3.5580336201531453 7.17144603069655 0.8895084050383611 0.8895084050381867 7.1714460306966625 3.9780025204460934 0.889508405038338 0.889508405038261 3.6675371088476156 0.8895084050382115 0.8895084050382058 0.889508405038429 0.0 3.5580336201532297 3.5580336201531675 3.6675371088477404 7.171446030696618 0.889508405038261 3.5580336201531706 3.9780025204460054 0.8895084050382369 7.171446030696729 3.5580336201531613 3.55803362015296 3.5580336201531564 3.558033620153205 0.8895084050383559 3.5580336201532714 0.8895084050382942 0.0 3.5580336201531435 0.8895084050383045 0.6226558835267634 7.171446030696723 3.5580336201531657 3.6675371088474713 1.9890012602229568 1.779016810076545 0.8895084050382143 3.5580336201531786 0.8895084050381961 0.8895084050381744 0.8895084050382761 0.8895084050383152 1.779016810076574 1.9890012602230203 3.558033620153148 7.171446030696723 3.5580336201531657 3.6675371088477333 1.779016810076534 3.978002520446244 0.8895084050381978 3.558033620153092 3.558033620153195 7.171446030696733 3.558033620153127 7.171446030696756 3.558033620153206 0.889508405038305 1.9890012602230411 3.55803362015302 0.889508405038227 0.8895084050383272 0.889508405038226 3.558033620153196 3.5580336201531124 0.8895084050383986 0.8895084050383532 0.8895084050382287 3.558033620153151 7.1714460306966945 3.6675371088475925 7.1714460306965595 3.558033620153169 3.5580336201530693 3.5580336201531564 0.8895084050383769 0.8895084050382683 3.55803362015326 3.5580336201532092 3.5580336201532146 3.667537108847603 3.558033620153172 0.0 0.8895084050382221 3.558033620153188 0.8895084050382669 0.8895084050382868 0.889508405038246 3.5580336201531715 0.8895084050381898 1.7790168100765662 3.55803362015316 3.6675371088476094 7.171446030696824 7.171446030696667 1.7790168100766537 1.7790168100765178 0.8895084050382056 0.8895084050382841 3.5580336201533145 7.17144603069669 7.171446030696786 3.5580336201531866 3.5580336201532363 0.8895084050383121 3.6675371088476063 3.5580336201532 0.8895084050381604 0.8895084050382213 1.7790168100766228 0.0 3.5580336201533243 3.5580336201531204 3.558033620153143 3.5580336201531875 3.558033620153254 -40.92544119985546 294.2350982259453 721.8550541226197 279.6357743098177 1.2108117990015521 305.3499347740495 665.11628025803 301.61867161743396 -39.374337305904405 274.3814349129704 742.09791222848 250.11513378869066 6.791518023685535 305.6178736268297 704.719947874266 287.76274447586206 -52.672950807708354 279.901486503982 658.2044780471483 301.8244998398061 -18.740452553717695 300.1948936977367 749.3617191596139 249.02752975118807 -54.18679963116466 262.1100914653631 705.0516652347831 264.3605869107824 -28.59908157139962 286.93754293301146 720.193142449944 266.10005343205006 -45.65953021882782 278.74431657346156 730.3141764233932 276.47392877549316 25.653432087897855 327.09628773151627 655.9487727130635 307.58049395088074 -74.00441018912568 274.0107568371445 649.7847214140234 308.52124598900093 -33.596748624381135 280.97813545610813 678.7679894994075 291.6465340338211 16.78946200422172 322.2370991124507 750.3960066622022 263.737441570472 -60.063532204394804 277.166051023588 689.7494890423133 275.1465287537361 -36.81124659771825 299.83380246206474 683.3251850122465 274.8009944992669 -5.120942780902331 294.9503579270168 689.3708733192428 280.04442061671523 -20.068648264790557 289.90162736448605 728.2924273492681 261.65222694205767 -23.346726674013027 310.40644665613763 650.6699250165573 299.5679453017871 -71.22969199240909 266.77218267796917 671.7043912180623 305.2927068419825 -18.301137527423634 281.8634594678038 728.8893345502242 253.4819470356765 33.959430186593984 326.6674715087558 675.7523368833685 277.49363776488417 -62.00836638858843 260.06580817743446 685.5178338910325 299.01717414690313 20.276484749622934 318.897059292409 716.088092968446 273.07528456463416 -24.102313288021918 284.0833951172018 674.0938409595407 298.2742946208979 -84.71545859690605 260.19620148160783 703.1717528336743 281.6776566337464 -68.77304339371763 253.27843065965226 710.7382516099146 281.6832582416894 -54.0864621571093 289.36768283995514 668.6512336527644 295.25199246313576 38.081806450223276 338.38198826174255 652.2025027849962 313.6255455472403 -35.30161846533681 286.4505339336138 644.1456155053796 314.21313287665765 20.773892710739545 328.89292318286397 736.2195952734747 248.8499215866775 -10.689308433841154 296.5439951324971 701.7169436001518 270.42752851266374 -65.92109130777112 278.86183807846203 681.157467112869 281.1204701726064 -18.54011609783342 295.3495767326695 675.7592907216725 287.59696079363556 -5.104243547068272 318.0281792236379 736.1377199999246 267.52207512916874 -4.804329264099103 307.1876477663165 642.3669975641251 299.95521051327586 -10.998744692448994 313.39676016121456 765.2315627478605 256.20955122568233 -87.92994835849204 263.37594069939945 678.8363732047245 300.12296876554956 -48.29188246844356 273.38038406367076 684.6699445349459 286.2651356754415 3.268605100208587 319.2911872424672 741.2265847494971 254.5280605286871 -10.872434120789215 301.2121477221195 667.655205524386 289.72567711662623 7.969442051354576 315.66030348437494 691.4523919961526 293.0582656518491 -63.86117476368146 271.3735448284504 713.6237767782584 264.53479188531196 -45.02685075770683 285.41066143233775 733.8951742400226 255.75810427388546 -5.524820812362384 312.5751315396975 757.1210133118683 241.8942111611094 3.439162122613035 310.3342029846616 654.9416518298282 294.21280069279885 -26.781059627856486 278.72101848009186 757.8425901673158 250.18656067478054 -57.689796358930124 283.9805914957272 660.3366603693139 290.8664359277659 28.074196474335274 333.7633939709423 662.5867242536029 307.56709597188717 -82.70145234725574 268.86243290949034 673.0989530926972 283.82655581785673 -34.58241875283473 291.772710664346 709.8928866293494 269.5534511685678 -30.572063585587866 305.512054114381 655.9320047078052 289.4691221639998 11.3949760305977 311.74723973825525 694.0998857191585 269.56265530237096 41.41963481739888 330.2740552292033 715.0885747489817 259.32819002527486 -48.013315859587195 267.0324900784745 743.7123565520333 267.38772792028254 -75.21440154132748 254.60079346221042 748.9321492778708 258.44147107481257 -26.24230893925688 291.77605328481326 726.9867130867966 273.0852186815559 33.925749142165614 333.77554720662107 756.4096792803709 258.58763873860863 -12.897087874881292 289.9269229190677 698.1280810063719 291.53161201157997 27.589126496879942 322.8054643563917 682.6208380784859 295.1571890869296 18.611079248775066 314.07274680645713 635.8534721241733 302.21261748248486 -41.57627620692365 269.4442181592432 661.0955005857949 296.54565441783456 -78.76008483647641 247.874916696283 695.9136512633668 281.45570231041006 -1.499995171015642 299.96661188512525 647.1874441802042 294.75721085046854 10.652373678077687 321.7960192416417 708.9688207662571 275.2000468608782 -30.45968360481896 296.1245982258841 713.2766262549063 285.33917420052666 -25.311308572989805 302.49465341152967 721.2798878681941 260.48709086515936 -54.58395387718448 267.10103698228073 747.0221124438585 244.06574459116473 11.869675802483625 326.75671679361125 696.6957069162095 275.8896437548023 -13.194160700468922 306.1582633234409 663.7781632041496 285.566257341896 -63.679188855303686 266.3077591228346 729.5852285309196 267.01422135870956
290.0078258106861 0.8895084050382778 3.5580336201531124 3.5580336201531915 1.989001260223151 3.558033620153167 3.558033620153073 0.889508405038298 0.8895084050383174 3.558033620153196 3.9780025204459486 3.5580336201531453 3.55803362015315 3.558033620153132 0.8895084050383246 3.5580336201532052 3.558033620153196 3.5580336201531195 0.8895084050382888 10.67410086045948 3.55803362015332 1.7790168100766277 3.558033620153252 3.558033620153207 3.5580336201532634 7.1714460306965995 1.989001260223076 3.5580336201532208 0.8895084050383026 0.8895084050383469 3.5580336201533105 3.6675371088475655 0.8895084050382056 0.889508405038201 3.5580336201530542 3.6675371088475517 3.5580336201530423 3.558033620153217 3.5580336201533 0.0 0.8895084050382775 0.0 3.5580336201530716 3.5580336201531337 3.6675371088474824 3.6675371088475544 0.8895084050383166 3.9780025204460614 7.1714460306966785 0.8895084050383455 3.5580336201532674 3.6675371088476285 0.889508405038274 0.889508405038204 3.5580336201530187 3.6675371088475472 1.7790168100764638 3.5580336201531813 1.779016810076416 3.9780025204460485 3.5580336201531635 0.8895084050382791 3.5580336201533 3.5580336201531115 0.8895084050382358 0.8895084050383208 3.5580336201531173 3.6675371088475717 0.8895084050383405 3.978002520446064 3.5580336201533003 0.8895084050382601 0.8895084050382112 0.8895084050382637 1.7790168100765842 3.5580336201531213 3.558033620153112 3.978002520446064 0.8895084050382054 3.9780025204461045 3.5580336201530036 3.55803362015321 0.8895084050382255 0.8895084050382468 0.8895084050383585 3.558033620153182 3.558033620153264 3.558033620153184 7.116067240306371 3.558033620153169 3.9780025204459806 0.8895084050382805 3.5580336201532052 0.8895084050382135 3.558033620153353 7.171446030696648 1.779016810076525 0.0 3.5580336201531555 3.5580336201531857 0.8895084050383141 1.7790168100766153 1.7790168100765744 0.8895084050383316 0.889508405038333 1.7790168100765664 3.5580336201531044 7.171446030696598 3.978002520446163 7.171446030696672 0.8895084050382718 0.8895084050382064 3.5580336201532297 3.5580336201531457 0.8895084050382094 1.7790168100766053 0.0 0.0 3.558033620153324 3.6675371088475712 7.171446030696496 0.0 3.5580336201532963 3.558033620153153 3.5580336201530867 3.5580336201531266 0.0 0.8895084050383739 0.8895084050383839 3.558033620153142 1.7790168100766592 0.8895084050383735 0.8895084050382718 0.8895084050383232 3.667537108847416 7.171446030696607 3.9780025204461102 0.8895084050383066 0.0 0.8895084050383251 0.8895084050382667 -37.49016687799693 296.192360906853 716.4815754009151 282.1543761453381 9.248549308784828 311.2338587403679 659.6424455433627 304.9631051619695 -31.772579707813684 279.0071234713932 735.6818007266874 252.74679413447205 15.070344482415216 311.06748954424614 700.2448874242547 289.8804877578451 -48.01803264068884 281.7257256403986 652.4582523541598 305.7035612277021 -15.221030159201804 303.01511339041696 742.0511146404162 252.07807606965528 -46.74146346277242 267.0048216119802 701.3231698900903 265.76091590791015 -22.21005361410548 289.69608801726434 715.1552074244642 269.26230141137756 -39.04402053980306 283.1005113134843 727.7697448278086 275.83024487816743 35.733385524620275 333.3616638628097 649.2518543339614 311.79761839879353 -69.49178921237029 276.0811419583163 642.0907086243454 311.19143490897886 -27.70336480527447 284.60926633335873 671.7910476052092 295.37371427985926 26.699601770204193 327.80076312035715 743.6416495231952 266.8027974031151 -53.705162930319275 279.99361643519904 686.6431782219944 277.69672352591664 -33.37066554510888 301.78080657700735 677.3957392650677 278.3764154873041 2.4073801357855467 299.7134940524564 682.8299730200796 282.5145771134384 -14.950188680414675 293.9093666625865 723.7785848757067 263.66818010566175 -15.720896897749022 312.9676570878764 643.8404749677499 305.41023372479316 -68.06940462830597 269.19710587987686 665.2261134659756 305.9805631323682 -15.840214591484184 283.53261234983063 722.0442817895349 256.38123548113657 40.34546494398263 331.42401479165386 670.2129429285186 281.77072577228995 -56.886682895264364 263.0547774264341 679.0793499340198 302.6877694113991 26.81024668653854 323.4075499244975 713.802605569065 275.1085895131792 -16.664397160002512 287.99371304756426 666.5388906222571 300.99148984427933 -76.93779162132945 264.51619325633317 696.9529613204812 284.7169006346143 -62.63200726019741 257.4598886560235 705.0350297425484 283.56488161765213 -49.680683400278454 291.61824526278224 660.7607448551129 299.3840979731937 44.11279351266987 341.77085680946624 645.1654722663463 317.3083556673714 -29.16274005497234 289.6526234279213 637.7496389179747 317.12447718992763 28.40078568412419 333.4761209936539 729.5881531657661 253.26459162648874 -4.406325074211681 299.48275043539445 694.5103824841863 273.7124036192082 -59.81813560165981 282.12894952264946 675.9738650566512 284.01615616948493 -11.209645184133274 299.4556188176134 670.6224737339434 290.55772517638667 3.1505158033424996 321.48710609075863 731.396943770102 270.1911220249692 -0.6056679254802297 309.80539351996543 636.5898287222896 305.56341894800056 -5.9370081243254615 316.4957386562925 758.010579800259 259.44443692306646 -82.28012651350215 266.4405210551299 672.0977382052081 302.3122038251573 -41.43848782479436 277.3259669527463 680.2388626656069 288.46864687849927 8.692652749829486 321.7444891291475 735.4726254040262 257.39394942810935 -3.966078118092332 305.06210885855603 663.0858622334687 292.6863329824955 17.10807802698382 321.59830392435975 684.4186401984764 296.6692775465139 -58.4880324882629 273.9338541518559 709.5794351596022 267.4666154477492 -39.38835851741881 287.4942502819246 727.054225713618 258.65575647330337 1.746368136234013 315.76877453033023 754.2200765961836 244.95870801634416 11.115603779419702 316.8669024265295 647.6389156192226 299.32332477856835 -24.199256389586274 280.18345548699716 750.7379423143345 253.6551917683363 -53.04138176931018 285.8122602344642 654.2903003984202 294.23450095334624 37.648464651543165 338.9185184158394 656.060854086176 310.1598938141099 -77.71987349772229 272.09143195085437 667.2269094316218 287.4736604003192 -31.38503643191104 294.15297514018977 703.8793417037639 272.9848602599123 -25.041425673461237 307.77230074050436 647.6212564305063 294.8039014020902 19.355279069798783 316.7489526204543 688.6466746675745 271.9428248109868 48.24966109300479 337.0395377397049 707.8351271334951 262.5170843158791 -40.98394599346039 271.6597932023449 737.5255171999322 271.58590671869786 -69.1315182636204 257.9072601879529 743.3922476345698 260.62366238649264 -18.85664469028799 296.78816210645357 718.9657623818291 276.9272902618692 42.93844952055294 336.9265332964035 751.0827833290311 261.1976080688463 -9.188123790875075 293.4191004093656 692.4050753122602 295.4953072967005 33.988710733696685 327.549450197369 677.0981433932462 297.4406087414953 27.28859272015017 317.79487832659737 629.2447942938086 308.2920234147619 -35.69959485954619 273.10510594551545 654.0845039687104 300.23784416959313 -72.20994699454332 252.33096994157358 687.0143768592656 285.77576293892 4.448851937694581 305.5379916177239 641.4603238958402 300.4795028924764 16.092110169226082 326.2432423626797 703.9570266555097 278.39820687922986 -23.571646670997353 300.0054670173959 708.32688260646 286.5366336922398 -20.380098815332644 305.8268057653386 716.9907196891529 262.9609399121833 -51.53876689186273 269.7309446331084 741.5858397123715 247.57066600132038 21.23760618094913 332.2812839974008 693.6834564067982 278.63318958954756 -8.013717717556705 309.044819217878 660.7177625956318 286.2109472461622 -59.039178256478856 268.1626746171011 723.0763669754637 269.48582377892603
300.0078258106861 0.8895084050383311 0.8895084050381542 3.5580336201531737 3.558033620153102 3.5580336201531213 0.8895084050383536 3.978002520446072 7.171446030696572 3.558033620153116 0.8895084050383241 0.8895084050382497 0.8895084050384138 1.98900126022303 3.5580336201532723 3.5580336201531257 3.5580336201531124 0.8895084050383627 3.5580336201531058 7.171446030696654 1.9890012602231226 3.558033620153116 3.558033620153202 3.558033620153171 3.55803362015322 3.5580336201532075 1.7790168100765766 3.5580336201531106 0.8895084050382953 3.55803362015317 3.558033620153324 7.171446030696653 0.8895084050382208 0.889508405038302 3.5580336201531972 3.5580336201531204 3.5580336201530853 3.558033620153104 3.978002520446158 0.0 3.5580336201532803 7.1714460306966465 3.5580336201531573 3.9780025204460054 0.0 0.8895084050382175 3.558033620153104 0.8895084050382407 3.9780025204459863 3.558033620153184 3.5580336201533442 1.9890012602230362 3.5580336201532385 3.5580336201531293 3.9780025204461253 7.171446030696575 7.171446030696561 0.8895084050383336 3.6675371088475677 3.5580336201531986 3.6675371088474655 7.1714460306966155 0.8895084050383999 0.8895084050383626 7.171446030696688 0.8895084050382511 0.889508405038321 3.9780025204460663 0.8895084050383809 3.9780025204460254 1.989001260223028 1.7790168100766468 3.558033620153108 3.558033620153107 1.779016810076549 3.558033620153152 3.5580336201530094 3.558033620153146 0.8895084050384183 3.558033620153204 7.1714460306967425 3.5580336201532026 0.8895084050383729 3.55803362015319 3.5580336201529525 3.5580336201531524 3.558033620153285 3.5580336201531666 7.116067240306144 0.889508405038218 3.5580336201531733 3.5580336201531244 0.889508405038254 3.5580336201532106 7.171446030696731 3.5580336201531897 7.1714460306967895 3.6675371088475583 0.8895084050381853 3.9780025204460245 0.8895084050382814 0.0 7.171446030696725 3.558033620153179 0.8895084050382154 7.171446030696643 0.8895084050381821 3.5580336201531213 0.8895084050384114 3.558033620153154 3.9780025204461085 0.889508405038202 3.558033620153304 3.5580336201531773 0.8895084050382815 1.7790168100766603 1.7790168100766626 1.779016810076518 7.171446030696519 7.1714460306966545 7.171446030696838 7.171446030696601 0.8895084050383072 0.889508405038294 0.88950840503836 0.8895084050382245 3.667537108847703 3.5580336201531617 0.889508405038382 0.8895084050382331 3.6675371088475077 3.558033620153168 7.171446030696733 3.5580336201531315 3.5580336201530596 1.7790168100765742 7.171446030696698 3.5580336201531617 0.8895084050381643 0.8895084050382027 0.889508405038162 -35.027071830946795 297.859866058505 710.5116928022219 285.6491164330249 15.899539102582818 315.5384790594557 650.1190579204572 310.2520721707144 -25.126729108770277 283.3199387716599 729.4210013889507 255.68166762209455 22.580263919506844 315.8597769342118 693.6150698698375 292.2367540275571 -42.12421102616552 285.35988448216136 644.0739760421942 310.049935413483 -10.04269125616377 305.90472086662913 737.2104610632233 255.63513058836116 -43.123834456073794 269.6399757791032 695.3848341158708 269.3030300830206 -16.535579460222035 293.7222897663576 709.9302099644593 272.06671576213944 -33.63915376497844 285.58621987174985 721.3087470600582 278.4055752908856 43.515412615342726 336.6764536179407 641.8548316681962 315.84965069901585 -64.59366265771618 277.4796967652793 633.9194371260211 316.7521858133299 -22.345803982680316 288.1863442454892 667.32792681437 297.54032198402246 34.30825496344232 332.41604828672706 741.6507878878471 267.26112746718974 -48.79976730664845 283.3620774134312 683.0453077768098 280.3439886254146 -29.179479633615486 304.4112674628643 672.294454350498 281.392548098321 9.187921377763201 303.7873567919557 677.7036764613486 285.49497940019364 -6.226068442423173 299.0651272740488 718.6431327592055 266.64409842540135 -9.459249343265599 313.91671285128535 635.9126400339379 311.3300237661656 -62.20225381627849 272.86995861834777 655.8038893284937 310.5130662049187 -11.527939648781917 285.9451678500956 714.2849389672544 260.72963961371613 49.65517943002977 337.04358117404246 664.4325967412799 285.5659334837746 -52.60908847046978 267.5097452099092 673.832954128931 303.56523674416036 30.61646709686288 326.71162253222326 709.3340798602816 277.24304062849643 -11.110148275548568 292.235168560191 658.3556110152888 304.6947290282805 -69.8533869001493 268.0618658745308 691.546233206941 287.1924387904241 -54.93325600722087 261.9123983929283 701.145156281794 285.7186661686304 -42.55515086655036 295.0811169735952 652.863849043028 303.5553362026749 54.57851561148246 348.35427141986685 636.5777434532583 322.25543725468873 -26.508868249146545 291.9921202239597 629.4789606708348 322.5409978766903 38.08715886159338 338.4383474047307 721.556636884002 256.02144318552865 2.2566111058773517 303.76837698277444 690.9480451966916 275.4444050979942 -56.38672046250539 284.0922051285376 669.774277602877 287.1362413410646 -4.235032861384493 304.19747774098124 664.1733414525917 294.2073958013565 7.337404186453678 324.12255458005285 724.5761231035356 272.0753703364225 4.82811151519017 314.2591310271541 629.6536935570049 311.18344258354745 -1.3823587617346595 318.4754424783729 751.5975815536348 262.09207572142924 -75.50932242485523 269.54252560861863 662.3373185356164 307.234510529721 -34.31398442150574 280.7912694321085 672.9401770828773 291.67602677983945 15.823860094099615 325.19395247218273 729.2127749423311 260.34529349981733 1.7115159738335022 309.0844176837011 656.3900771069012 296.907667277293 23.503685565895545 326.3504929872454 681.61525936163 297.75528573972065 -52.60973458993268 277.5890831314539 704.7170762559473 270.93334295686043 -33.96946896593343 291.97043054364855 721.7946725831437 261.39954878323323 6.676770834664553 319.10242228981514 748.6944125072032 247.17782352377773 18.005572059907305 320.74783978902883 639.1178947898384 304.3698289627603 -17.804521244647884 282.9234353086817 747.4294967744542 255.8697154308848 -48.86587805297153 288.4663590245269 648.4760482121213 298.90637346432555 45.79714922705274 341.59468914724187 647.2601565612318 316.56387534589527 -71.3650919851144 274.9228408570771 661.2037780476642 290.87424578696556 -27.437533293124176 297.2176349056893 698.1784474684537 276.96824102388 -21.780609497849895 309.02828796759354 643.0668332333083 298.6836660608184 26.73204480789134 321.77409502009 684.3522164898549 274.3901272831757 59.72251495435644 342.86203210769935 703.8398063786709 265.5082404606768 -34.10457973349973 275.5600926564775 729.9354119384957 274.11582115197695 -62.417527698464745 262.0915941861442 738.1094415909888 263.32190450204945 -14.732806247701973 298.52617055813937 713.0999945706079 280.63172607000064 52.67266939591233 342.799482288579 745.0027023220558 262.3171947514955 -0.8687564977282562 297.7783885277639 688.3552700194208 294.438992208216 39.749552692166915 331.4116524818092 668.3937851882006 302.15526349221307 33.67860153544694 322.55785732220835 623.344851127419 313.66193950675773 -26.73139302076183 277.3225331987904 647.4579376681876 304.54484259157357 -67.58614556285947 256.17730927776444 681.1589600782502 289.47280499527875 8.398437303883876 308.5985630263048 632.5706411019079 305.8520544632522 23.588979327834885 331.05598284134163 698.773082296607 281.2669434492721 -19.63909413241605 301.0729649726524 701.8320439949196 290.12037593186244 -14.961411677782396 308.2859927117842 711.4437081393357 266.2119539553347 -45.654167550788046 273.379252737285 735.5278527337179 250.91864906287955 29.459199813418202 335.8170693187772 688.5405363914449 281.56535843129336 -2.094448292305348 312.63509055373646 652.9969740189528 292.50472703644067 -52.42725623976038 272.52968021028073 717.5985022811459 271.8165953413585
310.0078258106861 3.558033620153187 0.8895084050383468 0.8895084050382039 3.5580336201530134 0.8895084050383456 0.8895084050382789 7.171446030696648 3.6675371088475797 3.558033620153136 0.8895084050381135 3.558033620153189 3.558033620153001 0.8895084050383133 0.0 0.889508405038256 0.8895084050383419 3.558033620153192 3.558033620153008 3.5580336201531453 1.9890012602231175 7.171446030696639 3.978002520445964 3.558033620153197 0.889508405038209 10.674100860459486 3.6675371088474664 0.8895084050383292 0.8895084050381397 0.8895084050383529 0.8895084050381667 7.171446030696626 3.5580336201531164 0.889508405038338 0.8895084050383801 3.5580336201531226 3.5580336201532443 0.8895084050382159 3.5580336201531697 0.0 3.978002520446166 0.8895084050382775 1.9890012602229628 3.558033620153122 3.5580336201532456 3.558033620153194 0.8895084050384292 3.558033620153145 0.8895084050383566 0.8895084050382731 3.558033620153213 3.558033620153196 3.5580336201529983 3.5580336201531733 0.8895084050381888 3.5580336201531773 1.7790168100765604 3.5580336201531417 3.6675371088475837 3.5580336201531635 3.558033620153043 7.171446030696627 0.8895084050381553 3.5580336201531746 1.9890012602229703 0.8895084050382519 7.171446030696497 7.17144603069665 3.5580336201531315 7.171446030696648 3.5580336201530294 0.8895084050383562 0.8895084050383676 0.8895084050383546 1.7790168100765489 0.8895084050382848 0.8895084050381217 3.5580336201531138 7.171446030696597 3.558033620153192 7.171446030696695 3.5580336201531417 0.889508405038286 0.8895084050382959 0.8895084050383696 0.8895084050382922 7.171446030696533 7.171446030696587 0.8895084050382929 0.8895084050383386 3.5580336201532057 3.6675371088476245 0.8895084050382177 3.558033620153201 0.8895084050383383 3.978002520446 0.8895084050382063 0.8895084050383236 3.5580336201531897 7.171446030696663 3.55803362015304 3.6675371088475703 3.9780025204460263 0.8895084050382902 3.558033620153227 3.6675371088474975 0.8895084050383621 0.8895084050382244 0.8895084050381571 0.889508405038205 3.5580336201530587 3.558033620153181 0.8895084050381197 1.9890012602230223 0.8895084050383859 0.8895084050382404 3.5580336201529494 3.9780025204460743 0.8895084050384505 3.6675371088475957 1.7790168100765347 0.8895084050382829 7.171446030696743 3.667537108847587 3.55803362015297 7.171446030696597 7.171446030696734 0.0 0.8895084050382535 3.558033620153134 7.171446030696677 7.171446030696671 3.558033620153284 3.558033620153178 0.8895084050383708 3.558033620153173 3.55803362015306 3.5580336201531644 3.978002520445904 0.8895084050383206 0.8895084050383093 -29.12889899955466 299.4643080276203 705.7284004409507 287.23161894776007 19.214783496147028 317.7069948097686 641.0997175108322 314.5528987674294 -21.177538686605946 286.3814979268084 723.9619842350395 258.047788108798 27.611658744360927 319.0102267772498 685.6479520979404 295.2972273644409 -36.95443883388292 288.2633320468618 634.1290686131405 316.51556685438993 -4.629792995919346 308.37663993620606 728.4745810207496 260.2571949154418 -39.42744725318978 273.14400188810487 692.5683546913717 270.3674200028288 -10.309475704912078 297.774479075198 703.7884425275978 275.2579257152612 -29.450058138351114 288.21881031305054 716.1159144151179 281.2678708730487 51.3527895907756 340.8907691447111 631.9250481232227 322.338307567166 -56.741392673895646 281.6655847953007 625.3570339589996 321.7426131807849 -15.930022190949053 292.91200072091976 665.359274277168 300.86928509868693 42.27101537798995 336.41156444436206 734.7714835996002 271.17332243430843 -43.87686209259271 286.7021629192044 677.9788593699902 283.41815574547763 -24.88491233753194 304.83281136801077 667.5260097409616 284.9494678455085 17.05385583616425 307.94961786274916 671.9525828164672 289.3530979564083 -0.5034531491415707 301.9954460128508 712.7022620708848 270.1850599726972 -6.013149660963867 315.8545897388183 627.7477143551606 316.02312968581833 -56.06926827386044 276.07867406984417 647.449485699157 314.9101519623118 -7.197617151112404 290.3490844630504 706.6849903500981 264.35033796295465 57.615105729222314 341.0443677996881 659.5876197995462 288.07526722197014 -45.97605708153032 271.8419093677236 666.1098003419199 306.1623626646795 39.19408124403119 331.62135052787005 702.6542246562184 280.49630934777207 -4.453585566888364 296.52947992891745 652.8634187550522 306.2550706943082 -67.40380020022825 267.7613840090244 686.2056634728093 289.8188434062627 -50.76055638090847 266.56547777999333 695.4191503513193 289.6294987760631 -36.401874287130454 298.25285729040576 645.3297410709686 307.406387539055 62.7835219738883 351.92879420428795 629.3898597473121 327.5008894522249 -22.628164491482064 294.1647031979683 622.0213300865175 327.3956158843677 45.191048911643236 341.94453846504763 715.586732869216 259.52836203497895 9.574408338158682 307.8927755719878 689.2448705823391 276.4509053255174 -50.36427092818823 287.4983534756663 661.7092560913246 291.95398452369903 2.7262368511830655 308.9573691461433 660.4281892209775 297.52397280709744 18.88166150678103 331.8143668840791 718.389144251873 275.18268776420496 13.37386532587635 320.2284410856197 621.3698633312079 316.5816391943021 4.519685230870045 322.0924113565824 747.2014940234671 264.35978824211224 -70.37325955841563 272.50615525878885 655.312547039198 312.74411667302337 -29.883756897829304 282.9944918133409 668.1951351175857 295.2754934307245 23.124275558893945 329.3513130613305 721.0368955375044 263.9164207877788 10.386824876593469 314.8295347630268 650.0682249333704 301.6795797920146 29.819303459984262 330.2391160777941 673.1463013134083 301.00835208032635 -46.710074335504316 281.2104094502734 698.3359499677241 273.71107973239606 -30.15812205251784 293.25632808215704 713.201468292773 265.25876059014945 15.954672857945425 325.7843041656311 740.778640716478 251.24205715532764 19.971484979903575 323.2887048624126 631.6379318836118 310.06690509857845 -13.73413494583098 285.76894912254613 741.7100829864912 257.72405803755044 -41.23560461364571 293.04439063990134 643.0025911722238 301.3925402916508 51.915552042341446 346.8175365760799 639.0714041635174 320.3398243879166 -64.86999172396719 279.4918853418143 653.8829294590864 295.94567380170207 -22.021979412287507 299.68351342338343 693.0541054998662 279.9455970572583 -16.503588270412475 309.7179060626021 635.8350442279634 303.87209032920407 30.900931721525392 324.43832637835675 679.6522937668898 278.0842017774624 65.83342242570917 345.5183036691881 699.6674285505844 268.162702798607 -31.6402768491187 277.22754736194264 726.10936824587 275.350654925655 -59.23374905287893 264.48526201234614 730.8931299193567 266.59474070866764 -9.05841278658286 302.55351014603065 708.7419300797499 281.9542735395051 60.93706298989115 347.262543122828 738.9870012399255 265.74073360204 6.025477370125001 301.6506507857151 679.698985757487 298.29641648338776 48.079792614748506 334.7662944901508 659.5438549302702 307.573003183399 38.33548248677472 326.36035870695247 614.9337098813979 318.8752908961986 -24.870913161405976 280.06629231526927 638.7116061999383 309.2531703513205 -62.56813821220651 259.3495763584979 674.4485476805864 293.648732625422 14.729721408788802 312.46110397934183 624.4147173585911 311.43898298906805 27.389577870870788 334.3668388148688 694.8734492372179 284.3982740465826 -14.58553842932733 304.1850904955359 693.428408707863 295.3359368454058 -8.445203784319279 310.810125986899 704.7908018374231 270.5062757575493 -37.290376840454634 278.66756256743173 731.494716300312 253.87222001321734 35.097052375412204 335.9149549063984 682.7341051971126 285.3316022876931 3.6233086597169715 315.57312208161056 646.9576519972322 295.9179660599139 -48.371612444375955 275.3948920250219 710.5628605448586 275.438399686607
320.0078258106861 7.1714460306966545 0.8895084050383024 3.558033620153133 3.5580336201532092 0.8895084050382353 0.8895084050381411 3.55803362015318 3.6675371088473727 0.8895084050383448 7.171446030696814 7.171446030696627 0.8895084050382757 3.5580336201531626 0.8895084050383588 3.5580336201531746 0.8895084050382438 3.558033620153155 0.8895084050382763 7.171446030696637 3.5580336201533296 0.8895084050382739 7.171446030696564 3.9780025204460694 0.889508405038256 3.5580336201531524 3.558033620153253 7.171446030696673 7.171446030696502 3.9780025204459935 3.558033620153129 0.0 3.55803362015312 3.9780025204460654 0.8895084050382137 3.558033620153148 0.8895084050383617 3.558033620153115 0.8895084050382166 3.6675371088475357 0.8895084050382417 0.889508405038271 1.7790168100765622 3.55803362015313 3.55803362015314 0.8895084050383449 3.558033620153176 0.8895084050383447 0.8895084050381826 3.5580336201531972 3.558033620153206 3.5580336201531924 0.8895084050383324 3.5580336201531577 0.889508405038233 2.4906235341072693 0.0 1.9890012602230331 3.9780025204459513 1.9890012602230382 3.5580336201531164 0.8895084050382074 1.9890012602231 0.8895084050383493 7.171446030696794 3.9780025204460703 0.8895084050383483 3.6675371088475592 0.8895084050381494 3.5580336201531844 3.978002520446244 3.5580336201531946 0.8895084050382429 0.8895084050383345 3.9780025204460454 3.5580336201531115 3.5580336201530547 0.8895084050383669 7.171446030696643 0.8895084050383032 0.8895084050383619 7.171446030696669 7.171446030696681 3.558033620153152 0.8895084050381865 7.171446030696599 3.978002520446095 3.558033620153127 0.8895084050383497 7.171446030696614 3.558033620153008 0.8895084050383356 3.558033620153284 3.558033620153172 3.5580336201532403 7.1714460306966314 0.8895084050382567 3.5580336201531186 0.8895084050383283 7.171446030696634 3.558033620152987 0.8895084050382889 3.558033620153383 0.8895084050383161 7.17144603069662 3.6675371088475153 0.8895084050383204 7.171446030696669 0.8895084050383301 0.8895084050382618 0.8895084050382281 10.674100860459433 0.8895084050381291 3.558033620153143 0.8895084050381336 7.171446030696667 7.171446030696769 1.779016810076624 3.5580336201530507 0.0 3.9780025204460143 3.6675371088474993 3.558033620153069 3.6675371088476014 3.5580336201532257 0.8895084050383275 3.558033620153169 3.5580336201531155 7.171446030696574 0.8895084050382889 0.0 3.558033620153207 0.8895084050383011 3.5580336201531835 0.889508405038444 3.558033620153156 0.8895084050381061 3.558033620153147 1.7790168100765171 3.558033620153184 3.5580336201529885 -21.751281402578144 302.4746122315277 702.0058383666068 290.6262070197783 27.24426391268272 322.57998223319237 633.6254360393273 319.38231934899903 -16.074200788033313 288.39627291146286 717.9233645520497 261.42492121562066 33.738072661458915 324.22420830298375 679.4326183799294 298.4051459494897 -31.041485697200315 291.86385283703777 625.988065834942 322.1192397944037 3.2314630751191253 312.5441097318955 722.1123377686326 264.0733279466953 -29.82739768554392 278.2527385322511 685.5560327335195 274.06885310460785 -4.713282109714446 300.92950442295347 697.6781248584274 279.4625163668802 -23.53748574495064 291.8195068020669 711.8410623783159 283.7447676930124 57.474754697066224 344.1228361705212 624.4737649735733 328.0722869917588 -52.31503497629686 283.8783140863206 618.5689874166068 325.82720663249665 -11.017343750725113 294.25793198563304 660.1460001105986 305.5230817262687 49.06420048205743 341.4520633645229 729.3498069878259 273.6104142179557 -37.53400259679632 290.5461378305213 671.4746303088 287.00966530210604 -19.352072638653965 307.0915711922344 663.3897647620506 287.65720303905687 23.80243303710535 312.0766130416231 666.0240456887556 292.9251510692534 5.394448747342508 305.6211436304897 706.8398554811827 273.8623551238512 2.585087082802145 320.72807683667594 620.9423587293446 319.2111219964707 -49.06147643715398 279.74742277782434 640.7722396982695 318.2760692627422 -1.047421251211616 293.5298194685179 700.574651309515 267.61979467264615 62.75232734912356 345.99050878910714 653.2733411793988 292.8514689328342 -39.08632723859473 275.7206121213852 658.0324385969529 311.8582954550582 43.11107997685742 334.7242504344688 696.1422471504818 285.0059631644461 -0.15015017447172813 298.9576285439196 649.3171677079453 308.0670915060315 -62.48915926540462 271.11489900925085 680.1031131066314 293.10730622294585 -44.97897062092552 270.3954306420724 688.686512551635 293.77706095183703 -30.00559061519426 300.99158437969476 641.943928394181 311.2131495528922 71.81897944424652 356.83537597879734 622.6301653467843 333.3669250647237 -15.681179953346911 296.93459681652604 616.3302259940011 331.32951660349795 53.08675635065485 347.0496428597022 709.4542167398174 262.7536794183481 15.590635943379002 311.30816168233133 681.8447322633824 280.4561998801647 -45.69423386148159 289.27454122540405 658.5553324186687 293.45758116467 10.090553372288035 311.9999906438971 656.4528534004672 301.35616929474673 23.845191978268662 334.08444556712874 712.9992517275199 277.71589023051774 18.2798322010447 323.59640555200383 614.0489222708401 321.6337182289907 10.41029162456064 325.7304083218674 743.0066415338623 264.9143592488832 -68.16622356890136 272.6229994901776 647.9733969916424 319.5226898489777 -22.55667141952305 287.1040567225584 662.280428003302 298.8728577008799 29.250606351897375 332.5740282458538 714.1647880408041 267.8274077981255 15.417917658420782 317.9775034247344 644.749553394783 305.28056491635317 36.31322010000753 332.82235471031197 666.422086945363 303.3792188809438 -42.09215780981273 284.08913415685936 690.5882466433212 278.08559526001727 -23.141730404578674 296.91039019643387 707.6321726541566 268.46857828981877 22.084914519464377 329.0017972932425 735.9053158873987 254.69396877879208 29.775665369370966 328.04404764061854 625.1240459964657 314.54787769361235 -9.168110047052725 289.75150368739617 735.7439636009389 261.23748999727644 -37.04670799316134 295.6778979478857 637.5488267422447 303.9200380358515 59.99299118763565 352.5979785917282 633.5105153546069 324.46405505705377 -59.34139468383769 281.76372837595244 650.3325405678838 299.52520201978643 -14.834778721429725 302.02590895152196 686.8718168533829 284.04389717204845 -12.452262428557395 310.5812563012929 630.5491424283202 308.39686722075703 39.65900264132077 330.02770749520977 674.3776118913221 280.8379731060208 72.68436571852983 351.44945965107223 693.4261048402182 272.15722388543463 -22.536967146807044 281.2017384092391 721.5608120567198 277.35863251501024 -54.81024190428287 266.7027642292895 727.1807553110249 268.0682826585368 -1.1911821126532511 306.7123251378841 702.9305485085094 285.7040589210344 66.32030280514095 351.7804223824818 736.0222540459389 266.50108457547185 12.901493128352676 305.5550955688037 672.6812362354212 301.0935009383587 52.48361814507972 339.00537469823155 650.3922096735619 313.44875595624586 46.97109777236427 330.17657029087286 607.6849597243903 322.29393275467737 -16.871592768854402 283.98691517197324 633.4252085880108 313.7778349813708 -60.047042711699895 261.91709886911144 672.7933936594166 294.72773154064265 22.21298578943437 317.29448720963603 618.3105963987457 315.64541185887975 32.84003834253615 337.775947874711 688.1548209895969 288.56342526299665 -8.19196842305294 306.9330250129913 686.0228078944145 300.2662462061225 -5.004001317631887 312.75686134876526 698.715896962434 273.8230088650744 -30.637448899179535 282.9686623376977 727.0459255832383 256.03414674182875 41.954657596851696 339.8508291477353 677.8499829053032 288.70827605835206 9.945877387429631 319.44936266397326 644.3746511434287 299.1583834269617 -43.324766112638535 278.51717219549676 704.9668647957486 279.5809403641193
330.0078258106861 0.8895084050382476 3.5580336201530525 3.558033620153125 3.558033620153053 3.5580336201531733 0.8895084050381765 3.6675371088475823 0.0 7.171446030696627 1.9890012602228961 3.5580336201531497 3.5580336201531617 3.5580336201531773 3.6675371088474145 7.1714460306966 0.8895084050382237 3.558033620153156 0.8895084050381251 0.889508405038292 3.558033620153202 0.8895084050382854 3.558033620153152 7.1714460306966625 0.8895084050382153 0.889508405038313 3.667537108847758 0.8895084050382065 3.5580336201530156 3.6675371088475393 0.8895084050382697 7.171446030696672 3.5580336201530303 3.978002520446096 1.9890012602228853 0.889508405038329 7.171446030696757 3.558033620153173 0.8895084050384299 3.6675371088475086 0.8895084050382793 3.978002520446059 0.889508405038217 0.8895084050382257 3.6675371088476836 7.171446030696657 3.5580336201531475 7.171446030696699 1.7790168100764108 0.8895084050383741 0.0 3.5580336201531355 3.558033620153191 3.5580336201531737 3.558033620153323 3.9780025204460343 3.558033620153089 0.889508405038331 7.17144603069676 0.8895084050383826 3.558033620153131 7.171446030696635 3.558033620152976 3.55803362015316 0.88950840503816 5.410668396552191 1.9890012602229543 3.5580336201532066 1.9890012602230691 3.558033620153188 0.8895084050381473 3.558033620153126 1.779016810076592 3.558033620153208 7.171446030696609 0.889508405038281 3.558033620152992 3.5580336201531706 3.558033620153071 3.558033620153131 0.8895084050382671 3.5580336201531026 3.978002520446063 0.889508405038257 3.55803362015335 3.5580336201532066 3.5580336201529867 3.5580336201532075 3.558033620152982 3.9780025204461444 0.8895084050381131 3.978002520446064 0.889508405038376 3.5580336201531586 3.558033620153118 3.6675371088476143 3.978002520446095 0.8895084050382785 0.889508405038106 0.8895084050382269 7.171446030696564 3.558033620153156 3.5580336201533505 3.5580336201531946 0.8895084050383402 3.6675371088475877 0.8895084050383549 1.779016810076505 3.6675371088475015 0.8895084050383238 3.5580336201531964 3.558033620153149 0.8895084050383713 3.5580336201532 0.8895084050382334 1.7790168100766048 7.1714460306964884 0.0 3.5580336201530636 7.17144603069663 0.0 10.674100860459497 0.889508405038411 7.1160672403062835 3.9780025204459903 3.978002520446151 3.5580336201531613 3.558033620153193 3.558033620153136 3.558033620153144 0.0 3.558033620153141 3.9780025204460663 0.8895084050382379 3.558033620153174 5.41066839655221 3.5580336201530316 3.5580336201531915 3.6675371088476014 3.558033620153148 3.978002520446088 -16.157048161277643 305.63271736423894 694.654126938702 293.7954634994564 32.571977722979554 326.2040094990889 627.2570214103645 324.07490676678066 -8.074971167695853 294.33062588641076 713.2991112873168 263.30566317229705 39.984646870840955 327.23868399715155 672.846976878705 302.77754763899844 -24.031404198721248 295.5277687192278 619.1717373723188 324.42317165403915 9.118017579879833 316.18693020023426 718.8329040065063 266.2986193110304 -23.43388817778102 280.9982323901994 679.8606886637758 278.00682199356265 1.6733938805251678 305.6936043122516 692.3838198469767 282.1854999313468 -17.38946655165858 295.0010706970048 707.1047070062403 285.47883596289466 65.55203426583961 349.90353566859835 620.2378507457395 328.89557721593235 -47.64409087117828 285.65391422688873 611.3761982986443 330.19573493712613 -1.9224714004240981 300.2596436233232 653.7360864530833 309.2810504509883 53.71377786889007 345.26306780782096 722.870940583188 276.24003455888277 -31.382378356779157 293.7221233319627 667.0851807820927 291.11743366359974 -11.730633559172114 311.6851107249428 659.4240693887206 290.61850851086723 30.050584033625494 317.0778323307329 661.378357773443 296.6411880628652 12.324013028250365 310.42689308167536 700.387144433227 277.5133764192923 6.999640170198237 322.9625135671403 613.0757618768492 324.34305652692854 -44.75400133713979 282.16943315170096 636.5618068639566 320.87429073714094 6.6316732423961975 299.0216494146102 695.9789460605847 269.57166823717444 72.3019968113999 351.19244946556324 648.503511509829 296.3830438399488 -31.951493220880263 279.1641172667499 651.086680682376 315.7049565012502 54.92720763114266 340.9411329270225 689.7338896429279 289.65766401242223 9.055846433528183 304.76062696211216 643.750507973215 312.1813001221395 -55.35892040265939 274.56737655708247 674.3242272797547 296.9124252691868 -40.79265043011754 273.03282705689696 681.9228843606136 297.8743775157516 -24.959845703443744 304.1187012747803 635.302563305871 316.3819013275603 79.11448638258281 361.39765115101096 617.0193244563864 333.9396243441993 -10.089328332956029 300.0966526166099 607.9190843948734 336.5428673581894 60.06561153001559 350.7742966239765 704.3664869169918 265.80195790711934 23.189480733336048 315.9376042274348 677.2780894117967 284.31156460529456 -38.80178183760564 293.1487518307444 654.8713286849747 295.9505921238271 15.423819098604035 315.6150286410304 648.5529209617575 306.43515013772156 32.11245369801811 338.5420243292339 706.3970363218572 281.140358377963 25.56952408205299 327.77172560147017 607.7952072865988 324.75321390075595 14.576974381438905 328.3994626281331 737.7143311420945 267.6120829786237 -62.14001245316962 276.02207543191366 640.0859781424782 323.7470783543508 -16.90479200698586 289.15401081941485 655.0531749147659 304.0655345183628 37.51711550224241 337.0329770135122 709.082206436984 270.87951084261465 20.9941058438406 321.16848005413516 639.4631178183778 309.8029466653357 43.5988859579431 337.0051354147112 660.2734410315658 306.63614555012794 -37.164240614707815 287.42536954093697 685.1600777298305 282.42352058734144 -17.977076869766886 299.8250226687945 700.6166948871393 272.1447733302521 29.250017034509906 333.3945762599445 730.8755547549816 257.8413803259661 35.65365599194808 331.7012484538655 620.4955903216445 316.54138484835624 -0.6872246874264492 294.83125827532785 732.3071631092818 263.20345045655984 -30.033957909451708 299.3389794525601 631.313420665005 308.8069478738288 67.34105704304713 355.68006014492624 626.4702197626016 329.92326259204816 -54.54980440354564 283.3251523345957 645.4344650815095 302.8671139718137 -8.6918055945044 305.2186813817913 681.6075703226437 288.63017503008234 -4.162460787557249 314.9977525850362 624.9790048422954 311.6356611183543 48.35323627510918 334.73456119591333 669.9636793694214 284.9214161889491 80.76155676633361 357.2302839692075 687.426523031481 275.62731603239035 -16.388331442780913 284.38166881573085 713.5282980188946 281.28957115686137 -50.62520859447168 269.342445883012 721.0810632248943 271.3437462993894 5.680212555969446 310.6228192295295 697.77399399176 288.64156739909777 74.09211395845062 357.1008102003109 729.8970846572508 269.7287527218129 19.155306284721608 310.5489075612465 665.1544729979115 304.9520727833338 60.80726418654634 344.3573132959031 643.4534437781634 317.30872117782525 55.29544410407523 335.5275882192446 600.1851805127465 327.0875752927022 -8.992333967893522 290.1342492424701 629.4962746836396 316.78477723073416 -56.227347318587945 265.20372489752924 666.9032749201853 298.36839433287855 27.848197014212772 321.3759427919145 612.8840049545677 319.0926633322878 40.923357675013804 341.561724405476 680.5580693364188 293.1951809216208 -2.297013766359453 310.5630429668997 680.9319015185699 303.3061775021947 3.400299322386692 316.9721589808751 693.6856806397232 276.96782526888035 -24.729173535316107 286.57578922591193 722.397825752528 257.860268094652 48.263751021717795 341.76499038217463 674.2792265665254 290.4726218577994 14.236274087613026 321.901932597986 638.3856394836198 302.6563793224196 -37.05180616800808 281.47639904138714 698.5343170744665 283.2675271161338
340.0078258106861 3.5580336201532035 0.0 0.8895084050383589 3.5580336201531577 7.171446030696607 0.8895084050381993 3.5580336201531386 3.558033620153344 0.8895084050382872 3.5580336201533456 3.5580336201531835 3.5580336201530574 0.8895084050383718 1.989001260223206 3.558033620153208 7.171446030696686 3.558033620153192 0.8895084050381605 0.8895084050382619 3.5580336201531058 3.558033620153122 5.4106683965522455 3.978002520446107 10.674100860459484 7.171446030696617 3.5580336201530574 0.8895084050382439 3.558033620153022 3.5580336201531386 0.8895084050383166 3.978002520446075 3.5580336201532474 0.8895084050382018 3.5580336201532 3.5580336201531138 0.889508405038254 0.8895084050383275 0.889508405038343 7.171446030696583 3.55803362015328 0.0 0.8895084050383902 3.558033620153207 3.5580336201532097 0.8895084050382341 0.8895084050382279 3.978002520446123 0.8895084050381648 3.558033620153161 7.171446030696547 0.8895084050383357 0.8895084050383941 0.8895084050382396 3.558033620153072 0.6226558835268614 3.9780025204460525 3.5580336201531604 3.6675371088474935 3.5580336201531306 3.5580336201531195 7.171446030696621 0.8895084050381558 0.8895084050383427 3.9780025204461325 0.8895084050383376 0.0 3.6675371088475726 3.558033620153199 0.8895084050382981 3.5580336201531284 3.6675371088475424 3.558033620153188 3.5580336201531972 3.6675371088475295 0.889508405038238 7.171446030696704 7.171446030696666 3.97800252044616 3.5580336201531666 0.8895084050382988 0.8895084050383184 3.5580336201532785 3.5580336201531564 0.8895084050382319 0.0 3.5580336201530316 3.5580336201531733 0.8895084050383437 0.889508405038348 3.5580336201532505 3.6675371088475983 0.889508405038294 0.8895084050382875 3.55803362015324 7.171446030696671 3.558033620153174 3.6675371088475877 0.8895084050381494 7.1714460306966465 3.5580336201532976 0.889508405038208 0.8895084050383739 0.8895084050382098 3.558033620153121 3.6675371088475384 3.5580336201530858 3.6675371088474975 0.8895084050382972 3.558033620153156 0.8895084050382805 3.5580336201531813 3.558033620153196 3.558033620153184 0.8895084050382772 1.7790168100766286 3.558033620153356 7.171446030696631 0.8895084050383283 0.0 3.5580336201531018 3.6675371088475037 0.8895084050382709 3.5580336201531977 3.5580336201532283 3.558033620153192 0.8895084050382768 0.0 0.8895084050384301 0.8895084050382649 7.171446030696559 0.8895084050382106 0.8895084050384071 3.558033620153183 3.55803362015302 3.5580336201531666 0.889508405038292 3.558033620153196 0.0 0.8895084050382068 3.5580336201531457 -10.01937352264637 308.8359138056939 689.8307236571778 297.25266887737024 37.95699130299287 330.71975682343526 620.049385434388 327.55242353064597 -1.6897805550962373 299.0980935753677 708.2686497627577 266.43302160178035 46.595094817021064 331.60474848860855 667.2460384676637 305.0825764429037 -19.365825900494425 297.3176288501812 612.9330403837379 328.433764880047 18.369550574414347 320.9141660541187 711.3869317580463 271.1735097027791 -19.49650763993581 284.07479100041724 674.9121778488308 282.1765589807758 7.436917165323194 309.55231591431004 684.8096182223973 286.8565876044818 -9.531215720579238 299.17633526401687 702.9364078384738 288.13253493856456 72.34851813277766 352.9536971128999 613.0455540937195 333.2647908255653 -45.54565878098178 287.97026878865586 605.9508486449652 333.64504525676307 2.740395528346021 304.0539303309737 643.2615815168471 314.97872839474024 61.05720213557881 350.3371363924284 718.2842449211494 278.2113354999935 -28.18338533346312 296.09523891802183 661.2212008932681 294.7939576231629 -4.860671180506928 315.59880819182587 655.478777136493 293.60363693257847 38.38068065318431 320.4335363585045 653.7516806763153 301.2469611621415 20.90142189786252 315.33642491179324 695.3908210784355 280.708832655609 13.125536680640547 326.18663567237314 606.2900967458223 328.43150654484253 -40.569427372184386 284.80940792537064 629.1010729015248 325.7238376286878 9.698951830515492 303.61665852243607 690.2892280118635 273.51594572546713 78.79309082350404 353.78219158189813 641.982788673465 300.8548603476192 -26.544632116568906 281.6488422905209 646.8753869931334 318.30202524662866 61.90611717461113 344.66575231913424 685.7500650502319 292.59156285511256 13.345698209236305 309.2045430608671 638.5860982871487 315.1379856755146 -51.173781940532535 277.2069347054683 667.9015475594178 299.7572596760992 -35.86792155341392 276.3730416554164 677.5425156099459 301.99230156514284 -20.416269723385728 306.1244462656946 630.2956923523343 320.4368147215343 87.13296042382684 366.09035753891584 611.0767165045197 339.2480150713091 -4.994418054950584 304.1321667505392 601.6659944932704 339.6637532217612 66.92130694635458 354.71334012425535 700.5775692927247 269.0635298562839 31.703245907394233 319.96580351062005 672.6184349055884 287.1228956381025 -34.86235188719579 296.2221928809553 648.613788849299 299.9334475315024 25.10297579889592 320.5909782514436 644.0733959838136 309.5140128926732 40.683323647843636 343.4637826514116 702.3990292892911 282.22244890475235 31.447200254382675 331.4292837538539 599.1027006362829 329.55940031954714 21.92751455480596 331.47535307808687 731.0067757782995 269.8661897895589 -57.16083299241224 278.25825957124965 634.1108343710459 327.26909607842754 -10.270010346928947 293.4818483480119 651.7936031116752 306.30209607702227 45.96437744669577 342.169834597694 705.2038554391281 272.13999257834104 28.892584587552612 326.2689441063619 634.2995986265054 312.7603711746607 50.21338463507714 339.379845117264 651.8381003857588 311.8098618201897 -32.24267039641933 290.76976676390393 679.521783658467 285.54477738395633 -12.203964531328124 303.6698558666264 694.7854227867152 275.86576250068725 35.86113955028055 337.759858978686 726.6308640559271 260.36969616877775 42.018175980177745 336.49563980903406 614.5518052295673 321.84845417510434 4.956723935791736 298.89926244542994 729.6274596541073 264.512265577664 -27.143863938689034 301.2562181859627 626.4322165562317 312.1741397547566 74.62520479472742 359.865335845245 619.2629049899105 333.40110924039544 -52.82713668632513 284.29535658576816 639.5933041761839 306.5832200677437 -1.7589953253933437 310.021761434985 676.2640247489492 292.1929601829011 2.705335566653935 318.9160107246641 620.099153093639 315.0050143180249 57.16939226175911 339.2291106544002 665.3214559509652 288.64521186862737 88.3510800348885 361.8760033049838 682.8886105680007 277.7179613498428 -11.715309067694651 288.16425091514606 710.7532502534877 282.4507694796194 -44.71726033418785 272.95126465286927 715.6106524320495 274.7137088468103 13.525008288243955 314.8233655360762 693.0791369897951 292.2989155115431 82.54331397973594 360.2468530675914 724.3152000343383 271.9528222510198 26.261083526559272 314.0499552726936 660.8017794160711 308.2180772418357 68.76611901422818 348.3602348958174 637.2090961666033 321.31045972401785 64.59911901446672 341.1576755727511 591.4488329661714 332.52572037512283 -2.2397036924032068 294.25390599833145 624.6165654328228 320.1539790721183 -51.060013054042265 268.11298609122815 659.4101675864679 303.1671239607744 35.134803956859855 325.556973583988 607.8648334211563 322.2604775515255 49.37049636192191 346.6988504850404 676.0355045224572 297.10013322793395 3.834666934837497 313.77684770931967 673.5543035806306 308.27055890353466 9.89686015034308 319.54825755370035 687.7587033776018 279.6380170629024 -22.270765902768126 288.2520637276465 717.8426068021253 261.79363615640995 56.099676935901186 345.98186760109564 670.0411113618948 293.0236900414375 20.850649043947687 326.2618772361354 633.2205945669436 305.612344831907 -30.16429953570501 285.3603572209501 691.3503627897637 287.6279981169487
350.0078258106861 0.8895084050382016 3.5580336201531892 7.171446030696632 3.9780025204459926 0.0 3.5580336201533185 3.55803362015319 3.55803362015304 0.8895084050382247 0.8895084050382158 3.558033620153125 0.8895084050383091 1.779016810076553 3.5580336201532563 7.171446030696668 0.8895084050382447 3.558033620153139 0.8895084050382814 3.558033620153162 3.5580336201531564 0.889508405038311 3.558033620153106 3.5580336201531466 0.8895084050381338 7.171446030696584 3.55803362015319 3.5580336201531346 7.171446030696551 0.8895084050383738 3.558033620153351 0.0 0.8895084050383287 0.8895084050382932 3.558033620153041 7.171446030696615 0.8895084050382615 0.8895084050383846 1.9890012602230955 7.171446030696655 3.9780025204459504 3.9780025204460783 3.6675371088476423 1.98900126022312 0.0 3.9780025204461062 7.171446030696451 3.55803362015318 3.9780025204459215 3.558033620153142 3.9780025204460374 1.7790168100766242 3.558033620153121 0.0 7.171446030696543 3.5580336201531435 7.171446030696503 0.889508405038281 0.0 3.9780025204460245 0.8895084050382809 3.558033620153166 0.889508405038312 3.5580336201532052 3.558033620152958 3.558033620153136 0.8895084050381843 3.978002520446024 3.5580336201532856 3.5580336201531755 0.8895084050382945 3.55803362015315 3.5580336201532177 3.5580336201531426 3.6675371088476316 0.8895084050382954 7.171446030696601 10.67410086045949 0.88950840503837 5.410668396552231 10.674100860459532 3.9780025204460685 3.5580336201532665 0.8895084050383605 0.8895084050382702 3.5580336201531284 0.8895084050383938 3.5580336201531946 3.558033620153218 0.8895084050382638 1.9890012602229268 1.779016810076596 3.558033620153026 3.558033620153185 3.9780025204458607 7.171446030696671 3.558033620153043 3.5580336201532092 0.8895084050381562 0.889508405038229 3.558033620153057 3.558033620153121 0.8895084050382952 3.9780025204460525 3.558033620153116 2.490623534107189 0.8895084050382525 1.7790168100766153 7.17144603069664 3.55803362015312 0.8895084050383207 1.7790168100765917 3.5580336201531275 0.8895084050382246 3.558033620153189 1.7790168100765213 0.889508405038364 3.558033620153112 0.8895084050383802 7.171446030696655 0.6226558835268429 7.17144603069661 3.558033620153061 3.558033620153158 3.5580336201533584 3.558033620153121 1.7790168100764785 3.978002520446015 3.9780025204461613 3.5580336201531675 3.5580336201530014 1.9890012602230303 1.9890012602228722 3.5580336201531333 3.558033620153271 0.8895084050382408 3.9780025204459584 7.1714460306966705 0.8895084050383839 3.558033620153166 3.5580336201531275 -6.34079145123574 310.36675630277944 684.0875417923119 301.11152933312627 45.30090471095273 335.7931109039997 615.2816540519295 329.345603500842 4.7467115743711075 302.77573655625207 703.0165509252276 269.23279475017296 52.59400685160455 335.05108137630685 660.5829043581124 309.3483990398837 -15.684406224096222 298.8426505381125 608.0547419118026 331.80535161480617 24.370369250783334 324.35741157057225 707.7928347020015 272.88642165269886 -14.951230053934587 288.0781938425843 669.8574372528029 285.2909971572932 14.052392097885502 313.9104775404969 680.1559438824672 289.68082102542957 -1.561110042362909 303.1558629671506 700.5967819638779 289.9624756123113 79.08144211841118 357.1064054540334 607.0882455002106 337.6826796418298 -41.60868200932607 291.04718235681395 599.3061542006102 337.9375561467694 10.154967028950647 308.01132936181546 638.2539489319419 319.033986602788 67.36133251332599 354.2442147348959 714.2568466699635 281.0808404696969 -21.797141043937458 300.8608899714615 655.6548194869937 298.9087133721701 -0.44837451715148363 317.837446142763 650.3100022702911 296.5522092835122 44.86809354687609 325.01369068916955 649.2595045044656 303.43668293587353 28.374656061793992 318.1994298554979 691.4062494788816 283.6411156291324 19.983360603339893 330.12150749357687 601.4118907114448 331.8032402085949 -36.38990948048441 287.4577794142906 621.7680621723194 329.889432024353 17.907805185564268 309.1714190847615 684.7991847600413 275.96716869709684 85.52565702496103 357.93552320120057 634.3782436575535 305.4953773203508 -21.443774602622703 285.6772995911402 642.6812817449787 321.79552633567204 66.55552367559534 348.47698197719825 681.1158261867455 297.21021679139807 21.24579433178877 314.3021459935733 632.3310680991814 318.25509389118184 -45.767319533703606 279.6928561008738 662.3317557672165 303.8667986541096 -31.446144997614688 278.59135734027626 670.8679241563498 306.2374769662093 -13.239121365045262 310.49699375900656 625.0101783092931 324.08828562436975 90.61998039885303 368.94881581321084 602.387882934529 344.0584421495052 2.4223173637694044 308.08497655845906 597.0688981890197 343.4421755698318 72.5508446611427 358.8026787179626 696.2991807765337 271.55021260175295 37.33401293056344 324.0533225523798 666.0730950609724 291.56469096318267 -29.703839764658753 299.1482384425232 642.775144040434 303.6527200401422 31.591575344484717 325.16978270185047 640.1452133828491 312.5222275884053 48.031563585301086 346.5453646853798 696.7560337214936 286.2346305804041 37.32353190176924 335.0890941082402 593.9435986557849 332.52477157301206 27.4394188116102 333.7848839982472 728.3592764479738 271.2237959090109 -52.73568211157135 280.47202528593823 627.5904659498331 330.87214259221355 -4.627099995898734 297.55162303498304 646.642256546942 310.1486316122697 55.728435127696024 347.4945900768664 699.9594888379464 274.9545101817614 34.76923474442079 329.9284667288533 625.8862802905516 317.9700557188153 58.47772123731204 343.84303579092835 645.327496000311 316.29576535206354 -29.784282331210225 292.4450711784257 673.2436685952126 290.374162451262 -6.5638496837894635 305.75018227146137 690.2538453653905 277.9698863959795 42.41177035002564 341.23782392695574 722.3100794188498 262.77677263058285 49.60806398686578 341.14079548206536 610.3609659503089 325.3455107527727 11.881383916679061 303.71328660595157 725.3059263449552 266.9149828661771 -20.758784179283147 306.0231559698215 619.9266548936383 316.6680269295921 80.87087387240719 362.88172235952607 613.5417344632177 335.55317128141536 -47.78548278242943 287.4260537825031 633.6461584687122 311.8866078081029 3.877966340940521 314.10021374470927 671.2283571551444 296.21034853859396 8.769196126231765 323.2433709055355 614.2669121295136 318.7346335939358 64.69979390869442 342.98576198414065 658.5133030867356 292.69532628254876 95.98315478335537 366.64582629452946 678.7817384648396 280.46179278731654 -8.277234378671189 292.11287862343977 706.2059254317357 284.53280194057976 -38.32918504662521 275.7089537169491 708.5386972765423 278.33806039231666 21.610465792280564 318.6048470832554 689.1073417222706 295.25000588407204 88.11314557151952 363.44714042812296 720.0064147460735 274.3815059447658 34.468013966522314 317.620006739125 654.2866721372548 312.6966461428268 73.90788402543902 351.314521522529 632.0484733837018 324.2733019525046 71.57792072038222 344.88243828249165 585.8590299278922 335.57887568591343 3.2779237329817708 298.5432946653637 619.1760224836016 322.71190738671277 -45.895861955959155 271.02829150321605 653.2892588260107 306.4754290699601 40.888101087143845 329.43092359092356 604.8936275435764 324.91476862889505 55.6108104329481 351.70897955163224 671.2816887695548 301.53196652827563 10.939488387161033 319.2697498967398 668.7987847201144 311.82197671435415 16.938905375872043 324.1559617088602 681.7334341033816 283.96194297988865 -15.396513040690177 292.158758997951 712.8411720177039 264.97209675672383 60.320602089548835 349.54690104085853 663.7867270969006 297.8822290369239 27.096874731638803 329.2773258232713 627.8074295293325 309.9489655990229 -24.510971318060246 289.41642733296544 686.5559980320791 291.12769357536564
360.0078258106861 0.8895084050382869 3.667537108847715 3.558033620153159 1.9890012602229181 0.0 0.889508405038339 7.171446030696633 0.0 0.8895084050382994 0.8895084050382327 3.5580336201531897 0.889508405038265 3.6675371088475845 3.55803362015333 7.1714460306966075 3.9780025204461804 7.171446030696615 0.8895084050384089 3.5580336201531924 3.558033620153284 3.55803362015315 3.558033620153066 5.410668396552301 0.8895084050382331 3.9780025204460734 3.9780025204460565 3.5580336201531577 3.558033620153067 0.8895084050382954 0.8895084050382444 3.6675371088476174 1.9890012602230152 3.558033620153119 0.8895084050381861 0.8895084050382588 3.5580336201531924 0.8895084050382546 0.0 0.0 3.558033620153184 0.0 3.558033620153089 0.8895084050383165 3.6675371088476894 3.558033620153193 0.8895084050382168 3.97800252044608 0.0 3.5580336201531497 3.558033620153074 3.6675371088475517 0.88950840503836 1.779016810076526 3.55803362015333 7.1714460306966545 3.5580336201532754 7.171446030696648 3.6675371088474256 3.5580336201531026 3.558033620153346 1.9890012602230276 0.889508405038246 0.8895084050382951 0.8895084050382905 0.8895084050382376 3.558033620153066 3.5580336201531817 1.989001260223117 0.8895084050382145 3.558033620153281 3.5580336201531617 3.5580336201531155 0.8895084050382915 0.0 7.171446030696661 7.171446030696483 0.889508405038314 3.5580336201532514 3.5580336201531058 7.171446030696738 3.5580336201531915 0.8895084050382724 0.8895084050383074 3.5580336201530125 3.558033620153195 0.8895084050382902 3.558033620153177 0.8895084050383114 3.5580336201531453 3.558033620153132 3.6675371088475566 7.1160672403064265 0.8895084050382415 7.1714460306967585 3.558033620153193 7.171446030696611 3.5580336201531817 7.171446030696754 3.9780025204459903 3.5580336201531635 3.6675371088475877 1.7790168100764534 0.8895084050382702 3.558033620153177 0.0 0.8895084050381752 0.889508405038278 3.5580336201530263 3.558033620153136 0.8895084050382128 3.978002520446063 0.8895084050382115 0.8895084050383237 3.5580336201530005 7.171446030696657 0.8895084050382837 0.0 0.8895084050382333 7.17144603069663 7.171446030696622 7.171446030696621 3.5580336201531595 3.558033620153194 3.5580336201533007 0.8895084050383578 0.8895084050382732 3.9780025204461382 0.8895084050381816 3.9780025204460494 3.6675371088475877 7.171446030696624 0.8895084050381712 0.8895084050383213 0.8895084050383103 3.5580336201531604 0.8895084050382531 3.558033620153133 3.6675371088476285 3.558033620153211 0.8895084050384239 1.255646523893367 315.0009530577658 678.2332735771743 304.8072266828102 52.15774868691098 339.7300488036393 609.1789473707529 332.6974509859131 13.076621417947539 308.1176567858159 700.6796088976228 271.0790139950458 59.08238637807964 339.6297210263202 653.6504280200191 313.2229706016059 -11.271478031640994 301.0803947521675 601.8177659880671 334.97049118673914 31.8976763634095 330.1041225376207 703.2586966460576 274.98973267440357 -5.509811010046895 293.46759064280053 664.1471213157922 289.19722272442345 20.17262060122516 319.1313502855809 677.4468013610658 292.7248205632295 8.484569998652095 309.4790801145662 694.9883273428892 293.13545692273846 84.97994601226257 360.73245392696015 600.4585416380158 341.1452741792283 -35.47060319670325 294.2492453795432 593.6640689955452 341.9359596467934 18.359893057790167 313.5712653184136 633.0956877027116 321.99922761957674 74.41316064002946 358.84157027864694 709.0347308289363 283.9253680256787 -16.342021281861307 302.26888530686625 651.4442706222844 301.5078493176313 6.5345464973476535 321.5546883167801 647.3354086448456 299.2026099723061 53.0695446286167 330.5786858425787 642.73752073719 307.0359536517184 38.112372655791816 322.0813909274016 688.8082662065157 285.09154362809505 28.06639020983509 333.90778890726585 595.3398308282052 335.1980134261148 -30.99026764703203 289.9586117125255 616.0644898582046 332.94369562081204 24.88535155790983 314.88384967666855 679.7478034697016 279.0822119416112 91.1798420421257 361.99423647577754 630.3123112766467 308.3044141880191 -16.84267553158926 288.58237225974096 634.1292946286603 326.80599451041667 75.93204223655442 352.9829795252497 678.1293723895328 299.8477343999943 30.1825468863167 320.571685999685 626.2196168167022 321.58251877368326 -39.871688663002544 283.3211516296104 656.4923580948229 307.5856952086534 -25.67637295001652 282.44081324947456 665.3020512787795 310.3544653761264 -7.233589305697545 313.9315072637296 620.7000472813745 328.2773376183953 99.12264080690916 373.9983180521944 596.9881081127786 346.6881286913518 11.732044827390819 313.7047073166641 588.0419919907481 347.8311842780676 80.70810673327607 363.44975046226807 691.7787247066258 273.68060405240584 45.11110099574373 327.38028507864937 662.825594851165 294.6911618634411 -24.550943979330636 302.0832324404083 638.0062097474575 305.4429042237642 37.22619346647933 327.26592916072934 633.8913233209374 315.6420754277025 54.948882432657584 351.36961328057833 692.9305718465405 289.4049335013348 44.36200279474803 339.70183707678433 588.9609574545985 335.7601151698696 37.231858870339025 340.54851598122656 721.4446411940793 275.09290782887143 -47.69877859566026 283.61060903280537 622.4201864095181 332.9538056962473 3.8885741565479774 303.5637558306323 639.2938572793669 313.42225855966524 61.361547296904654 351.5786483777183 694.6153172232234 277.63140832704295 43.09362037812982 335.2792102267549 618.435653004474 322.8362796854831 64.60250550463572 347.0699655689545 640.7286394953867 320.0723192335836 -25.120079820541843 296.2396924747532 669.1641734091646 293.1638872486299 -0.06835815459021066 308.3285806393857 685.0562982919394 280.8696391304825 49.20495743703638 346.2779090332068 717.3280696532623 265.9915397537862 56.95362841768141 346.2116439801217 605.4960581945066 328.74322124218014 21.372978435451245 310.00966038655963 719.9269667807552 269.51757000355786 -13.524988771130092 309.30028774079346 614.1038031746448 320.4127635419666 88.5500907750385 366.3682857097248 607.4528710137615 338.918546178761 -42.139701197410176 289.49259991141145 628.2072350721961 314.44705895057535 11.4716640120398 318.73875308358157 667.572458310828 299.61723059604316 16.91333096066784 327.91583296860045 608.7259737915128 322.8823475350532 70.70366293343798 346.424254806235 654.1731317684004 295.9779840751192 101.77013880219504 369.86339565283083 673.8728696415224 283.7874203094879 0.48631643357585014 297.69253613071277 699.48999107565 288.71612381007577 -33.66056202487124 279.49771599885264 703.5935864854847 281.61141873546296 30.42399105156595 325.0889007282155 686.7925277414062 297.1171044151939 94.94542169916545 368.43774855423305 714.0759390103152 277.9583844902383 45.61420146032549 322.026446030426 646.9217622565264 315.07498041172965 82.18734360245814 355.74861249026753 628.2666062265035 327.4921399480914 81.62990673199833 351.1901478463831 581.0293127813691 340.67327841394626 9.770581434728774 303.1164382173756 613.6332128270143 326.86059070512124 -40.73726534415922 273.9522825451461 646.500474279456 310.55853667762375 47.25646136637221 332.23399256206557 599.368876838098 329.08390296597696 64.49161612908594 357.08507988351283 666.3915516975954 304.8872632900294 16.817550200572846 322.92680248817277 659.5600878870675 317.5743770926708 24.530304934737206 328.7987567140537 676.4184298109474 287.5698178809509 -12.084653758803995 294.33238205070217 708.2995318065988 267.05400960069807 69.69472856315708 354.06087677764134 657.9442198863409 301.5961735152098 36.15548752418359 335.33426192130145 621.9786267463965 313.6829549506788 -20.094617644599982 291.64814977846606 684.7810181097291 292.03179859432
370.0078258106861 3.5580336201531377 3.6675371088474646 3.558033620153128 7.171446030696499 7.171446030696656 7.171446030696767 3.5580336201531293 3.6675371088476556 3.5580336201532115 7.171446030696513 3.558033620153212 3.558033620153236 1.77901681007656 3.5580336201531217 3.558033620153192 7.17144603069659 0.8895084050382721 3.55803362015328 5.4106683965522695 3.5580336201533047 0.8895084050382427 0.8895084050382189 3.558033620153116 3.978002520446251 3.5580336201531444 3.558033620153053 0.8895084050382429 0.889508405038311 3.558033620153208 0.889508405038411 3.558033620153192 3.558033620153358 7.171446030696617 3.558033620153129 3.558033620153165 7.1714460306968375 3.558033620153173 3.5580336201532803 3.55803362015313 3.6675371088475712 7.171446030696642 3.5580336201530693 3.5580336201531515 3.6675371088475215 3.558033620153148 3.558033620153212 7.1714460306966465 7.171446030696782 3.5580336201531484 3.558033620153023 3.5580336201531506 3.558033620153002 0.8895084050383155 0.8895084050382419 7.171446030696662 7.171446030696674 3.558033620153211 2.4906235341071272 7.171446030696622 0.8895084050382885 1.9890012602230307 3.558033620152991 3.5580336201531777 3.5580336201533074 3.558033620153136 0.8895084050383152 3.9780025204460734 0.8895084050382877 0.8895084050382223 3.9780025204459815 0.0 1.7790168100765689 1.7790168100764983 3.9780025204459304 0.8895084050382173 3.55803362015324 0.8895084050383174 3.9780025204458727 3.558033620153116 7.171446030696692 0.8895084050383237 7.171446030696451 3.558033620153108 3.5580336201530995 0.8895084050382609 3.558033620153223 3.6675371088475552 0.8895084050382626 3.5580336201531493 3.558033620153204 3.6675371088475224 3.5580336201533225 3.558033620153152 7.171446030696499 3.6675371088475686 0.8895084050383602 0.8895084050382525 0.8895084050383231 3.5580336201531506 0.8895084050381991 0.8895084050382479 0.8895084050383014 0.8895084050383576 0.8895084050382324 0.6226558835267867 3.5580336201530405 3.9780025204461484 0.0 0.8895084050382303 3.9780025204459615 3.558033620153175 7.171446030696519 3.5580336201531497 3.558033620153324 7.1714460306966705 3.558033620153207 0.8895084050382622 7.171446030696744 3.6675371088475863 3.6675371088475157 3.5580336201531337 3.5580336201530742 3.5580336201532035 0.8895084050382847 1.989001260222966 3.5580336201530747 7.171446030696661 0.8895084050382601 0.8895084050383715 3.5580336201532217 1.7790168100765655 0.889508405038377 0.8895084050383445 0.8895084050382516 0.8895084050382726 0.8895084050384261 3.5580336201531466 0.8895084050384142 0.8895084050382652 0.8895084050382702 6.645644977756208 317.52242103280975 673.4616849927679 306.58962967986383 57.91939745700541 343.5934615064181 600.7339610735901 338.7350674825807 22.077977095126812 313.2818094806202 694.8069637889887 274.7444396295046 65.58215248692146 344.192256041272 646.1959037728024 318.0844690978849 -4.410254802481482 305.0098429355556 592.9123117670949 340.7868261544746 39.672143142152855 335.4198360941636 697.252362909608 279.3385452734748 0.0028254730711247678 297.76326329897626 661.8454810645458 291.08286194847125 27.58163257725351 323.0990373092543 670.9293970584021 297.2012138455065 13.077002374020362 312.39801382408325 687.7572362063191 296.5675008430862 94.58249816770731 365.8335078271499 594.050804869375 345.7797639357944 -29.828664359297072 298.3208496722156 587.7753445867672 345.60119077370024 25.646166235913558 317.7528643330404 624.2879403986414 326.6509231370511 82.03812885486656 363.4300539218617 703.7003318166915 286.62111651227565 -14.136919024749355 304.3848984113129 646.2984324102171 305.3629705979131 8.983373918000837 323.2445591820603 642.4593875794235 302.5768260983595 58.70564241416615 334.659684758487 637.5821573954502 310.0102096313868 47.359511335514824 326.8168532092422 684.3081513089808 287.26506461713257 34.00384506191971 338.45435762779084 587.7005471112536 339.818557210939 -28.782607381799455 292.07227024128105 608.2365471069403 337.2864582070407 34.61987042104759 320.7562892148533 674.038215144771 282.9877138273522 100.28733902864482 365.959259035463 623.1547561247165 313.59127966580394 -12.429347540918963 290.8202141686715 629.5127596523728 328.8262251230159 83.54316673749703 355.5819262129244 673.3578856775952 301.63006609253 40.34622456090926 326.6892828769016 619.4641674202389 325.7214004542135 -34.719156185755665 286.256182156747 650.941478290011 311.72259629371064 -21.13802878128955 286.45355009567373 657.7141204804326 315.89004686407327 -2.2114379811129186 317.09419446693755 614.3354830170363 331.25527906239745 106.07782166333486 376.7458748979042 591.3188341794945 352.33503366881376 18.527094760908387 318.7426029092398 580.525934011981 352.1230765786572 90.04861210972598 366.99901558913297 687.5489229063702 276.24626019371993 51.72531234407598 331.7421585039614 656.5961448068736 299.58484836860924 -20.628952724618244 305.17962686365786 632.8527860273845 308.4162517657353 45.06500820859978 331.4780186315069 629.7975408868962 316.6829788182741 63.0431360288647 355.13246771519886 689.794087211554 290.9444034288112 50.547395206545794 343.81526012569327 582.638965161866 338.8292318396701 42.98696918986241 344.41797786913565 718.0146926126215 277.07253190188885 -42.42129193352818 286.3268000651908 614.8700806495125 337.6819167198286 9.767648206263043 307.2191834312394 635.9055839938989 315.47709635314135 70.56399031616913 355.3917902695081 690.6623867353328 280.6096590178372 49.21889046855412 338.50511210612996 613.303839753555 325.8517770955973 67.79276798893272 349.45618426194056 632.9677405584955 322.76230672943007 -20.952328936310913 298.9065125104584 664.5596527186632 296.9341424146284 4.830481529561392 311.7067626962498 680.4258045147051 283.72708782295416 54.53672238239422 349.8945004686726 712.1102564613631 268.8538647954829 61.86131138874919 349.5752811635004 599.3519083567692 333.74679839487527 29.82209827998093 315.1434514936654 714.2977185586066 273.5540750515487 -10.95185006652465 310.7737650555158 608.8361923674296 323.2321813564301 97.36375238440216 371.86947977043695 602.551297994178 343.95185893449445 -36.986660623241136 292.4268899962756 622.8152965889226 318.808601924484 17.83770817188394 323.5311261236316 664.8783356490596 302.67338469784505 26.219184407245166 333.54234525580915 602.3673772215487 325.87926389334433 74.63637376050083 349.50828923788663 650.2471602652022 298.98799561264843 111.15370409395216 374.13467444939806 668.7257825298541 288.5136109887267 5.383287757843936 303.0618102756471 697.176275582144 290.5858711989155 -28.57048527970474 281.5452501529285 698.679865601217 284.9343348468932 35.80936672301805 329.60450151591635 679.7103976327021 300.7707079126758 103.55589878041069 371.2636128019502 709.4233570493161 281.67177294578386 54.065473251593325 327.1565768157131 639.7529589576452 320.3479496507014 89.26378423339284 360.3026191530864 620.3014285581377 332.4822049478468 91.5296187075629 356.7723312288586 578.6547388995817 345.788907387429 18.220960977086065 308.248165868013 606.6618239714307 332.40880453503956 -34.598124917234955 279.15073713170915 642.5809720246588 313.5789586794982 54.91248695730447 337.75969384669634 593.9768167424046 331.7402012264971 73.69877376874591 360.88669737433514 661.5091014392235 308.25339697921106 24.40894195678907 327.56932220475795 652.353982056796 321.05506255839424 31.510706479366245 332.5206804606543 673.0414933140694 291.38174530348886 -7.243972924866396 296.8181397537384 702.4111404924176 270.69866402274926 77.06180135972173 357.0971035604273 652.6723304362338 306.13725709992144 43.747541742850316 339.9743067973693 615.8869811943609 317.04569524952666 -17.029986697999927 294.25363244579324 681.798691419697 294.673700997966
380.0078258106861 1.7790168100766126 3.5580336201532723 0.8895084050383134 0.889508405038352 3.558033620153118 3.558033620153075 3.978002520446064 3.5580336201532132 3.5580336201531924 0.889508405038224 3.6675371088475566 0.8895084050383081 7.171446030696645 3.558033620152945 0.8895084050381984 3.558033620153128 0.8895084050383719 7.171446030696639 3.97800252044608 7.171446030696749 0.8895084050382194 3.978002520445988 3.558033620153172 1.9890012602230835 0.0 0.0 3.55803362015315 0.8895084050383479 3.6675371088475734 3.558033620153147 1.779016810076564 0.8895084050383535 3.558033620153118 0.8895084050381149 3.9780025204460094 7.171446030696508 0.8895084050383235 0.8895084050383503 3.558033620153138 3.558033620153329 3.6675371088475743 3.5580336201531697 1.7790168100765837 3.667537108847751 0.8895084050382206 3.9780025204459535 3.558033620153188 3.558033620153041 3.558033620153145 0.8895084050381721 0.8895084050383576 0.8895084050383584 3.558033620153199 7.171446030696496 2.5159097005000293 7.171446030696646 7.1714460306966545 0.6226558835267384 3.5580336201531764 3.558033620153148 0.889508405038269 0.889508405038333 3.5580336201531595 3.558033620153328 3.978002520446083 0.8895084050384096 0.8895084050382974 0.8895084050381851 3.6675371088475655 3.6675371088475073 1.7790168100765138 0.8895084050382983 1.7790168100765855 3.6675371088476103 3.5580336201531986 3.558033620153281 3.5580336201531355 3.5580336201532083 0.8895084050382467 3.5580336201532807 0.8895084050383297 3.55803362015298 0.8895084050382667 3.5580336201531857 0.8895084050382882 0.8895084050383808 7.1714460306965995 0.8895084050383125 3.558033620153196 3.5580336201531853 7.171446030696595 3.558033620153228 3.5580336201531386 1.9890012602230582 3.9780025204461182 0.0 7.171446030696687 3.978002520446112 0.889508405038251 3.5580336201532017 0.8895084050382426 0.8895084050381861 3.6675371088475677 3.5580336201530316 7.171446030696634 3.558033620153141 3.9780025204460583 1.989001260223034 3.5580336201531466 0.8895084050382996 3.558033620153194 0.0 1.9890012602229732 0.0 3.6675371088475233 3.558033620153253 3.5580336201531733 3.6675371088476596 0.0 3.6675371088477395 3.5580336201531764 3.9780025204460174 0.8895084050383549 3.5580336201530476 3.9780025204460205 3.6675371088476583 7.17144603069665 3.55803362015328 0.8895084050382788 0.0 1.989001260223028 0.8895084050383504 7.171446030696588 0.8895084050384207 3.5580336201531972 3.558033620153152 0.8895084050383514 3.978002520446008 3.5580336201531733 3.5580336201532767 13.872904236314584 320.81344991308424 665.4433012036247 310.63330633231095 64.54910230318941 345.9267731858812 593.3936796774913 343.7637256769474 30.10051211236295 318.1661584525479 689.9067370025768 278.0846657684345 70.86650713474641 346.89105642197507 640.127342127881 322.3374295446564 -1.47234553896114 307.8338021111806 586.2337965803397 345.0494375195473 46.35556056161161 338.66472368464173 693.8490180241552 281.3635752272917 6.064510032532611 302.09366177085707 656.0166196673904 294.81743338431374 34.441384653276174 329.0216927701803 669.1773760223124 299.01277209156314 19.444127424673958 317.18894088842984 681.2448314426898 301.04924416447744 103.09659087599522 368.79926151282785 589.553368277321 349.6770868557023 -26.888094036211 301.14239923563446 581.9773418638903 351.0674443693727 34.036178293014366 323.9837926011482 616.4961054418546 331.8973780761791 89.50346772531948 367.29438268320985 699.0590463618125 288.5885200907877 -8.746527488869214 306.905467963522 641.4338047647868 308.7549316563019 15.23073659847423 326.2572279950711 637.0329689632003 305.16298734685034 65.21259704276342 337.2177108587841 632.7295736757942 313.4167878975167 53.30575778598001 329.35860003626175 679.4224105785314 290.62336222206864 38.90746227131782 341.8257691344621 581.3858444692953 342.9026118039272 -25.350701324192674 294.03530454606516 600.5971659131961 341.90066238960446 41.78801730770643 325.14400622799695 669.828644265047 285.5872199870399 109.71574265763545 371.3798067234673 616.0407312849442 318.9387612386715 -6.426565834012821 294.25907693168347 622.8706056531302 331.4232441232886 88.17185422578417 358.445943162343 666.9793713865829 305.43944293964915 47.51926731956766 331.0712027814813 611.3905922874734 330.57216346485893 -30.55174368543755 288.92294453056087 646.3595713691627 315.517725491123 -14.092120136640274 291.0550091652597 651.7693120808854 320.3250765314613 2.321104424490602 319.12420204434136 605.792519705494 338.00359929951304 113.71824690067653 380.27899109495746 586.387926810871 355.6379861137171 25.38718522809887 322.67460060187057 575.4106331445926 357.0129698704868 98.08261848453276 370.8481392111782 682.6562515609868 279.5966339263716 57.92229596270148 335.8412102674977 654.0179728247396 301.0727188457696 -15.912207334688658 307.8815076112544 626.7685307982474 311.7897496392326 51.44465554720141 336.2532450016816 621.5373407485857 320.40313526148907 67.09205546504191 355.99946439212044 683.9531812579485 294.65998870053477 56.68432453289651 347.0204294067299 575.1009447991823 345.2624488743421 48.937804795922496 348.94446949526923 713.2287528962349 278.81167576493505 -37.39378039004986 289.48054845821855 605.4718315718022 343.2341224248801 16.563267163644714 312.25617537024084 629.8214279983846 318.85250651100085 77.77023276610882 359.7150761245624 684.6859553702235 285.00081873429656 55.78447523046047 341.95757675164805 604.2971103800688 331.0982562180796 73.81906761001107 352.85070707416423 626.866430343509 325.2595558263539 -18.501996610096807 300.59432529290353 659.9663458532713 300.7165013601681 7.033535695872155 313.8250690095623 676.2144593829593 286.32283602769024 59.94095023937213 352.383972123936 707.334288576648 272.37776947774734 65.5477453942723 351.085673722808 593.7559537368708 337.8144037699774 38.274895114849244 320.2699364784869 707.1940169758107 277.16326252880697 -6.0531937470063175 314.15195630147616 604.2772033597615 326.1997753997469 104.4347379380133 375.4296425701174 598.0476854958429 347.8411243298182 -31.838750885374843 295.37003512696805 613.9551550546896 325.10851464117565 21.02178528001023 325.9262775050822 659.7402612780239 306.53954744837336 31.733927333429886 335.84502684428674 598.5072168865591 328.9706400447111 80.1724371194832 351.7600207295306 644.4279914877533 302.7376295362769 119.2705892122447 377.7998665960298 663.5652830582336 291.475607262779 10.03556397081869 306.86955784573394 689.5600549381487 295.20555023451266 -19.990432693801363 286.45056920748914 691.874636920018 288.99031073234477 42.24434528218086 333.2835186693418 674.015592751078 304.69925636257926 111.46874254107038 376.373083029989 706.2920883502605 284.0969099749655 61.67375229075902 331.77440722694365 633.9488535764609 324.12288143885525 94.52604112612526 364.0500844331587 612.9254120589659 337.4635390547104 99.07165846306216 361.50578189560264 573.3050103991412 351.86249607568965 23.484833829240465 312.97601276829784 601.2003960076877 336.66204381063693 -32.6366743778594 279.7018956910263 637.4412967523182 316.57651133426054 62.03387629181293 341.2359310104571 589.9809618918999 334.6477006226702 82.26020779613906 364.8219207139799 656.533941756448 313.21777555588886 28.696041361218192 330.0270615197235 644.9174902796218 325.94531360089616 38.92513384189635 336.4782881650893 670.0689999759313 294.03408374958616 -2.0996239289146503 299.767514083523 697.504955614599 274.02990632891516 86.98424068224726 362.6413250545952 647.8066818325301 309.5258002063921 49.146013400495804 344.4739824131798 609.0146224323383 321.0318583887284 -12.129642292176655 297.629484059833 676.3542434206339 297.2245734371697
390.0078258106861 0.8895084050383139 3.6675371088474296 0.889508405038319 0.8895084050382374 3.5580336201531115 3.5580336201532288 3.5580336201531932 3.558033620153296 3.9780025204460605 3.558033620152967 0.8895084050382466 0.8895084050381931 0.0 0.8895084050384268 3.558033620153179 0.889508405038102 3.5580336201531195 0.0 7.171446030696636 3.558033620153347 3.558033620153136 1.989001260223071 3.5580336201531857 3.558033620153314 0.8895084050382921 3.5580336201531764 0.8895084050382587 0.8895084050384319 3.5580336201532097 0.8895084050382448 3.6675371088475197 0.8895084050383949 0.8895084050383146 7.1714460306965995 3.5580336201531932 3.5580336201530605 3.558033620153121 0.8895084050383356 0.8895084050383835 0.8895084050383422 3.6675371088476143 3.9780025204459855 3.558033620153159 3.667537108847384 0.8895084050383333 3.5580336201531204 0.8895084050382149 3.5580336201531826 0.8895084050382822 0.889508405038437 3.558033620153109 0.8895084050384259 0.8895084050383347 7.171446030696631 0.0 3.6675371088474433 3.558033620153195 0.622655883526872 3.5580336201531986 7.171446030696669 3.5580336201531306 7.171446030696658 0.8895084050383335 3.55803362015313 0.8895084050383333 3.5580336201530645 0.0 0.889508405038242 3.5580336201531804 1.7790168100765462 7.171446030696636 3.558033620153244 0.8895084050383676 7.17144603069665 0.8895084050382555 3.558033620153072 7.17144603069662 0.8895084050381405 7.171446030696661 0.8895084050382412 3.5580336201531044 0.8895084050381267 3.55803362015318 7.171446030696744 0.8895084050383503 3.5580336201531777 3.9780025204461302 1.7790168100765822 3.558033620153161 0.8895084050383283 3.558033620153216 7.171446030696522 1.779016810076658 1.9890012602229892 3.5580336201531795 0.0 3.558033620153182 7.1714460306966314 3.5580336201531617 3.558033620153108 3.558033620153192 3.5580336201532172 0.0 1.7790168100766117 0.6226558835268107 3.5580336201533216 3.5580336201531235 3.55803362015326 3.6675371088474944 0.8895084050383439 1.7790168100765444 3.5580336201529583 5.410668396552178 10.67410086045957 0.0 0.8895084050383719 3.558033620153164 1.7790168100766515 3.6675371088475917 7.1714460306967664 0.8895084050382694 0.8895084050383104 1.7790168100765258 0.8895084050381343 7.171446030696639 0.8895084050383812 3.5580336201531635 0.889508405038316 0.8895084050382334 3.6675371088477062 1.9890012602230616 3.5580336201530898 3.558033620153197 0.8895084050383939 3.558033620153119 0.8895084050383777 3.558033620153168 0.8895084050382618 7.171446030696648 7.1714460306964805 17.304128709092886 322.777147967555 659.1033318256988 315.36299975507876 69.24538621631604 349.68490099046926 587.4794092218743 346.55975385725134 35.25090560792593 321.10488549539895 682.1613994334148 282.519234394686 77.53824278266369 351.16639637595694 636.0452079844653 323.4169953763849 4.164430557159354 309.9242711825377 578.2616272448763 350.8912190918005 53.30189476596405 343.447995787077 690.3122063930922 283.19887083328274 11.209847106919435 305.04152000496805 650.7705709343849 299.3877975298694 44.258958269189634 333.7534328079882 661.7327913119859 303.89126713734373 27.043832119446318 321.8183425535466 677.0420064638322 303.65893109127313 111.76391244647905 371.4426192400004 582.5245402933701 355.13433230301354 -21.61993282681321 303.8762400809596 575.641689969311 356.6338256476802 39.74067734187125 326.9483677448877 610.2003498936052 335.8422953678776 96.97378431214811 372.1832870263864 693.486256890702 291.82296228565144 -2.621459191110885 310.13153501292686 637.2515384260645 311.40201399009254 20.62385809624668 328.7718667908282 632.1904872007123 308.586411823229 71.57894695119522 343.0450187868865 627.8976348144156 316.8574702826852 61.169025619649105 333.5220900964869 675.6411859352093 293.8413680838836 44.06650654671856 344.74851732450935 574.2120935213509 348.1617843099323 -20.205230107827024 296.9834307518834 593.1981980297908 348.52705245337813 46.45297685840164 328.9385927838278 665.2362996047891 289.372404135517 118.13264013458611 375.552335804813 609.9956784153537 322.3834427790371 -1.161706965636793 298.98588484763997 617.2606015168589 335.47147281357235 89.78733569079694 359.6101527398143 659.948690925499 310.0464176466167 54.584584041656655 335.6454754011027 604.2991990361298 335.1052679399865 -27.12111740097813 290.8875521334478 643.4134659006382 318.1992825196483 -10.173181283649946 294.1552620493638 647.0146132924655 322.15892244502044 8.203205436053436 320.785824692651 600.4536717572839 341.586015597749 120.25966108433506 384.8292986844871 577.1831102407459 361.4702381734059 33.234827591783976 326.86927838186784 569.7638721474073 361.6800095459899 106.91977902628493 375.28322734607633 675.308234828507 282.8690681760422 63.52201637770774 338.9930082986178 647.2600813027324 305.2068493961091 -10.21587598641805 310.86210407159194 620.9924678757636 315.6048646249478 58.51476146656531 340.8154404911456 616.2907182538804 323.26350683977057 74.51371223580702 360.96289183206545 677.5589623738929 297.5786612174762 63.21723858785839 351.5379109295215 568.2877396168025 349.3424814017875 57.18945477935878 354.43665563388305 707.2379848396469 282.3058060131848 -33.22747471761 292.1498800246938 598.9373656139827 347.6941967650029 21.096588270898003 316.2740797399718 624.0485371774175 322.67500277528666 81.98990039843763 362.30157512230744 681.7140756850298 287.6544984671837 61.856769104017005 346.78674854740393 597.2454520350126 336.5281167060616 80.62404082018777 356.88411959580645 621.2469646918562 329.2954236800399 -13.357120189509883 303.54320208753734 654.4390669128212 304.8866145311266 10.709550570704888 315.3615422431513 672.2915655840443 289.33857528284625 66.36358539773849 357.1019135774733 704.906608508856 275.8314477081873 73.08415118690739 355.8374129929212 588.6759894612736 340.91347299254596 43.06032146025453 323.8485700338398 700.669396820799 281.6313372753943 -2.2546707610772745 315.47488725778834 597.7696887061148 331.5374097708776 112.82073602955843 380.7132174826784 590.2152795897406 353.8744246431369 -25.95831615833802 299.0233337452066 609.7287922718529 329.38618229053435 27.397451116642365 328.7139727164293 652.5976199056789 311.8495420657067 37.07338863411776 339.4506978409237 591.0277379471769 333.8080016618376 85.60731120275705 354.18104566072174 640.3840162746789 305.58081319935684 125.94423492324222 380.1833163564365 657.0746802910852 295.9922855840339 15.67041518799942 310.9517201243434 682.7764675883087 299.2964053352393 -18.15454689894219 289.21082973749594 687.2737285358108 292.7647396347541 49.858762762444265 337.8908254726473 667.9133335743885 308.04161171817054 119.22503977847641 380.737831878061 699.7509360705752 286.7905268641349 68.56168498721436 335.65024976555617 628.4064639131057 326.5625478959357 104.30107465383742 369.87433399247305 607.8338763793928 340.5463572230994 101.62327031749612 365.1143151198817 568.4594515216015 356.952740055332 27.529683646411584 315.85850217998967 594.302380024773 342.29999039398956 -29.69609718499595 282.52286592310674 633.9291443606817 318.45822539472755 65.98459620006611 344.2962429959802 584.7566750572015 337.5502548552431 88.2950490987705 366.1492752131111 651.6815057273898 316.62754077247894 36.055259095665974 333.0838803700523 639.365087504031 328.3649045114873 44.018726118378396 338.51712340119286 667.1061986296065 296.6974993036395 3.8398020892347837 304.31141037021916 693.5689223446423 277.02743224238554 95.03229313054986 366.46820189035986 643.9107462918238 312.5739737405148 56.221863478454665 349.0304880968098 602.7510828403224 325.86649178224053 -9.680107676041139 299.3182988099677 669.5780814837217 301.32608259052563
400.0078258106861 7.171446030696621 1.7790168100765997 0.8895084050382689 3.5580336201533154 0.8895084050382273 3.558033620153246 3.6675371088475615 0.8895084050382842 3.5580336201531932 7.171446030696478 0.8895084050383495 0.8895084050382976 7.171446030696637 3.558033620153325 3.558033620153172 3.5580336201529996 3.558033620153167 7.171446030696708 3.6675371088475655 3.5580336201531413 3.5580336201531746 3.978002520446047 0.8895084050382533 7.171446030696639 3.5580336201531626 1.779016810076524 0.8895084050382961 0.8895084050382902 0.88950840503828 3.558033620153042 3.6675371088475717 0.8895084050382167 0.8895084050383519 0.0 3.5580336201531795 3.5580336201531146 3.558033620153175 7.171446030696567 3.978002520446044 0.8895084050383049 3.978002520445996 7.171446030696558 3.5580336201531604 3.6675371088475437 0.8895084050382228 3.9780025204461085 0.8895084050383198 3.5580336201532705 0.8895084050382184 0.8895084050383105 0.889508405038212 1.7790168100767099 3.558033620153213 3.5580336201530183 0.6226558835268338 3.978002520446072 7.171446030696596 3.5580336201530525 3.5580336201531906 3.558033620153293 0.8895084050382956 3.558033620153144 3.6675371088475486 3.5580336201532616 0.8895084050383428 3.5580336201530507 3.6675371088475637 7.171446030696616 3.55803362015319 1.779016810076519 0.0 3.55803362015316 0.8895084050383247 0.8895084050381077 3.558033620153144 3.5580336201529903 3.558033620153203 0.8895084050382254 0.8895084050382487 3.5580336201529894 3.5580336201531564 0.889508405038339 3.5580336201531346 0.889508405038234 0.889508405038317 3.5580336201533074 1.7790168100766046 0.8895084050384153 0.88950840503838 7.171446030696727 3.5580336201531435 3.9780025204461325 3.5580336201532026 0.8895084050383866 0.8895084050382184 7.171446030696518 0.8895084050382981 0.8895084050382325 0.889508405038205 3.5580336201532177 7.1714460306966386 3.558033620153264 7.171446030696603 3.5580336201532514 3.5580336201532137 3.558033620153156 0.8895084050383083 0.8895084050382402 0.889508405038262 0.8895084050382915 3.558033620153196 3.9780025204461134 2.8128725577846136 3.558033620153 3.6675371088474953 3.5580336201530125 1.9890012602230103 3.5580336201530534 1.7790168100766028 3.6675371088474504 3.978002520446052 1.9890012602231006 0.8895084050382046 3.5580336201531546 3.5580336201531813 0.0 0.8895084050383676 7.171446030696722 3.558033620153159 3.5580336201532994 3.55803362015314 3.9780025204460543 0.889508405038312 3.5580336201531058 0.889508405038315 0.8895084050383137 3.558033620153192 3.5580336201529588 0.8895084050382477 3.558033620153293 22.947536052354447 324.8479588282495 651.6486782363575 318.518701396021 74.64190086841067 353.2052313238797 580.4129246776232 351.12956442665273 40.16711675539301 324.45612346864715 679.1789472772418 284.2906224980029 82.39516726879492 354.6477284011371 631.5192578266553 327.2793516803623 9.313547558120275 312.865338679549 572.6839017479225 354.98423901129735 59.10580969762048 347.2466973864966 686.1099967120607 285.8128404073993 17.58752793175997 309.8176333598108 644.3157941226398 303.95300660426454 48.06894654159368 335.0399586087158 655.2734528561049 308.4500144097732 29.751368640536402 325.057365463905 668.8050746224017 309.1269564642687 120.04953447153962 376.92001663933615 576.800363467023 359.0277490209991 -12.920814926601741 308.5737592201195 570.3164551133489 360.23561885294714 45.1457256327811 329.4329655918991 604.0301765115355 339.12177159868395 103.75639164129574 375.21711278846016 687.9232060319246 295.0781349928965 1.5467058012166413 312.79838955265484 633.6642939592418 314.8821548780809 26.76296266009769 331.9729396185539 626.7131301363453 312.8206851168626 80.00997701459946 348.23232140202293 624.0335592164647 319.9481003041633 64.11910649768825 334.3143495934783 672.6820477697034 296.5074453642597 50.969647821231305 348.6051296887581 569.1388360082577 351.2717926381785 -14.324683319581471 300.6364144160802 584.6427150073699 353.57281333787716 52.916534415672565 332.5678458142669 663.4751976490392 290.3047657901483 124.97166547518535 381.6589336786735 604.9100073962545 325.4737893010814 3.74013317998279 302.35927970274605 611.0853150892132 338.74185236928247 97.51778692545568 364.01853681530355 655.2506337121541 313.67228682382506 59.06980708106185 336.7364228314862 596.9704703479541 340.15259906575557 -22.710451962522907 293.1298193831085 639.2490239956156 320.8742805501394 -7.111060541069901 296.76320174255494 639.3410070849447 326.72650955503883 15.3179106502127 324.2717426942315 594.0723780495584 346.2543311865727 130.2359137112018 390.7042090155694 569.4274673086431 365.93655461737376 37.65794919553081 329.0847650766491 562.4652224600238 367.43716025009184 114.55835093830993 379.8661969158162 670.4414282518022 286.25802083616384 68.20538001659838 340.74128523135516 641.7619629983091 309.4158054535577 -4.823416832424945 313.37874614822823 619.6801939135642 317.1643585416813 63.70073236978471 343.69391773371666 611.8560874329464 325.5679036451326 82.33395536060692 365.2004241757827 670.4085149879884 302.8749955119408 70.45771058795084 355.8056107793737 563.2953249808172 354.23290567992194 64.11394047409938 358.2573306768639 703.1707448147096 285.1124399801218 -30.040638565630555 292.55177627520914 592.5586541987044 352.3656222808641 27.6624359104176 319.7247238432077 618.0099218127901 326.13356338319534 90.6984952774818 366.975966414743 677.7966822213677 290.67822879088413 66.49629562024843 349.6340169381001 589.2300239149257 341.4736431468287 86.91324996077961 360.837188770696 616.157248308097 332.37826527389495 -7.230109743921177 306.765678374256 648.5299101179536 309.37006479941766 13.898059047109786 317.7509185776601 667.8533645070585 293.34131599292124 73.53380403337994 360.4661699228095 699.4906457197718 280.1633806624162 79.79688397958374 360.04626826330895 581.7147521694297 344.7910801946351 50.19279723035359 327.299346477462 695.6660472364812 285.6888360543305 4.365242523030982 317.835163406292 594.1398523269149 333.27175008877066 119.70326864922973 384.6123707104261 581.8472025623421 360.01188552790586 -20.690173101341564 301.75695145700894 605.0814626078432 333.0786508931677 33.22901301219957 331.44874920019726 647.4787489220724 314.88406766245106 41.50122716361247 341.65972992763506 585.1922338738416 338.3857711425725 92.74301038479206 359.691061578348 636.2186458363173 308.24924610864883 131.81993250155745 384.9394057733597 652.6101382296456 298.23467002259065 20.333538238752993 314.74894321036413 677.1013430658822 303.2526607093392 -17.053590076778615 291.2654566549847 680.78230087635 297.27707285577964 55.153323317162226 340.57246003561886 661.9709455672257 311.62031115709766 126.6312269475643 386.2991298950494 694.2019809788204 290.93051554334704 75.75182484743083 341.02980520836513 623.3911557364437 328.0587481633373 112.3718416434652 374.69610049728567 602.8978235197966 343.8434072597272 108.26389994183226 369.4727682502155 561.8742572353295 363.0136442832518 33.17314436822723 317.92803982315996 587.1266857709974 347.55668545417444 -26.022247921899364 286.051335230627 629.1158137450082 321.9207695864546 71.29765964316678 346.9457968038681 577.7287674832506 343.008523158963 95.67638497233764 371.2138678110693 643.630096944441 322.36251349662126 42.82206750539374 337.1798715382594 631.136061159914 332.15218063980797 49.93516167184221 342.1108887411626 662.9222606706041 299.33629567359077 9.23304937703855 306.82565713945337 689.7538250584876 278.4635598966125 102.36037929721093 369.52923972756025 641.6418189595918 314.49523935899566 62.586191997636824 352.8402889701735 598.4678810983991 328.38057616748125 -3.798474580055929 302.9699528794809 663.1053573592721 305.86810352210574
410.0078258106861 3.558033620153195 3.6675371088475397 1.9890012602230747 0.8895084050382355 0.8895084050383589 0.889508405038221 3.5580336201532 0.8895084050383116 3.9780025204460614 0.8895084050384414 3.9780025204461062 3.558033620153298 1.779016810076617 3.5580336201530267 3.558033620153181 0.8895084050382439 0.8895084050383649 0.0 0.0 3.558033620153282 3.667537108847587 3.5580336201531737 3.55803362015314 3.558033620153212 0.8895084050382946 0.8895084050381938 1.7790168100766621 3.558033620153306 0.8895084050382144 3.558033620153241 7.171446030696629 0.8895084050382401 3.5580336201531946 0.889508405038452 3.558033620153189 3.558033620153082 3.558033620153205 0.8895084050381185 1.9890012602231062 3.6675371088475006 1.7790168100765271 3.558033620153359 0.8895084050383106 0.8895084050382174 3.5580336201531355 7.171446030696575 1.7790168100766683 3.5580336201531613 0.8895084050383529 3.5580336201530183 3.558033620153145 0.8895084050382203 3.5580336201531737 0.8895084050382399 7.171446030696603 3.6675371088474873 0.8895084050383402 3.55803362015316 0.8895084050382226 3.5580336201531937 1.9890012602230511 3.5580336201531115 7.171446030696664 0.8895084050384199 3.9780025204461062 0.8895084050382485 3.978002520446087 3.5580336201532425 3.5580336201531493 7.171446030696527 3.6675371088475646 3.558033620153094 0.8895084050383233 1.989001260222978 3.5580336201531115 0.8895084050384624 3.9780025204459992 0.8895084050384385 0.8895084050383156 7.1714460306966465 3.5580336201531546 3.558033620153143 7.171446030696609 0.8895084050381655 0.8895084050382189 0.8895084050382543 0.8895084050382019 0.8895084050381193 3.5580336201531946 7.171446030696489 0.0 3.978002520445916 1.7790168100765404 3.5580336201531444 0.8895084050382198 1.7790168100765809 3.5580336201532115 3.558033620153188 3.558033620153177 0.8895084050383358 3.5580336201531746 3.558033620153015 1.7790168100765202 3.558033620153188 3.5580336201531155 3.5580336201532106 0.8895084050382175 3.5580336201533163 3.55803362015318 3.558033620153264 3.6675371088475304 0.8895084050383417 1.7790168100766792 0.8895084050382773 3.6675371088475552 3.5580336201531293 3.558033620153124 3.978002520446019 3.667537108847587 3.6675371088476756 3.5580336201531764 3.558033620153208 3.5580336201531595 3.5580336201531444 2.5159097004999813 0.8895084050382002 1.77901681007656 7.17144603069676 1.989001260223032 3.6675371088474025 7.171446030696678 0.8895084050383113 0.8895084050383166 0.889508405038297 0.8895084050382989 0.8895084050383276 0.8895084050383186 0.8895084050382968 0.8895084050383397 3.5580336201531546 28.3583614991894 327.32678332099755 643.9066054334903 324.6845468029257 81.29046407122918 356.4977244374391 575.3326785094015 354.2293190988504 41.8921438288361 325.4192939294384 677.1780683513858 286.6013981310073 88.38125951524927 358.12536257111753 625.122941074907 331.92572618019216 15.883139642451804 316.305648331516 568.8252163483123 358.09208297547434 63.08771379979181 350.2692754552999 681.5368161362659 289.621260997063 20.786444793292446 312.1947752417285 641.7617914123458 305.4785129483506 56.917639682473485 340.48375200924613 650.532944614408 310.31667037744756 34.923288034743216 327.96014710520336 663.0210772121135 312.92874998260254 125.07047772632679 380.1136989746348 570.4019635920707 363.67346387453586 -7.402186167233284 310.8679932693182 561.7203061800594 365.21339348194056 52.12995718637254 334.159331839165 597.6107212601377 342.90169465986446 110.40871301685965 379.55447539625965 680.7399813283364 298.60610767323567 9.581705984611183 315.65975094422384 628.3136040515985 318.44758631026076 30.20880414274966 333.91108135783776 620.9653359873719 316.68139162293306 85.17140025632503 353.2428461588928 620.5441415640898 321.8716572569978 66.64048958339508 337.94399085920526 669.4508349386792 298.78806467729254 56.16878438629548 351.45931040520867 565.1258305621017 354.16212430382853 -7.949067757521061 303.42324394346025 580.2914279602867 357.670538975156 59.527401009539915 335.9310712829604 657.0236256400431 294.87250653311014 129.76338118863924 385.28977620207564 601.1345950904074 327.0082345042581 9.874407156927939 305.56645240993566 606.7657051434134 340.3696523051161 105.79539683641724 369.50854978740676 648.0194408079154 318.8506604999003 63.3177147559644 341.32243407641306 591.8935405273226 343.25697284314845 -16.888123370842884 295.8898833054536 631.6062818769094 325.48554186103223 -2.9415524512487243 299.4268409189457 631.5495361596543 331.13580034929146 19.743364439861985 326.48389901345354 590.5228238172953 349.7725537536991 139.40434561030887 396.6297501619837 561.7477384548404 370.4784914894908 44.05748675099113 331.8093126508725 555.6149922841984 372.08169490790016 119.34892789063508 383.49830105772634 664.925841929888 290.44187544620127 70.69165755884079 342.3739426714061 636.4044518032807 312.96724707153913 3.2758478776488245 317.13288154101684 614.3043399590409 319.8538205818642 69.65654450679536 347.2226905372051 607.3583049748731 329.4638440004864 89.95523667910408 369.81408935087944 663.9551398719173 307.44466713023525 76.11713559300826 358.8505283309724 557.8903698940643 356.8889729607001 71.41832145234557 361.3691860322637 697.7386350107032 287.6871264149884 -23.913195647045857 295.7734052846026 586.2826732727235 356.3418469881149 31.176501598949013 322.550404825542 614.2333188251309 327.66452198470637 97.68837923055408 370.6736850417579 673.611854352721 293.316280210705 71.70901474633686 352.4637320128578 584.153078303034 344.5758804660361 95.08955492211702 365.4591888940564 612.6724274711618 334.3101186791843 0.3757426327013087 311.38484035618166 643.5671101578359 312.623022187415 19.797595177091743 321.373835689028 662.8658549156787 296.5633619717295 79.51442316612643 363.9564147681333 694.1992003446634 282.94221924183296 87.64424984826296 364.2351749558016 576.994664531113 346.7067733331561 51.56051579833627 328.9079468460592 690.5196218819495 288.67638880215713 10.623513627612422 320.82264964834474 588.304784651154 337.8499882099891 126.13016229405665 389.38077358189656 576.2412415875926 364.07888683183126 -14.806354434200479 305.40447475269 601.530692194108 336.5947843812772 39.50985718878902 334.3881655883236 641.7147026760491 318.7195752027656 46.68543397818998 344.53967732420074 582.3609498735743 339.5393474549029 101.0152335575485 365.1897103014229 630.1705449205178 311.6907331999243 140.11313533025987 390.40582343381993 651.8624510645494 300.59260206122104 22.54928913675644 316.8538389799818 669.6948305914334 308.182150443451 -10.312381473011541 295.40441644479375 673.2238878268229 301.99332351836546 61.72685554513366 345.02805298588925 655.2764101404576 316.69974047901326 133.83028391215126 391.19179628939844 687.4382458901524 295.0567868898509 78.36752374523242 345.5378107257754 620.5588248811916 329.2068655166956 117.82918098528432 378.1219015335664 597.6070470395698 348.32904898358623 114.15701398586711 373.1313522357242 554.4078140224129 367.88363094661287 35.39768148035518 320.0241576088757 582.9247428921789 351.85660452230485 -19.772762873107244 291.0491039343061 625.6264175333399 323.84327168796324 77.06668527955568 349.7866176041156 572.2898891272499 347.2983121089215 101.56408731263481 374.88081271615727 636.5287609133751 326.87976110493514 49.10944683612816 340.1052991971695 623.7937358972304 337.181349519049 55.876035839164835 345.6600107540932 659.3232919077402 302.8018210118534 13.65575221913695 311.04450822976486 686.5116044663396 280.72799625364047 108.11319266157379 374.51370873360224 635.5962282591908 317.93795886722916 67.55905815119559 356.1079289776585 593.5360951096757 331.68269874847226 -0.8532254032063211 305.7866939068859 656.8057894444268 310.65198430796465
420.0078258106861 1.9890012602230467 1.7790168100764845 0.8895084050383746 0.8895084050383354 7.171446030696642 0.8895084050382206 1.7790168100765777 7.1714460306966386 3.558033620153206 0.889508405038277 0.8895084050382094 3.5580336201530938 1.7790168100766206 0.8895084050381904 3.5580336201531573 0.8895084050382961 3.978002520446064 7.171446030696652 3.6675371088475415 0.8895084050382694 0.8895084050382138 0.8895084050383419 3.5580336201531395 7.171446030696607 7.171446030696626 3.558033620153355 3.5580336201531506 3.558033620153362 7.17144603069668 0.8895084050382608 0.0 3.558033620153048 3.5580336201531724 3.55803362015303 3.5580336201532083 0.8895084050382479 0.889508405038268 3.558033620153176 3.558033620153172 0.8895084050383613 1.7790168100765011 0.8895084050383363 3.667537108847615 0.8895084050382368 0.889508405038373 1.9890012602229308 3.5580336201531577 3.558033620153092 0.8895084050382119 7.171446030696719 0.8895084050383398 7.1714460306965755 3.667537108847587 0.0 0.6226558835267935 3.6675371088474926 0.889508405038274 0.622655883526788 3.558033620153215 0.8895084050382269 0.8895084050383227 3.558033620153255 3.5580336201531364 0.8895084050382225 1.9890012602230942 0.889508405038224 0.8895084050382303 1.9890012602229197 3.667537108847603 3.558033620153108 1.7790168100765444 1.7790168100765489 3.5580336201531537 3.5580336201530383 3.97800252044612 3.558033620153291 7.171446030696616 0.889508405038303 3.5580336201531293 3.558033620153274 7.171446030696599 7.1714460306965595 3.558033620153163 0.8895084050382398 0.8895084050383334 3.558033620153287 7.171446030696638 3.5580336201530973 1.9890012602230396 1.7790168100764177 0.8895084050383241 3.5580336201530613 0.8895084050383687 0.8895084050381461 3.97800252044612 3.558033620153085 0.889508405038284 3.5580336201531844 3.5580336201531275 0.8895084050384519 3.5580336201532 3.5580336201530214 7.171446030696658 0.8895084050383127 3.9780025204460414 3.5580336201530844 3.5580336201531195 7.171446030696527 0.8895084050382748 3.55803362015331 3.558033620153164 3.55803362015301 3.558033620153233 3.9780025204461045 0.0 5.41066839655222 3.5580336201531995 1.7790168100765753 1.7790168100765054 3.6675371088474296 3.6675371088475077 3.558033620153136 3.5580336201531457 3.5580336201532274 7.171446030696577 1.7790168100766888 0.8895084050382648 0.8895084050383234 0.8895084050382746 0.0 3.6675371088475694 0.8895084050383016 3.5580336201531693 3.558033620153068 7.171446030696594 0.8895084050383204 0.8895084050383679 3.558033620152993 0.8895084050382747 0.8895084050382981 34.72012797653693 331.13848024651253 636.7806723995621 328.3248946822641 88.1602839144941 360.4214596293186 569.5319102640784 358.007273180825 47.24331919599904 330.0511744970333 672.6272383554292 290.43544314454897 95.78472283384043 363.15319673980065 617.2460305299903 337.05947398046624 22.5395897303343 320.6043310650469 559.6878859923786 364.0257364868145 68.0756070582952 353.51261961751396 677.3616158670977 292.2776999666767 25.480482285002882 315.95523862824194 637.6112997681072 308.17272170443766 62.88156397653748 343.99613543569967 644.1238719674604 314.94583449816946 41.846582684734926 331.77857794787303 655.5103313089929 317.7203595286584 132.94738721924833 384.2461140413039 566.044253645529 364.28691061129365 -4.082118147604646 313.0296684736597 556.2135911522789 369.4615400167264 59.306440225114855 337.5117681847004 590.8059442818654 347.82801971625 117.71033931705048 384.78270777060294 673.7216883647333 302.3781993203715 14.99253557470068 318.13640694489374 621.3780488147579 323.1946537407135 37.490741476435794 337.08268692149244 615.9899677939067 319.08413068786865 92.80008695848679 357.84794235421754 614.2270433526157 324.9516007205779 73.7137947716682 341.4866745903563 664.4795849979571 302.03181943281163 60.115985593499616 352.46667151253763 560.7845285667303 358.3323498467362 -4.511789823952493 305.37372590500087 572.8795674525186 362.6010635522835 66.95003072495828 338.8321079935092 653.8078298878297 297.1729844693589 135.54557530003166 389.1601842940776 598.8845207260498 328.9577941567698 13.815799832540474 308.6380946797454 601.9739065029172 343.863373772446 114.42908312473618 374.3253572068344 640.9256120600166 323.37802949032397 70.2767824727544 345.07994159312506 585.0497987891562 347.2873679671012 -11.857909642037198 299.038867854367 623.5805478317844 330.4134649108082 1.9751136968717828 302.7819844578831 624.50531174782 336.5735458845203 25.664356258982313 330.0706226825166 583.6683321050137 353.79034519371356 145.84662899132186 400.0928716535832 552.727273255689 374.6963187980606 50.75236240475505 336.0469600429789 545.898483890668 377.878863305217 126.558521738162 387.83897815467685 660.4705458187412 292.7060875391611 80.23956663392798 348.6198976723 630.0042956414748 317.6107068684025 11.88760902576278 321.9823191094456 608.8619388656412 324.1326835617303 76.82575177070797 351.62984542690305 603.5826338008183 330.99674700480324 95.20093660800254 372.58153039074426 657.7869333879647 311.5644558328335 81.90521600920765 361.64917506866453 553.9408388806651 361.6383966036401 77.86968243948246 363.97283814701865 693.2918651068993 290.8102517745529 -19.2499047657561 299.5674113027673 581.1719733580703 359.38135540084374 35.88204175264125 326.29176859939986 609.0833960304611 332.3433522806727 105.12354967340174 374.585225317824 669.729833919019 296.3817540772507 78.68157106856425 356.1885061136948 577.6096589100353 349.8719084194902 102.20069312471848 368.9248499501535 606.3916856899674 338.27857085256744 5.7799592366734505 313.87346137162297 637.1623071722937 317.2606597890502 27.130469380633606 325.47206896403225 659.3923983427846 299.35051916939966 86.17970928130399 367.2095976395294 687.5885133730842 287.2908780464281 93.44019036586816 367.01623467926146 569.4460682338974 351.4611137854263 54.31710312014251 332.1049492908826 682.9903517647126 294.292873270979 17.87906718135881 324.04701429190465 582.8127940399426 341.21776173652205 132.14192519122702 392.8135786457976 570.5428451161309 368.0065132967006 -11.61333150680188 307.7862903013793 595.1367835813398 341.24449781444173 44.468424922120434 337.67990826925194 634.7700112791656 323.4536662230879 52.87374087123545 347.64069217937293 575.6549463411051 343.75333930926297 110.40695190462493 370.6883280368922 625.6639091130428 315.5764818175553 146.885432478251 394.5163898052253 646.6795317036865 305.2350937714412 31.422498162976296 321.23647187773554 664.2145635743069 312.4110499561125 -6.2614560202825675 298.27909433804876 667.1881208022164 306.29460912318626 68.88534906211102 349.45281461140905 647.1986729361964 320.70452266735145 140.60257337934044 395.3023758131814 682.2199364298259 299.6568521699058 88.30833881220292 350.00270349664646 613.41188280822 335.34162700225005 125.59090906466922 382.47374856632604 591.7186114506216 351.99271688413904 120.92814475248764 377.24424817452075 548.1827421733946 372.81404101715333 41.71862528622078 324.9334344612719 575.8204815468714 357.2090757383715 -15.233866712579127 293.06495378884125 617.6406153907263 329.66607184229616 84.79907305411602 354.19293938376717 562.8405900339675 352.7727462374023 107.22799600494112 378.97481374275554 630.2071469609261 329.95030885284024 53.32938130298046 342.6917571548662 616.0266299320558 341.62851121192114 60.219898554444754 348.0145443567314 655.167265464821 305.4839103708672 14.772374316982564 313.0884866072912 684.2304921177706 282.63795801597064 117.39416579823175 380.22456321486607 628.5451507382757 323.3677876428948 73.77447346487115 359.1564376049595 588.4856316663572 335.6610149934206 3.445560924119928 308.22181908277224 651.1592507553104 313.8034492080166
430.0078258106861 7.171446030696624 0.0 0.8895084050383634 3.5580336201532643 3.558033620153107 3.5580336201531857 3.5580336201531453 7.171446030696696 1.989001260223014 0.0 0.8895084050382198 0.8895084050383392 1.7790168100766293 3.558033620153055 3.558033620153154 0.8895084050381996 0.8895084050383669 3.6675371088474735 1.9890012602230096 3.5580336201532 0.8895084050382679 3.5580336201531386 0.8895084050382185 0.8895084050383876 0.8895084050383395 0.8895084050383794 7.17144603069665 1.9890012602232399 7.1714460306966785 0.8895084050384279 1.7790168100765857 3.558033620152952 7.1714460306966465 0.8895084050383278 0.889508405038303 3.6675371088476245 3.558033620153198 3.558033620153279 3.6675371088475615 3.5580336201531653 0.8895084050381863 0.0 0.8895084050383395 3.5580336201530565 0.8895084050382754 3.5580336201532607 7.171446030696685 0.8895084050383297 3.5580336201531706 3.55803362015319 3.5580336201531795 0.0 0.8895084050382241 0.8895084050381752 3.558033620153112 1.779016810076677 3.55803362015319 3.558033620153378 3.5580336201531857 3.5580336201532323 7.171446030696603 3.55803362015306 3.6675371088475672 3.5580336201532528 3.558033620153128 0.8895084050383263 0.8895084050383121 3.9780025204459344 3.9780025204460663 3.6675371088476734 7.171446030696652 3.5580336201533056 3.5580336201531466 0.8895084050383014 0.8895084050383755 3.978002520446187 3.9780025204460254 0.8895084050383206 3.5580336201531733 0.8895084050383025 1.98900126022303 3.5580336201533105 3.5580336201531635 3.558033620153021 3.5580336201531324 0.8895084050383599 0.8895084050382545 3.5580336201530773 0.8895084050382394 3.558033620153214 3.6675371088476014 3.55803362015319 3.5580336201531595 3.5580336201532234 7.1714460306966155 7.171446030696689 3.558033620153157 0.8895084050382883 3.9780025204460623 0.8895084050382662 0.889508405038237 3.5580336201532505 3.6675371088476014 3.5580336201533087 3.6675371088475366 0.8895084050383398 3.978002520446072 1.779016810076619 0.8895084050383499 0.8895084050383781 3.9780025204460885 0.8895084050383059 0.8895084050382684 3.6675371088475863 3.6675371088475544 7.17144603069662 3.55803362015312 0.8895084050384039 0.8895084050383592 0.0 0.8895084050382241 0.8895084050383497 3.558033620153176 3.9780025204461382 3.558033620153165 0.0 3.978002520446152 7.171446030696739 3.558033620153116 1.779016810076541 0.8895084050383607 0.8895084050384464 3.978002520446012 0.8895084050383149 3.5580336201532 3.5580336201530236 3.55803362015318 0.8895084050382697 3.5580336201531635 3.5580336201532963 42.29598863180714 335.8297338544438 629.8426986854662 333.0684538396492 96.25918101831066 364.1328751070444 562.1563841724989 361.13195053130244 54.666071474173016 332.94692139577717 666.4887025471114 295.4432066573328 105.72954970034448 368.6616944161081 611.0880847085972 341.19858706675257 27.660851200883783 322.5824799922763 553.6552547551216 367.4383605924467 72.0876823308592 356.49145337741714 672.7974838723618 295.2414405117113 30.554447352214112 319.03634856639957 633.1778396113015 310.4782119004952 70.52567473122232 347.517451605531 638.7456708907987 317.6316089128769 48.28342933510042 334.4271390068659 649.8032008752417 319.10772024567166 140.73116859474428 387.4922752745802 560.6622037936735 366.87637888189937 -0.6508553148693461 312.9722991596152 551.888703894526 371.8336264414273 63.3083320034532 340.5065535025732 587.4358511774808 350.7751451431583 126.34750314902007 389.593326630361 668.9043528217346 305.83566768645056 20.9238843200685 321.70710278609124 615.2370631025093 327.3518369074245 44.20549630191039 341.28904037526945 612.5019852454985 321.0088684295853 102.19003612540378 363.3504007604382 608.1874495158438 328.4095040479051 85.4646016977061 348.8557715407858 657.4052626558113 307.4287357128318 65.34558301981343 355.2617775209691 554.7470979475786 362.687001718264 0.15999556790752012 307.1454447308314 567.4223566120894 365.9848307459509 71.07625368053661 341.60091213232766 648.3439921301948 301.42392370661486 141.78696471637036 392.1552371618454 592.5883906523507 333.75834685332296 18.20462482641176 311.9316417205319 596.1901728384493 347.6537276590369 120.30368478703448 379.08273563088443 634.131145130383 328.3187464921346 77.60646861578489 348.1379388721191 579.6234840788724 349.8337173762807 -7.552257962764368 301.4664289814946 615.6563456984484 334.6432644738399 8.632820078190049 307.0773874803053 618.9815900301354 339.06095022864014 31.09679065465354 332.4961228275421 577.2338113255544 357.4861463873202 151.98043087311336 403.50578070946096 548.2399311733435 376.67430576519337 54.983801630842144 338.61019324407056 538.6531055108285 381.31518279596276 135.08119545307207 392.8679380883381 657.2625393940828 295.0169101827043 88.1906109705971 353.67028955103996 623.7562433044483 322.46235047063993 16.32932909126266 324.1604640810556 602.1655162030686 328.36760009613533 83.58080117407782 355.7675350189994 598.2480283904043 335.4404681890045 102.43024622953985 375.82170725144067 654.8391088203128 313.39166381678154 89.01214450518908 365.1241298517169 545.1954225652236 368.30013814447517 86.14626541769704 369.46432649657027 686.0391665534487 295.96075453693885 -15.313179049352337 302.6457961137467 576.6232982689442 363.29096735459586 40.06175323102577 329.98009420646383 603.8407015135327 335.20954703524717 111.89443581277341 378.69823515549433 664.254199999149 300.6173723997928 84.44867451104378 360.08245989022817 571.5790956198334 353.2759759965237 109.17837482459424 373.70692370749737 599.9330902768397 342.00165444493956 11.462065069080396 317.88977501112873 631.4220322690304 321.1301442561638 32.80277504197425 327.46009410176646 655.2389111857891 302.03942470399943 92.41545594458644 370.2157549072032 682.6143395179113 290.52920733970933 100.55337822982813 370.47730557318687 563.5808712640073 356.03157773688133 62.382343880979064 335.88812888579935 678.6816530774332 296.7622842736205 25.2784316193092 327.0088794173628 576.9632528007701 344.9130095386066 140.32031823769753 398.49884929021295 562.4756418380811 371.858441023713 -7.680393494087067 308.8600644423361 591.9104914611647 343.5346668228238 49.683192795482434 340.5016589067237 627.977342078818 328.3961754266825 58.09794857496598 350.4472980204177 569.7658790780665 349.1593424492363 116.74034525845198 374.5714325555158 620.5789643123729 318.6668077185859 154.11684840693758 397.7517241304298 642.5323256283301 307.9345133543465 37.053089709414174 324.32493927623335 659.2621113612896 315.6826254334801 0.8698123928014031 301.72839902462704 661.5733917161373 310.3362171412259 75.54300971888696 352.7175527357616 641.9658611894394 323.590902627787 147.719209024604 398.75651953454246 676.161783662292 303.0782053235397 97.11337589053461 356.6095314802227 605.7620600381096 339.9487630723081 134.34310267035377 387.06516913964913 584.2780801707934 356.84393039197624 128.46053645132957 382.0333828530638 542.1303030157306 376.17943552813983 46.05475065999765 327.2980725981349 570.5584607400731 359.99376447689946 -10.314214064088441 296.41233148355377 610.5085823889629 333.3079025401976 90.3638377307986 357.41338444784196 556.2609898228079 357.0986838139619 112.77968464653064 383.2840722116778 621.339265151851 334.5632450827889 56.81351234401823 344.56275146359235 608.9010060956344 345.26038161716656 64.05548232614082 349.225884684274 650.0730765747894 308.55908585366325 21.996974757685393 317.3849593926808 678.0763774547777 287.6261215261558 124.92645301271052 385.01381064300995 622.0058757735754 327.81950816371227 79.7453196360955 363.7189012836951 586.3642831943307 339.55978361054406 9.363452335628718 311.8136919455229 644.4689255307311 318.0455459025559
440.0078258106861 1.9890012602230307 3.667537108847695 3.5580336201531924 3.5580336201532066 3.5580336201531737 0.889508405038419 3.9780025204460534 3.5580336201532825 3.558033620153188 3.5580336201532106 3.558033620153152 0.8895084050381941 1.9890012602230367 3.5580336201532945 3.558033620153198 3.5580336201531098 7.171446030696623 7.171446030696598 0.0 7.171446030696738 3.5580336201531853 3.558033620153174 7.171446030696623 0.8895084050382838 0.8895084050383709 3.5580336201533496 3.558033620153208 0.8895084050383889 0.8895084050383814 3.9780025204461404 1.7790168100766177 0.88950840503831 1.7790168100766408 0.8895084050381475 0.8895084050382218 3.6675371088477156 0.8895084050383577 0.8895084050381878 0.8895084050382143 0.8895084050382631 3.6675371088475544 0.0 1.7790168100766166 0.8895084050381903 0.8895084050383659 0.8895084050382696 3.5580336201531195 7.17144603069644 3.5580336201531533 0.8895084050381941 0.8895084050382882 0.8895084050382411 0.8895084050383489 0.8895084050384059 3.558033620153219 3.5580336201530396 7.1714460306966465 2.4906235341072698 3.5580336201531364 3.558033620153247 3.5580336201531977 3.558033620153088 3.558033620153136 7.171446030696422 7.171446030696607 3.5580336201531955 3.5580336201531404 7.171446030696774 3.5580336201531466 3.6675371088475917 0.889508405038343 0.0 0.8895084050382329 3.6675371088477724 3.5580336201531395 0.8895084050383381 3.5580336201531857 3.5580336201532052 3.5580336201532075 7.171446030696466 7.171446030696675 3.5580336201531435 0.8895084050382622 7.171446030696671 3.5580336201532035 3.558033620153186 3.5580336201532075 3.558033620153033 0.8895084050383663 0.0 7.1714460306966314 0.889508405038318 0.8895084050382889 3.558033620153033 2.5159097004999422 0.889508405038312 0.0 0.8895084050384424 3.9780025204461134 3.55803362015332 0.8895084050381965 0.0 0.0 3.978002520446183 3.558033620153124 0.8895084050381366 0.8895084050383542 0.0 0.0 0.889508405038384 1.9890012602230167 7.17144603069673 0.8895084050382985 1.7790168100764336 0.0 3.558033620153094 0.8895084050382587 0.88950840503834 0.8895084050383463 3.6675371088475406 3.6675371088475486 0.0 0.8895084050382425 3.9780025204461893 0.889508405038209 1.77901681007656 1.7790168100766108 3.5580336201533687 0.8895084050382467 1.7790168100763901 0.8895084050383228 3.55803362015311 1.779016810076613 3.5580336201532887 3.978002520446127 0.8895084050383961 3.9780025204460583 0.8895084050383629 0.8895084050382116 3.978002520445944 47.201434154986444 338.1859681103734 622.6229491058348 338.2558308815697 104.24836594899612 368.0515535380802 555.5424868314188 364.41757947254126 59.57580553879313 335.29157096014364 661.0248717516328 299.6944621721749 113.49034941284064 373.0150452267289 602.5249602291816 345.3131239493502 35.35609773995183 327.0496167875624 546.1733319068768 371.3352210732219 79.19477134055775 359.9644443117194 670.5391227057485 297.1769982143517 36.947116372777955 322.79698582291445 628.6633260658481 314.3526083022555 75.21488245496133 350.27903103359694 629.5005317107125 323.4001164403369 56.883766876177866 339.3057476018071 641.9102828453784 324.2179749637709 146.212114251589 389.8093852144359 554.1913543047573 369.38975710182774 5.045126075180749 316.96614407370527 543.0239527570839 376.24399631698697 72.26757806233113 344.70696418116665 580.9524253968887 355.33131442702677 133.11973795048922 393.7039976509713 662.8649158656231 309.29011546176065 28.41207417770976 325.51726932137854 609.7025590284 330.66441247397137 45.94573448541637 342.2226508740614 606.1430395568402 323.99975350836417 109.42025736599608 366.58907377055556 601.9555130072305 331.5633531620045 90.91633902790807 352.2901805382392 651.9473698373148 311.68780587920463 70.7008343271294 357.8191875125842 548.1973364313889 366.18090551274366 4.002729687034003 310.405965029337 563.9301223848129 367.7989633411848 77.18798232818109 344.8420740296812 645.1435792258601 303.7450355070931 147.91358485573676 395.3690759890546 585.1829709632719 338.6575763641308 21.939773262025593 315.397399222698 588.1568088294506 353.4448428887482 126.61667049470752 384.0688089199458 628.378838596986 332.16847693281187 84.27652168217413 351.3817773981185 574.4936634071609 352.8467760584177 0.33978815134857354 305.57774933697937 610.5389326729342 337.6702567775315 12.597019985516626 310.1160899251127 610.2070662607904 343.7638285633893 37.817654071320156 336.6916940086911 571.5529417002036 360.4840021062464 158.2691706031089 405.77228697366894 540.4966238153537 381.2045723772773 65.12945557028637 343.73999855279317 534.1276977598858 384.5283804824957 141.09302914601116 396.3005991717537 651.8025962217315 299.2737867366595 97.48827558688166 358.287151134035 616.8989176348166 326.4695472926901 21.413924649386363 327.222830367791 595.5121125495123 332.6515731786819 90.16218345159757 358.1185604977477 589.6330338841963 341.22159069573195 111.1814415847293 380.41503970598285 646.4024555368024 318.5923085844077 97.98950440396253 369.2869465150158 537.3969974572213 372.6491738698208 91.55491908868618 369.79742695307687 682.5690872351428 298.75284798944324 -10.740983567369002 306.61927768681363 570.0938263170887 365.77336328943335 49.00276349848653 334.23085526092416 597.7422327683593 340.30085180845447 120.53141983622069 383.50918886539483 657.1907083512406 306.029571151476 89.69555795485205 362.84468337568296 567.6746693758137 355.4027097737666 117.03311094702133 378.94497107190847 588.5335760194914 348.0518401215917 17.286431635035093 321.6549621937603 622.792633480296 325.2155369239455 41.14051645930355 332.8186349981559 650.1471433400759 305.1182077980729 100.61217727182175 374.80187281941915 678.8571983344831 292.922457195561 107.00148718916368 374.14201561016864 560.7620812442298 358.07636208163257 67.84879197655141 338.23696768333957 674.446790680324 301.02842633167666 31.55000246878805 330.9888623935617 574.0794406393114 347.8161236326713 146.00932423716162 401.48312737074167 558.1905256692772 372.05505846800895 -5.810021907143472 311.59772567125844 582.0715730626347 348.32623286891874 56.13691330251333 343.1071628399402 621.636246095924 331.42719927245315 61.12536884243149 353.17577627743725 562.975502271538 353.24690245316623 123.39746728120976 378.90143483498053 612.922321465218 323.2501747510179 162.5248299745884 402.999336128879 638.3866167659019 310.635111100258 42.786216873086026 328.2668390415624 652.2801991116507 319.52308992499206 6.555426971382108 305.73546861584344 657.2805966782131 312.8341538631692 82.74071878171674 357.0772365217719 634.0681680427953 328.68830142848714 152.09536929427665 401.0521136413856 671.0640106676115 306.1480375755844 104.75631626485577 361.18638957300016 596.3641270879693 345.4518395510571 139.36491632925234 390.2575313842146 579.0420492537173 360.60895648379653 134.70188866973223 385.0285206648412 534.076037298514 380.0246126903387 52.26597870165074 330.35707860860674 564.5022705338687 363.34007614470727 -6.552081555864941 298.7994514680502 604.4076142599512 336.6636962641225 97.42989786885677 363.0865947318352 554.2419878350777 359.7444456078097 118.676412917885 386.9360084094968 617.167773321114 337.22031064606534 61.291159372958404 346.66784382053004 599.5424438478457 350.79255292980093 69.93474793965525 352.90433800698753 645.3474009126413 310.4597477861898 26.209539071325842 319.9760361455583 673.550813560464 291.4912187398171 130.4791024689209 389.3217890225301 615.2907536650958 332.0135696083289 83.47305697944158 365.1253826021634 580.8939138494756 343.88749187296656 15.060730020898626 315.8069713952504 637.4880004585573 321.8852928508173
450.0078258106861 7.1714460306966075 7.171446030696845 3.55803362015317 1.9890012602230023 0.0 3.5580336201532496 3.5580336201531906 0.8895084050383429 0.8895084050382481 3.5580336201533513 0.8895084050383145 0.8895084050383376 7.1714460306966314 0.8895084050382868 7.171446030696637 0.8895084050382058 3.5580336201531377 3.55803362015314 3.5580336201532243 3.5580336201533616 3.978002520446067 3.558033620153164 0.8895084050383597 1.9890012602230807 3.5580336201531897 0.8895084050383499 3.5580336201531564 3.558033620153275 3.558033620153142 3.558033620153211 3.6675371088476325 0.8895084050382964 3.667537108847615 7.171446030696717 7.171446030696671 3.6675371088477533 3.55803362015312 7.171446030696782 7.171446030696608 0.8895084050383514 7.171446030696706 7.171446030696836 0.8895084050383529 0.8895084050383494 0.8895084050383716 0.8895084050382712 0.8895084050382717 3.9780025204459553 0.8895084050383545 0.8895084050383857 3.978002520446 3.6675371088477475 0.8895084050383671 3.5580336201532985 1.779016810076562 0.8895084050383563 0.8895084050382297 7.171446030696694 0.8895084050381941 0.0 0.8895084050383147 3.558033620153236 3.6675371088475806 1.7790168100766421 0.8895084050382734 3.9780025204459184 3.978002520446108 7.171446030696558 0.8895084050383355 0.0 3.55803362015314 3.5580336201532203 0.8895084050382801 3.558033620153116 3.978002520446079 3.5580336201530907 3.558033620153238 0.8895084050382038 3.5580336201531555 3.9780025204461653 3.5580336201531684 3.5580336201531275 3.5580336201531315 1.9890012602231995 7.171446030696619 3.5580336201530174 3.5580336201531777 7.11606724030624 0.8895084050383529 0.8895084050382062 0.8895084050382734 0.8895084050381991 0.889508405038218 0.8895084050382048 3.6675371088475273 0.0 3.6675371088475566 0.889508405038316 0.889508405038244 0.889508405038279 0.8895084050382883 0.0 0.889508405038216 1.9890012602230496 3.558033620153124 3.558033620153072 3.9780025204460663 7.1714460306967425 3.6675371088476276 1.9890012602232225 3.558033620153173 0.8895084050383479 10.674100860459529 7.171446030696638 3.6675371088476165 3.558033620153173 0.8895084050382037 3.5580336201531844 3.6675371088475823 3.6675371088475552 7.171446030696625 3.5580336201532656 1.7790168100766253 3.5580336201531724 3.558033620153226 3.6675371088476294 3.558033620153207 3.5580336201532856 3.558033620153126 3.6675371088473696 7.171446030696697 3.5580336201531546 7.1714460306966386 7.171446030696427 3.5580336201531466 0.8895084050382689 0.8895084050382811 0.8895084050382307 0.8895084050382761 0.88950840503827 53.94957016134013 342.33441639164766 616.2102206620261 342.02212441497727 112.447146586423 372.6338397152254 549.1568634372981 367.094020987246 64.69848152541475 338.2885215869744 654.3258787018159 303.923760874301 120.03271803252477 377.56375468925944 596.5764626633007 347.91721500974734 42.089798631338375 331.22431182328626 537.3113748219803 375.81199869906976 85.10960234362447 362.5187220329601 664.7102099725021 302.61016069488653 41.068446330527415 325.56715965517736 624.8641028232463 315.8324688154429 80.1157987506548 353.6983532251103 623.6945244134183 327.172768215952 61.36634808217924 341.40130533906586 635.7029113068355 327.4270704623332 152.75484990292424 394.35757022277653 545.6634543215395 372.0850514283173 10.486302880304235 319.372247644476 535.988787977702 379.98653062653324 77.83340900666042 347.9244948258293 575.026924695842 357.9023631634698 141.6424852189195 398.7328255115793 655.5104310178908 314.29797521237504 35.893000503864755 330.3850703883245 601.1756341230553 335.7104800846466 51.4726611747561 346.5638082688822 602.567507984964 327.5588509325473 118.81748886113868 372.0783244049987 594.0882271200363 335.7838115295148 99.20476075016974 357.7642081204511 642.4012633095556 317.0351067023446 80.0891454699396 363.3234355968 539.0008751039051 371.13335738772207 8.967499598804153 313.68655801813804 557.5735458696256 369.2955398143234 86.36790532544443 349.6815264007621 639.6718795548245 307.984283896945 157.2183003915356 399.9710170078275 575.7582499239193 344.02042415802174 29.762123867360483 319.62888577214005 584.9565813138577 355.8138559087338 136.93286794860435 387.8063542713 621.4558326801163 336.079511638128 90.28370260117454 354.8227217829646 565.3028084938063 358.80187370974306 3.802685339535395 307.4799682143785 603.9462817804009 342.00696037255346 18.16066332366135 315.3978290134453 604.1475113474603 347.1317408184637 44.789633511494515 340.4203935053916 565.1946983473715 363.2422180964373 166.16776196220476 408.79956466365564 532.4241756372045 385.0242634076483 69.1508464676041 346.7077951910925 524.9365942196652 389.33792584171124 149.86685016177017 399.7870014642626 647.7960225811183 302.1675730012797 104.81075347556722 362.41238406769315 610.2400077292077 330.75929077648266 25.76106845901319 329.56966976280916 586.9896789571727 337.70127594230996 95.1812512112043 361.31560130355155 582.9956831753271 344.5125196734644 116.96344762279244 384.28575709983096 638.5895917757222 322.96291048605104 105.10491655339821 372.74344773768564 531.2788156289154 376.0175415399029 97.26441802215024 371.6797539847326 677.6944564366495 300.4429969081291 -3.820385382653623 310.4425443364434 564.809215052303 368.4634016425028 54.0322063831535 336.3477810164937 589.0998296838195 344.15562214946664 130.94078950088547 388.1329165116566 652.6736937016029 309.90441220172505 95.47539122108914 366.71859725591383 559.0824526218851 358.08287658318096 123.92004840322689 382.8369871037825 580.6546199340137 352.2044557679675 19.421678054476583 323.93803312921943 616.1314591566161 328.62861750624626 47.998449700401146 336.76097135270703 645.3707397111085 309.47626518506337 107.38360246535797 378.9139027704091 674.8503241680305 295.81532305184857 113.54368729863742 378.6910651385095 552.7546272859222 361.9487410328167 71.52248591888674 341.85893808388516 668.9846411890561 305.2814387742192 38.28013800791714 335.16675904108564 565.2609985918091 353.3989133334969 154.87642383528896 405.85550888998324 552.6351852487892 374.1193315937704 3.8366788971528756 316.6144643735561 572.3844788991335 354.3842714643003 61.14463574992303 346.32223646189385 615.528200987441 334.740823978134 66.82951584845031 355.07361010898006 552.7107397893035 356.92780859149275 131.04487964346862 383.47132232317136 609.3791304695352 325.9617097719984 171.06909400263095 406.9233486469223 631.6665052131215 314.82646164028705 49.23634901597376 330.87296426313304 644.469780796724 323.9024449265182 12.148616266389023 309.9288563276756 647.9950979010625 317.7003835873034 88.33342516472827 359.1829461242865 628.2596665895778 332.4609136127999 161.28530598117504 405.87286101139586 662.36312092279 311.82639004776047 113.39247904685455 365.99887968233145 587.8135091474823 349.4399363140338 146.36676855044993 393.9304897578837 573.8751397704388 363.5302402786039 144.5589868732928 389.64124448651535 525.022406284411 384.053875353934 58.78192522166506 334.94162800161416 558.3799282956438 364.2268193609149 0.4891035806846648 302.4037878296497 597.0602986515705 341.676444853252 105.19042046645794 367.4407999806163 544.507945387776 364.6860234560573 123.71969706883554 389.0236585788647 609.9278039839902 341.4855739605654 71.54281961881425 352.65009787783976 592.1429143732367 353.79425518765754 77.22718313820783 358.14580352874447 637.0254730031829 315.8134146877892 34.00495834072459 325.3027749284881 668.0867845929498 295.74180252898566 138.12661344442583 393.8915071074314 608.6034751199652 335.34265543034275 88.26218976791459 368.7596671304001 574.6511306644591 349.02036476670224 21.455485237479184 319.56464104450407 630.7336558822634 325.16759383098633
460.0078258106861 0.8895084050382334 1.7790168100766348 3.9780025204460814 3.558033620153249 0.8895084050382153 3.5580336201531195 3.5580336201531226 3.9780025204459832 0.8895084050383822 0.8895084050383102 3.5580336201531724 3.558033620153333 1.779016810076578 0.0 0.8895084050383224 0.889508405038292 3.55803362015314 1.7790168100765924 0.0 3.5580336201530343 3.5580336201532043 3.5580336201532994 3.558033620153214 3.558033620153359 3.558033620153125 3.558033620153125 0.8895084050382626 0.8895084050382233 3.558033620153163 3.6675371088476734 3.667537108847587 0.8895084050381711 3.558033620153156 3.558033620153155 1.7790168100765715 7.1714460306966465 3.5580336201531555 0.889508405038321 3.6675371088475193 3.5580336201533087 7.171446030696579 1.7790168100766741 0.8895084050382842 0.8895084050383957 0.8895084050382446 1.9890012602228768 3.5580336201531138 0.8895084050382278 0.8895084050382681 3.558033620153277 0.889508405038284 7.1714460306966945 3.5580336201531098 7.171446030696767 2.49062353410728 3.558033620153071 0.8895084050383509 0.6226558835267829 3.5580336201531355 3.5580336201532283 3.5580336201531284 0.8895084050381871 7.171446030696604 3.5580336201533 3.558033620153186 0.8895084050382701 3.5580336201531804 0.8895084050383146 0.889508405038255 3.558033620153288 3.667537108847595 0.0 3.558033620153115 1.7790168100766204 3.558033620153208 7.1714460306967664 3.558033620153217 3.5580336201530987 0.889508405038356 7.171446030696796 3.5580336201532003 0.8895084050383548 7.171446030696662 3.5580336201531018 0.889508405038238 3.558033620153272 0.889508405038218 3.5580336201531377 3.5580336201531324 3.5580336201532266 1.7790168100766288 3.55803362015308 3.5580336201531093 3.55803362015338 7.171446030696603 1.7790168100766557 0.889508405038259 7.171446030696653 3.558033620153204 0.889508405038315 3.558033620153181 3.9780025204458616 1.7790168100765291 0.8895084050382421 1.779016810076562 0.8895084050383669 0.889508405038345 1.779016810076575 3.6675371088476245 3.5580336201532834 7.171446030696661 0.8895084050382942 7.171446030696686 3.6675371088474638 7.1714460306966705 7.171446030696473 3.558033620153116 0.8895084050383255 1.7790168100766113 3.978002520446179 7.171446030696654 7.171446030696664 3.6675371088475535 0.8895084050383733 7.171446030696619 7.171446030696653 3.5580336201531457 0.8895084050382843 0.889508405038352 3.5580336201531937 3.5580336201532092 0.8895084050383085 3.558033620153152 0.8895084050381453 0.8895084050382279 0.8895084050383033 3.5580336201531946 0.8895084050382515 0.8895084050383717 3.5580336201532425 59.19129695399625 345.10622128996914 611.5157153887967 343.80813828716185 118.20766263844135 377.6092492108667 541.0964443930226 370.9254844820839 73.002777798449 342.6700364925233 651.1043950218389 306.218524472467 128.6701565093498 382.3739414579249 588.0604314153792 351.9106457418731 49.07279964925308 334.93491430649607 527.9903718453297 379.0926582645592 91.78677654265505 365.74702688298055 657.9868695443076 306.8024903765127 44.32517692634233 327.8620129994626 618.6974779373958 319.0736741800253 84.14524578279625 356.6538652157481 617.7429887323494 330.7209576594901 67.6013643319749 344.4103909850273 629.8488963707065 331.1088837242909 163.02807459092767 400.30461304536476 537.3992576420543 375.39089727118716 16.461082238480465 322.8718295161355 527.3695939560668 383.77355755307383 83.72661994763929 351.5824057928961 568.0458382728093 360.44188456148134 148.64433977776793 402.40577963145336 649.7201757900125 318.09385127252693 40.894136829173746 333.6083609231747 596.5552975875146 337.5550122145944 56.83083461510848 349.11601564595946 597.3920846091273 332.3953687695186 125.24526315560159 376.84558728964464 589.6637697559755 337.9839510288232 107.51817037899801 362.1281299651584 636.2689347452454 319.4799979494041 84.7860569902156 366.07079738407924 529.6871496872152 374.4520353822482 17.112510948876192 318.3641953760405 553.9972939370581 371.01734450751474 91.15757136241172 353.3145640818546 633.5804611927313 311.3370981200263 166.5015138131336 405.6777481488614 569.7474909826587 347.50564929698226 34.873790183600725 322.64484187169194 577.4032680952312 358.3731729477901 142.9447070286537 391.2390047353527 614.6840227481231 339.24861265973493 96.29377690562767 358.25850814495675 557.0191725901359 362.0615344512101 7.32145974608404 311.3559102528888 595.0498267901022 347.3487101625256 22.832355172105917 318.1861665267679 594.5281314522886 352.25481074851086 50.5546621579064 344.3161098135945 559.7121704507023 365.5071372427224 175.8555814069431 414.16050318275717 524.7914416088311 388.6618065231763 74.39690821290604 349.4728982527954 518.3276565687338 391.67582696226 159.15006298885015 405.49373356544686 643.9048185398203 305.2248287140046 111.67547421658763 367.41010768673215 603.5310064954703 334.9546211113927 30.587205817754295 331.0268527284414 581.2426793976622 341.59989757701294 103.19389542284297 364.1263917278835 576.2626067417009 346.51458244723455 122.09999060623394 387.2593882142221 633.286408756857 325.71339455528266 108.05323031750576 374.5695312539547 520.9102401714653 379.32010353156176 102.9311324896551 375.76987948560054 672.4465598601606 303.3057972098347 2.3758459108800474 313.53261063680304 561.0685827708262 369.7474965401828 60.9316541285353 339.1588293986402 583.074680263512 347.55141374025925 137.71307216215297 392.2435076691925 648.4949439146914 312.5534614458566 100.72600627709105 369.4747150402208 550.8322304890332 360.11517129899715 130.46274001289177 387.3852421659514 574.406747828223 355.2092665173809 23.863511658649514 327.15989218182557 610.4294752791074 332.5231161822363 53.44257045075742 340.2068082432999 641.1882548763497 312.12464510201534 110.23879476703614 379.85384550487265 669.3761220088214 300.05358286909245 121.53543945265086 382.60459700052866 544.7531557303079 365.8828179017917 80.2674251358585 346.46677184021394 664.908167531111 306.3764137244055 45.69755586827244 339.11066226717435 558.6142091246866 355.4524926367262 161.07482229036924 411.06011558099607 547.7622504958317 375.17552272697566 9.641709185686597 318.3499195835065 562.3545971000269 358.56685085384856 68.60028332638132 349.1352822167995 608.5611066423954 338.5152693450415 70.21235799944846 357.13450037577195 544.0730634758279 359.28682596104625 135.30625265537614 385.98574839951897 606.0083753219243 328.0629658713471 174.91869140756825 409.5844654209641 624.9854449420635 317.3084877803294 54.707205360370324 333.2140113890075 639.3052048951382 325.98059958632956 16.02711095192394 313.14614506923385 642.4443625142992 320.98243086213165 97.52094569100068 364.0081157339289 622.3413300969088 336.05537120959855 168.1508800509388 410.86941085207064 656.6442355650348 313.1720505616415 120.81001314940804 371.0067645132968 580.7648262116446 352.99754359417847 156.63999217334964 399.8775342764928 567.812627233764 365.69771919237326 151.53933755243946 394.41899150966384 518.2880742792316 387.2721043391871 67.54469398545976 338.4565733259405 551.0231779727501 367.165533294715 5.741250210378814 307.22774756608777 590.1156726418756 345.4651158078569 114.70257846456273 372.7110371617815 534.5800057528891 369.1630755607341 128.55496377743097 390.4440549730523 604.5936153923343 344.119704965966 77.02023976099865 354.97498957594127 585.7664574378196 356.5358146280573 82.91351819233424 361.13474888471944 630.2304754341874 319.8961792904197 38.01656993434621 328.28158242533294 664.9572247214666 296.4683007447674 143.26322337725205 396.86503313791405 601.0863235329591 341.0197262272616 94.73233380151713 371.31927233704914 570.3925621516781 351.5398642328064 26.212379447589875 323.243353516602 625.5280263990163 328.0417470619963
470.0078258106861 3.9780025204460463 1.779016810076681 3.978002520446088 3.55803362015308 3.558033620153184 0.8895084050383522 3.55803362015316 0.8895084050382287 3.9780025204460565 10.674100860459667 0.8895084050382213 3.5580336201530396 3.55803362015318 3.9780025204462444 1.9890012602230511 3.5580336201531493 7.171446030696663 0.8895084050382971 0.0 0.8895084050382822 3.558033620153125 0.0 3.978002520446136 3.558033620153228 3.5580336201530884 3.5580336201532807 3.5580336201532066 0.8895084050381752 0.8895084050383194 3.558033620153003 3.6675371088476085 0.0 1.7790168100766108 3.5580336201532394 3.558033620153148 3.6675371088474926 3.558033620153124 1.989001260223158 1.98900126022305 0.889508405038212 0.8895084050383707 3.6675371088476956 3.55803362015318 3.5580336201529907 3.558033620153104 1.9890012602230622 7.171446030696631 3.558033620153328 0.8895084050382208 7.1714460306966945 3.9780025204459903 0.8895084050383611 0.0 3.5580336201530285 7.171446030696708 3.558033620153333 3.558033620153175 3.5580336201531058 3.9780025204461484 3.667537108847643 3.6675371088475153 3.5580336201530867 3.558033620153111 1.9890012602232066 1.9890012602230112 3.558033620153332 3.6675371088475552 0.8895084050383409 0.8895084050383296 0.0 3.55803362015312 3.6675371088474 1.779016810076625 3.558033620153203 3.5580336201531155 0.8895084050381916 0.8895084050382799 7.171446030696796 0.8895084050382045 0.8895084050382638 0.8895084050382341 0.8895084050382803 3.558033620153206 7.171446030696627 3.558033620153166 3.558033620153252 3.5580336201531613 3.558033620152982 0.8895084050383799 3.97800252044614 1.779016810076606 3.5580336201530565 3.5580336201531404 0.88950840503825 7.171446030696644 3.667537108847404 3.5580336201531684 7.171446030696645 0.8895084050383408 0.0 0.8895084050382389 3.9780025204460063 1.7790168100766803 3.558033620153051 3.55803362015314 3.5580336201532012 3.558033620153113 0.8895084050382648 7.17144603069664 0.889508405038304 3.558033620153191 0.0 0.8895084050382333 0.8895084050382077 1.7790168100765087 7.171446030696813 3.5580336201531138 3.5580336201533287 3.9780025204460574 1.9890012602230231 3.6675371088475397 3.978002520446195 0.8895084050383163 3.558033620153132 0.8895084050383233 1.7790168100765 0.8895084050382974 5.410668396552253 3.558033620153188 0.889508405038276 3.558033620153109 3.5580336201529867 3.558033620153175 7.1714460306965595 7.171446030696653 0.8895084050382985 3.978002520446068 3.558033620153044 0.8895084050382521 3.5580336201532496 65.65804205573693 347.67397508917384 603.8233233563681 347.21535533733476 123.98987329091685 381.4796060053855 535.4784684704628 372.8251162525064 80.62340577155832 348.35156730781284 646.8857866102113 308.8037041444494 136.10960038147024 386.27650373965366 582.4649682660913 353.96426587857474 55.53623728400566 337.50921006788815 515.7424424042968 382.9526840390239 97.5682813909415 369.61852669972143 652.4348659819883 310.93214113088123 49.567266595208785 330.6342621556962 612.3551098008435 325.8052408580735 89.83319366262306 359.64008299117774 609.6564609944946 334.49621331045404 74.59958862157258 348.0903965774914 622.5334950088496 336.1948349362415 170.25762870622717 403.54449832487103 532.9525339767938 377.6845518379046 22.12815670108689 325.89593122133095 519.762790971156 385.9325400592751 89.50725728526074 355.45523469672696 561.5164120799604 362.7549081290848 153.66583759763455 405.598956858482 643.145018861516 322.4924552415891 49.19492816522465 337.99650162869443 586.7425901796169 342.2015271212899 62.307434754492476 351.4426482678446 590.0705864701205 337.5549577454798 131.44360264654225 382.05025915934755 580.2659801018923 341.20163186970404 112.99891752027541 364.44580270366424 629.9268795489338 323.3010526510899 90.68212104582598 369.7239324162637 523.6273420148183 378.2133358121802 22.110621989382935 321.59080248980496 547.406398059626 373.1452451986362 96.96048654493083 356.08172723839533 629.7263322106744 314.467998846724 173.2932105344045 408.68977393487614 559.2369911933604 350.5500666185583 41.51070360018602 327.0053923954034 571.4818396623872 360.85655500737954 149.96785128296688 393.8074570874113 606.8708769446293 342.47235496797924 102.19007919407953 361.9111864669289 548.6985946450352 365.19224389070297 15.011136588049448 316.8844934603099 589.7270325978891 349.9334767273702 29.928369505830375 321.6867669863384 588.3111613289892 355.2830440402601 53.47505048511694 347.25354783411643 551.3910540632642 368.6398207627903 183.26707049405252 418.7441576721508 518.395301795667 391.4064137706365 81.71845229417535 353.6000241708989 509.9679495495141 394.8124276556871 165.0434696144448 409.1480023288807 641.5878438372497 307.09891668887064 119.02153840024992 370.4269494895398 596.7983260080929 339.1143408611334 38.739627138411834 336.7495103762736 574.5795015853623 346.0328702662591 110.0806078057317 368.01887737744016 566.2761380387599 350.8121135038187 130.5079177671169 392.5070996729728 626.7863169210797 329.2925929876736 116.71212174259244 378.27508171250133 511.45517321869227 382.21060123804705 109.9543637156947 378.3384530779551 668.0083938354549 306.4345913698751 7.9475663680813815 315.6888286762798 554.6749523925272 372.395985982689 64.95841445405429 342.11746845691954 575.6774559644782 350.39965987108747 144.27719122837985 395.6869396099752 643.8513902573287 316.27096450323245 106.41474171811626 372.45951691173804 545.9427574615906 361.1330298082067 137.34982712080946 391.2770356799413 567.3856643451224 357.62442328611394 31.049490023234018 331.54075767821666 602.5451680939748 336.6292598105275 58.457361910210835 343.4100711611463 637.8916686550959 314.3043695187601 117.01098361694467 383.96459198615634 664.7626711667702 302.07904439916746 129.29770202128637 386.95556361026917 539.0018078640719 367.37822086002376 87.03721452269203 350.58182247465766 661.0953829476314 307.81516897024267 50.48048791683137 342.753330744868 554.09280553745 357.50689432894217 168.30019480844868 414.3053854090227 540.2932035725421 377.76079745617227 15.392474255756111 322.2665279753317 554.9721302259322 361.41204412579714 74.83863189504832 352.13613181628654 600.5118859319962 342.30278912502934 73.08924942899075 356.9718463470117 536.1882332797073 363.66706439950156 142.53756247297778 389.22106680602604 604.0208854674802 330.5800542972279 181.4717969327453 413.0440959128284 618.2571268543229 321.4707658992732 61.70121622567741 336.90182667645314 633.2114194927914 330.21588037918406 22.882432533617823 317.0915621586409 636.123314981766 323.9531024360059 101.66714273831961 366.7420246648419 615.8860893900544 340.70720546136573 175.93118208308658 414.12717467939694 650.5282626652722 316.4803157296478 127.2378702794036 375.77387337890855 574.3354782408162 355.54260524476 163.0883089609588 403.5413572445782 562.470433042556 368.3051609934692 157.0202038714453 396.7369971268038 509.5485001766993 390.84490219341654 73.52920034880641 343.00158677373435 544.518536937375 369.5085462065476 11.684994765395347 311.82604893604486 581.7588151626858 348.6084303216854 120.82910411558026 375.92505954443806 527.8555136753224 374.0142094508484 137.28577297277985 396.1400833498834 596.5756555561759 346.90321210004436 81.81043199247662 358.6075025712976 581.5759764250896 359.25886078791086 90.25863861333612 364.15387684395586 623.5863286462984 322.3372188102864 43.784509257991694 332.1720072411155 658.4698719647091 300.98319841691523 150.0349837724638 400.9764210933372 592.6501051949111 344.02672026166357 99.52415435256722 374.94986802937706 561.9812444037208 355.7622657017194 30.22848043550218 326.2178110666103 617.2597547243071 331.5801583041556
480.0078258106861 3.558033620153112 3.5580336201531964 0.8895084050383532 3.6675371088475783 3.5580336201531937 3.5580336201532723 0.8895084050383428 7.1714460306964884 1.9890012602230482 3.5580336201531075 3.5580336201531253 3.558033620153019 10.674100860459456 0.8895084050381497 3.5580336201531915 0.8895084050382843 7.1714460306966 3.558033620153214 0.0 0.0 3.6675371088475766 3.558033620153213 0.0 3.558033620153076 3.558033620153194 3.55803362015315 1.9890012602230376 1.9890012602230422 3.9780025204460894 0.0 3.667537108847583 3.5580336201531444 3.6675371088475526 3.558033620153124 0.889508405038307 3.9780025204459672 3.55803362015314 1.989001260222976 0.8895084050382319 3.5580336201531244 3.5580336201531946 1.7790168100765158 7.1714460306966625 7.171446030696581 3.5580336201531133 0.8895084050383193 3.558033620153121 3.9780025204462293 3.558033620153153 7.171446030696684 3.558033620153133 0.8895084050382296 7.1714460306966 3.5580336201529867 0.6226558835267728 0.8895084050383356 3.6675371088474953 0.6226558835268274 0.8895084050381926 3.978002520445948 3.6675371088475415 0.8895084050383936 0.8895084050382573 7.171446030696728 3.978002520446052 0.8895084050381886 1.779016810076588 7.171446030696508 3.558033620153099 0.0 0.8895084050383332 0.8895084050381804 3.5580336201531773 0.8895084050383761 3.5580336201532026 3.5580336201531644 0.8895084050383054 3.558033620153255 3.558033620153103 0.8895084050382965 0.8895084050383317 3.5580336201530383 3.5580336201531853 0.8895084050382992 0.8895084050383383 3.5580336201531066 3.558033620153148 3.5580336201532368 3.558033620153191 5.410668396552352 5.410668396552188 0.8895084050384111 3.558033620153174 3.558033620153175 0.0 7.171446030696633 3.5580336201531613 0.8895084050381823 0.889508405038338 3.5580336201532217 3.5580336201531226 0.0 0.0 0.0 7.171446030696674 3.66753710884738 1.7790168100765265 0.8895084050384475 0.0 3.5580336201533016 0.8895084050382127 0.8895084050382916 0.0 0.889508405038289 7.17144603069657 3.978002520446171 0.88950840503831 0.889508405038308 3.6675371088475957 3.5580336201532363 7.17144603069662 3.978002520446223 7.116067240306323 7.171446030696442 7.171446030696645 5.410668396552194 0.8895084050383291 3.5580336201532674 7.171446030696657 0.0 3.978002520446095 3.558033620153212 1.98900126022299 3.5580336201530565 3.978002520446052 1.989001260223088 0.0 3.5580336201532363 3.558033620153203 0.8895084050383087 74.40723756963727 352.2709218903462 598.4629110577522 349.7595734507108 129.01081856568538 384.6742423858159 527.5888855010041 375.78477300182243 87.8536858322049 351.58951241997664 642.5890972199318 311.248128628148 142.99292670989257 390.1769647196424 574.3072663041745 357.5177263416501 61.22129855701965 340.5011293072127 507.5557921026614 386.6428117392457 105.86099181104953 375.0857263001409 645.5151891659832 314.7841566283989 54.584035385584144 333.8348235295014 603.9792754446497 331.10923082838724 99.2303219650625 365.129452070262 603.3922321894021 337.4150954045044 81.48496934116501 351.9851420345038 615.5862609954982 339.9556851405482 175.05658719812638 408.1590570019103 526.4134640804538 379.95187152681353 27.77872160937856 330.00882112594564 515.2312378162584 388.0383960725243 96.71639940280849 359.79672588378173 556.2675290223515 365.68124582585557 159.6562569294858 409.0817085028555 639.0545239659663 325.28374533423164 55.54689435622424 340.78286671803573 578.4149100795089 346.584204609649 68.36119387021863 352.67011640206266 583.8636426357606 340.62551976360953 137.42911185972474 386.593742215508 571.6183058264846 346.1326384614735 115.83245689636475 366.49059712412964 624.7867772973725 326.2869243330629 93.4224476277238 370.8828174466809 514.5773709027349 382.45780066595273 28.74969638742463 325.9488226180311 540.2975601875987 375.2367913075541 102.85713371782785 359.73385822785366 625.261347734326 318.5734506799501 180.6967653229196 413.68736874185566 553.2536962446597 354.33601264175684 45.99688529842488 329.0921923221184 564.4125998640491 364.56242596109996 156.72504611990243 397.951708928587 602.7674114388958 343.11062402632115 107.21164183677486 365.1039465035066 539.9526051884936 368.66893247975366 24.523184270972013 321.09922156564227 581.1864871144431 353.828588248886 37.55903976070325 326.28431777104413 584.0442436948207 357.89087498247295 61.347103466813216 351.39503219462597 549.0501920995317 369.4321382974124 190.59207851772425 423.23549488437175 514.464904440785 392.04582805012916 89.06379677086413 356.61869986373284 503.82895625277126 396.3216875279297 169.25944460713043 411.7141782898853 636.5697909166391 310.2586728409574 123.69833983895911 374.276669505975 587.5800600939497 343.9547334262521 44.81109831522425 342.1872973916374 567.9631279381739 350.7930625956811 116.96711380854161 371.91145167756974 560.2881204350882 353.09066724098216 134.6534113952376 395.2425684988761 620.6487279572096 332.46104670014716 121.41065158216655 381.02013166129603 502.8428327521307 384.4516101584943 115.20558415222862 381.0939646323474 662.3965332199989 308.7449957281097 16.788515651944167 320.1170238946308 547.9639927105619 374.14828144056503 71.84242287793504 346.0146266763178 565.9192609177895 355.31383793731254 151.91370447256242 400.2877667874277 637.9649153693472 319.9141986986268 113.41626718656705 376.13313641683385 540.702888063484 364.18993075280287 145.42444951340468 396.0890140197671 558.9571635143853 360.47364701698604 40.98334156423045 337.0689133633033 596.1132079198184 339.2588339594714 64.02817286233262 346.61951675966486 632.819268125431 317.3768207221668 123.25132162612924 386.9618483304606 657.4970344079074 305.4396350361635 135.07595089344628 390.8321423395665 528.9421458359622 371.6235460767275 94.89157162807633 355.82075566050446 654.3454587421342 312.85688141948543 56.602165554602514 345.9766987351159 546.0753528493578 360.03545305789794 174.58524546090726 417.2431245058146 533.6956639165418 379.8631297317908 21.387350602201767 325.729286653456 548.8369930947014 363.3090654773841 81.60908730498977 356.2496223924187 593.5859792681309 345.00532957300607 81.83983862251011 361.5665260855887 530.9943072373992 366.8926171811748 150.28814972805003 393.58913070590097 596.937692597261 334.08216361659544 190.72236834298772 418.762440178255 611.0551253888005 326.8592383335473 66.94978268844503 339.6626338868505 627.7169826865879 332.5496969958374 30.30205216690821 321.03211823300717 630.4124490981209 327.8984576284061 108.66866999306976 370.41553392157084 608.9780986430656 344.5592898017457 183.41235128220828 418.97930618338694 645.5373434697362 319.67803809429915 135.87175821373356 380.5902554953986 566.459768965169 359.89053392684116 167.31856865088753 406.1032793271592 556.7224337055042 369.83353764072757 164.61860522879667 401.38165307221186 504.66193663045607 391.7346395742862 77.78920721491168 345.5181889758463 535.5996749092849 372.4331162639872 19.537190744285645 316.00617397724034 575.4503918252597 351.4725128838173 127.82990036677644 379.6004088951582 519.3711712316702 378.3767752328977 143.1810953289659 399.80220691989757 589.786916259259 351.04924353585704 89.80136540566295 362.522686538021 577.3495783721497 362.0197889314373 99.54106137587422 369.8618781888959 617.8059195330749 326.1610599175859 47.488004912006694 334.6837930297475 651.5936789219974 304.91896955014505 157.3312606185386 405.1488947779221 584.3663923150008 348.4967598673114 108.0464963837164 379.9793709970523 552.5306359845614 358.68209573432443 37.74516161620839 331.0304836444582 612.2652296784566 334.80507465054876
490.0078258106861 7.171446030696621 3.5580336201530316 3.5580336201531573 0.8895084050383335 7.171446030696641 0.8895084050381618 3.558033620153215 0.8895084050382511 0.8895084050383603 7.171446030696558 3.9780025204460463 3.558033620153175 1.7790168100765487 7.171446030696728 3.5580336201531724 3.558033620152994 7.171446030696664 3.558033620153274 0.0 0.8895084050383382 0.8895084050382703 0.8895084050382257 0.8895084050382556 3.558033620153172 3.6675371088475206 7.1714460306967105 1.98900126022304 0.889508405038276 0.8895084050383121 0.0 1.7790168100765704 3.6675371088475273 3.558033620153191 0.8895084050383412 0.0 3.5580336201531915 1.9890012602230687 3.5580336201532 3.6675371088475526 3.5580336201532385 3.558033620153178 3.667537108847711 3.558033620153132 0.8895084050382861 3.558033620153172 0.889508405038336 5.410668396552228 3.558033620152963 3.55803362015314 0.8895084050382053 0.8895084050382993 1.989001260223154 3.5580336201532266 0.8895084050381822 0.889508405038335 3.558033620153194 3.5580336201531666 3.5580336201531155 3.55803362015318 0.0 3.9780025204461094 3.978002520446119 0.0 0.8895084050384053 1.7790168100765442 0.0 1.779016810076491 3.5580336201533442 7.171446030696658 3.667537108847679 7.171446030696584 3.5580336201532585 3.558033620153178 3.558033620153199 3.5580336201531333 3.558033620153172 0.8895084050382353 3.558033620153146 5.41066839655229 3.558033620153161 0.8895084050383754 3.978002520446159 0.8895084050382421 1.9890012602232274 3.5580336201531613 3.5580336201529943 3.55803362015314 3.558033620153284 0.8895084050383283 0.0 3.9780025204460783 7.171446030696794 0.8895084050383149 7.171446030696704 7.171446030696599 3.5580336201533447 3.558033620153176 3.55803362015337 3.5580336201531226 3.5580336201533016 0.8895084050383499 3.978002520446168 0.8895084050382238 3.5580336201531457 1.779016810076554 0.0 3.6675371088476094 3.5580336201531546 3.6675371088476183 3.5580336201531733 3.558033620153138 3.5580336201531573 3.6675371088474944 3.5580336201532434 7.1714460306966 3.9780025204459384 3.5580336201531813 0.8895084050382459 0.0 7.1714460306967185 3.6675371088476134 0.8895084050383602 7.116067240306338 0.889508405038233 3.5580336201532403 0.0 5.410668396552204 0.8895084050384149 0.8895084050381965 3.558033620153169 7.17144603069671 0.889508405038147 3.55803362015315 3.55803362015312 7.171446030696623 7.171446030696716 3.6675371088475734 7.171446030696686 0.8895084050383523 3.558033620153136 83.61752262151056 355.9898538218667 592.1829315299408 352.68029945892084 136.1714261661098 390.15859246982063 520.8938811407635 379.28986923301227 96.71956833707614 355.96450797056025 638.4947749239324 313.05214200011335 150.58124624854727 394.8492235663554 567.8889441131457 360.1207605975381 67.46061133057412 343.50056940078076 498.3385463963895 390.4241817217648 111.63829094145784 378.9627007903032 642.6959481280268 315.8270989690702 60.5929223119277 337.2729409850192 596.2705653718236 335.62004617433166 108.62467754194796 370.6234194979633 596.1252529120073 340.56122586070313 90.69530696336952 355.70393292719 609.2134110320379 342.6619826761846 180.1402617594289 413.1686276821907 520.1876876820467 383.30724452423215 33.02299967272375 332.7768191293746 511.76016933442446 388.49831439250084 104.13258369862345 364.8068089955487 553.4577841843218 366.60454087895585 168.80146221602186 414.0021008821588 632.5875061818157 329.9585127870447 61.463663734091654 343.33389773973545 572.0320397274711 349.2710284364024 75.5914666231927 355.90815509940404 574.8420217562287 344.70896529525766 143.92399846290138 391.202229509936 563.9093379508763 349.48166067620707 121.49387181620978 370.58876553542206 618.8781246461691 329.9149850985593 97.26707654898064 372.0644954599106 504.84108497597254 386.17796724727293 34.546327353478084 328.72950472057 532.8065367427902 377.7878326936971 110.61688917771318 364.0888084387532 619.2698190333158 322.00503239064994 187.0913702117941 418.40015927605583 545.1202801407264 358.0961498288226 52.76358730933672 333.2117636481887 561.8549066380444 366.22294125899924 164.00056281249903 403.17063591562714 599.8364012702805 343.8324262720727 114.30208981288894 369.66867035743195 535.8514643610823 370.44655372959227 28.776824778877582 323.62580212157235 577.6631470527292 355.6906456816609 43.01159024445875 329.71717585918236 579.0430367404681 360.05306500996596 67.70174862164833 354.1749314630179 545.2837462557105 370.63928615598763 197.04466105963505 428.0207309422527 510.6502354125394 393.09205801180605 96.15763150976551 361.1797892997714 497.1361275502866 398.05973591564094 176.80852679074368 416.4448680058929 631.8008502633185 313.854420769893 128.9417114683001 377.0505408677689 581.6125575955737 345.0048194598461 49.18420050280912 344.4886546029275 561.2371574827963 354.00382661116225 122.39546294035878 376.45010126046407 552.7175362979351 353.8770440533755 144.86649380591837 401.311015733396 616.7574614604334 335.77934738041495 130.0566016371814 384.7537667130296 493.954162081005 387.18074744228704 124.26649249312906 386.15965475817075 653.9602012681322 313.9517803163573 21.567027289278933 323.76449503412334 541.2925151190013 375.9867484408721 79.05075989374573 350.35736536447115 555.271736695802 359.2886657820824 158.65480048169948 405.4598201264745 630.9193780674877 323.5190166099584 119.83518370563228 380.9128324625364 530.9437174836249 367.7399878953195 149.92089233171347 400.22373636655584 550.9924302312279 363.15794786435845 46.345549004582715 339.61299806447914 588.5529386000954 342.9264292588463 70.03819944213348 350.0552959212058 626.618845068822 320.4445608156665 129.2477497973078 390.423810019271 651.5841094573552 309.990200446267 140.2384606473655 395.84743097137044 519.6718591866126 375.14299997169053 102.21494197780424 359.94436226948176 646.5904649975117 319.15992438891794 61.20625826202568 347.8382151786454 534.62787535124 363.15261105504237 183.1844574732921 422.1086623293716 527.2026596085667 382.2995692707389 27.389205896306716 329.1800783267472 541.2069185963145 367.0280541602782 88.38028333160918 360.3620287824529 587.6454387341403 347.4367380226869 84.88096620350163 364.27898261859616 523.776893062978 370.34824980595045 157.16179625033433 398.5050963399688 590.7966978696104 338.56636229832253 196.0920908006559 423.2346659885868 603.8957581172077 331.33231930945453 75.46982075013435 344.6963595812687 623.6642917416117 335.46594022630524 37.063493708268986 325.1604798549508 625.3667913004018 329.9920276871933 115.96644797230101 375.6514098212569 601.8523116471132 348.01571691424306 190.75359145387898 424.02476319510754 637.9433942455216 324.31278483126295 143.79985617242258 385.6766500972443 560.23543967421 361.53303918228136 174.2213186006937 410.9665189047567 551.2495239848856 372.1681239400383 170.81698243224554 405.4959980000956 496.7389859335993 394.6206974158138 85.43531901177238 350.09023846795526 528.1817334858617 375.2195365450074 23.327729363202007 319.40886191845794 569.8937997950277 353.52176741096713 135.5096143551016 381.99533506794523 511.5582006428072 381.61998565636907 152.17580474187395 404.9944158240493 584.8284853824536 351.9675723365406 97.03177526521742 365.76036151559504 571.4443965737335 363.13766930811556 108.05987981198919 374.8972703393504 611.1591569120799 329.41647827326597 55.47583916622177 338.60548831111197 643.8466377117564 309.3054786802024 166.9717973950767 409.1955191538626 577.8199319796182 350.7505339689124 115.82584298190505 383.236046189123 541.4834178308698 363.0767876981539 42.76107921528303 334.23206243070183 606.3062535219615 338.3957119614315
500.0078258106861 3.5580336201531324 0.8895084050381644 5.4106683965522695 0.8895084050382029 3.6675371088475357 3.5580336201532274 0.8895084050383938 3.5580336201533176 0.8895084050383331 7.171446030696575 3.5580336201531413 0.889508405038322 3.5580336201531235 3.558033620153059 3.978002520446052 3.5580336201531706 3.5580336201531964 0.8895084050383228 0.0 3.9780025204461773 3.5580336201531564 3.558033620153085 3.5580336201531235 7.171446030696535 3.6675371088475375 3.6675371088474646 0.8895084050382128 3.5580336201530955 0.8895084050382931 0.0 3.558033620153243 1.779016810076615 3.6675371088474633 7.171446030696739 0.8895084050383193 3.5580336201532345 3.558033620153181 0.8895084050383354 3.558033620153193 7.1714460306965035 3.9780025204461222 1.7790168100765902 0.8895084050382058 3.5580336201532887 3.9780025204460214 3.558033620152978 3.558033620153164 0.8895084050382791 3.558033620153124 3.5580336201531573 1.7790168100766288 7.171446030696518 0.8895084050382079 0.8895084050383029 2.490623534107138 3.558033620153144 2.5159097005000186 7.171446030696712 7.171446030696581 7.1714460306967265 3.5580336201532097 0.8895084050382885 3.978002520446119 1.989001260223066 3.5580336201531013 3.97800252044617 3.5580336201531804 0.8895084050382887 3.5580336201531515 0.0 0.8895084050382621 0.8895084050382838 0.8895084050383592 0.8895084050382357 7.1714460306966945 3.5580336201531484 1.9890012602230602 0.8895084050383073 0.889508405038243 3.6675371088473585 1.9890012602230642 3.9780025204461564 1.989001260223032 5.410668396552274 7.171446030696623 7.171446030696719 0.889508405038249 7.116067240306477 3.5580336201531733 3.6675371088475095 0.0 3.558033620153313 3.558033620153152 0.0 1.9890012602229448 0.8895084050382174 3.558033620153168 3.558033620153282 0.889508405038247 3.558033620152996 3.5580336201532017 0.0 0.8895084050382954 3.6675371088477022 7.171446030696653 3.6675371088476996 1.7790168100766695 3.558033620153172 1.9890012602230276 0.8895084050382537 3.5580336201531484 0.8895084050383499 7.171446030696681 3.5580336201529916 3.558033620153088 3.558033620153028 7.171446030696577 0.8895084050382276 0.0 3.5580336201532115 3.5580336201531413 7.1714460306967105 3.558033620153129 0.8895084050383117 7.171446030696615 7.171446030696751 3.5580336201531466 3.5580336201532057 0.8895084050382858 0.8895084050382446 3.558033620153158 0.8895084050384381 3.558033620153192 0.8895084050382289 3.978002520446028 3.558033620153352 3.6675371088475632 3.5580336201531857 1.7790168100766428 0.8895084050381445 89.3034692066308 358.97980739926936 586.4592677339208 354.302204640538 142.41631249768108 394.1780057455415 515.0267762327488 382.19021023811734 103.3917791538076 359.19836191716485 629.3928893626891 319.11076439390825 155.31650076136427 399.5191705833912 562.2517730524866 361.99391915069157 74.80532275776712 346.52067129641927 492.34599217402285 390.9640419887193 119.57963755305322 384.0306416294994 638.669663897474 318.7698216086069 68.46775263131526 341.4093753086505 590.4659426505045 338.41716022541175 114.50328241991883 374.30274067136537 587.7191495109375 343.52037006212345 95.94299891806618 358.46509973826807 606.1985183825833 343.1336037890752 189.6688216910513 418.4285740178623 511.8003330328058 386.36488351939823 40.54971391332782 337.5747288427313 505.13860509267874 390.5174367647096 110.45371597268249 368.70970125364255 545.0370365297614 369.4568350710577 176.68513892400935 418.156046440116 626.5806117377477 333.41982568406803 67.9112113900278 346.9994266700636 564.5451693814981 351.81504584502903 80.84125028480824 358.66662547046866 566.2090585158219 346.9543917746918 149.71475689822762 395.01602528442527 556.7874736012608 353.1272317063981 128.7026092839425 373.88076056729346 611.656373252177 333.13284894549486 100.99234396096057 373.4749442791106 500.00146413925535 387.202778577453 41.980558969364374 332.6416506335485 528.8758447407583 378.4105969522978 116.49827637825203 367.7661577606533 611.030416620752 327.6869118360317 193.58043194719255 423.86924252075636 537.4505074275668 361.7257481655141 56.47073392543824 335.7180863097191 553.6957342902838 368.2931173848219 171.66253015239775 407.69338864133584 592.4721837077278 346.7056961532414 121.71784237215627 373.61320296026156 525.7459609869428 374.654321856637 34.552326352100785 327.50553530213205 571.3632915171604 358.661110060163 48.69777898252805 332.7069404368883 569.6925488067805 363.2747435852534 71.7321187548248 357.12889358307854 538.7296102125176 372.8658183151744 205.7638298728676 433.65549747910575 504.0250140763196 395.0988206281903 102.16401947713436 364.62434801591826 487.4733017833641 400.090241613262 185.20791172772772 420.70597871006555 622.310483958974 319.1771140954747 139.128498970072 383.1388288160006 574.5538671045023 347.29412921438023 55.07892724599418 348.1437559946843 553.5495881915095 357.54098162931206 130.46307982194435 380.2187982560339 546.3550030945696 356.66184528313784 152.40982130165824 405.03842072144636 609.5093734194123 338.9321556578034 138.5339984794691 388.81979493455276 487.45035903731787 389.6502021078558 131.85067782307388 390.82615690953423 647.2932784067053 318.2307516010526 24.833191459712747 326.04500807086555 538.5222834578 377.05744756074375 84.18526655691103 353.33491056001037 544.6792255531002 361.86301561541035 166.5220194188661 408.6508635608627 626.0285900745876 327.01189305943996 127.3206674164264 385.76988830350473 522.185153681888 371.2844515709648 159.29245669037363 404.74687841219475 541.6277139368179 366.2974267032471 52.03232659372858 342.60143854777374 581.1559148006594 345.68837259140923 77.03793724259475 353.7322714199027 618.7818605939038 324.71323345969364 136.3402477382985 395.99569059101344 645.6393085286503 313.5402568493677 145.78465320648317 400.09978912329484 509.64313945432104 379.6776096922578 108.20633720947998 363.94383464346953 639.0806167476792 323.9966011609405 69.19622748957627 351.75541742855785 526.298697237631 366.3756072065257 189.77227282322806 426.47373507368343 522.508946602357 383.8693782009718 32.40608909342631 332.38073571733867 531.5374078198303 370.91937868485553 95.26319376805995 364.262166767035 579.291948548424 350.4918896256075 88.38001074712473 366.120046600862 515.8123354996593 374.89510552786413 164.2498435737231 402.0496736777046 583.2393978445539 340.91750634244346 205.28813927884218 429.03565448303914 596.4069985283877 333.8866375183062 82.46941592624538 348.3734324234387 618.0560335529806 337.46354061114516 43.18563921421268 328.38260351925373 619.8879009325532 332.2619830991921 123.81236437092238 379.8399540296228 597.9828250723859 348.9964519827644 198.9992775129613 429.4809889020245 632.2933424024161 328.504271235111 152.551611340691 390.2973301998131 552.4040577498863 363.00408453791397 180.72981001301616 415.4847502818353 547.6193707988 373.8073033482547 178.70547736727107 409.63330414630843 492.02016408649905 396.1055340180949 91.67410694386795 353.09043339932515 519.6795378928575 377.8620173575748 28.112712606093204 323.04795953420967 561.6884348784689 357.04538642306795 145.66672512236255 388.1499659240888 505.0015079357245 383.8821817484388 159.57675059174866 408.9838834973155 577.5410566593283 355.08805748363113 104.02697398178775 369.4475062738298 561.9852247415936 366.0222516491542 115.4809993414588 378.8352891672175 604.7012337633195 331.9130030397903 61.37073272721296 342.2603787557841 638.8737546493227 312.5938472273129 171.43614977202077 413.2954613388211 570.9101054147786 353.43623117541796 124.83273265566073 389.4584668674086 533.0380366607347 365.87323853450823 49.98966018662603 337.4735929663483 602.4625497864193 339.45955794115963
510.0078258106861 7.171446030696591 3.558033620153363 3.5580336201531892 0.8895084050382303 3.558033620153184 0.8895084050383624 0.8895084050382656 0.889508405038277 0.8895084050383758 0.889508405038335 0.8895084050382872 0.0 0.8895084050383172 3.558033620153062 7.171446030696688 0.8895084050382392 3.5580336201531226 3.5580336201531115 3.6675371088475655 3.5580336201530964 7.171446030696697 10.674100860459522 7.171446030696699 1.9890012602228748 1.779016810076677 0.8895084050381505 3.97800252044612 0.8895084050381895 3.558033620153134 7.171446030696834 0.0 3.6675371088475726 0.0 7.171446030696656 3.667537108847591 3.5580336201532488 7.171446030696604 3.558033620153126 7.1714460306966235 0.0 7.171446030696709 1.7790168100766182 0.8895084050383597 3.9780025204462053 3.5580336201531955 0.8895084050383375 3.5580336201532075 7.1714460306966545 3.558033620153191 3.558033620152968 0.8895084050382748 7.171446030696597 3.6675371088475646 0.889508405038234 7.1714460306965835 3.558033620153198 7.171446030696598 0.0 7.171446030696639 3.6675371088474145 0.0 3.5580336201531337 3.6675371088475655 0.889508405038326 0.8895084050383528 3.6675371088476463 3.9780025204460583 3.5580336201532745 0.8895084050383603 3.978002520446084 0.0 3.55803362015306 1.7790168100765915 3.558033620153159 3.55803362015316 3.558033620153223 7.17144603069662 3.558033620152975 0.8895084050382487 0.8895084050382844 0.8895084050383205 1.7790168100766288 0.8895084050383653 3.9780025204460743 3.558033620153116 0.0 3.558033620153169 7.116067240306172 3.558033620153131 1.9890012602230682 0.8895084050383293 1.7790168100765729 3.5580336201531706 1.9890012602229017 3.6675371088475184 0.8895084050383765 3.5580336201532083 0.8895084050382436 3.558033620153152 3.5580336201530702 0.88950840503822 1.7790168100764994 0.889508405038233 3.5580336201530325 3.978002520446072 7.171446030696697 7.171446030696678 0.8895084050382663 3.9780025204460623 3.558033620153066 3.5580336201531306 0.8895084050381741 0.8895084050382667 0.8895084050382281 3.667537108847631 0.8895084050384114 3.5580336201531786 7.17144603069679 3.5580336201531844 3.558033620153238 3.5580336201531066 0.889508405038243 0.8895084050383196 3.558033620153201 3.5580336201531413 0.8895084050382414 3.5580336201531795 3.558033620153188 3.558033620153216 3.9780025204459464 3.558033620153186 7.17144603069653 3.5580336201532234 7.171446030696429 3.978002520446067 0.8895084050384373 3.978002520446067 3.558033620153055 0.8895084050382636 0.8895084050382306 95.27241144096074 363.5435372625142 582.7260709039149 355.57606033823083 150.24405450709858 398.41299855994237 504.5716985822196 385.1688857660344 110.77326807519536 364.26122864373684 625.0028737077103 321.3734790940689 161.5615350334365 403.5214623798972 556.4338447923362 363.2577731517335 81.79932150959114 350.20742795148044 483.70022413090527 393.0484135819216 127.76237098480081 389.66151835434783 631.6139558073969 322.3605039024132 72.19707773498209 342.81270155029165 585.0435845651067 340.8648399821635 122.71201840052295 379.89561124210775 581.4282217682096 346.4863086622154 102.78060908256617 363.5008662775073 597.9679923047171 346.5069509531994 194.28784255852588 422.22061184318835 502.8899956281695 389.42202284131145 46.23617879089059 340.56386697253856 495.6046915334528 393.132029914769 121.7558834419621 374.823192125915 539.1368399442343 370.39895530650944 182.8266989188753 421.3911222043394 619.3175643469041 336.53512836627726 72.60555167015077 349.7494652038288 557.4677050058815 354.03437028301704 86.61231102311616 362.55569247427644 557.5837007545632 349.17349752763687 157.33218808469746 398.6314615977613 548.4205330169842 356.1873251976071 134.5212156295046 377.654600703679 603.6342919313206 337.0661432894844 106.91629814319215 374.97104340026186 490.7001194342663 390.75315778858743 47.9670299783205 337.18422487930917 521.2478902263837 380.48852681611135 126.40700289132296 372.30476857503356 605.8108346243561 331.933488861844 202.4332679613066 427.44059165396817 532.3509953433971 365.48557185266526 62.93953698155291 338.28128884953964 546.1178494669244 370.54520245536037 179.6633657351026 412.6001112342047 586.1046954675771 349.4625938273832 127.42920090388746 377.5867964147786 515.8601067090524 377.8417995513833 43.3002002086639 332.1052233149686 564.054433060975 361.7582290683488 54.15481425332607 336.13306402104746 561.1351055401782 365.72214682582944 79.1878049769022 359.94158667071133 532.2685019881567 375.44464804257956 215.1943285827783 440.9153028185204 499.2309762652239 396.28161069052595 108.46675779668318 368.55435722173866 481.8723728349981 400.8651906300322 191.37412458752235 425.754208204878 616.3719467961799 322.84559681052957 144.40518885888682 385.8535460002264 565.7905943860452 349.118897923548 66.68133987185014 353.6870340769127 547.6834806457796 360.34557818832116 136.8703100287013 382.931489273827 538.912244346529 359.3712629003691 158.8251227792391 409.71979808967905 603.5147480853466 341.2387017448635 143.6248581088007 390.86249512532015 477.60256918646115 390.93601353044295 140.57128203589932 395.48052952085146 642.1965350393534 321.2803639675267 29.62107028843294 329.6806949072392 529.13362363791 380.18618717680386 92.48455937973691 357.72574486096903 539.1890762104377 364.2213145184473 174.45943417638136 411.7690154818023 620.5795816767749 329.38017798913125 134.1655012026981 388.72807424682776 517.6074388108523 373.28186310560596 166.53201280579836 409.9635225494051 534.1544510830015 368.9518662058856 60.090993744321636 348.51205402598856 574.0660123426447 347.8314646683267 83.27245877810336 356.7415750784541 613.6069260399863 327.7365182677792 142.9553249248149 400.36038889293576 640.4265032956665 316.3843524946025 152.3550190168267 404.5252133052101 499.5939260798711 382.2566612902921 116.2449707846006 368.81969598998893 632.6011248765279 326.4529879889534 74.5586665629043 354.2988570394293 516.3508800221828 369.3498162906744 198.62875082125788 430.04203953140313 516.655605360773 384.912744860757 37.309890788908326 335.7964388349674 524.8053925680318 372.52761669934046 100.79074766137185 368.59985925280347 571.9406238871258 353.42870370164457 92.45244366866616 366.8789554648163 509.30834312092986 377.36485964597654 168.86417822611196 403.97603749334786 575.8347181929762 343.7110802810419 213.20031989411302 435.00719939778025 590.5137868387865 337.86771753197195 90.33500854024267 352.53028106933516 611.9071018841167 340.73011661891593 48.98703380674257 331.15310289968147 613.3959682245684 334.64507812359756 129.99577734608616 382.9543514015036 592.3976528879809 350.9983491192927 206.05788964350052 433.1219204908621 628.0965183053573 331.2139590721375 163.25649411979833 397.44574573770166 548.8991252669547 365.0884644531681 187.85470927064108 419.93350152256875 541.9224502561095 375.45333520895065 186.13098166582324 414.52899517199836 486.1392221040479 397.00447019178506 98.19829408251516 357.6674226083097 511.4056813882825 381.3431883916159 32.37093720781516 325.5677940768722 555.8802953097894 358.3224108161556 152.5217740747682 392.09830727411423 496.92394557857216 386.17933226513753 169.13900603179837 414.19134242955965 571.1946338385592 357.9270313506006 114.27068231686322 374.39146513521223 553.6965108208524 369.34624726125315 125.10250226580628 384.9346770531412 596.749262335788 335.97141590185157 66.06652954023038 345.0091066254655 633.7154662217375 315.57645706134133 176.2308790013006 416.83074659314434 565.2694594989864 355.2768694000849 132.98451075295003 395.132161630445 524.5355889767628 368.4980861832829 54.31926126666988 341.98196633766383 596.5715789790983 340.6246718997236
520.0078258106861 7.1714460306965755 7.171446030696672 1.9890012602230427 3.5580336201531706 3.558033620153195 3.6675371088474535 3.558033620153069 1.779016810076604 0.8895084050382733 3.558033620153232 3.558033620153208 0.8895084050383179 3.9780025204460894 0.8895084050382819 3.978002520446128 0.8895084050382308 1.7790168100766683 3.55803362015315 3.558033620153239 0.8895084050383694 0.8895084050383534 0.8895084050383 1.77901681007649 0.8895084050384295 0.0 3.9780025204460223 0.8895084050382511 0.889508405038232 0.8895084050382555 3.6675371088477156 3.978002520446107 1.7790168100766979 3.5580336201531395 1.989001260222948 0.0 3.978002520446115 0.8895084050382421 7.171446030696687 3.5580336201531937 3.5580336201532416 3.5580336201531346 7.171446030696517 7.1714460306966155 0.8895084050384211 0.8895084050382401 3.558033620153212 10.674100860459472 3.6675371088474873 3.558033620153184 3.5580336201529783 3.5580336201531644 1.7790168100766335 1.779016810076602 3.558033620153272 0.6226558835268274 3.6675371088475854 0.8895084050383503 0.0 0.0 3.6675371088475264 3.6675371088476103 3.5580336201532146 0.8895084050382855 0.8895084050382337 0.889508405038216 0.0 0.8895084050382976 7.171446030696486 3.5580336201531613 3.667537108847631 0.8895084050383355 7.116067240306153 3.5580336201531693 3.5580336201532585 10.674100860459498 3.558033620153261 3.558033620153093 0.8895084050381882 7.171446030696599 7.171446030696606 3.558033620153099 1.9890012602230607 3.558033620153124 7.171446030696622 7.171446030696636 0.8895084050382777 3.6675371088475726 3.55803362015308 3.558033620153163 1.7790168100766628 0.8895084050382231 3.5580336201532616 3.5580336201531613 7.1714460306966155 3.5580336201531164 3.5580336201529756 3.5580336201531417 3.9780025204461733 0.8895084050383264 3.55803362015304 7.1714460306966625 7.171446030696627 3.5580336201531453 7.171446030696801 1.7790168100766663 0.8895084050381771 0.0 0.8895084050382314 0.8895084050383405 0.8895084050383264 0.8895084050383809 3.558033620153094 3.9780025204460974 0.0 0.0 0.8895084050382395 0.8895084050382183 0.8895084050382772 1.779016810076599 0.8895084050383426 3.5580336201532066 1.9890012602229987 7.116067240306281 3.9780025204459366 3.558033620153127 3.6675371088475437 3.5580336201531826 3.558033620153242 7.171446030696601 3.558033620153144 7.171446030696647 3.558033620152947 3.558033620153199 3.6675371088473527 7.1714460306966945 3.5580336201530613 0.8895084050382193 0.8895084050383159 3.5580336201531497 3.558033620153128 102.46176601781656 366.8741295433184 578.0130795398082 357.0598185360032 156.0047257438557 401.30912855519 498.9949923580174 387.31662497569005 116.21217955362212 366.68538452677353 620.39480794317 323.19114798990535 167.03585283701193 406.8890752938139 551.4097757242384 365.4809718980573 83.777151723664 350.70009451134035 470.52692241992133 397.395636669411 135.10774389939988 394.72943994373327 626.9633128939836 324.0143793302152 76.97436807818137 346.46409986899175 573.7621630684876 346.0902409764515 127.99729675317876 384.5945036687811 572.0554403228638 351.2610562423011 110.04396417718681 367.7354174165037 589.5480157578688 349.3652287506933 201.08099229148485 426.2745785394619 496.11214103461924 390.8365957619582 53.99225450292454 344.92632779353 488.82821193303374 394.5516170769067 127.66152163562657 378.4264057716104 533.0961415933858 370.76248011722896 189.83122700605497 427.88351729999556 615.9756908958302 338.87632152775234 79.35829542678101 353.8931500250078 551.4378501277329 356.30766550715765 94.68759641276311 366.3201844217757 550.3505326514347 352.57229740860237 162.8132104212254 401.9738464059109 543.940477918998 358.4751727165293 142.47664481393574 383.6421339558278 595.9620226141051 340.5651128147786 113.3308506649552 377.66318926005033 481.2280453486859 393.6001322918053 52.22440562738065 339.7057415253606 513.3439747203769 381.496385044925 131.57479980230877 375.2153567108314 596.9271160761865 336.4394489372559 209.20416867223406 430.6148829726968 519.7385665981355 368.0769690104437 70.04566355044635 341.7565811019571 539.5810531341647 372.863781905613 186.8566803811961 415.08876655587574 579.5960746012346 351.8144104333694 135.5268199371067 381.3428799116127 506.8211630547779 380.39332267291854 48.77763468089884 334.43062010548755 559.2452479437621 362.91638551202504 62.13947539622648 340.062316561887 555.6528661029733 368.11247024361495 87.15420403788262 363.9098443109435 525.6447355234741 377.4495387093616 220.69726821392354 445.8766543462217 496.83586167718795 394.83526038738785 117.19968327819161 374.2161326498645 472.622177206999 403.39803092700674 196.37097550613228 428.9477983581147 612.5884745227149 326.7256774469029 152.65354757005616 391.3094258516572 558.764886762638 351.4840340822024 69.76470304482457 354.20019135334456 540.6834529598228 362.8126376695111 144.6699131355309 389.1802088329452 532.573888683976 362.38696682643524 164.39414705238698 411.9842126673319 594.2722046689776 344.7407326915706 150.17175855326892 395.3228565104176 472.10517189024205 393.34851329995644 147.33756562969077 398.6115938879069 637.1996403414915 323.45380283852495 33.994495160398245 331.9814390362738 520.5887875291327 382.6706083992376 99.20635748667578 361.9139764798766 531.7613433262292 367.0190799048602 181.4438169693799 416.4476495833859 615.2298812340205 331.97576709293827 141.974607996774 392.99366252969645 510.79240333284724 376.5514056726966 172.53722064586148 413.40498665102996 525.3653579813634 370.533987121639 63.81761681559318 349.9217248775081 564.0378406610599 352.198673039533 91.9874250002655 361.40446913953997 606.1539241774451 333.19159222852704 149.48851828925353 404.8462094773529 633.7344471200701 319.5684556933562 157.38865626750072 406.713966447144 494.19223292276587 385.1159366153226 123.39897044466122 372.23355977708405 625.2918188351041 329.4648980339357 83.05391483864472 359.3753034804004 508.6319655411304 371.06818376974434 204.98343697006848 432.9490749285607 512.0440422762961 386.8361984521599 42.78764491156793 338.1208838916753 520.8129489566979 374.84126754629705 109.39032005230303 372.44253615190956 560.4440889416015 356.38956890445246 102.13535532164313 371.83274540286146 499.4783408004326 378.8072324713147 175.18715396718682 408.7849887204687 565.0562951884867 347.31096134907136 217.675487003155 440.83309057631885 580.6660896916177 342.7272173960674 94.10609920082793 355.9525165281789 607.338183191851 342.63971494700587 54.9934966513445 334.59436073267926 608.7633578149275 336.37770666938616 136.85322095101762 386.88638882662286 585.1185308969106 354.1690491174919 210.2402568438499 437.5786842018074 620.6719960747797 333.9365300945135 169.99719738741106 401.58067090908384 541.8259583906787 367.3316605565287 190.11219100176137 422.83144291871434 535.055234951559 376.56395881567454 194.21130053025928 420.2374140343097 478.46564795943374 398.91163543275866 105.79145298562041 362.3299775001694 505.53564037908876 384.3377941846596 36.97420349972274 327.4315246358171 549.3015623112689 362.2640567242479 159.28527466944303 396.1873793024709 485.5304108422307 389.5077656625263 176.0023472500586 419.06008938131845 567.3368956936243 358.841737588572 122.65761950356323 379.64638247297233 547.3833518558619 372.41872000386877 132.02382391187643 389.74409722488497 589.3540740080329 338.7775575117687 70.43449116661841 347.3208762937197 626.7071637421178 319.3066833092769 184.59207429840006 422.093474891478 556.0087953138618 358.8157919646637 139.69041686432024 399.32751356362604 514.9809560078152 371.99741180011745 60.784526512341095 344.5535856679783 587.8421734629676 344.13184155318953
530.0078258106861 0.0 3.5580336201531466 7.171446030696727 7.171446030696602 1.7790168100765575 3.9780025204459184 3.5580336201531098 7.1714460306968 3.558033620153171 7.171446030696708 0.8895084050383274 3.5580336201532177 0.8895084050382469 7.171446030696466 3.9780025204461285 5.410668396552131 2.8128725577845635 7.1714460306967185 7.171446030696599 0.8895084050382345 0.889508405038255 3.558033620153181 3.558033620153129 3.558033620153325 3.55803362015314 3.6675371088476236 3.978002520446044 3.9780025204458926 3.558033620153132 3.9780025204459166 3.6675371088475797 0.8895084050383 0.0 7.171446030696817 3.558033620153212 0.8895084050382597 0.8895084050383592 7.171446030696623 3.6675371088476174 0.8895084050383699 3.978002520446051 3.97800252044623 3.6675371088475632 3.5580336201531058 7.171446030696602 3.97800252044625 0.8895084050383478 0.889508405038273 3.558033620153107 3.558033620152977 0.0 0.8895084050381687 0.0 3.5580336201531924 3.5580336201531977 0.8895084050382551 7.171446030696615 7.171446030696739 3.558033620153181 10.674100860459548 0.0 7.171446030696438 1.7790168100765653 3.5580336201532243 1.9890012602229592 1.7790168100764805 3.558033620153153 3.5580336201531773 1.9890012602230203 3.6675371088475437 3.5580336201531084 3.5580336201531124 0.889508405038265 0.8895084050383113 3.558033620153145 0.889508405038335 7.171446030696581 0.8895084050382093 7.17144603069668 7.17144603069667 7.171446030696623 0.8895084050383011 0.8895084050382627 3.5580336201531266 7.171446030696608 1.7790168100765518 0.0 3.5580336201530307 7.1714460306966155 1.7790168100765482 7.1714460306966075 0.8895084050383375 0.8895084050382974 7.171446030696564 2.8128725577845977 3.558033620153172 3.558033620153188 0.8895084050381769 0.889508405038233 3.558033620152966 3.6675371088476103 0.0 0.8895084050383025 3.5580336201532585 3.6675371088476276 7.171446030696662 0.8895084050383735 1.7790168100765382 0.8895084050382462 3.5580336201530924 3.5580336201531635 7.171446030696463 7.171446030696686 0.0 3.9780025204460983 3.55803362015331 7.171446030696689 0.8895084050383765 3.558033620153133 0.8895084050382758 7.171446030696655 3.978002520446108 0.8895084050383671 3.558033620153373 3.558033620153215 0.0 1.779016810076474 3.978002520445888 3.558033620153197 0.8895084050383247 3.558033620153126 0.8895084050382625 0.889508405038228 3.6675371088475583 3.558033620153199 3.55803362015305 3.6675371088475797 0.8895084050382841 0.8895084050383668 7.1714460306967815 109.48813406308176 370.5063262932942 569.270301075399 358.8716635871268 163.58462989755955 406.8959496612167 489.772138033043 391.1715128783385 120.38457446516988 369.3418107576193 614.167365664469 326.24740361903247 173.20568018895875 411.92985440202654 543.8004027369611 368.56670020995267 91.24361253200813 355.5949410118738 460.57893809923246 401.1670960856938 142.06385182721212 399.4593070722665 620.646515154049 326.88332547959936 82.71609185587553 350.3942108993694 567.341726037712 348.7712241327808 133.33338623083628 389.16775003686706 564.9409466516015 353.33685270562626 115.7325672119759 371.2275807877554 579.7930183064543 352.9277693251182 210.4898535309502 431.7434379533496 485.3902277138602 393.80021509433396 59.46195031106873 347.2725555226148 478.7239633130227 398.9231545979915 134.18397999451588 381.9598469859705 525.6247730085204 373.459456536185 198.1351252343652 432.3266376900362 608.3571534391206 341.0163113714171 80.8611900542271 355.27005261357016 545.8473489167609 358.3674813810813 102.59357844460926 370.40884474820297 543.2805897933607 352.9918477312829 169.51989228438373 406.16002070191286 535.6091394116921 361.73676740868115 150.82973448820843 388.93402390913155 587.568836071989 343.5210870690026 121.29033527987384 381.66486871030634 474.52670946135606 395.3202759100407 54.26423552155474 342.1861574023539 503.75940800750897 383.90918421510366 139.85031179744237 380.65224577908043 593.074080405268 339.00299693548493 218.0745055288493 436.92002338891893 515.0113151034112 369.53559121284775 75.24502083082018 345.66023019162543 533.9084012079201 374.61057597884064 193.12038237837916 419.9701650153532 572.2180471563712 352.9908200365159 143.05243921499343 386.0867333382305 496.8159295141666 383.15765050738537 54.01692866633723 337.20722899217407 554.5540490494732 364.4900163931316 67.37315899891529 342.84843945974427 552.3176094119463 369.02783284126775 93.78229364163258 367.24295573288515 517.0860708344879 379.88416215912434 227.66832316716577 450.9323825451277 494.1365714180556 394.2413519217249 123.80926370206058 376.59315836071113 465.61487374472114 403.9348852777716 206.04851900576807 433.9982437016695 606.8022645153732 331.11470510461066 158.97743670108602 395.17970461527153 549.6611955837893 353.80423722865646 75.85982925444338 357.47522650673557 530.3650844647052 366.3170799673635 153.03546177554688 395.39925674471147 524.0303036774618 364.87459704113576 172.88962818226796 417.0359636483706 585.0120667801385 348.21166896949217 159.01839476305113 400.74661424200116 465.77949967992043 396.5182762346051 152.69128262402202 402.171259932404 628.8348825014217 326.47722388305954 39.99831878192785 335.42859980363534 514.8404534135358 384.12667251813315 105.6172418731835 364.6206621835363 523.5078452475485 368.66177031014274 187.27716759115643 420.16808526705165 611.2069155896531 333.9511918510945 147.5093281392884 397.2125547333572 502.3465920693769 379.440445779553 179.63201443629973 417.90385540636703 519.3255401231968 372.84330772898915 68.06039411910082 352.46981266946517 557.3134968979708 353.8552172522361 98.60227280374846 364.75993292032865 599.8241096362902 336.10250921392776 155.05329067331022 407.1216049783546 627.0177087752263 321.38511283671136 166.21616893366468 413.1013775101512 487.66667490462737 387.5324462302413 131.21547658599667 376.49039803683553 618.4738650237447 330.93726165689145 87.19847821174015 361.06035238543586 499.945641419195 372.9996483726136 212.92175117742124 436.5952754033306 507.0702920028925 387.31957329350877 48.02671390390387 340.8969627055057 512.2510064690974 377.26608192017335 116.3894065560354 376.1233148682705 553.3813151292876 358.63801864209415 108.2941544268798 374.99108219428905 489.8927171005426 381.22138460907877 180.1983170867756 411.95651501851313 560.4474715949559 349.1637584583873 222.01586695796564 446.8673789214375 571.9322799216892 344.59580782030685 97.69400124859173 357.637111169067 601.100634019071 342.6349826206124 60.116670182527464 337.5880542649108 602.8371162231809 338.89755093951493 143.38532712093604 391.3669830021187 575.8787861563868 357.7367492796037 215.2510142815781 442.57417823218185 616.121074820151 335.87044046869744 176.30272640185606 406.41462149434585 532.8079278916956 369.9652678622352 197.46678862195807 427.8418233382859 529.5685927719493 379.01930456325 201.29889018043906 425.66391157103084 471.7054010461307 400.40049897318244 112.93379298650714 365.7631653598007 496.6095135868337 387.33972417622414 41.872245407869464 330.8539232125995 538.5215324503756 365.9461511619929 165.7453054372307 400.77594789796825 480.86349685250724 391.21156425835596 182.10330992455042 422.3569733399848 562.1143112803592 358.5352907811165 127.84162607827261 383.51406958597374 542.5417471139498 373.457339710788 139.41838034092734 394.7181502449893 581.8887175340936 341.3887182084894 74.44071850978524 350.3050155509749 619.2032206571998 321.85508805630104 190.30505236310344 426.92199899324 546.754491321697 362.4215981065499 146.91644227958722 404.56715317239406 505.9374482889116 374.5330588717573 66.25084668731822 346.9059549018285 578.6481669678668 346.21680044287575
540.0078258106861 3.978002520446136 7.171446030696632 0.889508405038276 1.9890012602230396 3.9780025204460494 0.0 0.8895084050382294 0.8895084050383586 0.8895084050382589 0.6226558835267542 3.5580336201531577 3.5580336201530285 1.9890012602230276 3.5580336201532528 0.8895084050383089 3.978002520446124 0.8895084050382197 0.0 7.171446030696708 3.5580336201531346 3.6675371088475783 1.7790168100766528 3.978002520446036 3.5580336201532474 7.171446030696706 0.0 0.8895084050382999 3.558033620153064 0.889508405038355 7.171446030696468 7.171446030696665 3.55803362015315 7.171446030696666 0.8895084050382909 0.8895084050383378 1.9890012602229508 0.889508405038285 7.171446030696701 7.171446030696616 7.171446030696587 3.9780025204460405 3.5580336201531044 7.171446030696653 0.0 3.6675371088475606 3.5580336201532026 3.558033620153168 3.558033620153146 0.889508405038309 0.8895084050382801 0.8895084050382228 0.8895084050383487 7.171446030696573 3.558033620153229 2.490623534107138 0.88950840503836 7.171446030696604 3.9780025204461045 1.7790168100766364 3.9780025204462652 0.889508405038269 7.171446030696804 3.6675371088475575 7.171446030696478 7.171446030696668 7.171446030696796 0.8895084050383516 0.8895084050383277 0.8895084050382199 0.0 1.9890012602231162 3.558033620153175 1.779016810076501 7.171446030696617 7.1714460306966 0.8895084050382204 7.171446030696607 3.558033620153296 3.5580336201531186 3.558033620153065 3.5580336201531915 0.889508405038337 3.6675371088475646 0.8895084050382291 3.558033620153112 3.667537108847754 7.171446030696608 0.8895084050382189 0.0 7.1714460306965355 0.8895084050382239 0.889508405038327 0.8895084050382307 3.558033620153261 1.9890012602229437 0.8895084050382044 0.8895084050382346 3.558033620153152 0.8895084050382652 7.17144603069648 3.5580336201531737 3.5580336201530596 1.779016810076669 0.889508405038333 0.0 3.6675371088477244 3.558033620153215 0.8895084050382805 0.8895084050383661 0.889508405038357 0.8895084050383295 3.5580336201531293 3.558033620153076 3.5580336201532328 3.6675371088476236 0.8895084050382587 7.1714460306966386 0.8895084050383679 3.978002520446091 3.5580336201531098 0.8895084050383214 3.558033620153214 3.558033620153133 0.8895084050384139 3.978002520446143 3.6675371088475517 7.171446030696636 7.171446030696616 2.8128725577845612 1.7790168100764967 0.8895084050383515 3.558033620153251 0.8895084050382791 3.667537108847416 3.558033620153136 0.8895084050381801 7.171446030696676 0.8895084050383409 0.8895084050383637 0.8895084050381976 114.61910665983032 373.47609041162485 560.023344024101 360.6642714713726 168.73036570892017 409.8534678294817 480.3835974895347 394.34701911549996 127.92989148211109 374.0548427441778 605.8849589809673 329.52229871118465 179.04236777078796 415.64388814128864 537.228018427427 370.7831397144697 97.16564254735442 359.17807504497375 450.1862104037005 404.0077510787731 148.5341031189081 404.032478329658 612.2286457491608 329.7523139749716 90.69368000371135 355.3777306390611 561.626932430357 350.35373431384227 140.05804118828627 392.3826145316982 556.5741936915186 354.6152689061653 122.00647396041082 375.17897981717823 571.4491321274596 356.1079477595148 216.86711787115365 436.44353664108706 473.7350543635137 398.07915815287447 64.44491533522623 350.5335967628966 470.3588379925439 402.1043653731041 141.33605747620248 385.41824913736895 518.2049947872775 376.3651579364783 206.31040029479365 437.88585621545747 602.5557205231705 342.36156485031285 89.06909160647066 359.8266154850473 538.6768091025864 360.2586754248572 107.615588204552 373.5667387030995 533.7865232463607 355.7439440891072 176.3497968648267 411.07490395053765 532.2117061929466 364.3978561839433 158.00321674378338 394.24941895740744 580.418209497046 347.1974313913472 129.52506348262085 387.1455914523287 465.1432889474297 398.51134335352924 60.03927153858117 345.0116181838011 496.03466879351197 385.61611527737995 147.32634131686427 385.4769865225172 583.1633507747317 343.788003049497 226.5141017101178 442.0694440472352 507.1643686705701 370.75608642703264 85.13775175315507 350.2310422070704 530.0176636640319 375.35175919130774 201.16624851391887 425.7308599160314 565.2224341777651 353.6766839870423 150.5096920056536 390.9430847750744 487.1787799031361 385.36019152035556 56.0467072092786 339.69717293207077 548.6995352642207 365.54536219213145 76.81582103536628 348.2475312377855 546.4602724769976 370.06937254813164 100.77687349998232 370.92661251463653 510.13684108964173 380.62378542756665 234.03390979635546 455.8327511492326 490.06185017578304 394.26478860856673 132.05217863519783 382.0770104273808 457.96008678197654 405.9150078991912 212.57383491913515 439.3807775275003 597.2546887865554 333.7014888510273 166.1226196485748 400.5267037840716 541.7691969375377 354.88423531193774 82.52356085224493 359.7256533317247 523.4164209907326 367.0719714534617 159.48195430848233 400.00233277732474 514.5743771682468 367.79160046354804 179.6897900717153 421.0776288730804 576.6924537636764 351.44109730353114 164.61509893735843 404.84288652750416 457.60118034654056 400.4206365329578 160.51782892936782 407.3649444721274 622.2294093526077 328.55539388245126 44.6479903180519 339.30620423445515 508.97090947909646 385.1031397029421 112.96827335953132 367.6989444890822 514.5900380449684 371.691482779937 195.1618810956808 424.35117466766087 603.3757213426143 335.45843530447263 153.25600124601564 401.0731306920416 494.14431786454213 381.2710623267789 187.38916984609605 422.28558840145485 508.3673786318291 375.8719218917757 74.25828265309775 355.5589421571567 550.3778240968263 354.7097446179537 105.22998422256656 367.10655245807254 589.9057219076743 339.1808961714932 164.51863259532166 412.49736758187913 621.3360684235967 323.1129872657113 171.6214436285262 415.6508666916049 476.3644317004136 391.2027377665982 134.86166147086954 378.0988619159692 614.3436200907137 334.16347594655434 94.10320495961285 364.9173760048985 491.50721155840534 375.90784317159 220.12926505814318 441.8315415525182 503.11695685607316 387.8128026537912 53.01863061927034 344.13502509276253 501.7726330374548 380.17479864190256 124.05441632279859 380.6383310924349 544.6588762807374 360.4573332683357 114.78432607503296 377.6004627766206 479.6681149605929 385.1160185640469 187.29136111192656 417.37448744695524 554.5987351914966 350.2615348277895 226.46323777558337 450.91253504102355 565.3385039263602 346.7090653951136 106.29588588440068 362.50199160693785 594.420814662102 344.4448190028076 65.6938580880786 339.7415238964129 598.3691520929993 339.5248995943811 148.43949566330164 394.4741835286277 567.3823702867513 360.40022240328875 220.10045433981892 445.9961707581347 609.1630242399951 338.4372679107818 184.6392301381481 411.7203258455562 525.3932785178289 372.88188435352725 205.49475497575884 432.71759531632796 523.8224160450728 380.48222931224956 210.7070088105029 431.1349269851679 463.39466602171956 402.8048926253529 119.77849743746165 369.7276419848705 488.11293840493636 390.0176120911492 50.59212008325846 335.508213467813 531.0530204806273 368.6444475672252 172.16526627528157 405.41661943161904 469.6269432006855 395.1327360756466 190.28899004130605 427.90210845002923 552.3171130912143 360.16534552310395 135.84603705316667 386.0245696639597 538.77697766049 374.6934667168063 144.34463339813374 398.03028190625093 576.3367070316862 343.53637135554885 79.16662467975029 354.01422289052556 612.9853321089306 325.02625155757215 198.45412013147416 430.69445329640376 541.2749860363288 364.89676063811453 154.98855718959447 408.4293445363704 498.27242242374035 376.47608165450447 70.79557008287102 349.9352975981465 571.6015137980407 348.5180273585983
550.0078258106861 0.8895084050382432 3.9780025204462293 3.5580336201532394 1.7790168100765245 7.171446030696713 1.7790168100764754 0.0 3.5580336201530023 3.5580336201531932 3.667537108847631 3.6675371088475632 0.889508405038415 3.5580336201531355 3.5580336201532976 0.8895084050382668 1.9890012602230682 0.889508405038329 3.55803362015311 7.171446030696631 0.8895084050382254 0.0 3.5580336201531675 3.5580336201532243 0.8895084050381576 0.8895084050383497 3.978002520446135 3.5580336201531635 3.978002520445988 7.171446030696657 1.9890012602229197 3.5580336201531773 0.8895084050383282 3.5580336201531853 1.989001260222972 7.1714460306966545 0.8895084050383057 3.558033620153156 3.5580336201530636 3.6675371088475477 3.558033620153173 0.0 0.0 3.6675371088476014 0.8895084050382565 3.5580336201531595 0.8895084050382539 1.9890012602230651 3.558033620153061 7.17144603069666 0.8895084050382857 0.8895084050383587 0.889508405038286 7.171446030696632 0.0 0.8895084050382994 3.55803362015312 3.5580336201531506 7.171446030696584 7.171446030696552 0.0 3.5580336201531506 3.667537108847675 3.558033620153155 1.7790168100766193 0.8895084050382581 1.7790168100766488 7.171446030696698 3.558033620153165 3.558033620153102 3.558033620153077 3.558033620153212 0.8895084050383714 7.171446030696607 7.171446030696658 3.558033620153221 0.0 7.171446030696678 0.8895084050382865 0.8895084050383683 1.9890012602231302 7.171446030696573 0.8895084050382495 3.6675371088475703 0.88950840503831 7.1714460306966785 0.8895084050381787 0.0 3.558033620153207 1.7790168100765158 0.0 0.0 0.8895084050381866 7.17144603069669 3.6675371088475033 5.410668396552303 3.5580336201531195 3.5580336201531266 0.88950840503834 3.5580336201531293 3.558033620153111 3.5580336201532043 3.6675371088475575 0.8895084050382573 3.6675371088473865 7.171446030696687 3.6675371088476334 7.171446030696607 0.889508405038339 3.5580336201532097 3.5580336201530245 0.8895084050383425 3.5580336201530653 0.8895084050382462 3.558033620153053 7.171446030696612 0.8895084050383543 0.0 3.5580336201529623 3.9780025204460445 3.5580336201531226 0.889508405038248 3.5580336201532634 7.11606724030637 3.558033620153231 0.0 0.889508405038217 3.6675371088475863 3.9780025204462373 3.5580336201531666 3.558033620153256 0.8895084050381987 3.5580336201530365 0.8895084050383358 7.1714460306966865 7.171446030696647 3.5580336201533247 3.6675371088475783 3.5580336201530884 0.8895084050383073 7.1714460306967105 122.37916139348962 377.83545850881205 550.759272572435 362.3476861538052 177.49399730960468 416.3310549359427 473.6230181037759 395.8371439035208 135.52914795691206 378.6794792332195 597.5181141014745 332.61592486611977 185.0313775059233 420.9522433973975 532.3794052846042 371.7684597111412 105.35960025603036 362.78323063615045 442.66449218200756 406.8971664266414 154.25622310348695 407.92672152289896 606.4310660928975 331.0695661944013 98.40932159400417 359.80300069757965 552.5554754475929 352.76701535579605 143.5985914229259 396.04442099479115 551.8207466870788 357.9099274705697 129.35695957924247 380.20766897582604 562.4536787586113 358.8034773074019 222.84187085403397 441.7675340349737 468.0554926246866 399.80240591093605 71.40921208578443 353.26113156551065 464.865007306041 404.5457692460299 147.5989053772266 388.44249242281654 512.8236907594489 379.2644559565887 212.124797178988 441.6350744317221 596.6100048542372 344.9203703420556 99.34908750411321 365.7343469023417 528.8582568652939 361.75990923653825 115.08608826714759 377.431142162215 528.70636644128 357.8154819541212 184.1074106596077 415.45516440898695 527.2492553144377 366.9374596698172 165.65792848195494 398.7892947738502 572.1812766732019 350.7897802151535 134.05737952711638 391.09763348943585 455.40563154634555 402.30592801526745 66.96689423029396 348.8281281621906 487.35714459224977 387.58748118436824 154.92941601490003 391.9561118687374 576.3581920436715 346.97658940274454 235.51596600367344 448.1705062754206 499.62463842354083 373.18739626970705 92.33168452852956 354.5913245826018 525.1676313029255 376.3307964885329 208.77707387360465 430.3416389918935 560.5125012250605 355.19955373139567 158.7778720531613 397.2932733078077 478.50336695118034 387.3399177570523 62.50825246691244 344.36725607632576 543.4989322480719 367.14415569188634 84.19974381086737 351.24621031643943 540.8414978295013 372.03140638770117 108.21835317258714 373.86372286194006 504.573386383615 382.8061898715272 239.0839439430786 457.1204934168368 486.1719401401146 395.0115656878535 137.94573910296484 385.69467751657015 445.8922143653122 410.5676508519383 222.55401777284771 446.7001272840842 590.8377113067115 336.38753696046246 172.7941722763674 404.77083061772186 536.9834534355987 356.1241640450053 88.78343226243177 362.71445627852006 517.9131086554186 369.49177676878816 164.51217268500352 404.06455334960253 510.98711437284834 369.72433967005435 188.83754804239476 426.95422259224694 568.3153818371287 354.52139886453045 174.88587285693072 410.793449196573 447.8470477580339 402.1780043818538 168.55522626049174 411.2988212517565 618.4665285475352 329.7735995072166 54.66890690715114 343.62530607864005 500.3522610893027 387.3048277641629 119.76485984812041 371.7432374188609 506.9882611521774 373.8800302351369 202.77372576557028 428.96046434940246 599.6634384961749 336.84433092963803 160.25218864995534 406.65143514055995 488.8177988356385 382.3821712674711 195.71441261499862 428.5251838758715 504.78019875020084 377.80542367874307 79.79003355105225 357.81317176356924 545.7812085981786 356.67955922050015 111.3194605068387 370.4034883455079 582.7150268907195 342.77641027874034 170.08595003099038 416.6343822694242 614.822618810729 325.46956800899966 179.68026746525425 421.3960951785578 467.0423461551536 394.6316410300681 142.30768039219117 382.970457383815 611.7413840825958 335.7624230545814 101.90792254347754 371.1565245628709 484.3402383048497 379.7881659709614 229.11777750307596 447.0416589373577 495.70186349630814 390.72993560509735 59.71635403216241 348.3652301933014 497.1686177646559 382.11648010732716 131.77979667410392 385.0502932052371 535.6109829657478 361.00841011495305 122.75146410778846 383.5335366844104 470.3452826208272 388.54339857095573 193.6882771099775 422.9583087844692 545.8687276455728 352.04353927130643 233.9648054246899 457.5160534765679 555.6049894938873 348.5614743822065 111.9554406411986 365.5529315843447 586.5460457142249 345.6733789596118 69.81544685057774 344.55213387811483 590.1712694979853 341.42574139154385 156.29194953637275 400.5595152511798 556.943861178593 363.45098178653336 227.03949541482336 451.648524516195 602.6230286930531 340.69084461862354 192.13986727008324 417.41762359934836 518.6274349277252 374.34812624182564 211.71114904123385 435.84357522211087 519.8690634487358 380.97766544980715 218.45032021551938 435.5404433810638 452.70022238546363 406.8471236775671 125.84281424316515 373.0740326339351 480.45589009907593 391.9902458339799 55.87831463983441 339.23615752054553 524.6538217703539 371.55031367237615 180.04361897738437 408.68845041324346 461.32435059674447 398.5555394178858 198.86587464226145 432.8379325269941 543.3962850207429 361.2103200136569 141.63274478976805 390.76548421088677 532.5529318119048 376.2840074429039 150.0765441832186 401.9123818745488 567.8980023858505 346.3883284529221 85.31182254092526 357.19165435394757 606.3214926138253 326.85790958578275 206.88144988423718 434.9504708407484 537.3220826797818 365.3999653254417 161.23011355901443 411.50487615961896 493.4856050787818 377.70249565566 76.88960832215304 352.1935362985052 561.9368489408755 350.6390949844561
560.0078258106861 3.5580336201531964 0.8895084050383624 3.5580336201531515 3.558033620153247 7.171446030696564 1.7790168100765478 7.171446030696717 3.558033620153241 3.558033620153107 2.4906235341073235 3.6675371088474957 1.9890012602231075 0.8895084050382416 3.558033620153072 0.8895084050381958 0.8895084050382281 7.171446030696634 1.7790168100764883 3.558033620153167 0.889508405038252 1.7790168100766437 0.8895084050383423 3.558033620153237 0.8895084050383756 3.5580336201532394 3.6675371088475877 3.5580336201531457 7.171446030696531 7.171446030696623 1.7790168100765282 3.5580336201531817 1.7790168100765182 1.7790168100765256 3.9780025204461733 1.779016810076667 0.0 0.8895084050382348 3.5580336201531324 3.9780025204461174 1.7790168100765391 7.171446030696674 1.7790168100766595 3.6675371088475246 0.8895084050382356 0.8895084050383399 0.8895084050382881 0.8895084050383298 3.6675371088476134 3.558033620153132 3.5580336201533536 0.889508405038288 3.558033620153074 0.0 7.171446030696593 0.6226558835268274 3.5580336201531497 1.9890012602230815 7.171446030696532 3.5580336201532394 7.1714460306965195 3.55803362015311 3.5580336201532337 3.558033620153172 3.5580336201530214 0.889508405038304 1.7790168100765007 0.8895084050382007 3.9780025204460343 0.8895084050382872 7.1714460306966465 0.8895084050382337 0.8895084050382851 3.558033620153195 3.5580336201532052 3.5580336201532026 0.8895084050384009 3.558033620153145 3.558033620153285 0.8895084050382294 10.674100860459426 3.558033620153186 3.558033620153214 0.0 1.9890012602230247 0.889508405038313 7.171446030696519 3.558033620153172 0.0 0.0 3.6675371088476476 5.4106683965521665 3.558033620153126 0.8895084050382274 3.5580336201531537 0.8895084050382382 3.5580336201530955 3.6675371088475357 0.8895084050383154 3.5580336201531764 0.8895084050383337 3.6675371088476045 7.171446030696582 3.558033620153225 7.171446030696687 0.0 3.558033620153228 3.5580336201531537 3.558033620153158 3.558033620153201 3.558033620153322 3.9780025204461182 0.889508405038253 7.171446030696601 0.8895084050383538 0.0 0.889508405038344 3.5580336201531275 0.8895084050382928 3.6675371088475464 7.171446030696624 7.171446030696587 0.8895084050382789 7.11606724030632 0.8895084050382926 7.171446030696656 3.558033620153053 7.171446030696718 3.978002520445984 0.8895084050383727 3.5580336201532594 0.889508405038189 0.8895084050383939 0.8895084050383331 3.558033620153252 0.8895084050382985 0.8895084050383109 0.0 0.889508405038379 0.8895084050382174 0.8895084050382667 130.04826112201124 381.3977466258991 543.0413248866168 364.0845866052213 185.6740923533554 421.8834252935758 467.40328430898506 397.4451296704969 143.33803585902356 382.9661453953678 594.3242364664756 335.83696300942455 192.77766234879047 425.35189695570335 525.6148296570108 373.2405325492388 110.4509810955462 365.81875956045184 434.9329186179111 409.76452373029383 160.6234188294223 410.80906677774277 601.6368311812628 334.0205754152469 102.7609124275844 364.0980065575643 543.1105857289416 355.7165236244356 149.71488849232463 399.32052734478276 544.5817149755716 359.5221159483139 137.82282679945942 383.43941551940134 553.0207126582715 361.78579055163493 229.2182380936877 446.4688727418983 463.39490306003717 401.5181026896444 78.46279044455508 357.86092807098805 459.1238554971118 406.03060854473875 153.49209505205027 393.9200347757998 505.4099597144777 382.1836400258841 216.5723520190028 445.68003553541007 588.5959649399817 345.6283760253477 104.66210378152579 370.33728346810085 515.5127736114979 365.42341282378936 124.74497346657276 382.4694291877021 520.4544488575176 361.4520436843214 190.47487689556945 419.2586275671684 521.2586493359738 367.4463135753652 172.89083111243997 403.9856385773776 566.0994131775506 352.92056457456755 139.78757619544183 394.98031913352867 448.95511817644007 404.9951607714939 73.72648421109834 352.9367365306399 480.5966648403627 389.0768919532724 159.9391033845907 395.13046283716545 571.2994785132522 349.09483278055285 243.25856264326774 452.5771970948189 490.4828102980711 377.32154034769286 97.33446455884037 357.79187853057687 519.4213967371568 377.7971399801998 216.3862282726776 434.95510300258167 552.7365450957549 356.71928639048474 165.98613529185081 400.6953494441555 470.43143164814165 389.6805904369011 68.48742099633579 348.85680458958257 536.8576364264271 369.0983220033931 89.33728132277977 354.20230761089846 534.0773691055347 373.50597126970484 116.51351420435063 378.2900403748139 497.16115976335897 385.7308571770874 246.05492521669612 460.3531378940636 480.3686238032694 396.2553019808846 142.67985163679793 388.3692608846285 439.79637105419454 412.6546576579126 229.8948446668417 451.7296111525958 584.4416277505144 339.1898493174745 180.71416230760002 410.72952791799855 530.2809737619478 357.83888031636724 95.60397607132683 366.71222681996875 514.500665617992 370.1094512912139 171.7422202985609 409.26854348702824 507.70888766673653 372.85801013188194 195.48406697914214 431.236469625182 560.8004904816255 357.02406653332963 182.37228189058175 415.5972472277455 440.4396749479121 405.1146953903498 175.32899443752038 414.46718661223065 609.7342647204739 331.62837595761647 60.788581013038964 347.87421224872173 492.81781824075307 389.752388409801 124.95249870555868 374.62905572347984 498.3717882554667 376.08924996909894 207.4761675353747 431.69863424140686 591.7211121255052 339.62485403750105 165.65164950027045 409.21635970455515 479.6102754628043 385.2684648827833 203.61960268837373 434.503507377454 495.3916677684505 380.9812260819027 87.06509483378854 362.00910832129927 537.0424191430476 358.4116679535667 114.7012710065698 372.44921170308777 573.6496439476457 345.2279517680281 178.8024348413973 421.35023198907356 609.1420500421685 327.181104420073 187.45766373295584 427.5743007051603 458.6161798861031 397.57628627829826 149.3149767256567 388.5323376137374 606.1918254785093 337.9041756036294 109.66859501838438 375.50433959910833 476.6225315206888 381.52478794624096 236.73988883375452 452.5467244240236 487.4576519763896 394.3847652963523 68.21777259098151 353.41625635363397 488.73940951647825 385.0522102864193 136.4215565164175 388.8221965106202 526.9319866780079 362.9728732943046 128.63693638992817 387.17492038231046 462.2900415238454 392.922885168116 201.5942986033821 428.9356211486739 536.2356051928598 354.2655857050056 239.20239811917563 459.42465144464614 549.2226867362155 351.50053848730073 118.51172573070824 368.069981059066 580.0651119094696 348.2096460284447 75.71136689819608 348.18066402082815 582.5505671038308 343.5289704440148 159.05854699108758 401.7342349926683 549.4167209758037 365.9151948033227 233.0139872411655 456.9728362169806 598.9610466153226 342.26435740693046 197.15378735790492 422.4102141613763 510.19258228711345 377.26956392575534 219.58795524343148 440.04203972635753 513.2271037429608 382.92903485735843 227.45239083388532 441.6411419802789 444.21225304594793 409.5528775840866 131.99084284156802 376.28194814500847 475.73322882828126 393.4656780758718 63.410474184440595 343.9910516748397 518.1338189465829 373.98008441785134 186.96233837299098 412.54787036305396 454.9975561297921 401.7231461077556 207.3335398323572 439.76748004291034 535.1971984314795 363.0577050134578 145.83711996897733 394.28900309426075 527.8258426534694 377.7457412001648 154.9341375689993 404.40391916211297 563.11946398359 347.65116128414655 91.96965759191129 360.4775272064669 599.1519600073558 330.4928661828325 212.13288142099324 437.7490881461696 529.539306212793 366.87919206280384 167.32799783505064 414.8134978428698 484.03778568778245 380.64648421823836 82.77371123053962 355.8439171778652 557.1586353299483 351.89378716903866
570.0078258106861 3.978002520446015 3.5580336201531413 3.558033620153203 0.8895084050383752 1.779016810076576 0.889508405038272 3.9780025204460614 3.5580336201531293 3.978002520446056 3.5580336201531297 3.9780025204460165 3.558033620152997 3.5580336201531417 0.8895084050383246 0.0 3.5580336201533007 7.171446030696655 3.978002520445876 3.9780025204461285 0.8895084050383549 7.1714460306966465 0.889508405038286 7.171446030696616 10.674100860459387 3.5580336201532203 1.9890012602228697 3.978002520446063 3.6675371088475477 3.55803362015311 3.667537108847607 0.8895084050382818 7.171446030696591 7.171446030696656 0.8895084050382848 3.6675371088475885 7.171446030696718 3.5580336201531564 0.8895084050383748 1.7790168100766615 0.8895084050382593 3.667537108847583 3.5580336201532083 3.5580336201531644 0.8895084050381993 3.667537108847591 3.5580336201532896 3.5580336201531764 3.6675371088475766 3.5580336201531475 1.989001260223194 3.6675371088475472 3.5580336201530263 3.9780025204460934 3.558033620153192 5.4106683965522615 3.558033620153106 3.558033620153088 1.7790168100766806 0.8895084050382716 1.7790168100765456 3.558033620153165 0.0 7.171446030696671 3.6675371088476134 0.8895084050382931 3.5580336201532012 0.0 3.558033620153077 10.674100860459436 0.0 0.8895084050383341 1.779016810076511 7.116067240306296 0.8895084050383563 3.558033620153115 7.171446030696589 0.8895084050382595 1.9890012602229452 0.8895084050382609 3.558033620153212 3.558033620153161 0.8895084050383139 3.558033620153178 0.8895084050383509 0.8895084050382933 3.6675371088476805 3.5580336201531986 0.0 3.978002520446091 3.6675371088476534 3.6675371088475783 0.889508405038308 0.8895084050383073 3.6675371088475845 3.5580336201532092 3.9780025204460694 3.9780025204461142 3.55803362015319 7.1714460306966785 0.8895084050384152 3.558033620153064 3.6675371088476334 7.171446030696686 3.5580336201530622 1.9890012602231235 0.8895084050382531 3.558033620153177 7.171446030696695 1.9890012602230536 0.8895084050384391 0.889508405038353 3.5580336201529947 3.667537108847595 0.8895084050382711 1.779016810076574 3.55803362015312 3.5580336201531737 3.5580336201531195 3.558033620153136 3.9780025204460494 3.558033620153184 0.8895084050382008 0.8895084050382668 3.558033620153216 1.779016810076582 3.558033620153136 0.8895084050382526 1.7790168100766728 3.558033620153178 0.8895084050383617 3.558033620153196 1.989001260223112 3.5580336201531266 1.7790168100767094 0.8895084050383757 3.978002520446072 0.8895084050382512 1.989001260223036 3.5580336201531013 0.8895084050383029 137.975096194051 385.5011968985075 533.589229965059 367.01454538008477 191.48989356046349 425.63043834380665 462.078679696925 398.5669389210686 150.28090187590848 386.77313197040064 590.7722289251686 337.8306859726019 198.7264411431053 428.8927586799029 520.4103781734963 374.82880639560216 115.05245907704082 367.77656835686525 423.46917760795094 412.8059697951205 165.49752120253055 415.1097913158663 597.7589076349099 334.8366840389718 108.20722269045706 366.55675849981463 536.8873120790586 357.3108949081182 157.34644188463972 403.8973300277251 537.2287967230392 362.68103498784734 145.43148264097675 386.1990444103385 547.585346908137 364.45831804229124 238.084541060613 452.7788800854705 460.8336628387944 403.4565847646887 85.39381253810828 361.6771696670445 455.2964244182126 407.0205116779794 159.89282388522275 398.5889930034548 497.2130737916718 384.04094888379603 222.64042767788283 448.1244285927357 582.389372002915 347.28802712745323 109.00522216242818 372.70875759636664 508.16113743525887 368.58452184089043 132.41396223674874 386.98403933551526 513.7526579297629 363.1691998837713 195.88865446402414 423.629269569443 513.7223717947646 369.8886262187646 180.22648872637768 408.1105344323085 558.5716231072163 355.38748253488933 142.99253624937228 397.31128181110773 440.65274260660544 408.4185154646878 81.26366464641688 356.1971025085491 474.9171690544963 390.80002842989774 165.63530019934763 399.0628464672668 565.2705207393559 351.43403696172174 251.85707328401475 459.3025975372067 482.1785530738404 380.74056522262816 102.28835289245501 361.0643316873084 511.76250503767255 379.76186232443774 227.4510172759644 441.50463069338474 544.0600844598661 358.6940542231885 172.64218633000968 404.96321442283886 464.1045021574309 392.84796487195314 73.97561039573664 353.1848242270943 529.7375735599371 371.1750324150319 93.9582280089612 356.0973602205395 528.3322181636195 374.9757592782985 124.46095015371161 382.3582254686423 491.41922619730997 387.21197716230773 253.99027938187868 464.82768363345724 474.14886453577606 397.8631397106837 149.35716210380224 392.604416350429 430.52061063244776 414.2880120462603 235.3065989125809 456.1036735976663 579.7932138490341 340.94447151227064 185.43333785397547 414.35387654685667 521.7858218868262 360.52273408632936 102.10507648308383 371.24115050884944 505.17362076713414 373.5260740412403 176.99857574637127 412.05842290167425 497.67297258707123 377.48258471590145 201.84769297282114 435.0458754378389 552.3743538148784 359.966150368872 189.30175542078265 420.3533101725424 433.0941517078404 408.29056142811925 181.01404763274564 418.41840374580846 605.8695495175762 332.47908398155516 67.02551138636427 350.9046725779176 489.11328457816774 391.21901985481753 130.69031928012487 378.50143941766737 489.51169102719683 377.3529332245479 212.03076088022928 433.75421457747086 585.3702628425838 342.63140468593025 169.11252246108432 411.14460210283465 470.5196768066308 387.6174660466213 209.8353901451481 437.63045571439164 491.56350265550986 381.9686804235217 93.24977804021991 365.137294756362 530.5849189855128 361.08394968587425 116.80258331209224 373.7507984579166 567.434269816923 346.85110272688826 184.75326940549868 424.88760546207305 599.7048213768386 330.11242441900544 193.4066538036536 431.1143941975265 452.41311397292 401.22231444921124 155.9874013602134 392.77420355739423 600.2150784533985 338.5471710328006 117.88846363053872 379.12036361428596 467.47018562097065 383.6353052114701 245.04351616391676 457.9069340055218 482.6730014575109 395.6206405575393 75.78380663193725 358.0987061451257 483.7691755031168 385.5701361360625 141.56705358273703 391.7792497002239 520.4687941634118 364.62656539262196 134.8056848135846 392.21823738822474 456.02506563752974 396.32961862329466 206.57782605533424 432.14969407832695 529.6558949162753 356.460022430034 247.89292331170253 463.27284585833235 543.0007935140272 353.0994491959643 122.3218300621494 371.3015904355066 571.4001892476814 350.23378554646433 81.39149390343543 351.1954872865727 576.9470463855719 345.53031981482684 163.63562322341332 404.66538955546 540.9844848913212 368.84255046096143 241.987997423192 461.2951643513676 592.9806986604164 342.87528590368527 203.10242236307457 425.951359281422 503.61576877150407 379.47201652162795 229.2863426699893 446.886602283434 506.40396678562354 384.1734483910093 235.90481638133008 447.68230365422875 438.9660548378517 412.95144331249253 137.72122364155155 380.16719681633174 469.93014334253405 394.71100554792287 69.83746844388027 347.68020316853955 511.3096734800683 375.2213045434776 191.68084790965838 416.1734524929831 447.5901681599888 404.6598066652468 214.64766427130508 443.0150343757443 527.242283132276 365.85832149387545 152.63954471711273 398.32565094608935 521.1234977414686 379.46197512553925 160.9285049585238 409.7074845772435 557.0251163699304 349.7402834364008 100.99260546844575 365.6089454345516 591.6573160558588 333.0697177008832 221.67060755743142 443.0193760622934 522.1858858206789 370.03621683194933 173.2670977465643 417.45376207026624 474.6537972877637 383.8360687553067 89.22384605230046 358.5203948151622 552.4352084464499 353.3669801048555
580.0078258106861 3.558033620153106 0.8895084050382547 0.8895084050383547 0.8895084050382902 7.171446030696673 0.0 3.558033620153155 0.8895084050382269 3.558033620153182 7.171446030696678 7.171446030696621 3.558033620153121 0.8895084050382533 0.8895084050382389 0.8895084050382835 3.558033620153272 1.9890012602230787 0.8895084050382523 5.410668396552277 0.8895084050382611 0.0 3.5580336201531626 7.171446030696654 3.558033620153085 3.667537108847603 0.8895084050383244 7.171446030696658 3.978002520446155 1.7790168100765202 1.7790168100765182 3.5580336201531613 3.5580336201532425 1.7790168100766328 0.889508405038278 1.7790168100766492 7.171446030696716 7.171446030696698 3.5580336201532456 3.5580336201531844 0.8895084050382889 3.6675371088476156 7.1714460306967185 3.558033620153099 3.558033620153044 7.171446030696659 0.889508405038319 0.8895084050382988 3.6675371088476294 0.889508405038333 0.8895084050384275 3.6675371088475504 0.8895084050382307 0.8895084050382118 3.5580336201532163 0.6226558835267473 0.8895084050383851 0.8895084050383318 7.1714460306965675 0.8895084050382098 3.6675371088477005 3.558033620153188 3.558033620153287 3.6675371088475397 7.171446030696629 1.9890012602229756 3.5580336201531657 3.6675371088476303 0.8895084050382535 0.8895084050381941 1.7790168100765045 0.8895084050383021 1.7790168100766515 0.8895084050383684 3.5580336201531697 3.558033620153162 3.6675371088476183 3.5580336201531875 0.8895084050383224 0.8895084050382587 3.558033620153148 3.5580336201531377 0.8895084050383452 3.9780025204460223 5.410668396552388 3.5580336201531524 3.6675371088476836 3.5580336201531555 1.7790168100766146 1.7790168100765935 1.7790168100766681 0.8895084050383159 3.558033620153028 7.171446030696631 7.171446030696565 3.558033620153108 3.5580336201531413 7.1714460306966865 7.171446030696738 3.5580336201530898 0.8895084050382375 3.5580336201531266 0.0 0.8895084050382832 1.779016810076534 1.7790168100764512 3.6675371088475397 7.171446030696655 0.8895084050382203 3.5580336201531417 0.8895084050381715 0.8895084050383408 3.5580336201531995 0.0 0.8895084050383764 3.558033620153188 3.558033620153088 0.0 3.5580336201532217 7.1714460306966235 3.9780025204461014 0.8895084050382279 3.5580336201531297 3.5580336201531972 3.5580336201531524 3.667537108847607 3.558033620153112 3.558033620153183 3.5580336201532234 3.558033620153108 3.5580336201529925 3.5580336201531186 1.779016810076685 0.889508405038353 3.9780025204461213 0.0 0.8895084050382464 0.8895084050382799 7.171446030696591 3.55803362015316 0.8895084050382115 145.3474703018242 390.4838139200856 527.0107083565011 369.21185675270397 197.71958286580914 429.6479032283514 456.2745073426573 399.8153185903051 159.5746421354905 392.4172797996705 583.5059819180624 341.2825088417528 206.74983695783237 433.7756317120378 513.1084548203654 376.1966243258098 121.70003234334838 370.1935066164832 414.32207867056894 414.68413833706165 171.87912039336823 419.80352715874704 588.2735600848802 337.62219673123553 114.73418517412513 369.16605072164464 531.2659068102322 359.26245448091055 161.80303185222257 407.9333453083363 530.5885742663158 364.6390187519295 152.64774098700389 390.50902414641064 542.9825963673429 366.4037540864718 246.20562524666406 457.5132082367718 455.5101371292629 404.5819594015863 91.98401622724113 365.1000286382095 447.7709385685036 409.50053131286495 165.6118808924984 404.3166317755817 490.57631024802976 386.01029453218644 229.53993647286953 452.01597580811045 573.720583780074 349.29527867405693 117.77835641491617 377.3191824980506 502.6036450094523 370.7816031737413 139.48360099362094 390.59699074528424 503.22414989269646 365.87841348008214 202.66692307335566 427.707648865384 508.58132275854973 371.72259594914357 185.64138314986013 412.48004053527706 554.9886811497327 357.32887249048076 149.7891684209034 401.36019001228925 432.1961915974471 411.2118244192661 88.58043168827416 360.33582282449805 470.2568014073633 392.5166666840546 171.32247380162212 403.010257021462 557.4286036744276 352.6875270136495 261.99408471340087 465.47814402472034 471.96267549571445 384.65923228030664 107.59342856546672 363.76098617685597 503.6273396638916 381.8581027430838 234.21679334342593 445.60271104711813 541.494856425485 360.627166002692 177.34771358418288 407.6963105262657 456.7010621433088 395.7931341007979 79.90988239467572 356.7388517190312 523.2823970789935 373.8523922269109 99.27625543228977 358.76459802666795 520.3793169861766 377.78248195474555 131.6731497583782 385.7468451840174 483.88745948991584 389.66846660136434 263.18544872828915 470.99301678765335 468.65535095275936 400.30572199770944 155.7182077867741 395.4992318286437 422.33044224793593 414.37600228162245 241.0978569628048 459.8858760007185 570.6033427821876 344.8743460451522 191.1144305350703 418.30993598739593 514.312189283108 363.20849222706994 109.76548207028479 374.83535938743995 497.45562247624486 375.26154865956926 182.39940504297434 415.5373626761124 490.49587249026644 379.33570043097967 209.17351736017963 439.18773867322125 548.6678630748283 361.427530370142 194.13861509774816 422.88329453677113 427.2531725162584 409.38255727232684 185.30154111031712 420.88773727596583 596.3251373437129 335.07115061405835 70.98421910663644 352.95009326041856 482.72422565642626 394.14683845082385 137.1058190266657 383.15027029510503 479.2327379073401 381.02976395048637 220.60032356140388 438.7017093776453 578.8662509888736 345.1033293096356 174.79659855241158 415.0963850358116 460.53599803748 390.45976763795477 215.64652488439842 441.38412919688767 485.21989364183656 383.09740213614583 100.33828913262694 367.75604049991216 524.9639870705865 363.0363778979262 123.75857358339553 377.53954093860597 559.1137597250876 348.2307356887404 190.56776253326137 428.63678406019045 591.9403302416156 331.6977002335339 201.28353627417846 435.3134953350473 447.5310619729958 404.03394491671605 163.9084252922193 398.73078162200227 594.6789285890284 340.80190684963264 125.80716095829177 383.2324274295181 457.07011303327806 386.84308759587395 254.39222309604085 463.47874360121284 475.7894430348119 396.6357391670524 83.40130485043878 362.69322340609784 477.13311815187353 387.54210167144777 149.89890770317965 397.0954529207664 510.00085021073227 367.5719713896955 140.4915055474444 395.2476802065517 448.56104193606336 399.04095791941376 214.02457640293542 435.19331885755116 521.2855858637014 359.6276889608538 256.4033789720825 468.3391768817759 535.5259557356555 355.78136924484204 129.71542620213268 376.25348475412187 565.0113239191176 353.1610010558078 85.92375283198 354.2089746817792 566.5478046980743 348.7407808136212 169.05551140534573 409.0281095044131 535.1174368227287 369.83658195426574 248.5793902964968 465.6517478430606 587.3759895665327 344.86842045890614 209.31726667405655 429.0799283466228 497.7504405670101 380.47515980333094 235.22847906072053 451.3474286927631 498.7480250498362 386.1488568039819 243.2158347176843 452.75807407352744 429.91684377133106 415.4349101879655 143.43036954522924 384.0844090204471 464.37575378400373 396.9164068397625 75.44341255323658 349.8551175678068 503.94639986999056 376.35291554952 200.41592287537455 422.6881589776362 439.1780542731407 407.6614852367093 221.82334858840207 446.4792939445045 518.3197832328158 366.8739982392228 157.09874335153398 402.35792249207424 512.693466810582 382.39516269940975 167.9953505367491 414.2498591649077 550.3857062311215 351.7007616967447 107.1437778814949 368.8227414394824 582.5838014057861 335.4770339996734 227.87973041615538 446.15762825931546 516.982564562522 371.628692933352 178.38659287869103 420.4567426761927 463.2965518721732 387.28748532891217 95.25922018433789 361.9074430856249 544.7765748924409 355.3320241119581
590.0078258106861 3.5580336201531 3.558033620153312 0.8895084050383776 3.5580336201530427 3.6675371088475432 0.8895084050383838 0.8895084050382026 0.8895084050383838 7.171446030696631 0.622655883526752 1.7790168100765262 3.558033620152997 3.558033620153198 3.558033620152988 0.8895084050383055 0.8895084050382611 0.8895084050382119 0.8895084050382691 0.8895084050381925 3.9780025204459974 7.1714460306966075 3.5580336201531515 3.55803362015315 3.9780025204461142 3.558033620153136 0.8895084050383744 7.171446030696623 1.7790168100765906 0.889508405038272 3.978002520446087 0.8895084050382255 3.5580336201531093 3.6675371088475184 7.171446030696539 0.8895084050382366 0.8895084050382267 3.55803362015312 3.978002520446115 0.0 0.8895084050382494 7.171446030696694 0.8895084050382749 0.8895084050382116 3.5580336201532488 3.6675371088474837 3.5580336201532954 0.8895084050382934 0.889508405038326 3.978002520446083 7.1714460306965275 1.779016810076587 0.889508405038326 3.558033620153085 3.558033620153113 7.171446030696633 3.5580336201531537 7.171446030696683 1.9890012602230167 1.779016810076509 3.558033620153138 3.5580336201530685 3.5580336201531786 3.558033620153184 1.779016810076516 0.8895084050382155 0.8895084050382991 0.0 0.8895084050383681 3.558033620153161 0.0 7.171446030696647 0.8895084050383599 3.5580336201531524 3.5580336201531537 7.1714460306966465 1.7790168100765573 0.8895084050383831 3.558033620153292 0.8895084050381963 3.558033620153073 3.5580336201531146 1.989001260223086 5.410668396552257 0.0 3.558033620153119 0.0 0.8895084050383689 1.7790168100766657 3.6675371088475703 0.0 0.889508405038321 0.8895084050381835 3.558033620153196 3.6675371088474513 0.8895084050382315 0.889508405038388 0.0 7.1714460306966705 0.8895084050382956 3.558033620153093 3.5580336201531644 3.6675371088475024 3.558033620153101 1.779016810076574 7.171446030696642 7.171446030696702 3.5580336201531484 0.8895084050383543 0.8895084050383566 0.8895084050383734 0.889508405038307 3.558033620153096 7.1714460306966386 3.5580336201532274 0.0 3.5580336201530973 3.5580336201532385 0.0 0.0 3.6675371088475623 3.978002520446072 0.889508405038333 0.8895084050383221 7.171446030696629 0.0 3.558033620153236 7.171446030696667 3.5580336201530853 1.77901681007665 0.8895084050383181 0.0 3.6675371088476245 3.5580336201531555 1.7790168100765058 3.5580336201531706 3.5580336201530702 3.667537108847587 0.8895084050383362 1.9890012602231066 3.558033620153194 149.79059105296358 393.62413110343107 518.3349358849243 371.19002159519835 202.2950891599292 433.4929945233654 448.9088350094902 402.84869673254275 164.99448005547265 396.77985141678107 576.8105569204843 343.02035478631575 213.11341909097652 438.49574698242793 504.55733026871553 378.6589956599833 128.6460168152787 374.0104411072515 408.6873246073226 415.5740050021568 177.4120036467247 423.07727106580234 582.6603935701137 339.59648123817476 120.71487508610835 372.6526861585386 523.7928560415678 361.94971126204234 167.6202013445187 411.67808598558315 524.5515640157212 366.9573294536243 157.10525443131314 394.54209136204474 535.2015555359436 367.8924667196289 251.24153964558425 462.41107018537906 448.9705087329879 406.88321186504595 98.96258712204136 368.8543135539724 441.048318315216 411.13357005090415 171.2952705167831 408.2694719369871 484.83769045876073 387.50254078865635 234.88897906063627 454.67751523343526 566.0650883610144 351.2708799382788 125.556570225672 381.66452270407547 494.30094008091737 374.20326178902565 142.84922506661636 394.5057613827125 498.50114847941904 367.35349667526526 209.4585068486001 433.5820974348527 500.2157246173088 374.9039890134803 191.88204017172882 417.39041772313226 548.3491476023157 359.28871116600055 156.70938770923314 405.2166981939062 426.2242494705116 411.9327406301428 95.2752139096082 363.60701144555003 464.5235769317167 394.0282101496157 177.13876554304548 406.75688394843854 549.7088519749893 354.41472714061666 269.39605779558246 472.1522106213793 466.4111010852021 386.88078983621915 112.353828030392 367.3324155884165 497.886150776398 383.34324570324793 240.25864560271697 450.79525009397133 534.7328307950507 362.1094062862234 183.02946569622628 411.6522344686189 452.7300894894262 398.1468027971718 85.48379267141398 359.0015991447141 516.6444435570164 375.8179175161903 105.14775705042767 362.41787660103176 512.8460369871234 380.2340189276995 138.87049998052936 389.16488039745457 477.79561752156286 391.7681032870211 272.00689864377193 478.03477428250704 461.13815785877694 402.81237370872543 162.80068996796612 400.9322652115715 414.05758600274766 417.72405504203635 245.06876871673492 461.069482753304 564.4438595675996 346.71739077491424 197.75522278743549 422.60231633566895 506.9022812646538 366.13936903841034 117.6829952865077 378.95274644081064 489.2166341608404 378.9253490844209 185.17251307718493 417.6198127483668 481.9474705444241 381.8072360561519 215.12368567063595 444.5400587981853 543.0469058518149 363.3805188332832 202.1694959064016 428.6654957657231 418.87034108936564 412.39801093178545 194.005080508867 425.6292692397281 590.5275857375389 336.3421212679679 78.02668489375817 357.5321167080756 474.18131514408384 396.63659126585463 144.73491304276567 387.73204649368853 474.888835580076 383.9455839360515 227.3467268401113 442.8261684910142 571.3351051379575 347.55980255932957 179.79424205300228 419.20049227657717 455.0596902793235 392.9434741380375 222.8074640503106 445.7798281958798 476.5684302422881 387.1356688575911 105.47123089526855 369.80525514178 517.430114134221 365.48599916745593 130.9617584425264 380.9441774798725 551.3326519267434 349.7192229827226 195.38749720829585 430.2833714677205 582.6940628949302 335.39975032624636 207.78176516267445 439.82470611087194 441.9458576253582 406.1210876920193 169.99422713920637 402.0587951698994 591.7487015321598 341.3171774963797 131.64400815638328 386.9453283305477 449.3119529694074 388.42008018543805 261.6077436031979 467.8162802300877 468.27031701799956 399.12318972692515 89.09918221560423 364.7481130902964 468.84473425002784 391.0016488575039 154.73971931216568 399.615730040713 502.6535348393142 370.7434092661635 149.78108562014438 400.90328417724703 442.03399963259733 401.37608789534767 220.6479831835813 439.51186410371054 514.8320304721963 362.30953474906136 264.40044217680764 474.16617010001573 527.9293328471631 357.98930289289194 137.61901999123512 380.403364070704 557.4764732345931 355.6078480245441 89.29446947506325 356.27517453448684 558.3503322023798 350.5945979090461 174.33659144408782 413.6050482643116 529.6202168853064 372.27092391126644 255.93264656341051 468.8894684415088 581.8234695714915 347.0790792492053 215.94887127380954 433.3844136745494 489.20178779483143 382.9448983667488 242.08442211787667 456.2092659026575 497.01969106735163 387.3610818737277 248.82361498043326 456.81581898376254 421.98020098142626 416.504651411905 149.92535373486743 386.77128995544575 459.5355782369059 397.9510852952295 80.25345259841423 353.36045600732405 495.5197518728477 379.297136691077 207.46915879529737 427.2513475457869 433.3470822360933 408.8480797822161 227.19393248055152 450.9028188940928 510.0144840273755 370.29067268640415 163.88213272728527 406.4266807181497 505.161117774884 384.8493137381694 173.12772731014854 418.1449098786508 542.1257661903404 353.31138444326865 113.574437422493 373.45080750666733 576.4469435270497 339.37085391287604 232.96369014498464 449.2179303111595 509.57314619751696 374.55984852782046 186.9585385870027 425.4009649041086 458.52363244665446 388.5560524342279 101.23664407878522 364.45734721140093 536.1609797428663 357.5444615963237
600.0078258106861 3.5580336201531466 3.55803362015322 1.7790168100765444 7.171446030696636 3.6675371088476485 3.558033620153003 3.5580336201531106 0.8895084050383091 0.8895084050382367 3.5580336201530827 1.7790168100766526 7.1714460306967585 0.8895084050382498 3.558033620153092 3.5580336201532 0.8895084050383348 3.558033620153141 3.558033620153176 3.558033620153169 3.558033620153068 0.0 1.7790168100765893 7.171446030696594 3.558033620153076 3.5580336201531413 7.1714460306964725 0.8895084050382922 3.978002520446079 3.558033620153165 3.6675371088475517 2.515909700499992 3.558033620153167 3.6675371088475957 0.8895084050383254 3.558033620153136 0.88950840503824 3.978002520446044 3.5580336201531924 3.558033620153184 7.17144603069673 3.558033620153212 3.9780025204461844 3.5580336201530858 3.978002520446071 3.9780025204460943 3.5580336201532883 3.5580336201531004 3.5580336201531417 0.8895084050383258 0.8895084050383957 3.978002520446072 3.5580336201530756 3.558033620153164 3.558033620153226 3.5580336201531892 3.9780025204459775 3.558033620153175 3.9780025204459855 3.9780025204460765 1.7790168100765158 0.8895084050383786 3.558033620153198 3.6675371088475512 3.6675371088476645 7.171446030696631 0.8895084050383183 0.0 3.558033620153248 0.8895084050382138 3.5580336201532416 7.171446030696649 7.171446030696758 3.5580336201531733 3.558033620153126 0.8895084050382236 3.5580336201530933 3.55803362015309 1.7790168100764883 7.171446030696583 0.8895084050383577 7.171446030696616 3.5580336201531235 3.558033620153168 0.8895084050383605 3.558033620153122 7.171446030696564 7.171446030696646 3.558033620153011 0.0 1.779016810076625 7.17144603069667 7.116067240306154 7.1714460306966386 1.7790168100766577 0.8895084050382549 0.8895084050381838 0.0 3.5580336201531937 7.171446030696681 0.8895084050382764 3.558033620153084 7.171446030696697 0.889508405038296 3.558033620153207 3.5580336201530924 3.667537108847643 7.171446030696673 3.9780025204461125 3.558033620153177 3.5580336201531204 0.889508405038359 7.1714460306968375 0.0 0.8895084050383508 7.171446030696582 3.5580336201531644 3.5580336201531635 0.8895084050382503 1.779016810076584 1.7790168100765664 1.9890012602230012 7.171446030696566 1.779016810076652 7.171446030696607 1.7790168100766104 3.9780025204460463 7.171446030696597 0.889508405038321 7.171446030696625 3.5580336201531533 0.0 3.5580336201529845 3.97800252044608 1.9890012602232305 3.5580336201530973 3.55803362015316 3.6675371088476205 3.6675371088475957 3.978002520446063 0.88950840503837 155.90494819776242 398.73405133318323 512.7174837201865 373.1539581278207 210.68855242025276 437.81640438897136 443.2952694998855 404.762210204365 168.6121938418335 400.28843448309897 567.0076190599784 346.56627584827635 221.08843412795557 443.464137726591 497.9235761433711 380.64075001523247 135.04351089739723 378.6839541170555 399.3451386059276 418.8074452865051 184.02677361519807 425.59558741232615 575.3749896188109 343.0083034351053 127.38398176087718 376.9013574344751 517.5726093947474 363.5561652602382 173.725929077635 416.7982114421177 517.6671354475923 367.969400396858 161.92860536013734 396.1791308762201 528.8106107914099 370.81663865239767 260.56391843228477 468.0438778371287 442.9421591777112 409.17072129110807 105.34206695417924 371.70486974105864 435.8855157396458 411.15994439888755 178.19256850007804 411.2540116860793 475.95961254145345 390.6439013436412 243.19108725938065 460.0449735379277 556.4451730763943 355.53036374830936 133.28386161489556 384.25647321138507 485.5696288183178 375.9765848790908 148.26822252540248 398.87001684342215 488.1674778934629 370.8182289904504 217.4358307324742 438.54043918687876 491.3187265289869 377.9945708908738 198.78071859202666 421.285692276468 542.7290969649321 361.2449090807073 165.14951125014838 410.36467689514996 418.85986007788716 414.84634054151246 101.10696272184809 366.4022002418071 456.69743963204166 397.2289467035934 185.17159726766545 412.5374895720065 542.1743758631711 356.86363207471027 275.6693558558601 476.97022799867625 457.27869090267296 390.92301794785004 120.85071473307002 373.3110384491112 492.0865655782604 384.60663903515376 247.0737400443479 454.8413294150222 532.941858154687 363.08139808808534 190.25144095179655 418.6825405183902 443.03493644099046 400.17180430613877 91.29652668197163 360.8899521354925 508.98995701446864 377.80035209250565 114.165163005144 366.65197308054616 505.19310613365826 382.2194994005424 144.27658419217482 392.63497035237083 470.3559997837923 394.54877973150826 278.0416953226398 483.3425904415705 454.81977217820344 405.8740648389067 169.1780637523227 405.63166446044335 404.87982205270805 419.9339295315209 253.29698178917099 468.27646446812037 557.8049541124518 348.6794759057522 202.72503018584445 425.83903932484645 498.47927074162357 369.0939254646644 126.56770911877629 384.32134637278017 481.2849886108166 381.78065564059006 196.5070225759702 425.5733264348863 474.4310413364999 384.31562112195826 221.71224468533524 448.9082097202459 537.6120253378 366.0554667651971 208.64192048837754 432.3084625521786 412.3027571983983 414.5851324594935 201.8734359631483 431.6548034235704 582.5195457788456 338.927905010573 84.42431009537417 360.34552057487156 467.70343899549806 399.17339624723064 150.8388829303513 391.9454375750036 463.31088988922033 386.55965982803184 235.9607206057746 447.7241234080622 563.0896415008363 351.2111511934261 189.32014079284198 424.49411228324647 451.3917714229624 394.4947774698984 231.69519759989186 451.15361798725183 469.88796684812905 388.9337227418195 112.5487410560488 373.4049149034263 510.73275664559054 367.2188476491673 139.81857720044897 385.43952431491687 542.9023909417184 352.65297002523374 204.21724806660498 436.6464234711695 576.1814744504301 337.8483068813941 212.73301131854822 443.08313401521684 430.4617199816074 409.12805378954323 176.77178158532806 406.1391665900064 584.9286056369137 342.5750694263245 137.6017045994127 390.4707738760315 442.18943315629906 392.2641606198299 267.3923858348095 471.6116592224236 461.9333576442333 402.15252758389056 94.22886970944994 366.7985345109572 463.25930046274215 393.05538633597365 162.63225731089275 404.70155343916986 494.6481924854814 373.33878464036775 154.6200260699365 403.4298527844859 434.9001939737169 405.0947446901105 228.7345344497626 445.1974820429792 505.2639565363055 364.7851687799672 270.45570910645483 477.5835450738523 520.8134255115605 360.0810286076179 146.47334440377068 384.90418002668696 549.0464506776099 358.5411005103389 96.78561293532027 359.2104882086813 550.8156908216657 353.0421299213611 180.9765000574991 417.89721011953753 522.2123937895161 375.20517605452716 263.1914029567399 474.023004709495 575.124399680706 348.8071891160967 224.87658287952522 439.5943857322215 481.8112594245741 385.9251061521725 251.1764477795981 462.17300207582963 489.43627432096065 389.6011368117588 257.2248306207129 462.03569306518574 412.2871402973477 418.69034024045243 157.25901094588556 390.89922478812247 450.90618791315745 401.9373926337554 82.8999059935486 354.7143400401628 486.62617651436125 382.400370813005 216.2889821789185 433.6235675363653 425.1026639301276 412.2384299370007 234.5632665725891 455.88249027517764 505.1692149528349 371.2916129382133 171.90508561650196 411.3109041051774 498.4043421591374 386.35402322209575 176.875704122347 421.45114327813224 535.2552512339015 356.3563853226219 120.94883344905011 378.43120851355445 568.6200815035213 342.6638649373125 240.18576368317858 454.4167342579005 503.354736375257 376.17370377234323 192.75810636638704 429.17256842368494 449.6324213858507 389.75630404434986 107.33139399923908 366.83841278402394 529.5231159310572 359.5096805083835
610.0078258106861 0.8895084050383683 3.5580336201532106 1.779016810076641 0.0 0.0 3.6675371088476134 7.17144603069663 1.989001260223018 3.5580336201531386 2.4906235341072493 10.674100860459475 3.55803362015308 0.8895084050383356 0.8895084050383454 3.558033620153196 3.5580336201533216 0.889508405038251 3.558033620153216 5.4106683965523255 0.0 3.6675371088476103 3.558033620153087 0.8895084050383821 3.558033620153184 3.6675371088475845 0.8895084050383458 0.8895084050382643 3.558033620153156 3.6675371088475135 0.0 7.171446030696588 7.1714460306967505 0.8895084050382405 3.5580336201531666 0.889508405038265 7.171446030696664 3.9780025204460574 0.8895084050383005 3.6675371088475384 7.171446030696465 7.171446030696661 0.889508405038299 3.558033620153144 1.7790168100766162 7.171446030696555 0.8895084050383263 3.5580336201531697 3.5580336201531795 0.0 3.5580336201531537 7.17144603069667 0.8895084050383024 3.5580336201531315 3.558033620153196 0.8895084050382871 3.6675371088474806 10.674100860459484 0.0 3.5580336201532483 1.7790168100765464 3.5580336201531733 7.171446030696574 0.8895084050382466 7.1714460306965835 0.8895084050382895 3.9780025204460223 3.5580336201532115 3.5580336201532736 0.8895084050381932 3.558033620153158 0.88950840503834 3.558033620153236 3.6675371088475273 3.558033620153109 3.5580336201531204 3.5580336201530836 0.0 1.7790168100767088 3.55803362015322 0.8895084050381812 3.558033620153217 7.171446030696709 3.5580336201531275 3.5580336201531093 3.558033620153088 3.5580336201531724 1.779016810076645 1.7790168100766093 3.6675371088475783 0.8895084050382145 7.171446030696628 0.8895084050382251 3.5580336201531595 7.171446030696618 3.9780025204461253 3.5580336201532523 3.978002520446146 7.1714460306965275 0.8895084050383019 3.5580336201532172 0.8895084050383308 7.1714460306966865 0.8895084050382117 0.0 0.8895084050383238 1.779016810076687 7.171446030696647 3.558033620153293 1.9890012602230203 0.8895084050383454 7.171446030696614 3.558033620153262 1.7790168100765047 3.558033620153316 3.5580336201531773 7.17144603069667 3.5580336201531413 3.6675371088475197 0.0 7.171446030696595 0.0 3.558033620153186 1.779016810076534 10.674100860459433 1.7790168100765746 0.0 7.171446030696632 3.5580336201530605 7.17144603069665 3.6675371088475974 3.5580336201531395 3.5580336201532314 3.558033620153119 0.0 3.5580336201532314 3.5580336201531417 0.0 3.6675371088475797 3.9780025204460614 3.9780025204460583 159.92134719121972 401.6237119562576 506.85762319347174 374.18036399758796 218.21392638954987 442.55802870705975 434.5956137636476 406.77319502389594 175.79933108772295 404.6464422891944 560.5543290019152 349.2485686817015 227.4950540122815 448.112399692097 489.3282370667361 382.93946686269624 141.56168543995204 383.1653867813903 389.8354530274819 421.0224114405069 191.45141912744086 428.6904810440962 569.5090731392357 344.00872347200016 133.34161140769908 380.42661930465783 507.6568581307028 366.6549160597909 179.95012311644302 421.73235230568423 513.364832665618 369.09374996352796 168.72788885615725 402.045877091353 521.929354354991 371.8414100491493 267.5081841552566 472.78273623156616 438.16025888840574 410.44631167521146 110.47520549043624 374.68138494026863 428.0798634848343 412.7081284978509 184.96372015815052 416.2478621760822 470.04288200249454 393.33853363200143 249.27692680936792 463.4254267260873 550.9493531441275 357.9668820329211 139.9209039200082 387.6406569781178 479.08811491240607 378.50576556549345 154.34992875469874 402.2059610915999 481.80678209802943 373.815040691085 225.36001413892942 442.69908746057524 483.3396695469441 380.6642686670766 203.19558089091691 425.3709422654651 534.3019874096855 364.1875043050505 171.51423397847577 415.0807906969632 409.7602700932315 417.2813949543173 107.47610984315082 369.2783268457791 450.41459277549046 400.3732666813301 192.198714955356 416.2350956323119 529.9821708360445 361.0367423365178 282.86343310760617 483.8513443211605 450.2375961896225 393.2541607356425 126.27903132848657 377.6636290316859 484.92756665995466 386.54408056597987 253.24415496460458 459.8112428456689 526.4314723633793 365.53616328443627 194.66965650064344 422.76242947712717 439.4125493698374 401.850394264448 98.2463877772092 364.69427502003026 504.147931377196 378.82110704763437 121.2296261735733 370.2800981376491 498.44237665402926 383.74795548960583 150.2266753727516 396.1741522760213 460.9938228550613 397.75226167275383 283.63745593739947 489.71467681289874 447.17654415877314 407.9289245519599 177.73967177637135 410.5967898460534 396.6560142048813 421.91926691954734 261.3806345884086 472.26784460206767 550.6413244203968 352.5656998090349 211.51226916395078 430.47309718042646 491.91807444069445 371.3444390168192 132.65764263598888 387.6411594974561 472.1673582351464 384.0505746094493 205.04273721454166 432.373171680325 467.35632945376074 388.34830740918295 231.24531622938312 454.2295909082079 532.1809693448431 368.7377769381901 215.77383595194772 435.8643827148935 404.44018505490203 416.0771523375227 209.2909360355836 438.3498143936398 577.6110413160199 339.68337730449724 94.06177070498856 367.2974258348384 461.4079676011141 402.2862118975012 157.20235355031252 395.7553390204393 458.4921949890115 387.6992001981821 242.74531370651866 451.82056634217764 557.5320574453513 353.4080728598804 196.89295674948164 429.1651925760039 444.5883352741015 397.5771362067906 238.31068874695708 457.2269496590436 460.1154388808151 392.4999969278293 117.28011993555175 377.0134791147803 502.4420965394809 370.6733045457507 146.7346385289233 389.30215025173237 534.6605655203061 356.31285722619646 213.40610007327018 443.3593518876929 570.6237046766872 340.04556188614293 221.20572579847212 448.19533308316943 420.8674705635463 411.5938891958147 184.6442697389503 411.2576717878385 578.769542804703 344.41850577875954 141.35592842675715 393.7694349107553 436.2496008910254 396.47310239044583 274.06512572409434 475.8785438603924 453.3986339370577 404.6759984718878 101.17058555232204 370.6154192847882 453.0349631574278 396.8322369775336 170.2322727751271 409.32988586450523 487.13531495809264 375.8583319541595 162.6266981033936 407.4283729015552 425.82407183931275 407.61064929172824 235.38258138921623 450.353832859536 499.300939145276 367.37249154788475 276.1690663383489 481.4894642916289 513.2870419155767 362.55247225165385 154.514192072443 390.6722933155159 540.4338617751014 360.7649138055325 100.80782210363812 361.1719878046773 544.3630812085264 355.7265854470259 187.59493283211313 422.2201546400595 516.2874519073808 375.98606076779294 269.42854299893236 478.88055371296804 570.9878535379863 348.5964004783488 232.09520843446197 444.8026206441687 473.43783925581636 389.0127926850907 256.29131143098203 465.2165834898423 481.54801575379423 390.7261895738194 263.5003477561281 466.84159239812067 402.35450888298635 421.739430609483 162.81780544130316 395.9568398273485 441.74735386326535 405.78973788066884 90.47624727839168 361.2318646663407 477.1607028886656 385.25871437170485 222.57763187409822 436.657249062306 417.73570680863924 416.6382774766736 242.91976874562076 462.9047671633178 496.88171783795974 374.7580347625406 178.8173656821788 416.09311697562794 490.76524045169157 388.4009242669037 184.0592031617284 426.7234063519213 524.6697335413509 358.8439759785253 126.37437269281388 382.7886950579992 562.7540681971278 343.66363146841155 245.45253759933402 458.0995206089395 493.99220709244673 379.41981168643383 199.92036275417937 434.4699539990167 442.28595227099106 392.76212036785296 113.70023299608799 369.71716096347313 520.2671621636764 363.18881776574614
620.0078258106861 3.5580336201532323 3.5580336201531853 3.558033620153175 0.8895084050383667 3.9780025204460565 3.558033620153225 1.9890012602230627 3.978002520446064 7.17144603069667 3.5580336201531084 3.5580336201531244 3.558033620153124 0.8895084050383072 3.5580336201530867 0.8895084050383104 3.5580336201531506 0.889508405038263 3.978002520446175 7.171446030696526 7.1714460306966465 0.8895084050383589 5.410668396552328 7.171446030696719 3.558033620153212 0.8895084050383424 3.9780025204460125 3.5580336201531892 3.6675371088475273 0.8895084050383013 0.0 7.171446030696658 3.978002520446055 7.171446030696634 3.558033620152996 3.9780025204460125 3.978002520446011 3.5580336201531626 10.674100860459422 1.7790168100766166 0.8895084050383661 1.7790168100765251 3.558033620153222 3.5580336201532328 7.171446030696682 3.6675371088475157 3.5580336201531555 7.171446030696658 0.8895084050383569 1.9890012602230747 0.8895084050382034 7.171446030696653 3.5580336201530867 3.5580336201531275 3.5580336201532696 7.171446030696593 3.558033620153221 1.989001260222982 3.6675371088474527 0.8895084050383149 0.8895084050381682 3.6675371088475077 3.5580336201531537 0.8895084050382572 3.6675371088474353 0.8895084050382038 3.5580336201531044 3.667537108847615 3.5580336201532248 1.7790168100765742 0.8895084050382747 3.558033620153246 3.558033620153216 3.6675371088475814 3.558033620153217 3.5580336201531675 3.5580336201532456 0.0 3.558033620153044 3.55803362015318 10.674100860459548 10.674100860459562 3.558033620153256 3.558033620153116 3.5580336201530707 5.410668396552198 0.8895084050382367 1.779016810076564 1.7790168100765558 1.779016810076515 3.97800252044619 7.171446030696621 0.0 0.8895084050383271 7.171446030696675 7.1714460306965195 0.8895084050383506 1.779016810076577 3.978002520446091 3.9780025204461023 3.558033620153212 7.171446030696654 3.6675371088476054 7.171446030696615 3.667537108847687 1.9890012602229923 0.0 3.6675371088475264 3.5580336201531066 1.7790168100766088 0.8895084050383901 3.55803362015312 0.8895084050383019 3.5580336201530987 3.558033620153052 3.558033620153144 0.8895084050382539 3.5580336201532012 1.9890012602230291 1.7790168100765842 3.6675371088476445 3.55803362015323 3.978002520446039 0.0 0.8895084050382261 3.558033620153166 3.6675371088475632 1.7790168100765476 3.5580336201531892 0.8895084050383151 0.8895084050383428 3.6675371088475766 3.6675371088477333 0.0 3.978002520446003 1.989001260223084 3.558033620153192 3.5580336201532083 7.171446030696658 7.171446030696679 0.8895084050382884 168.6180609565555 407.2831944662183 502.08780697767514 375.47088396662105 225.40225247145216 446.9268661076668 425.6443280870587 409.6106388690157 182.4166032788431 408.97788911404876 554.1041798485376 351.93932505402995 234.79943850235315 452.3322556734065 481.4375726559108 385.9271978545267 150.5456246911941 388.3841139297326 380.48693125156274 424.55599425898953 196.38297210009722 431.984660317775 558.2727786346472 347.93130194877773 140.52234752056353 383.8798379018403 500.1518650271639 369.18844995521573 184.35498358051353 425.82208912243317 507.38225596848105 369.67260935960536 174.80898456744941 407.1938330344819 516.1033156367117 371.08625510272753 275.43918996430654 478.6765892645544 429.58980691540944 412.8852148443848 117.39898765799188 378.5301132942347 422.7035555111957 413.83009075135016 191.55965740868152 420.60585998651936 460.86476283268604 397.14135116501495 254.73350423625928 467.68123102721404 544.4388992877592 360.42247367174366 145.43745563406674 390.0303183064179 469.7972014548691 381.93520284998357 157.10504257291782 403.40442243707304 475.01430524104705 375.2266287771007 232.53403776537522 447.099474415032 477.50215074116295 381.80615802308023 209.07136209504523 429.0350065820427 528.8147257896214 366.6447700925368 174.27778876841532 418.07689369045585 403.1220291699876 417.91331103340144 116.1992229155023 373.9822991879744 440.5975080493016 405.36545506801406 197.41862305735074 420.88208956320193 524.1220715743448 362.0631658506788 288.7910690938215 488.3031333359962 442.86165657792367 396.14000482459664 130.98407357721533 380.39748561608207 475.0890414091182 389.8720141041565 257.7781289374838 462.8102205018932 520.7624637776719 367.28673659087787 201.24338999243432 427.15121870617725 433.8692341272465 403.98014055702083 103.22873627429522 366.9906785263686 499.5713536663478 380.83116220611197 129.68023493376083 375.4138521009296 491.70634527158916 385.34269902553365 155.45971247402935 398.09472680134616 453.37016460776596 399.859868846627 288.0804772756133 493.67293018672643 441.92911519383586 409.38467100777353 183.52964743520684 415.28178612496737 387.2692790912199 422.3770014300811 266.80247746400266 476.5714486198687 544.8386461136314 353.81344968133305 214.91412091477153 432.49335094499554 485.5250659602913 372.3388231874087 138.59045307232446 390.2939729502847 460.94344779857545 387.8784310215961 210.23352024365462 435.28593763462584 456.1445329785604 392.2415125860089 236.892608477938 458.2265035541 523.6403332402908 371.2372641825431 219.57423804709666 439.0584525779379 395.69920320016564 418.12329704560796 215.96039470144035 442.6011446535935 569.3529722377484 341.30318439431625 100.29572112617196 370.3895760110803 454.87825465144647 404.5867182266577 163.16213480782065 401.0981661526877 449.4116431939826 391.7930603077042 247.71621970468385 455.0657913256983 550.063429743781 356.107733139591 204.00711788203512 432.7484752597837 436.84134203814364 400.9066349273637 244.59881748908677 462.0283430833403 449.54898515553765 396.81517200076445 126.56119168670621 382.68057999407586 496.5666626709752 373.5523773373868 152.1272688733969 392.79304107451384 529.9427912125271 357.8039289095404 219.92571194945248 447.84155108159365 562.3813886650445 343.7024561053335 229.07022941776248 452.47029905769836 413.32041936561615 415.4038195394814 190.6955219302959 415.54259560771885 573.5524795820427 343.97749364225524 147.5680029232381 396.90299229735234 428.45846195419733 401.22001559384546 282.33865626271586 482.97110391066064 448.7668967885133 406.4111068890503 108.61651151683776 372.7305237699702 444.07454840587843 401.25488869002356 175.46658172483083 412.16234473497985 481.28961220034375 376.98428461975107 168.97789080203967 412.16213205974384 416.51954859070526 410.93004289300313 242.20368044726632 456.11458269805564 492.88372208125014 370.14672312144023 282.9437844366913 488.1053216419628 506.79330559291714 365.045474456165 160.19578881912483 395.5340196401782 534.9451070394227 363.2214216601244 107.60765357848106 365.21241323691896 536.95930671321 358.67577696609465 193.49754795914464 425.83481105250695 510.4295616950361 377.03426214829864 275.4763747209515 483.99674373517155 564.289071120746 350.3250646531465 238.84658087083324 448.9447558808238 467.8838378760472 391.15194535051444 263.2108268678081 469.98424747423826 472.6664534572554 393.79123489967907 270.0723888126808 472.90960697784436 395.58686518582243 423.3970097553457 169.3224660037142 401.36321244833226 434.7946749044198 408.3703918925511 92.48633571940822 365.4370571222252 471.2517690456889 386.1892918344208 226.89147351597774 440.83762281079123 408.2075073021451 419.3807825649076 248.45999164454108 465.3606589907847 489.32214462495267 377.0890338027551 183.2275221084124 420.1797648330118 485.3963853128333 389.3756534169763 190.51349987566053 431.30431906014525 516.13346392131 361.3506774621083 130.83913269734364 387.72215122512455 552.9995754853899 345.41962714456713 251.20867737489698 461.94481127805255 486.4428148509674 381.77385330063663 205.7942983030995 438.1339215986915 434.37365248209466 397.18602275761003 123.12055878441988 375.16740792885497 514.724640908249 365.41704146638807
630.0078258106861 0.0 3.978002520446039 0.889508405038296 7.171446030696637 3.5580336201531733 7.171446030696528 10.674100860459502 3.9780025204459766 0.8895084050383677 2.490623534107306 3.558033620153172 3.558033620153161 3.9780025204460783 3.5580336201530836 0.8895084050383217 0.8895084050383109 7.171446030696665 0.8895084050382213 7.171446030696583 7.171446030696697 7.171446030696652 7.17144603069653 7.171446030696563 7.1714460306966386 0.889508405038413 3.558033620153072 0.8895084050382918 3.5580336201530542 0.8895084050382414 1.7790168100765764 0.8895084050382412 3.558033620153143 3.558033620153126 3.558033620153052 3.5580336201531586 0.889508405038306 3.558033620153194 3.9780025204461134 3.5580336201531484 3.5580336201531764 3.6675371088475295 3.5580336201530716 7.171446030696608 1.9890012602229572 1.7790168100765447 3.5580336201530636 0.8895084050383454 1.989001260223113 1.9890012602230511 0.8895084050382798 7.171446030696665 0.8895084050382306 3.558033620153109 0.8895084050382381 3.558033620153104 0.8895084050382608 3.558033620153215 3.558033620153177 3.5580336201532337 3.667537108847587 3.558033620153148 7.171446030696615 3.5580336201531577 0.8895084050383357 2.51590970050006 0.8895084050382476 3.558033620153109 3.5580336201533 0.8895084050382793 0.8895084050382933 5.4106683965522935 3.6675371088476796 1.7790168100766306 3.5580336201532523 3.9780025204460454 0.0 7.1714460306966465 0.889508405038318 1.989001260222976 3.558033620153189 0.8895084050382612 7.1714460306966705 3.5580336201532203 7.171446030696641 7.171446030696647 7.171446030696597 3.667537108847583 0.889508405038261 3.6675371088475366 3.5580336201532297 3.6675371088475197 3.5580336201531293 0.8895084050382784 3.5580336201531595 3.9780025204460863 3.558033620153206 7.1714460306966625 7.171446030696636 3.5580336201531337 7.171446030696705 1.7790168100766333 7.171446030696576 0.8895084050382864 3.5580336201532385 3.9780025204460303 3.6675371088475344 7.1714460306966625 0.8895084050383337 0.0 3.558033620153339 3.5580336201531524 3.5580336201532625 0.0 3.5580336201532856 1.77901681007652 1.9890012602230835 0.0 3.9780025204460365 3.9780025204460303 3.6675371088475015 3.6675371088475317 3.978002520446056 7.116067240306361 0.889508405038384 0.8895084050383287 0.0 3.558033620153175 3.558033620153109 3.5580336201531297 3.5580336201531306 3.6675371088475766 3.6675371088474904 3.5580336201531875 7.171446030696642 1.7790168100765136 1.9890012602229923 3.6675371088475663 3.6675371088475317 7.1714460306965755 3.5580336201531337 172.47171551923714 410.41653638677514 496.51698496735565 377.54631215118405 230.8074410289561 449.5651511144695 417.26311752473146 412.6035196427814 185.707061306848 412.9511029277582 543.7138498835037 355.174585580799 242.01312763058795 457.5341853471593 475.8953397969432 388.09400804744905 159.2311151244572 393.1621781069409 373.82419061702905 427.6906839537935 203.72764033733839 437.00070841202773 549.4379635680024 351.2602087886786 144.80362611252858 386.3619647514471 490.23617985715856 372.2595082662794 188.59542162005604 428.3745786192716 497.516152387219 372.9366263854077 180.16401045009093 411.6344730307356 506.7848591793543 372.6137660486172 282.6569582961808 484.70269399314185 418.86069960103515 418.0643038412347 125.55791185161867 383.2033930963195 411.87448912510195 417.37635843027766 198.79353145909008 425.7878055496137 455.0765395003595 398.5208969716334 262.97090626429843 473.1628786990306 537.0472644593879 363.399721411995 151.786088038298 393.8634561352939 462.9718347826715 386.6302557653289 164.4080600315012 408.49119372172737 467.370249681016 377.27661446500383 238.44144795099137 450.7332195038514 471.9686159529483 383.98977460436055 213.805455663793 432.6093660289006 521.0514229122404 368.21953385510676 180.5841581973065 422.87250470309016 396.85258035030574 419.6428829168154 122.69734799930832 377.58229323388474 431.8678943908852 407.4011973460387 204.63616482700513 426.08155218099523 515.6627218578199 364.86230023328966 295.5070217941371 493.3500446652452 435.9156876663327 397.2182526225726 137.63284005077693 385.58852349419925 465.4686179991966 393.87842328105336 262.89848403991704 467.51953869754226 512.1157320983223 369.3804843027728 206.25956145973956 432.06703164478984 424.90544375320684 408.2869083054648 107.92205281749702 368.8264785436987 493.72983649690934 381.98351284454094 137.15006750948183 380.2440037450064 489.0658663936845 386.87921949094164 161.66960559536483 403.0453006277144 447.35673905989086 402.12408805726767 296.0306458658956 499.0513912608937 436.63057746545235 410.7317085446663 189.68704448004442 419.4047225421103 382.07399296846205 426.2173818354135 269.3783503871116 479.73129228916036 537.5714926393052 357.2653008126328 221.11657351638237 437.41680311058957 476.1844064525107 375.601345607599 145.7600285933241 393.7704530755343 455.59526877697874 390.63970112858345 218.08349076407015 440.4423922824961 452.05784375734237 395.6492965142101 244.16640806631185 461.6728703436646 514.9877554512792 373.318402131179 226.0396681248004 443.6070754032269 390.1170300765817 419.1743759329017 220.93130014685707 446.699159029948 563.4461398713719 344.1118431446259 106.92111703794991 372.8754481688281 451.91935861900424 405.06175210443035 169.0793808369643 404.69434145636234 446.671187484214 392.95063469782133 257.28544862809963 462.0737758714321 544.5796900964957 358.5744261072754 211.86478591440562 438.7639074289947 431.63430690386434 402.4876158917852 250.18137910842475 466.1113405765957 442.53031779936856 399.19887153182987 132.51837225962367 387.1213761075181 486.6657675128717 376.6581326943965 161.09469595533375 398.9410601937217 522.6253616311761 361.04255472997306 226.80807240352644 451.817133104452 555.580760928034 347.0035387690602 235.12515023008496 455.90434340969693 405.2736291057183 419.19125876914285 196.4360863772214 420.29377478864535 566.0420492949772 348.47644700220735 151.71144583975698 399.5982551281433 420.7311644867805 405.96901816486763 289.3044476484396 488.509952599217 443.15994855277074 408.34640053454893 115.10372626920817 375.4354221798746 436.7751170069268 404.3431873475759 181.5051453019414 416.46304929865266 469.9319018820181 380.3917513110337 174.4799140528843 416.3812621322644 407.2951800740052 414.57504821049724 249.68076568162638 460.952247032236 483.31942239012403 372.65435331314364 287.9785187586629 493.7433973045562 496.5901803290072 368.91065463710214 168.31154140866101 399.37780715053344 529.7563932945137 364.8569947392574 115.35984107809571 369.6016261498089 531.3561215691963 360.6778976353605 199.89594777003074 431.3695592499405 505.4774371825188 377.650526476496 279.1341384057056 487.3562404674477 558.6740194022564 352.2967250579424 245.39817729737396 453.3743883645459 459.73549084430675 393.24103752609835 270.0960541360724 474.8058675317698 463.67565271522204 398.1607670446402 276.9037224215024 478.62954182913404 387.69216915158745 425.3386395560893 175.23432195348266 404.96326700080914 425.00872860846357 413.2559885043783 102.13850418945871 368.690128443354 467.58904257031685 389.3931974766816 233.25320391163928 443.83710431881923 400.30568783322167 423.49195261445703 257.22027300607334 471.8072850817675 479.3630201570734 380.0020505820836 187.1939679981082 423.1374400283994 480.7281488401463 391.0142231510689 197.465054511848 435.14062933643527 507.05670651131453 365.6305463086062 138.28164446450603 390.77658664558015 542.8572689119328 349.6080591982079 256.73495401135153 466.9377833088467 481.2952628683397 383.5357585807184 213.7732996883051 443.977479793389 426.0943301335512 400.4153697460353 130.04516579190283 379.93130606980566 504.0253584412216 369.37306350843295
640.0078258106861 3.9780025204460325 3.5580336201531906 0.8895084050382841 0.8895084050382239 0.8895084050383394 3.6675371088476454 3.558033620153166 1.7790168100765253 3.9780025204460343 3.558033620153084 3.6675371088475637 3.558033620153179 7.171446030696644 1.989001260223066 3.978002520446099 3.558033620153237 0.8895084050383798 3.558033620153196 3.9780025204461644 3.667537108847635 7.171446030696562 3.978002520446111 0.8895084050382687 3.558033620153132 1.9890012602231135 0.8895084050383667 3.558033620153121 0.0 3.6675371088475877 0.0 3.5580336201531555 1.7790168100766466 7.171446030696653 0.8895084050382651 3.5580336201530858 3.558033620153138 0.8895084050383052 3.558033620153165 3.5580336201531884 3.97800252044602 0.0 7.17144603069669 7.1714460306966386 0.8895084050383163 3.558033620153192 0.8895084050383031 3.5580336201531937 0.8895084050382622 3.558033620153137 0.889508405038369 3.558033620153173 3.558033620153114 7.171446030696694 5.410668396552354 0.6226558835268106 3.667537108847659 3.558033620153188 1.7790168100765138 3.558033620153188 7.17144603069677 1.7790168100765649 3.5580336201531657 3.5580336201531746 3.558033620153171 2.5159097004999893 3.5580336201530813 0.0 0.8895084050384018 0.889508405038359 7.171446030696575 7.171446030696593 3.9780025204462084 2.5159097004999857 3.6675371088476094 7.171446030696667 3.5580336201530596 3.558033620153196 3.5580336201531826 0.8895084050382395 3.558033620153176 3.5580336201532257 7.171446030696647 0.8895084050382545 3.5580336201532394 0.8895084050383356 3.6675371088475566 1.779016810076566 0.8895084050382963 3.5580336201531506 0.8895084050382797 0.8895084050382546 7.116067240306408 3.5580336201530924 0.0 3.6675371088474993 0.8895084050382259 7.171446030696585 3.5580336201531098 3.55803362015314 1.7790168100766597 0.8895084050382192 3.5580336201531826 3.5580336201531737 3.5580336201531013 1.9890012602230476 3.6675371088476934 3.558033620153225 3.558033620153244 1.7790168100765082 3.5580336201532914 3.5580336201531533 1.7790168100765102 7.171446030696586 0.889508405038284 3.6675371088475446 7.171446030696674 7.171446030696683 3.978002520446115 3.9780025204461134 3.978002520446043 3.9780025204460614 3.978002520446123 3.5580336201531524 1.779016810076475 3.558033620153158 3.9780025204459806 3.6675371088475157 3.558033620153057 3.5580336201530707 0.8895084050383861 3.5580336201532097 0.8895084050382411 10.674100860459443 1.779016810076601 3.5580336201530804 3.55803362015322 1.9890012602230247 1.7790168100766213 0.8895084050382257 0.889508405038254 177.80077584972824 414.88995867567826 489.01497271369726 380.0487107577254 236.54854281749246 453.428712955942 409.9017582631305 415.5527148402287 192.6609879281798 417.669350924136 538.1834585657354 357.43202441859404 247.72693181746706 461.43856140690923 468.75728945149876 391.70840559113645 167.19093451123308 397.25288833792507 366.9078692786012 431.9439373537268 211.520349620002 443.1029766611604 544.6632639889403 352.53821284888 152.6472761733127 390.6196476033413 483.3560086577211 375.1162561112947 196.0254262181828 435.00648539024905 490.947401249941 375.13950796862974 185.07478334633 414.95571243421307 498.0404902871551 376.1850262794358 289.9472896332268 490.6081828010494 410.4089044277504 421.03865193664694 133.2821394604522 387.6404927208856 402.5947021654389 423.0645706993262 203.3843311924757 429.5759269318132 449.27556006619557 401.40713985011496 273.29120951208165 479.99353818129555 530.438054311539 365.4610644023019 160.84684005512682 397.17609865348953 455.70291852988294 389.89152748805833 170.30162938202736 413.9078931339566 461.66395111912203 378.8967679770394 244.70943176385737 454.71603433385417 465.22895558329645 387.2346928576286 224.3344035407352 438.26548707706894 513.3618488781239 371.9209134464049 187.24250432773823 428.01733469993866 389.21917253973504 424.21915504143294 129.59825179778267 381.47402088319717 422.4425609679725 411.8012930742358 209.638916054299 429.26902173663404 511.3786399818275 367.8693354517165 299.8811774872035 498.998973151583 429.3864239671563 399.54187860781406 147.55806848822783 392.08070905638897 461.4147564337406 395.7730329702906 270.8098671497138 473.44524100414765 503.96824584509835 371.44299725352823 217.61795072044362 438.25206105280466 416.24223889484324 410.65551632783865 118.14071565327261 373.953881639043 487.17908033646097 384.2361886466969 145.1599186189047 386.0568834546692 482.5302837985404 389.1464366598813 170.3117986892275 408.7916883735276 441.4166801737552 404.58668218582176 301.39608879603634 505.61858577185234 427.41600661403044 414.2586705381577 194.97492845466437 423.92928283624974 373.981855894467 428.3837385634135 277.2593272398091 485.6878854155067 527.6858049312596 360.47089448247647 229.0682177798858 441.5853791074936 469.0965144451018 379.4039249288246 155.52140635308882 398.71079769347 447.7568697541434 393.65040562879403 224.28376504413365 443.6600918555597 443.00774281255786 399.7134370152415 250.47900938634737 467.26640039241806 507.65985120202924 376.4369207627991 231.13983880065473 446.6754018583008 384.00563736644574 422.4540011384009 229.2342450318738 452.0804340487372 556.7536971326277 345.87587842345704 116.36077616661082 381.03025797482053 446.4869889242194 406.0343372857894 177.84297419597473 409.37444165935995 439.3297801063424 395.9108478924703 261.20364390019415 465.9143318878293 534.5619039096873 361.2812629685427 216.96500419007927 442.68340162048065 424.952649125103 404.4028638308273 257.07285666292796 470.9243088132094 434.5052486217704 401.7540737282562 140.24911833010856 392.45239267582184 478.3131984621115 379.754454413121 164.52959377359883 402.7026496165722 515.0100930630275 363.1737219283657 234.15160835549753 456.8448966531408 549.7215360545407 348.0441965371974 241.89841571935693 460.8716991665673 395.34686202134225 424.7368590103154 201.31905560213227 423.6602841716753 559.2240197469974 349.75915558138513 157.07578723089637 404.0261600603431 408.7573207119112 410.58005933273563 297.2720344409246 494.34966366435526 436.99153729860535 408.84241951472393 122.70370735431901 380.06411635786503 430.7184886319957 406.4694980496006 187.6354297260628 420.63071453396674 461.5513571611814 384.9310344385689 180.218145320152 420.2476517267776 400.5605600733042 418.7420346516284 255.4289758518207 463.98462028689875 476.8587809039182 375.1648358112678 293.98401557320705 498.08498302344003 488.9449247354015 370.9149429279918 171.87477609562964 402.9450019941217 520.0172516867344 368.5743118192748 123.52285350435896 375.1755985613844 522.0860420592334 364.25714949269957 210.18275025431572 437.34907319537626 502.02691179099503 379.9471147670346 284.34740990898626 489.4870801584243 553.0668592577902 354.2918551195289 252.196991395027 457.47153314944217 453.28277690841037 395.7436111105596 280.45554245887445 480.7680694739975 459.4041969448779 400.9207008187755 286.70214537747137 484.5215718017908 381.4191498769727 428.3123111667324 182.76289206447495 408.83017252365244 418.0929745033144 417.0978151402039 114.30438775525263 375.35949999841057 461.64704431196395 391.1429771607465 239.50827318762603 448.68587847535855 390.4494677430662 430.1107383204167 266.51862834916204 477.5304944872508 471.02940019631353 383.1477630983481 195.06108632907822 429.1429730007047 475.4761366745554 392.43450545716024 203.455868042803 436.91250619482173 504.2743958007194 366.68573679134306 148.61608174225702 397.547519027429 539.1666172640741 351.10889771972285 263.81145820097487 471.91618458037084 475.7848905645366 385.79540593963145 221.56008778512773 449.226050782186 418.3890336974441 404.9367630558068 136.67365372512964 384.24360351296804 497.09519650635275 370.3403886130046
650.0078258106861 3.978002520446004 0.8895084050382183 3.5580336201531604 3.55803362015324 3.5580336201531355 3.558033620153004 3.9780025204460863 3.5580336201530987 7.171446030696583 2.4906235341071983 7.171446030696591 0.8895084050382054 0.8895084050383322 7.171446030696609 7.171446030696637 3.5580336201531586 7.171446030696573 3.558033620153109 0.889508405038287 3.5580336201531386 0.8895084050382885 3.5580336201532243 0.8895084050381945 1.9890012602230087 3.5580336201531777 0.8895084050382934 3.558033620153129 0.8895084050382241 0.8895084050382761 1.7790168100766681 1.9890012602230682 1.7790168100764823 3.5580336201531786 7.171446030696723 3.5580336201531235 3.5580336201531524 5.410668396552277 7.171446030696617 3.5580336201531 0.889508405038298 3.6675371088474455 0.8895084050382946 3.5580336201531595 3.5580336201531364 7.171446030696639 0.8895084050382627 0.8895084050382744 3.558033620153099 0.8895084050382798 3.5580336201531204 3.558033620153201 3.5580336201532163 3.558033620153188 3.558033620153048 3.558033620153111 7.1714460306966865 0.8895084050383449 3.6675371088475437 3.978002520446043 0.8895084050383821 3.558033620153143 3.5580336201530733 1.989001260223016 3.5580336201531866 1.7790168100765702 0.889508405038277 3.558033620153156 7.1714460306966625 7.171446030696634 3.558033620153157 1.98900126022307 3.5580336201529965 3.5580336201531457 0.0 3.558033620153151 3.558033620153152 3.6675371088476396 3.5580336201529734 0.0 3.5580336201532425 7.171446030696724 3.558033620153169 3.6675371088475734 3.5580336201531626 7.171446030696714 1.7790168100765318 3.558033620153143 3.6675371088476654 7.171446030696696 3.5580336201531813 3.558033620153152 0.8895084050381988 3.558033620153183 1.7790168100765151 0.0 1.77901681007669 3.5580336201531284 3.5580336201531737 3.5580336201531284 1.7790168100765025 0.889508405038253 0.8895084050383193 0.8895084050382175 3.6675371088474615 3.5580336201531644 1.7790168100765358 0.0 3.55803362015312 1.989001260223032 3.5580336201532865 7.171446030696726 3.9780025204461245 1.779016810076591 0.8895084050383539 3.5580336201530978 3.558033620153193 0.0 3.558033620153201 7.171446030696622 3.6675371088474953 1.7790168100765384 1.7790168100765886 7.116067240306296 3.9780025204460485 0.8895084050382517 3.558033620153101 0.0 3.558033620153178 7.1714460306966865 3.558033620153212 1.989001260223072 3.55803362015314 3.558033620153156 3.5580336201531724 5.410668396552253 0.889508405038239 3.558033620153152 0.0 0.8895084050382432 0.8895084050382804 183.3569324345739 419.0133670058642 485.4049375255084 381.7323389423529 243.94643090060055 459.21712236727524 405.265160902272 419.3716173313379 198.0482151174241 422.0399072991004 533.2142716163014 359.8479717571161 255.53536211602588 466.66902156750945 462.17321310177437 393.814570227837 174.01276464717282 401.28162275139067 358.9842623280413 436.45026056357074 219.9615010651109 448.2903718664119 538.8698897037124 355.6796741831933 159.09125340779468 393.427699804712 476.3122801896143 377.4361484221702 204.65676033092535 439.9191333000684 482.95266469555185 377.73176358056685 191.9596857404976 420.6367691064396 490.90518372307014 378.1792627037525 297.23464447190884 495.73015809993797 402.45212565084796 424.00848071093407 137.68413573494496 390.83748400490197 395.48285371131794 426.5893285908767 208.8778434700641 433.79312350979154 440.63545248226416 405.02935245767094 280.48629235972163 485.2301932405141 523.0988208081112 368.5805716063618 167.54063396599548 401.3915063576899 447.58381872760833 392.21548154034394 175.19723312192002 417.255289372303 456.68865683657424 382.53139830926193 250.60114745124315 460.0378252481254 455.8275356001734 391.75058369863507 230.7270000623019 442.91851272723574 505.9542004089032 376.4544454555163 190.9022307526808 429.67966186206706 382.35275716823185 428.15861742439023 136.06618610657745 385.1315980116267 414.86247420151625 415.45924336974804 214.46382302049176 432.7198523926206 503.94679595506204 370.6215663966701 306.95299043381755 507.5492710102096 423.21772676483414 402.6640480127145 153.7277084559573 395.2980809373274 456.50768421606506 398.1582914647394 277.68566935073903 477.4772427857869 496.4121857449564 373.76903352252003 222.9343506777356 442.7057027432213 410.0360798581981 413.71486047432876 125.57428372137822 377.0298414310154 482.86060585878107 386.94346169253964 151.06181518814827 389.6768365045971 477.29604039973054 392.204706510444 174.53602993820627 411.36750033271005 431.2903122431964 408.54016362227395 309.4983083981388 513.5205130429027 420.0589651920563 416.13441919056834 200.77435380910453 427.7114592454922 367.3583348315627 431.02290515808477 285.5154098463988 491.16628947764343 520.9615401568825 362.12758123811165 237.84046588560142 448.00474693244007 463.82507211082526 382.29627707821 162.35996795947594 402.7095872599691 440.61433309501984 397.0955576900277 233.4978361474476 449.4752975570322 436.63952597502686 402.403737878812 257.87712334863585 472.2295468387425 497.8161056907945 379.70617154057345 238.62214858942323 454.0174228537512 379.07408263969523 423.973559783756 236.10266450461106 457.75261058199953 552.3703235788402 348.5972412222291 122.69591674879972 383.98295759252005 437.42294341469545 409.9449317679925 182.45181233934147 413.1359474269637 433.6798471576349 397.8020129360001 269.5268283329722 471.2983805630041 527.9628338716365 363.3941136881587 225.91324251000833 448.8658139166789 418.0064870577421 408.17169520259904 264.89969245480705 475.3183693835623 428.1144172855323 404.4061068114414 145.1939073291952 395.72977791682456 473.0137185788128 382.5840720426529 171.21372005063148 406.9348086902779 506.6989615223462 366.40910853090895 240.7108831425215 462.93533389848824 543.7179210227595 350.4501459318117 249.46988506737927 465.6008937697177 387.909712037143 428.6843196377005 207.77769489929858 428.2225742940263 553.8821181550857 352.73591822823823 163.9109275068545 408.0308601156372 403.15491927951535 415.7208224571011 304.3955456376459 499.6834812139435 427.99016322995345 412.9968667738677 129.3183896526688 384.3962420008266 422.8056347789887 410.5587684619279 192.74567750537975 425.39395157416897 453.84386732472706 388.26972188676496 185.24126191081484 423.4134796119372 396.6705878333264 419.9910392299801 262.67362617289706 469.14790038953726 470.3094869383737 377.358215017031 298.62883467853544 501.7690213074752 483.44236796379175 373.1973019872631 177.5954597517335 406.83946272094533 511.76082908990514 372.0292744982533 133.02389364200812 379.6083226644781 512.6640955234919 367.2603466953395 216.59958886845672 441.96834257569554 493.98143523402604 384.01342769302494 291.731683212888 495.284940578863 546.327772130002 355.877415024306 256.8914837180658 461.92138280328703 444.8424010284302 399.9360861371798 286.37604904635515 484.4242482798368 452.68952589227985 402.7348506356209 292.2436525340844 491.06563218619766 373.94614807904316 430.6152125376473 188.03145653929266 414.234788679332 410.35487561835197 420.42518090246205 119.82887960942347 379.555808621774 450.6882988152257 396.3464327133376 244.77602617387058 453.1999131335442 383.32923777639695 433.6710847695283 273.0979157566423 481.9432779006307 461.3993739238011 387.0525761473722 202.473207591678 434.06550758283475 468.1764007044223 395.50383137178943 210.99927703439135 440.8015984809966 497.2574641341378 369.0989050750849 155.19171709632784 401.9388438741935 531.885711938805 354.41895035371385 270.54813899505206 476.12546033841454 470.73126728603603 387.78710664171996 229.03674365010153 454.0697135404446 411.13405558583884 408.1295007292514 142.31428621162667 388.2557803098494 490.41875985230666 372.1735323248348
660.0078258106861 3.9780025204459855 7.1714460306966785 7.1714460306966625 0.889508405038265 3.558033620153181 3.558033620153244 0.8895084050383513 0.8895084050383273 1.7790168100766062 3.558033620153264 3.5580336201532243 3.558033620152996 0.8895084050382632 1.9890012602229663 0.0 0.8895084050382461 3.5580336201531892 0.8895084050382897 0.8895084050382992 3.6675371088476174 3.978002520446112 7.171446030696639 3.5580336201531746 7.171446030696547 7.171446030696658 0.8895084050382679 1.9890012602230316 0.8895084050382835 3.5580336201531613 3.6675371088475357 3.978002520446015 0.8895084050382958 3.558033620153148 3.558033620153068 7.1714460306966705 7.17144603069671 0.8895084050382434 3.9780025204460223 0.8895084050383724 0.8895084050383261 3.6675371088475903 3.6675371088475086 3.9780025204461023 7.171446030696613 7.171446030696651 0.0 3.558033620153241 10.67410086045944 3.5580336201531937 3.558033620153248 3.5580336201531932 1.779016810076656 3.558033620153115 1.989001260222964 7.171446030696837 0.0 0.8895084050383041 7.171446030696657 3.558033620153081 0.8895084050382591 7.171446030696621 3.558033620153176 3.5580336201531604 0.8895084050381735 3.5580336201531 3.558033620153145 0.8895084050382819 3.5580336201531986 3.558033620153156 3.5580336201531937 7.171446030696615 3.5580336201532856 7.171446030696682 7.171446030696612 7.171446030696665 3.558033620153129 3.9780025204460525 3.55803362015331 3.9780025204460805 3.5580336201531733 3.5580336201531293 0.8895084050383603 3.55803362015308 0.8895084050382324 0.8895084050383424 3.558033620153164 3.558033620153164 7.171446030696583 3.6675371088475632 3.5580336201531817 0.8895084050382158 7.335074217695203 0.889508405038318 3.558033620153101 3.6675371088475544 3.9780025204461253 3.558033620153156 0.889508405038292 3.558033620153182 3.55803362015309 3.5580336201532146 7.171446030696643 0.8895084050382589 7.1714460306965595 3.978002520446075 1.9890012602229767 3.6675371088475424 0.8895084050382034 0.8895084050383462 0.889508405038278 3.5580336201532066 3.558033620153217 3.5580336201530667 3.5580336201530596 3.558033620153172 3.9780025204461493 3.5580336201532012 0.0 7.1714460306966386 3.6675371088476423 1.779016810076576 7.1714460306967025 1.7790168100765735 3.5580336201531195 7.171446030696598 3.6675371088475135 0.0 0.8895084050381653 3.558033620153189 0.8895084050382248 0.889508405038222 3.6675371088476325 0.8895084050383639 3.6675371088474473 7.171446030696608 3.5580336201531346 7.171446030696675 3.6675371088474633 0.889508405038364 3.9780025204459384 189.79338959965503 424.46168250183615 475.9649714581163 386.16128744464055 250.74986363243326 464.96987905359236 396.83871524320585 424.5190799090588 203.8181153093304 425.85944294862503 528.825097917769 362.4354526031386 262.89639285170756 471.68109265336943 455.6995457855874 396.2253825709589 180.48434268948077 407.55840954039485 354.3145081892992 440.29230557043184 227.40938493760606 453.1761382665326 532.8480942502881 357.95935307113814 165.22962196452326 396.7102133398084 468.60275488405443 380.83425404067964 209.4507625967093 443.4028715733933 477.61743444990105 380.41545081255634 197.68773024863415 426.2255218152847 483.53724817836684 382.54129865051266 303.86546061720765 501.6793699436102 394.54077376592977 430.00887390310396 144.24615385151307 395.2435246754011 387.27868537340015 431.24794305525836 214.9837784021285 438.8415134046239 434.2164524857396 409.8693265105045 286.84298318144835 489.9420986267835 519.3187861951792 369.7438691395977 174.60289196546287 405.9475900009994 440.5672303996014 395.90670847124414 184.34137569015513 424.87268446628934 451.389415533965 385.2355308433174 257.19851873720575 464.42563771928656 448.7562671307777 395.30323926289503 237.0754443890175 447.6383142761605 500.3103171474735 378.27786655243864 198.51372724902492 436.0286319857448 375.7941395773388 432.5641236170865 143.32453017367195 389.3921565219928 406.6251231560224 419.0330705286357 221.28587586410896 436.7849941822674 496.4958045072136 373.28194016345043 311.4075336351398 513.0464712542329 415.08712700125477 406.3136023246496 158.63612639075194 398.63403198735443 449.2641086522685 401.3242478349771 284.9996096353431 484.1610577151406 488.4462128570469 378.0001707424795 229.73477071811539 446.8059029457752 400.3453466183511 418.6832098091098 129.2791386254186 378.59530684801376 475.14076899937595 390.29825618439287 158.0298980719435 393.49215092360487 470.72475576813395 394.4018201130386 182.87663886443642 419.2793925143993 423.2234909526573 412.35416914617497 316.1421786116514 519.6092335005676 412.71721982462947 420.2174084354969 206.97313754257863 430.94277404309287 360.32799002129315 434.9916442055207 291.2369736494318 495.08566182896385 517.9020373781955 362.27222307837957 245.80486993878392 453.0344050945524 458.67917973857504 385.3828433601594 168.34337676031504 406.21703031895294 434.7005004252474 400.800046868686 239.7333106348563 453.5138492591788 429.0557718405929 407.068280802821 265.2264812099251 477.26706948582006 490.3236098645234 382.22231573005536 244.11092156980658 459.05681308887085 374.6676929471143 427.96466648280017 242.52629402915014 463.1945034842602 542.9287629597119 351.5283562573204 130.38803709721293 388.4837474379689 427.5743013051382 415.6539683129772 189.5627753281453 419.3454986236084 427.18230822561793 400.2702200730794 276.2307874092904 475.5636640567185 522.27905682222 365.1028014517707 233.10512356141953 453.27692703747545 411.1815812211679 412.16676322305256 272.0816786302996 480.57290462213786 422.5158287415736 406.5312158750972 152.4330195784381 399.13083910221496 467.64604720564955 385.1472846498659 178.67481994466448 411.788572621759 498.0794217402153 368.65133426598004 249.38599900461716 469.49136824496935 534.2850733119269 353.4358329621167 256.9445688040558 471.29532956371474 381.2712953189391 433.016945211988 213.67542544374504 431.86806764726526 548.042051958216 353.8793572421611 167.28395733284444 411.85070869131954 393.1392672169377 420.2331438382338 311.4748020312461 506.650905249953 421.6680364801529 417.9085427750064 136.85753785131118 389.11708790986216 416.1856463915183 414.9083662388854 200.50855316485888 431.5275772009155 445.78072336963953 391.99334391645573 192.74326904348018 429.9234765875666 387.7901007191814 426.2605014717904 269.08572711206955 473.77599080279316 462.1668094022062 380.99081354783044 304.4832635316073 507.1056302134298 476.61867774781837 376.131460616231 186.4957122274174 413.9433806389576 506.11574123163393 373.81990712078334 136.45646811174714 383.36848677071487 507.0080591936981 369.0427165946136 223.12387282608157 446.44669280132723 485.65088290740886 387.13237588816617 298.44599184919144 501.92262741742206 541.2377680724126 356.0505882758712 263.1698483345111 466.71810296667 438.3435392617763 404.68021131740795 292.11104129654535 489.9200239240575 448.47654708448397 405.3990715571933 298.8066985817271 496.30976911140993 366.78327750851264 432.88606197762334 195.277949041031 420.24501856725055 402.4460202352838 425.47786055337644 123.68398709173307 382.68351747583216 441.69336424273854 400.43435258130626 250.79086393332526 458.3564666723784 375.7110806418255 438.39183678904334 279.5684389633536 488.90598974424904 456.263308058295 390.1827452560047 207.27841099752357 437.53739884215565 463.6690237878887 397.5237579696531 216.18428020324953 444.59102105204823 490.1640108833609 371.2120923967028 159.6981371928275 404.1065034115642 525.5325248651139 357.32084642023597 278.5093753956118 483.59243042766246 462.35163665497873 390.78049147532863 235.33271861742242 459.6815314026707 403.824019734904 413.20788671247095 150.11094365380094 392.5986410499637 484.670236238332 375.1962191301399
670.0078258106861 1.7790168100766406 0.8895084050382136 3.5580336201531315 7.17144603069671 0.8895084050382366 3.558033620153243 3.5580336201531138 0.8895084050382982 3.6675371088475264 2.4906235341073435 0.8895084050381946 0.8895084050382412 7.1714460306966075 0.8895084050382369 3.9780025204460974 7.1714460306965995 0.8895084050382944 7.171446030696704 3.6675371088474997 3.6675371088476023 3.6675371088475353 7.17144603069661 7.1714460306966865 3.5580336201532723 1.7790168100766282 7.171446030696562 0.8895084050382477 0.8895084050382575 3.6675371088475544 3.6675371088476694 0.8895084050382207 7.171446030696637 7.171446030696606 3.55803362015311 3.6675371088475437 3.558033620153208 0.8895084050383268 1.7790168100766022 3.55803362015321 0.8895084050383572 3.5580336201532257 3.5580336201532474 0.8895084050382974 3.558033620153112 3.6675371088476316 3.55803362015316 3.5580336201531946 7.171446030696615 3.5580336201531417 0.8895084050382215 1.779016810076588 0.8895084050383978 0.8895084050383479 0.8895084050383041 2.4906235341072485 1.7790168100765082 7.1714460306966785 3.9780025204461023 0.8895084050382405 0.8895084050384459 1.7790168100766168 0.8895084050382432 3.558033620153192 3.5580336201532514 0.0 0.8895084050383198 3.6675371088476845 3.5580336201532448 7.1714460306966705 0.8895084050382942 3.5580336201531546 3.6675371088477045 3.6675371088475126 3.6675371088475512 3.5580336201530836 0.8895084050382963 7.17144603069673 3.5580336201530107 0.8895084050382295 3.9780025204459633 3.558033620153098 0.8895084050383186 0.8895084050383104 3.5580336201531315 0.8895084050383226 0.8895084050383598 7.171446030696609 3.5580336201531506 3.5580336201531093 7.1714460306966314 3.9780025204460454 3.558033620153164 3.5580336201531493 3.6675371088474984 3.667537108847599 3.6675371088476196 3.978002520446116 0.889508405038297 3.5580336201531773 0.8895084050383589 0.8895084050381954 0.8895084050383499 0.8895084050383251 2.5159097005000035 3.55803362015302 3.978002520446084 0.8895084050382127 3.9780025204460183 0.8895084050381855 3.558033620153118 0.889508405038258 7.1714460306965835 3.558033620153175 3.55803362015321 3.558033620153262 3.558033620153178 0.0 0.0 3.558033620153108 0.8895084050383953 3.5580336201532403 1.7790168100765966 3.5580336201530844 2.812872557784593 3.558033620153105 3.6675371088475877 3.5580336201532243 3.5580336201530955 3.5580336201532043 3.667537108847671 3.558033620153152 3.558033620153201 0.8895084050381973 3.558033620153296 1.989001260223093 0.8895084050382829 3.5580336201531506 3.5580336201531595 3.9780025204460485 3.558033620153105 196.83663041122801 430.7435133174421 468.5407673940691 387.59581951245764 256.8513904731608 470.0025923531126 389.01166656865377 428.9417105521591 206.39620858547403 426.51426321503357 520.5703917935767 365.81837522453554 270.9105389320199 478.2789135104539 450.5877177210656 399.2493821193254 187.30958248183657 413.3019313179711 351.38197060594865 443.4900334369243 232.44284154587362 456.345402807087 522.0802316979741 361.6063894834516 172.5279144811453 401.7994914221311 463.13810371891554 383.1710311822598 215.80351974101532 448.109884155263 469.2872922884903 383.56345422565994 202.23499023769332 429.2133113628851 475.9939921596877 384.9821214148148 311.1285502941793 507.6163698487567 387.1191251076638 435.01123521205176 152.14105032631844 399.4564223898783 378.8065885328971 438.08566758409 220.09726153541254 443.5602810623123 426.8893054815868 414.9985596897457 292.5473008596905 493.8853599830295 508.38857380121243 374.453264468594 178.11997667250125 407.81553162885047 432.06660473937575 400.9381486737315 189.15770449155167 428.33603527665684 445.0004394722566 390.19362687497255 262.9672783513322 468.2779462833807 440.59451246750416 400.0082461270237 244.1213859713996 451.4326210862323 494.7158405074852 380.2719826531047 206.0556657003694 442.46545189994123 367.21517740800965 438.5636425019373 151.36855345279366 393.3914286601792 400.7328905210147 423.52920234314485 225.9873936013136 438.7468941956277 492.2739555924316 376.12791600270367 315.0718441258658 518.6925426550908 410.221371653436 409.74725590645016 166.49769693503603 403.78134528546747 441.6858786464638 403.8307062983901 291.6378323291872 488.51671400798847 483.45102346332334 380.1518609781531 236.9420442755423 450.3798538226195 394.1546031564058 423.61597912894894 135.56376334223404 383.419856302891 469.5669294129239 392.33405853758677 164.67626671953224 397.7835563714515 461.5351018898642 398.0635581389038 184.48800356797514 420.42381078823485 416.4775596198677 416.53540304458227 321.2686622529649 525.003774843297 406.2257350205687 424.69476852781736 214.28745723921276 436.01511265104153 357.54575219947986 436.37032783401327 297.4728644050082 500.741842376385 513.5121622034022 364.7453941237603 251.0036522180658 457.624863833596 454.45488444704523 388.06349967814094 173.3146104106045 410.31347987271545 427.5473511056926 406.21620706613356 245.53624546609842 457.3093874298738 423.0344458212355 412.3775387162734 271.2942637639692 483.93938713355317 484.2319315261908 384.2649275691223 248.4581640511886 463.94386321888123 371.26839337620197 431.5843616882824 251.3916812749176 470.3120898884287 537.3968490885651 353.71063887551117 138.30477405565435 392.6518687303786 420.0092846271609 420.3410403916296 193.25941086564194 423.5193202998398 421.36768586160747 404.00776980040246 284.2910853160162 482.9024943450529 513.8008911741927 369.42771789804465 239.71366022217555 457.65015439615235 405.04104802563194 415.46426006347195 277.19817623694473 485.2539843977272 418.21100583062605 408.9263830073686 159.35811365610138 403.0111505173444 460.5783984760909 388.71694807206165 181.61706218527496 414.4782205303644 493.6715128936082 370.99310548545037 255.50871465627003 476.1074009896866 527.2488655816173 357.43245795542185 263.95689608041994 476.7695963510599 372.2707866270476 439.2290885490538 219.97623103483193 434.9830542948383 538.9931530605475 358.1359417871167 173.36253181865703 415.2270850490039 389.421274507581 421.8662819437101 319.1807386232822 515.9524496736261 411.5832484925829 423.26335965540295 145.05025598447173 392.89299536747427 409.9925663434076 418.07162957079527 207.98065783350955 436.3796594784982 439.23779527829316 394.4216341274202 200.4601554889041 436.1166258179772 381.3663977484414 430.9157146026225 277.15382736214457 479.5079784309781 456.1822363114579 383.3482926745611 311.6631204345195 512.3829886899424 470.7347128089609 377.4363779175506 193.0748354146337 418.3336427246518 500.52526964506734 375.77724140855656 142.32486226192862 387.04127695795984 500.3939956183872 371.06753021495854 230.04583576236908 450.39729152193286 479.132769709573 389.47243861180493 304.56694825618536 508.502902375506 531.3388096034026 360.8782200481929 271.5000137991951 472.9113073678075 431.484335940006 409.62557798943453 298.58491550354444 494.48832060106633 442.25520544111134 408.39415844278136 305.09337749777364 502.6854369544355 364.1054669393889 435.0834956212398 200.0086379657073 422.130749686289 395.3545899866291 429.17858605579767 132.70804818454533 387.86309995968224 435.0837836329773 404.3047476890406 254.9809968714964 463.4504208758679 369.15033536195904 444.43845305735374 286.6722068775968 492.6839698860141 447.9628881248207 394.62346223507075 212.70137747607163 441.8396240264407 453.5464986019109 402.70262315893024 224.3981927828897 450.1095804102891 485.62378563447464 373.1741538982752 166.7199235561009 409.5933626683288 516.2622909386907 360.7996978369068 284.7682758778966 487.629685180951 457.04807973156363 393.4562503033321 242.55924373372875 464.8659915112665 397.1029596324508 417.3888137579363 158.2847165255203 396.41548043622976 477.95848349284387 376.979808150709
680.0078258106861 0.8895084050383919 3.5580336201532234 7.171446030696732 0.8895084050383109 3.5580336201531493 7.1714460306965835 3.558033620153198 1.9890012602229556 3.5580336201531946 7.1714460306966705 3.6675371088475095 3.5580336201533673 7.171446030696643 3.558033620153161 7.171446030696593 3.5580336201530605 0.8895084050383767 3.5580336201532226 3.6675371088474216 7.171446030696712 7.17144603069667 3.558033620153114 3.5580336201531737 7.171446030696712 0.8895084050382527 7.171446030696756 3.5580336201530782 0.8895084050382625 0.8895084050383004 0.0 3.558033620153176 3.9780025204459775 0.0 1.7790168100766117 3.6675371088475495 3.5580336201532448 3.5580336201531506 3.5580336201530756 0.0 7.1714460306967185 7.171446030696797 0.8895084050383293 3.5580336201531026 0.8895084050382852 3.9780025204460054 0.8895084050382968 3.5580336201532177 0.8895084050383619 0.0 0.8895084050383328 1.9890012602229916 3.6675371088475206 0.889508405038386 1.7790168100765023 3.5580336201530036 3.558033620153028 7.1714460306966314 3.5580336201532248 7.171446030696696 7.171446030696584 1.7790168100765058 3.558033620153067 0.8895084050383077 1.98900126022299 0.889508405038229 7.1714460306966705 3.6675371088474655 7.171446030696564 3.5580336201531972 0.8895084050383605 3.558033620153052 0.8895084050382959 0.0 3.978002520446075 3.55803362015323 3.558033620153144 0.8895084050383161 3.558033620153102 5.337050430229743 3.558033620153126 3.558033620153209 3.558033620153153 3.5580336201531373 7.171446030696612 3.5580336201531666 0.8895084050382793 7.1714460306966865 3.558033620153033 3.5580336201531066 0.889508405038278 0.0 7.335074217695303 0.889508405038261 0.8895084050383405 3.667537108847734 1.779016810076508 0.8895084050383191 0.8895084050382281 3.5580336201531475 3.5580336201531333 0.8895084050383374 0.0 3.978002520446095 7.171446030696737 3.5580336201533 3.558033620153119 0.8895084050382032 0.0 0.889508405038296 0.8895084050382833 7.171446030696612 3.9780025204459504 0.8895084050382634 0.8895084050383674 3.558033620153045 7.171446030696553 1.7790168100765618 3.9780025204460134 3.5580336201531964 3.558033620153284 0.8895084050382952 1.779016810076646 3.558033620153085 7.171446030696675 3.978002520446079 0.0 0.8895084050383003 7.171446030696519 0.889508405038253 0.0 0.8895084050382993 0.88950840503828 0.8895084050383324 3.9780025204460583 1.9890012602230627 0.8895084050382523 1.7790168100766066 3.978002520446051 3.5580336201531524 3.5580336201531355 201.31317010333194 434.66398883901235 461.9665129410616 391.0349641754127 263.68151252598 475.7052645831163 382.3485476660103 435.5992402177738 213.04054545528086 430.8244421533083 511.4077427832785 369.55452536752483 277.3870392709675 482.84121895341326 443.72073768671305 402.15721279359286 193.69693801924387 417.96029998876566 346.0813289067241 449.9007229841305 237.62633736555605 460.9566364208223 513.7548614986791 364.76003733331487 180.85937856814368 407.1379931676968 456.41182756502883 385.1300605753736 221.80652516677551 453.2775210030787 466.16561053948413 385.0557042447845 206.70185778966933 433.14112695012955 471.0166641717991 388.38312156937815 315.70744773372246 512.8752279341733 379.3025279786498 442.5591560368081 158.89085342128976 403.59952266955196 372.7956265527865 440.3499755793924 227.03822680351897 449.12734983881035 418.5119400324133 421.99569110164333 299.4876065816558 498.6654175664224 498.4929737041919 379.00695131914546 184.53939652350786 412.4279178009264 426.61546448470466 405.2238566784959 193.83313078444718 431.14992482745095 439.1911651791571 393.99207151461826 268.543412108608 472.3809444885383 435.8415234173496 402.59399088494814 248.5145650436056 455.44830721418697 486.2848409668884 383.1699306454844 212.03756163697983 446.0177184990789 358.58857407843885 445.29794171976596 158.79764381667343 398.2887194701661 394.0222587457537 427.79002930555623 230.41555654435948 442.72136168147534 485.057517389567 378.05933350801706 320.89425126896407 524.7941121479344 406.0235691755412 414.0286941563297 173.6036091203523 409.13866857138913 434.50947346099105 408.175537717833 298.2118430355597 492.96850488864254 478.02047737175457 382.5332448761884 241.46032885374237 452.6056603749069 387.2218446691549 429.1685030313939 138.26357938776613 386.47435356021884 465.6822663148979 394.48716724688535 173.55135921125625 404.0588142405936 456.91570619104607 399.8996295864374 190.87486080714027 425.0796664345933 409.663628972256 421.4892890638138 326.2992208658095 529.8983654409942 397.35855205507414 430.218961053408 219.67649085705872 440.36272766412804 352.5090342548012 443.9001339868237 301.3730607309984 505.3207553454298 503.46172363203766 368.9429426835034 257.8662301603952 463.2852081638286 447.6976952895417 392.19139707170064 179.7338777659368 414.91989627582694 420.8213820954812 411.27502095833535 250.85236029817406 461.7448769491731 415.2172642439389 417.55101958189374 278.8370238269718 488.752313668577 478.94069146333527 388.20834283223576 253.4522704073065 468.7860742088214 369.49420013344684 432.58150408735116 256.52337234827354 474.97503765249957 531.1131164017916 356.7842590660749 144.8449538547928 395.3602386059397 410.91390199920045 426.3077686977654 199.63412949454906 428.1968192038152 416.7477987928824 407.780470808473 289.97185417712143 486.8813240928382 504.84850967604973 373.75559446805573 243.257375554753 461.9540928338897 396.8794010001199 421.8755081979476 284.27176102189924 490.64892016096655 411.3610396354405 414.655435784652 166.76138916722564 407.94678414614754 453.9727766970338 392.07726151876943 187.21945576296454 418.54046499079993 486.9683663992655 372.86734885223177 264.1776032551743 481.07533308755995 520.9343943824659 360.3737383612293 270.13904612829805 481.6978491634178 365.70154272802023 445.2223416536335 223.28343223325328 437.16176726667504 533.4995202615215 360.43404992404305 179.64221456924588 420.0444622413176 381.2959986033278 427.5791001395892 325.0418888375998 522.759702975074 403.6092314087435 429.0915710312811 151.8432599221943 396.111846930543 403.416761903141 420.89706127738555 213.02413482919076 439.5365974988116 430.9524327624046 399.84532022524905 204.6336688005445 440.44181636941823 376.8752942176182 434.7950288007928 284.5417006644772 484.5195277667121 449.1481142918579 386.9458365104764 317.8800385266043 518.7872579636607 464.35433314853236 380.12382442955135 198.80446243052407 422.2183092891366 491.69597503153807 378.9814448902857 146.9386576734169 389.92442509296103 494.85259241559976 373.2001538761534 237.65198529200092 455.9081222292318 473.6134063450879 392.8259601602325 309.0896651645393 512.3351210476366 526.3346684811553 363.0588838961416 277.05854411563513 477.03995089953423 423.6398262014605 415.6805670190413 306.0140100643429 501.0001549641837 432.7592907917769 413.65218347673715 309.2943481236628 506.90385399086836 360.7576471170101 438.7275214948782 205.7320134111701 426.0293246885009 389.22766069716624 433.4333764178482 138.69421971997286 391.37383568148283 426.30501263644135 410.77310717815465 260.59019107087903 469.1066253710154 361.0836752581778 451.7468968257492 293.2460025324914 498.70089547496144 441.54040402734256 398.2621723358863 217.7884786298584 446.58533147903705 449.7132783194989 403.9291270030852 230.294313824047 454.6019697984238 479.7701163938661 374.5448292092953 172.49529866171548 413.41094870352254 507.87242900895006 363.7692599534552 292.2012815297518 493.37617302572136 451.0331965731393 396.8857176156794 245.35635839993301 466.09876598034606 390.6732032561065 422.0606270165646 166.2679297117287 400.5225449182327 471.33457024816136 379.10423480848726
690.0078258106861 7.171446030696619 0.8895084050382597 3.5580336201532567 1.989001260223113 0.8895084050383021 3.9780025204460685 0.8895084050383876 3.5580336201532323 0.8895084050382781 2.49062353410724 0.0 0.8895084050383936 3.6675371088475086 3.558033620153121 7.171446030696662 3.5580336201531386 3.5580336201532266 3.9780025204460143 0.0 7.171446030696567 0.8895084050382919 3.6675371088475215 7.171446030696567 3.9780025204459855 0.8895084050382818 3.6675371088476236 3.558033620153132 3.558033620153126 3.558033620153177 0.889508405038325 3.5580336201532416 0.889508405038242 0.8895084050382798 0.0 3.6675371088476125 3.5580336201531275 3.5580336201531 7.171446030696512 3.9780025204460325 3.5580336201532043 3.6675371088476103 3.5580336201531537 3.5580336201531657 0.8895084050382631 3.6675371088475686 0.8895084050383271 0.8895084050383101 3.978002520446108 0.8895084050383092 3.6675371088475583 0.8895084050382539 3.6675371088475845 0.8895084050383368 0.8895084050382434 3.9780025204461325 7.171446030696528 0.889508405038304 0.8895084050383419 3.978002520446027 1.7790168100766557 3.558033620153191 1.9890012602230163 3.558033620153182 0.8895084050383562 3.5580336201530502 0.8895084050383426 1.7790168100765626 7.171446030696656 0.8895084050383106 3.5580336201531506 3.6675371088476343 0.8895084050383018 0.889508405038245 3.6675371088475757 0.889508405038322 0.889508405038196 0.8895084050382546 0.8895084050383689 3.5580336201531475 3.5580336201531755 7.1714460306965915 0.8895084050383333 3.5580336201531226 0.8895084050382668 0.8895084050382436 3.5580336201531324 1.7790168100766526 1.779016810076614 3.558033620153167 7.171446030696709 3.6675371088475974 7.116067240306436 3.558033620153163 0.8895084050383993 0.0 3.978002520446178 3.5580336201531306 3.558033620153247 3.5580336201532012 7.171446030696569 3.558033620153216 0.8895084050383825 0.889508405038291 1.7790168100766723 3.5580336201530565 3.6675371088475357 0.8895084050383922 7.171446030696583 1.9890012602230602 0.889508405038346 3.558033620153169 3.5580336201532003 3.5580336201531235 0.8895084050381901 3.558033620153146 1.9890012602230163 3.6675371088475504 3.6675371088476143 3.9780025204460805 0.8895084050383554 3.558033620153174 0.0 3.5580336201531897 0.889508405038323 0.889508405038277 0.0 7.171446030696681 7.171446030696613 7.171446030696591 3.5580336201531653 10.674100860459504 0.8895084050384026 0.8895084050382789 3.5580336201532003 0.8895084050383298 7.171446030696705 1.779016810076526 0.8895084050383046 0.889508405038353 0.889508405038228 207.77223051637947 439.2288663473611 456.53221842804174 393.4932432903274 269.28694494849583 480.56172962239276 374.73111902052824 442.64401640014717 218.06853782169645 434.0078178829461 508.56441000153785 370.43663704747433 282.60086489120016 485.84632449075514 435.72752929089404 407.99804474204035 198.25295362944664 420.11324353146773 342.88926151927916 453.0064581567426 244.1582791230669 465.43834492407666 509.6270646073378 365.0611047988636 188.473114449957 411.79791746008465 451.991444773981 387.34107550502273 230.67890729776283 457.95496483694996 460.96223161156604 387.8679216609747 213.6057720491199 437.1220565322343 465.52780462888336 390.68010614525963 321.0291094927954 517.3098698363209 371.9355348813251 449.15930268064 163.16692124491655 406.9624288005465 364.7534559985093 446.28713391925845 233.89221738172375 453.1910814084785 412.3236945027256 428.4751538398931 305.1514580922802 504.1991279477408 491.76371956799477 380.9217420044183 190.9115340206248 417.11119940440705 420.506455105971 410.2790404068098 201.09739471558814 436.28508736677963 432.829275073087 398.73010611120236 274.07313050600186 476.5487511265809 429.55712521355275 407.44704749647525 252.0953852763106 458.8917152014572 479.25565027703686 386.7790638643355 220.15152354448747 450.04702286140923 353.42044121741054 451.30282389851385 166.89050799419311 402.26022719358883 384.7932236099562 435.26468056017006 233.42394731655466 446.9125222035592 478.72391798615706 380.8408825897979 326.015036550774 529.4613450113768 399.6392646709314 418.6955859836346 178.76277263201334 413.80704567763615 427.9253643743649 414.2598817801034 304.5412728822865 497.7376211631511 473.36706524598543 385.40179328463967 244.2581159354689 453.84363402580766 379.5337226026414 434.7087626192277 146.13255824963224 389.87536014962484 460.5656351024096 396.4777733800397 180.38739351756232 408.101745264602 452.38672128335736 400.00027611198965 195.48140873245902 428.8223510746149 403.2762515993097 426.1582415553165 332.3742198170522 535.137995430288 390.17201501998045 434.78919998133375 222.97187872590172 442.5670861253937 351.13349699089787 445.31042344492937 306.09012009017056 510.4315930296876 495.88035668031955 371.3207272340283 265.2786949356366 468.2593024303663 440.27770496474574 396.1730357775589 185.8138302387874 419.99535650898594 414.32821028101375 414.9536948051809 258.36565058971803 467.3867019828737 410.0954193908747 422.24554803367147 285.54900600134357 493.0553313976411 471.883463898539 391.74018189834425 259.0981087592456 473.5959378767073 367.3849102760414 436.0735782204871 262.84424594616263 479.7379829186641 524.5973427091242 359.10168267598164 151.3538005466668 398.1361313787116 402.00491572891764 432.58546445276374 205.02140572927448 432.53962228902054 412.37536312324823 410.18379384857695 296.6668981625323 491.2166968054117 501.39633348594066 375.7084920213464 251.4654906522794 465.90413955395815 392.37659155743034 424.21301825228994 292.20137474240545 495.04442887371783 407.25602818722604 418.2402970259189 170.90953418132946 410.6437273536109 448.00378512133756 395.5618290784395 193.03093746185982 423.14699061669785 482.03609546280046 375.15244068742305 271.3967987098412 486.30188597498784 517.0785872405762 361.3000884522591 275.98224786696295 483.9177206271114 358.431072109065 451.9289640379716 228.62544972650545 441.568914022167 526.3188793955717 363.80105853756163 187.74822516644548 425.70643714690374 378.65041421220457 429.09474158282774 331.4189325461447 528.9737338586338 396.22169038496776 432.67748781284126 159.8049555760956 400.2645856077539 397.1415556151927 425.71598934774545 217.13891882180977 443.9237571661861 425.3941768460186 403.98723809484056 210.74356779840002 443.8304791939941 371.76076936646405 439.4394012686787 289.4113482904514 487.93753929663586 444.43189732820696 390.57557355668905 322.1485842499701 523.6493982082878 458.0425083933197 382.95000516125293 203.8095543509984 426.2554554503288 483.51672415250175 382.50493114353486 153.27967369778452 393.80201989971755 490.64633798216033 375.87156239090655 242.324445914754 459.56122259716994 467.46805573802556 396.01999908307624 316.1475022412224 519.2741906593642 520.2948779806377 366.6174325651961 281.0347429654283 479.985849277945 415.68124803719076 422.3617301588627 313.1241879046091 507.8765064174548 423.44699385665854 420.97972290883615 315.5046067859551 514.0586664507723 357.12133348094585 443.45262764594264 211.40718252111677 429.98896311141925 381.6358324404346 441.2401992486888 140.7857303717033 390.1207091132176 419.27244304878093 416.2687392322898 266.14675533736573 473.24058438588247 353.68997631239654 456.9646106379146 299.9997668161323 504.4867635905627 436.0009728673323 402.4384448032149 226.3785864982527 451.62318851303235 443.66766208656855 405.43174981812484 237.30727361231746 460.075409426696 473.23453082636394 376.89920785426165 177.5070500442837 418.2834210063832 500.8425586577959 367.4457566091594 298.5488072293827 498.1238917044831 443.4614342374877 401.53895978733584 252.4904086632381 471.4206331599806 385.95131328200586 425.67126743711805 172.6849315689753 405.1416143562312 466.03116717141097 381.79181904853465
700.0078258106861 3.5580336201531417 1.7790168100765251 3.558033620153119 3.558033620153112 3.667537108847639 0.8895084050382558 3.978002520446044 0.8895084050382346 0.889508405038304 0.0 3.6675371088476423 0.8895084050382849 3.5580336201532075 0.8895084050381983 7.1714460306967025 7.171446030696615 3.978002520446004 3.558033620153084 0.0 3.6675371088475677 7.171446030696591 0.8895084050381884 0.889508405038214 3.558033620153137 3.558033620153159 0.8895084050383578 3.558033620153192 3.558033620153087 0.8895084050382454 3.558033620153179 3.558033620153075 3.5580336201531653 3.5580336201530702 1.779016810076587 3.9780025204460565 3.5580336201531106 0.8895084050383201 1.9890012602229603 0.8895084050382649 3.558033620153149 7.171446030696788 3.5580336201531586 0.8895084050382965 0.8895084050382407 1.7790168100766213 3.558033620153162 3.55803362015324 3.5580336201531253 3.55803362015317 1.7790168100765413 0.889508405038316 0.8895084050382932 7.171446030696644 0.8895084050383733 3.9780025204459415 3.5580336201531497 0.8895084050383519 1.7790168100766908 3.5580336201531924 0.8895084050383922 3.5580336201531195 0.8895084050383489 3.558033620153071 3.5580336201531484 3.9780025204461724 3.5580336201532887 0.0 3.6675371088475446 3.558033620153173 3.558033620153203 0.8895084050382688 3.5580336201530973 3.9780025204460783 1.779016810076572 7.171446030696637 3.5580336201531764 0.8895084050382032 3.5580336201531564 3.9780025204461102 0.889508405038289 3.558033620153073 3.978002520446011 3.558033620153131 3.5580336201531106 3.5580336201532097 0.8895084050381941 1.7790168100765043 3.6675371088475845 0.889508405038304 3.5580336201531697 0.8895084050383983 7.116067240306295 0.8895084050383588 7.1714460306965915 3.6675371088474646 3.6675371088475845 3.5580336201531844 0.8895084050383213 3.978002520446095 0.889508405038305 3.6675371088475552 3.978002520446024 7.171446030696569 3.978002520446178 0.889508405038364 0.8895084050382551 7.171446030696728 0.8895084050383469 7.171446030696651 3.5580336201532083 7.171446030696638 3.6675371088475943 7.171446030696592 0.8895084050382336 0.8895084050382612 10.674100860459559 3.9780025204460663 3.6675371088476694 0.8895084050383905 3.5580336201532443 7.171446030696605 3.6675371088476934 7.11606724030632 7.171446030696648 3.9780025204459903 3.6675371088475335 0.0 3.9780025204461005 3.558033620153142 3.9780025204460694 3.6675371088476165 0.8895084050383378 0.8895084050382845 3.558033620153281 3.558033620153164 1.9890012602230127 3.558033620153206 0.889508405038278 0.8895084050382406 0.8895084050383171 215.96611715839524 443.9724288475684 452.08042008020357 395.71285793288786 277.02556771765705 486.7209871558044 368.70571157689403 448.5239069112627 223.54616977578587 438.2336519162529 505.1785202474766 372.52712075832267 289.1964888000765 491.8321654362252 428.97151495670545 412.204475223021 204.71032806040418 424.6859126871343 339.1796125265774 459.8540251726564 252.93968853735743 471.86953417324145 505.4195053843819 367.7587225372368 194.21253512447177 417.3266600897994 445.21263954842476 393.23358469076635 238.57477656445928 463.89782567499077 455.2117904272749 391.7080402026119 221.10430030624468 441.9685374672638 459.73736604525607 394.48392207873434 326.13454491720574 523.4199885914119 365.97000656498096 454.39413906786416 167.79774020038477 410.67773950942535 360.15866083663934 450.0981355540243 241.64312887217758 459.32182211269816 406.3401046338278 432.1436210036444 310.4534944742771 508.64260672833194 487.7620567205626 382.8917619130591 199.1570178080771 424.239378491224 415.1773858101596 414.6652331926008 207.5358897583539 440.8830844449332 425.57207729812234 403.85844154987 278.7741698803212 480.16715407289126 421.49373007451146 413.19603031120874 256.41130501254503 461.418106520175 472.61015872920234 392.11588756660854 227.6179269779767 454.9333717345692 346.5820723191013 457.12418988551804 171.96766564854778 405.36356491769783 376.7441673694505 442.59651878589835 239.33415631572413 452.18707870678674 471.5624340723795 384.1930275875852 331.9588663912515 536.1170613189151 394.946663635999 422.34661966180323 180.64597610652157 414.5869605083362 423.9406864357971 418.74584502084485 311.0072613520488 503.8460282893271 466.99210668853203 390.1667389118787 249.04414740898474 457.35035014002267 371.88735089269824 441.0554125568627 154.9906416030065 395.3300400897971 453.22659683036596 399.69594261659194 186.0975962423224 412.01866234398864 445.5307215415641 403.9522181285069 203.05127948462876 435.1953190295619 397.3568963254727 429.2233338226262 338.4472136280235 538.8100043074389 382.8009296364853 439.2850264801169 227.6523491784607 446.20806070226945 347.05936291306074 450.93420377974326 312.2632699815592 515.3956573929856 487.97004476522915 374.29266107903413 270.17767476498705 471.64541344549775 434.0782531133539 400.2207130965468 190.55968274145104 423.55438054402777 408.9088727107676 419.26416568092753 263.9015262557445 469.9856660927228 403.599142715314 428.31581158388246 291.8423924879406 497.8545747084391 466.01375939225755 397.41169202035076 265.5226746772336 478.2266068316511 364.64395153419684 438.93586053883655 269.4675941824232 484.9049117528599 517.8384691742359 362.1706364984199 154.15263451644552 400.16723179603287 396.1376111014031 435.0143634192269 210.03003300076992 435.7577400706878 408.1333229730889 412.82460036423447 300.64439951408934 495.6762749132672 495.8541628409666 377.8487023577999 257.2389185424114 468.98610074560014 385.75267169146434 430.8675504419731 298.84076420895144 500.20653940836735 402.48183208832444 421.80479560781544 175.02795303695743 413.38424736260845 442.423739145166 399.6658344655931 201.25340917272248 430.2946271515126 477.29778480130676 376.784834343277 277.8334456609323 491.6998647749946 510.34126488282027 363.1346185199619 282.93189496387794 489.47314220268566 352.8201597747738 455.514315023687 233.69122236502923 445.5195904039453 519.8454949504268 366.2460976370586 192.98112703862643 430.2569367763395 373.0685973377282 434.7057271915504 335.53139757023195 533.2507655269743 388.65645682764847 436.210812280667 165.89720729273384 405.32472646622796 391.6304934425567 428.5167771234744 223.53170563211705 448.5832585489506 419.0337906537452 408.6801046350433 217.78687169462768 449.26530561087077 365.2251637102546 444.8273304134089 296.0205600368751 492.39338227069834 438.2789942449406 393.883496091433 328.6069259900475 529.046105319548 452.76914783385223 387.5784410505854 210.4854586236807 431.35291549197035 477.5093312058009 385.9678760730031 161.42895510688015 399.4023339063929 482.0407258180572 380.77506444507827 251.27904264094795 465.7727367287864 458.0257590141705 401.4428754097705 321.26480253027177 525.3851774730265 513.2134923666292 370.15949311920224 285.5603139010239 483.81565722609366 409.427316949017 427.2087108810478 317.13689735366535 511.54862119247315 417.3551038490112 424.4436732826715 319.52423542252467 518.43936371284 352.7597619487896 447.50151539883143 216.4127440949446 433.2089736810133 373.4884707956559 449.86840116588326 148.5988947819061 394.49579091692135 413.8008952300571 421.2596538446906 271.7121823172246 478.1479937831061 345.7696101275605 463.83071471671667 304.06028237652134 508.0976082443705 431.2207499169084 405.97748057137215 234.9940793878414 457.4517354385929 436.7295055534215 411.0027510172778 245.95540513897708 466.66742995460305 468.77449674945206 379.05952326939337 181.47438162365384 421.2315807427356 496.80781861304195 370.46799242735875 305.1203628155873 502.6291154688816 437.9806911097699 405.7417759284269 259.0896248712023 475.83537020882244 379.97798711630884 429.46075639547547 178.84851142030962 408.439070150168 459.1948766953699 385.7494556605295
710.0078258106861 0.8895084050382902 3.5580336201531346 3.5580336201530542 3.558033620153089 0.8895084050383288 0.8895084050382852 3.5580336201531417 1.9890012602230356 3.558033620153143 3.6675371088474344 0.0 3.5580336201532172 3.5580336201531297 0.8895084050383354 0.0 3.5580336201531013 3.55803362015315 0.0 3.9780025204461644 3.6675371088474717 3.6675371088475677 1.7790168100764483 5.410668396552204 0.0 3.5580336201530907 0.8895084050383923 7.171446030696594 3.9780025204461653 1.7790168100766464 3.558033620153198 3.5580336201531297 3.9780025204460525 1.7790168100766535 7.171446030696724 7.171446030696675 0.8895084050382512 0.8895084050382255 3.5580336201531493 3.5580336201531737 3.558033620153124 3.9780025204462053 0.8895084050381801 3.978002520446087 3.6675371088474487 7.171446030696633 0.889508405038245 0.8895084050381921 3.558033620153148 3.558033620153172 1.7790168100766297 0.8895084050382338 1.9890012602229763 3.5580336201532172 0.889508405038226 3.9780025204461325 3.667537108847599 0.88950840503822 3.5580336201532448 3.558033620152983 0.8895084050382998 0.8895084050381713 3.558033620153266 3.558033620153082 3.558033620153128 3.5580336201531746 0.8895084050383065 0.8895084050383193 3.6675371088474917 1.9890012602230087 0.8895084050382038 3.9780025204459943 1.7790168100767156 3.6675371088475233 3.6675371088475592 0.8895084050382364 3.5580336201531573 3.6675371088475854 3.9780025204461444 0.8895084050382662 0.8895084050382901 0.889508405038329 3.5580336201532474 3.5580336201532154 0.8895084050382653 0.8895084050382406 3.5580336201530423 7.171446030696721 0.0 7.17144603069657 0.8895084050382833 1.7790168100765564 1.7790168100766057 3.5580336201531453 0.8895084050383221 1.7790168100765211 0.0 0.0 3.558033620153148 3.558033620153091 0.889508405038263 3.558033620153177 3.5580336201531977 7.171446030696663 0.8895084050383439 3.5580336201531724 3.558033620153237 3.5580336201532172 0.8895084050382489 0.8895084050383291 3.5580336201531755 3.5580336201531604 7.171446030696549 3.5580336201531044 0.8895084050382572 3.9780025204460845 3.5580336201530844 3.6675371088475575 1.7790168100766572 0.889508405038208 3.558033620153176 0.8895084050382143 3.6675371088475286 3.9780025204460205 3.5580336201532026 1.7790168100765844 2.490623534107233 3.55803362015303 3.558033620153228 3.9780025204460614 7.1714460306967 3.558033620153212 0.8895084050383008 3.5580336201531235 3.5580336201531484 3.5580336201532616 7.1714460306967664 7.171446030696698 3.9780025204459575 0.8895084050382993 3.55803362015308 221.56084293985975 448.05124783077355 445.80781172527566 400.54760879968495 282.76036417870006 491.4202305673173 362.1892696632236 454.62032794616437 228.81800776575295 441.1183588913047 498.195543723938 376.2125374490506 295.7895780375966 497.072842441433 421.16500999074134 419.0351156458922 210.03405662573314 429.10935602200607 335.77975824700724 466.05910028992 260.84224513742475 477.81515697908003 500.1719354954663 370.51939485921673 199.8963103377519 422.91387791290566 441.72685981962763 395.18235362958467 243.25409289042088 466.7538172161105 449.69318577758213 394.9958429600047 227.928881740513 447.68129017127654 454.7014349278126 397.61846494937885 332.3659160227891 528.347339791666 359.03020498628103 461.44547546170224 174.77573670732494 416.20197213277726 356.30921033884994 455.9260829935948 247.00077250178714 463.6952749825436 400.4812472308215 437.45935743785566 317.1509838846759 515.2285107872588 484.45794202339175 385.0854528899617 203.3433664335137 429.3346303977472 410.05358834840735 419.3104251073583 215.48575126794026 446.7716812096721 420.15355763700416 408.1821212696128 287.1934735393267 485.5428848221244 415.5674018038858 418.45123562702287 258.818461031648 464.6949980855387 467.9213012449402 395.76430059949166 234.1720284295707 460.1902748768144 342.1511175042447 463.7467689557756 178.00569728182367 410.489221157128 370.7981651386183 447.18249366675326 243.93220628086965 457.50355785691147 465.87519769380793 387.22285561060306 335.92372401452434 541.9760574605818 392.470606860366 425.4579533481655 188.0436151276921 419.5536041060533 418.2285366048779 424.2099389424585 318.60686067583254 510.91867503519916 463.2865710589451 393.48487846220223 251.18147418339964 459.4267469633746 364.95427505100474 446.7637929787817 161.79463353415002 399.42176699217583 444.1212907205925 405.74336669331365 192.5501018047629 416.589654790533 437.2967489812787 409.4349888310837 208.78502666993631 441.515042174527 392.7865018768193 433.03657445409766 343.54696376851956 545.90586755148 378.0151251775616 442.91687784689276 233.83821548527263 449.5485183804315 343.4335627974969 456.954633419237 316.460590108292 521.0322616099761 483.2999343943656 378.0616403324313 278.5091407696901 477.109099180856 429.0950617496838 404.2682015509214 194.63631550700924 426.3593695083065 403.56922933900506 422.97059040656364 273.0016006022937 476.05548667122974 399.33302027854955 431.0210744563958 298.0745665652608 503.4870287272068 459.9893601148074 399.03597282583064 274.5462132313744 483.64494076574056 361.97925275314384 441.8571496520737 275.6123582960383 489.88067127181324 514.2494420905803 363.8776249195262 162.60763832095145 407.0216711018099 389.8584701477552 439.93211570346983 215.96327163941473 441.01014106683095 406.6781753717406 414.16889746936465 308.60634676553815 501.6097062339401 492.14943587536254 381.33712170700545 266.4341143787896 475.7104674283223 380.19667331493895 433.7341963724441 304.6778104458223 505.5433585767186 396.8059798262912 427.32474231283805 181.93629708890663 417.346806474001 437.7174550333526 403.2738781643837 204.7171133626861 433.89160487577556 472.21055399082877 379.85056823028674 286.4931191796262 498.3088842593677 507.0349809962153 365.3410026573957 290.2056635156274 493.93473266841033 350.3096062742267 457.2563358153294 240.6324106439934 451.07781212924607 516.0277076020337 367.4704939196681 198.2888185011171 433.08151320372434 368.2791678007668 438.34847733220073 341.6150467311066 540.4692044493795 385.0213618538064 438.88060389331383 171.99260871064186 409.5519762859556 386.2459724443536 433.6063098611141 231.34047149185974 453.8508869017072 414.0050492769308 413.4408211052855 224.29891350380998 453.77694951394204 357.9960882472731 450.2819380992378 302.813631853026 498.8895419023551 434.48739424624165 397.10521177526954 335.4054862127772 536.2369865708564 446.7057496896008 390.9660879089752 214.32034567006227 435.2754389145067 472.7060491214619 389.5125596416502 167.13668532017255 403.31810588150154 477.1838268292575 384.21830418732685 259.58423942216155 472.0124573073818 451.5583765956505 404.2638369956819 325.58550324869344 530.8779918663157 509.2275778830203 371.0131589095947 293.9505942334377 489.26060850153664 404.79877138016315 431.6615223087918 324.3363028398599 518.3171851217467 413.18597158469714 427.9307759679451 325.6168929794976 524.2224649118425 348.9399509599014 450.7223879215506 221.39424920881999 436.46417573614224 367.73894613926217 453.9804057802649 157.33390539314243 401.8073555389738 408.7688073638321 425.2887766070646 280.42777655439687 484.674514096206 338.85749695778566 471.8343790435033 307.3472358498416 511.82233758220264 423.65930811570087 412.3354580130634 239.92102337960424 460.796566694677 427.90066821834694 417.3719329989855 252.07134759728993 470.1114804377972 464.2246034005599 381.083520706702 187.43500367551175 424.8237753807551 492.5856717998371 373.0584274241038 311.8489413078237 509.18657915817766 430.01598344888635 411.6348112441949 268.785851091599 482.7287954759235 373.79948844501473 434.4995044867229 185.1726562034697 413.18477472775453 455.7854750774119 387.76768779112444
720.0078258106861 7.171446030696653 0.8895084050383109 3.558033620153228 0.8895084050382808 3.558033620153144 7.171446030696673 7.171446030696605 3.5580336201531924 3.5580336201532226 3.667537108847603 1.7790168100764563 3.558033620153136 0.8895084050382369 3.5580336201531497 3.6675371088475877 0.0 3.9780025204460623 0.8895084050382143 3.9780025204460374 1.779016810076558 3.6675371088475575 0.8895084050381797 7.171446030696636 3.6675371088475823 7.171446030696567 3.6675371088476316 7.171446030696651 0.8895084050382553 3.6675371088476165 1.779016810076541 3.5580336201531924 3.5580336201531484 1.7790168100766317 3.6675371088475766 3.9780025204460094 1.77901681007658 0.0 0.8895084050382804 3.9780025204461174 0.8895084050383936 3.6675371088475712 0.8895084050382486 3.5580336201530938 1.7790168100765904 0.0 0.8895084050382993 0.0 3.558033620153107 0.8895084050382945 3.6675371088476636 3.6675371088474975 3.6675371088475277 0.0 7.171446030696622 0.8895084050382187 7.171446030696635 7.171446030696649 3.558033620153132 3.5580336201530334 3.558033620153177 3.6675371088475437 3.5580336201531275 1.9890012602230855 3.5580336201532075 0.8895084050382978 3.978002520446135 3.558033620153186 3.6675371088476356 0.0 7.171446030696744 3.978002520446148 7.116067240306417 0.0 3.558033620153125 0.8895084050382513 0.889508405038273 3.5580336201532106 0.8895084050383075 7.171446030696618 3.558033620153083 0.8895084050383535 1.9890012602229916 0.0 3.558033620153143 3.55803362015316 3.5580336201531493 3.6675371088475646 3.9780025204459726 3.5580336201531804 3.558033620153091 0.889508405038333 3.6675371088476125 1.7790168100765773 0.8895084050383704 3.978002520446108 3.6675371088476605 3.55803362015321 3.558033620153231 3.6675371088475717 0.8895084050383385 3.667537108847611 3.558033620153285 7.171446030696703 3.558033620153102 3.5580336201532563 3.5580336201531533 3.5580336201531133 3.5580336201530516 0.889508405038272 3.558033620153161 0.8895084050382092 3.9780025204461404 3.6675371088476236 3.9780025204460854 3.5580336201532132 3.978002520446055 3.9780025204459832 1.9890012602231215 0.8895084050383206 0.8895084050381861 3.5580336201530893 0.0 1.779016810076677 7.171446030696605 0.8895084050382768 1.7790168100765646 0.8895084050382039 0.889508405038281 3.5580336201531466 1.7790168100764947 7.171446030696581 0.889508405038361 1.7790168100765509 0.889508405038224 0.8895084050382077 3.558033620153184 3.558033620153174 3.558033620153174 0.889508405038318 0.8895084050383002 229.56473239430767 452.3022284915699 440.81494902786915 404.60972462333586 288.0187946039731 495.1819960298124 357.107002697995 460.0202313927128 233.43500976702376 444.84298086611847 490.9112834393705 381.3008474249282 301.5362908214543 501.046945868249 414.9110280792817 423.93477847330126 212.2071880960051 431.1425637525988 330.339865181679 473.1141896548869 266.22127685281805 482.16412977039954 494.17579355829673 375.866554091204 204.57537347570613 426.55705471030086 436.2397770218306 399.40891337744904 250.10038728997077 470.8995104007412 445.4969728187045 399.2468633669918 235.92380130264053 451.9561768673633 451.1697591077693 400.31102276837277 338.9492432460565 534.3346466348952 352.2529480122571 467.33991628175534 183.0448490955204 420.0267474148876 350.089930164329 462.3053476967147 254.86529643202599 469.69007363072643 392.073394364343 444.4892360002156 321.99170835164693 520.1772433101027 478.269932636854 387.38770199534923 208.78167500209403 433.6125671753249 402.50235086295913 425.0167250790128 222.96166873907578 450.8831953829597 415.963867982685 412.40219717770043 292.0291448075313 487.56074592794164 408.29210293769097 424.4352446945187 261.33594700432985 467.8201480337476 461.5485668885998 400.4374129363578 239.34564046318303 464.78670545220865 336.65916920095003 470.1038999823117 182.0898616108328 413.2837342284227 366.0142725372118 452.1862502879334 250.15967548484932 462.38597280102124 461.31254961419586 390.20408139452485 342.8446422701045 547.6127994070101 387.64060725327636 429.0476518109308 197.01218605060745 424.9167145880691 412.70438842110326 429.87480702697275 322.1916776405987 514.3194831495231 458.6876776237196 397.2002701304852 255.5986441752492 461.85075088102985 360.66052264157076 450.8837415872538 165.74514637621482 402.38602656072743 438.36339190630065 411.22470929015515 197.54085299462096 419.82972718337555 431.6195151760859 413.44427540346845 214.507743072106 445.432471905001 386.5614925892695 440.7407457553427 349.5232981748006 551.0997509368509 371.36967854303776 446.2473170919605 241.94575030524402 455.2437419552581 338.6340289135646 463.2579169242856 318.26443927571177 523.4375157656837 476.6899050696378 382.38480657623734 285.2402246020456 481.4254012348302 424.6667574720497 408.2038014585851 201.56124379725145 431.13304450316656 396.44218147475533 429.8253017553643 279.2799630631006 480.89560110972945 395.05748893870464 436.51546028227574 300.4172178197041 505.3272726402489 453.8764894984297 404.03606387882326 278.617269712809 487.2442937611899 356.36764210729353 447.448494364655 281.42847472215584 493.74937262270475 506.5337420948806 367.27873472008355 169.21945142265923 411.38495762438356 385.0348153294338 446.22494275931996 220.75277522876178 444.52423584590247 403.8461010551069 416.92156032631004 314.20394920592486 507.1957323081076 485.6648274575454 382.19184154500135 272.38870063786936 480.9148714060818 376.66852413092835 437.1990032187069 307.77539668486213 509.46223814280853 389.41968442373206 433.9349096525883 189.29703313253592 422.36486812514676 432.3102957881336 407.5934945544683 211.5537385841152 439.58482473484105 468.825229062185 383.63837193085834 292.59443301927377 501.886038105051 499.2778480081774 369.7473077872328 294.18948780864105 496.9099521660017 342.36027148956265 466.06107996852336 248.56497542147713 456.984666519388 507.5862647539798 372.6329102199274 203.42163386054233 436.14534852125394 363.1151951717884 443.003407465419 347.64970688407203 545.6021751292591 377.24134181045963 445.16285419539264 177.4470017268274 414.6299687570532 381.72066363628096 438.8452690444798 238.1485958554432 458.8051889452476 409.86949903527636 417.69746085702184 231.37509301349854 457.61359173415366 354.18243258350503 453.5098348129287 308.59610685370814 504.2806052650022 430.13468412475163 401.1296686901548 341.1019695719792 541.7203730462196 443.60562055358946 393.4131013183641 217.4091932512773 437.73755539163324 467.05878390653294 394.3757633490358 171.57389211649814 407.2800183377572 471.619863753887 388.330465575293 263.8590333898027 475.37769860339205 447.0922872076568 406.6029747547082 330.57458499888963 535.671113675173 501.7402452868195 375.86055473402615 300.67581617605606 495.0816773489708 399.98172483122084 438.7016416362508 328.3144863745437 524.1683443566844 406.88119180210015 432.78002071743725 332.39603126593073 530.7201194730064 346.4412308925272 455.0989911428888 226.32943609227326 439.7845972411807 362.9758425895033 458.9964562246053 161.93624507955656 405.5566491843842 400.5622867134078 433.1440472089462 285.34724917081405 488.0603547502716 334.5514579528314 475.9509985144367 310.9443479392525 515.2079336009693 418.38025789395425 416.81432149143154 245.55544685308388 464.83930558597757 421.77233171683383 420.94817158360223 258.9801180620437 475.7162259913893 460.577842926987 382.76915096582076 192.88809017194606 427.468921344477 488.2736587584225 375.4781830300754 315.6125567537224 512.398815877771 424.56458933650094 415.1888048589966 272.49419192443537 485.99289595718625 368.4937904321505 440.36014294950377 188.12836552197618 414.2009793914822 452.62876426918046 390.1550637377121
730.0078258106861 3.9780025204460103 0.8895084050382644 3.5580336201531946 0.0 0.8895084050383484 0.0 7.1714460306965355 3.978002520446088 0.8895084050383801 0.0 7.1714460306967025 3.5580336201531795 0.8895084050383496 3.5580336201532456 3.6675371088476005 3.5580336201531466 3.558033620153201 1.989001260223028 0.0 1.779016810076554 7.171446030696644 1.7790168100766413 1.7790168100766075 3.558033620153097 3.5580336201531777 7.171446030696709 0.8895084050382436 3.5580336201531133 7.171446030696591 3.5580336201531573 3.9780025204461062 7.171446030696707 3.5580336201532567 3.6675371088475637 3.6675371088475797 3.9780025204460534 3.9780025204460463 0.8895084050383107 3.558033620153222 7.1714460306965915 3.9780025204459983 3.5580336201530534 3.5580336201531515 1.779016810076566 0.0 0.8895084050382422 7.171446030696538 0.8895084050383946 3.558033620153121 1.779016810076556 3.9780025204460685 3.6675371088475823 1.989001260223088 3.558033620153068 7.171446030696511 7.171446030696717 3.558033620153148 3.6675371088475757 0.8895084050383769 3.558033620153224 3.5580336201530987 3.5580336201532514 0.8895084050382664 3.55803362015314 0.88950840503829 3.5580336201531484 3.558033620153045 1.7790168100765051 3.97800252044608 0.889508405038231 3.6675371088475317 3.5580336201531906 3.558033620153209 0.0 7.171446030696572 3.9780025204461333 1.7790168100765609 3.9780025204460054 3.558033620153153 0.8895084050382601 7.171446030696578 3.9780025204459983 3.9780025204460414 3.558033620153086 7.171446030696675 3.558033620153202 1.77901681007661 3.978002520446011 3.558033620153145 7.17144603069672 3.978002520446099 0.0 7.1714460306965835 0.889508405038296 0.0 1.7790168100765154 0.8895084050383419 0.8895084050382868 3.558033620153178 7.171446030696698 1.7790168100766424 1.989001260223146 3.5580336201530995 0.8895084050383539 0.889508405038282 0.8895084050381881 3.558033620153165 3.558033620153193 7.171446030696608 3.558033620153125 7.171446030696631 3.667537108847611 3.5580336201530445 7.1714460306965435 0.0 1.7790168100765462 7.171446030696561 0.0 3.9780025204459712 0.889508405038233 0.889508405038324 1.7790168100766914 3.558033620153099 7.1714460306966865 3.9780025204460885 3.667537108847583 3.6675371088475015 7.171446030696663 3.558033620153249 7.171446030696558 1.7790168100766086 0.8895084050382992 3.558033620153131 0.889508405038248 0.8895084050381914 3.5580336201531484 3.6675371088474837 3.558033620153104 3.9780025204460623 0.8895084050382628 234.81930107930393 456.0383115206035 434.18751634565643 410.5695533887466 295.55836384584484 500.8650294991771 352.288380967228 463.6906341026904 237.4031572464789 447.80369302330814 483.98685924437524 385.21831821988076 307.80363415919885 506.64745112521837 410.0733849227782 428.88507618100624 219.6065716354121 434.5696239216158 325.4966535376259 478.98691877511556 274.05132342392426 488.2401041874757 487.92148300510496 379.84945945992524 210.13628747631742 430.68007659952605 431.86039865686377 403.39983335584543 256.80476338521765 476.7604687298928 437.7791347832155 405.4298727531157 241.69758486425883 455.8436172657788 445.18963642767426 403.19916376692987 345.16854846738914 539.9884480856083 344.5651938618247 472.4511943552162 191.36425068793662 426.23109699884634 345.1396232120027 466.5171880491679 261.1369061747775 474.53316464585595 385.6692409791108 449.3485126118756 328.60654011547143 527.5582092633088 469.5561798955985 393.06146130888146 215.02169462511733 437.6817625374257 398.5646836173937 428.09133206476514 229.798454573054 456.5747077919184 413.0077417848982 413.6266058034542 297.6061532978719 491.72939384788384 403.35941236680134 430.65636965340275 267.8407936684478 473.89262936950985 454.712247555767 406.12308037383605 244.33736733334516 468.07620763561295 331.38915058231544 474.69388433166057 190.1689629856203 417.39138093888397 360.9995689754153 458.3071594339773 255.07667230864067 467.2867958261698 457.1815514174112 394.5091627413659 347.46762206539046 552.0733312490677 382.3055238180613 434.8836934448894 204.754018893458 431.0621819921914 406.3297449523631 434.72276339814715 326.7019364232901 521.0390026412844 453.4985033741618 400.2195539680664 261.9884487495486 468.06695327525176 357.601040419841 454.7721274025638 176.69532906388622 409.2244712294898 431.50326719500515 416.931141688573 203.19691372527564 423.04142082732733 425.2590287955885 416.81843211210855 221.31352852906755 450.37081762610916 380.9378298743883 446.98173953568573 354.60184193026606 556.9378380901264 364.9458701966734 452.4476063582107 249.63615407335382 461.45531503439696 335.7774324237324 467.3205103727296 323.2407802845361 527.5305064420759 471.2848032363277 386.7274883394988 290.6723295098522 485.73499197536853 421.6518012667732 412.1972090541767 208.50777537070766 436.68632317138776 391.54771162827586 434.72015206092004 285.129779944289 486.21942319243607 388.85774574721995 442.89417227102865 308.30776538518097 512.8076089292255 448.1173064002886 406.4179551271616 285.85397559066143 492.5227355122189 350.80132663326026 453.08593799862086 289.52758479775343 499.5537399608093 500.43349943291156 370.55476740802686 177.9162207214717 414.66757308549035 378.2707356596488 453.43967930697397 227.77598818721557 449.9903729091089 400.7704608420206 420.83338809918445 319.0385266246372 512.1480202526802 476.7748605791001 386.7915054699247 278.5758870120768 485.8610012277403 372.35596432203914 441.3013041911447 314.57217394309225 515.9397198471847 384.9298578055129 439.2103754827531 197.04055159673706 425.3125178251888 428.76602113287873 409.595478697189 217.84592505790442 444.3803524831766 463.2011622820481 387.67842437852704 299.031191837552 506.57599877306734 493.0856802944455 372.91162168457635 302.2159324946946 502.0784652370567 336.7323030607043 472.9537927232059 255.69185322575714 460.8219523937601 502.90130183775995 374.4235765498693 211.27000977526234 443.7288964027785 357.1646103072767 448.303734377448 351.9158793931935 549.7212054420368 371.26287285155087 450.43805756302453 184.62038726940014 419.89663081382145 376.91873675349063 443.8370052544886 243.3070717052443 461.89344895412887 406.0780586106915 422.2909011112845 236.9992225966909 461.6878419772906 348.21572555991634 460.76451691045975 314.1553424840573 509.9097772215914 425.9970213893812 403.9397943397453 344.6590645615033 545.1509971247966 440.5915913443517 395.9878186818633 223.1487407748326 442.43493737235485 461.51178478177445 400.082571974745 184.3644911523147 414.9703399055296 464.04197916398823 393.87710058683206 271.18717327681003 481.2648070041967 440.2911862355893 409.39468232329887 335.54304555307993 539.7733758257502 495.13327407046785 378.41154207354157 305.5045832753184 498.60264104701554 394.0579421956084 443.99057421290416 335.25101874095964 530.5011077388353 400.7376131650354 437.85387192318166 339.68499409168555 537.3999992506259 342.55975079885246 459.58249793324086 229.6982610945106 441.91264150587966 356.76851709436846 465.3858686402207 171.2027921596255 408.90478520408914 393.9673595865329 439.15575070963547 291.823921327743 492.7013062903506 330.9645497525778 481.9945581787665 317.0331225955978 521.7109511433642 411.73926142405116 421.3633651745481 251.0629999901042 470.56162057522863 416.54396480490715 425.50107003202027 264.4974911979584 479.931997280366 458.5544050270222 384.9819401975297 197.5425045800221 431.143983177877 482.17900214639764 378.8393242464206 319.74545305043864 517.3727807450541 418.62253046207394 419.7066318928679 280.1143048068845 491.57461693292896 362.9031507729301 445.9718604598362 196.20602245744877 418.31804963980255 452.026668602494 390.98320782503407
740.0078258106861 0.8895084050381883 1.7790168100765147 7.171446030696716 3.667537108847695 1.7790168100766366 3.6675371088476005 7.17144603069672 0.8895084050383146 0.8895084050383238 0.8895084050383495 3.6675371088475917 3.5580336201531018 7.1714460306966625 3.5580336201532647 1.7790168100766581 0.8895084050382466 3.5580336201531435 1.9890012602230267 0.0 3.6675371088474917 7.17144603069665 0.8895084050381808 0.8895084050383653 3.6675371088475783 7.171446030696568 7.171446030696711 0.8895084050383687 7.171446030696607 3.9780025204461134 0.8895084050383328 3.6675371088475033 3.558033620153125 0.8895084050383939 0.0 7.1714460306966386 0.8895084050383743 3.5580336201532328 3.5580336201532017 3.5580336201531457 0.8895084050384156 0.0 3.558033620153118 7.171446030696596 0.0 3.6675371088474296 3.5580336201532767 0.8895084050383106 3.9780025204460374 7.171446030696665 7.1714460306966865 3.6675371088474837 7.171446030696765 3.6675371088476414 0.8895084050383395 0.6226558835267512 0.8895084050381867 7.171446030696663 3.5580336201531355 0.0 7.171446030696702 0.0 0.8895084050382096 7.1714460306966545 3.558033620153118 3.9780025204461102 0.8895084050383205 7.171446030696582 1.7790168100766346 1.779016810076637 0.8895084050381585 7.171446030696657 1.9890012602231366 7.1714460306967185 0.0 3.558033620153134 0.88950840503837 7.171446030696481 7.171446030696646 0.0 0.8895084050382747 3.5580336201532075 7.171446030696694 3.5580336201531213 3.558033620153158 7.171446030696664 0.0 3.978002520446136 7.1714460306966785 1.9890012602229692 0.8895084050383556 3.5580336201532328 7.11606724030635 1.7790168100765074 0.8895084050383695 7.171446030696783 3.558033620153099 0.8895084050383519 0.8895084050382596 7.171446030696721 0.8895084050383049 0.0 1.9890012602229588 7.171446030696448 0.889508405038302 3.558033620153232 3.558033620153228 3.558033620153259 0.0 1.989001260223028 3.55803362015326 3.5580336201530716 3.9780025204459806 3.558033620153055 1.9890012602230942 0.8895084050382848 0.0 7.171446030696719 0.0 0.8895084050382239 0.889508405038282 3.5580336201532266 3.9780025204460445 1.7790168100765553 7.171446030696518 0.8895084050382418 3.6675371088475606 3.558033620153248 3.558033620153212 3.978002520445956 0.8895084050381783 3.6675371088476116 7.171446030696641 7.171446030696581 0.8895084050382887 0.8895084050383105 7.171446030696643 1.98900126022301 0.8895084050383852 0.8895084050382362 0.8895084050382733 241.4022586818409 459.76115750605595 429.2578670881929 415.42996888212605 302.3137853906151 505.23296092316014 344.94077936859867 471.0566141080591 240.29052918433948 453.53833212609106 477.001297462019 390.7517508022763 316.6821024773439 513.0944024067436 402.74424451618415 434.2192028596474 222.93494171774367 438.297947566855 319.47094756396365 484.50692167816993 281.9662808958107 494.23571640878066 481.6476083670822 384.6338744326607 216.55805260950805 435.3235398360277 428.16636218301716 406.68715277762146 262.54441771353146 479.2587785248115 433.7146088288366 409.0444029235861 248.1819699635172 461.1860404524111 440.21781092360345 406.5583845089829 353.3320349124049 547.1853316573624 338.1907439045391 478.69975041380826 198.13685547436543 432.00791700312226 339.73266480025694 471.6417504248225 268.2541871389802 480.65771247460384 378.66732847404023 457.6714557067015 336.26093012409075 535.2822121180267 463.3851489363052 398.0008218181069 219.2682912288389 441.84889510376235 393.2409839612085 433.94767039738326 236.2205956277992 460.4748084246106 409.56294351096284 415.802495506175 305.33421351499345 499.37847034775905 395.5081663810373 438.8785948137885 275.5335962101494 481.602375396127 449.1089227896429 410.23283783748707 251.47696474979577 473.4160243568265 326.5773673244829 478.37541095915543 196.65671344794933 421.9377269059508 356.2822398688421 463.37402399797827 260.4426204870449 472.40714512121076 451.35255952862644 397.6285665928011 351.9155358948912 556.714945493393 377.995234718057 438.9885359386555 210.48835241414378 435.76700612750545 399.80351733040743 441.47599384656144 334.71575312396243 529.1015303467426 448.1727657062355 405.39515788703505 267.04615589902266 474.2718020714779 355.3873358256707 458.0849550948745 186.00126380332867 414.98304528317794 424.3816834882138 422.4091187200574 210.5724596064613 428.0551497427932 419.39063626154194 421.4510403280021 229.17387133384202 456.3851842068109 374.64586188254674 452.6352021763875 359.2938006065216 561.6116799101289 361.3325802338116 455.8559471947272 255.88820955565228 466.32087500199464 331.0701941278741 472.39651090543435 328.3952049765714 532.152563300259 465.4325942831384 391.2749644018237 295.6764244710117 489.0695748301216 417.86485041263944 416.77569205926073 213.59957591724873 442.16794792673335 387.88003419176806 438.0669890913368 290.507097736558 489.87834497213754 382.3930784062673 449.0444908422805 311.7172525608437 517.104713054657 443.1013790385925 409.74276114265615 293.0206989257758 497.88405756677776 346.92009248453115 457.5695500365198 296.5016405965129 505.12546502381076 490.7191553410921 375.64017476925477 185.44409736136726 421.87663799865817 372.69922167960857 459.0705448675211 233.89701615604017 454.24089396122565 396.2397125586426 426.0719358929152 327.73402288259393 518.7878585588144 471.34601238339894 390.3048998979633 284.70672023002663 490.8776841852081 370.1223729442621 444.6002469281771 320.0765900243712 520.1964133279231 381.0312853156868 444.33789987454924 201.35190533338084 427.83627899308345 424.23279094408286 413.4606297255976 225.5749031369913 450.5452515926099 459.68562308329035 389.64739094294424 303.8713620907468 511.52384608701766 483.3168127365501 377.98707971323995 310.2913153553095 510.7986222881303 332.3965191359255 478.35208246377886 261.5994261699954 466.08150367141315 495.4413966622305 375.8259586419627 218.02026383038856 446.4291535780982 353.6528121828802 453.10682870245535 357.9678608131729 556.2587056885659 367.64564286885144 453.8407390222697 192.2721171128268 425.36357777974797 375.00892352643405 446.7627434649477 250.46742738836326 467.21128240408325 400.0112777959364 428.7984465228962 243.29201751777637 466.4995756189632 343.69096578309137 465.99849178640227 323.026814773763 516.3674592332158 421.9811137403462 406.9090950405284 349.120270515008 550.4906402565641 436.6397555239684 400.4512980514105 226.8657948358852 444.92450520504866 455.59940857836 405.3184528415864 190.3959911040519 418.49812338143045 457.69633578656754 399.37551987557595 278.44809003428304 487.96762725815785 434.8124858279849 414.38871910356784 341.39083912689887 544.3884974460805 488.1857988003216 382.2833656257271 310.7340645790396 505.2958555914751 387.94379312843984 450.4520566568734 343.41781321554333 537.6948168142816 393.19081445902265 444.34724769702217 346.62436543437076 544.4420074086363 339.6006897989236 462.2506628044721 232.667414863669 446.04849426421174 351.86856563653635 470.29451430643684 180.06903939142276 415.22975874649626 386.63886001563577 445.85695099318724 298.95834717236033 497.3799846121521 326.9926622787881 485.0971452035949 323.07541439217744 526.8345074539756 407.16362042036167 426.56124440631044 256.52037150605673 474.09860151930275 409.528530909097 431.1074145414418 271.28508820035734 487.1565916285138 454.29245451107073 388.36943695958087 204.30041989651664 435.36796070051673 476.8787805730526 381.69767436150573 326.85654913006505 523.5233229475286 413.35075758460806 425.60043080988294 287.6603149866565 497.2538739588111 360.30846127752164 448.9543044182267 202.07849833620836 422.05122936892604 447.2755640067096 394.5582065545193
750.0078258106861 0.8895084050383194 3.5580336201532083 7.171446030696701 1.7790168100766237 3.558033620153071 1.7790168100765495 0.8895084050383292 3.558033620153133 1.779016810076653 0.0 3.6675371088474678 3.558033620153145 3.558033620153139 3.558033620153038 0.0 0.8895084050382095 0.889508405038276 0.8895084050382827 7.1714460306966314 1.7790168100766086 7.171446030696727 0.0 0.889508405038313 7.1714460306965435 5.410668396552183 3.558033620153206 0.8895084050382912 0.8895084050382214 0.889508405038296 3.5580336201531466 3.558033620153087 1.9890012602231486 7.171446030696592 1.7790168100765147 1.9890012602229803 0.8895084050382184 3.6675371088476143 1.9890012602229417 3.558033620153156 3.5580336201531613 3.978002520446044 0.8895084050382737 0.889508405038267 0.0 3.978002520446115 3.5580336201531337 3.558033620153091 7.171446030696637 3.978002520446052 1.7790168100765718 3.5580336201531986 0.8895084050383915 7.171446030696608 7.1714460306966705 0.6226558835267512 7.171446030696581 0.8895084050383093 1.7790168100765367 0.889508405038453 3.5580336201531253 1.779016810076532 0.8895084050382261 0.8895084050383382 0.8895084050382647 1.9890012602229952 7.1714460306966155 3.6675371088474855 3.6675371088474726 3.5580336201531266 3.558033620153131 3.5580336201531577 3.558033620153044 0.8895084050383286 1.779016810076566 0.8895084050383734 3.5580336201531377 3.667537108847663 3.558033620153176 3.9780025204460525 3.978002520446131 3.5580336201529903 3.5580336201530973 10.674100860459507 3.5580336201530782 3.55803362015321 0.8895084050382809 7.1714460306965275 0.8895084050383226 3.558033620153238 3.6675371088474717 1.779016810076541 1.7790168100766923 0.0 3.558033620153141 3.6675371088476423 3.978002520446075 3.5580336201531995 0.8895084050382795 3.9780025204461102 0.8895084050383233 0.8895084050382956 0.8895084050383405 3.558033620153072 3.5580336201530605 3.558033620153186 3.558033620153239 0.889508405038277 3.6675371088476925 7.1714460306966865 3.5580336201530987 3.5580336201531924 3.5580336201532 3.5580336201531217 3.978002520446083 3.5580336201532625 0.0 0.8895084050383775 3.558033620153138 3.55803362015327 3.558033620153211 3.6675371088476036 3.6675371088475894 1.7790168100766397 0.8895084050383005 3.5580336201531315 3.6675371088475277 3.6675371088476654 3.5580336201532177 0.8895084050382136 3.9780025204460423 1.7790168100765122 0.8895084050383059 0.8895084050382563 3.5580336201532488 0.0 3.558033620153147 10.674100860459461 0.889508405038278 3.6675371088474984 0.8895084050383198 247.71906177890136 463.07763018470007 421.25516771877614 423.4954677817161 309.07949814578404 511.02866428677004 339.665996820613 476.94994870854725 244.71970279144273 457.47762990835145 471.65954199812023 394.4201510613059 322.73664141860814 518.9188178236208 399.2677834903474 437.73896298988603 230.91830648768993 444.1730325041298 316.4279721042926 488.86628613811456 288.44761189464197 501.04865861184305 476.2227637635014 388.9322419542483 225.098657304235 441.3036069137241 422.1826429080248 413.2753654236472 268.51983943638146 484.43946014558566 429.2290079075942 412.9541420937761 254.48316308339358 464.524260612976 438.29505199197706 408.1361777449386 359.01742229176097 552.6802943299012 333.5654568682727 483.2588546951245 205.51742308973473 437.8095130327437 334.7841135050347 477.14161352184937 275.81296084687773 486.6803477021897 373.11665042654477 463.31971955948165 341.5928942837916 540.4315934192443 459.76440558692934 401.36634569456623 225.97388918330242 446.9377752875545 390.14744688739046 437.80464633769697 242.02014027497424 463.6256255276488 405.557499496907 420.17126750164374 312.4774262882666 506.20743465576464 388.36266996952605 445.09444216826216 282.5267990658465 487.14441342225234 441.7203063533444 415.43953606860947 256.5886410581983 478.07621994917355 322.0787106736821 483.03721277299945 206.9144833486432 428.12713333861154 354.2236397698025 466.16560721728575 269.280863317926 478.8551365699334 447.29168402646854 400.5243941948031 357.9672943569057 563.2526811519606 376.23029418002164 441.3828534050446 218.68345219089386 441.3885790914626 395.0878004672982 444.5578789489148 340.2322569479335 534.7715640918478 444.4980905145711 408.70379838584097 275.5358612625037 481.10257160837153 349.1003705454046 465.06212633660164 194.53386149097503 420.9448699767278 416.7622489582405 429.4920051514101 216.16201417829885 433.699567718365 413.13741061601166 427.10554572272 234.95853248627893 461.7826403276596 368.81556139656396 459.3558512630164 364.2420165230267 568.0111349243036 358.1116335825722 459.6041318235695 260.9847318891434 470.27101309222576 327.59560182470744 475.94695987875565 335.2848785348658 536.3996959944948 461.04046468943625 395.24267195319374 299.4696864531885 493.6859742932947 414.47645206045775 419.68799595903613 219.09273922541666 447.15058943102264 383.21590565990715 441.86380147167256 293.1866127163917 492.0787867571554 375.2010770822724 456.543241897438 319.55048305601116 524.6435071637919 435.4403791617521 415.38647653757573 300.3108915352008 503.1253897573959 341.8778019409632 462.3580230998315 302.8976849650731 509.8753776245459 483.14803538859985 380.4102514384255 195.11515127717996 428.78196991915735 366.3184407633401 465.317428346816 237.82046888748133 458.0121675067342 390.59674134456856 431.63017218653766 336.958009761569 526.3083195924713 466.98574316390784 393.57179082954616 291.5102141840248 496.62978377153587 364.93800761183184 450.5714465767024 325.5992391814772 525.8601527534431 376.01176956394784 447.8266681075701 210.7944542072495 435.032991527652 420.0307391609489 418.9959657555786 231.86765600253992 455.3604339942963 456.0678889353603 391.5700868539813 310.6300673668227 517.3273228705226 475.9967112854191 383.05868666011435 316.9035840081791 518.1822627677639 327.7342221684678 482.25785248975023 266.3735551852953 471.1099151202879 488.56662095531175 379.9259086739468 223.65373136092205 453.529206298705 350.5484105207871 458.2590749207396 362.94178938079096 561.067487096772 363.76778940861743 458.3294301008023 203.296325171914 432.1842405707652 370.14298158683994 452.35257646963925 255.76175736675802 471.6722733171255 397.0049522025736 431.4109513398405 248.85931384793378 469.17180074583797 339.9918822723383 470.00881513277085 330.6712392917476 523.3904181848956 419.2581628174619 409.77115438821954 355.001026481218 557.2054000525904 431.5757721634809 405.1800907837754 232.2997997099183 449.96878369740386 448.8499203741995 411.14181172047415 200.9219409538249 423.56864948845737 451.26451595049633 404.8010916024963 284.7510133604988 494.2504431586934 428.073298927726 418.8801527588818 345.814905271651 547.6327874347048 484.2325588609486 386.79637008320736 316.2974579146204 512.3454208629793 381.47939923226517 455.95982310614073 348.5653926257356 542.3239826633882 388.33301602092416 450.6060930650988 352.49356857159944 550.4577472685045 334.97708921011474 467.41526157251946 239.52736020318798 451.7083514256569 345.76880091051135 472.9062198563523 188.99854201691082 423.04924042650595 382.1724848326211 449.8312373021662 306.2636351788093 503.3234148138969 320.9216266481468 490.392065474701 329.2943212122401 532.4882119341175 402.78300529704705 429.9249645658317 262.123334630375 478.2213394523867 405.17080981382014 438.49452399115336 278.83458745113836 493.5575268372857 449.6111060106654 392.0322700332364 211.053699562887 440.3806183596193 468.7795678131792 387.43965167223445 331.49396914242254 528.6810966592384 406.690168555022 432.9015555937305 295.5216991548144 504.0435907902889 356.8885435445207 452.5329670421734 211.72128706048375 427.4407599489594 443.20831367066864 397.45293756718127
760.0078258106861 7.171446030696631 0.8895084050382615 1.989001260222992 3.558033620153245 3.558033620153118 0.0 3.558033620153036 3.5580336201532337 0.889508405038247 3.978002520446075 3.6675371088475943 7.171446030696541 0.8895084050382898 3.5580336201530933 3.667537108847635 0.8895084050382943 3.9780025204459695 3.5580336201531115 1.7790168100765613 1.779016810076526 0.0 3.5580336201531737 0.8895084050382356 1.7790168100764967 0.8895084050383739 3.6675371088475393 3.5580336201531777 3.5580336201531635 1.7790168100765604 3.5580336201532123 1.779016810076548 3.9780025204460685 0.889508405038369 1.9890012602230982 3.6675371088476205 3.558033620153061 3.9780025204460543 3.6675371088475126 3.5580336201532026 3.558033620153144 0.0 0.88950840503838 7.171446030696633 3.6675371088475117 7.171446030696621 3.5580336201531866 3.558033620153157 1.7790168100766257 7.116067240306326 0.0 10.674100860459454 0.8895084050382147 3.6675371088476116 0.8895084050383423 3.9780025204461325 0.88950840503826 0.8895084050383429 3.558033620153222 10.67410086045954 3.5580336201530582 0.0 3.558033620153054 3.558033620153156 0.8895084050382631 0.889508405038252 3.558033620153048 0.0 0.8895084050382376 3.5580336201531946 3.5580336201531204 3.6675371088477062 7.171446030696524 3.6675371088475677 1.7790168100766024 0.8895084050382566 0.8895084050382082 3.667537108847671 3.978002520446 0.8895084050382842 1.989001260223014 3.55803362015329 0.8895084050383031 3.558033620153176 3.558033620153277 7.17144603069661 0.8895084050382818 7.171446030696625 0.8895084050383673 3.5580336201533305 0.8895084050382138 0.8895084050383651 1.7790168100765655 7.171446030696646 0.8895084050381693 3.6675371088474478 0.8895084050381831 3.558033620153173 0.8895084050382968 3.978002520446064 0.8895084050383231 3.6675371088476103 0.0 0.8895084050382713 0.8895084050383497 7.1714460306964725 3.5580336201531906 0.8895084050382325 3.5580336201532026 3.558033620153191 1.9890012602230112 0.8895084050384229 3.6675371088475375 0.8895084050382388 3.6675371088476316 3.5580336201529783 3.55803362015311 0.0 3.6675371088475637 3.558033620153094 0.8895084050382877 0.8895084050382949 3.9780025204459983 3.6675371088475357 0.8895084050382521 0.8895084050382603 3.6675371088476534 3.6675371088477156 3.5580336201531986 0.8895084050383063 3.6675371088475663 3.6675371088475197 3.5580336201531204 0.8895084050382577 3.558033620153084 3.5580336201531284 3.558033620153128 3.558033620153062 0.8895084050382707 7.171446030696702 3.5580336201531275 254.99812909893922 469.76596631875316 414.7894395780625 430.9693150572123 314.7362185660441 514.4151835155541 335.1362930367566 480.9638593724432 250.56022156627 462.80612801943977 464.7267379921576 398.614700145421 328.4156318047959 523.7088480106097 393.30873315617595 443.03367327583544 237.9033538451073 449.7054839072239 311.14791468666095 494.8341919369796 294.47218767706175 504.7577008524715 470.1357322726164 393.9921944989318 230.741902173466 444.6151708035839 417.8975643935147 419.4107129957219 274.99204107845696 490.53981981555114 425.67938812717045 416.40828580678743 260.95705455865243 469.16965216381635 433.01020362346617 412.6534587433218 363.6716509542867 559.2417391651667 328.51236133088344 488.17089276592594 210.5090763043053 441.0920862091604 329.69705350807436 481.986859573345 281.5494302008268 492.11920719646395 367.89625336092934 467.97055745851713 349.21486134590646 546.7671207865916 452.7553105873841 406.9459777315645 232.4203807043706 452.32555489308163 386.53818836171195 443.83692164888754 248.5300412094225 468.2347090004697 403.0033619540426 424.51710364621994 318.71709553240277 512.5517649200604 384.38988543190266 450.80257440857156 289.0706544082177 490.30103769855253 434.72917185541974 421.7348026925017 262.83119272962796 481.52381896057983 317.6381907814035 488.9821282329256 213.31686387237121 433.571201009524 348.28974220923396 472.81828851880846 275.9264164348173 484.77354980361315 442.63383247983467 405.64574045407807 360.47783051983396 567.0546068273161 374.0191602085139 444.699400202041 227.02548308316307 448.36103326651374 390.3611258797837 449.6163897500593 349.09246149064563 541.958933431106 438.16107142609457 414.94230260008305 282.507052826829 486.6740241079145 344.82269569573776 469.2578099356722 197.71549625418837 423.3009129235012 410.3415664177423 437.0136580297727 223.40078987349884 441.9488784373223 407.96147778580803 431.75806691746965 240.21974339686784 465.53835725924336 362.9085253521397 466.00354347476843 369.0198480955138 572.5961585168204 352.7187199523808 465.39907913177314 267.28012666882165 475.1154299198017 324.90251625408763 478.87951901797646 345.0156859236995 543.3972207876703 452.5984557527093 401.45690826404814 302.867471573943 497.2833347105107 408.33542499581245 426.1300402217468 224.37798623559772 453.1140740321697 380.70738043909466 443.6172965089016 296.72806731620665 494.0959667536919 368.3100429452719 462.3576690457224 325.2664523197043 531.5301725586565 431.34675354706116 418.3129790007395 307.7980913134152 510.3110700476967 338.3167860932756 467.7439731992047 307.91345638200335 516.0667625549765 476.6017924227441 384.9426180360954 202.40024365881555 433.94725986662075 362.03243544028055 472.0487948885603 244.1827644329856 462.7594541787655 385.3876629128841 437.5822864160134 342.4983186118793 533.3758888292166 458.4886040765473 399.00268118257594 296.854104364407 501.05189091030525 362.4429130683045 454.2917378965543 331.47226549481985 531.8722538962334 371.69877487741695 453.23849998834277 216.8410068768569 440.8861361472078 413.7248419424408 425.9486227411893 237.2196025936776 460.4981069495847 454.3108197261409 392.6027428413585 315.41451288718184 520.9076043735454 469.8394840811133 388.0291086165276 324.03124143318234 525.7410137973882 324.3639842787096 485.31870054441964 274.09881276647405 477.31862128419436 483.8017025660153 383.45381806905215 229.71938624641004 458.59660250342233 347.6756750325887 461.0066880294345 366.54169018699116 567.2974351898868 358.44074916101505 463.5415107748045 209.20769396099922 435.9194925664149 365.5249472247271 458.1532989240889 261.6679919990763 475.4723067675507 391.4113145492185 437.02111634125197 255.20684267894669 474.6807645246554 336.8149923293617 475.05883884122426 335.2812442686 527.1531337105444 417.6129359315638 412.2950410202227 358.92100360094696 561.6823708760919 427.1569900857034 409.1592712623954 238.23283807882416 455.93533705718926 443.3102650848015 414.7206514671157 204.5499513816912 426.9394650736705 447.2837386736047 408.5162065844385 289.7257668293335 497.6253687173532 421.32219854127004 424.75572497481824 351.15644770864463 553.4833438633257 480.0871306738899 389.5780842091738 322.0178501897581 519.2287314565303 374.46507276264634 460.358107555108 355.1328795115456 548.3282829168206 380.9353366738442 457.2797377148814 358.52172317561127 555.5979806711584 331.3794478030265 472.1366182612434 244.8391362088266 456.1554870146791 341.969719588363 476.20233922188316 195.07688050938722 428.10150195588324 377.4508662613671 452.28788883977046 310.34208942210864 506.2105678713919 315.83916388258774 496.49444521666993 337.8380451533295 541.4256771801115 400.1704277845833 432.8923736026026 269.82239210203215 483.7384521128141 397.7025826294232 445.0918294718278 285.61736199842915 499.334367712043 444.37198939438554 397.9698735207663 218.84375459601537 446.47177257217476 462.1656811686314 393.37711148140306 338.26049781029263 535.9019359964706 401.40225094418247 438.11752707607417 301.19855061427063 508.11791418526246 354.73701304976527 455.87402448944886 219.3450191174894 435.2460870779798 437.68761279474785 403.11831345905745
770.0078258106861 1.9890012602230147 3.667537108847623 3.9780025204460854 3.978002520446003 7.171446030696759 3.6675371088475006 3.5580336201532172 3.5580336201531724 2.515909700500069 2.5159097004999595 3.6675371088476156 3.558033620153134 3.558033620153232 0.8895084050383878 3.6675371088475277 3.5580336201532137 0.8895084050382883 0.8895084050381981 3.667537108847595 3.6675371088476076 1.779016810076488 3.558033620153262 7.171446030696706 7.171446030696685 1.9890012602229756 3.55803362015312 3.558033620153196 0.8895084050382609 3.6675371088475015 0.8895084050382612 3.978002520446043 0.8895084050383036 0.8895084050383509 1.7790168100765664 1.7790168100765655 1.9890012602230642 3.5580336201531146 3.6675371088474646 7.171446030696656 3.9780025204460103 3.6675371088475366 0.8895084050382988 0.8895084050382079 3.6675371088475504 3.5580336201531964 7.1714460306967425 3.667537108847619 3.558033620153074 0.8895084050382521 3.6675371088476245 3.5580336201530813 3.9780025204460223 3.558033620153156 3.5580336201531364 7.171446030696686 0.8895084050383092 0.889508405038289 1.779016810076564 0.8895084050383536 7.171446030696647 2.2667600965436034 3.5580336201531697 7.17144603069657 3.5580336201532616 3.558033620153125 7.171446030696654 3.6675371088474744 0.8895084050383026 1.7790168100767032 3.558033620153176 0.0 3.5580336201532297 3.558033620153155 1.7790168100765538 3.5580336201531564 0.8895084050382641 1.9890012602229177 0.8895084050383333 3.9780025204459712 0.8895084050383202 3.5580336201530973 0.8895084050382873 0.889508405038214 3.5580336201531724 3.5580336201531155 3.5580336201531546 7.17144603069678 0.8895084050383733 0.8895084050381874 0.8895084050381943 3.558033620153175 1.779016810076486 3.558033620153148 0.8895084050383959 7.171446030696657 3.558033620153133 3.558033620153154 0.8895084050383323 7.171446030696612 3.558033620153188 3.5580336201532465 1.7790168100765922 7.171446030696666 0.8895084050383406 3.558033620153129 3.5580336201532368 0.8895084050383596 0.0 0.8895084050383743 3.558033620153223 3.978002520446068 0.0 3.5580336201533194 3.6675371088475326 3.558033620153325 0.889508405038304 7.171446030696437 3.6675371088476245 1.7790168100766388 1.779016810076498 0.8895084050382758 7.171446030696672 0.8895084050382852 3.558033620153131 0.0 1.989001260223048 3.558033620153209 7.1714460306965515 0.8895084050383892 1.779016810076492 7.1714460306966705 3.5580336201531364 0.8895084050382775 3.5580336201531315 7.1714460306966465 0.8895084050383032 10.674100860459552 3.558033620153192 0.8895084050383216 0.889508405038256 261.65690215078445 475.66737764144415 409.7424530415817 437.0651491131559 320.24259844990655 519.3843279139255 330.4812957158256 489.76742097973977 257.6910995726613 466.7513616300493 458.1506304391616 403.92699461672214 333.3673685616676 527.1178380134919 387.9365811799072 448.1861945479085 242.42421350712237 452.8226975790651 308.6354395419045 498.5040747767505 302.0843591855266 509.6751007226797 463.35694330894677 398.3786905299878 236.04130782221168 449.07112514036686 414.42608487194855 422.9387372687551 282.993911651487 496.4713994630099 420.39271178881876 422.28745218641217 265.2784658732558 473.22846455464327 429.0656007273883 414.3994175746935 369.54254791711656 567.3750154003695 324.01980393299937 494.68014201362723 215.54399805469237 445.8459675051373 326.30644732115115 486.85461036213553 289.55907265344354 498.760181204835 361.55692729738865 476.8229292884354 355.61486162382215 553.6545259775647 446.7757759422713 412.1704486760956 239.99871256468552 457.21521377054586 382.3303359930177 448.0412600764132 256.85800695873854 476.6948872685285 399.23058043306565 428.4467311885414 325.2776879340147 517.8516234996514 377.2900209990387 457.74449183884514 294.780798070846 495.7687364446275 428.4909037379705 426.75421068533285 268.5764362039999 486.95989999005354 313.8532403821344 495.3750454257505 219.25097288737584 438.7938866264481 343.4188026139236 479.03468399810504 282.17957556212264 490.39055739782043 440.2889014721097 408.8718194432062 366.13468078756074 571.878737052626 371.04887294111046 448.65709437917735 230.84367396015054 454.45695570054085 382.7345424214692 454.82494197472977 355.6535652849783 547.9702649752489 431.42364549053093 420.8339997243469 288.05416001015647 492.3136208759926 340.4584105699539 475.24463350935423 201.4667039580433 426.51519994150465 403.55556431540384 442.9090197463856 229.86915952266463 448.06317132290064 404.428529699327 436.54821605998654 248.03613067888008 473.10281524870624 357.034919380578 472.70642682118626 376.03693321953523 580.1205567239987 348.74131113039545 468.5989884998745 272.2678344545741 478.4705718115191 324.17561506064766 480.77807692290236 348.9328070340647 547.8764620807955 446.4324278141235 406.49784374147373 308.3210728330525 503.21430687119033 405.39653287095746 429.4673117690782 231.4161255566326 460.806868493419 375.6190689500015 449.6803143362733 302.4302408296917 499.5729913407063 362.256242432314 469.5435812798288 331.81144230013325 536.1354092273697 426.4446878400057 421.8803785403771 313.8338735249648 515.4420175464248 335.2285122005943 472.8328257518292 314.11939320555547 521.0210680533701 471.4847361112372 388.199213662856 207.61446060408775 438.49722063271275 355.42777585019036 479.45472052592606 253.02185811976133 469.94016441733476 381.91411868442725 442.4098869224348 346.2464236693146 538.0316616488186 453.30929657573387 403.6223938485725 305.7056541934885 506.8184343616279 360.33930757841654 457.67363289569465 337.32943990948206 537.189246977217 366.4078686842852 456.5815989210083 222.51234415232716 444.91925909642003 409.51753424750166 431.4653626226169 245.05563548462808 468.03493477785287 451.1920615203684 395.09387933738736 321.4466560660761 526.0436142541367 464.4282934117627 390.99565038561803 328.4682751260869 529.6829843113455 319.6671996286602 491.6855932240416 279.8306951248264 482.7647327873634 480.2308719235782 386.8287977420774 236.7271379424937 462.63741087403963 343.300764900025 466.37810531991295 373.23582362521364 574.5882285770571 354.2092271490383 469.01352852352363 213.83700719532305 439.6367594857176 360.878311290947 463.93176480728584 269.74240434911786 482.756171728294 387.9336517907973 441.85244348043005 262.58158863639864 481.2652828676181 331.58851051191186 482.8631630882896 340.4511813229764 533.1813175749032 415.33989434447057 415.57264677714363 361.94282121274824 565.6619798677727 423.5251108389413 413.87153545418886 246.04750899857186 462.7625391724666 437.26114322451605 421.25439671034076 207.86252525808982 429.1465220956199 441.0172551198037 414.83038928225346 296.3031655216533 502.90379566874793 416.359480262664 429.6016492502797 355.2635907846254 559.1875363428891 473.39122306308997 394.0191822235482 327.5220208111264 524.1997102818937 368.42457740957735 466.2630583845359 362.0326982466196 553.988351668613 374.02576319715314 465.6677435457881 362.0848697245088 560.4354288737484 329.2976435112701 475.5015013330576 251.3221161483647 460.7906166707336 336.5724306688826 482.0633353949244 199.14264747375478 430.94996347015746 370.4139290476343 459.30144885486385 314.44013107971745 510.50372272804333 310.7247318034943 504.97074393011184 343.34852990144805 547.1012798783145 397.5879525436734 435.88782342575405 275.5711683844053 489.8831484512294 393.09187422715985 448.94707818278636 292.2068346196867 505.3126691646479 440.4365518611016 401.0489644822681 223.5169548887848 451.6311495431292 458.19858774910233 398.4896646609895 343.2459438153443 541.4104483414638 397.60283252158104 441.3692890486119 309.00281681628627 514.2628265006069 352.71470365625737 458.0574512297933 224.94565808309324 440.84757219535084 434.14525114155845 406.5672789942093
780.0078258106861 3.5580336201531786 3.9780025204461573 3.9780025204459943 3.6675371088475406 7.171446030696642 1.779016810076531 3.5580336201532186 3.6675371088475717 1.779016810076629 0.0 3.6675371088474336 0.0 0.8895084050383243 3.5580336201531417 3.5580336201531235 0.889508405038321 0.8895084050382567 3.5580336201531746 3.6675371088476956 3.6675371088476414 0.8895084050383061 3.97800252044619 1.9890012602229323 3.5580336201532368 3.558033620153358 1.779016810076649 0.8895084050382307 3.558033620153065 7.1714460306966785 0.889508405038299 3.9780025204461813 1.9890012602230356 3.558033620153074 0.0 1.7790168100766448 1.9890012602230651 3.558033620153194 3.6675371088475854 0.8895084050383946 3.5580336201531617 7.171446030696599 3.558033620153208 3.5580336201532017 0.0 3.9780025204460463 3.5580336201531746 3.5580336201531937 0.8895084050383207 0.8895084050383898 3.6675371088476094 3.5580336201532097 3.558033620153209 3.978002520446107 7.1714460306966945 3.558033620153192 3.5580336201531666 3.558033620153196 0.889508405038387 0.8895084050384088 3.558033620153234 3.667537108847579 0.889508405038299 1.779016810076654 3.558033620153128 0.0 1.9890012602229352 3.558033620153214 0.8895084050382669 3.5580336201531577 3.558033620153146 0.0 0.8895084050382808 3.6675371088475686 3.558033620153122 7.171446030696601 0.8895084050383169 0.0 3.5580336201531764 3.558033620153352 0.8895084050383163 2.515909700500106 1.9890012602230827 3.558033620153128 0.8895084050383589 3.558033620153168 0.8895084050382472 3.558033620153149 0.8895084050383761 7.1714460306965995 3.5580336201531346 0.8895084050381739 0.0 7.171446030696594 0.8895084050382452 0.0 3.558033620153094 7.171446030696609 0.0 3.5580336201530844 3.558033620153238 3.6675371088475535 7.171446030696715 3.9780025204459104 3.558033620153214 7.171446030696655 0.88950840503826 7.171446030696641 3.97800252044608 0.8895084050383595 3.6675371088476556 3.6675371088475632 0.8895084050382213 0.8895084050382258 3.6675371088475286 3.5580336201530374 7.1714460306967105 1.7790168100766162 1.779016810076518 3.6675371088476965 0.8895084050382375 3.5580336201530915 3.558033620153098 3.5580336201531897 3.5580336201531626 3.5580336201530818 1.989001260223048 1.77901681007651 3.558033620153195 3.558033620153224 2.515909700500067 1.779016810076514 0.88950840503826 7.171446030696682 3.558033620153106 0.889508405038113 7.171446030696703 3.9780025204458873 0.8895084050382491 7.17144603069665 0.8895084050382853 268.256816684419 480.9166006747674 404.41743672147885 442.9088920742295 327.679998086366 525.1997909880583 324.21687950239135 496.25307938907713 262.0015593928468 470.8246602530591 453.56202703040265 407.7643730571563 340.2709899851526 532.7742965199762 383.5028282314265 452.8623647762299 247.32066034984805 457.70905704557026 306.8001091128706 500.4944600795561 304.40328846458607 512.2541818295902 459.78323756141015 401.79581653813335 241.77011303836895 452.3353099346618 408.5117475007532 428.2767795193488 289.9209656678253 502.0999050158893 416.02771293509574 427.6523694338219 269.710087229851 475.738026286897 426.80896880007714 417.6823627264225 374.7744652000795 574.723268520273 317.96977914993965 501.31700211896947 220.60152105760042 449.09486561130143 321.08586354811024 492.2614843240153 295.77135224710133 503.7075318305751 356.2538001188665 480.2883270569652 361.78668468451036 560.7705656395772 440.5239415472815 417.18362621429003 242.21730967126257 460.63220607355754 378.4938784630056 453.20736378262194 262.2134426336482 481.0998363652714 397.7391176836157 431.7197955586831 333.6076770913674 524.8776499721616 371.513378197384 463.8995587900574 300.82047456723154 500.8944681719359 421.87159887074506 432.7802820406668 275.34833806348706 492.7494713717585 309.89124459490404 499.8491439393872 224.5405535880844 443.25748556594493 337.7440170591548 487.12487862074886 286.9859430372125 494.66027364537297 434.6181168573971 414.4001472772592 372.5881381793529 579.4033736123589 367.3921418045332 453.32437678854353 236.2612006005234 458.7882642836976 378.0410223374735 459.92722492098073 360.7818608164223 554.0389830066041 427.9745399734047 424.37407759440316 294.42652134479965 496.3797081598609 337.0955893920525 481.33700144412705 207.88598925485442 431.1932051535806 395.92865955223175 450.0685612473234 236.36068568263616 452.6839221917542 398.12672351771204 442.86161192858816 253.79186638187437 478.5209095744993 350.8013284688234 480.39791569710866 381.48377183132413 587.366861843169 345.6305116394129 471.226238568666 276.2149458067726 482.92442597974633 319.4385423432433 485.9169897661135 354.941264311051 554.4510795523827 441.24098897386307 411.7982993279148 312.72280262377495 508.57585011525435 401.08156177772275 434.88199876021685 238.2240887170439 465.0953148530717 373.36234322356296 452.9371419314787 304.22336806480996 501.98545424630754 358.11728532306813 473.8662650848755 339.2699110584901 544.0618468807643 422.3271745678415 426.1553699117727 320.90706189776853 520.2118675688705 331.82926077277807 477.6895083630964 320.13730592369274 525.4612550876674 467.1588245657096 392.2689548169025 212.35394303560832 442.09847661987095 349.85123512942414 486.4124691775616 257.50181650865693 473.83133506385974 380.6664062050088 443.93379095976155 351.71210884578744 541.6270579877746 447.2259917714062 408.7613847830712 311.80198578891725 515.4463878008938 357.563732650492 461.76654929277595 344.9466665542764 544.2421080699286 362.9871128698412 461.43050390654275 228.02703562288627 450.6033529125514 406.2192436930598 436.44972995917374 250.98599573550962 473.26971619203664 447.2790426157549 398.2060566653213 326.78568693121605 531.8965200322754 459.62799952604144 394.60369965434677 335.586528900852 537.9598483676932 314.5843974102139 497.7875150553269 283.9726667337072 488.44250595231665 472.2558688891483 392.84922128887837 244.96339362717276 468.29461877820097 339.85432073604375 471.1999736462457 378.5820953105396 581.1106878465362 350.71030540656704 473.80134865156583 219.1356646522043 444.0906535709256 358.09857416246825 468.01995579431457 275.63022111533076 488.0377537348197 384.1799410829167 446.43765605662946 269.02286550276057 487.3977341572402 325.7199624990122 489.61880294219117 345.4345106220354 539.3987016397164 412.4590657859208 419.62232786624537 368.588343799103 573.6908674018439 422.2098715972314 415.34807811398787 249.82077767729254 465.9652721940635 432.8428202785633 426.5769536308825 213.85627970320056 432.82558348444616 434.48374037786283 420.2447978822668 301.2605538001933 506.30525368236937 412.1100503422604 433.76561292455597 361.9548241260365 566.4784974824421 465.7979245068161 399.0568915142596 334.6342100650883 531.7731728012506 362.8687044980655 471.9819868652433 366.97536503950266 560.9420277089897 369.616583063563 469.77075638152104 368.39497821451465 568.1049162528101 326.4026741389113 480.1081906499846 255.85872983882675 466.06634676501835 331.61360795258423 487.04461266283664 206.1314824867747 436.472873707769 365.5940511847755 465.57843918232686 318.1788880494223 514.4575263706661 308.6730288648462 510.8095090032952 346.8778906851591 549.8558165333974 393.78917449145973 440.4346745415776 281.5909790129286 493.59982802362856 388.8123066748346 453.74342514611476 297.53342436250557 509.75529548631073 437.40333127059023 403.6341664695318 229.34049401505388 456.97633940292684 453.27104030000015 402.67302507021856 350.84386254774427 547.7721330801609 391.2827352204121 448.9705342414696 314.00390507030073 520.4660629517939 349.94725065906533 460.927505517294 229.89537782436508 445.6819461088049 431.38351138067804 410.72470494658336
790.0078258106861 0.8895084050381864 3.558033620153238 3.5580336201531417 1.779016810076599 0.8895084050383633 3.6675371088475757 5.410668396552235 0.8895084050383244 3.9780025204460414 0.8348931190084337 5.4106683965520945 1.7790168100766963 1.7790168100765171 0.8895084050383192 0.8895084050381996 3.5580336201531444 3.5580336201531244 3.5580336201531844 1.7790168100766361 0.0 3.6675371088476183 1.989001260222992 3.6675371088476516 7.171446030696708 1.9890012602231342 7.171446030696631 3.558033620153171 3.5580336201531586 0.0 3.6675371088475046 3.6675371088475512 3.5580336201531604 1.9890012602231206 3.6675371088476805 7.1714460306966235 5.337050430229782 0.8895084050382557 3.97800252044608 0.0 0.889508405038324 3.5580336201533593 3.558033620153082 3.978002520446023 3.5580336201532434 7.171446030696559 3.5580336201532035 1.9890012602231175 3.5580336201531066 7.171446030696551 0.0 7.1714460306966235 0.8895084050383488 3.6675371088475246 3.558033620153105 3.5580336201533327 1.9890012602230587 7.171446030696691 3.5580336201531075 0.8895084050382172 3.5580336201532 0.8895084050383569 3.9780025204461413 7.171446030696693 3.5580336201530938 2.8128725577845697 7.171446030696629 3.558033620153105 3.5580336201531098 3.5580336201533087 0.8895084050382708 3.667537108847635 0.889508405038287 0.8895084050383546 3.9780025204460463 7.171446030696564 3.5580336201531977 7.171446030696524 1.9890012602230467 3.9780025204462324 0.889508405038264 3.5580336201531364 0.8895084050382799 0.8895084050382873 0.8895084050383919 3.5580336201532425 3.5580336201530973 3.5580336201531106 3.5580336201532 3.9780025204462204 1.989001260223107 0.8895084050383395 1.779016810076612 3.9780025204460943 0.88950840503824 3.6675371088474567 3.5580336201531453 1.7790168100766375 3.558033620153059 7.1714460306966075 3.558033620153152 3.558033620153106 3.978002520446167 3.558033620153292 0.8895084050382258 3.558033620153302 3.5580336201531164 7.171446030696617 3.6675371088475814 3.9780025204460703 3.5580336201531293 0.0 3.558033620153282 3.6675371088475974 0.0 1.7790168100765664 0.0 0.0 3.6675371088475917 3.9780025204458607 0.889508405038212 7.1714460306966235 3.558033620153136 7.116067240306358 3.978002520446004 7.1714460306966705 3.2330464315206085E-10 3.5580336201532545 0.8895084050383657 0.8895084050382962 7.171446030696558 3.9780025204461933 3.5580336201531755 3.6675371088475317 3.558033620153155 0.8895084050381551 0.889508405038321 0.8895084050382427 0.8895084050383498 3.558033620153108 3.5580336201530893 273.22351120044914 484.3059343401956 398.8587266006622 448.5779776693547 333.70899236371986 531.7612865393857 320.8643790233704 501.14408266618096 266.8398196052062 475.7755509155292 446.6062750695063 414.80500437260093 343.7918860374922 535.5333645867471 379.9716190613095 458.2532825113842 254.69507911959448 465.0196890731674 306.58144849799635 500.8138151256146 308.94992707287435 517.342357024978 452.70726818567096 407.38565785955 247.74583850390565 458.96142388209665 407.24199234745953 429.79619264098875 293.82123310627816 505.17422225725517 409.7514018379389 434.00410175000883 274.3341519376351 479.48253690846263 423.6895970546448 422.82726239562874 378.52278834987715 579.344042451214 313.83437814082413 508.6670317109216 228.19135713149012 455.44416706516506 315.9809708965443 500.1454546240736 302.0362345504082 512.1584250599193 349.43383455700433 489.98972536656123 368.39149610614163 566.0561113546966 434.9437196186834 422.80918646401324 249.55411105943972 466.5377922252299 373.0230381486001 460.84573045974645 267.72547047217444 485.34606244576514 396.3941086004085 435.7220249012433 338.7511149908111 530.9310221557116 366.42117614747093 469.96842562118917 303.5541038330273 507.31367504579816 415.77596891954147 439.26757079683955 284.79366957026355 502.1770216630697 308.15504800372855 503.6968186997639 230.34759273652148 448.62265644186857 334.0233980647773 492.96331875863274 293.6963721907063 498.3798583271276 431.4508855698452 416.881100078906 378.9268484924468 584.9585235108657 364.6451147092159 456.2101678296866 241.30320493246222 463.5215838483035 371.9297117138779 467.69415788072246 366.5238475815472 560.1813596504363 423.2883332643725 429.4661982822461 299.7486881196295 500.827151459933 333.37080477814953 487.1729125585491 216.23460834559657 437.4409821094663 390.6002282226916 457.1928540294738 242.3221244376148 458.6046359011091 392.7710774963014 448.70935534778897 260.2319375929932 484.6595663953872 345.37989819415145 486.85511911982263 386.8974749453559 593.6692028270345 343.48286236123295 475.152020372385 280.49262166861257 487.03200303107576 314.9669498334918 492.43802692679924 360.00245696550854 559.1771794998533 437.09593625841006 415.38544504993087 317.8880549085207 514.6087663895024 396.46868225666094 441.3219974963579 243.8062122163592 470.7008970691733 369.0062956122332 458.32420854765957 304.9518566967807 503.7205186459777 351.41323665174326 482.44786964683055 346.1262245781376 549.7752186595479 416.5690189231077 432.93383447155804 326.7716881600204 526.9427152306282 330.19472922309785 481.36501220946764 328.11402360619417 533.562332134343 459.03090010852844 399.5620447416582 217.22361935356292 445.55531706214896 342.92567952854995 494.2372128725258 263.22471850464046 479.2868903673165 376.606465266421 449.54636121273165 355.4027357445114 546.3339977086819 441.85686493149177 412.5814282794752 316.24568026984525 520.091443043321 353.6588470776755 465.0414221166518 352.15646686688484 551.0085704337005 359.09013452570764 465.922992229817 234.15236447424977 455.62596492947955 402.21066936656314 442.09714374387505 256.1708200256079 477.85702376800117 442.3657745656483 404.42248438974116 333.67374112443275 537.5760122632645 452.58900341835334 401.55463626048413 340.34712517560223 542.9806967265597 311.4150386638648 504.6013348467048 286.62290623178507 489.9637988842269 465.1527649633124 399.7167175836093 249.44014969060964 472.1926077273817 338.76369681243165 474.0540123729076 385.54212598507524 588.1293641222559 346.16089001901094 480.2695277554182 224.94460214220453 449.4463862465162 351.94361566794817 475.76117954304056 282.7629981026537 495.2360760334798 381.30995652813203 451.7259462408345 275.4122749040613 492.1578586762178 321.270620104008 494.3570598346692 348.7794321453177 543.0467096508427 409.14737707733696 422.0040895360736 373.21930416256953 578.8421226538159 418.0471104432333 418.2886549624016 256.4780984973646 473.3096753952167 427.1219302112181 432.0837747081192 221.48864456879147 439.12604400967166 429.76246798715437 425.30912486240743 305.96490574259724 511.7202818099431 407.26687627882245 440.022164867266 365.06491098740054 570.3531638013806 459.585010315733 405.43721101912644 339.7587067322033 537.1382503245279 357.9670802542339 478.80933101563403 374.438617886462 567.4664227881195 363.5713746062363 476.3812499418033 372.17396188933026 572.7023960111786 323.04210465495083 484.9951804318523 260.15627025319657 470.1543516781573 327.2385414758284 491.23223102930274 212.24567684773564 440.03180720874167 360.33321698439187 471.5281098089988 325.0799858788666 520.1190433584839 308.6759275079607 512.9504592985752 353.3668248289981 557.3482851745707 390.5155865072321 444.13459755353495 287.9725845450835 498.3715915749171 381.7425429122016 463.28120549882027 303.9774572217761 518.7312447753648 433.1134290554946 407.75159339139697 235.2834522892539 462.19549707843396 447.4780379787763 408.7562100833761 357.8449593804956 551.9392291489338 386.51281452856904 453.38652067433924 320.73728463056045 526.3031636754282 347.66534818647693 465.37672547964746 237.97337583403714 451.5044101631282 426.27263933406726 415.4513328243566
800.0078258106861 3.5580336201532425 0.0 1.9890012602229237 2.515909700499953 0.8895084050383267 1.7790168100766603 3.9780025204461613 0.889508405038288 3.5580336201531266 1.989001260223096 3.6675371088475943 1.7790168100765458 3.558033620153084 7.171446030696623 3.5580336201531164 3.558033620153256 0.8895084050383522 7.171446030696678 3.55803362015309 2.5159097005000812 3.558033620153084 1.9890012602230527 1.7790168100765993 3.558033620153142 3.558033620153188 3.558033620153152 0.889508405038332 0.8895084050382961 3.6675371088475353 0.8895084050382982 1.9890012602230975 3.558033620153211 1.4457937955218803 3.6675371088475783 1.7790168100765873 1.767731942985766 0.8895084050382543 3.6675371088475046 1.9890012602229767 0.8895084050383177 3.5580336201530915 3.5580336201532257 0.8895084050383069 3.6675371088475632 3.9780025204459766 7.1714460306966705 1.9890012602229852 0.8895084050382266 0.88950840503821 3.6675371088475486 0.8895084050383681 0.889508405038239 3.6675371088476476 0.889508405038205 0.8895084050383332 0.889508405038327 3.5580336201532083 0.889508405038309 0.889508405038296 7.171446030696674 0.889508405038293 3.5580336201532687 0.0 0.8895084050382007 2.1535876849804527 3.5580336201531946 3.55803362015322 0.8895084050382746 3.5580336201530476 0.8895084050382579 3.6675371088476676 3.55803362015312 3.558033620153108 0.0 0.8895084050381922 0.8895084050383123 3.667537108847683 3.5580336201531035 3.558033620153232 0.8895084050382451 3.5580336201532985 3.5580336201532607 0.8895084050382895 3.558033620153205 0.8895084050382811 3.5580336201532696 0.8895084050384576 3.9780025204460303 3.558033620153105 2.8128725577845852 3.558033620153202 3.978002520446194 0.8895084050383508 3.558033620153079 0.0 3.5580336201531515 3.9780025204460885 7.171446030696682 3.5580336201530987 0.8895084050381921 3.6675371088475166 3.5580336201530534 0.8895084050383071 3.5580336201530542 3.558033620153312 3.558033620153176 0.8895084050383495 3.978002520446059 0.8895084050382767 0.8895084050383827 2.5159097005001856 3.558033620153232 3.558033620153104 3.9780025204460214 3.5580336201532408 5.4106683965521825 3.667537108847727 3.667537108847607 0.8895084050382792 3.5580336201532203 3.5580336201531253 3.558033620153206 1.7790168100765391 0.889508405038413 0.8895084050383085 7.171446030696782 3.6675371088475375 3.558033620153219 3.558033620153219 3.558033620153136 7.171446030696774 3.5580336201531075 3.558033620153136 0.0 1.9890012602231955 3.5580336201531026 7.171446030696529 0.889508405038376 7.171446030696572 3.5580336201532097 278.03511235046943 489.28356157073875 393.80919304493545 455.9206704895964 338.80742401281447 537.1487398553329 317.7928650204294 505.62901991073426 273.599622400454 481.5801075546586 439.77736176645305 421.9700349943168 351.49153280158885 542.5104852966467 374.50863224448625 465.2788721376967 262.0126356751529 471.6683962349077 304.8689512729354 500.78972255619084 315.1359262459287 522.3266584727064 447.3082914323042 413.1748904935777 253.98575149755104 463.8728012194002 403.9728219595253 433.5020130744699 297.39272774206813 510.00973341022404 404.4306737205588 439.87142999399225 280.37366492405863 484.61098043405207 417.0094380772123 430.12921415375223 383.57484882758166 585.4461565550278 312.74868306730156 513.3138989865569 234.83021120326794 461.3644534748573 312.53266213570186 507.36715080038374 301.5611229973565 515.483675305195 344.13057681181067 495.93594878175685 373.5035176582096 571.4256794381228 430.2859644571456 427.932767532596 254.86827271724803 469.55738044572536 369.2513546936339 466.0472486741031 273.05422126480346 489.78735296692116 395.5339561614182 438.81651101085015 342.0835386773114 533.8823466547367 360.2958379804542 477.73790359605556 305.4633315553219 510.889081748633 411.8337481147897 444.97309368323323 289.74481843464275 505.5871101938287 305.6764052705301 507.6740672360979 236.10613483623126 454.0427958422869 328.9399285012187 499.06480351493485 299.0462481453067 504.9312144113142 423.86300700041915 424.69440333638727 384.1243874750874 591.6004934988448 362.70864477375255 458.4679673387742 245.81230834557803 468.8182008287882 365.55359156571416 474.0722967221957 370.8059636467795 564.2927545290769 417.4463067869948 436.1773311933903 302.7053798759282 504.66957311070354 331.8196031272187 490.30460812558607 222.7074668301486 442.0945584527557 386.25688892367356 462.573105287939 246.9834728663985 463.02559826181476 387.97143399603453 454.99772892476665 263.8536254656585 490.8772799003587 340.35746070915326 492.3956158865494 390.89630225522063 599.9366080185632 340.94775554921324 478.80790756706244 286.1835118046001 492.5214346625856 312.73284757533867 495.69969634034965 365.99172034261755 566.4449357942945 429.9431742996543 422.27506755991186 321.62008642865527 519.278597275689 390.8201134339552 448.19786718732917 248.99016140851205 475.2903261859305 365.14614300048316 464.0721509885152 306.0801467987071 504.7244167824643 345.93893939250313 489.4769343042893 351.33741767710546 555.7450647851349 412.0079661813062 438.1390148497899 332.581071623645 532.3114106759133 328.31196119098416 483.66895699127144 334.2613047539003 538.586113364612 451.7379255695675 406.3012089904928 223.86947145202282 450.7461047915141 337.4282044077895 500.0535465506122 268.1888894191444 482.679136880292 372.6546464776214 454.0030318145686 360.24424935239966 552.663574797807 436.00653154332673 418.6264133070365 323.4851154892802 526.8241650415067 350.650018593669 470.17583550644133 358.5570091689662 557.8845902985386 356.77420748850227 467.91511916397707 240.59979812126454 461.0332566008265 396.23883642725696 449.33680441290295 262.23873851006687 483.6687461511663 439.31323127099614 408.31306990300936 339.2955561405047 543.1304903556767 445.77736754795205 407.4132574802517 347.6805128322053 549.6258782924284 308.3105986163937 511.7588927184262 293.19256794553814 495.96595709092713 456.43723840344813 406.5090637578738 255.6540839913939 476.4178555601738 335.8778459476169 478.6676744433923 390.4099870080292 593.7244733402305 342.37923729304407 484.8643166457391 230.68585441431367 454.1645595823418 348.55809696793875 480.6280247669143 286.31895379291933 498.66725638363926 377.757907730866 456.47926683134796 280.19472280740604 495.7413706190346 317.1571370230483 499.92519585272896 353.642591407652 549.3522065099625 406.0287012367748 425.8304124784687 377.7591221575031 584.7495186812878 413.4502133592013 423.4598485903802 261.44484914344 476.6956318178501 422.48355692231036 438.49849017727735 229.1734397710091 443.92369606938405 424.6954610290209 431.3693188864737 307.8582984244298 514.7058887428642 401.78060201499017 445.7646594209985 369.0044871603569 573.4214972824045 453.50688163161544 411.9341394922147 345.5328962591396 541.1458011284694 350.9749794000915 485.3778839990847 380.0022249646586 575.1385147306646 356.50931049430994 484.70998602235534 376.573511428558 578.0621165194526 318.5709223999801 491.51613189142836 267.0944586040445 475.77002995696904 325.0558886191625 495.72744786732176 216.49739139671334 441.26875038461037 355.0169510417572 478.66318833404 328.0930636358988 524.1041926044317 306.2700511948723 519.0888877822417 359.7533992498067 563.5438723445789 385.3100945947253 450.10488929083533 294.7103384175769 504.19973720542424 376.2816145163811 470.30205656470304 309.1200119432744 524.7789422724754 428.43319256488786 412.8544429272634 239.24667588415923 466.63414531273867 441.2666413052912 415.14384029877846 364.9010375392067 560.2424848782113 382.2611782107366 458.22814587356993 326.5668218314729 533.061400658264 344.22206837352627 468.99910074552866 241.73587475958854 454.716905052375 422.78141360353584 417.67909862913905
810.0078258106861 0.8895084050382983 0.0 0.8895084050382892 0.889508405038369 3.55803362015318 0.0 7.1714460306965995 3.55803362015323 3.558033620153168 1.9890012602230487 0.8895084050382258 0.8895084050382245 0.0 7.171446030696686 1.7790168100766872 3.55803362015308 3.558033620153096 3.978002520446095 3.6675371088474984 0.0 0.8895084050382236 3.6675371088475313 3.978002520446079 7.171446030696626 3.558033620153183 3.9780025204461364 0.8895084050383109 0.8895084050382188 1.7790168100766608 1.7790168100765749 3.5580336201531053 3.5580336201531084 1.763075517541555 3.6675371088476223 1.77901681007657 2.8128725577846585 0.8895084050382883 3.6675371088475632 0.0 0.889508405038245 7.171446030696682 0.889508405038342 0.889508405038268 3.558033620153051 1.7790168100765937 3.5580336201531417 2.7665763415340265 0.88950840503825 1.779016810076583 0.0 3.5580336201531257 3.55803362015318 3.9780025204460325 3.558033620153127 7.171446030696689 0.889508405038266 3.5580336201530947 0.889508405038207 1.7790168100766535 3.558033620153139 0.8895084050382431 0.8895084050382195 3.6675371088476325 3.5580336201531977 3.6675371088476543 7.171446030696576 0.8895084050382637 0.8895084050381994 2.5159097005001048 3.5580336201531373 7.17144603069673 0.8895084050382174 0.889508405038326 7.171446030696607 0.8895084050383175 3.558033620153206 1.7790168100766497 1.9890012602230431 3.5580336201531333 0.8895084050383258 3.558033620153156 0.8895084050383544 0.8895084050382656 3.558033620153117 0.8895084050383116 3.55803362015324 3.6675371088476862 3.5580336201531497 0.8895084050380861 2.812872557784503 1.989001260223052 1.7790168100766441 3.558033620153232 3.558033620153192 3.6675371088474935 3.558033620153116 0.8895084050383675 0.8895084050383036 0.8895084050383961 0.8895084050382335 0.8895084050383298 3.558033620153232 7.171446030696524 3.558033620153157 3.5580336201532474 0.889508405038331 7.171446030696713 0.0 0.8895084050381867 3.5580336201530374 0.8895084050381971 7.171446030696631 7.171446030696532 1.779016810076526 3.558033620153245 0.0 0.0 3.6675371088475854 3.9780025204460165 3.5580336201531058 0.8895084050383504 0.8895084050382014 3.9780025204461134 0.8895084050382203 3.5580336201531915 2.4906235341071037 3.5580336201532994 3.55803362015307 1.9890012602230476 3.6675371088475224 3.6675371088477196 0.8895084050383351 3.6675371088475934 0.889508405038256 1.7790168100765407 0.8895084050382447 1.7790168100766162 0.8895084050382879 3.5580336201531653 3.5580336201531235 283.3393103897885 493.0404039687891 388.4295873754459 462.3859565389994 344.5399933229481 542.5967553534467 315.891613040684 509.7174501862773 279.2634065958947 485.67392519990256 434.7380459870146 428.0586613680856 358.0389493575845 548.5491150561271 370.10427662649806 470.635524631289 268.05349363313843 476.79324992125163 303.2912004558939 500.90719771748985 319.1703189306846 525.2767049671592 440.9336418399679 420.7292744549547 257.8960031611171 466.93479794958824 399.9654759662852 439.1399442256714 302.3581084784111 516.2391255788513 400.6212582592245 445.66456843969166 286.3884321061464 489.05530205649103 410.9676192474446 434.1707321115983 389.2396136580644 592.3221131914987 312.7797699379473 516.3298054312884 239.8371691107437 466.13732800768076 310.0730332962851 512.2710773855404 305.9959548239602 522.2526139279777 337.92708630588373 503.6661657277934 378.17978039255746 577.8746543863411 427.1683685515804 431.7708207561722 258.80430295160204 474.0204365978852 365.39386451959024 469.37245999773785 277.66102921633984 493.5539702049742 391.36924998812236 444.34839354967573 346.07194990057104 537.5810919480327 353.48507396325437 486.24375846955564 307.2826453468584 513.3092148832368 405.25130852212317 451.1303410874631 293.3110332772787 511.1318678898108 304.69600322446934 509.11513981819616 241.629228696497 458.27449989503185 323.04465859082984 504.6103927009489 301.93987533413247 508.1729877979918 416.30825664572757 431.30539736042095 389.96104016663844 598.3144077054442 359.6929056681732 463.5954717775301 251.66433100891223 472.7098391446208 360.6960654175319 476.7099288583189 375.6886470443767 570.5568898341082 412.1819262900113 442.09597624498355 304.28423746288416 506.16654565741425 328.8218664823606 494.2411257657472 226.15340985012637 446.3634430845002 380.0391249888355 469.04837207549195 251.96734310124828 467.1091140641899 383.3083131442175 461.38560471748207 269.3454103138263 495.147817734583 332.2213175829659 501.1961032940786 396.04299649314675 607.8203517382359 338.0955102844601 481.6436527827815 292.7382366006218 498.5399334046208 308.9745634914545 500.31327448054986 370.22684650098995 570.9373602499993 422.49904460420777 430.22841858615965 324.08503717668043 522.4085491456201 387.67251783763794 450.7849958971891 254.1532317063665 479.9032036648762 358.65525060063794 471.5887081199608 309.636452680778 507.51722687168655 338.2295199768622 496.77101465016494 355.9521420537321 560.9038408380092 407.18275674635413 443.1480919437163 337.45986998191654 536.520691734933 326.4315073689042 485.9745715640373 339.6446732885086 543.6852747323076 444.62787793994573 411.9233370894451 227.62576974922004 453.9648345850621 331.07923740888504 508.88212022382163 273.33992404047285 487.3037960170434 369.97455347430065 458.16419479207 364.13625522732383 558.5169050848857 428.8693234512471 424.9117414905339 326.8127340487267 530.4814091295176 346.45343335900975 474.4836617771685 364.51083554328096 564.4991298835067 353.387163692321 472.7822157761714 245.23216251556738 464.7691741622701 389.55779840915056 456.678873429384 267.7471270208645 488.63421257825206 432.20589655610286 415.2514243200123 345.5282378039121 549.4793115085937 437.93421158914947 414.35632400277655 351.8083978033039 553.8786612740134 306.39840355476736 516.7381863227063 298.6796718250992 500.9570053380241 450.88950648682777 412.1671796123503 260.81164098830806 481.03559784114975 331.39864519885145 485.18337735129916 396.16570816348826 601.8521704205431 337.84995988343934 490.14654380046306 235.32207516317177 457.89121612474406 343.991502583504 487.68313864437914 292.163391764841 503.99952859151085 372.90942835609303 461.514784519876 284.09891252496345 499.523372315092 315.68573071007756 502.5111767476129 359.46289256128784 555.4075138505248 402.15298556437835 431.58666304601763 383.1270482380575 590.5520662502818 408.6283055268704 429.0956941853589 268.02373087952435 482.68736281422116 417.6045301401427 443.4602968374644 232.04420926703096 446.64149721819405 419.37007970227955 437.2374677064512 312.8123842072311 522.3547420979971 396.2352439220933 452.7193540494347 371.8380183507379 577.5379412723007 446.31524958980833 418.8097077033024 351.9314571827485 546.6388961881408 344.68005786317553 493.6422001105787 384.0479074395898 579.4759218994154 349.64309544726314 493.7804607103101 381.0542111508663 584.6905851448837 317.15219383538573 495.33619551686246 272.44731431276375 481.60896330134466 322.0817353964738 497.8831545794778 221.95733405341954 448.4487938472134 349.656083804356 483.3668454584962 333.6970827455427 529.6823493102999 300.84290635003595 529.0279839678715 365.00536896119996 570.1435949514519 381.78026375369404 453.63912255199494 297.92336014113005 509.4008242674833 370.907175591488 476.18527355677406 315.7885816712111 529.2820346089387 424.7649555832101 414.9556601306786 245.50646563115689 472.9580400308485 435.18642741872975 421.65611399871074 370.3799049251859 564.5814546110199 377.21591056450285 464.3369150824759 332.33556761447875 537.0862285642468 341.20616235352657 472.9208478117286 249.0283173715465 459.9585585192464 417.02408999735815 423.1820593786743
820.0078258106861 1.7790168100765278 3.978002520446052 3.558033620153187 7.171446030696753 3.5580336201531666 3.6675371088475743 1.7790168100767674 0.8895084050382078 0.8895084050382952 0.0 3.558033620153222 3.6675371088474535 3.558033620153084 3.5580336201531324 2.7592534953916195 0.8895084050382119 3.6675371088475677 3.5580336201531595 7.171446030696711 1.9890012602229523 0.8895084050382895 0.0 1.7790168100766839 1.7790168100764487 1.9890012602229732 3.558033620153077 0.8895084050383291 3.5580336201532683 7.171446030696566 0.889508405038317 3.55803362015324 3.6675371088475512 0.0 3.6675371088474535 3.6675371088476103 5.410668396552184 3.558033620153165 1.7790168100766388 1.9890012602230775 3.5580336201531635 7.1714460306968375 3.5580336201532354 3.558033620153169 0.0 7.171446030696557 0.8895084050382457 0.0 0.889508405038287 7.171446030696647 3.6675371088474886 7.171446030696737 7.171446030696766 7.17144603069676 0.8895084050382949 7.17144603069648 3.558033620153178 1.7790168100766277 0.0 0.8895084050384192 0.8895084050383169 3.5580336201531666 3.5580336201531675 3.6675371088475686 3.5580336201531844 10.674100860459559 3.5580336201531844 3.558033620153147 0.8895084050382317 0.8895084050383324 3.5580336201531093 3.667537108847691 0.8895084050382592 7.171446030696674 1.7790168100765202 3.5580336201531573 0.8895084050382484 3.558033620153092 3.558033620153166 3.5580336201532554 0.8895084050382351 0.0 0.889508405038214 0.8895084050383054 3.978002520446024 3.5580336201532066 3.558033620153045 3.558033620153155 0.8895084050383671 3.558033620153146 3.5580336201530303 0.0 3.5580336201532385 0.8895084050383236 3.5580336201531404 3.9780025204461724 3.558033620153148 3.5580336201531835 0.8895084050382748 0.889508405038223 3.5580336201530454 0.8895084050383635 5.337050430229827 3.5580336201530542 0.8895084050382916 3.5580336201531013 0.8895084050383157 0.8895084050383193 3.6675371088475055 3.9780025204460694 3.558033620153128 3.5580336201531946 3.55803362015304 3.667537108847607 1.7790168100766566 7.171446030696736 3.9780025204460863 0.0 3.6675371088475983 3.558033620153052 3.558033620153099 0.8895084050382908 3.5580336201531315 7.116067240306369 0.8895084050381826 3.558033620153278 2.4906235341070557 3.558033620153063 3.55803362015307 3.6675371088474447 3.6675371088475703 0.0 0.8895084050383587 0.0 0.8895084050382581 7.1714460306967105 3.5580336201531853 3.5580336201531657 3.5580336201531106 3.5580336201531666 0.8895084050383196 288.4775712500078 499.0947543964271 386.1665927403875 466.8378570563061 351.5916931200241 548.1608722664384 313.2272200575912 517.4856333269695 285.44588037174924 490.6566152856563 428.6437336005356 434.57694310505326 363.2642482251554 555.8487172946628 367.4852186426396 474.8338322086559 270.7108372779865 479.022193136041 302.11965728203586 503.0724154868816 325.0848168248162 531.238672738427 434.8839636096603 426.64261489279204 264.12664509008414 473.2879551804758 396.8401174884141 444.2024340664918 305.3593160885506 520.6193648648959 396.3326017097985 451.0922055935866 292.7491130318201 495.27264768086434 405.3893563852606 441.10458350709865 395.39036301887023 600.0657826496688 308.30985839083627 521.0467640226212 243.74415920772762 469.2026822442307 310.2015806802871 512.9580178615984 311.95362832453264 528.8891270742952 333.04920928437025 509.9081863521895 383.9377835801689 581.9926876802876 421.7331643955485 437.5581564048941 263.2418371460203 477.96298409278603 362.37502481132884 473.2927254019967 284.21532769934254 500.98793659685737 389.04293386790033 447.5440270663952 349.3267120726624 541.3034997700012 349.46305767949804 489.4761412696869 307.2826453468584 513.3092148832368 401.1615619318811 455.48112982956826 294.8959693187348 513.0425308349487 299.2289951203313 518.2548734970063 244.2818017653104 459.79250112538386 320.6052493255484 507.732540544017 304.5907506767686 511.43769074347455 411.10017130450706 437.28067079787024 394.0386372673588 605.2451744824415 357.07637169467034 467.79462694632883 256.29023636811604 477.16749667713646 356.7188528141194 481.1702954059789 382.9305862979104 577.3186842937887 409.6120766991506 445.1040240772132 309.1977610892991 510.15257497856635 325.1148310231695 500.0872517575708 234.34508733112872 452.8116653037188 375.05687593341986 474.00277405130373 257.82101641867786 471.71835599773965 379.4806616904484 465.9446510163893 274.4752536585738 499.79499847631325 326.1729799578206 507.83356298742876 401.3496735177643 615.2229810341586 334.9441049882074 486.67257454629106 293.993325301748 502.19714576053616 307.09461418673317 502.61972365558336 377.791452621215 578.7488214277387 417.26682369980165 434.93132705278197 328.4244357480368 527.8466634473151 382.9500231090934 456.51984815528255 260.5253109220533 484.6874227763272 355.6423363232654 475.51322008257216 317.1666263430843 514.3122516776134 332.02990622328934 504.50395018705825 361.05098301328417 565.6069763345787 402.9520336478594 447.9982927902838 343.48583657110373 543.0625734704761 322.6712540083202 490.5865484518638 345.1323330043043 549.3865347533256 440.48158838586266 416.1882145395531 231.94263651710753 459.4602154180545 324.62169695369937 515.2360188708719 279.20007634557993 494.0373166383404 367.3370482866691 462.3461674982017 372.5958237594736 566.8368268405634 423.3066992498568 429.96904815826724 332.34038959962913 536.1351704022579 344.9756386484634 477.06560764198196 368.2205161469801 568.4719371622905 349.6128373151676 477.3827737453956 251.10516516079315 470.0699555936602 384.82299098749166 461.1892135000671 273.2365129448332 493.62157064155116 426.8729968594757 421.1057103743088 350.6649766726966 554.1421208081097 433.41874980327 418.3287134291187 357.10678897987225 558.38906954021 301.4737642249348 526.2391843531196 299.3994496683767 503.0468026196476 443.76095632504337 420.3773708423761 265.7612532595776 484.4488645933234 328.80731794712165 489.3984442705775 399.7465147373264 607.8946848345347 333.73337298683015 495.71251240710137 238.8745371540947 460.61168581265525 339.5415449038152 492.42077279042115 296.91904842400544 508.32461134936426 368.0849613344501 468.3910018577059 288.87089901068083 504.53465401655933 312.86134395677055 508.36086038243377 364.84145185009015 562.562049486279 398.96780817500394 436.61392292121 388.4047677292122 596.4423230426397 405.41496535636475 434.0965178196017 272.280568968653 486.8157412517616 411.2582515182326 451.05430761991545 238.27536299135247 451.565660512935 414.7726226711426 443.67358387872525 318.2283743047776 526.7256944814031 390.06093244600095 460.44769208586627 376.45739954330696 584.0286811985709 440.73466571522897 426.39837017977436 358.6022616138675 552.5738906033997 337.4588530536156 500.67374745982454 389.84057377598293 586.2305511282884 343.1305402458941 498.90023097362507 384.55525882873013 588.1890101613571 312.67778162710306 501.85500203652543 278.1139486385449 486.41154675106054 318.80406963714387 502.2275419868474 229.7915251910094 454.5526517248086 345.07543972378375 487.4147380893871 339.056551386674 534.1144601021409 297.92991774775413 532.419258224698 370.3659249748816 576.6272610816088 376.788712592281 459.79392806450005 301.2720652414386 514.1119458740976 365.433836743124 483.21242620496974 320.8371378077761 534.0142277925129 422.29249759850023 418.04327627629743 249.3962530930152 475.3288373349428 428.9394418403104 428.68435760026705 376.7168870817594 572.8606959375259 373.4841934215888 468.35980023412134 337.51561294561196 541.6977757820151 336.7265102485737 479.43636349479726 251.5370770918343 463.0537173068887 414.59503928556546 426.2990377593201
830.0078258106861 1.9890012602230256 1.7790168100765775 3.5580336201530534 0.0 0.8895084050383362 0.0 3.9780025204459393 1.779016810076534 7.171446030696756 3.5580336201531946 3.6675371088476045 0.8895084050381771 7.171446030696556 0.8895084050383167 1.9890012602232026 3.5580336201531457 0.0 0.8895084050382897 1.7790168100766395 5.410668396552225 3.5580336201531364 0.0 3.6675371088475073 2.515909700499995 3.5580336201531586 3.6675371088475606 7.171446030696658 7.1714460306967105 10.674100860459394 3.5580336201531515 3.6675371088475455 3.6675371088475175 0.0 3.6675371088475037 7.17144603069651 0.0 10.674100860459452 0.889508405038196 3.695076278766273E-5 7.1714460306966865 3.5580336201532927 3.558033620153204 7.171446030696657 3.558033620153084 3.6675371088474753 0.8895084050383116 0.0 0.8895084050383099 0.889508405038258 0.0 7.171446030696732 3.558033620153223 3.6675371088476036 3.5580336201532536 0.6226558835268801 3.558033620153168 5.23448362154361E-6 1.989001260223122 2.812872557784552 3.55803362015316 3.5580336201531146 3.55803362015317 3.6675371088475823 7.171446030696716 1.9890012602230132 3.558033620153234 3.6675371088474553 3.5580336201530716 0.8895084050381711 3.5580336201531924 0.8895084050383746 7.116067240306264 3.6675371088475592 1.9890012602228633 1.9890012602230571 3.558033620153047 3.558033620153036 3.5580336201530924 0.8895084050381664 3.55803362015324 0.8895084050384593 3.5580336201532803 0.8895084050383897 1.989001260223014 7.171446030696742 3.5580336201531177 1.9890012602229121 0.8895084050383683 3.978002520446004 1.7790168100765167 0.4848588379446059 3.558033620153032 0.0 3.558033620153242 7.171446030696633 3.558033620153227 0.8895084050383344 3.558033620153265 1.989001260223104 0.8895084050381875 0.8895084050382567 0.0 0.8895084050384399 7.171446030696684 3.5580336201531475 3.558033620153111 1.7790168100766075 1.7790168100766177 1.7790168100765857 0.8895084050382934 0.8895084050384419 0.8895084050382729 1.77901681007652 1.7790168100765682 1.779016810076538 7.171446030696728 1.7790168100765622 3.6675371088476645 3.9780025204461382 0.0 3.5580336201531773 1.779016810076536 1.9890012602231215 3.5580336201531546 0.8895084050383986 2.4906235341072795 1.7790168100767638 3.558033620153136 0.0 3.9780025204460445 1.7790168100764425 3.5580336201530938 3.6675371088475583 3.558033620153182 7.171446030696545 3.558033620153122 0.8895084050383338 0.8895084050382995 0.8895084050382492 3.5580336201531284 291.47387946426716 504.4916278924606 381.23447210686237 473.03365060298233 357.6616708977299 554.6610889113106 312.40716003704085 521.1541426760192 290.89606719722195 494.98306105730336 423.6724915196054 440.72472964593703 367.3538992000235 562.8263281694415 362.58844359740687 481.0621593647018 275.48744658561696 484.0326791389579 301.28647149814253 505.511041418643 331.62239340883593 537.2943850019727 430.48491603604265 430.73278247642213 269.7915579860382 478.80361201758666 393.3871675913416 449.02095668075975 305.90541395402994 521.5585862200752 393.3031868547394 456.2129831333961 297.3106541864913 499.09464150638627 401.1140674560872 446.54693633725725 399.3594581374177 605.762223135645 306.3648502748537 524.5157939063206 250.80278008554913 473.2781207749104 310.3103187192084 513.6483704221073 317.0009395646703 530.8632977745034 327.5160648437178 515.6982312993454 390.68247383479167 590.5417374086596 417.3055353856678 442.2692619411824 271.20778782606556 486.0766629495682 357.8882746410347 479.8034621157888 288.96538769552114 508.1291690302725 384.1092609122824 454.9500548096655 355.24798062171743 547.943875192517 344.32042941172693 494.3357126783114 307.3398567336053 513.3670611267758 395.5759881461309 461.2078532624857 299.6127471078273 518.1088295230832 296.3517938950408 525.9544986656549 250.84860510757267 465.79645375492856 317.2078053394078 512.5928222634775 304.69882718460656 511.9441346956331 406.4091213473898 442.424296130944 399.7979013869291 612.0273397040262 352.6646299531044 473.7565519805008 264.6033938911958 484.2138324735661 350.4569988760006 487.6597235470644 387.1382331468134 582.8333670034214 405.6256743830841 450.14908627765703 309.1977610892991 510.15257497856635 323.2693034097425 503.62129533923013 239.6754051663325 457.24952824183015 370.5105183616696 479.26895093003714 263.8469011410808 477.5728394766702 374.48044093100395 472.699377497679 281.67058320375065 503.7526440611883 321.7984325944003 513.2156343811164 404.66099414340454 621.8766644406138 331.9346201938275 490.60067471891585 296.83842580581654 504.60922090469865 305.13813610415684 506.6800978616838 382.354712313024 584.2769039119212 412.5649313938132 441.2895824994196 330.4875750414696 529.9799222755521 379.3447679755206 461.2346526020247 268.46273770703704 490.7038866881952 352.4841417995592 480.5383568272627 319.38996660303735 520.4413608789145 327.74532558170534 509.35468542539326 365.5426348125484 570.8818565534611 398.75016595095144 454.7160406970669 349.3210367481972 547.0615219149765 317.80644478780005 498.0362869742433 350.9541036021567 553.4080188147126 437.54147019655414 419.531043116988 239.77635612901108 467.0001628151341 322.3699514896408 519.7033701838858 284.8406401867228 500.28610614332655 364.32030992660555 466.26844639138125 376.86114358103526 572.3027127075405 418.56108064920005 435.0538513497679 337.3690965233253 538.1617990014464 340.0902352360528 483.30174228565687 372.9515613260183 575.5321859557541 346.3803872750973 482.9562850984063 256.76067647068567 474.1747767316492 379.80730065744353 467.93288976863874 277.8265490366391 498.8224221591171 423.2659608126786 424.5678932604705 356.8951939322915 561.1650533944216 429.7947959922646 421.7739065518432 363.3600320794205 564.0419452724578 299.5115801523079 529.6977419045082 299.5198254431396 503.10721111390455 439.7040564958265 424.72611054194033 274.05850424910614 491.51357344705303 325.8399758904415 494.55548939853026 406.04189928016103 616.7706130966609 329.2339433542325 502.21277123066045 244.02419426352762 465.23737115874906 334.9541467274501 496.4617974419719 300.59498676033826 513.0357356746075 363.53982985128766 473.6594414373109 294.6596375801321 509.9255498035814 312.05386340324674 509.3008245141127 371.03161431970415 568.9586250526222 395.1005420358784 442.3597097599322 393.7700096869527 602.9072851814328 401.1146236565631 438.2940395673797 280.03228971829185 493.0239334148048 405.800855145007 455.6498177333839 245.73931369831902 458.05990024199104 411.8479665660303 447.66199339869104 322.72294154867376 530.6284574147205 386.9794007885919 463.1138916433654 383.26406178512013 589.8972704466828 436.49028957297196 430.62535719384704 364.2123776240858 556.8093808667031 332.34633232961085 506.74784824729517 396.04788860677314 593.9045111365929 338.7743006518486 501.2978035167605 389.8433353801036 596.6587714856315 310.37871520247865 503.8585547498515 285.8665790648174 493.32657493291913 317.4781918159313 506.7303968543429 236.73285495422203 460.87918773576746 341.5354742287317 490.3781758175435 340.0980109976366 534.4898347695143 293.654292625445 537.9664543771405 376.19419471892263 582.0219795153788 371.5013224669546 466.9511789727767 305.710238180397 517.9830761336805 362.6326922399954 487.28239016794697 326.19087583011174 537.7729165939229 419.8820873455703 421.17906024897576 257.86613759409096 480.78932472108494 423.963999581503 434.83788059124106 380.90763116455867 579.0535387863301 368.6518257133695 474.0302023819711 342.178630594217 544.0768489568956 335.60624579591354 481.0650438000016 256.3392886170543 468.0417599340281 410.6372448979711 430.74311996865976
840.0078258106861 3.558033620153115 1.7790168100765207 3.558033620153292 7.171446030696761 1.9890012602229257 3.9780025204460894 3.5580336201530343 0.8895084050382945 7.171446030696633 0.0 0.889508405038294 3.558033620153129 7.171446030696773 3.558033620153104 5.337050430229748 0.0 1.9890012602230662 0.8895084050381871 7.171446030696582 3.6675371088476436 3.5580336201531506 0.0 1.7790168100766472 3.5580336201532665 3.5580336201531257 3.9780025204460334 3.5580336201530947 3.558033620153265 0.0 3.558033620153222 0.8895084050383522 3.6675371088474567 0.0 3.558033620153144 1.7790168100765142 3.6675371088477084 0.8895084050383026 0.0 1.1760699153746056E-4 0.8895084050383054 0.8895084050381651 0.8895084050383198 0.8895084050382979 7.171446030696621 0.0 3.55803362015315 0.0 0.8895084050383099 3.558033620153154 3.5580336201532035 0.8895084050383182 3.5580336201531426 3.6675371088475357 3.5580336201533194 2.4906235341071956 3.558033620153152 0.0 1.8529290395152445 7.171446030696807 3.5580336201530587 3.5580336201530907 3.5580336201530476 0.8895084050382434 7.171446030696637 7.171446030696646 3.9780025204461364 0.8895084050384197 7.171446030696585 0.889508405038401 0.8895084050383772 7.171446030696688 1.7790168100765973 0.0 3.978002520446207 0.0 3.5580336201531413 0.8895084050383136 3.5580336201532528 3.5580336201531173 0.8895084050383184 3.558033620153037 3.9780025204461165 3.558033620153137 3.5580336201530716 7.171446030696544 7.171446030696686 1.7790168100765196 0.889508405038337 0.889508405038315 0.0 3.55803362015317 0.889508405038288 10.67410086045941 0.8895084050383419 0.0 0.8895084050383828 7.171446030696552 0.8895084050383423 1.989001260222964 0.889508405038194 1.9890012602229243 0.0 3.558033620153256 0.8895084050383175 3.9780025204459886 0.889508405038395 0.889508405038244 3.6675371088474544 0.8895084050383609 3.55803362015325 3.55803362015321 3.9780025204460223 0.8895084050381041 1.7790168100766988 7.171446030696521 7.171446030696528 7.171446030696535 3.6675371088476205 0.8895084050383077 3.5580336201531986 3.558033620153184 1.9890012602230491 3.558033620153161 3.5580336201532856 7.171446030696614 7.171446030696643 3.978002520446044 3.558033620153114 0.0 3.9780025204460743 3.6675371088476285 0.8895084050381814 0.8895084050382198 3.558033620153117 7.1714460306966865 3.5580336201530463 3.6675371088474487 1.7790168100765686 3.558033620153256 0.8895084050382661 295.82549779724087 508.5308114275946 375.7695137056115 480.0685335530976 361.8232198995669 558.8943092825447 308.38474178645555 528.6747626603868 298.75549402907836 501.80152590559476 419.7597559016896 443.9908159651437 374.5541296666995 570.9704416049792 358.81229270369 485.66013628914607 284.4290481491703 490.450689192672 295.8970450550541 513.5343554632835 335.7730651726905 538.8134367489153 426.9610857566539 435.5017477715342 277.534469666427 485.7313982474965 389.6537787657104 456.0620384970023 309.14434749900795 525.3874053855385 386.6732625769986 464.84357044771303 304.2844692249233 502.6139823474176 395.84985573267926 453.11483007760273 404.1537975928698 613.2926795806013 300.36792592254017 531.710459791386 256.1002389097252 477.75415109395965 310.05632037806896 514.3872872755729 320.15200326974934 530.5802626732121 324.3152282770227 520.0732076083367 395.2301601678312 597.0376526103055 414.2391129905304 447.35816055585 278.92831366568686 492.32488016403704 354.10766441529574 484.39891600438574 292.97229516527136 513.2080911044063 381.08163399457396 458.86399434689525 359.0722626431885 552.4879990898095 338.6053701353059 501.19642855929743 307.3398567336053 513.3670611267758 391.012911070392 466.46009641750516 303.3891702313543 524.7802589408866 294.14524528805566 530.5448169760506 256.32061822847214 470.09416515250473 312.7564233891909 519.1407770447433 304.69897186471985 511.9442821353961 403.8455097315246 447.273042994659 402.98357373200207 618.2806860688424 349.2432004774138 477.39880433587655 270.92865624385547 488.3549217380388 345.6986651716101 492.7735629630348 393.10748242031315 590.0935779578272 399.964215929241 456.43257412866643 309.1977610892991 510.15257497856635 319.9887684762708 507.346221558642 245.50380644417797 461.1754188862471 367.1427605303602 484.1493747118496 270.18624701473317 482.40266937815585 370.4236604106592 477.70488992250097 287.7879577806261 510.9166515970489 317.22126301466676 519.0572362664049 408.3013204643426 626.6776815806836 327.70682959217527 494.8786453769896 300.06044351123137 508.6505690127077 302.84482330118567 509.6011632025268 389.06658019671244 592.8317597375008 409.2815470132689 445.0100779149294 335.2779494816486 533.609186581382 376.780485939538 466.6722701843955 273.5595862341229 496.0915344862496 348.907771257871 485.2726817561839 325.23073826258434 528.706137164369 322.40010533454705 514.6361832661747 370.471779588195 575.7635584862123 394.01109910321253 461.0487250788195 352.3634627695377 549.6403956749741 315.5120572232121 501.25651562146487 355.80424253230774 558.3607971454855 435.5414622531728 422.9831427111583 244.2046751420294 470.95232862428986 318.6887204114598 524.3537330112363 289.5579438271286 506.0536264487119 361.6672599578497 469.24113344357636 382.56816814399156 577.8291209981156 414.78067963943147 440.246880529794 343.59552285693997 545.1878460524227 335.9380732156243 488.83862927330244 378.1152809781279 583.4737823268613 344.0311040357404 483.73219633803365 263.6358721675265 479.8649208664587 376.2004725666687 474.4512006264517 283.60537806046773 504.92735987493575 418.56376342759825 430.9238845951221 359.90736787494575 563.7749318978999 426.63462106181424 424.34629298495474 367.4807348985293 568.3161998809867 294.1552815169405 536.8366417012928 303.2551677804567 506.53418544006223 435.7214834764741 431.625199448074 281.0765082511848 499.1727340640433 322.03484135269434 500.3446480293564 408.9954536533201 620.7208114056461 326.16563826241395 506.0872890956374 250.03748388356718 470.39415170808536 332.6375206608493 498.46073349251077 306.14138266989397 518.6708897694052 360.1705633666439 478.5395431277029 301.07389241192857 518.8755776496441 311.96455826901683 509.8460595366661 377.213038431991 577.9964498659907 393.1814479282244 444.63416141420487 397.61175709417046 609.9266467269535 398.81692698945574 441.50896427079573 285.81449891000386 497.020783147004 399.9046768099855 463.5904208799299 251.9303732196112 463.03320547009525 406.85357743688536 453.8112817612541 328.0211756641157 535.1345214392602 381.6602263731822 469.04718735801805 389.51188005535084 597.5661358602775 431.1508752638539 437.75260690326144 368.78833946104197 562.677608823295 327.15709440858615 513.9679369159011 401.5816746912336 603.3880069704779 333.60532695852396 507.32766665565015 395.0382390905283 603.2541336111861 307.6298047331442 505.52404443994845 293.3853044115011 499.7826356798685 314.39656696770675 511.8165265249498 242.21774742560717 465.1585041161922 337.72681206803526 494.9502605918949 341.7358603258338 537.6985415618104 288.909806024441 544.0988515521716 381.1516874477219 589.4540248570114 368.0824320969944 470.59513014885783 310.13651279112275 520.5765662304277 357.681166084778 492.2715325776301 331.4725351256271 542.2999905984198 417.3216380235654 425.42962548053475 263.8588127064207 485.96803645399467 421.24491109790796 437.7444423639883 385.08412091066486 585.2215864012629 364.8769835862122 478.63016040012315 349.02074116981737 552.5682642307629 333.5531221878249 484.4533088868431 262.6980120057276 473.5516528441213 407.1446957907199 435.53297838323726
850.0078258106861 1.749120908523388E-4 3.9780025204459886 3.558033620153023 3.6675371088476134 1.0596603952623755 3.6675371088475206 3.5580336201530876 3.9780025204460974 3.558033620153167 3.6675371088473656 0.0 0.889508405038273 0.8895084050383559 7.171446030696644 3.55803362015324 3.558033620153093 0.8895084050382887 3.5580336201532776 1.7790168100765915 3.5580336201531964 0.8895084050382803 2.515909700500085 0.0 3.6675371088475246 3.978002520445952 3.9780025204459766 3.5580336201532012 7.171446030696681 0.0 0.8895084050382678 7.1714460306966235 0.8895084050383033 0.9020613715108409 3.5580336201531764 3.558033620153145 0.0 3.5580336201530622 2.8128725577847136 0.6068313661759293 0.8895084050382468 3.5580336201532305 0.8895084050384021 3.5580336201532488 1.7790168100766135 1.7790168100765402 0.8895084050382596 0.0 1.779016810076543 3.558033620153186 7.171446030696592 3.55803362015306 3.558033620153219 7.171446030696665 2.210900155269543 0.6226558835267655 0.8895084050382993 0.0 0.0 3.5580336201533336 3.978002520446111 3.5580336201531995 3.5580336201532443 3.558033620153083 3.558033620153128 0.8895084050383081 1.989001260223072 1.989001260223137 1.9890012602230511 0.8895084050383022 0.8895084050384003 3.558033620153036 0.8895084050383476 3.6675371088475144 2.812872557784441 0.8895084050383357 0.8895084050382391 3.558033620153252 3.558033620153271 3.558033620153169 3.558033620153231 3.5580336201530547 0.8895084050383043 3.558033620153199 0.8895084050382605 1.989001260223098 0.8895084050383604 1.989001260223096 0.8895084050382397 3.9780025204460663 1.7790168100765644 0.5195063015801838 0.0 0.8895084050382558 0.8895084050382915 3.6675371088474167 3.558033620153268 0.8895084050383049 3.5580336201531844 1.9890012602228802 3.5580336201531586 1.9890012602231726 0.0 5.410668396552222 3.558033620153132 3.5580336201533243 3.558033620153184 0.8895084050382998 3.6675371088475837 7.171446030696627 7.171446030696544 0.0 0.8895084050382175 3.558033620153165 10.674100860459601 0.8895084050383277 0.8895084050383649 7.171446030696557 3.5580336201530467 0.0 1.97382378925803 0.8895084050382905 1.9890012602228333 3.558033620153204 7.171446030696662 1.7790168100766646 2.4906235341070526 0.0 3.5580336201532177 2.812872557784625 0.0 3.6675371088475996 3.558033620153099 3.5580336201532905 0.8895084050383044 7.171446030696534 3.558033620153247 3.5580336201529743 3.5580336201531413 0.8895084050382907 0.889508405038247 297.15390325632364 509.293340523617 370.3331068318625 488.3272273808465 367.4261852517986 565.8055636778829 300.2435515393753 537.2987484834312 301.5723841768147 504.87466078841845 413.201067960127 450.24475469304974 379.97178656049465 576.7494892153898 354.3020117235395 493.36641424411454 289.82425710033795 494.84836915060225 295.48032506730243 515.1385273106839 341.84620957815764 543.9823013764138 424.736247046759 438.16202176693145 281.7247305472781 489.9314250927374 385.86290303880196 460.6488257346375 315.8750550736274 533.9767661122819 382.73044196117814 470.5287110011731 308.09198922229956 505.10837657070596 391.73341060243484 459.88385845788264 406.58645778382936 617.6095045915612 298.31889196341876 532.5429994829149 260.66074051591005 481.5722744834438 305.84819402352275 521.1494338278189 324.0661864773411 533.6844515821937 319.44645095349745 526.3040403009013 399.9776504678087 602.1404504624944 407.94972816133435 451.9924919435388 283.1034357567316 496.5336786403874 347.71142901441874 492.581537258395 293.0649392689755 513.4014894798889 377.70318981668896 463.73763969040806 366.8759563732522 558.7921027552784 334.1006378026981 505.2458120967581 309.2732578156222 515.1803877262009 386.7886499909988 472.55148350541145 308.8815369739247 529.1080943007518 291.34546908082126 537.339140905218 261.4166612834801 474.77996109021063 310.53320987242085 521.6456908700675 306.3011779436251 513.9223347368336 398.092155201636 452.8954163482511 405.9896701636994 623.4183085682403 347.377652076872 480.91598364002135 275.29800068660484 493.7705443848145 340.08432581806903 498.46776774224105 396.93273811545237 594.6554534094759 395.6037422034253 461.8271813257968 309.5387352921867 510.86328868631307 317.0783523061172 513.2226585891292 250.61725722827308 465.84195096203337 361.07314628450035 491.96821512854666 274.9071806174506 486.06649384255195 363.92013644312397 484.0173105952848 291.8932422166104 517.9590571710883 313.93823170627564 523.5890951435447 412.12441323724886 632.5624938009413 325.35516940735215 496.8296954044381 300.09039708087425 508.6814416139391 302.58095402747676 510.3366129153077 394.5262238265548 599.2362028203862 403.6355072831217 451.309864276379 339.2883530028569 537.97381186636 373.0433510956404 472.5005708432396 278.7827672471222 500.65709474079455 343.5233312823449 491.1489418981933 330.1233719307019 533.6053438589679 318.88218610839203 520.0348811929181 374.99102114239224 581.6341719316746 389.57900895631843 466.9957328508309 360.3190698694247 557.1179542797098 312.13166819261033 504.8897538627246 361.6361464303306 565.075287356056 431.25700054509673 429.65463598848726 250.37680242733154 477.36301054664654 314.02744278647475 530.8041950396564 293.88863421380785 510.1140710154499 358.2392310266805 472.87468186333075 386.51313460389673 583.530548397709 411.72061063099716 444.1372210108419 348.2956432920049 548.9405525603091 332.26398590287 493.50049020827436 383.0762212359542 590.8890147142278 338.6549575549686 489.60259769026186 268.3673898341622 484.9157288070389 369.34829364389003 481.72553065613846 288.4416969267886 511.2561657904607 415.49961341766016 436.0254432018936 367.48588394764107 572.2450978351445 424.68775374879306 426.59965464642715 373.8155762601159 573.9786529101754 290.22928168598844 543.983552650339 303.90320494672335 506.98104830288526 431.2521091137492 436.9260913454279 284.90321696366385 502.3403905230369 318.8775393979015 504.1488502318651 411.87676233820935 627.1263341174874 322.1763411492724 510.50910709789616 254.26250348567612 474.5529266733982 327.9384905043878 503.5926759803327 311.7046673783365 525.5835950592038 352.76099082279046 487.8305729172576 302.9143383790614 523.2725840476395 312.35718184682105 510.14614034050555 380.97026470981655 583.8389846522686 389.6242156583834 450.59011493699984 400.7443610251669 615.57079139995 395.4128211987017 446.36558655029813 291.2025242482888 501.42476829338034 393.6081538272027 470.0452649011386 256.86705120996055 467.883662007161 402.2814735143752 459.0543381551197 331.13855548789036 540.3244156281919 375.6239997049519 476.89000701596547 394.6537898302392 606.0732589901789 424.86055211479766 444.79094278890517 373.4532300388224 567.8066360572249 324.01538600748677 519.6606229659448 405.4048975303576 610.3713415276264 327.8651369524713 512.9187437321865 399.91605095146525 609.4899956639001 305.45763931504376 509.53757044739143 297.5243401762578 505.4124964024677 311.42779261147496 517.2577620197985 247.86786141063178 470.688033466617 333.92036322464907 498.90111311438136 345.8729407433339 542.617815559262 284.3283382776261 550.7790968981391 387.9488747651014 597.3162282117553 366.1416702541081 471.6536959477548 314.6775492460764 526.8231468560575 353.1205796286163 498.7239293960928 338.2682019282379 546.7990395402298 413.0947669584666 432.1273007462106 267.18396228278147 489.63230763949235 418.17282969499263 441.6199944854676 388.5535677612682 591.2998969457327 358.3310710517738 486.7169586331457 354.24020304592557 555.8571303331117 330.86178206376735 488.6067018620172 268.4881684174377 478.23843278938074 404.48762924641017 439.7051155348733
860.0078258106861 1.5175744213420819 1.779016810076474 7.171446030696467 1.7790168100767079 6.760782472964143E-4 3.667537108847679 7.171446030696637 0.889508405038231 3.5580336201532714 0.0 0.8895084050381352 0.889508405038292 0.889508405038285 3.5580336201532274 3.5580336201530423 3.5580336201531324 0.34382690933074395 0.8895084050382986 3.9780025204459695 0.0 1.7790168100765589 1.77901681007647 0.8895084050383201 1.7790168100764978 3.667537108847432 0.8895084050382652 3.558033620153176 3.5580336201531573 5.3370504302296 3.5580336201531444 3.6675371088473794 5.41066839655222 5.337050430229591 3.6675371088475854 3.6675371088475197 7.1714460306967585 3.5580336201531053 0.0 1.7790168100764685 0.8895084050383284 3.558033620153072 0.8895084050382612 3.5580336201531995 3.558033620153224 1.7790168100766377 3.9780025204461404 0.0 1.9890012602229543 0.8895084050383008 3.9780025204461404 0.889508405038204 3.5580336201531266 1.7790168100765622 0.04841241756135904 3.5580336201531733 0.8895084050383321 2.812872557784778 5.3370504302297554 0.8895084050381971 3.5580336201531404 0.8895084050382523 3.978002520446036 0.8895084050383194 0.8895084050382875 0.8895084050381327 1.9890012602229403 7.171446030696655 3.558033620153091 3.5580336201533633 0.4873332941430294 0.8895084050382521 0.8895084050383358 3.667537108847591 1.7790168100766979 2.1932405943029845 3.558033620153159 7.171446030696605 3.5580336201531444 1.7790168100767525 0.8895084050383355 3.558033620153112 3.558033620153264 3.55803362015319 1.9890012602231026 3.558033620153252 3.558033620153198 3.6675371088474824 0.889508405038288 3.5580336201531586 3.9780025204459295 4.131265229490393E-4 3.6675371088474495 0.0 1.9890012602230966 1.77901681007659 1.7790168100765598 1.779016810076648 3.558033620153212 2.812872557784547 0.889508405038283 0.0 0.0 3.9780025204459473 3.5580336201531786 3.5580336201529725 0.8895084050382145 7.171446030696549 7.1714460306966545 0.8895084050383093 3.6675371088475655 3.6675371088476436 3.558033620153108 7.171446030696547 1.779016810076678 7.171446030696573 3.5580336201530534 3.5580336201531786 7.171446030696645 3.558033620153291 7.171446030696556 3.5580336201531524 0.4436627710040706 3.558033620153198 3.5580336201532545 7.171446030696468 2.49062353410727 0.88950840503826 0.8895084050383077 5.337050430229753 3.6675371088476165 1.9890012602231555 3.5580336201532075 7.171446030696543 3.6675371088475113 3.5580336201530605 0.8895084050381609 1.9890012602231175 1.779016810076586 3.558033620153164 3.5580336201531364 299.34802549735934 511.72056621836435 364.7126549237419 492.81364116029704 373.3053452439339 573.1289700952057 292.8053804465821 543.8857111076402 304.6242999545304 507.4583006479401 409.55851114473046 453.72768461858703 384.371627744475 580.8429174665735 351.60394423217383 498.74405666747487 294.455367557025 499.99321943124346 289.261095845884 522.5022516263575 348.45337892653293 550.0187512181692 421.24226745926796 440.5363420773097 285.7166107783665 492.9430949547634 381.70402242238976 466.18345253897417 322.67403623367494 538.485415530864 378.5611986916302 476.0542766887305 310.0775265525504 507.91348022114505 387.9838559670922 465.7039751578173 411.10316062181323 626.4813315677001 294.1463041402828 537.4363684717798 263.44113484562024 485.7753532511516 300.5860280335745 525.0867717576177 330.09810172162946 538.8820832693713 318.39691100924904 528.3139969641959 405.4706157259119 610.3566377714207 403.3014582803472 457.7876213384941 287.5910268388768 500.44460428023854 341.71056822131754 497.3656825656108 295.9645683979743 516.0910961632429 374.66494692223546 467.6440637950291 370.7051287133836 564.6177349265668 327.1947973841459 512.3775196629931 315.633730920377 522.1026545636481 381.5288950856178 480.933224526861 313.8884310261795 535.2595117346939 286.72096760275974 545.1879945703289 266.6426760013463 480.73672590047227 306.41209417824723 526.877054778736 309.3331522286094 518.4276820013229 392.9643883207964 458.9596144372705 409.58093517294634 630.530750477307 345.45298189287905 484.4094135450633 279.9580730475599 498.8873697095178 333.66257890834584 507.2448215321763 397.8105989455947 600.1109906045364 392.5772985415513 465.74032614030335 309.5387352921867 510.86328868631307 313.28712526218584 517.0402240064979 254.99829670255124 468.4442938120118 357.5784651532699 495.5504201838302 279.4194963292399 489.9460099203041 360.26982161210725 488.69894898875094 297.1967625927513 522.8062420876809 309.3722288824378 527.3341318502905 416.5680928443958 640.7644075695126 322.50023761563256 500.87049671553706 302.67501591137795 512.3294878838124 295.7892597774939 519.4651766418033 399.87602498220554 607.565138061657 397.4950559459771 459.6792641371389 342.60735858061935 540.9775996350087 367.320369570715 479.3465631798198 282.9212543000049 504.90773730960143 335.93744930648353 499.67493345407814 336.29095727764576 539.3579118234723 314.6341043578901 525.4931578912181 380.77119746813764 588.3912401192484 384.28747835958194 474.1503313783798 364.4938451955182 563.2903036552223 311.9894885628229 505.59547715261164 367.02806025891744 570.8828959007192 427.8162111715063 434.4864498340704 254.22179128400933 479.8060853948149 305.3222952236169 540.8953622499239 296.0590090322724 511.39676136933133 355.5764569848282 477.04156985965267 390.83665096542205 588.9294314811838 406.4963147118412 450.7344967033423 354.64646026126246 557.1548009210153 327.85893667914985 500.0776489512351 387.8873835620647 596.5458434104837 335.18240541221655 493.78835778176375 273.7473235361618 490.0179720915908 365.624301966457 486.95884831213976 289.76609858120963 514.7825525960624 412.1177468986707 442.10513467667096 373.0070842450023 579.2139684165143 422.4212027525951 431.0515494397977 378.97193300131255 580.614845548759 285.5722685845841 551.8186795735774 306.9460768501058 509.35668576726056 425.75081441254594 442.1086202440456 290.2233470045147 508.19971133137227 317.03876560700854 508.3883182516862 415.2342148910067 634.3901544012289 319.15316077211804 513.8003955303544 260.3789340693965 479.6231469159542 322.6510757159495 508.24718904000053 315.3246151036687 530.5362484992005 347.7115957316231 493.937779037396 303.6391756865096 528.0134630311447 312.35718184682105 510.14614034050555 386.3335704509178 589.7013023902496 385.46783246378607 456.12631043409357 404.04095741182533 621.6945479569989 392.74531929384443 449.32503530647 295.3013947483264 506.3960224706193 390.17160093558607 473.6750793276581 261.9408307638475 472.5890766496219 398.1685610277611 465.8252170246295 335.5500368511092 545.6576508284735 372.1687465961121 480.50041443581716 400.20268567450313 614.8575210509545 419.2171319026169 448.066484050363 379.7871664078289 575.4039961253542 319.90574599940834 524.5893334412594 410.5350974168333 620.0378718575938 324.4457848612478 519.0434912062022 405.92391742860184 617.3520048896405 300.92190140473986 517.9670137906945 300.456541044911 508.6408538833378 306.4487735202537 523.8823539689608 251.02278181233288 473.8220007764205 327.8447100861022 506.6916222471102 354.56072550663026 550.7793573750902 279.08388864002495 555.4789988631891 393.2169764921842 602.0314648712239 364.2665794433777 475.16461955601204 320.25866072097006 533.2875944294564 347.6323597702479 505.70850266531335 343.4694656884512 550.1226671377401 410.8121939004188 435.35650049626327 272.7335399834835 495.2633439480401 416.10035257928064 444.99614669824547 392.6343986869563 595.6493743384939 353.89013934474127 492.04783161600096 359.2033191600775 561.3703599963561 330.0413742940743 491.71403735334314 273.18336090504505 483.32656557705945 401.816106728516 442.660044918909
870.0078258106861 2.812872557784761 7.1714460306967185 0.8895084050382118 3.978002520446004 8.858618709315686E-4 3.6675371088475703 3.558033620153221 1.779016810076606 3.558033620153176 0.0 3.558033620152987 0.889508405038286 3.5580336201531684 7.171446030696732 0.0 0.8895084050383215 0.0 3.9780025204460854 1.989001260223178 3.6675371088475104 0.8895084050383412 0.8895084050382944 3.558033620152992 7.171446030696659 0.0 7.171446030696581 3.5580336201531297 3.5580336201532177 0.0 7.171446030696602 0.8895084050382749 1.7790168100764907 5.337050430229705 3.6675371088475206 3.558033620153154 3.6675371088474673 0.889508405038334 2.5159097005000772 7.171446030696433 0.8895084050382586 1.7790168100764396 3.5580336201531098 0.8895084050383703 3.558033620153119 1.7790168100767678 0.8895084050382802 0.0 0.0 0.8895084050383422 0.0 0.8895084050382741 0.8895084050383125 1.9890012602230591 7.171446030696647 3.5580336201531355 0.8895084050383223 1.9890012602231721 0.8895084050381943 0.0 3.558033620153087 0.8895084050384816 0.8895084050383737 3.5580336201530303 3.558033620153171 0.889508405038232 5.337050430229581 3.9780025204459935 3.9780025204460006 7.171446030696623 0.0 0.8895084050383241 0.8895084050382468 3.6675371088476556 3.6675371088475317 3.558033620153136 3.558033620153273 3.5580336201530756 3.5580336201531626 0.0 0.889508405038277 3.6675371088475015 0.8895084050383634 3.5580336201531773 1.9890012602230391 3.9780025204461245 1.9890012602230127 0.0 3.558033620153112 0.8895084050384082 3.9780025204459775 4.815348443372616E-4 0.0 3.558033620153235 3.5580336201532123 3.978002520446084 1.989001260223177 7.1714460306966945 3.558033620153164 0.8895084050384144 3.5580336201532416 0.0 0.0 1.9890012602229807 0.889508405038218 3.5580336201532137 3.55803362015325 1.779016810076522 3.6675371088475046 0.8895084050381861 0.0 3.6675371088474535 7.171446030696656 3.558033620153308 3.9780025204461444 3.5580336201532106 3.9780025204460223 3.667537108847631 1.8869148898720147 1.7790168100764407 1.9890012602230236 1.9890012602230132 3.5580336201532576 0.8895084050383707 0.8895084050383066 3.5580336201531253 2.49062353410727 7.171446030696797 3.5580336201531706 0.8895084050382974 3.6675371088474074 0.0 3.5580336201531164 0.8895084050382964 3.55803362015314 3.558033620153173 3.9780025204460223 3.6675371088475717 0.8895084050383983 3.5580336201531653 3.55803362015309 306.3531858234379 518.735726642962 357.9812088830692 500.11763821659554 377.2745308249026 578.8038149088649 289.1993791597293 548.6522741417579 304.6279422449366 507.45710574098996 404.3354460268809 457.310931775754 389.8339165392401 586.6436689929069 346.44480345014927 505.36408920361254 297.3065522690757 504.0992356924604 283.014966932968 528.8464839352938 352.3125957087036 551.9571775082454 417.06726080525783 446.05795492298955 291.2046223942316 497.2654164989592 376.31115189700785 472.0515798885721 329.18419048683666 545.9347587402934 374.2998653017419 480.2904777079646 310.07846199514705 507.91461254918437 381.55512239808985 472.65527868230896 414.43334589818295 633.7621161415645 289.5426411501877 542.6083248671349 268.7990491867017 490.2096123781193 294.11409610984396 533.9142641344886 334.24449949684134 541.8246169476163 310.3768994167983 538.3881471260189 409.29017316195905 617.3269868026109 398.72069537159655 463.02486852863956 292.52330379693785 505.30450646205867 336.79303650174853 503.5561322830867 297.9070597200571 518.0150248249291 370.8059650853169 472.1660129107176 376.3374124255991 571.5077119587913 322.32717217340996 519.2766830052495 319.89850377166437 527.7856355472178 376.51597723422515 488.28867204406856 319.9205036801612 543.1280292736421 282.20563702308203 550.4485220387603 271.13858051994805 484.6357245833615 306.4423110179746 527.5752650346809 313.7626916876435 525.5303125175252 388.9502091260245 463.3861235861398 413.5214046302727 639.1774332897028 343.05234410989004 486.30966809975837 286.2819355161333 505.1516694306013 327.97349532180743 514.087227228457 404.0759197933911 606.6011978295867 387.78065886929886 470.8254303704203 309.5387352921867 510.86328868631307 312.3048661513833 519.250151808201 257.94591957370505 472.4784670198281 352.8103755808552 498.1301648188495 283.37828295899675 492.992796897201 357.09572736200516 491.26871237328305 298.4133970768472 526.4099606986099 303.2487326360544 534.781308652869 420.6713309538964 648.8155192796078 318.3844038608099 503.8767249393924 309.46436729109814 519.9874506867369 289.2820630286586 525.9040307141371 403.6931661583819 612.7407000649263 393.2360603666737 465.74619699774405 346.62043486024396 545.352394566665 363.6203935174432 482.7546374161374 289.00585543042877 512.7606022020212 329.7654741819482 506.1184624939939 339.7058916934634 542.9455352179713 309.26356820961513 531.7584946910173 386.36926551661503 595.3169093166272 379.69552996724246 480.5823565411267 369.84297309763946 568.5137824723754 312.49504905481797 506.144522885655 371.2397126125021 575.1395218129969 424.40213103970717 439.335307353049 259.0735505762929 484.7434140760179 300.315918153728 542.9590193613546 300.61085301017545 515.487126978207 354.41116966888075 481.09979756472757 397.35111652818756 596.4159155080805 400.99050608755283 454.723390516592 358.696879574291 560.2355065335147 325.3314419893783 503.1160798339628 393.38260289708745 603.5590475747479 331.922449108775 497.5012790707684 278.37040098797587 495.1675082331526 361.37941669038855 493.0429783505862 291.56791129828946 518.5049212520101 408.63625592306806 447.5096664705266 378.71727832139146 586.059991351178 419.41357580463057 436.18519712856636 384.0285715626004 587.938391597625 280.48954048585523 556.5299526251964 306.94683242350885 509.3574567317696 421.9398546283111 446.67596684730904 293.7846878675052 511.6290681435772 314.40756411457045 512.3636634675831 419.1518198315765 641.2712676225276 316.5451443017455 521.3510230270615 264.5234217615472 483.86695316440716 317.86045641734415 513.898956610422 320.70450263286597 537.662841690237 341.26574885292763 500.1718693383224 303.6391756865096 528.0134630311447 312.35718184682105 510.14614034050555 392.57065698453255 596.7726449690177 382.0578422985495 460.9782193992368 408.56722809856655 629.3694156598698 390.47382296839226 452.56064989196295 299.5618498986087 509.85380661554484 384.786723353888 479.5460359039546 265.3990673603212 477.50647462927327 393.9890298121818 471.343398137442 339.9567766441328 549.6896006641492 367.85964143685896 484.6997486257022 403.5837835482715 618.5367816065467 413.5497794740492 456.16379022248475 384.00919132710095 581.5023622556007 315.1892299313081 531.7429201825895 415.32796532676747 628.1242277797443 321.2683123782785 524.815941521485 409.3622428294622 623.3758599617817 299.15686576318336 520.7001323110509 305.38726006134283 513.4160650761985 305.0452224195727 524.6941666554245 254.50701088874914 475.93933000603135 323.27237156328164 512.5252897267221 357.75173284924205 553.9064452129373 273.3755072051434 560.3792044125955 398.0717814711606 609.4945704582409 362.69215268669893 476.4660972692448 327.05077266196355 539.4818279984173 339.487862627768 513.1151499647375 347.2426596518099 552.7569234635158 406.63954476287836 440.88071119643695 279.43892989143944 501.15390439621615 410.3117540038991 452.40525507711646 398.1985183585171 603.2249975630469 346.5955141698264 499.5186849368012 364.3047905441128 567.4091598087643 326.69666712390983 496.6240463507889 277.6409922164033 488.6390798524023 399.14548985188435 445.6172770523084
880.0078258106861 2.812872557784514 3.6675371088474886 3.5580336201529694 0.0 0.001796432110907928 0.8895084050382049 3.5580336201532314 3.6675371088475166 3.5580336201531995 7.171446030696615 0.8895084050382845 0.8895084050382627 0.8895084050382713 3.558033620153106 7.1714460306967505 3.5580336201532274 0.0 0.889508405038275 0.0 1.779016810076554 0.8895084050383134 3.5580336201531 3.558033620152976 10.674100860459646 3.66753710884742 1.989001260223107 0.8895084050383698 3.5580336201530813 3.558033620153109 0.8895084050382566 0.8895084050383605 1.779016810076612 0.8895084050382243 3.6675371088475517 3.6675371088475557 3.9780025204461165 0.8895084050382873 0.0 3.558033620153218 0.889508405038335 3.9780025204460814 3.5580336201531457 3.5580336201531644 3.558033620153193 3.6675371088475113 0.8895084050382739 0.0 0.0 3.558033620153243 1.9890012602229312 3.558033620153131 3.558033620153237 7.17144603069675 0.8895084050382271 2.4906235341071032 0.0 3.558033620153 3.558033620153198 3.558033620153199 3.978002520446136 0.8895084050381841 7.171446030696589 3.55803362015302 3.558033620153049 3.5580336201530245 3.9780025204460814 1.779016810076675 0.8895084050382119 0.8895084050384434 0.0 3.558033620153237 3.5580336201531897 3.667537108847607 0.0 3.6675371088475264 0.8895084050383298 3.558033620153081 3.5580336201530836 3.6675371088475592 3.5580336201531306 7.171446030696804 0.889508405038216 0.889508405038185 0.8895084050383042 3.558033620153233 0.8895084050381745 3.9780025204459695 1.7790168100767094 0.8895084050383892 3.6675371088475175 6.226821199316303E-4 0.0 3.5580336201531884 0.0 0.0 0.0 1.9890012602230531 1.6305246681195134 3.5580336201532847 3.5580336201531844 1.989001260223072 0.0 3.9780025204460765 0.8895084050382951 0.8895084050384325 3.558033620153146 3.558033620152997 1.9890012602230682 0.8895084050383502 3.6675371088474886 3.6675371088475486 3.558033620153162 3.5580336201530303 1.779016810076652 0.889508405038279 7.171446030696743 3.6675371088474726 3.558033620153262 3.978002520446214 0.889508405038394 0.2898543517114852 0.8895084050383301 0.889508405038263 3.5580336201531626 3.558033620153028 0.6226558835268267 3.558033620153316 0.8895084050382436 1.7790168100764856 3.6675371088474993 3.6675371088475437 3.5580336201531013 3.558033620153124 0.0 0.8895084050383067 3.5580336201532394 0.8895084050382487 0.8895084050382441 0.8895084050382266 3.558033620153061 308.968115711112 521.4479663985068 353.07487301734733 505.0521190179414 383.0297184508845 585.6209495059674 284.4491697768938 553.7095759526283 304.3422925626613 507.87819496953216 398.20494120948877 465.0825151532005 394.6934140073092 594.10190721803 339.01849123555814 510.75524548263496 301.4741351500857 508.9978194592255 278.61271161396655 532.8343834464267 357.3280708088143 556.8296929201676 412.88657788932625 451.57640874563583 295.6017412182933 501.2749050545692 373.3584943578304 476.0114807907769 334.4151346844455 553.151593207016 369.12861695043887 486.28693508167413 310.1777065565913 507.95247035029087 376.08903401150775 480.90622217029124 418.3876177801791 639.4475045484912 286.267381220547 547.7976718760723 273.0740510091583 494.3321965461195 288.500400684925 539.4895789133889 336.36806612004426 545.1952587640623 301.2423595598689 547.401711610877 414.29848680770846 625.8550859497118 392.21929237934467 468.7020406273249 295.3800414250788 508.0442399694263 330.47748723776755 509.8649289698068 300.45654559873253 523.0451193783143 367.6549526554481 474.7423476428134 382.13460021117515 578.2854920427249 320.00486969230775 525.1716294715022 326.49705908013476 537.7584456291524 369.9342676507795 495.70161056534533 325.4269457178115 550.119544103516 277.3963278138209 555.387013465918 275.3719153474747 490.1567845286061 306.14840852107574 528.3472411241805 320.45405599363534 534.7703419990846 386.63250082267575 466.5878970912604 417.7888527231444 645.8304875965111 338.49277655089907 491.5231996776074 290.6759556584893 509.1689143413893 323.05859694420616 519.6373211267556 408.94645366731237 613.4514166696194 381.9486158784443 477.57785684427057 309.5387352921867 510.86328868631307 311.5927749416537 520.0875462685734 263.64141888643843 476.5906471110659 347.1243631544279 504.3357569054756 289.99887693899376 498.97871868029347 352.99213541005827 496.8416296328048 302.63827487230725 535.2378451196317 295.4671475016608 541.7044155924195 424.08063921411997 655.7728076693401 316.0097103295212 507.6993178680578 315.29937322007623 527.3672302377627 285.6386696686504 529.2404993871471 409.0113885327648 619.88921731379 387.4398681414021 472.52940516116587 349.5083737739121 549.3707232518257 359.9845359579494 487.44033940936225 291.6176742062513 517.0764363930037 323.7800369697446 513.3640700204152 343.6900865076063 546.709828437588 301.80861358757653 541.0458054160417 392.49427809326 602.4990399114604 373.59840718390336 488.36273145805797 376.10465484028794 574.9536640776873 312.68114301171966 506.30706631544655 376.455795270578 582.3436849607826 419.93989992401424 445.25962114842656 264.09514925436105 486.7683011183117 292.9095222094786 548.1160076792952 304.69624062390125 521.4530176301535 350.74975651565376 485.75376922833146 402.3480716345477 603.7761072292767 397.0326143667531 458.58190069822035 365.2182709014671 568.9310307479117 320.54882350083557 510.0959070884924 398.00368382032167 609.9833099079758 327.9755056830906 500.62906295767203 281.2153885232518 499.2725774724061 357.79055005611656 498.3945849964861 294.6896220844508 523.015922343572 404.1292872684695 452.19208139129194 383.4616794443908 592.3811977910767 417.34543249059067 439.563400585956 389.99446133672546 595.2255989962724 273.3906322629941 561.9164657100446 306.9478490471518 509.35859799813835 418.9349858497346 451.81328362779874 298.1511793679545 515.6689016650663 309.76550652841183 517.7107686752881 423.9035820897213 648.7917734254388 315.14349759205544 523.5266426523116 270.189803308731 488.7091352890276 314.1002616073425 518.4442629782859 325.59927766522986 543.8808559134793 336.25778750280966 505.0081940127351 308.8003558160351 534.6717523715231 312.3960852546282 510.8439204948312 398.11672077124155 603.1648869892433 378.55838543300666 464.5472224163038 412.79227800204444 637.2335938136505 388.5467438803356 454.82693881720513 303.49540612874785 515.6274275744985 378.7977977073993 485.5643663517517 268.65476533489505 481.2374010397809 388.5684576668966 478.39428626517275 345.81289407095466 553.8744839282552 363.4288215157601 491.2669034560217 406.834320218714 625.2713416470297 408.35676256350865 460.963870040457 388.0781453628385 587.7046772671332 307.98156459085436 541.2462196491472 418.87737868742397 634.0682171852226 316.7971786297602 531.1566741635534 413.2387931223855 632.050315460822 292.10171420968175 529.6736786167749 307.53533050972965 515.7090965874421 300.2060986265816 528.0570865641859 258.99189137766245 479.85348663432 317.83191934258946 518.2634933578453 364.5341867642766 562.4091660100654 267.73107624509873 563.9075986108421 403.2232772605511 616.7513305813893 360.68939787184627 479.9020657561026 330.71744726150035 545.4234435089153 333.541192743955 515.8390734636229 352.0655105512585 556.5120370468519 404.3635415241497 444.1130951834542 282.76659308943664 506.1627694737939 406.4889668870723 456.96523457773554 403.0914004094981 610.0589467891224 342.5456578569684 503.23511695336236 370.2138289341147 571.6370558013813 321.56112101391045 502.6338592851767 282.21362585744663 493.838700688893 396.09022446247195 449.5090112541324
890.0078258106861 0.7998077758095141 7.1714460306965915 7.171446030696644 3.9780025204461764 0.002923826487124578 3.558033620153149 0.889508405038173 7.1714460306967585 1.7790168100764907 3.6675371088476285 3.9780025204459926 3.5580336201531075 3.558033620153234 3.558033620153218 1.779016810076512 0.8895084050382468 0.0 1.7790168100766126 1.7790168100765202 3.6675371088475073 3.558033620153144 0.8895084050383125 3.558033620153178 3.6675371088476165 3.6675371088474136 3.5580336201531146 3.55803362015328 1.989001260223123 3.5580336201530973 0.8895084050382205 3.5580336201530365 3.5580336201529588 0.8895084050382285 7.171446030696558 3.6675371088476783 0.0 0.889508405038293 3.558033620153033 0.8895084050384173 0.8895084050382542 7.171446030696724 3.558033620153284 0.8895084050381771 1.7790168100765968 0.0 7.171446030696592 0.0 2.812872557784508 3.5580336201532443 1.7790168100766337 3.5580336201532012 3.558033620153098 3.6675371088474673 0.8895084050382277 2.490623534107005 2.5159097005000617 7.171446030696628 0.8895084050382221 0.8895084050382583 3.5580336201531777 3.558033620153101 0.8895084050382932 3.5580336201531173 1.9890012602229872 0.8895084050383729 3.5580336201532203 3.5580336201530094 3.558033620153229 0.8895084050382157 0.0 3.6675371088476845 0.889508405038216 3.667537108847667 0.0 1.7790168100764638 3.5580336201531186 1.7790168100766346 3.55803362015314 1.7790168100766433 3.558033620152978 3.5580336201531844 0.8895084050383312 3.5580336201532172 1.7790168100766033 7.171446030696582 0.889508405038279 3.9780025204460503 0.8895084050382619 7.171446030696626 1.779016810076675 0.0011691804349354851 7.1714460306965435 1.989001260222954 2.812872557784665 7.171446030696597 1.7790168100765775 3.5580336201532803 0.0 0.8895084050382527 1.9890012602230092 3.5580336201532847 0.0 3.5580336201532163 3.558033620153171 3.558033620153041 3.5580336201530787 3.5534298167986713 0.8895084050383575 0.889508405038378 7.171446030696631 1.7790168100764967 7.171446030696601 3.558033620153043 0.0 3.5580336201530858 0.889508405038215 3.6675371088477204 1.7790168100764543 0.889508405038229 3.558033620153209 0.0010869798033229833 0.8895084050383706 3.558033620153102 0.0 0.8895084050382654 3.558033620153003 0.8895084050382495 3.5580336201531053 3.5580336201530316 0.8895084050383095 3.6675371088475677 0.8895084050382127 7.171446030696598 0.8895084050383122 3.9780025204459872 0.8895084050384193 7.171446030696647 0.0 3.558033620153055 3.5580336201532647 311.68762169238425 525.608001651238 347.6305454633247 509.4848230845725 387.2685580255842 592.2972685623608 278.4636416958953 558.9087087926445 304.3462927665882 507.88066346787946 393.094294371258 469.9072514152812 399.5041340458654 600.401980823263 331.31479770969423 517.13471666687 304.49638854805914 514.2478496819756 276.2557200365001 537.6072333597966 364.34543416624797 563.9576949354804 410.38078468567676 454.6454342341382 300.2275029331412 506.41062616390917 369.72413689686795 480.6981232416158 339.60758105026986 557.8784027930677 364.1879829018453 492.44945638098847 310.17784324048716 507.95252552695035 371.17218131431133 485.218207625721 421.67846900359405 647.2696077094605 280.5901752519628 552.5688268876771 277.28473342914265 498.51811486024883 286.7997996854407 542.0256937106265 341.19658896739315 550.1996051135687 295.21440367184493 553.2509553050486 418.1128210784877 631.0429290635102 387.5749623221825 473.2572811931586 299.0062883863063 512.0990658042247 325.1133448977131 515.0151945419149 303.89950947965565 528.5651372647743 366.4382273033076 476.2951408661008 387.94317268598 586.2861688431711 318.37723878411634 529.5571738403233 332.84989745349986 544.0572209404414 363.49893953743776 503.2184611008759 329.7220149577127 555.5464312519164 271.8554351922667 559.5252106301231 282.08640637441835 497.40503725510285 300.84246766844456 534.22461363683 325.04935690781497 539.9401561098871 382.2754942074496 471.96078759305226 421.9125936937513 653.725303925074 335.06724186553635 495.08667348160577 294.59614556432393 514.2854093559376 319.0152218732878 523.9737569613205 412.27074827374895 619.5364588258271 376.7495790700148 482.313952132044 309.5387352921867 510.86328868631307 310.2911708090454 522.4544383704093 266.83686188902186 481.0479826257866 341.98144980642223 508.36149112735075 294.6062905138694 504.8051947376678 348.7144415175025 502.28211149748404 308.45540700546144 539.387399020534 289.6429559100622 547.0489221360988 426.5772326670388 661.7414274163734 315.0669514592601 511.4425463739955 318.813413846449 533.5368742166888 283.4147787996012 532.6699645225442 412.0873119524244 626.1256947185857 382.7718482934511 478.3045264808333 354.25876337506355 554.4542671770489 357.9241063764026 489.5867000172315 295.89024482532216 521.8760822262909 320.11729641975455 517.3727740194739 347.6931705878428 552.3546541578264 295.3551320441914 547.1502478116035 395.47790131512454 608.8152776530594 367.8494177225121 496.4156353303455 381.24627133076706 581.0129161045808 312.81376302627746 506.52778787047737 381.3554803166887 588.5655474087307 418.1736506156541 449.4637179668555 266.7481869244843 491.0569262123309 285.89806822366467 553.6100242036174 308.1656299850886 526.6239593053875 348.14908375621775 490.009496528212 407.2297404640652 611.2000488800442 393.52572350273726 462.1329194772792 370.6060011980814 574.8105214749811 315.8987964228211 516.2327981925845 400.83179912428227 615.2222227435514 323.91601883504654 506.2895269954065 286.1728627723474 505.4511508064995 353.965475719306 502.91369889552755 297.9953459995952 528.6650630537847 400.63217861378723 455.76374524569616 387.5453232137 597.9671603200375 413.5781550168495 446.58509980328205 394.37946979669346 601.7992504711335 265.8052523922625 565.0645264241052 306.94957656243974 509.3607316911726 412.582176594424 459.4212169191843 300.8263593714134 520.5603562829722 304.94706878473954 523.7246235920474 427.9428504075635 656.7353967192736 311.0222277065843 529.1729134660458 272.5150273883767 491.9458439625978 313.1320861819807 519.1122448760937 327.7188207335655 548.5144473423827 329.82358731998374 511.8506462663089 314.59167667579214 542.0741821919202 312.3960852546282 510.8439204948312 402.5401168866489 608.5378473156534 375.3740034139826 468.3385612104713 417.15245229696717 643.838503247865 383.858785997952 461.1970879867373 305.9460829516991 520.1021654851386 373.5814409542074 489.0183080239339 273.07464464470155 485.21268219038393 382.7603807162013 485.16493665165154 352.553782653061 559.942297116117 358.02410392765216 497.06449918427035 410.6172990109325 632.2265260426884 402.7313566562371 466.6440252672101 393.67926780193847 594.650632035726 301.58503138767105 547.4220062172639 421.23185226423385 640.7401002512114 312.6365889145853 537.4462633612974 415.4126863482039 636.5048889550359 287.4300638484804 534.8030589088328 310.2181849748667 518.4159752776848 294.0094854192936 534.4383066983758 263.0631228880165 484.1621027070117 314.0499609811266 523.7679785348726 369.54088228836054 568.5505345276146 259.9904419417873 569.5714846231339 405.412318516765 622.4014699889449 357.7919902765994 483.90849142113206 335.2030944716119 551.9512730286013 326.941756639739 520.5365853985304 359.31151304524025 563.4602456134993 403.6392365479187 447.24453333566265 288.4384405084277 511.6918287009553 403.9784910720896 460.0233373174921 406.09493739844163 616.9455494724026 336.7992287057881 508.6972685290251 376.55478997795996 578.0577602158733 317.4769917810746 504.939689074467 287.9247109269653 499.3314117657288 393.3873982737928 453.6551157828095
900.0078258106861 3.978002520446084 3.558033620153068 3.9780025204459024 7.17144603069647 0.002406285555367104 1.779016810076659 7.171446030696483 3.558033620153177 1.779016810076536 3.667537108847651 0.8895084050382941 3.5580336201531706 1.9890012602229423 0.8895084050382712 3.6675371088477013 0.8895084050382951 0.0 1.9890012602231075 3.558033620153251 3.6675371088475157 0.0 3.5580336201531937 1.779016810076614 0.0 0.0 0.8895084050382209 0.0 1.9890012602229028 5.337050430229811 3.5580336201531106 3.558033620153249 1.9890012602229712 3.558033620153262 3.6675371088476423 3.6675371088475814 0.8895084050384431 0.8895084050381871 3.558033620153118 3.97800252044615 0.8895084050382248 3.667537108847639 0.8895084050382677 1.9890012602229787 3.6675371088477533 3.6675371088474535 3.558033620153148 0.0 10.674100860459355 3.5580336201531986 7.171446030696787 3.558033620153167 0.8895084050383234 0.0 0.8895084050384272 7.171446030696673 3.5230875588772586 3.558033620153188 3.5580336201529863 10.674100860459598 3.978002520446127 0.8895084050383073 3.558033620153202 1.7790168100766128 2.812872557784565 0.8895084050383416 0.8895084050384299 0.8895084050382133 3.6675371088476085 3.558033620153012 0.0 3.5580336201530507 1.779016810076609 0.0 0.8895084050383978 3.5580336201530796 0.8895084050382813 0.8895084050383694 0.8895084050383102 3.558033620153174 0.00277552902774358 0.88950840503821 0.8895084050382722 0.8895084050381584 3.6675371088475064 3.5580336201531058 3.558033620153132 7.171446030696675 0.8895084050382589 3.5580336201531697 1.9890012602232299 0.0019404252438907372 3.6675371088474993 3.5580336201532523 3.9780025204461205 7.17144603069646 2.8128725577847002 3.5580336201531098 6.764816469157778E-4 3.558033620153202 7.171446030696685 0.0 0.0 7.171446030696795 0.8895084050383562 3.6675371088475885 0.889508405038339 4.872843938138688 7.1714460306965435 0.8895084050382794 0.0 0.0 0.8895084050382696 3.9780025204459553 3.6675371088475996 0.8895084050381213 0.0 3.6675371088477773 3.5580336201530964 3.558033620153237 0.88950840503829 0.0011214835172519272 3.5580336201529943 0.889508405038249 2.8128725577845524 3.5580336201532505 0.6226558835268267 3.558033620152995 0.8895084050382295 3.558033620153048 3.9780025204461333 1.9890012602228941 3.5580336201532092 7.171446030696567 3.5580336201531177 3.5580336201531484 3.978002520446051 3.5580336201532763 0.0 3.5580336201532003 0.8895084050382571 318.2968307371349 535.4529148306028 341.00520653791733 514.1537061371116 392.0734694666402 599.1824477383888 270.39708739747596 564.6460295503649 304.3517596002081 507.8842919650783 388.85200241630434 475.3731607082496 403.7554780276169 607.063690892927 326.1534658673451 521.7601248599202 307.029829450579 519.1023083901262 269.9958729382432 542.4597162962131 368.91092811603204 569.2043691894213 407.8239441744213 457.6725204609043 301.65222366688283 509.3883403788467 365.97413695415503 485.2834015548498 346.8309890159598 563.6224087205627 359.24084347934564 496.02073373640593 310.1782717239728 507.95270619399497 365.07068776919294 492.98750541871453 426.88933314819707 656.8127802601567 272.55572458589114 558.3452727568758 281.8916690257628 503.686460610183 281.3354904865662 546.2814589982534 344.50040566867864 556.3555117588323 289.5576826875508 555.7363975748233 420.47158707676283 635.9727264291581 383.2117187290369 478.00673085336723 301.85529534136725 516.1605607226819 318.72159636973953 521.199924608636 308.56323172189576 538.1568954695655 362.6885933474317 480.88633618614836 393.73161599419194 593.7114608547972 312.12910215608935 537.3101313639614 336.42261776342264 547.5533211551419 357.211975741918 508.22394780724477 334.8419855002962 561.5969733155455 265.012857938263 565.2126806232415 286.2969374833732 500.27443819485154 296.1666794925227 539.3703524225612 330.2430787408204 544.6691450405923 378.2733030598475 476.9871426609631 427.0923389262851 663.2890926204152 331.1991351045454 498.245877622334 297.95987194408985 518.5671208514864 314.4029655770902 529.5168714142659 416.0652292461593 627.6441422741467 371.01366101119726 489.7497996111826 309.5387352921867 510.86328868631307 301.6148262126382 530.7351645315734 272.1865275998647 486.8686393163157 334.69801586066836 515.0836603607831 297.79722420928425 509.23358586248384 344.38494477641746 506.3679895847872 315.7520267037937 548.1151250643848 284.04007088815894 551.1375649250651 431.8377332805671 672.3741534322756 313.16719959587925 515.0933141534938 324.95061073473977 541.2934858192115 276.94229784941433 537.2581470865703 416.31158179718693 635.1183426318739 378.728804313199 484.57866851885734 357.0000345617829 556.1439532089776 354.97441832574657 492.2625131552599 297.5719568221916 524.9924501968495 313.1458209802948 524.371557487359 348.8581626494122 553.9458059565313 291.1181774379903 549.8056527758408 400.5505412520388 614.9620632919198 362.5429528893498 502.2784812668492 387.370949600141 588.8035170655073 312.8133303759347 506.52824972832906 384.09284586540355 592.6802658332969 417.2004211122107 451.2085410306318 272.9871608733734 496.06977201106935 279.75654750420387 557.0116864812047 311.59852400694484 531.2267900511314 344.15046688404556 495.7114522880627 411.1182021170043 619.2598948131046 390.7413139172912 464.9815696033066 375.278919820903 581.1955933005512 314.3101908244569 517.8668549304907 405.86391263888635 621.4039888414978 321.3992310389289 510.73514128496834 289.98873182395187 508.6817263348098 346.339547724943 510.67305589374814 302.9124489377553 536.1422751614208 398.3675103783045 458.38044391737475 393.2067603091734 606.6615240616007 411.24037557372174 449.77226065958007 399.05960074309513 608.1905230317336 257.9311538710206 571.8419691568952 306.9516746550666 509.36396795211976 409.43252463368947 463.241772577988 304.25903070336426 523.4803191537155 295.8784665304367 531.1794395816305 433.0528822709007 666.3352477582489 306.8458530291473 533.765506944063 279.3807676988738 497.7318098753568 312.6074075546008 520.3364322639743 331.69089649352134 554.1852066223385 324.00242414138273 517.2065145900268 321.55547103247096 548.5624663139608 312.3960852546282 510.8439204948312 406.84194340010055 614.0015054321332 371.29728307364104 472.67293468172556 420.02819418755274 650.7457006353281 383.04784924433574 463.06719036712855 310.31147769838657 525.3325510752143 367.52154164211146 497.4643939083936 278.7671330205235 490.727764096233 375.3945003007098 491.92851871206307 356.4299874186145 563.2469494030702 352.4627642066854 502.7035912045704 413.1063418725955 638.7949304615905 395.9642973714791 471.43782326049677 398.07590944359725 600.0429383224276 296.3094481054185 550.3898985971836 424.85389119388486 648.9228895437126 305.5457081220724 542.8773028625941 420.13718756590384 644.0386931583757 282.1929044252865 539.3278417414575 310.26525776614795 518.4724403542658 288.6561060610924 538.8310681676719 267.5660045876826 489.4173269258433 308.23529878702163 528.5583571652619 375.12655045054265 574.9021150138306 252.08260634024035 575.0210908370811 410.0437879480443 632.312349942033 354.67234171404925 486.44990854142293 337.9496241232815 556.0567066473922 320.8857536315668 525.6685518291655 363.8426247015905 566.9161856430671 401.2956919313571 450.42302428269335 292.6900418155194 515.8518683316863 399.7087894059228 464.85031252175077 410.96447920818395 626.7167772812452 330.6633550535014 513.7873332131345 380.7806440994007 584.7384127944466 317.5314326898939 507.725976005243 292.5359071316996 503.8268964311261 390.21870446703497 457.45461172323525
910.0078258106861 0.889508405038206 3.558033620153039 3.558033620153168 0.0 1.9890012602229332 3.5580336201531706 3.5580336201533016 0.8895084050383345 9.527986471898302E-4 3.9780025204459393 3.5580336201530165 0.8895084050383685 1.9890012602229223 3.558033620153187 7.171446030696486 0.88950840503837 0.0 3.558033620153136 3.6675371088474105 0.8895084050383221 0.8895084050383026 3.5580336201530507 7.171446030696616 0.0 0.0 0.8895084050382581 3.667537108847754 0.0045852027113556905 3.558033620153324 3.558033620153187 3.5580336201531257 3.5580336201530995 0.889508405038303 7.1714460306967736 3.6675371088475623 0.889508405038349 0.889508405038392 3.558033620153063 7.171446030696776 0.0 3.558033620153104 0.8895084050383545 1.9890012602231681 0.8895084050384099 0.0 3.978002520446032 0.0 7.171446030696642 7.171446030696653 7.171446030696546 1.7790168100767674 3.558033620153261 3.6675371088475943 7.171446030696572 0.6226558835267648 1.9890012602229477 3.5580336201532607 3.6675371088476476 3.558033620153084 7.171446030696679 3.5580336201532585 3.558033620153166 3.558033620153297 9.708946683633646E-4 0.8895084050381854 3.5580336201531058 0.889508405038279 1.7790168100765145 3.5580336201531293 0.8895084050381761 3.558033620153148 1.7790168100764887 0.0 7.171446030696626 0.8895084050383304 3.5580336201531493 1.989001260223036 0.8895084050381905 0.0 7.245172843221866E-4 7.17144603069677 1.7790168100763795 0.8895084050383305 7.1714460306967025 3.6675371088475863 0.8895084050382436 3.558033620153133 0.8895084050383589 3.558033620153071 1.779016810076614 0.002708911872405516 3.978002520446 3.558033620153184 0.8895084050383862 3.5580336201530187 7.171446030696664 1.9890012602231042 8.859086099442424E-4 3.5580336201533176 2.1543094114320276 7.171446030696607 0.0 0.8895084050383929 3.5580336201532665 0.889508405038332 0.889508405038306 0.014849352107344107 3.6675371088475774 0.8895084050383861 0.0 3.558033620153014 3.5580336201531426 3.5580336201532385 3.55803362015317 0.8895084050383689 1.7790168100764518 3.558033620153318 0.8895084050383016 0.8895084050383258 3.5580336201531533 0.002088729329806665 7.171446030696501 1.779016810076572 7.171446030696665 3.5580336201533576 2.4906235341072263 7.17144603069682 0.8895084050382579 0.8895084050382984 0.8895084050381986 1.7790168100765287 0.889508405038207 0.8895084050381791 3.9780025204461045 0.8895084050382728 3.55803362015318 3.558033620153285 0.0 0.8895084050382082 3.5580336201530947 323.7993380329471 543.0682037446161 334.90341569622666 517.8684661121376 396.2248796823981 605.3280583795865 263.30543678302917 570.8189124550772 303.97433228967174 508.9817525339053 382.5592403710965 479.1655224747946 408.7045958236733 615.6244136975987 324.8665680393962 524.7165391257496 308.46514756546674 520.9822717535083 264.88886912179066 547.1501253166034 373.3659232726641 574.5451109293781 404.99294968518956 461.72896650854 307.15508588923996 516.3894849416721 366.17378461323796 488.05837110789633 352.1326740606016 569.5602781600019 350.83069155391354 502.4049392523073 310.1782717239728 507.95270619399497 356.95737675714406 500.32308547660045 429.0682884498097 662.9282639720722 266.40296872943827 564.1117478934952 286.13744828584873 507.86393572897913 276.4026574645164 549.6098672800308 348.88498877178574 561.7280528832358 282.61958676360376 559.7208684028628 424.6835813093999 643.8007826672381 377.3629062889861 484.71148197796583 305.35639897743357 521.5957805601693 315.9345142921193 523.5354907858867 313.59204000626687 545.5181479622435 357.98004757876413 485.96047174354334 396.90264022413675 598.7199183313048 308.6867607221291 539.505442017874 342.6095940096647 555.2680684467109 349.8997052926864 513.566605660177 340.99160279083503 568.1350268514764 259.42713651321844 567.6947585569052 289.68104555080936 503.8712541648417 292.20592305525565 542.3475586296435 336.0884122985897 551.4087197774646 375.9360182745362 480.19000547180946 429.4684927261959 669.859713575045 326.69531488050643 502.1378671424678 302.60437978301104 524.9745772053677 308.65624626076465 534.2907825830611 420.5029892761706 634.207635449573 366.06970679377963 493.95561343405495 309.5387352921867 510.86328868631307 295.0898847494954 536.0408785898975 277.30621960275704 491.5780985207491 328.74630343375196 518.2098995906323 301.65716864150977 515.0236948462347 339.73505420340865 510.1297305529691 322.4754585343222 552.9534308024784 277.17155242111335 556.0016412709498 434.33898331001103 679.6324963644669 311.313832832662 515.926287789909 330.47588561613514 547.0349315070705 271.26766169702023 542.8151041360403 419.9976925929351 641.5448664872396 372.35715038499086 492.13367817044104 360.7829968661265 560.7409509081613 350.14971053435977 497.2289746671907 302.11252713627687 530.2212365488316 313.07651129149326 524.433745325792 350.39769848256344 555.2782573067261 284.3590260122451 554.0341890219072 403.1248614417231 619.1903955065446 356.3239898742662 507.3061459762827 389.83252871595107 593.0942449618764 313.3162392237162 507.75620981044904 386.9636367783993 596.7130456077629 412.0377873787137 457.22079421115194 277.9094127764179 498.3271472097427 273.5495391777854 561.909694910208 316.6155485046958 537.6379066369867 338.75385785877927 501.4991330277324 416.09511937410224 626.6516266477137 387.0923808953915 468.3890377963688 379.90725085928784 586.4393927153538 313.5543832024442 518.2374142825873 410.20732662181297 629.1713222476752 319.07647149084977 515.4373147031546 292.9202049082276 511.3818334778455 339.5944746702247 516.5319638951803 308.3954121802429 546.3014598625911 395.2148037356706 462.8182053353268 397.489139866649 612.1441334984335 406.85291139795174 455.12415750299175 402.80032078838644 612.8558597770026 249.94016174960493 575.2572408260174 306.9536813389579 509.3692339629555 403.98309802221456 469.03691806662965 308.46410534245155 528.3341143475702 288.29564122522913 535.9965939155593 434.24710519653286 672.4119779362122 300.0585313493745 540.274073184023 284.31868218583423 501.94986975970676 311.3219862399506 521.8616027103847 334.75467059321943 559.2897624839728 318.93130977759216 523.4978484187111 328.9986026534773 555.3536503761937 312.3960852546282 510.8439204948312 409.99107071401784 623.0640810864126 366.6669554082368 477.8220732688594 422.43156468018384 655.0663041101496 378.461909120218 469.5263098642166 310.5827630995816 526.0785334139945 360.9732520648275 502.23666197501336 281.74207004339695 493.36899597448627 368.5435843039401 498.4121150652552 360.43628291565034 566.4977018344199 346.9409900264007 509.7192094790284 417.95345863543105 646.2709687410945 390.7490354761801 473.60493058967563 402.37878159938344 605.5151610399707 290.6328277976524 552.8158971072288 427.11490634178466 655.5725279517899 297.99814723374186 547.7102537869815 422.5623335350977 648.35440387378 276.06140752143375 544.318377675003 310.64975558780714 518.9477513358604 283.14052517194193 543.0233004008516 271.5753873817491 489.8328039135309 300.8274395869888 535.0957614008998 379.07466494232915 579.9926426635058 243.17332771135665 580.3119009055978 413.2779505698862 637.8628392719164 349.9988805178372 490.23603562987165 340.5821795950004 561.4670666217116 315.47004591656486 530.7375405964391 367.0074946620224 567.1781024189816 397.29231579312255 454.82167077401397 294.73049908088996 518.6582169097384 395.64045489846126 469.1919042441006 414.86647697319813 631.8692485874391 324.33891747130946 519.3654769639045 385.3787936318347 590.0019754106754 317.8634565494553 509.4726684939083 296.03958470792844 507.98130909528015 384.9291185770546 463.3551673819523
920.0078258106861 3.558033620153065 1.9890012602230756 3.558033620153369 3.667537108847671 5.337050430229557 3.9780025204460303 7.171446030696518 1.7790168100763661 0.0 3.6675371088477395 3.5580336201532172 0.8895084050383544 0.0021908605989744085 0.8895084050384117 3.6675371088476303 0.889508405038249 0.0 3.5580336201530995 3.5580336201531186 0.8895084050384481 3.6675371088475233 0.8895084050381431 3.558033620153004 3.6675371088475575 3.558033620153338 0.8895084050382093 1.989001260223173 5.337050430229876 0.889508405038436 3.5580336201532177 3.5580336201532514 3.667537108847703 3.5580336201532843 10.67410086045948 3.9780025204459144 3.558033620153069 3.9780025204461773 3.558033620153076 1.9890012602231766 7.1714460306966625 7.171446030696439 3.5580336201532896 1.7790168100765305 0.8895084050384594 1.779016810076623 1.7790168100765906 0.0 3.5580336201531835 3.558033620153077 3.55803362015306 1.9890012602229183 0.8895084050383762 0.0 0.8895084050382043 0.6226558835267648 0.23491857964299898 3.5580336201532257 1.7790168100765182 7.171446030696649 3.558033620153086 3.558033620153149 0.8895084050382878 3.5580336201530534 2.8128725577844933 3.558033620153083 0.889508405038304 3.6675371088476325 3.6675371088475295 3.5580336201532665 0.0022654488214751594 3.6675371088475437 0.8895084050382693 3.6675371088475153 1.9890012602228357 7.171446030696543 0.8895084050382976 1.7790168100765344 0.8895084050381906 0.0 0.8335842778647701 3.558033620153131 0.8895084050382704 3.5580336201532647 1.7790168100766013 0.0 0.8895084050383741 0.0 0.8895084050382996 0.8895084050384385 3.6675371088475077 0.8895084050383866 3.6675371088475512 7.171446030696607 3.558033620153291 7.171446030696492 3.5580336201530214 0.889508405038284 0.9381839402792487 0.0 3.558033620153061 3.6675371088475406 0.0 7.171446030696566 3.558033620153125 0.8895084050382142 3.558033620153151 2.5159097004999906 1.9890012602230243 3.5580336201532003 1.7790168100765915 1.7790168100765924 3.558033620153194 0.8895084050382953 3.6675371088476783 0.8895084050382808 7.171446030696695 0.0 1.7790168100767578 3.558033620153038 0.8895084050383503 2.8128725577844835 3.5580336201532274 7.116067240306312 3.5580336201530667 0.8895084050382963 7.171446030696537 3.5580336201530733 3.558033620153231 0.0 3.5580336201531626 0.889508405038264 3.5580336201530987 0.8895084050382174 3.6675371088475046 3.558033620153335 3.5580336201531058 0.8895084050382709 1.7790168100764852 0.8895084050382659 0.8895084050382835 326.49688238711263 545.9951045976455 328.09780190214406 522.882968834399 399.13802551166447 611.650636017031 257.077825214421 574.0710638946922 306.1311945134766 513.2774502331666 376.52809302857696 485.6915155713256 412.29118453437945 619.82957158601 320.0155689652175 530.4250881073699 308.46545360749167 520.9828403163407 259.74725130713813 551.8102259234441 377.373126658216 579.019895235773 400.21427068236363 468.0429113537746 308.3594195892841 518.0066109961481 364.00808701543525 490.1017044635176 356.7266664710056 572.4488522913783 344.7765097462389 506.8555875319583 310.24763464926957 507.98429809420827 350.7605215218406 505.339652828948 431.5587603078313 671.6417920268743 261.7255819897053 567.7569204384457 292.7788748125664 515.202529378448 272.0603731660914 553.6813198889323 350.68221315190493 565.2872891372897 276.42463040522085 563.0381236112001 428.18670184338225 650.8938550485769 372.15159928785033 490.6464169181212 307.76425374708367 526.5511569232257 311.145808276053 527.5955563461283 315.3401684446466 547.9180686005892 353.48439625568966 491.2219388962974 400.38742219994094 603.5466587130023 301.5869231033981 546.4053632485311 345.2086530804254 559.4749909433291 341.1205975549057 520.1670077610546 345.4768496920805 573.4529785125451 252.08527478439098 572.7446176195959 295.30459655542023 510.7643754161249 286.04330590137783 547.3032712755675 339.769412661516 556.674161758935 372.01510286407984 484.63826497053446 431.4820129247107 678.8048626249682 322.02873456777496 505.84287081420354 308.15238275106555 532.5478893486804 300.5056114929755 541.4749102575469 423.92554208740455 642.4591253603118 360.2048115802065 499.94218684719783 309.5387352921867 510.86328868631307 287.96328348277376 540.5996517714649 282.71454720220567 498.00311624833773 323.65133406585386 522.8939693042787 305.15287989390134 519.8142751731198 337.9670243101227 511.1333154759085 327.52753081511014 556.6262281035633 269.41553591268803 560.5288562370464 436.6423409037305 685.9924854437178 310.90714919924636 516.4488478584619 334.1487854071411 550.490471555176 266.4668991801433 546.3074669704077 423.7728287447073 649.6200833145306 367.0536310691527 497.9963893106309 365.1443876500473 567.334671398851 345.83781261957864 500.63052960926655 308.39691761975746 539.7218117139306 306.6744033249521 529.492085237586 353.0248391270308 558.2761824229963 277.86688155581186 556.9841526118979 407.8321760956846 627.8818079749943 347.86851232588845 514.2141392465022 394.76180323608787 598.7545748792496 313.23658461348225 507.96553933015576 392.1470909266879 602.8137998864908 407.09996745685686 464.6626953729107 283.3514196092454 504.0822071781613 267.619928794375 567.1691123300055 320.5129818722928 543.3630821241388 334.5512824896881 505.68066700056295 417.64791549673276 631.4416867067406 383.6702812370496 473.25925975316534 382.1281620172484 590.883578137748 313.6302563749561 518.6388154238952 411.83504791171293 635.0737608758111 319.4498858742063 518.7805342848303 299.80477701416225 519.1548608698632 333.92347062327406 519.8843084140525 315.84343706135195 555.5504314079157 392.8904808984172 464.09838157071556 401.5086146461083 618.9505564354165 403.32184413477796 461.1566903482863 406.781044877099 619.6834845070279 244.26191750311187 579.2031549430844 306.7632004699293 509.52480725008905 399.3992655686116 474.2250759809269 314.3237818417685 539.3889170843183 283.6708475135314 538.1429284549434 436.8921950107888 679.9286851781138 293.2605107579914 545.21540511285 289.2182677062374 507.5179379644085 309.8288349381477 523.9567086152249 339.5054771759816 564.4089363480533 314.9222773939591 526.3789519001364 334.02370084959125 559.074773986398 312.3960852546282 510.8439204948312 413.18563643746603 629.2056021351046 361.05905974374554 483.4172500006285 424.7508253148304 662.2136278893319 376.71628036772717 471.92907530431137 314.92464616228585 531.8100640357868 354.62927215240677 507.7897192813132 289.21874115560644 499.9902561915651 361.9736324415285 504.4285238749528 366.1398752266713 573.4066421381712 341.4778076735089 514.7488878779487 420.5603972988176 652.7276603342864 382.7355510184994 480.42134539845614 404.9101215851627 609.763747891602 284.4512325185488 556.1635902466201 430.53483418834486 663.8198702772179 291.99836718858813 551.2965664658402 427.17925255484846 657.088367550072 271.728131923446 548.3962473413148 311.3148925721569 520.5239098297769 279.74122949948645 545.1030088988813 278.33327583562874 497.05925724620647 294.42658507715106 539.7614158282541 381.72053456847414 584.1728743094657 237.71819465704155 583.0760909938397 416.82777742518573 643.8091241984567 345.7143418094396 494.3538836845732 346.06572690479993 567.2980638551229 311.9952266834431 535.1617145162913 370.7322207628073 570.6455570323789 395.1835315036664 458.20193372609236 300.041550867277 524.5359519126152 390.96575818489237 471.73255617436587 419.40971121273617 638.959420687227 318.82608033199887 525.0455716794531 388.3077291481153 592.8359032969591 315.75195146201264 513.7449379179525 300.1118675422492 511.04579649539363 384.4378054436529 465.51605534702253
930.0078258106861 0.8895084050382835 3.5580336201531853 0.8895084050381987 1.9890012602230491 0.3483591582437225 0.889508405038264 0.889508405038221 1.7790168100767758 2.68543876532512 0.0 3.558033620153054 0.8895084050381773 0.0014572385734739543 0.8895084050384007 3.6675371088475233 3.978002520446072 0.0 0.8895084050383143 0.8895084050384208 0.8895084050383407 3.9780025204460046 0.8895084050382834 0.889508405038378 3.558033620153187 1.7790168100764918 7.171446030696724 0.002048311380686693 5.410668396552271 0.8895084050382379 0.8895084050382979 3.558033620153068 3.9780025204459992 3.558033620153208 0.0 3.667537108847635 0.8895084050382047 3.5580336201531066 0.8895084050382313 3.558033620153329 3.558033620153093 0.8895084050383292 3.5580336201531306 0.8895084050382266 7.17144603069663 0.0 3.558033620153286 0.0 0.8895084050381857 3.5580336201531915 0.0017765762826515133 0.5556583848461877 0.8895084050380913 0.0 0.8895084050381771 0.6226558835268504 9.122293867809177E-4 0.8895084050382492 1.7790168100767616 1.9890012602229323 0.8895084050382704 0.8895084050383703 0.8895084050382519 0.8895084050381469 3.5580336201532896 3.5580336201532194 0.8895084050381385 7.171446030696688 3.978002520446124 1.9890012602231466 0.16539775889039923 7.171446030696726 3.9780025204460143 0.0 0.8895084050383993 3.558033620153288 3.558033620153178 0.0 7.171446030696542 3.5580336201531435 0.0011273187360466988 3.5580336201530716 1.7790168100767165 1.989001260223211 0.8895084050381754 0.0 0.0 0.0 0.8895084050382649 1.9890012602231166 0.0 0.8895084050382182 0.0 0.8895084050384013 3.9780025204460405 1.779016810076416 3.5580336201530782 0.8895084050383191 1.3941076726373238 0.8895084050382648 0.012539796830927418 1.77901681007662 0.0 3.978002520446056 0.8895084050382406 0.8895084050382941 0.889508405038212 3.5580336201532057 0.8895084050382395 0.8895084050382516 0.0 7.171446030696682 0.8895084050381722 3.9780025204460134 0.8895084050382321 0.8895084050382435 0.8895084050381595 1.779016810076543 0.8895084050382571 0.0 0.0 0.6511519253536067 3.558033620153128 1.779016810076604 3.558033620153088 7.171446030696794 2.49062353410722 7.171446030696615 1.9890012602230847 0.8895084050383338 3.6675371088476236 0.8895084050382289 3.5580336201531018 1.9890012602229952 3.5580336201531995 0.8895084050382944 2.4890030765914832 3.5580336201532035 2.5159097005 3.5580336201529925 0.8895084050383091 331.0635363836713 551.2482313171039 322.50479004200133 527.742237364204 403.21581192846736 617.2952189680653 250.69405864147498 578.7386423844982 308.0200827188677 515.4839743245706 371.4999595930508 491.8183272213383 413.287438310521 622.6707530783492 316.33688519413283 534.5108452562046 309.47179851187957 522.9539273009967 255.4418294723635 557.5823278900441 380.7589412577509 585.0613334793385 395.97582447571887 472.2180066187668 308.8814626999211 518.8889778372177 360.74366114790996 493.8118687998478 362.6322323363034 578.0695670055744 335.1298810690532 513.8893720359425 310.24799572031486 507.9840189559942 342.0636357041358 511.9691983178755 433.32291392121397 675.7286263759993 254.69276995199334 572.3688064848723 296.40519880924813 519.8931212097775 269.8714378487286 555.6922340587857 355.19663796430194 571.7836797905953 269.54964793508043 567.0759810621125 430.45389877775733 656.3888722334275 366.4156888842589 498.82303082414626 308.3354674481352 528.3730408209551 303.43937194560243 534.570446320384 318.90014953189433 553.8699787211111 350.8716507181097 492.79180216019336 403.75992124453023 608.4468321704538 295.57225846117365 549.9630010362645 349.9040653881149 567.0333339988574 333.4360732882592 526.4302920595895 351.33028951317937 580.2620346620979 246.99896048894223 575.83471902794 301.14830700080995 517.4820213731068 283.5507322902301 550.5298388359643 343.81846268231857 562.2862592844594 366.3741990540757 488.84076867567734 434.34297755461824 682.8985646408806 318.2814605567307 509.8192155965444 311.97752175155426 537.1643305536397 296.4903040648153 544.354883819365 426.4496840964757 647.2684160824358 354.7666488439289 505.6802210327972 309.5387352921867 510.86328868631307 283.8728828826406 542.592903119137 289.8650189950792 504.9281448529057 317.89589326175053 527.5658515163096 306.1086057434485 521.8086938957676 329.6596559232695 516.6753813432555 330.6297985364455 558.1070953104942 263.4027791143484 563.2284198871142 438.05780036425637 693.1005398787688 310.8215004972229 516.50597254996 336.77932314096944 553.4769399167076 261.3039266696209 550.9441630141906 426.0370451655811 654.5690936352065 362.3970601637742 503.1082173514908 368.31522775401424 572.3428990778962 343.34856333209393 503.72892885063214 312.59339695132974 547.6626702302217 298.41756953646865 536.565708144181 356.2754392824659 563.2408155995514 270.2272933247426 561.6547005538919 413.2515001666161 638.4261186941542 343.5462620608267 518.2778225394478 398.4796844863796 604.5994075704491 313.1604655779785 508.63415500874675 396.8204156329901 610.3923510680806 402.0715266009437 469.48602057129875 289.2862746849727 510.7233251045607 261.98432296375415 569.5469267095762 324.6272066716967 548.3219682068739 329.82062862912784 509.3034463384445 421.57319685344027 637.1901484790654 378.3929644692871 479.13270695275946 387.6640017057537 596.7900401589995 311.4309315386645 520.4332517037159 416.8860625646767 642.4588288283562 316.31264663887794 521.1821709017084 302.51219800286697 523.9264040112374 328.87876447371076 522.3704174967979 321.4010665743212 560.1112525855104 387.67784812841967 469.3899632723414 405.5401656717984 624.6253742419126 398.9262687919294 465.21414030873774 411.1513790127433 629.1191869460458 240.03652321004694 580.0813223047744 306.4462970876374 510.32739370108993 393.27736682552535 479.39432095339123 316.9843553225853 544.7807521281122 277.7862209198952 541.8472892387637 439.2681204795411 687.5665890099331 289.07720346368524 549.4810872655007 295.9661370891376 512.9113311856846 307.8292410188717 525.4386512216547 345.65555846328624 570.998490736917 310.43859136962254 530.4793600504529 339.38344471067956 562.624572991078 312.3509634393749 511.54132614486423 416.65172062036027 634.0731171507101 358.7070964331036 486.6316692748625 426.75419936798323 666.7373439301172 374.0592378338309 474.86132286423117 321.06195835043377 542.0006509254956 348.42707312551386 512.0498034358982 294.468668475706 503.39200917448386 355.50249864061385 510.5473626402039 370.52306573894515 579.9839120427682 335.67844469805755 519.3906987197759 423.06060682565345 659.221898120797 378.23628944702045 485.0164262237383 408.4783903585495 614.5583535528106 276.3769658946808 560.2751400761921 432.96628005836874 669.2313524129523 283.9424143742059 555.4467832019103 429.19998876978747 662.7111037654595 266.5930085453676 551.4547565047955 315.6004494792539 525.6676893234251 273.8228147412898 550.3728005415883 281.85157844093646 500.5583480503336 290.71390283259854 543.0347276507295 385.92944684835044 589.7062244299185 233.16919758980464 585.5401379898451 421.40682996283533 652.5693799762696 340.7598025500358 499.8759817563414 351.21321597638143 573.3835589400471 304.26456388533217 542.1029508848671 374.7131294064464 575.1552812431682 390.8762252598796 463.6158349983998 304.01671259494015 528.9717635237052 384.5189242105823 477.91132844168914 421.52312248059667 645.1160364690597 312.9298216103688 528.8228415921949 392.75626889129256 599.3945777240111 315.2729477717132 515.4625839483775 305.75207789232337 517.9209237489681 383.05543084221927 468.25557662676647
940.0078258106861 1.7790168100766612 7.171446030696752 3.978002520446076 1.9890012602228422 0.0014465366133141857 0.8895084050383557 0.8895084050383246 7.171446030696781 0.0036867908660451042 1.7790168100767076 0.0 3.55803362015312 0.003141172723647592 3.5580336201532914 0.8895084050382498 0.8895084050382913 0.0 1.7790168100765495 0.8895084050384199 0.8895084050383505 1.779016810076448 0.889508405038318 0.889508405038409 3.6675371088476534 0.0 0.889508405038377 0.001277811092319567 3.5580336201531875 3.9780025204459046 3.5580336201532097 0.8895084050381553 3.6675371088475353 7.171446030696625 7.171446030696449 3.6675371088474487 1.7790168100764987 0.006583510844009101 3.55803362015323 3.5580336201529694 0.889508405038284 3.9780025204459735 0.0 0.8895084050382073 1.7790168100767496 3.558033620153113 0.88950840503831 0.0 3.558033620153155 3.558033620153201 0.0036031525107402354 0.00327304027429359 7.17144603069661 3.5580336201532985 3.6675371088476334 2.4906235341072263 9.028034081945126E-4 7.1714460306967815 3.6675371088476694 7.171446030696681 0.8895084050382157 1.9890012602230427 0.8895084050382215 3.6675371088475694 0.8895084050383497 0.8895084050383245 3.9780025204460183 3.9780025204458846 1.7790168100764936 0.8895084050384562 0.0030368053410081298 0.0 0.0 3.558033620153063 7.171446030696658 3.5580336201531075 3.558033620153203 0.8895084050381898 3.5580336201532017 1.7790168100766393 0.0013778661585204792 3.558033620153136 0.8895084050382935 0.0 2.5159097005000106 3.6675371088475397 0.8895084050381963 3.5580336201532883 0.8895084050383124 3.5580336201531293 1.779016810076617 0.8895084050382756 3.667537108847603 0.8895084050382913 0.8895084050383647 1.779016810076518 3.9780025204460823 3.5580336201530005 0.0 3.5580336201531506 0.0 3.5580336201533007 0.0 7.1714460306967265 1.7790168100766066 0.0 0.8895084050382288 3.558033620153203 0.0 3.558033620153051 3.9780025204460903 3.667537108847595 3.558033620153111 3.558033620153031 3.558033620153172 3.5580336201532705 3.558033620153231 10.674100860459536 3.5580336201531324 3.6675371088474678 3.5580336201531817 3.6675371088475233 3.5580336201532288 7.116067240306384 7.171446030696619 0.889508405038301 7.1714460306966865 0.8895084050383424 0.8895084050382817 3.558033620153044 0.0 7.171446030696633 0.8895084050384039 3.6675371088474407 0.889508405038428 3.5580336201531075 0.0018456116293316229 3.5580336201532647 0.8895084050382716 0.007074070964292677 0.8895084050382921 335.3643045071944 557.2989406648537 317.82895849876655 534.4987087653067 406.4753138373067 622.2834688066596 244.0313152829552 582.1516158073842 308.02292753269006 515.4868984738325 367.98916762576965 496.7097199390613 416.0812600600364 629.0193736569021 310.4078772998753 537.3967925726579 313.93675147702714 527.3413574748156 255.43956822107177 560.9562220967478 382.756028019666 588.4718997520963 390.74921857800797 476.8271751050783 309.1703752933778 519.3954867746311 354.6921698490789 498.9387580754792 365.52518094530654 580.9370066077754 329.5846733744965 518.0359217025585 310.24799572031486 507.9840189559942 335.98723343483636 517.0202739342855 435.4172702473852 684.5996121197838 248.4838634034099 575.5655348659621 299.4319102500629 525.6255081911427 264.49389972795586 560.0425112015007 358.22940396910104 578.0343160147951 261.4356535719902 572.7160821875 434.18344084537335 664.4647864121213 361.8188673958786 502.6051816979607 308.8410131614587 529.1453065023248 298.26123850677425 538.3750734760442 321.6656281002378 557.9723623528926 348.12447750659754 497.0919238412618 407.72440813364375 614.1724323857919 288.60668678126524 552.265656795307 354.54425625833863 573.4575501221168 325.8291788192301 531.2281368352129 356.2873880588316 588.827907527189 239.39112099365877 580.4939656032103 304.55812397004553 521.1158774259006 277.3038172496435 553.7560656238444 348.6541116752677 567.9926205025761 362.6899303985932 492.1309110782864 436.6399347327097 691.6614445725419 317.6352084845313 511.3416180327015 314.9106191676197 543.5424666588684 292.9270237785148 546.2072888298559 432.2183356083126 657.0891405680701 349.1688138822985 509.82108903198986 309.5387352921867 510.86328868631307 278.2399662110283 546.613256457806 292.1408216273017 507.54572720611924 314.68015572475485 530.2195149401408 306.92054982140974 522.9072617363877 323.04348342294435 522.6267668641774 336.1966094870699 563.9121705388325 257.00119358606685 567.882773523266 440.1727257876422 699.8640796539026 310.81854227613275 516.5087886235643 341.50138425726044 559.8344949595979 255.6062317897215 554.8908065080966 429.5548690955485 662.7527204915476 356.5210130066753 508.39212897544064 370.4550099336727 576.8214974874383 340.1634727220247 507.5830242428948 316.96136060941865 551.8713303496635 291.60092011983147 540.6932934866306 359.11563325941034 567.2886383210638 263.8875660788395 566.3761751914841 415.7451608574769 643.8063627606598 338.29353710242196 521.2744806267444 401.5235382163044 608.5566447820945 313.15398120469945 508.63772365728715 401.44025327480955 615.7400728506012 398.88149339174305 471.9545965849077 293.43210277556295 515.0171110391911 253.51207526738673 574.6792759956732 329.52155754280005 556.9412623279075 324.14358661806136 514.8225242421133 426.0621012642791 644.8941066756428 372.5561553465708 484.48438055669914 391.7326759658905 602.445138429072 309.8315143259614 522.2960787855077 421.80757027618085 648.8257456754807 314.2523342960733 522.5729659645629 304.80400247900417 527.3798262178268 322.3915954047238 528.4817990810153 327.35413705623074 566.8521735147332 384.03771624758923 474.0885232701251 410.3522182011872 632.1409403861184 394.8618857135183 467.55195196936273 415.4773214838312 636.8914510967445 234.04200218067226 585.2950799092129 306.37108303970666 511.05178806715014 386.4397255711026 483.82644579419224 321.48981094360215 550.0739347007999 272.7895376098539 545.0685848785469 441.3659990430241 693.6818750186832 282.5127418836819 553.9138112487935 299.6029861249646 519.4446984747974 307.3176701976896 525.8541334127593 347.7585461141557 574.3440047034296 308.6738905584128 532.3156362421624 343.4054607631799 567.0815002998535 312.13013359388174 512.0477753685363 421.15822063543305 641.2093308299985 355.4978243842864 490.4430331778863 429.7780550552307 675.7085441029033 371.81715504414456 476.8393109952164 324.7405872805731 546.0711750517008 343.4777888624753 516.1663186109029 299.63444488162133 509.39902449797336 349.51170543347223 515.7242954278598 375.02046761138183 584.2025579662375 329.4489279857495 525.0251715516863 426.34984609423617 666.4152986842438 373.5825968788517 490.13276677367617 412.2552265361975 622.6242121330832 270.39442612754164 563.8382874461188 435.28246091804317 679.0942928482945 277.947519273776 560.6314199400034 431.3508569757862 671.0125367759232 260.66043647626014 555.9031593168 318.6161339316718 530.260182688237 268.0011434302271 554.152128170547 286.62907076966394 504.3660931923602 285.1641073120216 547.9685320484394 389.4758010590518 593.3693842379649 226.80938415067357 588.6198335807956 421.85775641471884 655.6657323103116 337.9545605926201 503.4150426617533 354.6136865133582 581.1679361521069 300.556072782573 543.7783391077998 376.2999665442732 578.8113106992972 387.9267121139738 467.6180390201856 306.0817866082182 533.5660555739971 380.42364906642524 482.2022134822486 427.31207782747595 654.3709705293259 311.79729613668377 529.4477083432132 396.6312150827047 606.2865793873746 313.9237440955147 517.1787663344095 306.3308841342731 518.5372578453735 378.1943308035822 473.17936972212283
950.0078258106861 0.8895084050382032 0.0 3.5580336201530334 7.1714460306967425 0.0017868918081105814 3.558033620153118 0.8895084050382992 0.0 5.337050430229868 3.6675371088475144 0.0 3.5580336201532217 0.00220602204749901 0.8895084050382767 3.558033620153199 0.8895084050384509 0.0014109642474486532 3.558033620153186 0.8895084050383939 7.171446030696599 1.9890012602230351 0.8895084050384249 3.5580336201529965 3.6675371088475566 3.558033620153107 0.0 0.0018290174674323396 0.8895084050381533 3.6675371088474336 0.889508405038273 7.171446030696742 3.667537108847631 0.8895084050383077 7.171446030696699 1.7790168100764863 3.9780025204460565 0.003296526119268508 3.558033620153152 3.5580336201530853 0.8895084050383342 7.171446030696625 0.8895084050383957 3.55803362015317 1.9890012602228593 1.7790168100765484 3.558033620153184 0.0 0.8895084050383824 0.0 1.7790168100765038 0.0 1.9890012602229747 1.779016810076667 3.6675371088475157 7.171446030696687 9.772032428056352E-4 0.8895084050382001 3.6675371088475672 7.171446030696816 1.779016810076453 3.5580336201532172 3.5580336201530622 1.779016810076747 3.558033620153097 0.8895084050383456 0.8895084050380949 3.5580336201530987 3.558033620153072 7.1714460306968055 0.007139332583796634 3.558033620153176 0.8895084050382862 0.8895084050383356 1.779016810076479 3.9780025204460485 3.55803362015314 1.7790168100765664 0.8895084050384036 3.6675371088475477 0.0 7.171446030696536 1.7790168100767065 0.006496789198275354 10.674100860459374 0.0 1.779016810076614 3.558033620153088 0.8895084050382759 3.5580336201530316 1.7790168100765493 0.00490805767561294 7.171446030696663 7.1714460306965275 3.558033620153242 1.7790168100764678 1.779016810076616 0.8895084050383688 0.007855165097037918 3.6675371088476423 3.5580336201531817 3.667537108847667 0.0 1.7790168100766415 0.889508405038236 0.8895084050383902 3.558033620153073 3.9780025204459273 3.6675371088475837 1.7790168100765762 1.779016810076724 7.171446030696532 0.8895084050384643 0.8895084050381581 3.55803362015312 0.8895084050384322 3.5580336201533185 3.6675371088476716 1.7790168100766695 7.171446030696701 3.5580336201532266 7.171446030696555 3.558033620153173 1.779016810076467 7.1714460306967265 3.558033620153214 0.6226558835269287 3.558033620153216 0.8895084050382484 3.558033620153319 3.558033620153244 0.8895084050381956 3.558033620153105 1.779016810076685 0.8895084050381877 3.558033620153192 0.0011538229540210556 0.889508405038261 1.9890012602228848 0.0 0.8895084050382842 337.2644527643552 558.4451111443209 312.80804689513843 538.5090276682309 409.8807157841979 628.310803740454 235.90384431807854 585.9634915497687 308.02537064734986 515.4909510085033 365.5907570803683 499.92065976080505 420.3084111500939 634.6294890111433 301.91547713969726 543.3726687036138 316.92785265345645 531.070664422864 250.60277426970583 566.1236411341756 386.9106495173667 592.3776078709689 387.9876124069647 479.6405543439465 309.1744426507224 519.4016974952741 352.6445543547088 501.083306320169 370.1969440987847 588.5127444975456 325.3003091015685 520.6155087606231 310.2509858518279 507.98915727925237 329.9077262101343 522.0712819535169 438.8013118884432 692.8416155564408 239.44011788302586 579.8057891528408 301.3898675082265 529.6921512271051 260.21846778535473 563.3965861480176 364.66871384956744 584.5560491921708 253.2560221350676 576.5356083750523 436.95083530697667 672.4568850893872 356.69591351129213 507.2581719195994 308.84487457596117 529.1530999037736 295.6155712245278 539.7966959040803 327.8072761770651 563.4218948895983 345.1711693341442 499.72468474944543 411.14523071831087 620.1972122490533 281.0308056006124 556.9957680342178 358.5739821284023 579.681895248712 321.59038669288674 534.634679895039 361.4840482230579 593.8105392236656 231.52637384294516 583.8007033416002 304.8284014104571 521.3246718321993 268.8962805081503 559.0171736833026 351.87698207821927 571.8162145898756 359.12811538739993 494.09672604423474 440.66286341946653 700.6926086977867 317.2722397055577 513.2371911550395 318.18276677068314 548.4897970510098 287.0032867481101 550.6722347262424 434.57686294448575 664.7327836717873 343.76974493518804 514.1527332302144 309.5387352921867 510.86328868631307 272.8974904682944 549.3564082903604 296.5960885839175 512.8672724467219 309.56890178736603 535.8158733450919 307.0346520635957 523.2929649052742 317.82156849966896 525.6063921848233 340.5952048971619 568.1445082773826 250.33051693109047 572.1406274504138 442.5568078993415 708.5783974767086 310.8155893085018 516.5115660634895 345.06010393850147 564.6068348514832 249.86589041131475 560.4780989708055 432.55910071203124 670.0834093956006 352.2562222072573 512.5075912709783 373.43271665921105 581.9465126467446 335.0610726947263 512.2586790031511 322.4878425077595 555.3411657356953 286.57728821729523 543.8821532555098 361.4578977338709 571.6473363419906 258.0837518371264 570.1659410234407 418.1643497240709 649.2289309047973 330.0800608099831 526.8436465608788 405.63169012183556 614.204067970796 313.02476820999345 509.0585229301605 405.0611453116715 620.5314098970565 394.54407447762287 473.28306864017895 295.3444795532592 518.5158816552243 246.53945259077176 578.4630380034265 333.542353348805 561.4160454680037 320.46908010147763 518.1322419387494 429.3470497778141 652.0866755149922 371.1168118032658 485.842618585266 395.6200302937389 607.0845914191441 309.82956623342506 522.2976907495602 425.3010876956657 655.9192121166695 312.4767229391524 524.3131435610777 305.89325918636456 529.088922245399 315.0584225902882 534.3516858312237 332.60882972261277 570.5370486622297 381.0625039453967 478.1179015168867 413.0277239917667 637.4313172378344 390.3776703812392 470.77849182378975 417.9133088660124 641.1956279661085 225.8706259701991 589.0116578379143 306.5120017958619 512.9476658674816 379.21969800535754 489.20985158389095 327.7790010463676 556.5904706040674 265.4806083554329 550.136043802567 444.93481205026967 702.9280784110464 275.32114334263207 558.3178473028237 300.9683953597359 523.9312633306877 306.7550376763567 526.2509652610205 351.7586804905099 580.0185607608043 302.9754818658481 536.0009273624854 346.5172291484225 572.1286605651876 312.13013359388174 512.0477753685363 424.46469802361696 648.3926574561924 352.9201576711825 493.47080929914216 432.75601839182394 683.0500929491399 366.1021855446656 482.30950705983525 327.29652466843515 549.1104205700402 337.276988644685 521.0748485144027 300.9849736695057 512.0803834919573 344.37818375866016 518.8545670985119 379.7959485793139 591.7228360740193 323.1521564681072 528.2444088633769 428.2677665017891 672.0761066870765 369.81469316026113 493.3285474918457 415.4055913556053 627.6678739449417 264.62466292631956 567.6572271578721 438.4574347325816 686.888070327635 271.7399899108368 563.0183732030558 433.681673258266 677.5693661373375 256.11509414307244 559.7443988532432 323.6504468700472 541.7525011040391 263.84524613086336 556.8391944637698 290.91254139278226 511.0436650749452 279.4695461165096 551.909197546556 392.0686304549732 597.5817043535984 218.69231002724112 592.0464502733206 424.2368980170124 662.2077380438701 332.96622274371964 506.70325350189023 358.7888083615635 586.7336298977654 294.39706017901995 546.3027669337047 379.89869130834177 584.155363715548 383.4157130634951 471.49300850626065 309.36999915571096 540.1608410988226 378.1072754502908 484.10175023291094 429.9249246770676 659.6971559953621 311.79501176345264 529.4503067407402 400.07762248581537 611.1615346416263 313.2135758128776 518.3874091573001 306.37059891380477 518.7836823953114 375.5807001503605 477.55415668984136
960.0078258106861 3.5580336201530787 1.989001260223169 0.889508405038256 3.667537108847627 0.0022528922093937804 3.6675371088475255 7.171446030696624 3.558033620153275 0.5533200413629787 0.0 0.0 3.5580336201530804 0.0 0.8895084050382017 7.171446030696582 10.674100860459658 0.8895084050383055 2.5159097005000266 3.5580336201530196 0.8895084050382149 3.6675371088475606 7.171446030696594 3.978002520446068 1.9890012602230522 3.978002520446158 3.558033620153098 0.0020737732725530774 0.8895084050384011 7.171446030696774 3.558033620153149 0.8895084050383409 0.8895084050381364 3.5580336201531813 1.989001260223121 3.558033620152962 7.171446030696532 0.007102450190061649 1.9890012602231761 7.171446030696642 0.8895084050382597 0.889508405038214 1.7790168100764059 1.9890012602231135 3.5580336201532483 1.779016810076686 0.889508405038202 7.887104627472555E-4 3.5580336201530676 1.98900126022309 0.0 0.003578253081987522 0.0027723921382954444 3.558033620153007 10.674100860459463 3.978002520446143 0.0016780060935680458 3.5580336201532474 1.7790168100764863 3.5580336201531 1.7790168100766208 0.8895084050381393 0.8895084050380723 7.171446030696674 7.171446030696669 3.5580336201531195 3.5580336201530978 3.6675371088474327 0.8895084050384036 0.8895084050381881 0.8895084050382154 0.8895084050383577 3.55803362015326 3.558033620153288 10.674100860459546 0.889508405038261 0.889508405038269 3.6675371088475806 3.558033620153223 3.558033620153149 0.003311315232642287 3.558033620153152 0.0019678286066240522 2.81287255778452 3.6675371088474495 1.7790168100766508 3.5580336201531733 3.558033620153047 3.558033620153171 0.8895084050382015 3.667537108847627 0.8895084050382788 3.6675371088475326 3.5580336201532807 1.7790168100767532 3.6675371088477395 0.8895084050381536 2.812872557784537 0.6045993578337101 7.1714460306968295 3.558033620153142 3.6675371088473674 0.0038590714535652534 0.8895084050383006 3.6675371088476303 3.5580336201531306 3.6675371088474935 3.5580336201531084 0.8895084050382492 0.0031483220234344196 0.8895084050383048 3.5580336201532674 1.9890012602230172 3.5580336201533305 3.5580336201531177 3.558033620153154 3.55803362015321 3.5580336201531733 1.779016810076744 0.889508405038301 3.558033620153207 0.8895084050382881 0.889508405038185 1.9890012602229548 0.8895084050383399 3.667537108847408 2.4906235341072813 0.8895084050382255 0.8895084050382096 7.1714460306966155 7.171446030696729 0.889508405038348 3.5580336201530627 1.7790168100765662 0.8895084050383113 3.5580336201532905 0.001896949411295119 3.5580336201531804 0.0 0.0 3.5580336201530494 340.5598998985544 563.381673262528 306.1149407618952 543.763496084221 413.42680566685056 633.1702183388122 228.1644636736548 588.5214812244302 308.02775589726735 515.4949016223292 361.1130491297178 503.807751344679 423.8025648549517 641.7264843263617 296.50223125088746 547.6902405435138 318.8901307063075 534.8907089290485 247.16583304276602 569.8786347404119 390.0714252751195 595.1806493293626 382.2397670544648 485.06912152299293 309.20773315728457 519.5170467623961 349.0340059701964 504.4703845514508 372.530778512588 591.7438247018305 316.38861754841867 526.0798956311372 310.5935294190506 508.0603827646078 323.3487543812146 525.7255126759896 442.39436828564885 700.982487789687 232.10467390342063 583.0092898224258 304.9712106278015 536.8087682187054 255.31742560221903 567.6143199478136 367.0964743597575 588.8721256202579 246.2241817094956 580.2361442331697 439.6891570412318 679.9099855532432 351.2582976556 511.539767680558 308.84738423724735 529.1576036133536 287.6139936547052 544.7758132265982 333.30494618160986 570.4853049507813 340.9221614878305 503.8896491489723 414.04081397262536 624.272024049953 276.42951706071165 559.0494848058382 362.4791177737967 586.5617465671172 320.94533060197494 537.0170424984192 366.3423999918156 599.0272214665666 221.80106010801322 588.7613831853001 305.52643053028464 522.3463300050983 263.21575465981834 562.97001053774 356.56690569554416 579.380845404786 356.72556499029105 495.85860075647366 442.07826135683575 707.1319682065086 314.47977182961716 516.0778727889286 322.24290387339124 553.5284997498024 282.1957253082609 554.1370806399618 437.9800651932777 672.9649919958359 337.95272065535806 517.9637480793992 309.65762771603374 511.1117989847921 269.9440094928694 552.0287664313468 299.97633808211225 517.734512886508 301.29613059327454 542.0956102844854 307.5425361553112 524.4981058162498 314.7339264619682 529.9125490930525 343.8395830055327 573.1102554999695 242.47707357672905 576.3688044563271 445.0662047707727 716.5769009432114 310.81267016172296 516.5135252104442 349.1176683080634 571.3946567089803 244.39055504377092 564.7517324055333 435.3138930588359 676.9832047364823 344.64305650459636 517.2604520559421 375.36147273848394 585.3977763282279 332.3048379963128 515.1366693510444 327.61588963482836 560.3046964639452 279.9553000645296 546.5299359973268 364.8394864563832 576.543834814324 251.2359210357557 574.1541753204511 422.5059357226512 657.009029267302 327.92134783543327 530.4812759093412 408.7708984399175 619.2595908588193 313.48907401136506 509.65207920397495 407.09302356748873 626.1476265713349 390.2815300535844 477.412709700516 299.43115386903924 525.3008604398151 237.682585648007 582.9623050226992 337.37074386883245 567.181032965788 317.6037583386662 520.0883819043272 432.7739242943808 660.3097881767438 366.94372286434145 488.6016482698138 400.30317260664367 610.2244654679604 309.67798140329734 522.4444032771239 429.18505807353915 662.822899865115 309.84000844404005 526.3674478443769 308.7624271376569 534.3132655330318 309.36415388620645 537.4885404407494 338.5135472981175 575.0668406986516 379.2353011485541 480.4923374525404 415.87411013608795 643.7414642824489 385.42244299268964 474.2044367266927 421.1861935686212 647.2959175011105 216.39890369095798 594.3714114743692 305.495827288036 513.6500132104478 373.44188734384636 493.14958794519646 332.36449464291894 563.0532917482885 262.0994989011911 552.2098866985889 447.83208446852825 712.4928968599402 269.4820634948887 561.1930110335685 304.5872710603816 530.1372773069919 305.61490164965664 527.3605126093286 357.4616453615578 586.9982220719003 294.47778797853795 541.1393506347322 351.83422717086404 578.7483707923294 311.30954699536795 513.5761260128343 427.92980703383324 654.950070698989 348.5846133166019 497.52348427175514 435.6847209637637 691.5073461011215 363.1522882078043 484.95394752409044 331.61101166530995 554.5769311523071 329.87780857164523 524.4950470161027 304.0704082637497 516.9334069248187 336.8800719505403 523.7277261722442 383.63410032619186 594.1482157653836 318.72277612250576 531.405524767659 429.73099353706806 676.8542072755962 365.3666324112033 497.25327361005384 419.151941754339 635.741174716993 257.13144580727055 572.4545553926145 440.3104912581262 693.6673624150939 266.06116638867377 566.9813409587417 435.7558149842384 684.7918768324031 250.8039507814375 564.244712436293 325.17235392591886 545.4697659788327 258.2912568374561 560.9714413566459 295.6756193566059 519.1606568582861 276.11235881618944 554.0047679674599 395.6989684657538 602.3779650935081 210.25655181182407 596.0811431919586 427.25628473159793 667.3357118958202 328.6639033905803 509.25006564729466 361.97772124991667 592.8730675663563 289.7599871003941 549.9991523917929 382.2283054840617 587.3838734668757 378.98282233270925 473.9967294728031 316.76885672683716 550.6967430162858 375.72524730388085 486.63848233386585 434.01772327874295 667.0509480210195 311.7925499391127 529.4527761030752 404.1425461221824 617.9647930434775 312.1389628716541 519.5512387781791 306.37059891380477 518.7836823953114 372.4465309261748 481.4372963073123
970.0078258106861 3.5580336201529743 3.6675371088476245 0.8895084050381769 3.6675371088475552 0.002291382079824071 0.8895084050383716 1.779016810076458 0.0 3.5580336201532123 0.8895084050381761 0.0 7.171446030696629 0.0 0.8895084050383792 7.171446030696689 1.2196988072512451 0.030217707516435342 3.5580336201531306 0.8895084050382103 3.558033620153189 0.018115202641696734 3.5580336201531684 3.5580336201530613 3.9780025204460046 10.67410086045938 3.558033620153214 2.812872557784721 3.5580336201531066 0.0 0.8895084050382948 3.6675371088474376 3.558033620153144 3.5580336201532137 7.171446030696574 3.978002520445948 3.55803362015325 0.0023777524452715543 3.9780025204461213 3.5580336201531897 0.8895084050382008 0.8895084050382881 0.0035454643718176183 0.8895084050382371 3.558033620153204 3.6675371088474384 0.8895084050384758 0.004070756805979639 3.558033620153032 3.5580336201532434 3.5580336201531804 1.186346460406397 0.767437264266916 0.8895084050382205 3.558033620153075 2.4906235341072196 0.001852506879268718 3.558033620153117 7.171446030696659 3.978002520446242 3.5580336201532834 0.8895084050383469 0.8895084050384074 3.6675371088476956 0.0 3.5580336201531932 3.5580336201531373 0.8895084050383192 7.171446030696752 0.8895084050384163 0.8895084050383577 3.5580336201531906 3.558033620153217 0.00402491397414638 3.558033620153186 0.8895084050382505 1.9890012602230775 3.6675371088475655 1.7790168100765613 3.6675371088473985 0.002839414295062009 3.558033620153329 5.337050430229577 3.5580336201530725 0.001554788340289757 1.7790168100766652 7.171446030696648 0.8895084050381828 0.8895084050382588 3.558033620153032 1.7790168100765853 0.004969098325410425 3.5580336201532057 0.8895084050383102 1.7790168100765265 3.667537108847723 7.1714460306966 0.0 0.0037536853068232475 1.77901681007659 3.5580336201532297 0.8895084050383195 0.003410821872335172 0.8895084050383593 0.8895084050382686 3.5580336201530574 3.6675371088476165 0.8895084050381707 3.558033620153158 0.0027007711371373 0.889508405038269 3.6675371088475583 1.7790168100766566 3.5580336201531524 3.5580336201531377 0.8895084050382532 3.5580336201531506 3.978002520446091 1.779016810076461 3.5580336201530054 7.171446030696517 3.558033620152977 7.1714460306965755 1.7790168100765635 7.171446030696778 0.8895084050383761 3.5580336201532434 3.558033620153203 0.8895084050384005 7.171446030696621 3.558033620153084 0.8895084050383164 3.5580336201531737 0.0 5.410668396552281 7.17144603069652 5.3370504302296435 0.8895084050382788 0.0 0.9113130899240848 3.5580336201531253 343.2633949917041 567.5258896462535 301.309836905311 547.2338579373725 416.03241291882233 638.4993049941528 221.04922788717005 592.9849897210789 308.02995228682477 515.4993945159031 354.86493187252137 508.663631891123 424.84527965103575 646.710024246323 290.3097251926216 550.9187779600296 322.670584744587 542.7086293999556 241.217835499051 573.4194847403693 393.6433982882362 598.9064627072361 376.29772458369126 490.28912948440313 309.3249178924217 519.9699395741754 345.35015218448393 507.7757617096064 378.2645389085474 601.009016828932 314.6823926064443 527.2547859350034 310.5577650503753 508.31046408993046 318.495194936481 529.1453157867227 444.6908176378524 707.5509332381594 223.34339224296068 587.6446923030409 305.18067656433476 540.7921463920334 248.42310301728372 571.5235882200867 372.4398709963968 597.2157448350833 240.38338369813198 583.9479552385179 443.06100887622216 688.1557927583557 346.17518755160876 516.256224541524 310.8709423504301 534.6157941564438 280.8830017263003 549.8074000694185 337.0110685122639 576.3298294700708 338.7644125634927 505.93354771046216 417.9662796706911 632.2531134632197 267.28644833618023 564.0550038168661 367.11267785607936 592.4781556851342 311.25946305916966 545.5140555520269 372.2165539951412 604.8699656289768 215.54340583906688 591.805010396251 305.9560144167016 522.7596053525117 254.98648816355288 566.6505560545112 361.7435963631293 586.6787564972097 355.1716966667359 495.53488812992373 445.2215855929515 715.4861033770045 313.75023635780514 516.9605765046416 327.30217746432527 558.5514470887898 275.82975243654647 558.8299490285332 440.9324863411179 680.3159553465928 332.75030356000843 521.7421512280563 309.6612218125213 511.1170183465971 264.0801026570537 556.5824652998677 302.2305916554891 523.3623651704869 296.2178802940424 545.1757166237777 308.117019810612 526.0414702957678 314.3415983288637 530.2075458642989 348.19994252582086 579.7338900533799 234.83667022889568 580.9277739547094 448.8580846373383 726.154694909586 310.8084478886534 516.5188140255525 352.04534923629865 576.5504219270638 236.62112262009717 570.9392453948975 437.3820493522992 684.2075408124683 339.84717991806906 520.7563451951952 377.9139122622886 589.6313153359782 327.63411649325417 518.7951274912973 331.64421991891857 567.1075002517736 276.9654944830911 547.4131972494383 367.4321565443569 580.7567201163736 244.45959326020312 578.2328785221746 425.9671637563223 661.9259257169166 322.5836341436239 534.8855398158715 412.9560886910189 625.4606877080146 313.199253199532 510.0938448328594 411.6910349309231 632.6947294728353 383.91725091346416 482.17756368156006 300.2732318167061 527.4501605566309 231.56668858404907 586.2336575528986 342.0513274087054 574.17698982103 315.55885919796344 522.2873628319032 436.14706572043303 669.6510067892834 364.0497691962107 492.06223132537554 401.853269402405 614.9749296921987 308.9092183341692 522.8984665051187 430.66529574141714 666.4963119658602 305.81619902399734 529.658443441735 314.2413239068783 540.643036508886 307.86693373738734 539.5764830456833 343.73915561556623 581.1839781442517 375.6093617493763 485.3461652895814 418.2677206887228 646.9725600504887 380.1420498837748 478.6782991756044 425.26525917629084 655.20338957392 209.49513574246382 596.3671149121192 305.6163182331985 513.8118226304523 367.13497970314864 497.9458269638695 336.074469370573 568.3216492041171 257.85590335962775 558.2995075059075 450.9716010031695 720.8478249155007 260.03059472392465 565.7204374293639 307.80084553184435 536.8884051303654 302.53186961724913 529.3533394312893 362.34363993663027 593.345984292285 288.0482216746916 545.7360965694352 356.23657809711597 583.0779594579901 311.2979926745396 513.5847612297675 430.08395114167826 658.3019108282406 346.31955081388054 500.99343941491315 436.6765914958325 697.0539313832688 358.85209300905683 490.57267127962484 332.4997408583971 557.4985909708827 324.01241462924787 529.0266923598813 304.07547117686266 516.9397693305355 331.5782655229935 528.1836520605583 388.3464860579375 599.4993483733506 314.6879452606122 535.0705051552525 433.12940562232234 683.9932873332743 359.9133695281736 501.50595898087914 421.540672179791 640.076623670985 251.3367605003054 576.233496671443 442.1606505686145 700.4474646435813 260.0230251747412 570.3978426210722 436.96105040929 690.7844280691929 242.11180341299462 569.0068359921316 328.26365009839117 550.5291891018088 249.3561242178984 565.3681188245391 297.6055868225282 522.0418501085323 268.3474674205131 559.2808769600753 399.03844802989147 606.226875909854 201.579487948239 599.7117924840209 430.4586323219848 673.472966691536 323.36257514801565 513.703755252758 367.51788159023425 599.9864080420424 282.86386670576087 553.9461002232829 384.9835813701554 592.0736444851974 373.0745930532607 479.24983926603073 322.084402819735 553.2231496730291 371.04681051388246 491.0476783929298 436.0531200964599 676.4835247430262 310.18118469549825 530.9318434169406 406.7855445366732 622.7151564509286 312.1389628716541 519.5512387781791 306.5687600880682 518.9412047333059 368.3070259927573 485.7080788014091
980.0078258106861 3.5580336201531373 3.6675371088474034 0.8895084050383496 3.6675371088475592 0.002394604797687747 0.889508405038166 3.55803362015335 3.6675371088475375 3.558033620153159 3.55803362015317 3.5580336201533536 3.558033620153077 0.0 0.8895084050382925 7.17144603069662 0.001261330530082994 0.02005710916172521 0.00647612636620481 0.8895084050383936 3.558033620153143 3.6675371088476965 7.171446030696612 7.171446030696683 3.6675371088475783 3.6675371088476765 3.6675371088475477 0.002821607849275664 3.9780025204460485 7.171446030696669 3.5580336201532163 3.5580336201531857 3.558033620153155 0.0 1.779016810076638 3.6675371088474953 3.6675371088475077 0.0 3.558033620153128 7.17144603069649 3.558033620153168 0.8895084050382592 0.004874667316243075 3.5580336201532523 3.55803362015331 3.6675371088476916 3.5580336201531764 0.013102674785299306 3.558033620153324 1.989001260223038 0.8895084050382648 7.872093916891388E-4 0.008580152037038132 3.55803362015308 3.5580336201531493 0.0 0.003697771900212203 3.558033620153008 1.7790168100766302 7.171446030696774 3.5580336201531972 0.8895084050382289 0.8895084050383797 7.171446030696489 3.9780025204460134 3.5580336201531653 3.5580336201531346 0.8895084050382601 1.989001260223205 3.558033620153185 1.045883148135078 7.171446030696435 7.116067240306265 1.989001260223088 1.779016810076512 3.5580336201530356 1.7790168100764059 0.8895084050384529 0.8895084050382052 3.5580336201531155 0.0 1.9890012602230822 7.1714460306966235 0.0 3.5580336201531444 3.6675371088476356 3.5580336201531826 3.6675371088476103 3.5580336201532603 3.558033620153248 3.6675371088475295 0.5393064528464783 3.6675371088476103 3.558033620153129 3.5580336201530782 1.779016810076614 3.55803362015313 0.8895084050382497 3.978002520446159 7.171446030696789 3.558033620153239 3.5580336201532075 0.00725378363552982 3.5580336201530414 1.9890012602231015 3.5580336201533513 7.1714460306967664 7.1714460306966314 1.9890012602229812 0.031701759940985244 7.171446030696796 0.0 0.009652537668055378 0.8895084050383433 0.8895084050382155 3.6675371088473625 7.171446030696701 3.6675371088475885 3.6675371088475486 3.5580336201530356 0.8895084050383296 7.171446030696838 0.889508405038335 1.77901681007651 3.558033620153278 0.0 0.6226558835267981 0.889508405038331 0.8895084050381625 1.7790168100764387 7.171446030696649 0.8895084050383134 7.17144603069663 3.558033620153006 7.171446030696623 7.1714460306967585 1.9890012602230291 3.558033620153268 0.0 0.006399679469970598 3.558033620153108 344.9286574907146 569.990521213482 296.11906606655685 548.433095536056 418.3723619857464 644.5033373463393 211.9955648629388 597.0885280420376 308.03283948353624 515.5049126808786 349.1394934462439 512.5680474947022 427.152493072951 653.8247609224062 282.4101897087144 555.993195023611 326.1178848028557 547.5619171366333 232.2751521563816 579.6158928771919 395.8499265349787 604.4344179487013 369.465739916846 495.9945473584494 309.32731390586656 519.9797414344478 342.864281398604 509.40295743110147 382.7174734867515 607.6165419573026 312.738447509093 528.7734468135484 310.5570570295947 508.32753956112117 315.28293520274576 530.2995480941943 445.62041068756366 713.6581167899002 216.4198809313408 591.4630807296562 309.3929752974099 548.6511330471284 242.01761603128028 576.1833094553709 377.1641866011035 604.2285049411843 232.30462545714423 587.7922904107605 445.96586812505996 696.6219330701063 341.02758422744716 519.2914363193939 311.31305511420504 535.4743480039281 274.1861269221453 552.2281787321778 341.7703017320722 583.852651107799 334.6693617538684 510.3274717161463 419.8756254293022 637.9179760182008 260.24182970642124 569.5325304488438 370.50174294393753 596.2808632725082 303.4052224321773 553.2188930736326 379.3397988707048 612.3338077345338 205.6234540480882 596.320257886104 306.0148016701859 523.3109050793133 248.4854508185287 570.2539879864862 365.62129385964226 591.8916722843716 348.38100668288644 501.2835762432038 447.9059856548498 721.86359739866 313.7386011858065 516.9699203218239 332.39095114214257 565.8753173915374 270.60145758711883 563.4682229158718 444.0922587930524 687.5677392597988 326.43349157698265 526.4998496695359 309.6651560039891 511.1264596888923 258.85725108600644 558.5271549812207 306.42639725985487 530.4213859538627 288.75077046238346 549.1416171340188 310.1153579678639 530.1140267018042 311.7523188430452 532.5628780860177 352.6647410891895 587.426334377251 228.227898746097 585.2644789998099 449.64137248703867 729.9226535297076 310.80319683189765 516.5247321044671 355.56598702923026 582.5098128179272 228.36851037388516 576.408937164001 441.1842497638446 692.2476715863136 334.381074929114 523.3748807441374 380.4020697503529 593.9056913178852 322.9464770934504 520.7828298472455 335.9679289127278 573.7363249735698 269.30137168041097 551.94274694638 370.70029801374744 587.9714099316407 237.50603699653715 582.0286550673366 428.47721785896914 669.4886020206092 318.5031705496011 538.5199477943348 415.3097701326983 632.0102949902861 312.56670050068414 510.56796593797003 415.12818317112294 639.8166554454963 377.79216557299975 486.44636339009645 301.7823160206528 529.465356484083 224.01212231519384 589.9586846949521 347.28662290134463 582.5760426519972 312.9295534104395 524.5452415333826 439.071600711026 678.1090071748267 358.0052448030278 496.3723392918984 405.7910632703232 619.6499183192872 308.9079658663142 522.8996760927702 434.273564301682 674.0831259182057 300.40642581394377 534.5940109057619 318.9674947969157 547.0357705391501 302.24584960073446 543.2494141311922 348.4706904764069 589.8570810873506 370.3073637226871 489.79606329719724 421.0290572743668 653.3195454126429 374.19355907544707 483.14040550600674 427.5744935451088 661.7663913987369 202.19219985401952 601.5006644020303 305.3517853068159 514.3081924036419 362.70306820378954 501.8861762539159 341.5571956159355 576.0048745703341 251.08186054622567 562.3923159796753 453.17765244633796 727.4492216197884 255.3443237215439 567.5787247848191 310.0694720057849 541.9999698188451 293.5777229894292 535.0927884506877 366.45362902479536 600.1154239535124 280.56074942586315 550.5449662583742 360.5585977627406 587.4870445680777 311.2863727720858 513.5953178866699 433.03924708937205 665.6517129638987 341.42253786002055 505.16153160307874 440.88647010223576 705.9943948901401 351.6236527891115 495.77153491033084 338.2168553438721 564.4748686115106 318.71407042925455 532.6602726193604 304.1328879006402 517.3299029252175 324.8006098874008 532.3334662115885 392.98787836254667 608.2270320696252 313.4164861339006 537.5318073565097 435.2324347885383 689.012112118224 354.67337097860064 506.0280160890287 423.6623668636592 645.6367927954303 246.1957439743265 579.1922703786935 446.38956853117105 707.7404031718124 253.23834364862134 574.4589393979577 440.1117547920413 698.03930058927 234.77702720921675 572.2043698009755 332.54453676962777 558.3287700432694 242.4342044867881 569.2244341492149 301.8148256342246 524.0342362249605 264.34870358853203 562.2034961131529 400.790487584505 609.7724443707817 194.89080850850183 602.0153785348709 432.5574520899162 679.0412794450581 319.3188864965345 517.375928990322 371.7708360865162 602.7802595412013 275.7478726183146 558.4171025341893 387.69622751546865 597.342359751582 367.6231859053308 483.5192055741478 327.2595830716452 557.6254215209145 362.9564192309567 496.7761390067984 438.96015924084026 685.496748015385 300.18385593678414 539.0326299090555 410.05786922713287 626.6181041710361 312.1389628716541 519.5512387781791 306.578130748121 518.9566494679588 361.9078668283467 490.3830987907357
990.0078258106861 3.558033620152964 3.9780025204461684 3.558033620153104 7.171446030696689 0.0022045327855015357 3.558033620153349 3.9780025204460685 3.5580336201531395 0.8895084050383112 0.8895084050382979 3.5580336201531093 3.6675371088476676 0.0 3.558033620153038 3.558033620153069 0.054594985092847687 0.0 1.7790168100766 3.558033620152974 1.779016810076444 7.171446030696557 3.558033620153257 0.8895084050383165 0.8895084050381933 3.6675371088477062 3.5580336201530507 0.009510861260701543 3.5580336201533114 3.5580336201532465 3.558033620153102 1.7790168100765653 3.55803362015311 0.8895084050381956 3.6675371088476534 0.0 0.889508405038294 0.2785235618062315 0.8895084050381519 3.558033620153132 3.558033620153176 7.171446030696532 0.00462307589706767 3.558033620153141 3.978002520445912 3.6675371088475694 3.5580336201532714 0.005127206082099809 7.171446030696761 0.01549333946661324 0.8895084050383663 0.274935146432666 0.3747093724837952 0.8895084050383207 0.8895084050382441 3.558033620153272 0.003355311239887495 0.889508405038295 1.7790168100767443 0.8895084050383634 0.8895084050383885 3.558033620152947 0.0 3.6675371088477173 0.0 3.5580336201532563 0.8895084050383246 7.1714460306965 3.6675371088474877 0.8895084050382894 0.006104734903052246 0.8895084050382883 7.116067240306344 3.9780025204461733 0.0 7.171446030696691 1.9890012602230451 0.889508405038389 7.1714460306966545 1.779016810076743 2.812872557784694 3.5580336201530955 3.558033620153208 0.8895084050383236 0.8895084050382042 3.667537108847384 3.558033620153128 0.8895084050383999 3.5580336201531684 3.558033620153112 1.7790168100766786 0.007789165065676507 3.6675371088475957 5.410668396552204 3.5580336201530347 3.558033620153139 3.5580336201531044 0.8895084050383709 3.6675371088476956 3.558033620153026 0.889508405038244 3.558033620153296 0.010650956333206413 3.5580336201532283 0.8895084050383434 7.1714460306964956 7.171446030696706 0.8895084050382144 0.0017637339932086045 0.0 1.9890012602231482 0.0 7.171446030696636 2.515909700500087 0.8895084050383074 3.6675371088476005 7.171446030696561 3.9780025204460445 3.558033620153118 0.8895084050383053 7.171446030696607 3.5580336201530094 3.5580336201530915 3.6675371088473794 3.558033620153281 0.8895084050382445 7.171446030696594 3.9780025204459633 3.558033620153052 0.0 3.5580336201531373 0.8895084050383548 1.7790168100765495 3.6675371088475446 0.8895084050382711 1.9890012602230456 0.8895084050383901 7.171446030696574 0.0 0.004851107518854029 5.410668396552206 347.5554793255458 576.4380700111507 289.53599105321365 551.943498881308 422.6689154677355 651.2145719893982 205.08413939156645 600.9269066056517 308.0362733446475 515.511956874328 342.2271624282102 516.5434433231424 429.2487057081606 659.3942474573489 275.3785426004868 559.6952252917505 327.9064407560681 552.2234714212556 227.20445300532808 581.7073535446757 399.56836149613684 609.7648942883247 363.27947527409174 500.9112898189436 309.32978855331464 519.9902052427115 337.2012253019963 513.3821219204827 386.8872633108814 613.2722239029309 312.6631593592368 528.819727519281 311.84478653226756 508.0874716059181 314.5033107952828 531.762578374015 449.2976542821596 722.301769544389 208.44894510724887 595.4290820776548 315.17971497318547 556.7128893915238 234.72420977317125 579.411476668641 381.35745778848775 612.0756335519603 226.42417254067234 589.4645544814834 448.4282972217883 703.105883096461 335.08965566901475 521.253380248114 312.00301972651476 537.1361206690408 267.98386255881917 555.3705840798398 345.8655533913084 588.387957234958 327.37418547630796 515.4248839507286 423.08179260024514 644.053415900457 255.65630274076452 571.5212575391224 374.28578074539547 601.5620747718331 297.79444121915196 553.7571106543712 384.1731386824774 618.7657867271398 199.90437631106116 599.2344346285272 308.26260453069216 528.9022049865916 243.1851660216399 572.946627151556 369.2190373109785 598.375933667558 340.83690843130654 507.684613909041 449.4022642071453 729.3280273173466 313.7295384697297 516.9762049378401 336.3753628592425 571.5814556457034 263.23654075697976 568.4638235047114 446.53859532088495 695.1533433853832 320.986695032164 530.7679227356746 309.6685894369328 511.1336334818957 254.94211017136124 561.5834167773318 309.1747904228936 536.4408515321825 282.70304100688134 553.4386253510229 310.4848030738882 530.792148049049 310.2902830118485 533.722664440608 355.8565783615738 592.4541697241183 218.93764526056668 589.9113907325074 452.9416687034043 740.0352863589925 310.79906900587355 516.5291734914645 357.8373407534929 585.77652424989 220.22162710198938 583.0757190007015 443.21182205553964 698.9357604209224 328.50662042225474 527.0768381592807 382.1780845264235 597.4356672577245 318.8868528544039 525.2811920084454 341.47137357928955 579.7475771376654 261.55130603645694 556.346972371696 372.731437751339 592.4861770110163 234.36821685929337 584.4727941396811 430.33727044237264 675.1684247786487 313.9547818789198 542.3419029862483 417.88280671042884 636.8052266751095 312.70742891278627 511.00458110524596 416.81300466165146 644.4880644457601 371.9663674587189 490.25178723883806 304.33987234766516 536.5757345395064 216.37801521420224 595.5707103588662 350.98489312431593 589.5646986313245 310.4912641380579 526.2301353249098 441.78907231928713 684.4775139040121 351.3889624564187 501.55143455410337 408.38504619535036 623.8861189506316 304.8940753877045 525.4754757541665 435.88964005742685 680.4229627477271 292.01608190716274 540.7077945039259 322.71337597346155 550.5880326940392 298.06436392934427 547.6331127502767 351.6765855952926 595.9873108644401 363.91489276042535 495.2509169844829 423.1300948991245 658.8865199488479 367.08821804823657 489.2882944156316 429.6646428149818 667.3383326081328 193.568642516936 604.1360113552001 305.2544347584275 514.608452640238 355.16970371593004 507.4862007051908 345.9302174860488 582.0653466332262 245.85726450336043 567.0890117557701 454.22899947368614 734.5719239929585 249.77922813426514 569.8682776916692 313.18508634473744 549.3328102329248 284.8690162190082 541.6307474875695 371.33855089528197 605.3900381849428 275.5994266154725 553.7931079621965 363.9158805351785 591.3080937669132 311.2736077167671 513.6030321987444 435.95876170277137 673.563647592813 334.5184325829009 509.14984389708167 443.4963632755112 714.0404770650077 344.11295928438614 502.2089398466084 341.2509003914091 568.4463024668165 314.79139870330204 536.2224520285126 303.9794826915411 518.0353604738386 320.17203172529827 536.9074012905824 397.1219261226788 615.0068022831172 305.9893098285964 544.1712000105224 438.3706209771538 695.7261671219803 348.7332550715554 509.6522216524336 427.70822410021594 653.5622187602793 240.85422684318416 581.8469593527291 448.56066416054375 715.4453234582188 247.66141521639605 576.7241465137618 444.4942415956141 706.9020743538111 226.40946342839337 577.4587727980505 335.68441721983805 564.5012964218553 234.71312988602386 573.6435982958395 304.3910924271301 531.143785047203 260.6092259540422 563.6860084784846 404.03208469995315 615.8875955668921 186.21169174273606 604.524584544428 434.3828038278308 685.8267185729279 316.99644139876324 520.900563265849 376.2208855975376 608.2874706748439 268.42365485727765 562.570538634983 390.350283288453 602.6472129942218 362.3878821939964 488.0637564391085 328.43096875929524 559.2336382436417 357.83822200758215 501.45074861268773 441.4591983992399 691.4208811178586 291.660366608912 545.8080457598492 413.07016872332923 631.749125185365 312.1389628716541 519.5512387781791 306.58962270445227 518.9755826165206 359.18797868796275 494.10565713419476
1000.0078258106861 3.5580336201532505 3.5580336201532963 0.889508405038252 3.667537108847595 0.0021827200580988248 3.558033620153206 0.8895084050381967 0.8895084050381475 0.8895084050384133 0.0 3.558033620153163 7.171446030696654 0.2211444986129783 3.5580336201532825 3.558033620152992 0.0038308094392513073 1.9890012602228981 0.0031736658585112265 0.8895084050383025 0.8895084050383568 3.6675371088474846 0.889508405038364 3.5580336201533105 1.7790168100764776 3.5580336201532536 0.8895084050385059 0.8895084050383629 3.558033620153184 3.6675371088476534 3.5580336201531413 0.0 3.558033620153267 3.558033620153029 3.9780025204458713 7.171446030696606 3.558033620153095 0.013943308322668789 5.410668396552208 1.7790168100767638 3.558033620153151 0.8895084050383528 0.005764699686258932 1.7790168100765495 0.889508405038328 3.667537108847755 3.558033620153073 0.0019133159579901623 3.558033620153198 3.9780025204459473 0.8895084050381435 0.002341680813776303 1.8383211481507833 0.8895084050381641 1.7790168100766524 3.9780025204459593 0.004035718411031849 0.8895084050383191 7.171446030696636 0.889508405038234 7.171446030696584 0.8895084050383941 0.8895084050382688 3.558033620153028 1.7790168100765793 3.5580336201533416 3.558033620153149 7.171446030696549 0.0 3.5580336201532963 0.001064612741021583 0.8895084050382619 0.8895084050383283 3.5580336201530267 3.6675371088476116 3.5580336201532106 0.0 0.0 3.5580336201532092 3.5580336201529743 1.7790168100767159 3.5580336201530947 3.558033620153288 3.5580336201532763 0.8895084050380717 3.6675371088476854 3.558033620153085 0.8895084050382309 0.8895084050382452 3.558033620153258 7.17144603069674 0.8895084050383731 0.889508405038216 3.558033620153123 7.171446030696642 0.0 3.558033620153121 0.8895084050383124 1.7790168100765495 7.171446030696522 0.8895084050383609 1.7790168100766621 0.00613463777644839 3.6675371088477715 0.8895084050381624 0.8895084050382036 3.558033620153283 0.0 3.558033620153256 0.0 3.558033620153275 3.558033620153025 7.171446030696667 3.55803362015318 0.8895084050382179 7.171446030696486 0.8895084050382633 3.9780025204458873 0.8895084050381483 7.1714460306966705 3.6675371088475215 3.558033620153182 3.5580336201532305 1.7790168100765713 0.8895084050384102 3.6675371088477355 2.49062353410716 3.558033620153047 1.989001260223012 3.6675371088475486 0.88950840503818 3.5580336201533567 3.558033620153112 0.0 0.8895084050383031 3.5580336201532963 0.8895084050383182 0.8895084050382798 0.012444755672684148 0.004369781496782848 0.8895084050381711 349.8537094662736 581.9318296719202 281.5298730235008 555.0300806783489 425.17256311844915 657.6835408618904 198.3492116964825 601.6697889163073 308.039507413585 515.5172844508814 337.7240399929804 520.4290572918566 432.3318778523924 668.8651994558975 268.28844354838435 563.2627241437049 331.21545463348133 558.2967984221004 219.0827565379995 587.4533557811742 402.5656703716269 617.0981407896522 355.26748811549885 506.7091284440488 309.36416538637815 520.0491749311616 332.6876327211458 517.2613073056787 391.2302874737219 619.9533951583325 312.53422920282225 528.9087227610717 315.4712772247354 507.76867141868786 313.1425282766178 532.4209154505681 451.437971418858 728.3899084361557 204.90491204714942 597.1827670825277 319.3938811184081 562.29220648963 229.86167118791658 581.8285652230522 385.7013204891766 619.8514862350396 220.87837314672709 593.7599295567728 451.22455737717786 711.0629915118154 329.03919594357365 524.687281546289 318.1346732012953 547.0177124614364 261.450109664033 557.966269855577 350.6070073220298 597.0644935025956 322.55296999408023 518.8780468948648 424.5026466086913 649.9416102208689 247.48969337124194 575.199077524692 376.693161127308 605.8817109621392 291.4711065922053 556.748856587644 388.70623152295383 627.5530027598052 190.72964329330173 602.9551534493781 308.3851133385154 529.1166542004821 235.77177781513672 576.8995937874002 371.421579739797 603.3516491911464 336.70540252927105 510.41702305564206 452.1179891112914 736.766316550301 313.6415018702324 517.338056428173 340.5019041390536 577.2292072065509 256.8103787525688 571.2325956157991 448.4700478323316 702.9619147912305 316.6153101186027 534.4373666350103 309.7578601665026 511.0856751858575 247.68326094771575 566.7810622056022 312.84374807805176 544.3920349647769 275.06477865343953 558.0128765830498 310.54573996113265 531.0622089222106 308.0336219193607 535.40465142001 360.0877511780689 598.0642046351117 212.77995850123506 593.0416098658238 454.16007706754976 746.3870004502058 310.79475023127657 516.5325439610453 358.5327862887488 588.751757182932 213.14369236030203 588.7195437683179 446.40810537699815 708.3375907008113 323.0059113818233 531.2812961255726 383.719675181187 599.9820066653782 317.8701405780226 528.1197270399887 346.01670327152686 587.9642787438086 256.0118728038139 561.5024864704892 375.5949549748295 598.79155309793 225.01221514896682 589.0026243523216 432.29536469718636 684.0689417147668 306.75242679144594 547.5507495073392 420.8503503682261 643.0532539568176 312.69564033752283 511.01471201149684 418.5050554135777 648.0600707965988 365.97932740449517 496.2139306889756 308.049479360399 542.9949726932216 209.96625852967074 598.2014410523178 355.6938308832807 597.1457618236306 309.10844015580824 526.4085690950586 443.5516930780926 691.8283057695539 344.2771510521912 506.9079820777695 412.4998414217994 628.4932305788107 300.7065042800078 529.8659505952451 437.93237925234126 686.0112248919289 287.0654300490488 543.9737240751692 325.8442896602142 556.7641851838306 292.57913323300494 550.9742983714596 355.92544699311776 603.8100350772938 357.79338401570624 500.25821003472487 425.20787895575563 664.4613945787845 362.267956404681 492.7400389375152 432.0887970111395 676.0262568562775 183.91493884382353 608.0179572368509 304.96652225827853 515.0727399450776 347.472925907015 512.0480251900615 351.12983327341163 590.5016842011981 236.455704315905 572.5359982514537 456.7317327865461 741.0189090518369 241.97439644708305 574.1368552278598 316.75252795850525 554.6984307715162 280.42864986981004 545.6871628389259 374.8355244329937 611.3773784068957 267.6772763119999 557.9006613255779 367.0266301891959 597.4846656450384 311.26568537064753 513.6115940428077 437.1783151680097 677.358364391831 329.80285730818935 511.05938026006226 443.8147222865013 717.1511199002796 338.5045568489028 505.44595610977524 344.04110359656966 574.8012052311345 310.55044899209094 539.3444879277736 303.8055418012891 518.7122320906228 318.3101250928212 539.4107382330884 400.12468626383975 621.2398912516105 298.71759433582537 549.3060688962454 441.02186819537656 702.1201485325046 340.0613324386447 514.5488156723039 430.35186947424194 663.2424234832984 236.0623326388112 583.424473868597 448.7129142834256 721.8672669134211 242.52499878330124 579.6960742581117 448.107708896112 716.112311501411 222.38012765828327 582.4355224191236 338.7005642779195 570.1742717331176 229.7872977026349 576.9681936642605 304.7058668583152 536.0723113544569 255.41305904043244 566.5606714297256 408.37899636238336 620.3803157935373 177.73166360157646 606.6871926965742 438.5683174682526 693.6909987610844 315.57858429630545 524.0191801811419 381.26940740971486 613.5167136129554 262.0746030771591 563.5866891852053 392.0860390857086 606.1979770430402 353.9374602646435 494.9038318536691 333.96276814000737 566.3532561917272 349.36221647717565 506.6244147956156 443.6531576031298 698.5693117470271 286.4343691877429 548.64568572602 415.862542463052 635.8914976781346 311.31001207630123 522.2451290643157 306.6003411243349 518.9906242129307 351.6378244454265 500.5038924397205
1010.0078258106861 3.558033620153093 3.6675371088475903 0.8895084050383086 3.6675371088475774 0.0028624850452457266 0.8895084050382939 0.8895084050383224 0.8895084050383891 3.5580336201533154 3.558033620153145 0.8895084050382625 3.5580336201530876 0.005058944689343665 3.5580336201530605 0.8895084050382828 0.0034309092190991384 1.9890012602230056 0.0030882720993439445 1.9890012602229137 3.558033620153196 1.7790168100764436 0.889508405038422 3.558033620153124 0.889508405038249 3.6675371088477484 7.171446030696604 7.171446030696628 7.171446030696742 3.6675371088475157 1.7790168100766532 3.667537108847599 0.889508405038393 3.5580336201529685 7.171446030696757 7.171446030696545 0.8895084050383593 0.005678145452156257 0.8895084050381531 0.8895084050383579 0.889508405038392 0.8895084050382411 0.004966343154320931 0.0 3.9780025204459095 3.5580336201531315 1.9890012602230052 0.8895084050382114 3.5580336201531826 1.9890012602230807 3.558033620153245 0.0018040243938014118 3.558033620153315 3.558033620152967 0.889508405038473 7.1714460306966705 0.0018766742679720888 3.5580336201529685 3.6675371088475757 0.8895084050383015 0.8895084050383885 3.558033620153228 1.779016810076442 0.889508405038299 3.5580336201531346 0.8895084050382183 0.8895084050384067 3.5580336201530747 7.171446030696775 3.97800252044594 0.03160624150254324 3.558033620153134 3.5580336201531795 3.6675371088476814 3.9780025204459903 7.1714460306966545 0.0 0.8895084050381447 0.8895084050384089 0.8895084050382629 1.7790168100764037 0.8895084050382811 3.558033620153056 0.8895084050382487 7.171446030696607 3.9780025204459255 3.558033620153093 0.8895084050384043 3.5580336201531844 3.5580336201533473 3.6675371088475877 0.8895084050382854 0.8895084050384473 7.17144603069659 3.6675371088474726 1.7790168100765762 3.558033620153189 0.0 1.7790168100764554 3.6675371088476236 3.5580336201531506 0.889508405038265 0.0035041158075855123 3.667537108847619 3.5580336201530667 0.0 0.8895084050382909 3.5580336201532528 0.889508405038294 1.9890012602230847 0.0 3.5580336201531964 0.889508405038273 3.5580336201530365 1.7790168100765187 0.0 0.8895084050381573 3.558033620153273 3.558033620153098 3.6675371088474265 3.6675371088475366 3.978002520446208 3.6675371088475943 3.6675371088473794 3.5580336201530955 0.8895084050382198 7.171446030696633 7.1714460306966945 0.004839851246352456 3.5580336201529463 7.171446030696526 0.889508405038446 0.0 3.6675371088475806 3.558033620153122 0.8895084050382991 3.5580336201531186 3.558033620153252 0.0030046902690443137 0.0 0.8895084050383023 354.51999025439113 589.5427743622449 275.5920327071282 559.5267753833033 427.8694031152557 664.0592925050939 189.11754532680789 605.157885212268 308.04224002481266 515.5227949682644 333.5464477303754 523.0796403697864 434.99102148825875 675.8033131726022 262.8106238863382 565.639475995603 334.41177886731725 563.3152603826575 210.92381244343912 592.1529214441655 404.3094670037236 618.4553168371699 351.1357597755911 509.4348459544297 309.67759387701454 520.7589210752485 324.1926897259102 524.0899382300736 392.5065273214278 623.1780911230203 312.52469280484024 528.9149664466936 318.5959275035242 511.66626370565166 313.13640636581425 532.4258106314098 454.93560811834124 738.7130789720821 195.23117531548704 600.9255268738073 324.8273932748522 567.2419349568166 221.29243490377297 586.7431031640494 389.98592158427215 628.7570489764179 213.57024924918565 596.7413958347496 454.8271801171543 718.1204545387358 322.8190107816957 529.5974765891943 323.01422158173665 554.4909479290125 253.1664421787893 563.3667866260931 354.8022452532014 603.8080082712077 318.23840221965605 523.0684174597883 427.4018167387469 657.3140790783311 243.8256315626478 577.7706779217762 380.5925287507978 612.7786919642798 286.0485402559061 559.2767941054468 392.2035368891472 636.837394559524 183.26790667834348 604.0681478816877 308.38696896354827 529.139667571473 230.6865793779321 580.4678754917005 374.6936163318492 608.3545404622514 328.26830035836554 517.3203886380885 454.4076729243023 744.9133458765124 313.6256984992562 517.3557790313146 346.3449173645914 587.5652991811451 253.549208649981 572.5129154017011 451.8323683208875 711.2041455086298 310.7599433111752 538.9987914122264 309.32582600725686 511.357744359421 239.90264576597014 571.1046907543642 318.0525993948417 553.9391534224421 268.4980255213582 560.5267604103162 310.5487145733779 531.0681837502135 305.19311540205274 537.3635376017114 364.47456706023235 604.7138542766482 206.04279366824738 597.3654792719337 455.9969360501373 754.2586877088758 310.7898392937822 516.5361936936972 360.5127782382919 593.285879094445 202.64931898246914 593.1775133946517 449.17228360398894 715.2232469393649 318.79187659189967 533.8756648538018 385.6610460291604 604.5322934226261 315.67623068672157 528.4195009069011 351.33465007691444 594.1431896239937 247.82292933402485 567.068433863799 377.9885075904447 603.123808288851 218.93511710239383 592.2992128643931 435.3376808718023 691.3688270203022 296.79867561381 553.9927257409078 423.38393424347544 647.8704931873938 312.67802684062787 511.0305271382816 421.21063760688094 654.432302002516 359.8112990977882 501.1674864061199 313.5771844023903 554.0641196482183 202.10168414879973 602.5088257054471 360.748130532384 604.5676803435805 309.10844015580824 526.4085690950586 444.90818822771536 696.6340015276503 338.8981096284801 509.6005341776159 413.76682064096866 631.1731000840828 300.41253914021786 533.0187077433394 439.89200056918304 692.714020086296 281.5330617590054 546.3144759687796 328.607340279382 560.8961065319941 283.16899339426834 554.5877807462382 360.08398297819167 610.5726826632607 352.0839543980545 504.17145791348133 427.89653383146197 670.8421263488336 355.7936561912461 497.28271591150457 435.1359289210108 683.8708889526469 174.8291522488515 608.907894624279 304.9246624507697 515.4906031314067 342.2982812964375 516.69263668022 356.4363036956217 598.3458012426901 229.469175650635 576.2630117973802 458.4692456516205 749.9008915569846 236.52632344488717 576.5416003694331 319.36670989743476 561.1476478320569 273.6287940319483 551.6326850285708 378.72521578718295 618.2796179549786 260.19041729631385 561.7524953965922 369.43301984112503 601.8077849947715 311.25640099557455 513.6210697831575 439.78598277299636 684.8600260485274 321.0314252592008 517.4887833274555 446.60247944032824 726.708526957482 329.51897772440077 511.5776627758771 349.42957917144724 584.2578454110441 301.3183722333693 547.783279159892 303.56779082869434 522.2676390917803 310.65549950378016 544.862282687126 402.2320538347908 626.804206444985 290.55478829400425 553.0379925203375 443.3303460778145 709.7437547832827 335.35081094824875 517.3040148735125 432.8447838087671 668.6224000775043 230.7923327749189 586.1791650125975 452.0626741246566 731.7117772796954 237.2931556311121 582.495622038457 450.4868639789487 724.7712569059515 213.39738310648136 587.683215952579 343.64615369655587 576.5184453071897 222.3079528365573 581.9316285666713 307.6853422266916 543.9905292660577 245.78005734715515 572.6064811251327 409.6717375209743 621.9543922963196 167.3754293945042 609.3344183668337 440.05459161962096 700.606667360485 312.2852644571166 525.677832595404 384.9436935672073 619.4241778698924 255.12511848169783 567.3571306738423 394.9005642108625 610.3278348129505 349.3134128243531 498.6189256070697 338.9212427702383 572.6855408697353 343.24577137900275 511.65919771432704 446.49740294229963 704.3382582016551 277.0815887333207 554.1788389784037 419.0300471199569 642.0471683310677 310.14438795959853 523.6472476227901 306.904035011358 519.9131708728571 345.815192709376 505.09866337946636
1020.0078258106861 0.8895084050383142 0.88950840503817 3.558033620153252 0.0 0.0019681673929519503 3.558033620153295 3.5580336201532434 3.5580336201531817 0.0 1.9890012602230591 3.5580336201531955 3.5580336201531124 0.011294916310887042 0.0 3.558033620153211 0.0 1.779016810076605 2.515909700500076 1.9890012602229312 3.5580336201531204 0.0 0.8895084050383378 3.667537108847376 0.889508405038287 3.5580336201530063 1.9890012602228953 0.8895084050383304 3.5580336201531835 3.6675371088475144 0.2964565878106639 0.8895084050384369 0.8895084050381291 3.55803362015295 3.6675371088475672 2.223771012595712 1.779016810076596 0.0 3.558033620153197 0.8895084050383288 0.88950840503833 3.667537108847679 2.2864228035806726 1.7790168100764963 0.8895084050382054 1.7790168100767083 7.171446030696583 0.8895084050382879 7.171446030696621 3.5580336201532656 3.5580336201531777 5.337050430229856 0.8895084050383162 3.5580336201531764 10.67410086045949 2.4906235341071086 0.4826742812605172 0.8895084050383553 3.5580336201532115 0.8895084050383614 3.5580336201529996 0.8895084050382207 0.006975137818929046 7.171446030696509 3.5580336201531106 0.8895084050383844 0.889508405038328 7.171446030696519 7.171446030696702 0.889508405038282 0.8895084050383477 3.558033620153184 0.8895084050383254 0.0 3.6675371088475215 1.989001260222952 0.24926193929865068 0.8895084050383206 0.889508405038257 3.6675371088476774 3.6675371088477116 0.8895084050383282 1.7790168100765587 3.5580336201531626 1.9890012602229896 1.779016810076545 3.558033620153204 7.171446030696563 0.0 7.171446030696618 3.6675371088475273 0.0 0.0 3.5580336201531426 3.6675371088474473 3.5580336201530365 1.779016810076727 3.6675371088475837 3.558033620153304 0.0 0.8895084050384255 3.558033620153184 0.6839518209057709 3.9780025204461413 1.7790168100767079 3.5580336201529716 1.9890012602231506 0.0 0.8895084050382946 1.9890012602230622 7.1714460306966314 0.8895084050383648 0.8895084050384359 3.5580336201529743 3.5580336201531946 0.0 0.8895084050384388 3.6675371088474127 3.558033620153211 0.8895084050382884 1.7790168100764545 3.5580336201530556 3.9780025204460414 7.171446030696615 0.8895084050384569 3.5580336201530467 3.978002520446087 0.8895084050382781 0.0 3.6675371088476383 1.989001260223014 0.8895084050382481 0.8895084050383 7.17144603069679 3.5580336201531186 0.8895084050383172 3.558033620153249 3.558033620153185 0.2541596229805067 0.8393591140688987 0.8895084050383045 357.79504101011486 596.742996022175 269.10317397804005 562.1410222324268 430.5040446723215 670.4614239031793 183.7279800237771 604.5909891566896 308.04513698284904 515.5284402545421 327.9608775190609 527.1692212420141 436.86602612202034 683.6277016526678 255.367965269498 570.5600965197124 338.2139118863616 568.0379334423297 204.1473425937972 595.1475317311289 406.44689012894565 621.816815472668 344.95791919547054 514.4001244814502 310.25476999626693 522.2114489892833 320.37511654232554 528.1505339845547 394.8459822627136 627.5381114655833 311.57248787499395 529.1955761590639 321.4177937117606 515.1827890711132 308.01922218552755 537.2245817851267 457.01822077949043 747.4562516547314 191.1569737058675 601.2623330750275 328.39421982099446 569.8478240508927 214.81398119650726 591.7239337540835 393.19697462263633 633.8003056951021 205.7474157546146 601.1724371686138 455.48569103102 724.2632761832942 317.3358397340613 533.8552396602136 328.2336829873369 561.8015586617821 246.72049789459746 565.9932547055565 359.8135094718394 611.2609585654111 315.15628998807716 526.604891790809 429.235553871007 661.9124930162565 238.1976012021983 581.9975915488535 382.29939471717296 616.3454890591644 278.4974434804847 562.0628670438122 397.5356444067065 641.9524487054925 176.37213245560827 605.2510268666449 309.00500759606075 530.243731628769 223.36383614123343 585.7894240782863 376.4265220923257 610.8113161749567 323.0866581084549 521.133569089124 456.05849002069016 753.2893263382914 311.5717671906159 519.6058532834264 349.8743938155559 593.5396942234079 247.75804617931524 576.374277815312 454.1164687608978 716.6711127627063 303.5346087023677 543.3127894079903 308.94940968993257 511.6963524455071 232.619379346519 574.1914194477162 323.06571387772897 561.3552380038416 259.63002244222855 564.9352176034462 312.5392378069172 535.3837245657683 297.8090149598587 542.3424283847925 369.48762839433425 610.5183039849464 197.63213311316454 600.2309067635532 458.4408791679423 762.3101647346541 310.71855029189004 516.6552596500921 363.3524460954497 597.3967031186642 195.60598530206187 596.8632725142438 450.7606389645006 720.9847117363144 312.74267409646245 539.9459272669887 388.2288828296826 609.8778482880756 314.5005734184359 529.4738434487598 356.7901576098893 603.5734552042159 240.26783036963707 571.8100072574421 380.3575931310336 607.4670374330871 213.2013461461803 596.5498831059032 438.60209618948124 700.7249087804428 291.4704541329635 556.6558537422663 424.53055298399926 653.8754282848407 312.14022934389834 510.659516936991 424.7346458615466 661.5163983546962 353.24983965602416 505.5909860878085 316.7191469237577 555.7598632679432 194.57219846372152 604.8913268034813 366.8322131339278 614.2483332533485 307.46303322670605 527.3982200992466 448.0538279633678 703.8867627446164 332.40170867032236 514.118003295402 417.579365227816 637.0253756370599 296.4683926649934 537.8618433505146 442.9194833569319 698.405374181762 278.77441052299423 549.4166562688664 333.32821947639684 567.3622824740365 277.52552576178203 557.6579975250652 363.7532244169218 617.5834464933986 346.18574920123143 508.6709487304953 432.4065517963981 679.6452504773112 351.5586541270221 501.54387130351483 437.5923268867389 692.5123372209215 167.63511721575847 609.0991016486337 305.1484189938155 515.3813883685352 335.82095471680293 522.0988012162196 361.4638928197262 605.2391842916065 222.69275476937497 580.4917509151977 460.2360119905521 756.6248164755044 229.39280299320095 581.1135033813041 324.362369215018 569.6923513921388 264.3283138577288 557.2722914714222 383.4948595152282 623.6670597339818 253.2987113987176 563.5594990419391 370.7252616347903 604.4768790147358 311.08879671653364 513.7328581910862 441.5629499748361 689.4822481189874 316.5233503031071 521.4186914881761 449.3777701468637 736.2506930946951 325.98389376987444 514.2934750525686 352.29067483992014 589.4582364195668 297.25301725576236 550.5908220531418 304.72718035583523 528.4026496859829 306.0309822679278 549.5508554356007 404.6154575616726 628.958903290276 285.2187087786074 555.6716062336417 445.9485399987829 717.2180855211257 330.0557470548536 520.9462554998012 435.04832385175337 674.6759159255204 224.609743154721 591.7184579656815 454.1843310585625 740.4439317809391 230.3855529272793 586.3530186259109 448.7149910663703 727.6210449642449 208.26493973688687 590.907560141557 346.30240277682503 581.8186547753495 216.0495771105822 586.0812103631713 310.2572881896893 547.2522775000958 238.18517042585725 577.2911445071682 412.8119721931052 629.2146848309432 160.8681687290473 610.0514964339918 441.33522059251106 705.4295418087768 311.01745992304365 526.3764509170741 389.2341318690335 626.1389020770138 249.54285569496446 569.5009214569089 397.6564408671639 616.6781172784787 344.4036050647317 503.6380568159706 342.6786675492569 575.2210166715387 336.75828130993335 516.1788245954093 449.7928478099521 712.0683868354715 272.5567888247724 556.2421356341733 420.239226158121 645.8424477429987 308.5812385942312 524.6799333682424 307.3880038464108 522.0056618237486 339.47808993838674 508.96259596661366
1030.007825810686 0.8895084050383061 3.558033620153174 3.5580336201531595 0.0 0.001396032258649967 3.558033620153212 3.558033620153282 3.5580336201531755 3.5580336201532754 3.978002520446007 0.889508405038319 3.558033620153213 1.444673801313463 3.6675371088476165 0.8895084050381507 10.674100860459408 1.98900126022318 3.5580336201531813 0.8895084050382691 3.5580336201532 3.667537108847735 0.889508405038435 3.6675371088474717 3.6675371088475637 7.171446030696466 0.0 3.558033620152977 3.6675371088475175 0.889508405038231 3.5580336201530316 0.8895084050382278 3.5580336201532248 3.5580336201529974 1.7790168100767623 0.0 3.558033620153087 0.0 3.5580336201531346 0.8895084050383503 1.779016810076662 3.667537108847432 3.5580336201531106 3.6675371088475974 7.1714460306965995 3.55803362015303 3.5580336201530987 1.779016810076623 3.9780025204460583 1.9890012602228593 1.9890012602228684 1.7790168100765882 0.889508405038117 3.558033620153292 5.410668396552259 2.4906235341071086 1.9890012602229297 3.558033620153337 3.9780025204461222 0.8895084050382984 3.558033620153289 0.8895084050382036 3.24984678738154 1.779016810076702 3.6675371088476743 3.5580336201532194 0.8895084050382301 2.5159097004999693 7.171446030696644 3.5580336201533225 0.8895084050382562 7.171446030696624 3.5580336201531275 0.0 1.779016810076586 3.558033620153292 10.674100860459529 0.8895084050384239 5.33705043022959 0.8895084050382995 1.7790168100767358 0.8895084050382295 3.6675371088474646 7.1714460306966314 0.8895084050383206 7.171446030696492 0.8895084050382802 3.5580336201533544 1.7790168100766086 0.8895084050382924 1.9890012602230143 1.7790168100764892 3.5580336201530818 0.8895084050382819 1.989001260223079 3.6675371088475934 0.8895084050383072 0.0 3.6675371088475535 3.6675371088475313 0.8895084050384051 3.558033620153259 0.0 3.6675371088475712 0.0029507759533379404 0.0 2.5159097004999595 3.5580336201531124 3.5580336201531066 10.674100860459356 3.6675371088475743 0.8895084050383842 7.171446030696672 3.558033620153309 0.889508405038388 0.8895084050383776 0.889508405038251 3.5580336201533345 0.8895084050382369 3.558033620153284 3.6675371088474824 3.5580336201529743 3.6675371088476614 3.5580336201533473 3.558033620153145 0.0 3.558033620153184 0.8895084050382566 4.022849658876514 0.0 3.558033620153091 0.8895084050383267 0.889508405038397 3.5580336201531133 1.779016810076679 3.558033620153367 0.8895084050384771 3.558033620153203 2.515909700499943 2.3694001373281104 3.5580336201531844 359.5182533570185 600.3010013907674 263.0745540332443 565.5605531474152 433.51260835339974 676.6963301037785 175.31976487250134 607.4973254337559 308.0796211568508 515.5921766612578 321.8882153897714 530.5245841510714 441.04795527069973 691.5078811905375 248.26198057525448 574.0209290073041 342.1838414870308 572.6850001064308 197.84800442429474 598.1117254736689 408.9557580968874 627.1904699880824 337.4411730439416 519.1650193832053 311.89810471339945 525.1259903589012 315.3831701888627 532.2434296721898 398.8915816232142 633.2832858895463 304.4075826168437 533.3618191998452 323.3550008763996 520.3208709146915 300.3114094133154 541.6764862121862 459.179199605977 756.1430085284584 183.15496867144262 603.8297621174323 334.5918899338468 575.5891287021669 210.55949828687866 593.020014142725 398.7709452067286 639.929204993136 198.808851582585 602.2502897495474 459.32190465336953 735.4967768979471 314.4206610165187 535.7228937129995 330.90792576814056 567.0944123462406 237.80587340421084 570.24755203651 363.2738594370136 616.1779100147849 311.1568822638558 528.5590160403349 431.19912590295365 667.5266582611856 230.94791644113997 585.1471326677729 385.0776834775519 620.4978941119327 271.11789528235767 565.0349330787576 402.66822930361303 647.2099885922125 168.45130033454456 606.3990097419522 311.57465204236547 536.1520374252608 216.92710692214914 588.3375291421008 378.978845401887 616.1637410322081 318.5328753680061 524.1028152845645 458.5355752740634 762.9100935338301 306.0746305473154 522.4169276123253 354.6373999721178 602.2155491181946 242.1608156695451 578.4082730168586 456.1746059858745 723.8335217876931 296.7683133943228 547.3988832463009 308.57208372592555 511.94326235886064 226.51722487600017 578.6905061922944 325.95341103900057 564.8719110189757 253.1355769842095 568.521655404677 315.1737490547726 545.7105980928244 289.8027774192976 548.2258358243002 372.8969908500691 617.6510690548116 192.1598617934493 602.5720603399444 461.5328040622504 770.7562325636055 309.82945068072087 518.1496266265127 365.68989227851125 603.9497861995414 189.90362593794254 598.515679586083 453.92103211475927 730.3562512248076 305.59092496968236 545.2890763828268 390.5723648614149 614.2360180820839 309.8631882751881 531.9147681689631 358.4890329392866 608.2419757059629 234.26339154298904 575.3228212732712 382.9046204869187 612.8215826500794 207.46282888110247 598.1008217323905 440.4212045283054 706.3933404217512 284.3507549685007 558.165994091739 426.957242111032 659.2893143817109 311.4327431218752 511.12221036917435 427.11843834920563 667.4864782644185 347.9888754309364 510.1483321317904 321.40102888269354 560.0254497142561 187.21978964178177 606.2384330963368 370.86646895409103 623.2737945311313 298.88817304319844 532.2911301387464 449.09801194399734 707.7319675518632 326.296798344971 517.873217381565 420.18906601330036 644.5271054161342 289.8893977292234 543.2244646047275 444.48232298601806 704.7142310995948 276.6630005213064 551.7171294425009 336.1967648756253 569.2371249455839 270.88234917660924 559.9215590447518 367.9808244289775 627.6110853891159 340.61032566798855 511.91231838038306 434.93375816779474 686.0905341571196 347.7483990585924 502.99148719227395 440.06671531836184 698.9773736064642 161.18577473032232 610.0055807384399 305.0057652281339 517.7107243341042 330.6011218811799 524.9631148704264 363.3913685364052 609.2480042450973 216.74149667232226 584.2113343093795 463.25956270339594 764.9889417141088 224.91545006502332 583.234195456498 328.35337262806786 572.1067217757147 257.5270524465589 561.3329979417422 388.70489796513243 627.7687282506616 249.63524627630633 565.0988502878208 373.93965120727574 610.6077547247094 310.71714928786764 514.3633046423265 445.6395405217605 698.4895840224386 314.10815070775175 523.1230449817748 451.60230990068055 740.6953801156426 322.98171005750186 516.2183853603962 354.45130586474403 593.904882193286 290.89333494316196 553.4179922701143 306.05762125861315 537.778480815041 299.09071329395164 551.4516743358789 404.743075130319 632.1702005719782 276.6117940512885 558.5088883082846 448.6105386346697 722.5422481564871 324.6888294610312 524.4742111914984 437.81737882384937 681.0160008823417 219.170817898989 594.1133690591477 456.6107738768322 746.9288764927223 223.89613627727186 588.7500909907568 450.9794790507693 734.1597756028148 201.43179273201446 593.8109378717569 350.00777001905243 587.7067531459467 208.8153376705106 589.306156090675 314.30535533077415 551.8386350921448 232.4878041827358 580.3030863225998 415.10932986829545 633.5971149830054 155.31875868888676 611.0880670723532 445.7194595219303 712.1830192889693 306.7825922417062 528.8867440702329 393.76414246151523 630.5615687077169 242.4057964178929 572.9105966754983 399.98167617082777 621.0461366656671 339.78890844557293 507.39447091957675 346.8404691091961 580.8833726456268 331.8237524050885 519.4673676366588 452.18621927199683 718.0329703734416 265.87712004212693 558.4579142963432 422.40769746559783 652.453909318827 302.5733147972419 528.3081414807555 308.74823009432913 525.5712709535092 331.68209190823796 512.4315673212749
1040.007825810686 0.8895084050382356 3.5580336201530804 0.8895084050383459 0.0 0.20773282264719453 0.012790037066158545 0.8895084050382102 3.5580336201531364 0.8895084050382392 7.171446030696616 3.5580336201530063 3.5580336201532394 0.001959171526562936 10.674100860459449 3.558033620153299 3.9780025204461444 1.9890012602230782 3.5580336201531297 0.8895084050382712 3.978002520446084 0.0 7.171446030696571 1.779016810076526 0.8895084050383484 0.0 1.7790168100765855 3.5580336201533536 3.6675371088476756 3.978002520446267 3.5580336201531266 3.5580336201532803 0.8895084050383197 3.5580336201529787 7.171446030696725 3.6675371088475757 1.779016810076402 7.1714460306965435 7.171446030696538 3.978002520446267 3.5580336201532137 0.0 1.77901681007643 7.171446030696624 0.8895084050382224 0.0 0.8895084050381685 1.6048741019930068 1.7790168100766433 3.9780025204459033 3.558033620153134 3.9780025204462284 0.8895084050381401 3.558033620153235 3.5580336201531493 3.9780025204458864 0.0 3.558033620153017 3.5580336201531844 1.779016810076518 3.5580336201530343 3.558033620152983 3.6675371088476245 3.5580336201532696 3.6675371088475566 0.8895084050384178 3.558033620153177 7.171446030696559 7.171446030696823 0.8895084050382784 0.8895084050383852 0.0 3.5580336201532674 3.6675371088477675 1.7790168100765682 0.8895084050382723 3.558033620153136 3.6675371088474273 3.5580336201530853 0.8895084050381812 3.6675371088477022 0.8895084050381946 1.779016810076474 3.558033620153141 3.5580336201530556 1.7790168100767187 3.9780025204460023 3.55803362015302 1.7790168100765333 3.55803362015328 3.6675371088475686 0.0 0.0 1.9890012602230691 3.9780025204461174 0.0 7.1714460306965995 0.0 3.5580336201530596 3.6675371088474806 7.171446030696571 3.558033620153256 0.16840872670334214 3.558033620153169 3.9780025204459535 0.8895084050383183 0.0 0.8895084050382459 0.8895084050384584 3.6675371088476822 7.171446030696535 0.8895084050382172 3.558033620153211 3.5580336201529956 1.7790168100767527 3.558033620153173 7.171446030696659 0.8895084050382376 3.9780025204461804 1.9890012602229303 7.171446030696681 0.8895084050382224 3.558033620153142 3.558033620153184 7.171446030696556 0.8895084050382801 3.978002520446076 0.8895084050383126 1.9890012602230096 3.5580336201531653 7.171446030696659 0.8895084050382621 3.558033620153123 3.667537108847408 3.5580336201530853 0.8895084050381976 3.5580336201532337 0.889508405038233 3.5580336201531093 1.9890012602231935 3.558033620153217 362.7126602735406 606.989520252203 255.08483904043547 567.1199717278912 435.007983448259 680.896886857005 168.25881160581477 607.9495805620058 308.39723868594257 517.2395422707089 317.4077181592002 533.6251022532392 442.0748041431729 695.3660232254084 241.53541104060326 577.1324830655017 345.0150187194293 576.8035067843438 188.50638877946437 601.3237488935182 412.685171208262 634.178474587493 333.1556500832882 521.6358714070582 314.9323708593805 532.11633515156 306.74493193636664 536.607831860632 402.8058706733021 641.2731940399844 294.200261764527 539.3973754055208 326.15136716344796 527.2261818146849 291.9207963562904 545.9305875062298 461.1909532307688 761.7221925512721 176.4408110241386 605.5764309652989 339.1696662864878 582.1520085515574 201.88321592274238 596.6888329733611 403.1373344697706 647.1793340528303 192.22474697583547 604.3360114150292 460.7944819600677 742.3314055822148 311.3603698234196 538.1657561317904 334.63979344783587 571.8656528419943 232.5014004252921 572.9661057002769 366.21098417659545 623.5347041931684 303.9700508141118 532.9053576417733 433.8239478889344 671.7757129002567 224.39311862403875 587.3797204033353 388.0232792714045 625.6678660876904 260.9078937498063 568.9310087032693 407.64082712661195 654.7339338833308 161.0224627314209 609.1916046466969 315.5377863381083 546.6180891777339 208.31584875028142 592.1608763000288 381.4969369533178 621.5301052681032 313.19015252632835 528.5920772274638 459.8413631242748 768.7413342822542 300.8701138327624 529.0744919562836 358.4821593727352 609.6863325530104 235.8610906275355 581.247192458884 457.40674191348444 729.175546861245 288.2128195687937 551.3486024856718 308.65897877221477 512.0595407937773 220.21807360163993 581.5939588196052 329.4736744145138 569.7496747586843 246.69003771671842 571.0604049883439 316.0846255841939 551.8924516844168 280.90474794735906 552.5149381048748 375.4201246565773 623.01942053562 184.42408248960268 605.9799047466631 462.634030257526 777.8137899435524 308.41376656081513 520.1418247831969 368.4795630956438 608.0975144213963 182.7106762301202 602.0070212102107 457.26393904680526 736.4908941313266 298.7431294857376 549.239761756242 391.7921292160525 618.0279189582541 301.2926488810731 537.3431092754345 363.22469332916756 614.7444677272264 227.44926907495807 578.2464314324249 383.5078923304573 615.2679858379819 199.07905212071105 601.0914670653054 444.3297554247709 712.2870746201705 277.9994991198762 562.0189998701516 429.43781261943127 662.522128333538 311.5639121956785 512.1100580531776 428.74030634988765 670.0142182762002 342.7590970608527 512.9921531107519 324.7089063904295 563.9037501699121 177.7550320366994 609.0745866132198 371.6661136061835 626.7203355023477 288.0395015991147 539.1850295391092 453.37904841939456 716.6694595060951 318.96614276661535 522.2222724914468 421.2231335986035 646.2296491414029 283.6704970611102 548.3064223648928 448.67475329838595 712.6273166330482 270.19333077735917 556.444232621302 339.25129764063615 575.4432184659213 264.00930555211556 563.8687217260414 372.4532520015094 634.249268078815 335.3735722830372 514.7272740140004 437.2782441190101 690.4713139357556 345.5510118988754 506.82858828526093 441.6607770116466 703.6649751087741 152.9332939437676 611.6024207627192 305.7546910559952 521.2285096384718 328.7590674519767 527.597615487749 368.73110210967076 618.2017639479759 208.98574176420624 587.4830810915117 464.88906095050197 771.7534532534845 216.6442710862019 586.5264211520001 333.4024021111948 578.4321275449211 249.53657051515745 565.2549668030125 392.9738689145458 632.3311574193511 239.85985634269335 569.8675158894642 375.57871597185544 616.3923630928442 309.9497506834076 514.7858479693115 448.2043038440916 704.9160398150974 309.1449757428594 525.59546501069 455.49963943455464 745.5827151209991 314.1125217424174 519.770304196052 358.0839168280291 601.4804864025338 285.160554994678 557.3798892378534 309.88864023099495 543.5882343604507 291.92540198151676 554.8702198630616 406.37682277318913 635.7664455920674 271.30127572824733 561.1532250323583 451.39579760474385 729.9442953025518 319.45456493663687 528.6546036216728 440.8859504341893 687.7667999702046 212.71859290448097 596.6529403699014 457.8041164351153 753.8537519732233 220.00353114200576 592.5305405961121 452.9875892038607 738.1567475614896 193.12488196090467 596.9827400640773 352.82189579619074 591.8369381743023 201.2339746234819 591.5879596432463 318.5157403211138 558.572088105113 225.6453423207998 583.1706782165461 417.3604919945385 638.0033222047904 146.38726635757774 611.9568938435273 447.1979263316376 720.0902335213667 297.8786905916831 534.2314713925684 397.3544549438981 635.4356978483414 235.19584045055305 576.1667980809798 400.8072106111972 622.8417237735998 335.6454458438298 510.0838149713469 349.223635162435 584.1227002914203 326.59486709491756 520.4614409466981 452.7990483167343 723.0900474276376 259.54287684727643 561.2859260489329 424.38783338703473 656.9847386991379 291.8141643485715 534.3971152461296 310.594557711743 530.1542064976322 328.22628373606284 514.3664172443446
1050.007825810686 3.97800252044624 0.8895084050383852 0.8895084050382559 7.171446030696619 1.9995974195293966 0.0 0.8895084050382596 0.8895084050384169 3.6675371088474646 0.8895084050383969 3.5580336201532665 3.558033620153177 3.6675371088475597 3.558033620153171 3.5580336201532803 0.8895084050381041 1.7790168100765746 0.88950840503826 3.6675371088474997 3.5580336201531484 1.7790168100765689 7.171446030696664 3.9780025204459895 3.6675371088475215 3.978002520446192 0.8895084050382951 3.558033620153192 1.7790168100766974 3.6675371088476902 5.337050430229733 3.558033620153325 0.8895084050383343 0.8895084050383709 3.6675371088475934 3.6675371088475823 0.8895084050383455 3.558033620153056 0.889508405038459 3.558033620152988 3.558033620153268 3.5580336201532803 0.0 3.6675371088474535 3.558033620153182 1.7790168100766313 3.558033620153193 1.7790168100766228 0.0 0.0 0.8895084050384428 0.8895084050383721 3.5580336201532794 0.8895084050383943 3.5580336201531257 0.6226558835267652 1.7790168100765298 3.978002520446076 7.171446030696587 0.8895084050382168 0.8895084050382702 3.558033620153154 2.5159097004999773 0.0 1.9890012602230331 3.558033620153186 3.5580336201532243 1.7790168100764538 7.171446030696688 3.558033620153232 0.8895084050382926 7.171446030696822 3.5580336201532643 1.7790168100765515 3.6675371088476165 7.1714460306968135 3.6675371088475193 3.97800252044615 1.98900126022304 0.8895084050383812 3.978002520446155 3.558033620153015 3.9780025204460485 3.5580336201531924 3.5580336201531146 0.0 7.171446030696701 0.8895084050381882 7.116067240306397 0.8895084050382212 3.6675371088475264 3.558033620153073 3.5580336201531346 0.8895084050383214 1.7790168100766783 7.171446030696835 3.558033620153176 3.558033620153021 7.171446030696651 3.6675371088473776 1.7790168100764374 3.558033620153248 7.171446030696795 3.5580336201532257 0.8895084050382945 3.558033620152966 5.410668396552265 3.558033620153218 3.5580336201531098 3.558033620153124 3.55803362015318 0.8895084050382895 3.9780025204461564 7.171446030696538 1.7790168100765342 3.667537108847734 7.171446030696655 0.8895084050383361 3.558033620153207 0.8895084050381852 0.8895084050382263 3.5580336201533185 3.6675371088474997 3.6675371088475295 7.171446030696586 0.0 7.171446030696647 0.8895084050384382 0.8895084050381411 3.6675371088475814 0.889508405038092 3.558033620153146 3.558033620153172 0.8895084050384358 7.171446030696764 0.8895084050383232 3.6675371088475455 0.8895084050382508 0.0 3.5580336201533203 0.8895084050381854 367.17476474110964 614.17881044126 248.95118999464773 569.1060383038989 436.02207011162534 684.7548321699226 157.71541372738716 608.383828415607 309.1655553193301 520.6014052474641 317.7290525510955 534.3425999636193 444.0918672229202 699.8844596521253 238.76511846110037 578.1596234779447 347.15562552405817 581.2572339083771 183.01807542654086 603.6749747472563 415.03137356382774 640.7035949008036 330.75393039231295 523.3890040888966 315.07250482528076 535.1294334487424 299.85202256938624 540.4976022277975 406.88553928170063 648.1170217385402 284.6049813675032 544.525041126797 327.3496572467037 536.0534101172696 286.12328587112614 548.6822760709105 462.48784134724036 767.5556828801671 165.48930368691504 608.6299053411605 344.5352050937602 591.6397053734153 199.2610339865414 598.2523520488382 408.0496280786755 654.7400074808704 185.45071662757283 607.5698389243194 464.04822094236425 750.6148650874266 306.53563284124886 540.6627655762942 339.1917899011903 578.995377263159 223.37761114207683 576.8275943312766 371.51454504086377 630.8786773310007 296.2398521699162 538.3366249862644 437.2559878174868 678.9174834779802 217.07911835916056 590.4144530274567 390.74214404800284 629.8603280389938 251.9852396278394 573.2089671502522 412.5044066138942 662.3263777081136 151.95870692349564 609.4361348221508 319.720114171432 553.3664634179395 204.07589017446296 593.5154636622916 383.14615270894797 625.1228336981862 303.09122090103665 533.8691100554056 461.8353195516361 774.3260691589435 291.8926624304529 533.2685208132104 361.9382664626818 612.9770135760236 230.62372359500628 584.1985553459494 459.5371220566873 737.8659231390807 280.91556890806766 554.4276061841433 307.5868801718814 512.7695335186679 214.6160372694617 583.5256211212189 333.4061047460748 574.4325825615078 240.32249381009316 573.8005200342798 320.0276323984377 560.9677060746691 271.53726842259505 558.0951192715057 377.4559112136886 628.6082920975151 175.58740262546144 607.3834578404895 464.2566572381816 783.3178700556091 301.74523110287413 524.0855692571749 372.2689159534584 615.0587745557991 171.06593109107274 604.3838499266891 459.54020104215397 745.6540300526639 293.5090558995344 552.030986401478 393.80953970516805 623.6273397804222 293.31214494014375 542.3211382536988 365.7327665758682 620.1182190745196 221.73688922554655 581.3134338463466 385.7980524427329 619.6526914081165 192.6668226959391 603.7820740667465 445.96282041805597 715.8977002792572 270.5161314898051 564.6844071267711 432.0829020460443 668.9112969962348 311.4866418762977 512.4492453986533 432.1759254593616 677.1468104557233 336.0715895447185 517.2062772612196 328.88792189551526 566.260692829226 169.63998026773777 611.1579625007698 376.23621109423357 635.4964726994491 276.5243127613732 544.8808153744635 455.68872785249886 724.2479639498072 314.17524404953434 524.8007981466986 423.726455098609 652.6825458474634 275.0408778800533 553.0852434192066 451.928580126933 717.741849111362 264.03258272813287 558.3735632004805 344.2113894097575 584.572491538526 257.808886833063 568.1751364316272 377.07935186023093 640.8291674643342 328.2332738240701 519.1518518242773 439.3261974318025 694.9785956719845 337.2979807628403 508.5651564665533 442.95564201411685 706.3426907892381 144.0210718187887 612.4659468626552 310.0703924858073 530.1261511015543 326.76916129065603 528.6709828301971 371.0358420552536 622.577693045605 201.44609011573527 589.8997235750438 466.9082218799587 778.904237341135 209.13186458508775 589.002583745108 339.27494516657964 585.4732463700058 240.51859434704394 569.3309134422021 397.8289681985826 637.7355731340973 233.73471292533335 573.2498437700974 377.69116166584723 619.7679904637646 305.8100085151136 517.5056065369382 449.9591968280575 709.5328327737575 298.6431937735812 531.104589712564 458.0769477473174 752.0071870814132 307.6854512912886 524.4280261125638 359.5201459996245 606.2661541212524 277.1527588467057 561.2615104508245 314.75047514545884 551.1003604091942 285.3027318341205 557.1177865619351 408.6054410190387 640.1842331833165 264.05507472963217 563.0895246335211 452.6130976618263 736.8688770374723 314.61884696303343 529.2340024377589 443.144301248296 692.1839762259202 206.19455365259685 598.9662043048203 458.4056603857716 759.937017432288 213.5887626629893 595.1610753409149 454.1441506591782 743.5170448976523 190.7073261736478 599.238186094258 354.9100342091937 597.4106166199886 194.97133256696566 594.7909382232576 323.08737564331307 568.4405000355152 218.8801140413251 586.2747447276266 419.40065248892734 641.425771515934 137.51790067249914 611.4930950171314 449.1566541626981 724.6310804127444 289.20851676781865 538.9847577914176 402.0862406561641 643.609472085539 229.92558631092047 577.5825215778516 402.7873013120894 628.4518048028774 329.7694075687112 513.7392721575587 350.9012287868226 588.7975328136987 322.5394586735075 525.2186222480925 455.1945959543188 731.6866803910107 255.27946789041047 563.8971435229148 426.8295975163035 660.2506024466217 283.5162039595883 537.7752842601108 314.8898139329989 540.7213311421032 322.9082465874704 517.0403295899215
1060.007825810686 3.558033620152972 0.8895084050381137 0.8895084050381966 3.9780025204461182 0.0 0.8895084050383897 3.5580336201532905 7.171446030696642 0.8895084050384022 3.558033620153116 3.5580336201530134 0.8895084050383985 3.558033620153036 3.558033620153072 3.558033620152963 3.978002520446071 1.7790168100766013 3.558033620153123 7.171446030696535 3.558033620153167 1.7790168100765436 3.6675371088475677 0.0 3.55803362015314 3.6675371088474127 0.8895084050382323 0.8895084050382339 3.6675371088475446 7.171446030696481 0.8895084050384664 0.8895084050383893 3.558033620153119 3.558033620153191 0.8895084050383638 3.667537108847603 7.171446030696575 3.558033620153251 3.5580336201531946 0.8895084050382682 0.8895084050383368 0.0 3.6675371088475854 3.6675371088474558 0.8895084050383455 1.7790168100766728 3.5580336201531977 0.007248030051905882 3.558033620153148 3.5580336201530587 3.558033620153164 1.779016810076618 7.171446030696599 3.9780025204459686 3.558033620153234 2.4906235341071232 0.0 0.8895084050383356 1.7790168100764443 0.889508405038258 0.8895084050381572 3.558033620153121 0.8895084050381917 0.0 7.171446030696572 3.5580336201530844 3.978002520446211 0.8895084050382697 3.5580336201531826 3.558033620152988 0.0 0.889508405038311 0.8895084050381554 0.8895084050382689 3.978002520446007 0.8895084050381938 1.7790168100766393 0.0 0.0 3.558033620153176 3.9780025204460485 3.97800252044602 3.6675371088475295 7.1714460306964725 3.9780025204460134 0.4447542025192133 7.1714460306967345 3.558033620153024 0.8895084050384036 3.55803362015335 3.9780025204459726 1.779016810076652 3.5580336201531493 1.9890012602230516 0.0 0.0 0.8895084050380996 7.1714460306965115 1.7790168100766335 0.0 3.6675371088475783 0.889508405038337 0.0 0.8895084050382396 0.8895084050382736 7.17144603069667 3.558033620153147 3.558033620153164 3.558033620153197 3.5580336201532643 3.6675371088476534 3.5580336201530374 3.978002520446136 0.8895084050382454 1.1535373688741088 3.6675371088476423 0.0 3.5580336201530267 3.5580336201531826 0.8895084050384311 7.1714460306966865 3.6675371088477005 7.17144603069661 3.6675371088476383 7.171446030696631 3.558033620153056 0.6226558835266681 0.8895084050384007 10.674100860459482 3.6675371088474717 3.9780025204461134 3.558033620153095 3.5580336201531497 3.6675371088474975 3.5580336201532257 0.8895084050381765 0.0 0.889508405038174 7.171446030696615 1.989001260223014 1.7790168100765342 370.871769188611 622.2711818500176 244.06039953839914 570.1217734511356 437.23175136673757 690.6416919414442 149.39445827623655 609.6341484929376 310.0512923300827 525.0749366443108 313.6296975322323 537.1427575173599 446.52033999328364 704.2552495929882 230.75153338860065 582.203871595185 348.2247059922325 582.940495499605 174.85648662389144 605.6598143362495 417.3455920684098 646.1628524313252 325.9999938734662 527.0131935443798 318.1515719985642 544.6380592876708 294.5684528655028 543.1755113131644 411.6279989120278 656.842387609253 279.32906199884155 547.2854729099861 325.34932177494323 540.3537174051746 278.6508453314869 551.375855358242 463.9677676552396 773.3227995908568 157.39268186856748 608.6454914022335 349.4325581697811 599.170662651929 191.63965990590404 600.330703077847 411.2348356162459 663.0546498964433 178.60390042577276 608.7162878157819 466.5516827068006 759.1651788289097 304.1603125141293 542.5085197774739 342.8284061505889 584.9273587101679 215.13084847873426 580.2341574260686 375.6606590437143 637.6792533335987 289.38888277640103 541.230395287038 439.5830809410442 684.9047272713974 208.8596357584124 593.9472303507572 394.2123881055042 635.893014583127 247.5218910444625 575.403785902162 417.4864634471175 666.706808497866 141.5447349006318 610.3373837239857 322.52262478137345 559.6956095730604 197.08405195000628 596.0288640341612 386.20830167626116 631.3304779110078 296.62623237759595 536.4407762063889 462.2100939069959 778.3819845532607 283.94323026356506 537.2626925109228 365.87798488727196 620.960713575738 226.16201430881904 586.4322661550461 460.9448974290933 744.7088057690117 275.3783676061528 556.5681612480465 310.6036243668413 522.2638131629944 208.80211480849835 588.1646904089295 337.30991630416094 578.5931554779123 232.16784733589654 577.4324905515521 322.8403007300002 566.195475586165 263.5104177564367 561.9676171763996 380.16759055985256 632.8081435415281 166.92131525696976 609.4015534156796 466.5214975271022 790.5883653831266 292.50415807139973 529.8861144574732 373.5026036920896 617.7566762622487 163.3076289483253 605.906080515446 462.16629807411425 751.5399650830519 292.2989658080386 551.7923578360643 395.59402919670515 628.2400856800735 288.11775372632667 546.2939147565733 370.2792074896099 628.9077860106466 214.71860378628944 585.335225651611 388.41322539962886 626.0646517034222 187.34128406950774 604.9085755431386 449.1593927064215 721.0424807058516 263.736465138014 566.4109031568244 432.9434128388769 671.7562953478956 309.4405310503237 516.4694239146008 434.4353578577154 681.5647109058049 330.0124380088052 520.5488152064653 331.2714093939625 569.4985664242384 162.08162107468883 613.5970590849696 379.5113464645886 641.6089666436876 271.71336862397385 548.662390625452 456.32097326892745 730.3260055522676 312.3824875488366 526.6636723609024 426.7440790020042 656.7869818648838 268.55552004806157 556.6888455312412 453.9618082513538 723.3157124335089 256.0487796295363 562.352780143026 348.4513299219538 592.9562001535433 251.61563264389233 571.3384984053138 380.8200781557396 648.900397226725 318.3723988924488 525.7850474249793 441.1862020145985 700.6172002718257 327.02627269977324 514.4933530362302 444.7874397261225 711.989694069477 136.27432956300177 614.0496535722593 306.75782823803644 532.3398067219514 320.3483311114397 532.3784847806322 375.41015623224547 629.8214314486446 192.95434186670232 592.5563042379847 467.6507286462191 783.3494930218407 201.48600220042636 590.9981674963705 343.54301397001996 592.7485484953614 235.42209775077302 572.7013258462745 402.0060140663989 642.3907746396197 223.65942693497695 577.4396755323897 380.40647973999745 623.9595834347875 299.2288159082411 524.0032887563158 450.62922571537916 713.4987663912949 291.6267544885715 534.756163464867 460.7193090804128 759.4625330724498 298.62665585052883 530.5070035829092 362.8326496646437 613.4468934142775 274.3183014237903 562.1962206501818 317.3504124681053 556.4275257961333 281.2503595951798 558.945643544974 410.48369726558747 645.8301440182661 255.04819861726804 567.191676351011 455.29014406686167 744.3077798474268 309.73777273290483 533.4678339580119 444.77810165993577 697.9075964202088 197.63610475280547 601.4047004966219 460.9278777883116 766.3827952181814 205.26317569480545 598.3863947817375 455.97817933187883 752.307879273616 181.30653163813392 602.3896378648626 356.3548212049854 601.0997044574319 187.65915273018118 598.0281374936868 326.9829911626054 574.2503948692322 213.78856894523784 589.8981597011764 422.690017072193 648.6222387636533 129.81590269046734 612.304570919416 451.078382695087 729.1896318141119 280.5514088028494 542.0670816684974 406.27197283227844 651.4939546739154 221.86380535735313 581.5292771465101 405.14462530944814 633.8945690335817 322.1550030088106 520.2637601391715 352.58234373650686 592.3753219938566 314.1718639031634 531.9804762334198 457.6750679233872 737.0976330786842 249.12087348892987 565.7340518494685 428.67106731323577 664.8425423168227 274.5109325031421 541.8128000597851 318.6053421334957 551.571103384804 316.42146786006515 519.6774964921135
1070.007825810686 7.171446030696737 0.8895084050381082 7.171446030696582 0.8895084050382327 1.9890012602230562 0.8895084050383859 3.558033620153012 3.558033620153167 0.8895084050382915 3.558033620153148 0.8895084050384214 3.5580336201532554 3.5580336201531635 3.558033620153173 0.8895084050381636 3.558033620153181 1.7790168100765817 0.8895084050384608 3.558033620153188 1.7790168100767052 7.171446030696651 0.8895084050381447 7.171446030696637 0.8895084050381172 1.7790168100766164 0.889508405038101 7.17144603069659 3.5580336201532217 1.9890012602231835 0.0 3.5580336201533096 3.5580336201532057 0.8895084050383937 3.5580336201531426 0.8895084050383392 3.558033620153172 3.5580336201531373 0.0 0.8895084050383089 0.889508405038349 3.5580336201532727 0.0 3.5580336201532927 0.889508405038225 3.667537108847388 0.8895084050382496 0.0018503082442074814 7.1714460306966945 3.6675371088475144 7.171446030696665 3.97800252044619 3.558033620153163 0.8895084050383895 3.558033620153104 2.4906235341071636 1.779016810076502 3.558033620152965 1.989001260223078 7.171446030696712 0.8895084050382794 3.5580336201533207 0.8895084050385035 3.667537108847611 3.667537108847611 0.8895084050384366 3.5580336201531946 0.0 7.171446030696611 0.8895084050381862 0.0 0.8895084050382894 7.116067240306273 0.8895084050382961 3.6675371088475197 1.7790168100766863 1.779016810076458 7.1714460306966 1.9890012602229363 3.5580336201531635 3.6675371088475446 3.9780025204460374 3.6675371088475006 0.8895084050383769 0.8895084050383406 2.223771012595713 3.6675371088474784 3.6675371088475184 3.5580336201531835 0.8895084050382873 7.171446030696664 0.0036718641663933595 0.8895084050382998 3.5580336201532967 7.171446030696643 1.779016810076642 3.558033620153195 7.171446030696589 0.0 3.5580336201533274 1.7790168100766384 3.5580336201532305 0.0 3.5580336201532123 0.889508405038103 3.558033620153237 1.9890012602230547 3.6675371088476796 3.558033620153104 3.6675371088474438 3.558033620153132 0.8895084050381594 0.8895084050383502 7.1714460306967815 0.10569294894922669 3.667537108847639 3.558033620153156 7.1714460306965195 0.8895084050384781 0.8895084050384156 0.8895084050384688 3.6675371088475726 3.6675371088475055 1.7790168100766737 0.8895084050384449 3.55803362015305 3.5580336201531297 3.5580336201532874 3.5580336201532714 0.0 3.55803362015316 0.8895084050381827 3.558033620153055 0.889508405038397 0.10167440145127492 0.8895084050382452 1.7790168100765147 0.0 3.6675371088476285 3.5580336201532683 0.4528457814478648 376.0249696344188 630.7962426886609 235.92118991280643 573.8396841913228 439.8638082090621 697.0432972219066 141.55099510766905 610.7168723329847 310.10770907491013 525.7917666976809 309.1256846925967 539.1814885171505 447.9834804730667 708.9833515015478 223.872877463658 585.0822071133572 351.43304571192476 586.9001684814285 165.30233085118354 608.2317259109534 419.49996204391636 652.7515632681597 321.53932266538857 529.1309080055269 319.42936718722007 548.4133871383576 289.6208763927613 545.4283448588825 413.36365374013945 662.5361397749934 270.93435440932706 550.2658993961209 325.5091587882742 545.7672385851553 270.3636650683694 554.5803275265321 466.59388738882024 782.8623054293721 150.87598241919633 611.2621324295814 353.54956552813695 608.156668721531 183.46140548108238 602.3150069155449 414.96427735795163 671.1524638884221 172.43611095295995 610.5831897631645 467.2271179838959 767.2868013756488 300.37208992847076 543.7706948414492 346.4182807754827 590.888384845939 208.8277763352018 583.3150544056309 377.9570700749886 644.7570069138706 283.26620419554285 544.4921467672337 441.42271709730295 690.5454166696618 202.3750212214618 596.4682432976314 396.9947222102964 641.1563560810722 239.47448628883336 579.4031668354872 419.8174510109872 667.9182320425319 133.30894309164455 611.9720864628742 327.8768868360922 569.1868582738236 190.62584232987302 598.6862337243524 388.6975238714337 634.5587446813767 291.27705854998317 538.9731929328368 464.8845011949725 788.9476963202171 274.9964804763847 541.5086533749619 370.8610787412354 628.4735148689928 219.6103960055313 588.6394625497788 463.6680361627676 754.7459818745805 269.4325248922386 558.9556032462646 310.6169844568366 522.4263024682257 200.95449504974596 591.3398674636386 341.39548889210755 583.2292320201353 225.630013249961 579.7103579642157 326.86391517841696 575.2236413475597 258.1117288356034 564.469524002779 383.6284596262206 638.845063083331 158.37515873860036 611.9717805790447 466.9121647386018 797.0996390805594 287.5742149878082 533.3164814492213 374.6607969010026 621.5704617073455 156.16398164277746 607.9266528648568 463.60535332341647 762.547971773632 287.8842849347602 554.0463095658007 397.77341284856647 632.6794595077872 281.6916698945855 548.856514658269 374.36817448578006 636.2873475447565 205.13079733513297 587.7598824886691 390.45297680194415 629.4834768099635 180.6535128947921 606.712745428614 450.8607517051194 727.2578501152763 258.33120756196405 568.8976452614978 434.4639005945688 676.4646021391774 308.1586308507765 518.277529245532 436.1755843217849 684.0852311987062 323.73333818400727 523.4798611647574 332.9619677177151 573.0717141769667 152.45514624773543 615.8566240705399 381.99176896324906 649.1494974140111 263.6070532675415 552.3826988990161 459.24594811109637 740.8237237439686 307.87061489078746 529.7797998223115 429.2795833539077 663.2235810622989 260.40518948135656 560.3094203001123 455.823576579189 730.000317294341 250.53405585467567 564.5486757644965 352.410785026948 600.9269926700031 245.3269531608957 574.3225571671203 384.27050180150366 656.0188371690549 315.14986137669143 529.1724587294415 443.12296914674823 705.1723947810978 320.1118056533293 518.3250280558171 447.2706972952783 717.3959033833535 127.59480753676054 615.9403070207981 305.4153278506909 534.0970336754933 316.43372452412115 534.4853070299457 378.2084239186264 636.1509125032007 185.57235184501215 595.650345390327 468.73851129194475 790.7856126793189 195.23486297448062 594.431368044313 347.82834288859266 597.2976467064211 228.90647910680872 575.0163602454674 405.4958709798431 646.2934862154565 218.47336869527837 580.8128068893222 382.174501946077 628.5823114348811 295.78950819418554 528.1861574612951 452.9409846958285 722.1238056517351 284.2646150798661 537.6579142868519 461.94896018511855 768.4431093316648 293.24591081949137 534.1617024071527 365.578779869446 616.548579108301 266.8561833107991 564.8249227966022 322.51205436636917 564.9152688978531 275.6783693748528 560.9887749795921 412.89766841275593 649.117981866936 250.46178515857287 569.0681776245689 458.8670597176145 754.5711746133665 308.2478452509504 533.7597137158023 444.99156489153233 699.9341222604281 190.3280358192114 604.7694792095398 463.1884140914516 777.0844960083938 197.7410286331519 600.877480570878 457.30486699841725 759.167592762688 174.66919729625428 604.3988237348674 360.79308925572786 606.6789052979017 176.9557025890785 600.0627113067031 332.37282920248845 580.4533771191979 212.1010419935646 589.3543115942856 424.903625452439 654.122737026306 123.00478933056365 613.4579201803191 454.1973699238191 736.4722744305657 274.1269476143027 545.8872878730124 409.0495399483077 655.6990246001149 214.6352152144459 584.9345190626857 407.590423375937 640.3691540189951 317.53210523812123 524.1857963523005 356.79893842119213 599.1376116222739 311.0692079588374 533.332252632353 459.8021035940572 746.827248843036 242.27484016355257 570.1925974547501 430.2118534976859 669.5433979557106 265.76738370736945 546.5491609139996 321.6041045038543 557.8055657372703 313.4400755992274 521.9348920806813
1080.007825810686 0.8895084050382451 7.171446030696665 0.8895084050382077 0.8895084050383099 0.0 7.171446030696494 7.171446030696502 0.8895084050383405 0.8895084050382377 0.8895084050381871 3.5580336201532705 1.989001260223143 3.558033620153177 3.558033620153156 0.8895084050382805 7.1714460306965835 1.9890012602229932 3.558033620153176 0.0 3.5580336201532137 7.171446030696772 3.55803362015313 3.6675371088474975 3.558033620153103 0.0 3.558033620153109 7.1714460306966465 1.7790168100765202 7.171446030696667 0.8895084050381201 3.5580336201533225 0.0 7.171446030696624 0.8895084050381961 3.558033620153002 3.5580336201531386 0.8895084050383357 7.171446030696661 0.8895084050383659 3.5580336201530502 3.6675371088475064 7.171446030696503 0.0 0.8895084050381108 3.6675371088476694 0.8895084050383161 0.0017059826054554468 0.8895084050384221 3.6675371088475814 3.558033620153095 3.6675371088476263 7.1714460306966545 0.8895084050382309 0.0 2.4906235341071636 1.7790168100767219 0.8895084050382148 0.8895084050382038 7.171446030696437 3.5580336201531697 3.5580336201531764 3.5580336201530853 0.8895084050382149 7.1714460306966705 0.8895084050384112 3.5580336201531284 0.8895084050382284 0.8895084050383659 3.558033620153121 3.6675371088475894 7.171446030696511 1.9890012602229707 0.8895084050382898 0.0 3.6675371088475783 3.6675371088475917 1.7790168100765573 3.558033620153124 3.9780025204461484 3.978002520446088 0.0 7.171446030696638 0.8895084050381832 1.9890012602230556 7.171446030696539 2.5159097004999715 3.6675371088475566 1.9890012602231266 0.8895084050382686 7.171446030696619 1.7790168100765291 3.558033620153212 3.5580336201531333 0.0 7.171446030696658 3.978002520446008 3.6675371088477244 3.6675371088475055 3.6675371088475295 7.171446030696632 0.8895084050382187 0.0 0.0 10.67410086045958 3.558033620153224 3.5580336201531018 3.5580336201530067 0.8895084050384646 1.779016810076551 0.8895084050382416 0.8895084050382225 0.889508405038131 3.558033620153312 3.9780025204460454 3.558033620153243 3.5580336201532043 0.889508405038262 3.5580336201531275 3.9780025204459624 3.9780025204460623 0.8895084050382384 7.17144603069667 1.7790168100766766 0.8895084050384279 3.55803362015308 0.6226558835269573 3.5580336201531644 0.0 0.0 0.8895084050382545 3.558033620153091 3.4727310336418413 3.5580336201530542 3.6675371088475184 3.5580336201531404 3.9780025204460583 0.8895084050383032 3.6675371088476165 0.8895084050382781 0.009846773099131593 378.8296337000388 636.042377297898 228.47240219399322 576.5175719503449 442.5810771285634 702.367127628087 135.70794175815809 611.7390336969722 310.974460909184 527.56792664531 304.6637857487126 542.5345138420469 450.8621558754885 716.3553130167503 222.02556996425804 585.83618338978 352.58848951220006 591.8024893854598 158.65461970777739 610.2985917752466 421.0589548938696 657.4483817587674 316.9914238086022 532.1933023331987 321.7349204723341 554.9787781187654 283.3104074632094 548.2871227584285 416.87069423746664 667.5448621592654 262.1800485122144 555.0724267173481 324.52616040717356 551.1629175239349 264.93051220039365 558.3971758333886 468.2466472541479 790.6281765111181 143.10725578627398 612.6989709593325 358.0699988082659 615.8775302461244 173.63161059857288 605.9505944303329 418.4492222181196 676.17136981822 163.8633300949087 613.0638622586378 468.2560248960209 775.2612140718985 295.1211229582994 546.5831940505732 349.5457012810394 595.9816509974127 200.61870312594837 587.18300559145 381.8361968065737 653.8470120243518 280.244288459019 544.9337482699477 443.1051619351087 695.1928959996244 195.53705767841475 597.6071274403798 398.6375441065019 645.8230292780025 235.5478838374161 580.0550802545004 421.7946341988708 672.4559478932493 125.95622642183038 612.9461866040333 331.309706559291 573.0349221486242 180.40155347365794 602.758354948664 391.16621548873337 641.0266819186793 289.0223937949803 541.2413570059254 465.5916121961882 795.4570434145169 267.4901510007898 546.7533527698183 372.66488044632877 632.0000127218613 215.15905263809447 591.1085926316609 464.2248807539945 761.8557142470847 262.0262154851398 563.1747745335423 310.7694775491637 524.7232233647301 191.14631282159775 594.9621759155862 345.2152011912628 588.0032128139756 217.12021112279533 582.3012356991961 330.89488133881997 580.979975163232 248.26433519297083 567.734447188684 387.030771971158 644.9162838830288 151.58834322563274 613.2901870576652 467.9426395206606 804.7324940835264 280.59034797453273 538.430565800283 376.4084338901093 626.1962223187021 149.5079866836351 609.958396400432 464.65059603046757 770.5277592517389 284.21164422279685 555.5117574320319 400.20609758647146 639.1584421155172 275.3407254160014 551.5906040680393 377.5655659039095 642.4416105184422 194.79710261827353 591.2819221516517 393.06759300774183 633.7399942536183 172.31593012930222 610.2735975690134 453.61959865433374 733.62288422583 252.2311293890467 570.8954068603233 437.8270230822846 684.1787878038912 304.5642201547121 522.1975294868863 438.9866796776767 692.5299063049347 320.30442806659676 526.5776474983745 335.9132190085059 578.2390723088695 146.67260320551415 617.1857476835321 385.9231038888273 659.3001985103809 254.5158716215336 556.3550247516479 460.75922666360486 746.0493700688248 297.3567796652972 533.5376009645626 429.4181730118425 668.4533520953323 254.87382006300427 562.4470529766062 458.17143370966664 735.9873887971145 240.01674295112872 567.358427009558 356.10311555703385 607.9373874112599 239.6602313363067 576.0688526222734 389.1077365358077 666.8476606679969 313.1394284353693 529.6107576231867 446.34592106104407 713.4707605981773 316.0166401291677 517.9017211023296 450.135708360995 724.766409093715 119.74012960586762 616.9142899357453 305.7377164624593 539.5875164906178 312.51903773674314 537.7160723107309 382.6898904316313 646.5964461283363 177.68913823139405 596.6272687368454 470.2850861177366 800.1296249577412 184.6009721084114 598.9173012865291 352.0516264490074 602.4435580116167 220.13625830014166 578.5066510654051 408.2246476228428 650.5297075664492 208.72253105887432 582.6289761869627 384.0637898553667 634.2267268103135 291.8794501425216 531.5306866484641 455.4355269478119 727.0118737782257 274.2890015638104 543.2737827298693 463.68806969995217 776.1926257820279 288.53486333004145 536.953283186176 368.7996750122075 622.6909124118133 259.7057066637997 568.3488587154139 326.34961272494604 570.7592249125007 270.1116745439451 563.048385784006 413.414346388294 653.1610864254524 242.38485624847678 571.3723146911013 460.1195983708343 761.4477222629641 302.70303968097977 534.7404989949665 447.65806297913804 707.3786622321863 183.632940742966 606.5331921844906 464.08916201442577 784.0588048186328 191.16991407931232 603.1616083193346 458.9273709424855 767.993634814729 165.57556184183773 606.7808539024056 363.8774608962196 611.7973515146388 169.4798897340273 602.9066479137798 337.1081423736225 584.8022971952809 205.27508514533164 590.5776438954158 427.1609285195703 660.6668972816165 115.26026749967735 613.800023490523 456.532644051537 744.0290596997535 265.7018763976281 550.1434020888086 412.299595334167 661.3262350195824 211.05105200366944 586.8973627584202 410.2025432685162 643.5873385102824 313.8565454683496 526.862738789114 358.60127745354777 603.7431235895727 308.28207013531664 534.6060011679676 461.01422090430145 752.6762064111063 234.786133364333 572.7150302366185 433.55491217745487 675.6880451968066 256.9094693549147 551.1064562596787 323.74144406262917 561.1690681933985 311.93504602354193 522.1242646498981
1090.007825810686 0.8895084050383772 3.5580336201532017 7.171446030696594 3.558033620153204 3.5580336201530276 0.8895084050381871 3.6675371088474593 0.8895084050382526 3.558033620153319 7.1714460306966235 0.889508405038235 0.88950840503847 0.88950840503826 0.8895084050382398 0.8895084050382124 7.171446030696685 3.6675371088474757 1.7790168100765824 3.5580336201533256 3.558033620153179 3.6675371088477613 0.8895084050381065 3.667537108847663 3.5580336201531515 1.7790168100765973 3.5580336201530214 0.8895084050381626 1.7790168100765775 3.6675371088474513 3.5580336201531053 0.889508405038277 3.5580336201531315 0.8895084050383024 3.5580336201531955 3.558033620153076 3.5580336201531924 0.8895084050383208 0.889508405038099 3.558033620153222 0.8895084050382015 7.171446030696675 7.171446030696575 1.779016810076597 0.8895084050383042 3.6675371088475215 0.8895084050384368 0.0015964516204274972 3.558033620153084 0.8895084050381347 0.8895084050382339 1.7790168100764678 3.5580336201531453 0.8895084050382087 0.8895084050382757 3.55803362015334 0.0 0.8895084050381761 0.8895084050384232 3.55803362015333 3.5580336201531995 3.558033620153025 0.8895084050383819 3.558033620153068 0.0 3.5580336201530782 3.5580336201530933 0.889508405038299 0.8895084050381646 3.5580336201532496 7.1714460306965675 0.889508405038275 3.9780025204459384 1.7790168100765378 0.0 7.171446030696801 3.6675371088474757 0.0 0.8895084050384416 3.558033620153013 0.889508405038277 1.779016810076613 3.6675371088474935 0.0 0.8895084050381021 3.6675371088474424 7.171446030696596 0.0 0.8895084050381323 1.7790168100765849 0.0 3.6675371088476854 3.5580336201531884 3.558033620153305 1.7790168100767136 7.171446030696812 0.8895084050382492 3.667537108847687 3.6675371088476365 3.558033620153224 0.0 3.5580336201530893 0.0 3.5580336201532567 3.6675371088474646 3.5580336201532994 3.5580336201532057 3.558033620153125 3.667537108847607 3.6675371088474167 0.8895084050381152 3.558033620153266 0.8895084050383253 0.8895084050381921 3.558033620153072 3.558033620153125 0.889508405038317 3.5580336201530005 3.5580336201530955 0.8895084050382619 3.6675371088474753 0.8895084050383789 7.171446030696665 7.17144603069676 2.515909700500109 3.558033620153204 2.4906235341072223 0.8895084050382871 7.171446030696588 0.8895084050383509 7.171446030696643 3.558033620153347 0.010772952680893982 0.8895084050381998 3.9780025204460903 3.558033620153039 0.0 3.558033620153216 3.6675371088476005 3.558033620153202 0.8895084050384564 380.82737900892465 639.4897079715452 219.1359392159391 579.9205313067724 445.6161753656612 711.7755938624949 127.81920177218569 612.4706969684335 311.2720480748108 530.9374552514477 297.5773763888671 546.0122058809072 453.1680304623664 720.7870175077529 218.19278562965943 586.8097634617569 354.76719259189235 597.3258133969553 150.50586886144254 612.4656118900508 423.7190282100732 663.8405818323859 315.7035911548692 534.1207388372408 325.68402593135335 564.0443510036998 279.60611371459686 549.6519902739063 419.5027378804657 673.9451321576779 253.94321907175032 558.5172757619056 325.24291715497105 557.3708300268208 260.000995487587 560.8007364865824 469.72689243154264 801.5375238118145 135.38287008694581 614.4576673285875 363.251098285413 622.2529806965908 166.600010984691 608.5969688440285 422.89058212654413 684.0161651717166 155.68522336450692 615.0372891782702 469.5169583141799 785.212203792269 287.74430449411534 549.43213258228 352.34534469254515 602.309216270921 194.72721480412903 590.2829331003617 385.8712947062875 660.1860173357753 275.51460247502416 546.3914619938434 445.60615456981986 703.7413597063269 191.67081410488032 598.4285268995238 400.39627201198937 651.509119870481 225.35717856302182 584.0512141446104 424.93263517926613 678.1458651582238 118.06650376637002 613.6607327286849 335.92482723145116 580.1636429394272 173.8614196301955 605.3582208836298 392.98286829316356 646.6936027937145 284.2202102772913 543.8926482884567 467.29002761297266 806.2975298853034 259.224354195646 550.0736706961029 375.57571963160945 635.0592919547034 210.2958969308427 592.0120567599324 465.44646226333384 769.7622701681288 255.910512952957 565.1354337263524 310.81319669469775 526.1192846010715 184.1055392487948 597.4956136133419 347.37589895877557 589.2027315961227 208.71766246855907 585.385349728356 334.70083074060034 585.7612228052249 240.6747948575315 569.9479719132544 390.40919848073696 650.9992778555734 143.918277680744 615.3531967061978 470.06160745388297 814.2071418740587 274.452629802682 541.7704088469013 379.18055867763127 631.4620786812113 143.57450747328517 610.469854115988 466.2065477770222 778.8458208229654 281.16866770995307 555.8320634022792 401.5130159980465 645.0266489835004 272.30132862079574 551.8802373067617 380.57144523223747 647.6056603534504 189.1622330359929 593.2608614955301 394.43533781096767 636.3819747849016 163.33087279503033 613.2668000725105 455.58250378697 738.6995351489213 248.30950167127727 571.5551561843649 440.85491860838266 690.4463795352583 297.30394584214906 525.2803011094679 441.4348309174561 697.9519268017499 318.21647206524995 529.1503444460575 339.85983563918955 585.1311233095153 136.83986356233902 618.3066189754562 390.47663430203465 665.929926604488 245.27206655255668 559.9616994985342 462.43504843528797 752.7796209810374 288.3776614493452 536.4056681445405 432.1523224380504 675.8720021631791 248.03783692156642 563.7422280859527 459.50077811354276 743.8779760188359 231.10362193120227 572.1632286572022 358.93799825991425 613.1683956018071 229.36466654911771 579.645789525355 395.5508649137542 672.6444336562521 304.9382981894216 535.5644834475116 448.29469724852476 719.0720736967039 313.3121415426879 519.1387252354544 452.11398062567366 728.2720399216953 112.82539253765316 617.4602759228133 312.0703973796127 548.0754672647654 307.3205960188201 539.4004383956013 385.448534398486 651.8679329514592 170.21911998724332 599.6266754826561 473.2456423444988 810.0767130951958 176.91183807139598 600.7667149157224 354.7806702313348 609.8792836680343 210.66548806760918 581.3503537628036 412.6517482391548 657.3037391777852 201.08219581475015 584.6861148833004 385.4519090130749 640.0762629905477 279.8212093373926 535.9980830909502 456.22432409718505 730.9183345311303 267.6243420418696 546.6991744853453 465.79966241439803 786.403723958971 281.4194791787422 540.4834557353728 372.3279717015027 626.5571728248225 254.91581352317678 569.5704074500342 330.74892750374914 577.9849064536006 268.40374404310177 564.1610901474623 417.1285467212934 660.2089192641604 237.09869158235145 574.4353574863122 460.06286701787536 766.1302510459849 295.46066538559904 535.3508619694326 450.1646913012741 713.831984922109 179.03563285481368 608.7353955929025 466.0555139859732 794.8234556624855 187.40861701556358 604.457770078917 460.76349656048137 774.6644053900075 153.90570876614265 608.9179445159958 366.3971342523609 618.2434929467619 161.41586116840517 605.4402407624956 340.3139371198649 593.1178428898771 199.28110244479356 593.2118446170099 428.53841113271375 664.3695158091989 109.22871156113231 614.2338973330709 457.4449218630047 749.9688734481113 256.4980576454361 553.7586043133354 415.1876178028547 665.5142836179251 203.57514911934058 589.6581976983165 412.44734354996075 650.1358882842225 313.24692307634547 527.5614211582739 361.35395329147445 606.3131733045619 298.6952003754458 539.8981220512445 462.81914238893063 761.4423594738495 226.44746934106027 575.9680549407516 436.9362836243895 682.8743378830163 248.5837424456199 554.2779360734235 326.2989280660517 571.4216759333524 304.47865149201135 524.3074879555164
1100.007825810686 3.5580336201532385 0.8895084050381659 3.6675371088476636 3.5580336201531515 1.7790168100764507 3.5580336201530436 1.779016810076424 0.8895084050382142 0.8895084050383708 3.978002520445972 3.5580336201533163 1.9890012602231995 0.889508405038275 3.5580336201531817 1.7790168100764376 0.8895084050382457 1.7790168100766934 0.8895084050383546 7.171446030696822 3.558033620153156 1.7790168100765393 3.5580336201531746 1.7790168100767112 1.77901681007639 7.1714460306966155 3.558033620153222 3.6675371088475752 3.6675371088475397 1.7790168100767163 3.5580336201531875 7.171446030696598 3.5580336201532257 3.558033620153115 3.9780025204460365 1.9890012602228624 3.5580336201531733 0.8895084050381689 7.1714460306966625 0.8895084050383214 0.8895084050384617 7.171446030696463 3.558033620153209 3.6675371088475064 3.558033620153171 0.8895084050382682 3.558033620153155 3.9780025204461005 0.0 0.8895084050384199 0.8895084050382982 7.171446030696487 3.5580336201531537 0.889508405038299 0.8895084050382385 7.171446030696615 3.558033620153077 0.0 3.5580336201531826 0.8895084050381621 0.8895084050383547 0.8895084050381931 0.8895084050384359 7.171446030696604 3.6675371088475797 0.8895084050383324 0.8895084050381673 0.0 0.8895084050384273 3.5580336201530223 7.171446030696554 3.6675371088476094 3.55803362015322 3.558033620153116 3.6675371088475877 3.6675371088477133 3.9780025204460743 3.6675371088473776 0.8895084050384097 3.5580336201530667 3.5580336201532115 1.7790168100765613 3.667537108847599 3.558033620153075 3.558033620153111 3.6675371088474007 0.8895084050383585 7.171446030696788 3.55803362015318 0.8895084050382867 3.6675371088475335 1.7790168100766373 0.8895084050382871 0.8895084050383646 1.7790168100767176 7.171446030696808 3.558033620153156 1.7790168100766948 0.0 0.8895084050382581 1.7790168100763806 3.5580336201531138 0.0 3.6675371088473656 3.558033620153124 0.8895084050383965 3.5580336201530907 3.5580336201532745 0.8895084050384798 3.6675371088474766 0.8895084050382671 3.5580336201531804 3.5580336201531733 0.8895084050382701 3.558033620153102 1.7790168100766202 3.5580336201530947 3.558033620153212 0.8895084050383926 3.558033620153168 7.171446030696702 0.8895084050383586 3.6675371088475717 3.6675371088476245 3.5580336201531733 0.8895084050383512 3.5580336201531297 0.88950840503833 0.8895084050382075 3.5580336201533505 0.8895084050383958 3.558033620152981 7.171446030696604 0.8895084050382898 0.8895084050381373 0.0 0.8895084050382465 3.558033620153 0.0 3.6675371088474975 3.558033620153188 382.9339143418595 647.1755697668025 212.555030176132 582.1962489836353 448.1259947655512 716.1439441594051 121.88170454850354 612.8715563892735 310.9963973362905 536.1849692722864 292.84164797815976 547.4440597653512 454.5681368396417 726.5670389538325 210.59042364048904 589.0373835636751 356.0450396567252 602.1579927113926 142.36749761828722 614.7832818732796 425.3460654337638 669.0305823022015 314.06175446705953 536.6576692482467 327.70511613893655 569.096774643949 274.83789889741604 550.9607190582939 422.9065183924206 679.0226213406924 248.515219604671 561.1079846010301 324.6182567873156 562.5420604944583 257.37647140406295 562.3791515488932 471.938920657714 808.097625784483 127.49332832063327 615.1756819126317 367.79371366922254 627.3091731195783 158.80684358477217 609.9518285628334 426.82707440565565 689.9632012235796 148.04617977680553 617.2998405072669 471.1324074305305 794.0159106327359 283.16632599134596 551.296699551723 355.4695568558558 609.5731943196357 187.02647870090357 592.0864066235513 390.18289146563507 666.9875887086481 268.61384862203494 547.5629984879363 448.82516882073514 707.8641429882679 186.04246339590367 600.539282144753 402.41343517013064 656.0321010602299 218.8986196432622 586.842217357794 427.7882479312988 683.9474526567432 113.03235796600296 613.4218062920964 338.9739696996497 586.3775418946676 167.09719074054573 606.8196922749993 393.2638736272714 648.7072504092349 278.7797764442527 546.3226722722787 469.7817049426501 813.8053128370208 253.31656194834397 551.0585821388748 377.8506201037884 640.5381864937959 201.5506935042679 593.6499724835743 465.34542204554026 777.0272194764984 249.54118312529087 568.0039828143805 310.8941375398591 528.7499262098671 176.82985108453153 598.9101692336247 350.2111254834998 594.4349171534913 203.03792347621703 587.1401671292597 337.91405596545195 592.9885063313658 234.03790588063882 571.9261908455703 392.2128868833419 656.6705488806563 135.6630046599815 616.9175015480242 472.1627260317336 823.2746766447278 263.33971607335883 545.9249687084555 380.78117886827476 637.2184736232616 135.68867011658818 611.2175338593163 467.64362845064187 786.1554393906855 279.6054554056559 557.3998625803501 400.86175277572625 647.4094336899145 265.92561335203476 554.6699912666528 383.3317260837153 655.0143429915846 182.89723947849603 597.2557801945403 395.33903839230146 639.2163191232158 157.48895143668707 614.278705557323 457.9983886210329 746.2271551853062 240.16827933132896 575.5171467568296 442.3279691660383 696.2122983123955 290.6729673595727 527.2637541408803 444.3958918553781 705.8204039134863 314.8704064412021 531.3552757975655 344.9838161295066 593.6681695724299 128.1651704303174 620.4015484182951 394.678773168444 668.5266278918737 237.00861192352784 563.4464545016247 463.6124882011458 760.6934412380072 284.11449366670087 537.6883833734078 434.60562279825933 681.2916007751415 243.40156901056272 565.504442852201 461.8931299726569 751.407714573165 221.6186898877824 574.984815480496 363.8510993011631 619.6697095463086 223.52299618573562 582.8454660495531 400.1414718642554 678.3281535538073 302.25350630681936 536.8765461309084 450.7164957995306 725.5556544815715 309.6754273709394 520.6721358875756 454.2039569639055 733.8265141689865 106.74061654849824 616.8780149289006 315.8483048635887 547.4251854683708 300.97763119391783 542.1814695626306 387.84346493298744 658.3603279345658 163.61666152541795 602.0581163810323 474.3136258419563 818.0078524250482 170.24731812310057 602.7552816633668 359.54889571384757 615.365970980906 203.96170615923288 583.0798424366131 415.1088134397391 663.2455978147593 195.5821574052237 587.3634707385348 387.2465330222904 645.7492137137601 276.3310764483844 538.0100822330878 458.890210951064 739.9204663791687 260.4418165206411 550.2294442533408 466.3730733545388 793.4573427847935 274.87122859514136 542.7223167951506 374.4649568515662 631.0218306084015 248.6052709364888 572.6531202841287 333.80623871684674 584.1960057886567 264.6183053917922 565.3039074245751 420.420348327155 668.478263253729 228.52790230273737 576.8362804996883 460.9711744595673 774.1202610032261 291.58429696865414 536.2634697561624 452.28257270368346 719.3725749496253 173.10999081868502 609.314095791695 467.7971158450049 801.5237218810446 183.71877237106784 606.1775934549665 463.11053723022826 783.2473547333873 144.2690587280466 611.2436420884555 368.84886611714035 621.4979655890578 151.79567093875033 607.8187169472892 344.78633796505574 600.8663644889268 190.56784520470913 594.9902915434006 430.35347278010414 667.9178947568508 102.07997273370142 613.8865511056433 458.70182962359473 754.754983630869 251.978613211235 555.9024014679055 416.3935137253374 672.4403768359194 196.75802514127628 590.8415335827845 413.8270678324961 653.8434081639026 304.6238817032847 532.596408663831 363.29912730947575 610.8567530887294 291.28682118875923 542.6456437245168 462.92535210187236 767.6176056998426 222.0497920162893 578.8269942409937 438.8930209115507 688.4693733557824 243.00911779198313 556.3664227476953 330.72015422592085 577.0163326575873 298.1373367584243 527.079892744678
1110.007825810686 0.8895084050382331 3.558033620153165 3.5580336201531257 0.889508405038125 3.6675371088476374 3.558033620153145 0.8895084050382966 0.8895084050383479 3.5580336201532683 3.5580336201531977 3.5580336201531515 0.8301178041653511 0.0 0.8895084050384027 0.0 0.8895084050381741 0.0 0.8895084050384818 0.0 3.558033620153156 0.0 3.558033620153162 3.6675371088476383 3.6675371088475566 1.7790168100766433 0.8895084050381296 1.779016810076632 0.0 1.7790168100765718 7.171446030696718 7.171446030696556 3.5580336201531613 0.8895084050381722 3.5580336201532234 3.5580336201530836 1.989001260223083 3.558033620152959 3.558033620153217 0.8895084050383265 0.8895084050383427 0.8895084050381651 1.9890012602230815 7.171446030696793 3.558033620153205 3.667537108847599 0.8895084050383587 1.7790168100765273 0.8895084050383834 0.8895084050382805 3.5580336201531653 3.55803362015296 0.0 0.8895084050383584 7.171446030696655 0.8895084050383057 7.171446030696637 0.8895084050382202 0.8895084050384692 7.1714460306967025 3.558033620153285 3.5580336201531426 0.8895084050384798 1.7790168100764432 3.558033620153169 0.8895084050382439 0.889508405038302 0.8895084050382682 0.8895084050382377 1.7790168100764738 3.6675371088476703 3.5580336201530884 0.0 3.5580336201530605 7.171446030696581 0.8895084050383716 3.5580336201531586 1.779016810076548 3.5580336201532656 3.5580336201530467 0.0 3.6675371088474376 3.6675371088476036 7.1714460306964645 3.5580336201531715 3.6675371088477053 3.978002520446208 0.0 1.779016810076509 0.8895084050382082 7.171446030696683 3.6675371088474424 3.558033620153222 7.171446030696626 3.978002520446072 0.0 3.5580336201531813 3.6675371088476774 1.7790168100767483 0.8895084050382596 3.9780025204460543 0.8895084050381991 3.6675371088476423 3.6675371088476862 3.558033620153186 3.5580336201532328 1.779016810076586 3.9780025204459384 0.0 3.558033620153149 3.6675371088476116 3.558033620153045 3.558033620153145 1.9890012602231 3.5580336201533 7.171446030696753 3.558033620153239 3.5580336201530267 0.8895084050381832 3.978002520446152 0.8895084050384837 3.5580336201529854 0.889508405038303 1.779016810076442 3.558033620153165 3.5580336201529734 2.4906235341072223 3.9780025204459246 0.8895084050384336 3.5580336201533074 0.0 0.8895084050381814 0.889508405038455 0.889508405038203 3.5580336201531817 3.558033620153089 3.5580336201531164 0.8895084050383382 1.7790168100766497 3.55803362015323 0.0 384.921500761538 652.2310039981339 205.72918138680123 583.3458103296014 450.729920990825 722.5733541030646 116.95836766091843 613.364650281529 309.5040857133345 540.6657259016429 288.2114665669849 549.203728683693 457.12334598918545 734.5736445441313 203.76396177840905 590.1662521017685 358.34652818737624 607.6218608464011 132.75010055409123 617.2679194875092 426.65821632008306 672.7591340316833 312.1972236235206 539.9504914550848 330.9570482636699 575.222020028649 268.281929022584 553.1878248279821 424.99511663749564 683.5283074755667 243.5525213349945 561.6348576547628 327.48176811637086 567.7588241967849 251.64945226080403 563.9207453162467 472.31021005432575 811.0806013786562 121.63015336726885 616.0653341858397 370.7910486322561 634.6218095563206 151.07825658513124 611.6946821763569 429.85117977186707 697.2890693920059 142.03394965377439 617.2332109567319 471.21395750087595 801.2101394127906 275.7755797533039 554.1625280682383 358.67448866199203 614.6588905796189 181.23930695098653 593.4057313696094 394.1911201784559 674.9923341482714 262.71317833303124 550.2692098391027 451.5208112550314 715.3058025863588 182.81294497461445 602.1198996614023 405.1587503435332 663.4461812171514 212.28069943220433 588.9894996816748 430.82606763256746 691.2608035319842 105.59209398655705 613.7935139339369 343.422137847744 594.1444403680715 159.45683625026027 609.0897700563675 395.1430496022544 652.2169451524494 275.0101269600525 547.5138910196129 469.67736681692395 816.9311203516941 245.26857009392918 553.4899469553594 380.73143243313757 645.7789680821362 194.71078091150142 594.7220182242713 467.3340019882478 783.6538411944302 243.98130978473108 570.2049364307601 309.3920151066885 533.780728457636 169.74169363480144 601.3942093400332 352.61680413815236 598.7818785226964 197.3121186088656 588.7729005274862 340.03859300475267 598.5277816970708 228.37173739187233 573.7399421313196 392.8214015444469 659.611028195936 124.05133236863783 619.4430109765948 473.88149969515035 832.0476874343235 256.47958178035856 548.8973800674421 382.9409977887802 640.6121069706736 131.81736986552832 612.0622970267733 468.3931340727964 792.1204213136053 274.8086815177656 558.6057252567084 401.9302585371241 652.2892119598051 260.22269144381784 556.2891319859017 387.5384560052679 659.7582111768767 175.8957907635773 600.2396345439437 395.7305663335391 642.2485068782466 150.7727172630997 616.1027018610988 459.1904825060854 752.5838131610324 234.50864778515657 577.3609908535858 443.81916808918163 699.8826041924544 284.8456876917518 531.6145910590508 447.02848968784366 710.6773052201778 312.7972846048089 534.2470607150597 348.5569058880446 600.7395828952597 117.52733371682037 622.7645511573425 398.3347193930486 673.5009573999456 229.71394232694306 566.9656455420811 462.9685786155051 767.0865791603536 276.5885819382539 540.0908316941651 435.89003269135054 685.0339664823165 237.2184987256252 567.2766858919963 463.1289764295145 758.782058986103 215.16703177434832 577.9063502198511 369.6744873929926 627.9531983158627 217.9457860133272 585.0607957947383 404.2645377739682 681.0488661206853 297.5412005910408 539.8684646454664 452.4350312097214 731.7530020263823 305.8234171630507 524.5011582671656 456.171557409037 742.5325833300933 99.89941639691408 617.9086562572564 319.9034781777999 551.0173607134398 297.56399873825313 544.4176822492706 391.58769519592494 667.5081702755429 156.75006071922024 602.9299687190702 474.0070400118306 824.7964447679931 163.18314404527962 605.4361221823642 365.0106628448399 622.726607841936 198.2818177824208 584.9578277560034 415.51331058174605 667.3013151073756 186.7541459268393 588.5491504689323 388.74868062152694 648.8768274122474 268.0498472101148 541.3363975541253 461.15086542158593 748.014626121684 252.95324416449554 552.8209440646053 467.5479468260529 798.263903902092 269.0827714768218 545.7991172295114 377.51175233980166 637.2588017702055 240.9383837488036 574.58536529887 338.1003372610891 590.9506827057957 260.9493350325891 566.8393287720272 422.962196143825 674.9179035370515 223.65152509008075 577.6722920761815 462.39725436332793 781.4327047059013 284.9460353840895 538.2291213834579 455.7116385036759 727.614521617599 167.26288515427106 610.3032349291352 468.5379447360595 807.4901813756052 178.98192140538555 607.7668309965475 462.8234025777249 787.459324278416 138.52393270562246 612.8879159718075 373.924337143193 630.6309079310349 145.15710713633138 610.1210692459028 350.09336376877667 608.2783184075355 184.86907808653783 596.7921179078182 431.71156162047765 674.7766308202305 95.71638246540161 614.7702426890223 459.1121423862627 760.3140555763841 245.22275611399144 557.435114381831 418.0462484793645 677.0955332316688 188.94439212001333 592.0729194743463 416.57219210116074 660.7347453002071 301.4080401542663 535.3133109340596 366.27784125986483 616.038507975634 286.3617008807606 543.4887793806655 464.26806491533415 775.4724598185537 215.54888082839437 581.4882184145279 439.776868380684 693.3865385370658 236.5385208710699 559.0028503809841 334.24411393265365 581.947042722152 294.3318318756886 528.1928954438894
1120.007825810686 3.6675371088475615 0.0 1.9890012602228742 3.558033620153172 3.978002520446064 3.5580336201530596 3.5580336201532208 0.8895084050382924 3.5580336201531853 0.88950840503834 1.9890012602228577 3.5580336201532203 3.9780025204460405 3.5580336201531835 0.0 3.5580336201531586 3.5580336201532865 3.558033620153195 3.6675371088476822 0.8895084050384157 7.171446030696634 3.5580336201531253 7.171446030696698 0.8895084050381328 2.515909700500007 0.8895084050383671 0.0 3.5580336201531466 3.667537108847611 1.9890012602229796 3.558033620153201 0.889508405038217 3.5580336201533473 0.8895084050381511 3.5580336201533247 3.558033620153163 0.0 3.558033620153173 0.8895084050384198 0.8895084050384304 3.9780025204461653 3.558033620153192 3.9780025204462444 3.558033620153188 3.978002520446152 3.5580336201532234 7.956005040892081 3.667537108847615 0.8895084050384439 7.171446030696683 1.7790168100765713 0.8895084050384917 3.558033620153016 0.8895084050381801 0.8895084050383057 1.779016810076624 3.5580336201531537 3.6675371088475996 3.5580336201529894 0.8895084050382653 0.889508405038272 3.5580336201531466 5.410668396552367 3.6675371088475153 0.8895084050384013 0.889508405038224 0.8895084050382153 0.8895084050382447 3.558033620153308 3.6675371088475783 7.171446030696482 3.5580336201530813 0.8895084050383619 0.0 0.8895084050381427 0.0 3.5580336201530565 3.5580336201531217 3.5580336201530622 0.8895084050382388 3.558033620153268 0.0 3.558033620153027 3.5580336201531444 1.7790168100766284 3.5580336201530627 3.558033620153249 3.6675371088474233 3.558033620153238 3.6675371088475344 3.6675371088474815 3.5580336201531964 1.7790168100766444 7.171446030696599 0.0 3.558033620153159 1.779016810076567 3.6675371088474846 0.8895084050383872 7.1714460306966386 7.171446030696558 0.0 3.667537108847647 1.9890012602230591 3.55803362015327 3.5580336201531297 0.8895084050384285 0.8895084050383335 3.5580336201532425 0.8895084050380888 3.5580336201529668 0.8895084050384306 3.55803362015324 0.889508405038198 7.171446030696738 3.558033620153183 0.8895084050383218 3.5580336201530893 7.171446030696736 0.8895084050384197 3.558033620153208 3.5580336201531257 1.7790168100764314 7.171446030696719 0.8895084050383557 3.5580336201531297 1.7790168100765356 3.558033620153114 1.7790168100767034 7.1714460306967 0.8895084050382331 3.558033620153244 3.5580336201533393 0.8895084050381116 3.5580336201530183 7.171446030696657 3.5580336201531337 7.171446030696599 3.978002520446194 1.7790168100765844 388.7182595184718 660.3079354600345 201.00294130637684 584.9766906615706 452.94214522144114 729.6466281556034 107.11168103791985 614.3491778586213 312.4475606316824 549.0994841649252 282.5192478089038 550.8793039891685 459.0632686100097 741.7324411625865 198.94282049971326 591.2969580190198 360.4466317462041 612.1016504748666 129.13758866283413 619.81529916874 428.40158797713934 676.3368643696459 310.844072037653 539.7722404074934 333.75444713257906 580.4734739023073 262.36199953682876 553.985051314577 427.8959697619284 686.7255704516989 234.14163651878735 564.8053012322066 330.45720139409207 574.0055200532516 248.708863010951 564.3672873020834 473.38113954992724 821.0540584083078 115.16715814509068 616.2910258455129 374.48000871065784 642.7289982152569 141.3104542244089 613.2025021419105 434.3422376792497 706.2178825886533 135.94826486953787 616.6609106901335 473.5665520783379 809.2727284096464 270.0644212856108 555.7610513058852 363.2517506968086 621.3339207776656 173.60374305670902 595.6884001833171 397.16005140412426 683.3783552472811 256.20019398752345 552.7116337370084 453.1283447869895 722.0516667799153 175.54363558851915 603.5879929629557 406.67748195626933 669.2013371454713 208.58165953531804 590.6922896498263 432.83738716765424 698.924731936086 99.239560206964 614.7505546872643 344.89470744229277 598.887788936083 149.769632501579 611.1124656669971 395.2553342491682 653.2349208070937 270.3264336919297 549.086023441248 471.0655741447539 826.2964673182393 239.67428359942258 555.5880468387516 383.75624553998585 653.0897459496528 188.5078407427441 596.5603475527834 469.7687839837617 790.1505081693978 239.16343835078405 571.3095511544373 308.44197199176386 544.9280965112109 161.15767683883013 604.0332636216052 354.90524535805787 601.0430261747955 186.74058400046857 591.4091742155366 344.48039637801713 605.2412363468159 222.34031677141226 576.2505992929401 394.2369552904951 662.7748290234671 119.65365298603328 620.10774045359 475.2747762381255 838.6358156091275 250.43793469114772 551.1974448625264 386.7846346856437 648.6634040942565 125.76904875862847 611.7287492856001 470.1072964938521 798.8276537022671 271.0079092978721 559.6607771955014 403.28740922574997 656.0023659165943 254.48501910022435 557.7548617058052 391.91757179715574 668.1554444688843 168.2501751880096 602.4895853541117 397.24050744858516 646.9572373169624 145.73839360807432 615.8803617538881 460.48750935304764 759.420330055232 229.45175402502147 579.7340215500969 446.94397627772486 707.1808541474237 280.9153600767876 535.6346143517076 448.9877545223715 715.2397220303632 307.0297140789611 535.683397372674 350.85026232944995 606.2075993309782 110.61261087172791 623.3074371375916 399.89245188666126 677.1443890696036 226.3006506463077 569.9806877705101 465.3208056821003 776.6995839954083 268.9912601344891 542.2852918122422 436.97871476422205 686.7554294832586 233.56834549737945 569.0941734609232 465.126290029038 767.9859677290668 209.73924324933066 578.4705594801078 373.0344311399222 635.1256094087768 212.2256736334029 586.6821531841214 406.7831148287761 682.2652642022182 290.72972243750013 541.2753304101058 454.9512021885267 738.2166988807444 302.6362388708373 527.4157980755003 458.47361343133053 750.0962755448958 90.91954399247224 618.0120822110493 321.94611646101464 554.4350736495265 292.92311048023265 546.136368774114 395.1262588857596 675.1585840971075 148.2302373677953 606.0125951464169 475.3734519333386 830.5732732026916 155.60586143661988 608.1307402589612 368.72908360830684 628.6991290809684 191.732008233321 587.6386421137769 417.6480557539565 674.9308063115212 179.0061510237239 590.1369570301243 390.927761928128 655.4508402453655 261.17711445876296 542.4611064094915 463.0657139720325 755.1802474003165 247.07489247575424 555.8004913618078 469.02154755056455 805.0433342106344 263.3592963586826 547.3421847061892 381.86071893973195 645.1135153894037 238.09599659082045 575.4791533671549 340.4151718730972 596.4092352661845 257.4600452635388 565.1700053491353 424.6293591021445 677.4810632163989 216.00356375094444 579.7191734935179 464.82893298700816 790.5050615004249 276.4930901438813 541.0229491516757 457.7594226365994 734.2239806382544 161.85481477058323 610.9161123173535 469.6775891387032 812.3078133508704 173.17089480782766 608.977050131069 464.90632475359234 797.1498508705971 129.84216330975485 614.9579083435342 378.1979910047046 637.447313161341 137.1549433932779 610.0988177800656 353.88335322153927 614.2053988455519 177.15190869660452 598.590403618709 432.51343451009876 678.6764046007569 86.39508181123125 615.9245919234974 461.1573014502452 767.9560076912943 238.18652833824555 559.8737140541883 422.0775792459708 681.9921439392134 181.80825255923838 594.3091865689918 417.97986416987226 665.4762851604231 295.76304375754256 537.1089744178435 369.09248599322007 622.3654442259794 282.5723027081815 544.6130314140559 466.1897313309123 783.6656048799596 207.78690876753117 582.9940792233435 442.7157456736311 700.7450720385493 229.72396875842253 560.2643759290986 335.28358220725244 586.8750810677194 290.3114934656225 531.8271125751777
1130.007825810686 1.989001260223071 3.558033620153145 0.8895084050382757 3.5580336201531537 0.0 0.8895084050382639 0.8895084050382669 3.978002520446051 3.558033620153014 0.0 0.8895084050383041 1.7790168100764285 3.9780025204460854 3.558033620153093 0.889508405038339 3.5580336201531346 0.0 3.558033620153197 1.7790168100765604 0.8895084050382686 3.6675371088475797 3.5580336201531253 1.7790168100766208 3.558033620153172 1.7790168100766803 0.8895084050384121 3.6675371088473896 3.6675371088476645 0.0 0.8895084050383273 3.5580336201531857 3.5580336201531857 0.8895084050383651 3.978002520446024 3.6675371088476525 3.558033620153168 0.8895084050383519 3.9780025204460543 3.5580336201533016 3.558033620153196 3.6675371088476836 3.978002520446124 3.6675371088476623 3.558033620153196 3.5580336201530267 0.889508405038263 1.7790168100766681 3.6675371088475983 0.8895084050382575 3.978002520446083 3.6675371088476223 7.171446030696636 0.8895084050383402 0.0 7.171446030696495 3.5580336201531613 3.558033620152986 0.0 0.0 0.8895084050382197 3.558033620153072 3.558033620153164 0.8895084050383854 0.8895084050384656 3.5580336201533656 3.558033620153192 0.8895084050381765 0.8895084050381434 3.558033620153128 1.7790168100764914 1.779016810076518 3.5580336201531146 0.8895084050382673 3.6675371088475623 0.8895084050381751 0.0 7.171446030696572 3.5580336201532283 0.8895084050382575 3.5580336201531253 3.6675371088474265 3.6675371088474815 1.7790168100765364 0.8895084050384322 3.558033620153037 3.558033620153203 0.0 3.6675371088475193 3.558033620153168 1.7790168100763892 3.6675371088477076 0.8895084050381034 1.779016810076514 3.9780025204460294 3.6675371088474367 1.9890012602230551 1.7790168100764578 1.779016810076399 3.558033620153243 3.6675371088475863 0.8895084050381593 0.0 3.6675371088477404 3.6675371088475255 0.8895084050381964 0.8895084050381354 3.6675371088476423 3.5580336201530987 0.889508405038399 0.8895084050382893 3.558033620153112 3.558033620153155 3.558033620153248 3.558033620153069 3.6675371088476205 3.5580336201532132 0.0 0.88950840503827 3.5580336201531777 0.8895084050381039 3.978002520446079 0.8895084050383206 0.0 3.5580336201531697 0.8895084050382954 0.8895084050382983 7.1714460306967265 7.171446030696574 1.7790168100766173 0.889508405038252 3.558033620153164 7.1714460306967265 0.8895084050381737 0.8895084050381892 3.558033620153241 3.6675371088476143 0.8895084050382013 3.9780025204460143 3.6675371088476525 3.6675371088475304 391.9974599777403 668.0582320750834 196.38623406797947 587.2778284981227 454.7648354279633 734.7734286806572 98.35202659295861 615.914319016658 318.6584321774466 557.1759871145983 279.58524634960645 551.4057635529193 460.68751582732204 750.5319146589634 193.94199832225098 591.3895771086557 362.6145462262167 617.6195038899749 122.44408526094003 621.8251152082095 431.28344458554517 682.6696355185176 305.0178026547736 541.0208649674082 335.89058406355196 584.9373542196846 258.46276672888206 554.6565643773126 432.444568622816 693.5603961278865 224.6500113140803 567.7405402428944 331.77164036919737 577.7464135256356 240.88261643167667 565.5807313882295 473.6265621769906 826.6286074772227 109.30332471241493 617.1747971249836 378.3950741770437 647.6078821828753 133.11541500942258 615.1947829904891 438.4213201702517 710.1132336947052 126.21276303754975 618.3820980051822 474.5452086722819 818.234205753429 267.2563952129155 556.7290856266301 367.2336609487272 626.15542269843 162.9420718017769 597.8819517458185 402.0978099422584 688.9992749974128 250.42009337583806 554.0728590484605 454.34049642176444 726.8477087022286 169.68687986366518 604.5179221254372 406.94272927610984 672.2447922253108 202.8240322853023 592.2042556932619 436.27703957132206 704.0510277010965 91.30972980587316 615.1893927110326 348.3349417670077 606.0197152840458 142.06502434793953 613.0400890780585 396.7870273629762 658.9839128347465 264.5825882394903 550.5592551487729 473.37811511211 833.8660111940982 232.60755809413348 560.3945779935862 387.72982119534385 659.0061308413449 183.67121434070842 597.6071618457798 470.5021739881126 797.1394650791968 235.14023136818804 571.4012696246853 315.6830234190649 550.3902761762936 154.43369369853545 605.8223160135329 356.7054630752607 603.5110354237017 180.0358524530732 593.2714328391334 349.10539731369005 614.0323222210463 213.8195153508901 579.0781873605279 396.2047458681919 668.3680290546087 114.65667646000102 620.1113926979394 476.65296568136847 847.8571985113032 243.63504105458384 552.5040021035551 388.5874647243119 652.2112789130184 116.86292642065712 612.3226467045204 471.02077835131354 804.7338001545459 265.27068678405294 561.1266491201687 405.0662287583778 659.5659504203263 246.66692920512114 559.0373009546375 395.55429294641664 676.3037663724214 162.54621652122228 604.3814966187294 398.2264743207256 651.8568365191447 140.02381525467572 617.7470585403917 462.27320932989176 767.1387648897562 223.44534440072252 579.8889021313388 449.4238528799719 712.6210505715735 276.86177047809565 539.5827341736964 450.6874458266923 719.8868729227737 299.3247873685626 537.5292275541179 354.2148593621601 611.2533853249824 102.3526631885894 621.550336768473 401.8796452059462 680.6437761573092 217.15465022309417 574.7471025338426 466.78520604719455 783.4799266963873 261.87579253514446 544.3528008494458 440.34600863295674 693.9781515201329 223.96758521258326 571.5121133140325 466.2813290370397 775.3763560351897 199.20856696634687 581.3591178466118 375.6979049821098 639.4102634268513 208.42289100173755 587.8759698491717 408.7501864549107 685.7707375319304 284.89485240043115 542.434874545636 456.7715948540045 745.9265961375908 299.71566163304874 531.4046120844191 460.2187465362563 759.3749692271865 86.00519859714323 618.502623876786 324.44210363525787 560.8940547090558 290.88476064570114 546.2109157002276 397.41704939550243 683.2591133166354 140.56419877189163 608.183455738682 477.187406207521 840.3196220359645 147.82815972026907 609.5725200298492 371.247221883472 634.6258778407795 187.18157905790451 590.4029748859574 418.5966347150972 680.8692617108826 168.59320216724916 593.8287206939135 392.32950212038105 658.6276442676531 254.62972250115126 544.8177891325441 464.85089805908143 762.8996425273228 239.83037418847758 557.3886962114962 471.178846526598 812.652941956047 256.57706165060677 548.7434612707676 384.15500629797367 648.4859244352693 232.1854915382594 576.1866679622573 343.2944240981857 599.4984686120121 253.66885828323916 566.3037435977116 426.11286717917204 681.1533472017987 208.31249808397448 581.6112714131006 466.07848829241965 798.3730041482285 269.86399981867726 543.0089053036568 458.82028419304515 741.1317309647538 157.7960693765735 610.5414455730588 470.6166494858272 820.2548172357359 170.04972668279999 608.219369040252 467.1190729242583 805.7698990330204 122.78010751876258 614.5252307160632 380.03559150991975 640.9850654522471 132.23197006402086 610.5950549792894 357.66679934127035 619.0840670968245 168.4878652583468 600.7278856288616 435.78734243042936 683.8409732920588 79.38979850926437 616.5550306351431 461.6040760494182 775.5556767958025 226.78345890044 563.2776993478208 425.8873285848835 688.0232874223964 173.64025074863093 596.4020686011401 419.4979028693357 672.2667632104474 290.8128602977941 537.7639372459327 371.85734076965923 628.1869238352651 276.8508129477543 546.1623285836367 466.6983287464909 790.7245502946923 202.03382547515992 584.5118255794569 444.38106485850443 704.3659598798395 219.9940895982241 561.957387699524 339.23341934943824 593.7999527966509 286.32168972268596 535.7988450836028
1140.007825810686 3.9780025204460303 0.8895084050383602 3.558033620152984 0.8895084050382628 7.171446030696507 0.889508405038491 3.6675371088475117 3.5580336201532266 3.558033620153257 3.6675371088475717 3.558033620153086 0.8895084050382113 3.6675371088475437 0.8895084050383089 0.0 0.8895084050382381 0.0 0.8895084050382581 0.0 3.558033620153157 3.6675371088474047 1.9890012602230802 3.6675371088476365 7.1714460306966865 3.6675371088476925 3.5580336201531453 3.6675371088476854 0.0 1.7790168100765908 0.8895084050383453 0.0 3.5580336201532137 0.889508405038287 0.889508405038421 0.0 3.5580336201531377 3.5580336201530134 3.6675371088475486 3.55803362015319 3.55803362015317 3.5580336201530605 3.5580336201532314 3.9780025204462013 0.8895084050381199 1.779016810076633 0.889508405038441 7.1160672403061 0.8895084050384764 0.8895084050383483 3.558033620153183 7.171446030696766 7.171446030696698 3.558033620153019 7.171446030696617 7.171446030696495 3.978002520446064 0.8895084050383104 0.0 0.0 3.5580336201530507 3.5580336201531586 0.8895084050383126 3.6675371088475357 3.558033620153168 3.5580336201532354 3.6675371088475446 7.1714460306966465 3.558033620153214 1.7790168100765797 0.8895084050384258 0.8895084050383398 3.5580336201532057 7.171446030696683 3.6675371088476036 0.8895084050383706 7.171446030696639 7.171446030696742 3.558033620153162 0.8895084050383126 7.17144603069659 3.6675371088475037 7.171446030696631 1.989001260222946 0.8895084050382798 0.8895084050383026 0.8895084050381606 0.889508405038195 1.779016810076748 3.558033620152962 1.779016810076464 1.7790168100765926 3.5580336201532163 3.6675371088475077 3.6675371088475126 3.6675371088474 3.5580336201531826 3.6675371088475623 3.6675371088474953 0.8895084050383675 1.7790168100767403 3.9780025204461094 1.7790168100765873 3.978002520446178 7.171446030696643 3.558033620153312 0.8895084050384863 0.8895084050382879 3.558033620153111 0.0 7.171446030696596 3.558033620153256 7.171446030696671 3.5580336201530156 0.8895084050381125 3.6675371088474926 0.8895084050381425 0.889508405038206 0.0 0.8895084050383271 7.1714460306966386 1.779016810076502 3.5580336201532003 0.0 7.1714460306967265 3.558033620153006 7.171446030696647 0.889508405038263 3.558033620153088 7.171446030696774 1.9890012602230307 3.558033620153147 0.8895084050381777 3.558033620153299 0.8895084050383778 0.8895084050382713 3.5580336201531484 0.889508405038322 1.7790168100765513 1.779016810076701 3.6675371088476245 394.0766281157105 675.6982270468962 186.95081930537984 590.8228923753169 456.0384434103063 741.6137826360979 93.47218064582334 616.7896321493372 321.9488499293443 564.3677063631329 274.6162426158411 551.8659346939675 463.06917561041007 758.5861774071425 183.486943315237 594.8346404336739 364.2362689251896 621.233065941358 113.49823954677039 622.1220186725546 433.62507085654255 689.1847120352322 299.4407180992227 543.1036548667566 339.80533027658464 588.6899105481593 251.75275168709055 556.3716976859271 435.5150275653329 696.7417854321154 215.06992460311375 570.2758897530006 335.08995043167755 580.6603599731089 236.7171443219408 564.9016058444513 475.3307194274138 834.3554916696927 100.92161488312048 617.8402618348885 383.6550636139679 657.275941771714 126.76037809312083 616.1404542444462 442.44466354327403 718.1854645141033 119.401867046893 619.6223115977809 476.54909031530525 825.8778386998717 258.64096024910475 558.9443676256931 370.55810697277286 630.1979976671333 155.35238020903194 600.5481089954247 407.57728944163375 694.4715264704713 244.56583144213442 555.0528322331007 456.1464665093651 734.5606387029097 162.88764739206343 605.8210745624343 406.5534800213617 673.4167136468257 199.08779457392734 593.8335506665663 438.86542899531173 707.3880275515988 82.94383433981487 615.9486321463443 352.5848292180602 612.8496537054336 132.25536654671023 614.262967591873 398.4949644054414 664.6671941127464 258.58154436127364 550.9136581400137 474.56688902588786 842.7373972301036 223.00232119806827 562.7611522989848 390.62616243597023 665.8402206007622 179.99795973898614 599.6868623779276 471.3549896738911 802.0268096636036 231.16378029262683 571.664387186442 321.80653560296884 558.5231876748485 146.76532127729953 607.9863877284167 357.75393951529196 604.1621925729577 174.21575112615471 594.4393621683391 353.782510079992 620.7020726380545 203.71870219219312 581.5693736828314 399.2985685015102 676.7107341326063 106.61473202946917 619.7224699151776 477.03708768388043 857.3180412616795 236.86673446155132 553.8881614721447 392.2005250725361 658.8003393287809 111.1398999638032 614.1490789854594 473.228413867917 812.8417811236441 257.66324787050013 563.3569803100168 406.60136947331546 666.3537411433015 239.84745792960902 560.1976311253878 399.0971534047389 684.4941213603453 154.80559402043687 606.0650718988101 400.17770852232 657.4580824587692 136.87182368157917 616.7190323299474 463.2956122728657 775.0768020060289 215.6645165161414 581.2915810232683 450.6288117503768 717.4178901828152 270.5031740720328 542.6779367016597 452.9316288086482 726.436558287595 296.3894378694083 538.0583421367305 357.7274854829143 618.3733071912685 95.39472128943342 621.6955947982439 404.4745463259314 686.0293618021741 208.85864445290719 578.9522100678932 468.4252316826671 790.2065515316027 254.05672168474902 545.6269578950319 441.52437205949553 697.7520033065196 211.9867712214167 574.6970844642698 466.86768026985186 781.8911059951374 189.42079147719966 582.7270064189133 379.4747154014485 646.9799528187019 204.44293335502712 588.0509064710061 409.834838207518 687.4960694891911 282.9824148624481 542.9261721514691 458.97108844345746 755.0684810827423 297.3798680588791 534.0929314831448 462.9156677222003 766.823254839736 76.12402954958347 618.7919681190475 328.99772693815135 565.4224540863369 286.9356582462406 546.7318767151394 401.96657385521377 692.1524919692769 132.819197110482 609.8448336904405 478.0797474399797 850.2724340668907 139.21749801078568 612.1200253744961 374.98543032093755 642.7354316218866 178.31762546467064 591.3163011921283 419.8922961408822 685.644341692139 162.9240336985011 595.9617634307274 395.7349571304948 669.9964170570921 245.1777758169337 547.8792152360205 467.34215339284464 771.4423949872117 232.03367387964335 558.6946774361758 472.490473403606 819.4658112478415 250.35138513705851 550.3597478838477 387.2519780554825 655.7741855414329 225.24604282705695 576.7349586431601 347.2347664158834 605.3821752070405 249.80165427156686 567.1043395059485 428.4687888532132 687.6618848053405 195.72548106583267 584.2437789491303 466.67291323608794 803.3399827392101 263.903074204002 545.6903564411705 460.40879719818327 749.9385728901295 154.75411711475817 610.2548691292625 471.6552693856924 828.1618071266143 166.70702734504653 609.2382315243418 467.9208973443144 809.6524312526611 117.92416816717885 615.4754910294465 383.65949239712796 649.6584521570858 125.46239818309118 612.0973726998308 361.9537710759516 626.9687573331421 160.67352468265221 601.936549527046 437.9902495906981 688.32401207579 70.44851482425142 615.9920841502754 462.47286042277926 783.0183622128196 218.32105290251772 566.387810608086 427.27244356522556 694.8431664105193 167.93471504706608 598.2943087654519 421.3427777327585 677.903491257879 286.9240949704037 538.517333350851 374.82728555913286 633.4174000091646 271.3971291606549 546.720693574338 468.27632296035773 795.4131101717427 193.50563444876138 587.4388188576181 446.4909399805727 707.8539414965494 213.3629832543463 564.1794692607342 343.47007235502116 596.3686623487998 276.21588076732263 540.1888730859353
1150.007825810686 0.0 7.171446030696654 3.5580336201532528 3.978002520446063 7.171446030696717 0.8895084050384588 0.889508405038388 7.171446030696663 0.8895084050383957 7.171446030696615 3.5580336201533167 0.889508405038205 1.779016810076616 0.8895084050384642 7.171446030696536 1.7790168100766552 0.0 3.5580336201531337 7.17144603069675 7.17144603069661 3.6675371088475135 0.8895084050383681 1.7790168100765762 0.8895084050382195 1.7790168100766652 0.8895084050383757 3.6675371088475717 7.171446030696674 3.6675371088474273 0.8895084050381279 0.8895084050383336 3.5580336201532003 0.8895084050383064 3.5580336201532385 3.6675371088475175 7.171446030696653 3.558033620153324 0.8895084050383462 3.558033620152995 0.889508405038345 7.1714460306966865 3.6675371088474935 3.558033620152958 3.558033620153158 3.6675371088476245 0.8895084050384328 1.7790168100765527 0.8895084050383602 3.5580336201532217 3.6675371088475215 3.6675371088475517 0.8895084050383688 1.989001260222944 0.0 3.978002520446212 3.978002520446068 3.5580336201532963 3.6675371088475153 3.6675371088476454 3.5580336201532106 3.558033620153058 3.558033620153166 3.558033620153137 0.8895084050384571 0.8895084050383187 7.171446030696697 3.55803362015326 3.558033620153115 3.667537108847619 1.779016810076556 1.7790168100764485 7.171446030696666 7.171446030696734 3.978002520446024 3.5580336201532474 3.6675371088475806 1.7790168100765222 0.0 3.9780025204460214 0.0 3.5580336201533633 3.6675371088475703 3.5580336201531244 3.5580336201531733 3.558033620153113 0.8895084050382015 1.7790168100765777 3.6675371088474433 0.8895084050381803 7.171446030696605 3.5580336201530525 3.558033620153207 3.6675371088474757 0.0 3.5580336201530067 0.8895084050381384 1.7790168100764912 3.9780025204460054 3.5580336201531604 7.171446030696619 0.88950840503825 3.558033620153156 0.0 0.0 3.5580336201533385 7.171446030696623 3.558033620153328 3.558033620153096 1.7790168100766488 0.8895084050383062 0.8895084050382983 0.8895084050383761 7.171446030696792 3.5580336201532554 3.558033620153048 3.6675371088475597 7.1714460306967815 3.5580336201531537 0.8895084050382247 3.558033620153171 3.5580336201532714 0.8895084050383409 3.6675371088476743 0.8895084050383797 0.8895084050383631 0.6226558835266491 3.558033620153008 3.5580336201531737 3.6675371088474407 0.0 0.8895084050382678 0.0 0.8895084050382733 3.5580336201531533 7.171446030696584 3.558033620153182 3.6675371088475797 7.171446030696607 1.7790168100765544 3.558033620153213 395.6277842517321 680.3911305828066 176.3237904302998 593.2351580564285 457.9172917796009 749.8164875426451 84.08276505805738 616.9930072341489 326.2624873523838 574.3495812911018 267.0004259339459 554.0502510071034 464.6377166196784 765.8449753560458 172.85727998150335 597.2312543912901 366.30484179989725 622.5856308893965 101.75890912627459 623.9451303852717 435.9015553735795 695.7233634454656 292.60505596178217 544.3024759507003 344.8390515354168 594.1642504806639 246.07994382108066 558.252172781907 439.95160244272705 703.6571267865206 207.52272044999137 573.0757962585511 337.9217905871244 583.7970786685378 232.7419665063683 565.1316320576468 477.1831713609141 843.0598272126219 91.97630560702318 617.7164468436346 386.9994503504435 665.5373842036951 115.14311523344394 618.7074864561456 445.9475172834842 721.2637007189476 109.29564425717682 622.3669278818552 476.5395954129553 833.0065815875566 254.46841631199536 558.2929929264715 372.44110987990564 634.771981155895 144.562521257096 601.9058053794562 411.2779060988229 700.5667720009532 238.7447430108425 556.1742499475866 455.64666833736624 739.8615512667755 154.58037425879587 607.0730256779358 407.8648889764478 678.1909898119212 194.24779421424319 594.8593905991004 442.42070400663545 711.4741556407275 76.98865066621488 615.5039305953748 355.4431730805759 617.0613717036083 121.58150216840754 616.4872650442246 401.9386039821731 671.854496230106 251.65959503556857 551.5955789179733 476.18948008350816 849.4631518777168 217.1632610958785 563.794457111727 393.3675116286066 673.257899433383 174.21116985261176 601.0760897289529 472.1887608813296 810.9994926797922 229.1356806241245 571.5337810981148 327.39233891187513 566.9138369296952 141.14718674018116 610.5532846490937 359.48796259977775 608.7918225832784 165.5734116800478 596.761824441932 358.00618107826347 628.6282580399254 196.03646239422017 583.5782664843437 401.772609672066 682.6625698743325 98.71317400690253 620.0666252789417 478.1176556209951 864.2748288143875 231.3149578788772 556.4411688137757 396.061106972098 667.9305822260393 99.35916193764444 615.4107292050383 473.85898985108184 821.347227265582 252.97249428371666 565.0763017037938 408.85864868330975 670.8105391565499 233.0014452349528 561.2292270923609 401.8673886645573 689.8335268882053 147.9276612408452 606.8415053951102 402.07333134465443 663.0764573844654 129.91137711662074 616.9342335360318 463.957307920395 782.0751573271258 211.85146496020616 582.4439432838601 450.61891901454385 722.5792026174133 263.8503791731468 544.6576299980734 453.1960806884783 732.5425835754403 286.01252483662427 541.3902205332712 360.4550952739139 623.6926191359196 87.42035089778385 621.3162517073347 407.295893554703 692.3871046533146 202.2321819501582 581.2894028611961 470.2419265543668 797.8983571263852 250.3856302298984 547.393049036378 443.6739360067584 702.2647834600367 206.34359072339987 576.8999795724754 466.78535479658274 788.0679619505082 181.53352306953207 583.4685067980347 382.8963046796883 653.1136976868626 197.65219837028863 589.400705216396 411.62859586321053 693.1464027193306 276.30077855141707 544.7210829141526 460.1724355232265 761.91874436827 291.1483712526633 537.6855304040324 463.10608478996716 772.9284698699083 70.17917860637064 617.9799871364432 333.2253210705129 573.3111438489376 282.48492730239695 547.2573635304423 405.7181332362054 698.21301123511 126.63478686070056 611.9736811046021 478.25080424601106 857.3458652322456 134.35784333598804 613.0632463804553 376.5166305129984 646.3889701424912 169.41490356136993 591.9388158067143 421.204937966415 691.4474853623389 154.2391455845187 598.0216436907775 398.31227934634217 675.3876871313709 236.4980654726378 549.8329064997814 467.7025146930759 775.4461434623929 225.36085026168402 560.6562591780627 472.9838081206921 827.4930493824065 242.98601138252195 551.3145819745756 390.9772039191636 664.4206116148684 218.4749104732985 578.1832088082489 350.59574232725544 609.3971969424686 243.98359163437982 568.2342692103391 430.6461674620993 692.1581191092833 187.0585831817827 586.3780117190406 467.9616605292512 811.1722049048399 257.3912695623296 548.3350948572004 462.3232712086403 756.5894416428996 149.86666971474256 610.98353344044 473.4222511560174 837.3964248807914 161.6720730867436 609.0005247647678 469.6615558241282 817.3745782168465 106.61147121630103 616.6134637797466 386.86433139694077 657.4414859924174 114.29622795138135 614.3269524425256 365.8046727841438 631.8916279877449 152.85458436189558 603.1153155003026 439.5721430406397 690.9386695070783 65.10632937083173 615.5455742237033 463.1320443808143 790.0112984035079 214.02525513644505 567.6367273410717 429.71978824397394 700.2940303046994 160.26706920366675 600.4604502025967 423.0726321464849 682.5387884818765 279.2864137059365 540.5802422890785 376.89755751469704 640.0186372024125 267.5923319878914 547.8029833414149 468.5287179969915 804.0341955437079 181.94708720593832 590.2706632209339 447.1081861260881 710.764114522943 207.51833228604582 565.1856312972315 347.6725544986952 601.1105680611079 270.76793091389504 542.9448829754587
1160.007825810686 3.6675371088474256 0.8895084050384581 0.8895084050382965 3.978002520446095 3.9780025204460485 3.5580336201532567 3.6675371088476156 1.779016810076552 3.558033620153085 0.0 3.5580336201530307 3.5580336201531937 3.6675371088476583 3.558033620153144 1.7790168100765862 3.5580336201531226 3.667537108847611 0.889508405038329 3.9780025204460006 3.55803362015315 3.558033620153236 3.5580336201531657 3.6675371088477102 0.8895084050383155 1.779016810076597 3.5580336201531053 3.6675371088474154 3.6675371088475655 3.6675371088476325 0.8895084050381331 3.5580336201531946 7.1714460306966314 3.558033620153176 3.5580336201531777 0.8895084050383837 3.9780025204461205 0.0 7.171446030696688 3.558033620153225 0.8895084050383659 3.5580336201533136 3.558033620153149 3.5580336201531635 3.55803362015312 1.9890012602229628 0.8895084050383701 7.116067240306283 3.558033620153177 0.88950840503838 5.4106683965522056 3.6675371088474886 3.978002520446204 0.8895084050382744 3.6675371088475446 2.4906235341072334 0.8895084050384288 0.8895084050383772 3.558033620153186 7.171446030696637 3.5580336201531964 3.558033620153356 7.171446030696657 1.7790168100766246 3.5580336201531537 3.5580336201532647 3.9780025204461453 7.1714460306967664 0.8895084050383566 1.779016810076552 7.1714460306966785 3.558033620153258 0.8895084050381832 3.558033620153133 3.6675371088476263 3.5580336201533487 7.171446030696596 7.171446030696768 3.5580336201531426 0.889508405038212 3.6675371088476196 3.6675371088477275 0.0 1.7790168100764918 1.7790168100765 3.5580336201529907 3.558033620153187 0.889508405038169 3.6675371088475672 3.5580336201530316 3.6675371088475837 3.558033620153224 3.558033620153276 7.171446030696597 3.5580336201531724 3.9780025204460374 7.171446030696664 3.667537108847659 1.7790168100764914 0.8895084050383091 7.171446030696613 0.889508405038254 3.6675371088476054 7.171446030696471 1.7790168100766521 7.171446030696552 3.558033620153127 3.5580336201531075 3.5580336201531515 3.558033620153165 0.8895084050383524 0.8895084050382751 3.5580336201531835 3.558033620153263 3.5580336201531844 1.779016810076572 0.8895084050382872 0.0 1.989001260223153 3.5580336201530307 1.989001260223008 3.558033620153048 7.1714460306966235 0.0 0.8895084050383663 0.8895084050383005 2.4906235341072107 3.6675371088477164 1.779016810076723 1.7790168100766846 3.558033620153104 3.558033620153065 3.558033620153174 3.558033620153028 3.9780025204461023 3.558033620153327 3.6675371088474877 7.171446030696513 1.7790168100766328 0.8895084050382251 0.0 399.02183032753965 688.6486823942936 169.521515717457 594.5136671925634 459.49971976254966 754.5020210402977 74.2030823424634 616.9196270117463 328.9887894893604 580.7063551160362 264.24140250091676 555.3513602371657 466.3769865670504 774.0797975261429 162.17325127983972 599.3131815201305 367.7066884871121 627.3310869161216 94.34026466242582 624.1656287418933 437.6592890639931 702.4190372546599 286.81354353928674 545.599053849537 347.7040314544286 598.3759522232317 241.17558888716263 558.9071459506591 442.36276449743866 709.1296700266189 202.91858806302065 575.5670239231649 341.27474389481597 587.8198835838872 228.48928681118483 566.6330334922638 479.5085189171411 850.6329972721787 84.08305173880181 618.0141145670872 390.6176418077774 675.7913361143159 106.31550355500124 619.7580366373741 447.26357204935834 727.5703876906939 101.40584421209067 622.7467453153032 476.9589288970941 841.0398327369202 248.64667879689634 559.4057628022309 375.6745707005617 638.890370458885 135.72011244538697 602.813179196929 415.46577701563723 707.559060136328 232.9913823453287 557.7137627745127 457.4714409488517 744.4819581890026 148.11550135204186 607.232981092102 409.6487019804563 683.8474150704483 189.0233229685019 593.414915213913 445.94597683991867 718.1606099948292 69.07644197560838 615.0976023556244 357.20396082371735 622.7319873654614 113.62598703762986 616.5298208317813 403.81629746041085 678.5170821731475 241.21031313158244 554.8412736043779 477.5511386766935 857.2674575474358 212.45724740978437 565.5838783544555 395.89509912884154 678.6745814613589 166.84395916419498 601.9215652328121 473.7502710046252 819.2695301014076 223.20445393183513 572.039696733573 330.9792337167936 576.1128995922593 131.33810273684338 611.7700051419947 360.36052750388785 612.6752914893345 155.75652334881244 597.9393304682467 362.11065639735966 636.6150228598623 188.4528755132758 586.2641098083201 404.34560707572973 687.5522302587564 90.80469987721159 619.9926963989966 478.725232032804 872.9708173750333 224.93233040730894 560.0699679393205 398.7608904359475 672.2513497024645 93.47776203363642 616.2510205203783 477.39491934665523 832.6929268024145 247.9770250533261 565.2661106566846 410.13473563587644 675.591950634917 220.51274448481723 564.4106887036695 405.90371626970574 695.3037470636906 138.22664432099305 608.8863482316602 403.3650660964784 667.8529153398582 123.12171247928828 618.464396242033 464.7662465339711 789.0176829117669 208.0293371570521 583.5713363118131 452.71041536096953 727.1205446050302 254.25703592968685 547.0786097482767 455.53942852817244 738.04040944642 280.4805932068262 543.8840284963841 363.22310451956736 630.0489116584561 77.51705864908908 620.3276786867536 410.3437815127318 699.7197665481419 193.5988287147916 583.6444820210132 469.7896779062256 803.11787447107 244.5107105765372 548.2580281291188 444.759338796258 705.0341224471456 200.91396306170358 580.5174022542315 467.9341128348503 794.4042398626148 176.90983229168984 585.9279836341079 384.70092321169517 654.5975410494286 193.14628999334656 589.3530985347463 414.37280162268365 699.5386350042381 268.762619949075 547.3140199066871 461.2972433165915 768.7838563783752 285.5784642421377 539.956039060644 464.3147104891748 780.2809096673373 62.27398214764455 617.4814005977747 335.81917734939174 578.661521330104 277.70312554476044 548.5274591378005 409.74994562589865 706.2756945151758 117.26886667597664 612.7205811146883 480.33168683636063 864.9778398354404 123.61464154098655 614.8216763383667 380.4441158723834 653.4123262263743 161.8417436024514 594.809910430832 422.84208898968586 695.0810973762136 144.5207324557978 599.8760076180637 400.20766614790494 680.491459039213 225.7482808001598 551.5123596991392 469.04406399568063 784.3000457910592 215.45716896693736 561.340186529846 473.41457113644384 835.5285711453986 232.82146051336213 553.4317609187354 392.5087461973703 670.6740426351807 213.55971271103928 578.7495966122806 354.8041428067696 615.2273286920148 239.9172785831794 567.9738390040116 431.84716562871347 696.9570981556008 180.93088288708785 588.8133060014181 469.88356125391573 820.882192743011 249.24441751563532 550.4297161572487 462.90714213312646 760.5241667105059 144.83870451970884 610.6750973185964 474.90573933928323 846.6969397633959 155.24135537131227 609.4305913102437 472.91442370138344 828.5309178989226 98.80446332966989 618.1506307937888 388.5803242539201 661.034374491695 106.46303219462884 615.5152684505432 369.9874260384397 635.6726928240122 143.5204735341574 604.1694189460769 441.24018160786136 695.5972294593671 56.11315112098065 615.3577175014757 465.37617010966363 798.6153349476403 206.8718288665659 569.8214166755813 434.2679156943028 705.1194717764829 151.98613863998557 601.8989141164475 425.3419459996081 689.0790181780525 272.6738090636019 542.7551726868764 379.3459512369888 644.9255599181953 262.0695573196039 550.4322172722178 469.99134500449964 811.820035315724 174.16499751253147 591.702544402541 450.1426302795483 720.1748267993287 202.83656751793802 567.1992113737678 351.3384746148085 606.0773236227863 262.00736370418286 544.5053250353469
1170.007825810686 0.0 0.8895084050383283 3.558033620153256 3.978002520446164 3.6675371088475885 0.8895084050383965 3.558033620152996 0.0 3.558033620153082 7.171446030696601 0.8895084050383443 0.8895084050383321 3.667537108847631 0.8895084050384126 0.0 0.8895084050382779 1.779016810076487 3.5580336201531786 1.7790168100765364 3.5580336201531577 3.558033620153224 0.8895084050382763 3.6675371088474416 1.779016810076712 7.171446030696646 0.8895084050381561 0.889508405038379 3.6675371088475415 1.7790168100766022 0.8895084050382 3.5580336201530343 3.978002520446112 7.1714460306967185 3.6675371088475806 0.8895084050383155 3.558033620153165 0.8895084050381837 0.8895084050383675 1.989001260223168 3.5580336201531106 7.171446030696467 0.0 3.6675371088476805 0.8895084050381592 3.558033620153334 3.558033620153158 3.5580336201531133 3.6675371088475326 3.5580336201530636 3.558033620153176 3.978002520446247 3.558033620153169 7.171446030696646 3.9780025204461062 2.4906235341071596 0.0 0.8895084050383395 3.558033620153171 3.6675371088477124 0.8895084050383697 3.6675371088476334 3.5580336201531786 3.558033620153026 3.558033620153129 0.8895084050383437 0.8895084050381845 3.558033620153095 0.88950840503822 3.9780025204459233 0.8895084050384409 7.171446030696703 0.8895084050384015 3.558033620153241 1.779016810076751 0.8895084050383539 3.5580336201530955 1.779016810076584 1.7790168100765196 3.6675371088475504 0.0 3.6675371088474535 7.171446030696623 3.9780025204461213 1.9890012602229663 0.889508405038314 0.8895084050382832 3.6675371088475845 0.8895084050383032 1.989001260223152 3.6675371088475193 1.7790168100766222 0.8895084050382467 0.0 3.6675371088475357 3.6675371088477484 0.8895084050382909 7.17144603069674 3.6675371088475632 0.8895084050384209 3.667537108847583 0.8895084050383323 1.7790168100767147 7.171446030696531 3.6675371088475943 3.558033620153302 0.8895084050382763 3.5580336201531813 0.889508405038347 3.558033620153231 3.558033620153192 0.8895084050382442 3.558033620153145 1.7790168100765096 0.889508405038308 3.5580336201530964 0.889508405038387 3.6675371088474287 3.5580336201531275 0.889508405038254 3.558033620153163 0.8895084050383071 0.0 0.8895084050382435 3.5580336201531724 3.5580336201533025 3.9780025204459863 1.7790168100765096 3.5580336201532035 0.889508405038245 0.8895084050381 3.5580336201532288 1.7790168100764019 7.1714460306966545 3.5580336201531533 0.8895084050382455 0.0 0.0 3.6675371088475566 3.6675371088475255 3.6675371088474447 402.4695045137489 694.8239025557331 160.53079993902915 598.0096050117467 461.017064691225 759.2120333483074 68.27712204784788 615.9310602560918 332.0763739021145 591.1596168185092 259.6111915326155 557.484624361966 467.3762835858032 778.9279110357161 153.41394430052253 600.9577376239994 369.6901800216344 632.4003099768026 86.38513885922477 622.129627540337 439.8161974531321 705.3917135889558 280.5123169704173 546.8861209115189 351.54627398664815 603.3009856252644 232.45251089916232 560.6688014445214 445.5429337914745 717.4711847006694 197.09653120217789 576.7167936269619 346.64586068627807 593.2410683438767 221.62058682005343 567.5151906976229 479.6382906231066 858.7205164248882 75.67135418890994 616.5899494365062 394.11375598454805 681.9479444842402 100.39872600686962 620.297410628051 450.32761185124264 733.8893361554329 94.47825089584951 622.2656367672071 478.7714355598313 849.7502604190319 243.82577207699592 560.5241744065547 379.3979366751668 647.0341708545079 128.05914738202512 605.8065157123888 420.08579900108475 714.4381717349174 225.96783981438725 557.643613368011 458.7803397577577 749.2423026366296 141.26398047890282 608.269426685139 411.85230672445687 689.374389521319 182.90563822492484 592.5761237875848 448.66269031977794 724.0670548242017 61.16918213441734 615.3312798743586 360.47054972498785 629.9677428164397 107.76156494106641 617.8830420066404 407.05154502058537 684.7548923690335 234.52086535912318 556.745625318803 478.8387963497947 866.1022146191353 206.59783462261788 566.5124514386354 399.2284844080619 684.366142276774 163.58448148199207 603.6185714534046 474.67045213658326 825.1486720435882 217.27139887883055 572.498786862265 332.3728352179576 584.0368703385933 127.46081249021196 612.8388073624318 362.31026715475946 618.2729823106592 147.06195815174604 600.0368373266244 364.695124927002 642.0013380503171 178.25952955441025 588.272132574582 407.07404290397204 693.9503110597057 80.42328074747793 619.4179134682574 479.31113661883177 879.0151602755972 218.06733759142978 560.9471557711836 399.5323534293095 677.1876063852958 85.07289505539114 616.4433035829717 478.9721578913771 842.4789185581801 245.09998127225802 566.037221354332 410.8324604683814 679.5119048792828 214.62260798837076 565.1202546851893 408.4773610280407 701.2361607127895 132.28824417988355 609.2434691729355 404.0191374139188 670.7571288555151 118.18941928573328 618.8312677673972 467.1873638157951 797.5800612221269 202.0208705152341 583.5109009041917 454.1343702898409 734.9291343586157 246.9216699423087 548.1681792791487 457.08004683949093 742.7424793413053 273.6059108237977 544.752929719257 365.98619926000333 635.8932260175806 72.57788885270531 619.842986591567 412.58111588110836 706.2702234163544 185.92639835130856 585.7866892732947 470.9710255294602 809.9532025322928 238.70978656161884 549.537691490983 445.4870718128259 708.4243225589073 194.67579236929487 582.2181420953118 471.17860451116945 802.2493407996803 166.14851867828463 587.4611244083607 388.09906911412355 658.6958786222544 189.61555430229936 589.1311465514526 417.5525340838809 705.8058369513659 262.8453699382528 547.9407402599853 463.78060197823936 776.3092446528149 279.8211432921403 541.3930457630071 465.90985090441893 786.5032848749223 53.389798251680375 616.6776723677772 335.8167440001255 580.767544921228 271.7952650715263 549.1985655421418 413.2093579556548 713.4941564012402 110.4117037058871 614.1525119155353 481.3458025130838 873.8743218745874 118.66209927803557 614.9683354622988 384.2482099084233 663.603408885415 152.1398801261517 596.8359424338015 424.97070335542236 699.6020344628982 138.2503591422763 601.5681624468269 403.2960057268594 686.2608734574809 221.2801678129699 554.7650155268094 470.04259079324805 793.2279928628716 209.6396716909805 562.5160847302046 474.3026184588096 842.4304186296367 229.41374467722935 554.0141807878053 394.23342464233866 675.3145826905705 207.85593687406853 580.6533601991027 358.01165021868127 621.4351260187069 235.048075979981 568.8062347117236 433.02114790614826 701.7638730555581 170.23912913483798 590.8427656209748 471.15686768970374 828.2024652314614 242.08225530286265 552.4697947061989 464.7155982168495 769.2481358516152 138.0016312957086 611.6951196396321 476.2425662591047 854.5052102717709 151.22748363596537 609.1950984400225 475.50249307612404 834.0073433089626 90.88679257811035 617.8895357469919 391.3283650546885 666.3810178728589 99.53355783069127 615.3708963942762 373.81869907466756 638.5610994452885 135.69017704379644 605.2969202634848 441.928949069833 700.5474652866664 47.44843038215363 614.1715607503917 467.77185183049517 804.1313418506882 206.12469199827987 571.4367752854552 435.66225449546454 709.8581207922084 145.79187144974188 604.1709586694816 427.28747599316836 694.6871077337039 265.87708293580124 544.0677262159535 383.18571804434305 655.1117436612988 255.40275958116362 552.4220155964795 470.44948481419107 816.7955683696022 167.07170697840496 594.4623621821985 453.0505711489135 728.5969642478775 194.34805870438439 570.5215527810927 354.7956810594051 612.1941874666613 257.241062191813 545.9018741207742
1180.007825810686 3.667537108847591 7.171446030696629 3.5580336201531746 7.171446030696612 3.6675371088474686 0.8895084050381213 3.6675371088477515 0.889508405038359 3.5580336201530938 0.0 0.8895084050383482 7.116067240306293 0.8895084050383959 3.9780025204460694 1.7790168100765578 3.5580336201531155 0.8895084050383062 3.5580336201532035 3.6675371088474904 3.5580336201531395 3.6675371088476103 3.6675371088475375 7.1714460306966945 1.7790168100767156 1.779016810076581 0.8895084050380878 0.8895084050383969 3.6675371088475366 2.223771012595754 0.8895084050384883 3.978002520445936 3.5580336201531177 3.5580336201530187 3.5580336201531844 0.8895084050382681 3.558033620153158 3.6675371088473545 3.5580336201531364 7.171446030696432 1.7790168100766452 7.171446030696582 0.0 0.8895084050383765 0.8895084050381015 1.7790168100765722 0.8895084050384174 3.6675371088474624 7.1714460306965915 0.8895084050383381 7.1714460306966314 1.7790168100765238 7.171446030696635 3.5580336201529885 0.0 2.4906235341071596 7.171446030696661 0.8895084050383336 0.0 0.0 3.5580336201531546 0.0 0.8895084050381319 3.978002520445872 3.558033620153163 3.5580336201530027 3.558033620153169 3.9780025204459215 3.558033620153117 7.171446030696822 0.8895084050382587 3.5580336201532705 3.558033620153205 3.5580336201533433 1.7790168100765669 0.8895084050383781 0.8895084050381707 1.7790168100765336 3.5580336201531773 0.0 3.6675371088475237 7.171446030696793 3.6675371088476014 3.558033620153014 3.558033620153196 3.55803362015332 0.8895084050381034 3.558033620153062 3.55803362015306 3.5580336201530924 3.9780025204460103 7.116067240306327 0.8895084050383909 1.7790168100765145 0.0 3.558033620153256 7.171446030696661 3.6675371088473825 3.6675371088475934 0.8895084050383789 7.171446030696615 3.5580336201531435 3.6675371088475184 3.6675371088475224 1.7790168100765136 1.9890012602229656 0.0 0.8895084050383086 0.8895084050383751 0.0 0.0 0.8895084050382693 7.1714460306966386 3.558033620153012 3.558033620153224 3.5580336201531924 3.5580336201531213 3.5580336201530742 0.8895084050384062 7.171446030696767 3.978002520446099 3.558033620152984 0.8895084050382399 0.88950840503838 7.17144603069667 3.5580336201529703 2.4906235341072223 3.558033620153209 2.5159097005000666 3.5580336201531746 0.8895084050382519 0.8895084050384012 3.558033620153124 0.8895084050383004 0.8895084050382361 3.558033620153113 3.558033620153132 3.558033620153028 7.171446030696683 0.8895084050383769 3.6675371088475655 405.53052133179483 704.2250080941234 153.6774257101061 599.0194642387044 463.4618161383273 766.7499792000945 60.89058869104535 615.6579197975867 337.512737953092 597.6280069483744 253.7676664798584 558.5098839867408 469.2948422471982 787.6133964417528 147.60897664988508 602.5492607107228 371.93568738972095 636.8647833306823 78.98121314535732 619.898246027366 439.95638803603964 709.4624528001776 274.2442586839 548.3171921102328 353.5305779365359 606.7970908855859 225.73992577994943 562.5097475258414 447.34187141144014 722.1023926834832 193.184116934584 577.2854398088548 351.1599246421293 597.9518725549568 217.63797595615839 567.6330433444225 481.45761213773693 867.9349949488403 70.7222071871569 616.023370548883 396.0807632296704 687.5499630467971 91.00097503821529 620.1849116744521 452.5258768300633 743.0187584289663 84.60818655848587 622.0751278459564 478.73696301642036 857.364453811048 242.0391396650619 561.8254817733763 381.47713908232186 649.4863491619332 118.28101462081958 607.8265362491047 425.5702572360412 720.0551283987054 220.71589936076873 559.2314135930504 459.377139705587 760.3199209817634 133.93307451526871 609.6327780331975 413.55123648341015 695.0571675241148 178.0024899759672 593.2207354483048 450.00085760402743 729.8476426354166 53.24663347121965 614.9467610447731 363.9756571310871 635.0532976627045 98.89430087566274 619.0811919880764 407.86076707575353 689.1549230222472 229.8019610881499 558.5170837854735 479.5957793752412 874.0352197301453 202.07739988077807 569.6928298997241 400.85350055107057 688.003512379243 158.74836794959944 604.9201086537046 475.30250186889634 832.1092050680578 215.24431587756908 572.3144791112084 335.174978886552 590.3881498952974 120.62014498848109 614.4032991458748 363.8770048063947 619.8296191535748 135.3637432140825 602.3264222024895 368.78539021937667 648.9888037771664 170.4771115453752 589.7656601980924 409.8092756984457 701.3854506183827 71.03124849519827 619.3230362989253 480.52726725385565 888.6653500748379 212.28410546920972 562.344644342738 400.2528367036943 679.5505698991564 78.14787859302966 615.9356113424388 478.3668543353864 849.7187867054831 239.16852895400388 566.5262188740969 410.7097905766181 684.1983824263539 208.76298935795444 566.0206933427197 410.0120897354107 709.0304241620253 123.96717174054153 610.7413799683644 404.8138319420442 676.7161626908772 109.30922815237918 619.3775867208568 468.10377899280326 805.4933983423427 196.29590311037867 585.3451160323601 456.828175849194 744.9523131346841 241.7278563315403 550.0630291190732 459.37854309516587 753.379458432478 266.0526335608915 547.3930498393202 368.3024585875785 641.3754470586641 63.74434024196554 618.9000669062327 414.6892086483263 710.7992213496232 179.1776999255706 587.4427268226525 472.91682292384013 820.1559401258341 230.95101722005214 551.080695422748 445.8820674672118 713.4518133643365 188.03144546270434 584.6554528920148 472.801001815743 811.0092692155679 158.44653795777947 589.6300298771987 390.3939562068785 665.2257519371802 186.3263469001842 590.5781589056388 419.6964463745257 711.3582996215914 254.75121512330477 550.3964088118205 465.70761215415905 781.9380848275338 273.82785773668974 544.2944006844567 467.4522435853044 793.7569882004038 46.43134739017841 616.6583348482965 338.04991290056216 586.2596878367693 268.1765153514602 551.3784870213083 416.05556146178566 718.840003753903 105.51321499884087 615.5335730560015 481.6063670537099 881.9148950777441 112.74978127135243 615.6826006893835 386.9006333876334 667.9521116496351 141.47199272582554 599.375978064817 426.76146475110016 708.3458857599903 128.00231916393696 603.59306291597 405.68113017494153 695.8650213947277 211.74463537312832 557.7627851225728 470.96600366237584 801.1412790848907 202.9084940428983 564.2886539454659 474.3437121445672 846.9881287016378 226.07513771232783 555.0543461718106 395.92408313532525 679.9639775238318 203.80120925483956 580.2690807992132 359.11229936498086 623.1481856273607 231.18479434304177 569.6821886652672 435.1096314498469 706.3047995457472 163.45939455207045 592.4111253374094 472.7077702931785 837.9924572461543 235.29979431881426 553.8513434930372 465.9320922641726 775.0561876587961 130.17921542147909 613.0065634110724 477.5704266775943 864.846200618614 147.30076510995764 609.5764123882789 476.7037267432132 841.3381777561129 84.96420577863327 617.4152027976684 394.02032248621003 671.7568158822122 93.61465624939402 616.1947741767567 375.58126843905166 643.1855587115092 125.9349965887496 607.4704630122249 443.01889785463806 704.3454462262558 40.43856758390437 612.8188819075264 468.90386352698624 814.0261803617452 197.9239087326339 573.4115444981999 435.8285269641995 714.9472522793882 140.94028660184068 605.361161610171 427.96976021094684 699.6380287762225 259.2475730820196 546.2648233904787 384.31703070872214 657.8595594297213 247.7762468697998 554.7425020888788 471.78850120182307 826.6399284483208 160.2976556463051 596.0074696669939 454.650144404364 736.3559076912737 189.60090997805875 572.2064754446221 356.60835649745485 613.667677563617 248.6087307400499 548.1705785389468
1190.007825810686 3.5580336201530196 1.9890012602230116 3.5580336201529845 1.7790168100764558 1.7790168100765553 0.8895084050380839 1.779016810076478 0.8895084050384945 3.5580336201531275 3.558033620153163 3.5580336201531484 1.7790168100764059 3.558033620153275 0.8895084050384418 3.558033620153351 0.8895084050382464 3.6675371088476316 0.8895084050384794 3.667537108847722 1.7790168100767507 3.6675371088476934 0.889508405038236 3.6675371088476294 1.7790168100766723 3.9780025204462084 3.55803362015316 3.5580336201530667 3.9780025204461085 3.558033620153367 0.8895084050381161 3.55803362015312 0.8895084050381014 3.5580336201532274 0.8895084050382739 3.5580336201530147 0.8895084050384248 3.5580336201532976 0.889508405038203 3.558033620153072 3.558033620153136 1.7790168100765955 7.1714460306966785 0.8895084050382587 3.5580336201531564 0.8895084050382115 0.8895084050384726 3.6675371088473736 3.558033620153156 0.8895084050383255 7.17144603069662 0.0 3.5580336201531924 0.0 3.6675371088475566 7.1714460306967265 3.667537108847611 3.5580336201532856 3.9780025204459575 0.0 3.5580336201531657 0.8895084050383851 3.558033620153189 1.779016810076529 7.1714460306966386 3.558033620153282 3.6675371088475264 0.8895084050383855 3.55803362015314 3.978002520446155 0.8895084050381357 0.8895084050382965 0.8895084050384617 0.8895084050384106 3.5580336201531635 3.6675371088475046 3.5580336201532066 3.558033620153216 0.0 7.171446030696749 0.0 7.1714460306966465 1.7790168100765618 1.989001260223122 0.8895084050382231 3.5580336201531977 3.558033620153212 3.558033620153236 3.5580336201531644 3.558033620153145 3.9780025204460774 3.9780025204462364 3.5580336201532217 7.171446030696658 3.558033620153178 3.6675371088475477 0.889508405038279 3.6675371088476822 0.0 0.8895084050382509 3.978002520446067 3.558033620153324 3.9780025204460365 3.6675371088476583 7.171446030696685 3.55803362015301 3.6675371088474833 0.8895084050382359 3.5580336201531257 0.0 3.5580336201531675 0.8895084050383174 3.5580336201531364 0.8895084050382863 3.5580336201532345 3.978002520445892 0.8895084050382156 3.978002520446155 3.5580336201531555 3.558033620153312 3.5580336201531835 3.5580336201530365 0.0 0.8895084050382618 3.978002520446 3.558033620153065 0.0 7.171446030696553 0.8895084050381528 3.5580336201532266 0.8895084050381739 3.55803362015296 1.7790168100765675 3.667537108847623 3.9780025204461213 7.171446030696457 3.558033620153108 0.8895084050383811 3.6675371088476645 3.5580336201530125 0.8895084050384636 409.11263088864274 710.3880663591045 147.31939234313023 600.0058944665169 465.13337778365474 773.4635901379946 50.15046882421757 613.5231550148703 341.83783316823417 603.4708281286435 249.94932210041787 559.6420754224142 469.47785618385853 795.703439219245 142.71924780980467 603.3768069975124 373.6653083765784 641.5004163102739 70.16212985597559 617.7773734123086 442.5730217092487 717.9686097208923 269.544622960705 550.1605745594362 357.02940243966617 611.8842918937693 221.906660108114 563.5927753226588 450.7950191765496 728.3436445609509 188.31297334523964 578.1865806506914 353.65707936409433 602.3280585238539 213.6531495268612 567.7223226948387 482.411139630466 875.7901318533416 57.89636359164191 615.4919563119132 398.7941394480581 694.9921275378705 86.04469650440961 620.8322754466163 455.93266141141856 750.304403629698 76.77313431188426 620.0928275783665 479.5159836277105 864.7642738630072 238.99478893714343 561.5534603444593 384.1682720915488 654.8614792779335 109.37973863032309 607.4935958482973 427.81597721011315 723.5277446565415 213.04079996331228 561.3741496968769 462.01832408683634 767.8066699994191 129.98730330525336 610.0548892654296 415.2048677825028 700.7538840827273 172.05581152787357 593.365854245242 452.96777516961157 737.2414890350052 44.225218974353226 615.8530878696868 367.4956293701393 641.190661882505 93.42958408872784 620.2636132580972 410.56868611752225 696.5999201728965 225.36896715826435 558.9456560228576 480.25611276983744 881.9196862388283 192.32039781329067 571.2810870539262 403.00998142532995 693.5492174278679 153.76305881688478 604.5794968243425 477.27533755836936 840.7854365588951 211.26122052102622 572.3956286062896 338.5181505245298 597.0799321237132 114.67345901362357 614.0282569196957 365.10566708727885 623.5886926961464 127.95345732936707 602.6714608502987 371.8469039436139 656.3168249939979 165.58390092807886 590.5220441185363 411.9009753163358 705.9223810608203 61.65738170593407 619.0012137510417 479.24789638135354 896.7652009489024 204.59827318067815 564.4599976235575 401.3828164020323 683.3381832641867 66.38313841098437 613.9136599909298 480.8535014536861 857.7811051581327 235.18625783467024 566.6545844580371 411.4022376230985 689.1492246814004 200.09328535161958 568.2381660586924 413.9299213161535 714.590992213518 114.5658890034987 610.7265998007123 407.03121912951184 683.2745577697259 102.39373465196621 619.8663472666401 469.66362568281596 815.280425940369 190.40944911559117 586.1056723431484 459.9927518850183 752.3045220269127 234.9768903453445 551.654810255572 460.95781819749294 759.6031586068246 259.7198103191837 548.4787343448327 371.63109901843615 648.6131438229554 50.96830562267539 617.4087725821453 418.1517903229648 721.1180307498423 173.3939141990335 589.0663519812201 474.6598261848384 829.896934448308 223.06302595961571 551.8071786981234 447.01160789937995 721.3424449013424 182.88591529932236 587.2765675635253 474.35332144811866 819.7845766619681 153.58278209658462 590.8250338770274 393.1558606911486 670.0681183209606 180.38160649414002 590.7893430468471 420.80923103048445 716.1801305365325 246.95083202469888 551.6885794557818 466.99412594878606 788.2376735791901 265.9950127093469 545.41147466834 468.80043917612227 803.5994748984275 33.546767330191294 616.3225452033445 342.6807958287261 595.1233305602641 260.46564942932065 553.2048023042443 421.0825904630361 726.6645734460872 98.0960029009689 616.9809704898886 481.47349334323155 890.9227690646197 107.81689271863534 616.9583058974973 390.3258604863737 674.1434597914086 135.13104917798773 600.7173157980454 427.939593660901 715.2022509699223 121.59886061747125 604.0773086368679 406.8675332903871 701.6997965395776 206.8640027455874 558.4711865939781 472.2900961351853 810.986738714358 192.31425802857146 567.0189347067154 476.45207713020426 856.6464059378823 217.46642201959676 557.6048925994278 397.1961303675616 686.805500191878 196.03453999619842 581.8264362367064 362.8893536935725 629.1946041924313 227.20128392905596 569.7935664070277 436.7799138557631 714.0476748084044 158.56139164129254 593.1368384424765 473.63589536398604 844.3692265752384 226.47651136326502 554.9875018806769 467.8279601228845 780.6991286608853 123.23701836177047 612.5362679875388 478.2742501895947 872.2453051784628 140.3830064880892 609.7770594256954 478.4857632490227 850.5641792916433 79.07006294705327 616.4790170299572 397.2471054846708 679.0417055886854 88.66878767632522 616.3764831104759 378.3021911741101 648.5449754543458 117.5196421961299 607.7115643314071 443.40481542775905 709.3684804962381 36.401956575240256 612.4620815836018 470.67391832126464 823.7606388308852 196.09892531203369 574.6647044564929 437.7182658663175 723.655310524082 135.03864247262496 606.1916682856563 429.60445639010624 705.3375102542686 251.48999628453265 547.8200589635699 387.00269678216415 663.2417440671586 241.92232681742573 555.6915234169674 472.79447556601843 836.5488147051093 156.4084852644434 596.8740973180353 456.62737220503726 741.9683876539901 183.965404948687 574.9123733983379 358.8562464577338 618.1288300954889 241.7432454037979 549.0413206759044
1200.007825810686 3.978002520446218 3.6675371088475686 0.8895084050381743 1.7790168100767572 0.0 0.8895084050382674 3.558033620153182 3.558033620153134 0.8895084050382428 3.5580336201531444 0.8895084050383105 3.558033620153184 0.0 3.5580336201531644 0.889508405038158 0.0 0.889508405038245 0.8895084050383502 3.6675371088477364 0.889508405038261 0.0 0.889508405038278 0.0 0.0 3.5580336201533274 0.8895084050380991 3.55803362015315 0.0 3.5580336201529676 0.0 1.9890012602231402 3.5580336201531586 0.889508405038214 1.989001260223004 0.8895084050382799 3.558033620153135 0.0 0.0 0.8895084050381794 0.8895084050383376 3.667537108847619 7.171446030696621 0.8895084050382198 3.558033620153165 0.8895084050383719 3.558033620153175 0.0 0.8895084050383294 3.558033620153275 3.9780025204460463 1.7790168100766501 3.9780025204461325 3.5580336201529827 3.5580336201531546 3.9780025204460245 0.88950840503825 0.8895084050382107 3.97800252044615 0.0 3.5580336201531586 0.8895084050383271 7.171446030696601 3.558033620153007 0.8895084050384932 3.558033620153162 0.0 7.171446030696654 0.8895084050384292 7.171446030696766 3.558033620153196 3.5580336201531555 3.5580336201531253 0.0 3.6675371088476423 3.667537108847675 1.7790168100765833 3.5580336201531755 1.779016810076665 3.6675371088474518 3.6675371088475517 3.6675371088474154 3.6675371088475557 0.88950840503827 3.5580336201532026 0.889508405038335 3.558033620153114 1.7790168100765864 0.8895084050381928 0.889508405038294 0.6226558835268496 3.558033620153069 7.1714460306966545 1.779016810076556 1.9890012602230176 0.0 3.558033620153144 3.667537108847751 3.6675371088475774 3.558033620153271 3.97800252044608 3.6675371088475446 1.779016810076572 3.6675371088475566 3.5580336201531804 3.5580336201532314 1.779016810076678 3.6675371088476045 3.5580336201531826 3.6675371088476183 0.8895084050384714 3.5580336201532754 7.171446030696644 0.8895084050382646 1.9890012602230067 0.0 3.5580336201531595 0.8895084050382297 3.558033620153138 0.0 0.8895084050381301 3.558033620152973 3.5580336201531586 0.889508405038335 0.8895084050381 3.558033620153071 3.9780025204461444 3.55803362015326 1.9890012602231046 3.5580336201532776 1.9890012602230456 0.8895084050383046 7.171446030696631 0.8895084050383665 3.558033620153204 0.8895084050383861 3.558033620153136 0.8895084050382419 7.171446030696643 1.7790168100766548 7.1714460306966465 412.4686619929872 718.6835318987746 141.43169205826422 600.97237691028 466.6460788592144 779.7063978810398 42.7052608575313 613.523544007073 346.88138242610927 610.1351940401819 246.90630456101417 559.3650198502679 469.73368631833074 802.2405297801306 134.33973800236242 604.1554453865583 374.6447805973711 646.3714418777771 62.73850405644559 617.6628824337362 442.6613347597687 723.0605836753019 260.7255136147869 551.3537653626144 358.4076443037806 614.5582696013068 216.0324429496481 564.407542208304 453.24457145667816 735.8739204721392 182.91044170769 578.7522781936304 354.8770680409009 606.0874228084411 206.76666775190554 568.3999280001784 482.85618029399524 884.7006354000346 49.97743662385921 615.246666315969 400.7053997967003 701.6401140983546 78.20156094412418 619.6568541122357 457.84767570273425 756.9569677718226 68.86541906014817 619.9999188562484 480.5169923782296 873.1126144180447 235.08368562473126 562.1357161412697 386.3502500517032 660.3961297246307 98.49169441231935 607.7989109542167 429.36550580468077 729.2508281357844 206.8445784737351 563.4624442772197 462.7908227644811 776.26182274241 125.06405361735966 611.3564220700514 416.78477726834745 705.442009538282 164.67336004684125 594.1651332720804 454.42728015136464 744.0068979086658 35.32330957164334 615.4653252397542 370.31444311729035 644.4564366276827 87.02792897070408 619.7446584074133 412.1932995007232 702.3060880479801 220.51430282303448 559.8928262436576 479.2772823037892 888.022129352144 185.03813502922137 572.8689154646105 404.37755045448085 698.2975044431519 147.8645230554974 605.3612015969405 477.21397718193145 845.3334432678995 205.37871700568715 573.1558694283557 342.6631691400683 600.9084082967161 110.2247064833781 614.7207049503486 366.87801566656924 629.2492999215499 121.05248966268661 603.9833243767678 375.9333589287822 661.2757812392194 158.70306965167916 591.2341388978992 414.48807535421685 712.3836634509983 55.23829568744533 618.6645901242081 478.17315186859 902.2562887194993 198.91448500689035 566.6700574523626 404.54423485944284 690.653819988842 58.410924072583754 614.4685386423264 480.9714160784101 862.7625628201979 229.38956900143666 568.0164673558639 412.5736185231348 694.9841347323801 191.34772595111042 570.0501024902546 418.13487526703994 719.5762631249748 105.66349028761306 610.9471607031544 408.6085160004548 686.9335790188957 97.43175377780726 620.685888529459 471.34946913901274 824.0188020099333 185.57169191282787 587.3632804264522 462.13404030429086 759.919755554236 230.27084506544807 553.5992931957409 463.43320649553516 768.6635048814449 250.97486126682026 550.1200260232522 373.0261814131461 652.3210032326631 43.962338156568904 617.9751488739627 420.22265981905645 727.7240383446245 167.06166225700656 590.5499755076723 476.4715468519017 838.616364676435 217.2969747776623 553.3862001233662 449.25053703364017 727.9081335939951 176.48671299981572 587.8653901166718 474.80729873438145 828.7940305717086 143.70750963656712 591.341318975291 395.4518046727269 676.089606919885 174.00897372764655 591.5974714222401 422.3858566735215 721.8981322466947 240.63888545775055 552.9111075540587 468.8070402335724 795.9355899774741 260.2233397616847 546.8534534258604 469.6276313800042 810.5107492721678 27.83236633652399 615.8685810979548 347.66696465043185 603.8783863454629 254.68661395959066 554.6214543302393 424.91229569943613 731.7671799066545 91.19156796247516 616.6844725674839 479.47489178171486 895.1350908771423 99.91648907917981 616.7625430524877 393.83423798872724 683.4120431251424 128.22904023156383 601.5847997499963 430.0071984833471 721.8098110461971 113.20116648389083 604.5981669973829 410.4467231638462 708.903568254045 202.21530841488652 561.0657906858986 473.32107883676457 817.8463630925479 184.4974558752611 568.2010940053364 477.14133681579864 863.5451283865134 211.72517087192742 559.4063744363779 398.140249850723 692.7052667983636 192.16652117546477 582.7841253395945 366.90188213785433 636.2220691281486 221.29823539827714 570.4016954154763 436.86672688696075 718.1218988654539 150.61804316926722 592.8621488431708 475.6401615473159 852.0381720195569 222.07658672045795 555.6263531234191 469.29834330396847 788.9821465284521 116.32105551078804 612.3170713810903 478.5153900373527 879.1871259826712 137.40962080531108 609.6383160876516 479.88819363348784 855.3405362439803 74.13319630639639 616.1190333836892 400.08201696044955 686.9649209715052 81.73268527888774 616.4657560151276 379.9327006686589 652.1833049373613 111.5819392410035 608.4370397690459 444.459419532925 714.2035873464375 30.000458486432542 611.836058625724 472.2730346541207 833.5276605385696 189.7749673359221 575.9072413554655 439.2262907368931 728.3677689186253 127.62094489059375 606.5851025555789 431.18724144490983 711.0537890763221 242.66426726765502 548.9435863127544 390.68623790623855 670.393707234958 235.11769669976582 556.9609381708557 473.62571026685845 842.9397502028027 150.4768068377526 597.2058009370066 459.04511611442973 749.5143635491254 176.17073425844967 576.4088954895836 362.55028061197936 623.1818723316892 235.88001303865147 549.9266911623624
1210.007825810686 3.667537108847595 3.558033620153172 0.0 3.667537108847583 0.0 3.5580336201531266 0.8895084050382259 0.8895084050381508 3.5580336201530725 3.558033620153143 0.8895084050382908 7.116067240306311 1.7790168100766715 7.171446030696666 0.8895084050382046 0.8895084050381391 0.8895084050382712 0.889508405038216 3.6675371088473754 7.17144603069665 1.7790168100765327 0.0 3.5580336201532936 3.5580336201531635 0.8895084050383721 3.558033620153222 3.558033620153194 3.6675371088475477 1.7790168100766932 3.9780025204460214 7.171446030696447 0.8895084050382636 3.558033620153356 3.5580336201532106 0.8895084050383782 1.779016810076682 3.558033620153317 3.5580336201531626 0.8895084050381746 3.978002520446087 5.410668396552169 1.9890012602231082 0.8895084050381582 0.8895084050381563 3.558033620153198 0.8895084050381336 1.779016810076592 3.5580336201531493 0.8895084050382949 1.7790168100765984 3.6675371088475974 3.9780025204461373 0.8895084050383856 0.8895084050382328 0.6226558835268448 3.5580336201531253 3.5580336201530383 3.9780025204461684 1.989001260223077 0.8895084050384104 0.8895084050382827 0.8895084050383395 3.6675371088476756 0.8895084050381679 3.5580336201533225 3.5580336201531586 0.0 0.8895084050382528 3.6675371088475504 7.171446030696679 3.5580336201530436 0.8895084050384473 3.6675371088474606 3.6675371088475446 0.0 3.558033620153134 3.558033620153013 3.6675371088475415 1.779016810076662 3.558033620153208 1.779016810076494 1.779016810076783 3.558033620153108 3.5580336201532 0.8895084050382667 0.8895084050382442 7.171446030696477 1.7790168100767692 0.889508405038268 0.6226558835268496 3.5580336201531932 0.8895084050382329 2.223771012595732 3.5580336201531533 3.6675371088475774 0.8895084050381812 7.171446030696443 0.0 0.8895084050382581 1.779016810076537 3.6675371088474567 3.6675371088475823 0.0 1.779016810076556 1.9890012602229588 3.6675371088476196 3.5580336201532408 0.8895084050381917 0.0 3.558033620153187 0.8895084050383535 3.5580336201531138 0.0 3.9780025204460734 3.6675371088474145 3.55803362015319 0.889508405038361 0.889508405038264 1.7790168100765191 0.8895084050384763 3.5580336201531297 0.0 7.171446030696792 2.5159097005000284 3.558033620153217 3.6675371088475717 3.9780025204461813 3.558033620153173 0.8895084050382331 0.8895084050384148 3.5580336201529703 3.6675371088475015 0.0 0.8895084050384636 0.889508405038321 0.0 0.889508405038191 0.0 3.5580336201532408 3.6675371088476645 415.95405926909007 725.9298061294004 135.51851849661782 602.4948073758983 468.4240351825599 787.4104581955555 32.85602513254249 612.7721079193466 350.1489700526807 620.5030533789981 241.98012307373708 559.8195221433732 471.36969140819014 810.9861660910053 128.92303645335545 604.3801112652608 379.7110501270544 659.8121651964778 53.451062092549805 616.1080423942294 444.64421203747065 729.6929717345935 256.925829471463 552.6731435361722 362.23484591526324 618.5437480707359 207.22641127012116 565.708827553154 455.1614258322067 739.4766742496312 175.9960018490383 579.0379546354269 356.12829688051943 610.8761014373285 200.87560679023056 569.0821740693827 481.7933044923123 890.7687306513483 40.60713364618562 614.7180864048389 404.9620583160515 708.6645129205117 70.27871102445785 619.49063888389 460.41335693230957 764.4716470988509 61.05387264904846 618.5717255116084 480.31338185763906 880.0994114210447 229.27523381036326 563.4296613286862 388.76847994079617 666.8958222965624 90.45552218959703 609.5542601817006 430.03110658634637 734.6977073613592 198.02971134949271 564.7138978747298 464.2176588699383 783.5355825562123 119.11841503864224 611.7347564582061 419.32639362820186 711.9208066526578 155.7867048399964 594.7703125524973 456.79969482765927 749.5308154996691 29.344615855132318 616.0299647120804 374.87146017470184 654.4344422633762 79.06539354906347 620.1235077724579 414.66573900567397 710.3396964227044 211.84173529509724 562.2226016031273 478.75852614559284 894.550984225755 178.70168747570347 574.1776480988326 406.2885665650876 702.3819373490004 141.9379377566954 604.9821434142805 478.7604940411499 853.5867732566722 202.51429035000234 574.211421289006 347.1356717637763 606.7365663789918 103.32917318986732 614.1869334835746 368.90712553186995 635.8616922694669 113.07975106263729 606.0535136419696 380.53693636714786 668.1619442986437 149.82627329809108 591.7939061355382 417.3855644900175 719.2733982968468 47.364086042431104 617.9746278263204 477.0276253665005 910.2102852236225 192.12650584337064 568.3531622250721 407.09826377149966 696.0951479612394 48.10964506976896 613.0775540129927 481.63005372375244 871.6460335890425 225.40414723180723 568.0472488551698 414.17120751782045 700.6930718319609 185.43920830880873 570.6099008250703 420.94738839944665 730.0787606363536 99.76290042373128 610.1788393188299 409.7071295129902 691.7581888878501 91.54344709892268 619.818704322223 471.7430642211851 829.9807312786342 181.59258649236617 587.1967419649518 464.43770148547594 768.5179334655463 221.58192275201526 555.7502207833992 463.8135006417488 775.6822689253493 244.9620243784426 550.0030576336945 376.37992484295546 662.6671808036695 35.081956402175095 617.5302420684112 424.38851414147683 733.776157389914 160.1726592243667 591.6101448433976 477.5280165298004 846.4568157109824 208.65039985246423 555.9610235740412 452.6060259884222 732.1628568644961 171.5767140903801 588.4186425760181 475.09996537920995 834.2591358657522 136.80902752635848 592.659341518702 397.9709224079374 683.078181135112 168.1179711286924 592.1829819166641 423.5053797613967 724.1563604862043 235.9186747080362 554.8269932694163 469.02204008657844 804.9998800854245 254.43324509212715 548.2402315290626 471.2545529698589 818.2502091434228 20.098704802237265 616.1242127832197 352.36085312008237 615.3470538868229 248.6788686936302 554.5200872130308 428.51580612436965 741.03693730883 85.20629952005974 617.23818383422 477.52209149794106 903.6500998210162 94.05611804930473 615.4430464675444 396.1969237950997 689.931600794329 123.30254793264358 601.2601841853494 430.08345443664876 726.9004046792684 102.28184844243395 605.7248075779211 412.0561468813352 716.660955617031 190.51531307411537 563.2845153132707 474.9247146606974 824.5809446879991 177.77533180367172 570.8067817274315 477.7760899010003 871.9315496177774 203.98773297279118 561.304197974552 401.1753577696008 698.0105791408589 188.22446458935542 583.1447312072232 369.91930734980605 643.5677517408288 215.411544616016 571.1489775196471 437.89597776249104 722.9611642416854 142.25278988680495 594.0373574332733 476.5108800424523 859.4050206601403 214.44993292012725 558.3401656787906 469.072670165342 798.1480583007924 110.38026889757717 612.6183141124166 478.03523202819315 886.1905169288706 132.47168147834623 610.396837444984 479.90366699404285 862.3291076042408 67.21811567795872 615.7733658487084 400.54979066107586 690.4288352706296 75.80176905148849 616.2359107508615 384.1717924630339 661.2349319349612 107.1185966566911 608.753755837329 445.457259874909 717.0046797412446 23.00451762650623 612.9011484714385 473.03276670332167 840.4182794945816 183.42664827212806 576.9852355996736 438.7634377458296 730.5297405705193 121.67742097962905 607.0137032006094 433.16809567017924 714.6160990089799 235.98522700937062 551.1405092118474 392.0630590325534 675.1420188242251 229.307841112036 558.2640331730993 474.5116697990038 851.3076432143856 143.55945739068937 597.3761636571553 461.63464186109934 756.0073892835285 169.26331389243452 576.8791475912642 365.7147977374039 628.4078816313066 228.31824103387288 552.9780431880262
1220.007825810686 3.6675371088477005 7.171446030696674 3.558033620153233 7.171446030696628 3.5580336201531613 0.8895084050383204 0.8895084050383162 0.8895084050381836 3.558033620153087 7.1714460306966545 0.8895084050383322 1.7790168100764445 3.558033620153292 0.8895084050384329 3.5580336201531955 3.558033620153142 3.5580336201532607 3.5580336201531533 3.5580336201530263 3.5580336201531635 3.6675371088476774 3.558033620153148 0.8895084050382631 3.558033620153145 0.889508405038257 3.5580336201531875 3.5580336201531564 3.558033620153163 7.171446030696643 0.8895084050382934 3.55803362015326 3.5580336201531915 3.5580336201531075 7.171446030696607 0.0 3.558033620153156 0.8895084050383646 1.7790168100765507 3.5580336201529756 0.889508405038381 7.171446030696775 3.558033620153115 7.171446030696569 3.558033620153213 3.5580336201530054 0.8895084050382802 7.335074217695302 3.5580336201531506 0.0 1.7790168100764931 1.7790168100765824 3.9780025204459992 0.8895084050382613 3.6675371088475783 0.6226558835266921 3.978002520446158 1.9890012602231442 1.989001260223093 3.558033620153104 0.8895084050383268 0.8895084050382367 0.8895084050380981 3.6675371088476862 7.1714460306965915 0.8895084050383839 0.8895084050383459 3.5580336201530747 0.8895084050382487 7.171446030696685 3.558033620153159 0.8895084050382263 0.0 3.6675371088474136 0.8895084050384724 3.6675371088475486 0.8895084050382743 7.171446030696761 3.6675371088475357 0.0 0.8895084050384888 7.171446030696553 3.6675371088475877 0.889508405038419 3.5580336201531497 0.8895084050383919 3.5580336201531684 3.667537108847432 1.7790168100766124 7.171446030696666 3.978002520446008 0.8895084050383408 0.8895084050382142 2.223771012595732 0.889508405038124 3.6675371088473847 3.558033620153168 0.0 1.7790168100766413 3.558033620153294 0.0 7.171446030696491 3.6675371088476014 0.8895084050382155 7.171446030696687 0.0 0.0 3.667537108847763 0.8895084050383459 3.558033620153306 3.5580336201531173 0.8895084050383879 0.8895084050381251 3.6675371088476605 3.558033620153196 0.8895084050383586 3.5580336201531777 1.779016810076518 0.8895084050384379 3.5580336201533562 3.5580336201531395 3.5580336201531897 1.9890012602230671 3.558033620153053 0.8895084050382586 3.558033620153235 0.0 7.171446030696488 0.8895084050382842 0.8895084050382666 3.558033620153144 0.8895084050382784 7.171446030696709 0.8895084050383343 0.8895084050384707 7.171446030696642 0.8895084050384102 3.558033620153296 0.0 0.8895084050384036 7.171446030696687 418.9133483309802 733.3264615124303 131.56458466110138 602.3824913393267 469.9978843718104 796.1718461250214 24.887180747862764 613.5327820974303 353.2977305349829 625.7434968681149 240.14895475702843 561.0445516093215 472.9498391507205 819.7244721748904 124.95245135202529 605.0065007721112 380.8938888893047 665.6434873261244 48.09970938837123 614.7353839871239 447.06290571713185 736.2189700732282 250.58260769673947 550.0727845897397 364.4254730084239 624.0729514802713 201.4996608086136 568.020429103509 457.22750082079443 747.1110388067825 168.1012710045161 579.3683109980544 358.28124278036034 615.3827442989676 193.00420157355964 569.7521777334944 480.2272743717653 898.6055058087524 36.150639250809256 614.6763532198773 408.49968883353785 718.9733212906655 64.89930432889794 618.5590297336239 462.56462395405066 770.5747838550591 54.17321006229677 617.8100983376188 481.5424474074343 886.0961038294746 224.3339907320534 563.7701127469034 391.35078102770495 672.3270705330823 83.32660657336288 611.9651240557615 433.43624666616677 741.9864781967796 190.69272055207077 565.7833228766344 466.58294461747994 791.1104663145895 116.17298643774228 611.3336164956281 420.84987896155286 717.6527618424974 146.88942736337194 595.5108036784111 458.4066489684006 754.2267664316962 19.45046050043097 615.9510771991845 375.553862558073 659.3840279770604 74.20001698302637 618.9791835507096 415.7031125192779 715.1774414192107 204.0550710008449 563.7613159436199 476.5350108182865 905.1491366710898 171.3339558919953 575.0641942693253 408.12957059276204 711.1003986853234 137.98470764552908 605.1726942375716 479.244497070233 860.4882146337768 196.5977160256116 574.716457264507 349.3579543142071 612.259292818697 97.92079350284085 613.5727240412293 370.4060481913219 642.6318969059558 106.12850491852062 606.399302833382 385.29892480312395 673.9962344098715 141.9251121592654 591.9993839749072 419.2475066834893 724.4049320979099 41.41324925851649 618.0607943051652 476.6814416914435 917.3071768116322 184.24741122587332 569.1540253077776 407.83528940178496 702.5545546240434 41.69730433733908 612.6288807725398 479.81208667512584 878.6292271404149 220.524369756104 568.8733633254645 415.6818845864667 704.3783353204241 178.5930269824034 572.0553291393859 423.63987149426475 736.5261929862636 90.81983341128355 610.5238680578406 410.2564141451557 694.6827779348318 86.10348282764949 619.6447875009907 473.23115637821695 838.2598697832108 175.66709739858797 587.5194386902723 466.3635081363405 777.2037887491088 213.78670595894258 557.1386260340479 465.262603528765 783.4631274836877 237.28562302050995 552.2602258951302 378.8624314695253 671.2101018085986 29.65745185889595 617.181871453618 428.7568884254063 739.7920512808521 152.74647968625342 592.4515818502813 478.8594397154773 851.7792658023145 199.91152440821583 558.0506459845899 454.9656920438652 736.6760457983743 167.62119401701514 588.5607930923113 477.0764718010545 842.9573567569881 124.92993297329718 592.6472831711767 399.53323221024596 687.7700816286175 160.21640331697915 592.3703599092529 424.62233302266355 727.4395462984212 224.74211215680216 556.9957209409448 468.6111434833703 812.1199350303009 243.17240126707134 549.7946793916409 471.92499305042554 828.1668770421811 10.464855425669683 616.748634550183 354.518803517621 619.8521344101617 243.87968950231394 555.9239136722443 432.32897071074575 748.2070469468943 80.28133196506494 616.8375485724791 478.9515429359095 911.0174943811159 89.18536326362936 614.3274974157524 397.72472076345156 693.6095229829564 118.25309216303383 603.539359750497 430.58676170292364 729.8336853755295 92.38878200265955 605.5455242586372 415.2609364911081 722.967859062219 180.73439925784805 564.9755848744953 476.24919358547703 832.8932530306669 167.92714119659675 571.5645991829678 477.2157964473034 883.3238354992277 196.61092772107406 561.9852614977533 404.44495923233563 705.3152772785152 182.30695462715616 583.5349717992989 373.1071228456771 650.8686281149936 209.51530438301512 571.7805009217269 439.85008728921457 727.5590444177817 134.33436379543693 593.9569786660063 477.04895549897327 869.3066299279267 206.67252314773611 559.9231035669566 469.2522038088613 804.1553772979155 105.93818391107645 612.3462060425769 478.2746248038174 892.6734197625711 129.46927916644148 611.5460760030873 480.69759321058166 870.6865284920949 58.39012936704081 614.5932835644771 401.9958045314459 695.6696217449231 67.46769583290767 615.0597746640335 386.8075396595567 667.6749267477844 99.23170883228156 608.2385513288328 446.4381710006962 721.8548850053011 13.602429893724356 612.8863506681224 474.32402689174774 848.2134100769382 178.98120997086875 577.0021225562377 439.2585041650554 735.503703436599 114.78100448770017 606.4442997962202 433.6687049876482 716.5290476986559 228.91297759782105 554.2620790361088 393.61223364221263 678.8111205656312 218.66290280400912 560.7892388566596 475.6612939599611 857.1360093978267 137.61452540276653 597.8174154405127 462.2443636550226 761.951836494023 159.4324850222249 578.6676724429365 367.0858413960729 632.1217072824924 219.49327976868688 554.034343341603
1230.007825810686 7.171446030696763 0.8895084050382913 3.6675371088475646 0.8895084050384066 0.0 0.8895084050380987 3.9780025204459273 3.55803362015317 0.8895084050383294 3.55803362015314 0.8895084050383519 3.9780025204461182 0.8895084050382616 0.8895084050380992 3.5580336201530653 3.5580336201531746 0.8895084050383809 3.5580336201531977 0.8895084050382093 3.9780025204460183 3.6675371088476645 0.0 3.558033620153298 0.8895084050383703 3.558033620153186 3.558033620153128 3.558033620153331 3.6675371088475917 3.978002520446159 10.67410086045951 1.7790168100766401 0.8895084050382819 3.558033620153024 0.8895084050382034 3.5580336201532785 7.171446030696625 0.0 7.1714460306966235 0.8895084050382525 3.558033620153182 0.0 3.558033620153136 3.9780025204460485 0.8895084050384444 3.5580336201530023 0.8895084050384398 7.335074217694977 1.989001260223129 3.558033620153371 3.5580336201531635 1.7790168100766839 0.0 3.5580336201531564 0.8895084050381933 0.6226558835268459 3.5580336201531284 3.558033620153123 3.6675371088475432 3.558033620153045 3.558033620153182 0.889508405038204 3.5580336201531364 1.779016810076482 1.779016810076753 3.558033620153161 0.88950840503823 3.6675371088476076 3.5580336201531373 0.88950840503829 7.1714460306966465 0.0 3.558033620153204 3.667537108847719 0.0 3.9780025204460325 0.8895084050384496 3.558033620153182 1.7790168100767545 3.6675371088475224 3.558033620153132 0.8895084050382092 3.6675371088475566 0.8895084050382288 0.8895084050381703 3.5580336201530454 0.889508405038305 3.667537108847372 1.779016810076412 3.667537108847408 1.779016810076581 3.5580336201532337 7.1714460306966705 0.44475420251922554 3.558033620153156 1.7790168100766508 3.9780025204460525 3.6675371088474464 0.0 3.5580336201532656 7.1714460306966155 1.7790168100765558 3.6675371088475117 0.8895084050382157 7.171446030696676 3.9780025204460285 3.6675371088476143 1.779016810076634 0.8895084050380888 3.5580336201533416 0.8895084050383879 3.5580336201531986 3.6675371088475273 0.8895084050383116 3.6675371088475592 1.77901681007658 0.8895084050382852 7.171446030696531 0.8895084050382561 3.558033620153004 0.8895084050383607 7.171446030696728 3.558033620153149 0.8895084050381866 3.5580336201531426 0.8895084050382768 3.667537108847603 1.77901681007667 0.8895084050383776 3.558033620153287 0.8895084050384479 3.558033620153324 7.171446030696583 1.779016810076603 3.5580336201532172 3.9780025204461813 3.5580336201531644 0.8895084050381719 3.6675371088475703 1.77901681007666 3.9780025204461382 421.11676968592064 741.9431947035346 125.64079512906767 602.0902638134885 470.5105293020189 802.1006463118248 17.95270105958894 613.6449322106872 356.8914294569755 630.8632286289759 239.1364119522743 560.9085764041963 474.2165143062372 825.551485658789 119.02169446966823 604.9013738432913 382.43918000844764 669.3146802828566 43.183913017651975 614.1868451706711 446.566143583305 739.3921685784799 243.03193338105635 553.4849341459693 366.0621654311254 628.7440669236229 196.60547117315042 568.8562383289445 459.96187495256555 752.5820661156151 161.1767128709798 579.2088805023405 359.0384745442095 618.7686672089659 188.0644864925798 569.7558011791447 479.8926620419223 903.7461905362516 26.227082050770452 615.0968773204224 411.6807304781882 725.2968374979613 58.43947219468534 618.8385430349409 463.8478172772331 776.8641538910595 50.18057620992011 618.29545311654 479.96621001049414 893.8196909843899 218.37991786686925 563.8555226716177 393.83620626486885 675.7421113880727 72.81514733967211 613.3990148851733 436.2670063927728 748.907957776619 180.8588277140618 566.952010333846 467.33383380733494 798.0326695481925 112.25933947067574 610.5751121354325 422.8178896885662 724.2894254436123 140.43636275218813 596.0763485896957 461.57048525635093 760.6192755480537 11.035023067979607 615.991661515546 376.6355545559047 663.187598997157 67.22398211038798 619.4731476554839 417.2056649788885 721.9362269902642 195.74641869998112 565.3653105229342 475.00440999154665 910.3931273236626 164.9155323901617 575.2122103185836 411.5591933070986 717.356208963171 135.0144634493135 605.3112990494649 480.05846843857137 868.4125116478393 192.6514303462292 574.9524568805302 352.3813684416453 615.4768706421721 90.5476474020424 612.7654581068219 372.2479117223859 647.2432252849263 95.17859174414343 607.0885024087357 388.76531782131497 678.1675021007871 134.00261054932852 592.4844220617523 422.18753166246074 733.852788478935 34.53864562330963 617.1531086839718 475.32527850524207 921.9290418875806 179.35315180421165 570.5843867386278 409.58368454959174 708.2272105038602 32.743495550042425 613.3278545938439 477.6565154941782 887.3117782081758 214.6170909919615 569.4252879870891 416.7029335536659 709.2180635945878 170.6921175418709 572.3044517453632 428.21400628701184 741.4827546723785 80.36005016524815 611.2121591870838 411.77851659193067 700.4146077661795 83.20299853659138 618.6770446089444 474.9464935336845 845.0714770643538 169.7385654801563 587.653012134719 467.4416355932551 784.0496307853648 205.5280467600651 559.3084270710164 465.32905813945797 790.488674504227 229.0653791475836 554.4113388843657 382.6590167221235 678.3610580318291 20.720367701478434 617.674482606751 432.0030822915194 743.5596365739544 147.27770797394055 593.5836052619034 479.1760755217744 858.6721320334224 194.11685688425308 560.1874241887779 457.7113997258587 743.1540761141883 161.69043353602495 588.6042180479847 478.1202875079184 850.8247998488096 118.87320683725856 594.783018273236 400.19505182689505 691.1755347332079 155.27321863300307 591.5886390444742 426.2103723624904 732.6441907019317 216.93394226138784 558.287040828922 471.91797684277293 819.6349500399408 237.43633993780108 551.7321260583446 474.1470972835391 834.8752240814291 5.040648730358487 616.3848157039872 356.6415755396362 624.376561526781 237.9318027237215 556.1237998417616 434.57563299357963 754.769131566091 73.32752324570481 617.0594910474321 478.7597820036913 915.2484735809139 83.69025870255263 614.8971832673398 400.9529464902217 699.9084508448633 112.15990846238597 605.8755445451742 431.5617110645699 734.6833924736886 82.5149064723675 605.0399974666383 417.95017554200075 729.4183985698801 174.8900906964182 567.431107572354 477.966646101526 837.7370041872326 161.01054872061803 571.6763578607856 474.14521508059715 892.7492220736805 186.8074227798432 563.5645302882879 407.4207630729652 712.7097991827948 178.3808763253086 584.151475513274 374.7043265718249 655.5501585252734 207.57692674546183 572.4319853587418 441.29646032821506 733.30905711332 126.3732789334204 594.8313268752191 477.6274437349005 875.2708004213667 199.86433247009867 561.6710301940938 470.26745028253845 809.0062952991766 98.9847407968315 612.5789627873573 475.74554542963585 901.7698589863734 128.52038763565182 610.7546728047797 481.133537174452 879.6603688819259 55.3983167247145 614.8933492528578 404.9748838281585 702.0343738234521 63.94607461422905 615.8052112350614 388.936889893407 670.6731267465519 86.80077836931305 608.7905673650052 448.35206015566973 729.525881791603 3.7067222294925437 612.8524424578543 475.2735969211324 856.5785901113418 176.04628418777236 577.8381659983584 441.15988957950344 742.1618152299566 104.34888499036423 606.9772017354894 435.140687377689 722.2752231607728 220.6256102526539 555.8617789433522 396.36944498816314 684.2062015969108 210.85516032275277 562.2376844049869 476.424479749211 863.9747906953426 132.6513988135898 598.3475008548537 463.4412540507665 768.7707525680408 152.50470266540316 580.3430198799729 369.37629607371065 635.5724888157787 211.19924734065825 555.551341643286
1240.007825810686 1.7790168100765082 3.558033620153156 0.8895084050382747 3.6675371088475686 1.7790168100765822 3.6675371088475557 7.171446030696723 3.5580336201531324 0.8895084050383602 7.1714460306966 0.8895084050382351 1.7790168100764534 3.5580336201531404 3.558033620153184 0.8895084050383217 3.558033620153156 3.558033620152991 0.8895084050382163 1.9890012602231042 3.558033620153164 1.7790168100765926 7.171446030696623 1.7790168100765347 3.6675371088475432 0.8895084050384094 3.558033620153196 0.8895084050381968 3.6675371088475637 3.9780025204460023 0.0 3.5580336201530507 3.558033620153132 0.8895084050383364 7.171446030696614 1.77901681007664 3.6675371088475104 0.0 3.5580336201531635 0.8895084050381769 7.17144603069669 3.667537108847675 0.8895084050384355 3.5580336201530054 3.558033620153143 3.9780025204461262 3.5580336201531404 7.1160672403063 3.558033620153164 0.8895084050383293 3.55803362015313 3.558033620153153 7.171446030696643 0.8895084050381881 3.55803362015316 7.171446030696679 0.8895084050383264 3.558033620153008 0.8895084050382497 3.55803362015314 3.5580336201531293 0.8895084050383395 0.8895084050381671 3.558033620152984 0.0 3.5580336201532434 0.8895084050383522 7.171446030696676 0.8895084050384462 7.1714460306965115 3.558033620153117 7.171446030696626 3.6675371088475397 0.0 3.6675371088475783 3.6675371088476365 0.8895084050383006 3.558033620153144 3.5580336201531098 3.558033620153374 0.8895084050384104 3.558033620153097 0.0 3.5580336201533185 0.8895084050382994 3.5580336201530924 0.8895084050382676 3.6675371088476405 0.0 7.171446030696485 7.171446030696639 3.978002520445968 0.8895084050381881 3.7999815720691883 0.889508405038174 3.6675371088476396 0.8895084050383875 7.1714460306967664 1.779016810076481 3.558033620153177 7.171446030696599 0.0 1.7790168100764436 7.1714460306967 0.0 3.6675371088476885 3.9780025204460503 3.6675371088476134 0.8895084050380906 0.0 0.889508405038333 3.5580336201532385 7.1714460306966785 0.0 3.978002520445996 3.6675371088476183 0.8895084050382246 3.6675371088477573 0.8895084050383089 3.5580336201531066 2.5159097004998934 3.6675371088475823 0.0 3.5580336201530103 3.558033620153193 0.8895084050381705 2.4906235341072165 7.171446030696574 0.889508405038223 3.5580336201531337 3.5580336201531315 3.5580336201530693 1.7790168100763872 3.558033620153152 0.8895084050382087 3.667537108847408 3.558033620153131 1.7790168100765387 1.7790168100766408 3.6675371088477173 1.7790168100764954 424.96555777695534 748.1086868239033 119.75722457101666 601.2114574225758 472.9710828743578 810.7722733092069 11.057451896433886 613.027379474227 361.15190869196056 635.8101455869158 235.11342453176195 560.2990960138468 476.15721846527936 832.4463622332835 113.0714204989311 604.9830639794756 383.9364124908964 671.9807423276789 38.19337550615808 614.8984782576143 447.9413133421218 744.1443615906883 236.17183596162388 554.21839094791 368.20761783681934 635.3241387177151 191.68706836694085 569.2890073689231 460.733435528495 756.4625781002509 153.2382909696514 580.555338801641 360.68740489980934 624.465947665049 182.62147324046933 569.6233077175635 478.83255438441677 909.3139592495704 18.811733777740752 614.9419400495242 416.023255753108 731.3323756888437 51.459666057572946 619.6535219325456 464.73452023241134 782.2343094992584 42.25713340120021 618.3330968644206 478.3419837061163 899.5558441473919 211.4599385414813 564.0701294403062 396.05675498507776 679.2376762317826 59.93152710912655 613.5470479099504 438.04670221493177 756.6154180554984 174.9457579067954 567.763631870603 469.80433739934864 805.6989201722683 107.84074425551802 610.0086399592157 423.3037355381314 727.2242814616978 134.47759523705918 596.4916540070269 462.35130907010347 767.5062956287155 4.139671394227058 615.3755129573567 379.85451480331045 667.4294082485145 59.78104189034516 619.74159571994 418.6519083861754 723.6073202769728 184.40506461982096 566.5355150112408 474.21469944703273 917.8791606366949 157.99909674131487 576.1043306407263 413.98895627221253 722.8557559063476 129.12425034003496 604.4705821412837 478.9556830318288 877.3081767635425 186.7118308523831 574.6368085459796 356.49086346105355 622.5110350011428 85.56519160495733 613.1530057237943 375.2393471367404 651.5398814405597 89.24759458878708 606.9073463168944 391.2400354659439 682.6190074985859 126.98245385675528 594.0572209519892 423.6284678686197 736.5447144279569 30.563256908228244 617.4277309458093 470.1405439768136 931.228562013467 171.94647200852387 571.433219485807 411.8880438366912 712.2266013494318 26.753919502501653 614.2334750224445 476.59370346926903 891.6769777027823 211.64088426302496 569.3693623197303 418.6591536576877 714.8373057296197 163.77607087781854 573.0357467081767 429.52559873689876 747.7769408290758 70.46585940644256 611.0312578984957 414.6016958194705 707.3407396554584 75.31535553199446 618.122971895362 476.54828325810075 852.082160333477 165.7995786745927 586.6652314738793 467.5460873822945 790.0478770100394 197.1704733249601 560.4576565894166 467.34317952020365 798.1951256991628 222.2463838387004 555.9534872289768 386.09872485374694 682.5489802326848 12.811695860947808 617.4959080966327 434.1575108680838 750.1532380284245 142.23935224520437 595.323135094367 479.4557323983419 866.2073933241351 186.24239147151508 561.4543810482812 459.1865144016775 747.895170135336 154.78235753742018 588.2591329261844 478.1541693029861 859.2501793794833 112.80626999560195 596.5959075498414 402.81256016957224 699.1724541137378 151.29122655339523 592.4411350804015 428.9754105620192 737.5547558088567 210.0966822243697 559.5341206354409 475.1480493164153 825.3759747951599 230.07515849586719 552.7232317222921 476.1061126664445 841.3039623891138 -4.8023444033160025 615.3641222078438 357.5713978700345 630.2804499333437 229.16558498488587 557.7262785988537 437.9525412686049 765.1215917120776 67.93527774725987 616.2073726012821 474.7416445800648 924.4303911662795 75.8041003414997 614.344496903041 403.0738956736559 708.0377109611943 105.17104778727868 606.6093204903267 433.47653266667146 741.3374493903275 74.58997471902723 604.978104796115 419.6394031656501 733.0692434600029 165.49942300943343 569.4893080056354 479.0405692042417 846.66491529499 155.08845489261253 571.8435033229763 471.9272687084746 900.3741140253491 178.90116121461404 563.2498009501053 410.0973470824313 718.1461014872169 172.4533190464372 584.1981443881538 377.2165548178682 659.9827650392434 201.62753045700012 572.2438682223273 443.6590497816701 740.8707146679742 117.5192469276895 594.0027815096374 476.5823325466961 884.2188531786898 192.05030558693474 563.9860651766365 470.55330991871244 818.9355972996351 94.97042850286729 613.2758968422805 474.3159872095854 908.8387687240054 123.5727561409657 610.6788005022964 480.9520099943604 883.7017239608937 47.9236818090554 615.6861309384112 407.5590405240322 709.0215595565093 55.99530646887659 616.3007322054301 390.92280811439116 674.2281433990069 79.89905283910731 608.30308361245 448.3298287752593 731.5600786506702 -7.5232527769961495 611.8566308228783 474.26375982373173 865.3509698329582 169.12987279771036 577.6471688862435 442.02686922948504 749.0637737202876 98.34457311490911 607.7761896215075 437.5345584558043 730.8451313542099 214.6964838535084 556.0617773245386 398.6053033859535 689.7474982486776 203.96892742759798 562.9110821959838 475.8630032748555 872.435228729592 123.78121896080506 597.5596805170909 465.1124777022365 773.994190522489 145.49529496608488 582.5404650458916 371.97205848425415 642.0314273718732 203.43515424404285 558.2691773290086
1250.007825810686 3.6675371088476885 3.558033620153142 3.558033620153009 7.171446030696658 0.0 1.779016810076763 1.77901681007658 0.8895084050381521 0.0 3.5580336201531697 0.8895084050382354 7.116067240306315 3.5580336201531417 3.558033620153205 3.5580336201530316 3.5580336201531293 1.9890012602228553 0.8895084050384854 3.5580336201532927 3.9780025204461262 1.779016810076518 1.7790168100767472 0.0 1.7790168100765134 0.8895084050383598 3.55803362015312 0.8895084050382913 3.6675371088475903 0.0 3.6675371088475615 3.6675371088476156 3.558033620153165 1.98900126022305 7.171446030696656 3.6675371088476365 3.9780025204460294 1.7790168100765176 3.5580336201531706 1.7790168100765578 3.9780025204460854 3.667537108847758 0.8895084050382659 1.7790168100765182 3.558033620153124 3.6675371088475712 3.55803362015318 1.7790168100765908 3.5580336201531457 0.8895084050383933 3.558033620153163 7.171446030696581 3.9780025204459926 0.8895084050383184 0.8895084050384192 0.8895084050381695 3.978002520446063 0.8895084050383455 3.5580336201531724 3.9780025204460374 3.5580336201531657 3.5580336201531897 7.171446030696606 1.9890012602231355 3.6675371088475877 3.558033620152977 0.8895084050384399 3.667537108847655 0.8895084050383394 3.9780025204460454 3.5580336201532035 0.0 7.171446030696601 0.0 7.171446030696606 0.0 3.558033620153145 3.5580336201531293 3.9780025204460783 3.5580336201531106 3.5580336201532172 3.558033620153073 3.6675371088475472 3.558033620153134 0.8895084050384668 0.8895084050381911 0.8895084050383077 1.7790168100765476 0.0 1.7790168100766501 1.7790168100765151 1.7790168100766004 0.8895084050383597 3.6675371088477005 3.558033620153155 7.171446030696532 3.558033620153144 3.9780025204458616 3.55803362015317 3.5580336201530103 0.0 0.0 1.779016810076475 0.8895084050383196 3.9780025204459486 3.6675371088473954 3.558033620153124 1.7790168100765824 3.55803362015316 0.0 3.558033620153185 3.558033620152992 3.6675371088475646 3.6675371088477453 3.5580336201532052 3.6675371088475606 0.8895084050381691 1.7790168100764452 0.8895084050384848 0.8895084050383473 0.0 3.5580336201529854 0.8895084050382212 0.889508405038216 0.8895084050383629 3.55803362015314 3.558033620153164 0.0 0.8895084050381102 0.8895084050382069 0.8895084050384748 0.8895084050383575 3.6675371088475517 3.6675371088474917 3.5580336201531644 3.6675371088475686 3.558033620153154 3.558033620153229 3.6675371088475393 3.6675371088474686 0.0 428.05560331729043 753.4572135622304 109.8634117212851 601.0150425297073 473.90901074938404 816.6898387792448 1.2012847269697846 612.2531149113929 365.63179989198454 641.7412376874433 227.0231468824474 557.8936185899496 478.3904764848433 837.6421477133041 107.12179956989922 605.0592549980421 386.83333162778143 680.926333644673 30.804906396326157 614.2507063261228 449.2871098815123 747.9006172637344 227.22686822277632 553.8738840871995 369.7886699002882 641.0401703717109 185.76522813418939 570.3386668561487 461.4901898047871 761.3452682016405 148.25963990392245 581.3265339167987 364.43727249140125 633.1644761587338 178.67621882983667 570.1045160455852 475.88634199561886 912.1399524041784 12.291017362720215 616.5721289637335 420.32286228246767 738.4135377572262 42.63251227501687 618.1694308820805 465.7943742196367 790.0884013290296 33.38833086740882 617.6013538474047 477.12586956472325 902.8045888450488 205.53544393436366 564.3027297856742 397.79564038465855 683.8923748229561 51.55771056593011 612.820849307708 440.78465505565435 764.0698652507147 167.49766474082813 569.6181412947279 470.512340506992 813.1131606977158 103.77571132384787 611.4579473443305 424.8538936761379 730.4044639524426 128.49598898224482 597.0823788435679 464.37896563731937 775.2218610604309 -4.690013778965104 613.914011425144 383.88667160553297 671.9799576941173 55.8336682316841 619.5162183568278 421.27979119757106 732.1220211951696 177.97650053869384 567.0282730943751 474.43104028187065 922.8002571800791 152.05487017932182 576.3762057924397 416.8669702021505 727.2317463180547 123.27297105498586 603.0808541421001 476.73968284440645 885.4690438926855 180.78296850847764 575.151578676131 358.1210999183964 628.2077715990595 77.21371011849325 612.110549252264 378.2055766849006 655.854575671756 83.36205912225472 606.0245450834874 394.424189366452 688.9362882336644 120.98415529329105 594.8937440295429 427.3060039428835 745.306351132985 24.641816964151264 617.109260568023 466.4732756767939 936.0169413452807 162.0370455223901 572.2193535457465 413.46184633277517 718.4548942920264 17.87165733240571 613.7559272873522 474.36540056159544 899.4968637321041 206.67385223332738 568.8051063374918 419.14446098081305 719.8117688379853 154.8753235466405 573.0035832979395 431.65122860146124 751.3337221595382 63.410469024325906 613.0795752917454 416.05778443461776 712.07012399706 67.40728933428025 617.8792573914153 474.8206784553212 863.369171654125 161.814981438311 587.5422024465282 469.62231439997305 794.8778281845122 189.03027878853453 560.8631613366472 469.9556708747307 804.9852934122202 212.30088109456486 554.9325609624241 389.9965811533522 687.652851460409 3.515003993499409 615.5140861783866 437.72066950872875 755.3872116336901 136.25730813836608 595.9297200551874 478.22326564173443 874.1151321975111 178.35605761568863 562.2435944879093 458.09061585024864 750.1148468845598 148.85567636082425 588.0023995778666 477.94294997774864 866.2930601712208 104.81407794110801 597.5186629800455 404.28990235597945 705.9352537516444 143.39577504629335 592.0149954679197 430.5123927076887 740.74027488534 202.2302812930333 561.0534776180187 476.93798008013584 829.4496738743065 221.1158337351571 552.0730370743836 477.46317339934495 847.9623901142913 -13.579318219971789 612.9157480865385 361.6218729178961 637.3597203386176 220.21338207189257 557.2565886662604 444.0191705864468 771.7220481265713 58.04107988709871 616.1194381907648 470.53080427592795 929.9245723820587 71.30429623178625 615.0547567854532 405.2546578140772 713.5995055285424 97.2136889182312 607.046940605036 434.86260634114586 748.119682979487 69.64269759379327 604.9133247317499 424.18043005087105 739.0713426338009 155.5893807686434 569.7347590284971 478.1614384774964 855.5208068490113 147.22572627079415 570.7877226520799 470.677907631272 907.6009747376006 170.96671892134185 565.8938858066186 412.86926602571026 725.096541875457 164.55791242863648 583.5288736949572 380.64823875884855 664.1746532291792 194.72186186258597 572.6457855513192 444.0991946273567 743.8157646359674 111.58660855084554 593.8366683192426 473.0703406215749 893.5282459958545 184.15253618852057 564.3246497303393 472.57361998370976 825.9263863097829 92.93284733599738 614.1258425546006 470.92810278632027 916.0912383863396 118.62595730047919 610.5846639815913 479.3467750273489 890.0660254106878 37.57505341508252 614.8673147127857 409.9657486058242 712.4869528532985 50.05943313220672 616.2109074543647 392.4244776903455 678.9410372747649 73.95043453062304 608.4157716893708 448.7502107265095 734.5053166167818 -18.987359384284566 609.6853532899731 474.00824406213854 871.3854411815188 167.1945395695945 576.1206660457863 443.75567801089505 755.7669103204805 91.30666023375638 609.2707849418894 438.47800304574736 732.6495917469997 207.88841251231347 558.8143185430623 401.3026929021646 697.217614166926 194.09831455445484 563.6484583530464 474.108957635447 880.7118830989019 114.3644089590683 597.6629446510434 466.42888628673757 782.7976187599712 141.4198468640701 584.5272511488524 374.9523979104483 646.3381477721617 195.54728514783864 559.0064901528752
1260.007825810686 7.171446030696458 3.558033620153188 0.0 3.9780025204460525 3.6675371088476143 0.8895084050381245 1.77901681007653 0.8895084050382999 7.171446030696761 3.6675371088475504 0.8895084050382744 1.77901681007643 3.5580336201531804 3.558033620153176 0.8895084050383155 0.8895084050381149 0.88950840503829 3.558033620153207 0.8895084050382581 0.0 3.6675371088476125 3.6675371088475996 1.77901681007654 3.558033620153158 3.9780025204461142 3.5580336201531537 3.5580336201530267 7.171446030696602 0.0 0.8895084050381821 7.171446030696846 3.5580336201531346 0.8895084050383457 0.8895084050382008 3.5580336201530334 7.171446030696644 1.7790168100766581 0.0 3.558033620153056 3.558033620153159 3.55803362015318 0.8895084050381207 3.5580336201530733 3.558033620153144 1.7790168100765218 0.8895084050383649 7.116067240306437 3.5580336201531693 1.7790168100765709 0.8895084050383724 1.7790168100765469 3.6675371088475357 3.978002520446139 3.9780025204460974 2.4906235341071032 3.55803362015312 3.5580336201533447 0.8895084050383477 1.779016810076674 0.8895084050384434 3.558033620153064 7.171446030696616 0.889508405038267 0.889508405038204 3.558033620153002 3.558033620153159 3.9780025204459566 3.9780025204461085 7.17144603069649 3.9780025204460805 1.7790168100765555 7.171446030696605 1.7790168100765538 3.558033620153165 0.8895084050382235 1.7790168100764499 3.5580336201529916 3.6675371088475535 0.88950840503839 0.0 3.55803362015328 3.6675371088475344 0.8895084050383186 0.8895084050381128 3.5580336201531333 3.5580336201531826 1.779016810076554 7.171446030696628 1.7790168100767128 3.6675371088475934 1.779016810076504 3.9780025204461293 0.0 0.8895084050384883 3.6675371088477164 7.171446030696642 0.0 0.8895084050383245 3.558033620153276 3.6675371088475597 0.8895084050382034 1.779016810076729 3.6675371088474686 7.1714460306966545 3.6675371088476374 1.7790168100764583 7.171446030696655 3.558033620153167 0.8895084050382549 0.8895084050381538 3.5580336201530676 3.6675371088475486 1.779016810076421 3.5580336201531466 3.6675371088476854 3.5580336201531324 1.7790168100764676 0.889508405038313 3.5580336201533407 3.5580336201531533 0.8895084050381868 3.5580336201531413 0.0 3.5580336201531506 0.8895084050383524 2.4906235341072263 7.171446030696599 3.5580336201532123 0.8895084050382862 0.8895084050383583 3.5580336201532488 3.5580336201531795 0.8895084050383608 0.8895084050382219 3.6675371088474673 3.558033620153142 0.8895084050383817 3.558033620153186 3.5580336201532177 3.667537108847615 430.0458354321776 763.1273024748903 104.89915009191867 601.1765913816861 474.5614897419413 821.7551727714837 -8.532724541327305 609.4287078711778 369.1616964293955 651.0252918002058 216.15782171670918 558.2981780758281 479.8332123203686 844.1728546925609 103.14435949540393 605.2910610550102 390.4888384499131 688.146238770465 20.455363842464365 613.4446210617587 449.28454074485103 747.8878384851998 218.3702748331293 555.2246654574626 371.4420912778709 646.2224220656568 179.84249784701342 569.7347665104368 461.59756845303883 764.3102905975768 145.28678523719168 581.4042748115162 367.73697651347425 641.4861018684805 171.23367987856867 571.1434050372374 473.4912901542383 916.492388900348 4.476409650742285 614.6621383985422 421.97287812482216 747.6770266811187 32.77700811118907 617.3879273855482 467.2920961330008 796.5253242470297 23.025971859904164 617.0416442263637 472.9708185071229 911.3114796631318 201.0947196725415 564.3412033513014 398.53634660644093 687.7823585730391 43.66286511106884 612.3887610249535 444.2808519915893 768.544726015491 163.53744151455783 569.7243569706529 471.1238103935651 820.6305611327284 99.7651387590504 612.1883628117567 426.4722365334206 735.1040444305572 123.54861017211273 596.9925386293751 465.5670832903369 780.0892674224825 -12.595756479708562 613.6592013439521 386.3246639225641 675.4294939823719 48.418293480666186 619.3507869060796 423.346125196572 739.7608371233965 169.55821633143918 567.3177866466885 471.9690338401206 927.1118773734041 143.1053198502394 577.1225194920494 419.17675157884247 734.8089876066933 120.29828192574342 603.1253516904675 475.279029209306 889.1573977008984 174.85624982665365 575.002648689018 363.38862282978687 638.0304962994318 69.84329470158875 611.1792778937904 381.1116897197874 658.1540790820733 79.42902541680228 605.5403693207528 398.7796390265778 698.0283733238174 114.03164950526751 595.1611342925787 429.48711524478836 753.937821388371 15.744834986901587 616.876389565707 463.34311253362995 942.0457981168227 155.10331942479894 572.3856814285248 415.0985434976748 725.1753703439952 11.976945761561261 612.9432902693778 474.4907964524121 904.2991441006563 202.7240333319458 569.3661808875864 420.5539237470103 724.5558908384221 147.46454865166248 572.8752777722046 432.76612235431713 758.9164506487743 56.4744438313272 613.18335486317 417.47405515278473 716.8096756179224 61.45820707023485 618.035898029041 472.82329559057797 870.0373842485883 154.91475612481472 586.9588682404114 470.4147279845045 799.8219071487098 182.10027556856193 562.0153241038886 471.7603884424349 812.0562906907936 202.42865397123055 554.8275426492434 394.82873462115106 693.556984468178 -5.269846289869412 613.2672011965631 440.16114983497664 758.9184378384161 131.25985147886604 596.581548276846 475.6977511371301 881.6489786314572 169.41878883695816 563.7713970183449 457.88801480461956 753.1456416260412 144.92391056069434 587.5276173012894 474.66127921042647 874.5291313335952 96.82536907428839 598.4827970833524 406.2035837736313 711.5692827847678 140.38925129907076 592.5653571870023 431.4487473920269 747.1119463452118 194.3275682000268 561.5829171395031 478.3028362915927 834.8699958329904 211.2284463477933 551.8657862881233 478.0754097206952 854.429758948723 -19.344085546365935 610.5142439544888 364.30684654141976 645.3356950880334 208.81703306842226 556.3119923125014 446.6467539966799 779.4356495839139 49.146136116622685 615.871028616223 468.6460837183181 934.6568053321605 64.41167418750844 614.4116120908951 407.15742782992265 719.2317418328815 92.29643531096076 606.4838856771051 436.18643018069565 754.4156214165513 58.77395014011136 604.5388874592336 426.465408532163 746.6664766341677 149.6804145439396 569.1909308833358 475.4451554513083 863.9751706615236 140.26222568908773 571.3625815901081 467.2519303965563 914.8201930275659 161.5583529035172 565.8196933216972 414.1104517133044 733.4363125469516 159.11820959298961 583.5384169919857 383.80452797592886 667.4291187524161 189.7867632732214 572.871642678239 445.27190371159196 751.6478585113916 105.58687746350662 594.6699286893664 471.6701871986588 898.4927466420309 178.21017945159983 565.2115256738485 475.3344411761505 830.4235897170396 84.05552182986308 613.575472933094 466.9813522004964 922.9896150848255 113.74662096154385 609.5073089158687 476.56528129419377 895.2747946189891 27.732860233718146 613.8400110117428 411.75918898737297 714.5889776807369 40.19035769990377 615.6730638767921 393.67659201691544 684.7420949624257 63.59028738341211 607.8106589629967 449.5530679457303 739.3823423046493 -26.54647956881847 608.4736312470935 470.20924369722127 881.6538852033831 164.25971111288885 575.2561885742322 445.3855203538059 759.5209691086376 83.3520877920723 609.7651824626539 439.39817616561305 734.467859582738 200.97576406570593 559.3946503297743 403.70465576714025 700.6896768179909 187.6665958614228 565.0896934729395 469.83518868067114 890.7723683456454 109.36720026254304 598.3143620929452 467.5431721192549 785.7960224844809 137.3768062375251 585.7457194049027 377.400685810701 649.7734658961507 186.65325713914154 559.2063271851441
1270.007825810686 3.6675371088474864 3.5580336201531573 3.5580336201532465 3.5580336201531564 7.1714460306967265 0.889508405038143 3.6675371088477435 0.8895084050383775 3.6675371088474775 3.558033620153162 3.558033620152964 1.7790168100767618 0.8895084050383446 3.558033620153176 3.5580336201533447 3.5580336201531466 3.5580336201532266 3.5580336201531777 3.5580336201530205 7.171446030696636 7.171446030696542 3.5580336201531493 3.667537108847436 3.558033620153153 3.558033620153136 0.8895084050384414 3.5580336201531404 3.6675371088475734 3.6675371088476516 3.558033620153162 3.6675371088474016 3.558033620153182 3.5580336201531226 3.6675371088475615 3.558033620152958 7.171446030696644 3.6675371088474216 7.171446030696641 7.171446030696549 3.558033620153136 0.8895084050383246 3.55803362015313 1.989001260223046 3.5580336201531453 3.558033620153103 3.558033620153113 7.116067240306532 3.5580336201531395 0.0 3.978002520446032 0.0 3.6675371088475894 3.558033620153145 3.6675371088475273 2.490623534107092 3.558033620153188 0.8895084050383448 0.8895084050384292 0.8895084050384378 0.8895084050382915 0.8895084050382013 0.8895084050381454 0.8895084050382196 0.8895084050381167 0.8895084050382187 0.8895084050380943 1.7790168100766242 0.8895084050382915 0.0 3.667537108847611 0.0 0.0 7.171446030696492 7.171446030696621 0.8895084050383202 0.0 3.5580336201531675 3.97800252044594 0.889508405038248 3.5580336201531892 3.9780025204462213 1.7790168100766286 1.779016810076567 0.8895084050381559 0.8895084050383365 3.5580336201531537 1.7790168100764228 0.0 1.7790168100764974 7.1714460306966705 7.171446030696733 3.6675371088475774 0.0 0.8895084050383589 0.0 0.8895084050382047 3.5580336201531773 3.558033620153168 0.8895084050382647 0.0 0.8895084050381814 0.0 0.0 1.7790168100763974 0.0 7.171446030696655 3.558033620153133 0.889508405038268 3.5580336201531826 0.8895084050382 1.7790168100766295 3.5580336201531826 3.5580336201530245 0.8895084050383049 1.7790168100766346 0.8895084050381302 0.0 0.8895084050381198 0.0 1.9890012602231395 3.5580336201530316 5.410668396552291 0.889508405038338 3.5580336201531475 3.558033620153243 0.6226558835269915 3.6675371088474864 3.558033620153115 3.5580336201529965 3.558033620153166 3.558033620153247 0.8895084050380906 3.558033620153108 3.558033620153145 7.171446030696577 3.558033620153161 3.6675371088474407 3.558033620153144 7.171446030696608 0.0 432.49485027222187 773.8253603366733 98.91754860038884 601.789279826133 475.058678507482 826.949047455206 -15.482957136508672 609.5704131134784 371.88829172377245 658.4845426772584 207.2637474175366 558.5858151794527 479.1383113966396 851.3933444811352 95.25157646543519 604.8031152800481 394.0862817594987 695.4009658208533 11.067473801774963 613.0962700544155 449.2744256577157 752.8874205602309 210.46420050227445 553.3010615207598 374.90642697019183 654.5072956770977 175.9299526938974 568.589280866828 461.98299541646924 772.2085790574484 137.3965397260862 580.8954124480223 370.75441891300744 650.9105349079473 165.32468255560394 570.6189368367716 470.4623460785919 921.6164039271309 -3.398071211055073 613.7962524681606 423.585709613766 755.4053001828876 24.869974125596787 617.169200463238 468.9072192671887 802.6730604621038 14.149501438618781 616.4934487598265 470.61101479001906 915.0928242531179 197.1360513275292 564.7871917998982 400.20643822667074 692.4634460683559 37.67153075620765 613.2888987717843 444.36718108051195 776.4605600881264 155.0954420298771 570.2506407711675 470.050082386582 829.525840890395 92.81450255955298 612.5095291203019 427.54675237821533 741.9441034477364 118.61775769398304 596.6671557869486 465.4129606404201 786.0298112479765 -20.42726816770421 612.4428541998507 390.4232399327573 681.527733001423 37.590096762500984 618.2537367622595 425.0565069337283 747.4766803883758 160.67919493395138 566.8869778844521 471.2453009108226 930.2415423745854 137.155799858033 577.2324991850254 420.68090942393223 739.5450947664734 113.34605216302886 603.4176005775582 472.832120941144 895.2366388525413 168.93435620821433 574.7331120753191 365.425254657284 645.6672779816578 65.89562457971905 610.957650611443 384.5089051252139 663.4004836469386 74.46610129607026 605.7539730940888 402.3510895907716 703.262337095364 110.00568535472037 596.1401674929392 431.5707910508141 759.6232851186701 5.818815122819946 617.1968362049967 462.0081342982107 944.4903055048944 148.16643527719194 572.4608949110238 415.9440200490254 730.050767708573 4.539496273702092 613.1628641232469 474.38239743765575 906.6287053122795 196.8023057957066 569.299536374033 422.36031157078895 729.2130186100876 140.5293852624567 572.9401052351918 434.89851858222954 765.6394427402787 51.55341119424038 612.6653676188636 418.39572580689185 718.6288529560263 54.5365406439164 617.8997701358586 472.7431201835341 876.8037557187001 148.96652363865505 587.0944376518006 471.5308262915205 807.9472744413226 174.15687267683597 562.7184316971101 473.9970904738986 814.5362280053923 192.5280262246409 556.6937554446764 398.15706273937815 698.8415099906885 -11.157524142921401 612.5089574522165 441.4749686291594 764.7570504371241 128.26830181668166 596.8780942675753 472.71397583346277 887.9378917886279 157.58236431535101 563.1944227373359 457.1336173362845 755.216364299834 140.10318550313758 585.4859864380884 470.836606507675 883.1722596550547 91.80463827123741 599.6696837357293 408.7754821934721 717.0627630295701 135.54040075732553 591.0043304135918 432.1183991217476 751.0011532428472 188.39349339816548 561.4274452613976 478.2376937420593 843.3498936601313 203.33212338191808 551.848559773623 479.0545179169897 859.2697094996798 -25.124188778489817 608.695940743665 366.5873188531674 653.9319979661931 199.91234931236022 556.5182804690904 449.39223317704204 786.3060574980075 45.19880889631328 615.6533080489386 467.11208927408313 937.2061301236314 60.930258271749665 614.7126189002549 410.59619640093814 726.5498645580003 84.34502593953637 607.0091022763497 436.361129261689 757.4020287055007 49.851392454844465 604.7877493333873 428.2507420395195 753.9075033067612 143.2379882021253 569.2894913105488 476.29533127495273 866.7035514565578 132.29035147940266 572.0753760106744 463.67834265271193 921.980936766897 151.60823350637315 566.7449779428271 417.3709194987278 741.8405509372271 156.14768531758565 583.6150032390195 387.89768295340804 671.481808587151 185.84249433052432 572.7543164837385 444.723108539363 757.6764983974492 97.63318312510626 595.1624973011748 468.9150687929398 903.8060171486248 168.31430906288506 565.3115419338573 475.653545556137 838.9156694002158 79.58607743145276 613.8119106706913 464.3569637663597 929.620471283042 108.8620504972667 608.4503505522847 474.6504729448448 899.9411596476648 19.335823440106743 613.5833295454747 413.54126221745213 722.2918040572979 32.31052172844381 614.9759582524044 395.4770301491721 687.8585394913038 56.69647095334475 607.1790157858095 450.5309177199031 745.2328459394056 -31.18433536326 608.1602785324009 465.30204457434104 889.1151932516977 157.3933795087108 574.1424284875958 446.27097768980127 768.3836882929392 78.40422565270515 609.7287215690637 440.0719112364701 739.3624529643712 196.03085029458325 559.8141347088821 406.50264855046413 708.1500258087829 180.7620852293381 564.6279280679173 467.3106719148539 897.3854118261844 102.43076558398977 598.367602166848 469.4957616480803 792.8593166684017 129.52053985291246 584.7275842994428 379.8842221022213 658.3197395222595 182.69422482745577 559.5781726544169
1280.007825810686 3.6675371088477324 0.889508405038222 3.558033620153228 3.55803362015315 0.0 0.8895084050382173 0.0 3.5580336201531755 7.171446030696767 0.0 3.558033620153092 0.0 7.1714460306967265 3.558033620153144 0.889508405038294 1.7790168100764139 3.5580336201531844 0.8895084050384369 3.5580336201531098 1.9890012602230127 1.7790168100765436 3.558033620153156 1.7790168100765533 1.779016810076666 3.6675371088476885 0.8895084050382109 3.558033620153116 7.171446030696607 0.8895084050382641 3.5580336201531084 3.9780025204461134 0.8895084050384225 3.558033620152973 0.8895084050384207 3.558033620153326 3.6675371088474904 1.7790168100766464 1.9890012602230411 0.8895084050382083 0.8895084050382898 0.8895084050384229 3.978002520446163 3.5580336201532248 3.5580336201531577 0.8895084050382439 3.5580336201531355 7.116067240306311 0.8895084050383423 3.6675371088475304 0.0 1.7790168100765775 3.6675371088475184 0.0 3.6675371088475184 0.6226558835267253 0.8895084050384192 3.5580336201531146 3.558033620153151 3.5580336201533385 3.5580336201531555 0.8895084050381955 7.171446030696689 0.8895084050383448 0.8895084050382033 3.5580336201530365 0.8895084050382787 3.6675371088475455 3.558033620153151 1.7790168100766302 3.6675371088475326 3.6675371088474225 3.6675371088475117 3.9780025204459846 1.9890012602230052 0.8895084050383419 3.558033620153157 3.978002520446178 7.171446030696685 0.889508405038251 0.8895084050381896 3.6675371088476565 0.0 7.171446030696647 3.558033620153188 0.889508405038294 1.989001260222936 0.0 0.0 3.6675371088474775 3.5580336201531857 7.171446030696604 1.7790168100767354 1.7790168100765333 3.558033620153155 1.7790168100764012 0.889508405038203 3.6675371088474944 0.8895084050381146 3.5580336201530796 3.667537108847579 0.8895084050383623 3.6675371088475877 0.0 3.9780025204459903 3.6675371088476822 3.9780025204459633 7.171446030696792 3.558033620153151 0.8895084050382727 3.5580336201531613 0.8895084050381981 1.7790168100763994 3.6675371088475086 0.889508405038266 3.6675371088475144 3.5580336201531724 1.77901681007651 3.558033620153183 0.8895084050382498 0.8895084050382047 3.5580336201531626 3.55803362015315 3.5580336201531653 3.558033620153168 0.8895084050382315 0.6226558835269551 0.0 0.889508405038411 3.558033620153067 0.8895084050383258 3.5580336201532043 0.8895084050384162 7.171446030696476 7.171446030696641 1.7790168100765775 3.5580336201531466 0.0 1.7790168100767376 3.6675371088474664 7.171446030696701 434.38702346770805 779.7874407689582 94.9576576288603 601.803692066183 472.44909841756316 833.9006858888296 -21.750421771421752 607.6453549060799 375.27534847254736 664.7593502060299 203.28424350585246 559.490376810068 477.8092917737276 856.3089097270317 90.30376438514918 604.7633322710284 396.9386462009591 702.3405167610035 4.635683808639458 612.8322501801487 449.7801138900738 758.7903240544236 204.51882247403336 553.6642718127716 377.450424367349 660.4871087319694 170.98161168096286 568.5701349502498 462.60655701769525 775.2266661823473 131.44734354493886 581.0050090630824 373.67745363043446 658.3232528976723 160.43307817066227 569.5928166985714 466.8358073161507 926.9358909834162 -13.829748146946041 613.741169705206 426.119457783195 764.0977425538665 16.916168857335162 617.5782684723125 470.29744683603224 809.2131371530123 8.699242300994515 616.5596952489581 466.5944240826019 920.7273966622333 196.18927584601624 563.5164944592334 402.6438784923637 697.4828020622898 26.728375610463036 614.0478329926602 444.84795198443857 781.3887145677108 148.66910792905978 570.0952634572149 467.1047338472051 836.8194192535475 89.86876393279792 612.0928735081628 427.80793457412915 747.8966844369932 113.62454803225243 597.3516154515158 464.37028174167466 790.8584592438739 -26.66936369764761 610.4561735484713 393.2526934521208 685.9306287677147 32.67079402262193 617.6884960435266 425.6280034813784 754.3982844532462 154.23843773364328 567.0043880027532 469.2165034742537 931.1854311528313 129.23444977797456 577.2115095071442 421.1425602349646 742.9590780875193 107.42664286867601 603.0557013096947 470.5409895048235 900.2788028489315 164.98715823522042 574.509146858615 369.34925193535395 656.9004944272502 62.9504383562735 610.5425342185058 387.8594442459563 669.6956395094901 65.51626734289405 606.4852053343961 405.8597589477501 711.0952173903056 104.13071015271608 595.0470660206485 432.9407959727839 765.477274337385 -1.9910867434633635 615.7519130956445 458.7886621468062 946.8899123163868 142.21638641008553 572.5730921493948 417.5438340014897 737.7912016023726 -5.813807408305113 612.4522125959406 470.4682850059253 913.5730156262197 190.87497781883707 569.0851011382439 422.6577931898916 735.1659761069695 133.5293932143193 573.9718171272278 435.6335917430641 771.5494939548482 45.63389111382899 612.3119338166333 418.6869548969321 721.5988111666147 48.5871642572365 618.0482405736514 472.19104485136876 881.1761620386231 144.01909804846363 587.0235387563456 472.3568834764494 814.4358110688829 166.2727765472113 562.0420542206315 473.6781511391328 821.7570908820011 183.58451901806566 557.5858402405785 400.9103130474206 704.2953277540765 -18.944549830913235 610.9256551348338 441.6960327951504 768.68837249781 122.33460104261121 596.7498569592861 469.0546998368391 895.0302112847919 147.67458498401868 563.3316724354067 456.9007320097089 759.1996178081106 137.16019353495497 585.0476506384382 468.5389824049598 888.7766147575404 84.81335050716875 600.7550468501403 410.5337596522343 724.7590394848937 129.59016410809195 591.1153190746251 431.95794422241954 752.0298364163723 178.00863640684747 561.466927797263 477.2773445342011 847.2988559499723 197.3523509789458 553.6647263548571 479.02090948235264 862.6881276290285 -32.93726350613679 607.4340088161877 370.0126622521482 665.292321236353 194.91023088474827 558.3563154595048 451.8165341975976 790.5634973892094 39.29451003220487 615.0351286407696 465.1061178404749 942.314741744617 55.03843912081032 613.8819919962918 412.4886786488763 734.2328680741891 78.3547462468781 607.9061465676473 437.6977786548707 763.2428590764738 41.81043594884464 606.7778994731786 428.82174269225817 759.8153857745395 133.29541773344184 569.8842184485771 474.8023983067977 872.7688227583847 126.35533818790677 571.9392363315008 461.71463188265164 926.6764963663956 143.68667905844407 566.7349893858118 418.6811450012072 749.6225141006795 151.2922441713342 582.0726371435202 391.0014406016336 676.8229350060699 181.88922672034496 572.5663700692186 444.38396036544805 759.6754367819851 89.62556813848263 596.6720375965482 464.6227176489233 912.9320068588041 162.36576157633377 565.4776085202307 474.10187732885873 844.2118583004932 72.6648989350473 613.6671528734745 461.9798852015606 935.4547019654765 103.88545885964159 608.8951339312381 471.66136273987064 906.3005038244462 13.410394307269828 613.3822495475792 414.5496295906847 727.6285520700008 20.48224393441255 614.1669595435645 397.18976159775553 694.0517423398362 51.71969197980724 607.632272801312 451.3603209606589 750.1106393701962 -39.87567244954051 608.1822614753831 462.86681319072994 897.032708645201 153.87911340801156 574.9178834667223 445.5203408637608 773.3019119082579 71.45505897739746 610.0779517538003 441.2747731130208 745.1910309624525 188.08683760229482 560.7824694466354 409.77812616447386 716.5457273486481 171.864940230435 564.4259266262361 464.1071447462801 903.6101537554299 97.00527483680828 598.0469559728818 470.43094691775383 798.1003182474338 123.44665762552343 586.8152610827422 383.26308463170267 665.6210756928891 170.85927895487444 558.7525486907704
1290.007825810686 1.7790168100764836 3.558033620153166 3.558033620153232 3.9780025204460725 3.6675371088476183 3.5580336201531395 0.0 3.5580336201531724 3.6675371088475157 1.779016810076572 0.8895084050382803 3.5580336201531333 0.8895084050383201 3.558033620153114 3.5580336201531995 3.558033620153168 3.5580336201532328 1.9890012602229943 0.8895084050381517 0.0 1.779016810076542 3.5580336201531537 3.6675371088477036 1.9890012602229876 3.5580336201533127 0.8895084050381652 0.889508405038211 3.558033620153186 0.8895084050383584 1.989001260223128 7.171446030696767 3.5580336201531564 3.558033620153312 3.6675371088475877 0.8895084050381566 3.9780025204460654 3.558033620153033 3.558033620153164 3.6675371088476494 3.5580336201531373 0.8895084050384341 10.67410086045949 0.8895084050383694 3.558033620153151 3.558033620153254 0.8895084050381411 0.8895084050382139 0.8895084050384191 3.6675371088476396 3.667537108847587 3.6675371088477333 3.558033620153172 3.5580336201532 3.558033620153133 0.8895084050381616 3.558033620153176 3.6675371088474216 7.171446030696595 0.8895084050383432 3.5580336201531417 0.8895084050383899 3.558033620153183 3.6675371088475064 7.171446030696603 3.5580336201531395 0.889508405038297 1.779016810076593 0.8895084050382108 1.7790168100766428 3.6675371088475117 3.5580336201530174 1.7790168100765131 1.7790168100765806 0.889508405038428 3.5580336201531693 3.5580336201531386 3.5580336201530542 0.0 0.8895084050382729 0.889508405038238 0.8895084050383715 3.6675371088475583 3.6675371088475037 3.558033620153161 3.5580336201531395 0.0 0.0 7.171446030696624 0.0 3.6675371088475597 3.6675371088475157 0.8895084050381449 3.6675371088474735 0.0 0.8895084050384283 0.8895084050384348 0.0 3.5580336201531604 3.558033620153247 3.6675371088475393 7.171446030696563 0.0 0.0 3.6675371088475175 3.6675371088475037 1.7790168100766985 1.7790168100766446 3.558033620153171 7.171446030696688 3.5580336201531826 3.558033620153192 7.171446030696657 3.6675371088476325 3.978002520446039 0.8895084050381667 0.0 3.5580336201532305 3.5580336201531613 3.5580336201531426 0.8895084050382256 0.8895084050381971 0.8895084050381781 0.8895084050383633 3.6675371088475774 3.5580336201530933 2.4906235341072365 0.0 0.8895084050381595 0.8895084050381669 3.558033620153158 3.558033620153237 1.98900126022304 7.171446030696816 0.0 3.9780025204460525 7.171446030696678 3.5580336201531773 0.8895084050383999 0.8895084050383353 1.7790168100767674 435.42505268721504 785.9604796306884 90.02431387325299 601.5173042967625 470.2195885902499 838.3052463399788 -33.670114253940405 604.0010106648951 377.3509635132993 674.4358589573416 197.34520793480584 559.4801661099331 476.5690946484166 861.3881463115705 82.38200132145396 604.7958750096486 399.7485776829047 707.8364067094162 -3.732575359358107 612.1457856268191 449.4967165735345 763.7154372743073 196.5370998959322 555.3104704739964 381.2665967714832 667.6947569917857 162.08703172525003 568.2820885721479 462.0107120821477 780.1158414246414 121.59900383460122 580.1386632550746 376.89039994514883 666.1802236311721 155.47014992573236 569.7772501366848 462.6835617236859 932.6369756384493 -21.486796032341616 611.4432873855355 426.7101002746023 771.062426975611 7.107172422949378 616.3855185461744 469.717602672957 816.4733886606699 -1.1834546450797387 615.9818428070078 463.6442173460748 926.1452182454193 191.21895700349043 564.0295123010579 403.9044536193513 701.2745520802039 20.779479337123522 614.015133951544 444.30063703915175 787.2943950462873 143.70598059954995 570.2740976371231 464.0382359950913 844.113551293384 81.97565294552162 611.6328332088964 427.7772269293812 752.863413097677 109.6198044174877 598.1062573305651 462.77229841813875 795.5520203961725 -36.51448412011155 609.3439908103036 395.69570780318213 691.4827523758431 26.7623634287695 617.2033079035366 426.74142440106203 761.310382306217 145.37645544042894 566.1957980500965 467.7465455739662 933.9517569354188 115.39377969436997 576.8400294385885 421.5209550635377 747.8582048969158 101.56419854243477 601.7236540605684 466.5461983195878 907.2154209085047 161.0417360585242 574.2657807009585 371.982884666967 665.4065126481032 55.99797862510668 610.8439310744988 392.249435568502 677.8152712127643 58.53474832635895 607.278440980734 408.7414989697416 716.6306748410262 97.0514035396014 597.6046383340428 432.9580595399541 769.4271498551664 -9.722417470778044 613.8503462477163 456.35703476029096 948.7553706965326 137.2686343883052 572.5059188770011 418.97418328072433 743.6518910371597 -14.479058446481956 610.0847318591707 467.48778868240106 918.9483843577533 185.95355744104444 568.5840742392904 423.01580130456387 739.1056651909516 124.01804543302066 575.5982536106303 436.31741421698104 779.5795054285401 41.65772745299911 612.505948770597 419.29376304324256 724.4932003772678 44.675415267355504 617.2894724623092 471.0694647949853 886.490749130691 141.04487376398615 587.0803300870803 473.292839779316 820.2819145473377 156.8082374587072 562.9476960958108 473.8057449535455 827.3159397549873 178.53942133651736 559.2916313453419 404.7840828594178 711.6323840575942 -29.47033867170188 607.8747027767722 441.2439825496885 775.5903752093066 117.32771985115326 597.6864423227222 464.45952365643984 902.0783560584506 139.22789062052027 563.7840388153171 456.59962890743526 762.192176608705 131.30513073242292 583.6847680439155 466.37976356561575 894.5446919893802 75.81830644083713 602.2043355631404 412.95620211254516 731.4305518437533 122.73107678265166 589.9439012042621 432.6133329898863 757.950636061943 173.0486688968333 561.6733734316617 474.5616825836219 856.0727299181632 187.93492204966722 554.2156508767172 478.9088812057596 868.5851480152816 -42.53633240528225 604.9265585651973 372.60478084748735 673.815275164139 190.97589267305688 557.9200081231854 452.9972341754224 796.0776802137053 32.39067694702061 614.5028265276904 462.63680561135806 942.4373601745714 49.123663772396974 613.4819069239542 414.2906928380884 739.5008183572957 71.40452655108368 608.2323152900974 437.65806338283886 770.1600160478014 34.70959535522567 608.9750159133255 429.7014000162558 766.7288742916635 128.6841555106632 572.3169691291922 476.08437601542573 876.1067803361534 118.40260925278046 572.4334661836359 455.1423242657323 934.1365234495786 137.64326128911344 568.3296373914887 420.9227585936361 756.4657782358988 146.34472983834863 582.0057081023477 395.09891191244316 685.0202768173086 176.91388389726097 573.032267339773 444.7936988847187 765.6086989023667 78.80232441169822 595.544371841908 459.91842754052476 920.7342004008402 152.4081026858068 566.3401500982105 473.4522747749319 849.5965398799214 70.66355517058713 614.0434757229693 456.32165326138283 942.5143342002534 99.90992646968319 609.1590139950208 467.00053130945355 913.338071396986 4.011996501681642 612.9205258068514 416.2702058458682 733.3883565058542 14.03916050350094 614.0952606955138 398.85952557648665 699.7631537078494 46.622018234603765 609.7659211717104 452.4356520006316 754.0206307802144 -47.921106405267814 607.0676681370313 459.1810153404381 902.8789098231788 148.93163992121208 574.8511698664619 444.4609098541284 780.1516596985746 64.01244045700714 610.3624999890866 440.335708466258 747.2270023254067 184.605823102478 561.0884138039308 411.53128018578514 723.2849868947428 166.90318640826683 564.6296761686112 461.06195724459275 908.7802137242901 85.64438811834086 597.634564627994 469.4963782455462 805.0914748979812 117.55802141323898 585.9598089441034 386.1117014830042 669.0037402440922 164.7631614566562 561.3654113506772
1300.007825810686 3.6675371088474624 3.558033620153155 3.667537108847432 3.558033620153139 0.0 0.8895084050384252 1.7790168100767159 3.558033620153184 3.6675371088477653 1.9890012602229856 3.558033620153328 0.8895084050383812 0.8895084050383847 0.8895084050381772 0.8895084050382612 3.558033620153139 0.8895084050383791 7.171446030696629 3.5580336201531435 0.8895084050384439 0.0 1.779016810076455 1.7790168100764296 3.558033620153154 7.171446030696589 3.558033620153163 3.558033620153133 1.7790168100766233 0.8895084050384375 0.889508405038367 1.779016810076494 3.5580336201531457 3.5580336201533584 3.558033620153188 3.5580336201532687 3.5580336201531595 3.5580336201533473 3.558033620153143 0.8895084050383315 7.171446030696625 0.8895084050381367 3.558033620153134 3.6675371088473794 0.889508405038312 0.8895084050383022 0.8895084050383762 1.779016810076627 3.5580336201531657 0.0 3.6675371088475557 1.7790168100766706 1.7790168100767711 3.978002520445956 5.410668396552299 0.6226558835267253 1.7790168100767678 3.6675371088473994 3.558033620153187 3.5580336201531617 0.8895084050382899 0.8895084050382397 3.9780025204460605 0.889508405038241 7.171446030696629 3.5580336201531026 3.5580336201531613 3.5580336201531644 0.8895084050384299 0.8895084050382263 7.171446030696605 0.0 1.7790168100767498 3.667537108847651 0.8895084050384823 3.5580336201533362 0.8895084050383298 0.8895084050381661 1.7790168100763797 0.889508405038327 3.558033620153167 3.5580336201530196 3.667537108847603 0.0 0.889508405038332 0.8895084050382048 1.7790168100767683 0.0 0.0 3.6675371088474287 0.0 3.6675371088475592 3.558033620153118 0.8895084050383039 3.978002520446007 0.8895084050382929 3.558033620153163 3.667537108847412 1.9890012602230116 3.5580336201532963 3.978002520446103 0.8895084050382641 3.9780025204460965 0.0 3.6675371088475575 3.6675371088474913 10.67410086045949 3.667537108847392 0.8895084050382437 3.5580336201532026 0.8895084050383182 0.8895084050383474 7.171446030696605 3.6675371088476965 7.171446030696622 3.558033620153224 1.779016810076442 1.7790168100765773 0.8895084050380959 0.8895084050381924 3.55803362015316 7.171446030696588 0.8895084050382309 0.889508405038322 0.8895084050383565 0.8895084050384101 0.6226558835269165 3.9780025204460214 3.5580336201531564 3.5580336201531435 3.558033620153174 3.558033620153126 3.558033620153214 1.779016810076608 0.88950840503814 0.8895084050384628 3.558033620153166 3.5580336201532594 3.558033620153127 3.558033620153053 0.0 435.63164037717235 795.3274707249082 84.045622068453 602.1359129167749 467.24931389585134 841.1060901314431 -41.625292362922636 603.4726037757426 379.2947455404699 681.088108934263 191.42398067116358 559.16895956723 475.8090974866562 867.0052019359605 76.49521213573077 603.9197523346389 400.93952002430797 715.6710384467257 -12.864778222457542 609.7428146647369 449.467926124807 768.6925107873577 192.58999758671047 555.105783357728 383.01486179921557 674.3914860417884 155.21306552328335 567.356800010946 461.47664309132847 783.0802092490577 116.65167834580419 580.0839011854185 378.6448674329736 673.8871705866492 147.54801100631227 569.7737442206569 457.3883333405313 937.0756725744167 -28.51796254425548 611.4396647275871 425.72729738417365 779.9468553569995 -0.7812065921639897 615.8695425077382 469.0506643679572 822.8601583293163 -11.35050789090653 613.717861055376 460.03674211638395 929.539230432585 186.270566789212 563.997990322916 404.9778722307327 705.6048121260515 13.331222414263255 613.9210315394076 443.1688833848435 792.0577492732313 134.7511008908114 570.950131912709 462.94837598718766 849.3732203114588 77.09101192940653 610.5755992131468 426.457309715638 759.7005332995768 103.71514361108501 597.5084733234603 462.2341912663145 800.6175011147831 -44.369280641739266 608.2986536345622 398.7616645942584 698.9970977219701 20.983076794768028 615.5910191365941 426.70997005161615 766.2445708016439 135.40360244221588 567.3036474348316 464.71051511527844 936.4983896644104 107.93483997635738 577.3733299150906 422.5866574191059 757.8300658514572 97.67580724051726 600.4999376362413 462.9770739618078 910.6223901282251 157.06513925625868 574.5109390452819 374.57217826580097 669.8926893821147 46.585305312341646 610.8401780296178 395.32930776841476 683.2475728941953 50.066677026724804 607.8667901034494 411.7683238394016 722.332872844897 91.14468907804243 596.9966580566962 431.8350450458044 778.7085191569962 -17.956155282567373 612.2654046880277 452.24905831875316 952.1800308916787 126.926277198737 571.6152507582365 420.5228896102786 750.1413297056976 -22.265137486418574 608.7520754795469 463.7897655193374 923.6866878372184 182.9508647261734 569.1545966302753 424.2731399630203 744.0376990140077 117.03698727066852 576.406754951805 435.6680973449767 783.4570381241417 32.70659194981373 612.670145781187 418.1971076048439 727.539176167519 35.79253923155478 616.7384406670594 470.5441702060806 891.2410800229413 134.0939857496807 587.3888163099045 472.5746124935878 825.5611529653885 149.82576301338224 563.7464775278579 471.9859987253471 833.1705551229094 172.6196857733472 558.9355321777582 407.0624954829438 716.3492129740908 -35.294021779583325 606.7897970801398 440.1387074000375 783.4239285952002 114.47078962348144 595.7840692635698 458.97252342512115 907.7966978198222 131.25946913327155 564.5234765025101 456.52696901089257 765.1547892428842 127.32839109109852 583.9358248774928 462.5983668852307 899.108572977886 69.91442827595208 601.5600213792002 415.1324482248259 736.2897981652619 118.81511392689774 589.2104393901233 432.7790574436915 764.9454320820084 167.05341443411274 562.5411345372812 473.10813745026434 861.1060537112791 177.0943733360634 553.3514198288168 476.8472165077093 873.2415176869047 -50.57821057111557 604.7791313429025 375.53390473346764 681.2757728092649 182.13547145219118 556.6814666237848 451.8520329615033 802.0042316714852 26.91375708070294 614.6890641423477 459.41561148723264 944.7164499167243 42.60430030831302 614.4106098941419 415.77480376183314 748.4106982634679 67.9056415979865 608.7259543647031 436.1933403764152 775.4368783262864 28.78848722421119 608.6422704983702 429.6806468906625 772.7138614405303 119.69963115123966 573.4974462303843 472.60425744793804 883.47386082865 109.4260624377514 573.4919673245831 450.5178038269593 939.4299782926249 127.27079860385768 567.9326148586398 421.6926779160232 767.4855116756636 142.3371558568182 582.7436344325677 396.9710222794841 691.1985207863881 174.91013137198036 573.4066051641713 443.42705434497526 770.4084456458106 70.91190628464733 595.0249550670969 456.58037907811735 925.9414414344903 142.55994202158016 565.4726684499842 471.2361391668461 854.0519496380018 66.83009750039331 612.2923709935194 453.0242622461463 947.1786681631602 96.96405447574485 608.736838934658 462.2462449282919 918.3456569574304 -3.822164204321218 611.8111817378243 418.28735888124595 741.7153761583436 6.467765686994804 614.9331342929406 400.98355178032926 707.415164045864 38.684894806597725 609.8276155022116 453.22114772714286 758.0499023529999 -57.333008187388074 606.6788795048479 451.93388006873295 909.6173529127341 141.0404169548 574.3556715482895 444.0220479665603 785.1390040609535 59.11980413651333 609.5063841906654 439.6963236859346 754.1223039774609 179.22268460955547 560.0278710803505 413.68794818292156 729.0891290348065 162.83487330823178 566.356997407174 456.6805287568036 914.2095471013325 79.78662244272265 596.2795242178829 467.5501435105001 808.5596797459723 110.63735015097944 585.7885255608879 386.950921458384 672.8638843511283 157.31858091284485 561.6443750704273
1310.007825810686 0.0 3.55803362015316 3.667537108847623 1.9890012602229816 0.0 1.9890012602230236 3.6675371088474713 0.889508405038338 0.0 1.7790168100766701 3.5580336201530205 7.116067240306284 0.0 3.5580336201531493 3.5580336201530565 0.8895084050383872 7.171446030696551 0.8895084050381318 3.558033620153021 3.978002520446039 3.5580336201530396 3.6675371088475934 3.667537108847715 0.8895084050384756 0.8895084050383207 0.8895084050381424 1.9890012602230083 3.558033620153144 3.978002520446036 3.558033620153165 3.6675371088476214 0.8895084050383014 3.5580336201529814 1.9890012602230835 3.558033620153332 0.8895084050384349 0.0 7.171446030696645 3.5580336201530307 0.0 3.5580336201530773 3.558033620153155 7.171446030696629 3.5580336201531932 0.8895084050383185 3.558033620153152 3.558033620153243 0.8895084050381291 0.8895084050383245 3.6675371088475375 1.7790168100766732 1.7790168100766082 3.9780025204460183 3.5580336201531653 0.6226558835267688 0.8895084050384757 7.171446030696565 3.5580336201531777 0.8895084050383909 3.5580336201531293 3.558033620153269 0.8895084050383307 0.0 7.171446030696642 3.558033620153172 0.889508405038224 1.779016810076618 3.5580336201531595 3.667537108847707 3.6675371088476174 1.7790168100767159 7.171446030696665 0.8895084050382807 0.889508405038406 1.7790168100766452 3.5580336201531533 3.558033620153135 1.77901681007667 0.8895084050381744 3.5580336201531386 3.5580336201531617 0.0 3.558033620153254 3.5580336201531533 3.55803362015312 0.8895084050383096 0.8895084050383253 0.0 3.6675371088474695 1.7790168100763808 3.558033620153019 0.8895084050382168 3.5580336201530955 3.558033620153177 0.8895084050381686 3.5580336201531435 7.171446030696468 1.7790168100764345 0.889508405038153 7.171446030696679 1.9890012602232159 1.779016810076378 1.779016810076703 3.6675371088475797 3.6675371088475677 1.7790168100767683 1.7790168100765464 3.5580336201531564 0.0 0.8895084050384298 0.889508405038258 3.6675371088475455 7.1714460306966545 0.8895084050382417 0.8895084050383822 3.558033620153154 3.5580336201531457 0.8895084050383334 0.8895084050381095 0.8895084050381358 3.558033620153042 0.8895084050382757 7.171446030696439 3.558033620153169 3.5580336201532026 0.6226558835269217 0.0 3.558033620153126 3.558033620153348 3.558033620153149 0.8895084050382855 3.5580336201531875 3.667537108847599 0.8895084050384074 0.8895084050383875 3.6675371088475544 3.558033620153104 0.889508405038287 0.889508405038297 3.6675371088475703 437.26736489059306 797.10828727754 80.03081801785635 602.8447763187502 466.0968707111146 847.6415683362642 -48.06571618874873 602.9089421572763 381.82012049442505 688.7040726287875 182.94915841827665 560.147045421206 473.1502782941127 872.567162336708 71.01946162126977 604.2525820538153 403.3622168350653 720.5099632579248 -19.61682084021372 608.2431349839919 449.0057549160993 774.6835834113016 186.53828234731017 556.9690293393195 383.99345455463236 678.22606699449 147.76880919164864 567.6362187199353 459.57170793999285 787.638194320858 110.68730140491449 580.4622648593792 380.7550344817243 682.5314187932256 142.60024554659984 569.7139540181727 450.79540098759054 941.4613982868675 -35.21160889442531 609.5958908669236 424.6505216940535 785.8246055789248 -6.560677512319146 614.4094286601905 467.83305905990903 829.1689771125018 -16.743822232093056 612.9803650846285 455.9786131264022 933.9717086480215 181.29306599805318 564.440397652378 406.53846040056106 710.9562298281134 7.870005907675195 613.5896039161353 442.5672187422374 798.2477221073643 129.8034065159681 570.893337551123 461.0288655255211 855.3840751650926 73.11149733656288 610.7792832031137 424.79491440284664 766.9100429213487 97.27484251122829 597.5883011609004 459.8044550637848 806.0203539740179 -50.99605749982872 606.1737087979018 400.9160850033825 703.7647127275943 13.861821220618696 616.593240202431 425.9766168238127 776.2030704255997 127.97461663253429 567.3406759590924 458.77293806993856 941.7422246770466 100.93869457439727 578.425286134525 422.398226536947 762.7946594662099 90.79059101881501 599.7947769858023 459.629337018264 914.2940737426776 151.20824737203847 573.1559397032357 375.99060254898774 680.6987084732498 39.44556171922654 612.5982866767897 397.45400529257586 687.913089573644 43.89930957178613 609.9711427352713 414.6431547734061 726.3175963610574 85.15731057472858 597.5757255408048 429.9399184577416 787.4567559360901 -25.28797963151315 611.1339173963775 447.08123820585564 956.8659271232699 122.47197415362166 571.5898257126931 419.89406053533725 758.5184994927979 -29.549349058160857 607.3355159598951 459.8434199159156 926.6670823543163 176.0300535921551 568.9799829475286 423.92154517019816 751.459303821093 109.17554795762372 575.4317293452442 434.5041773586796 792.4706749319018 24.27826650040483 612.3463187577745 417.55979147866475 731.4872689465867 27.788048083678447 617.050813772748 470.1871412788025 893.7111393909231 127.2037089411588 586.7177695090271 469.5174024729424 834.210846597797 143.35255376018517 564.3342394874692 468.95821062938086 840.762727059177 164.69738613130684 558.9378212111695 407.97601176057873 721.2439216361556 -40.08783948895889 605.5640586181046 439.06488637746094 787.7699451807446 110.49483345188084 596.0326749983228 453.6004399451166 912.8963715342024 123.35246999808638 564.2846393460637 457.5191412864713 768.4358051048081 120.43803159653206 583.2664142393259 458.326230945527 906.1228614645249 62.92935159986123 601.9983798625937 415.9842412475619 741.2991117493394 113.8376220445666 589.648012457049 432.4492685694789 769.9397255009413 164.06323392863735 562.8494917294158 471.6574243466059 866.3039363444158 172.14635381933513 553.294158941387 474.44521033828966 880.4214503018113 -59.587919584552175 604.4021756281761 376.3454269733472 688.6502590541846 178.1445828623916 557.1816122066928 449.9699104283093 805.4988867303219 18.04033093476153 613.9806476246009 456.16373735196686 947.7746790609139 33.57822641456247 615.1598893234298 417.1184496065374 753.0254038289053 60.84550196867188 610.1198771254972 434.56710486918513 782.1726650625797 18.874161873541063 608.3224508648805 428.87646545848963 781.2082875396965 115.21507193091857 573.9657964290557 473.70280758798964 887.333089140161 100.54764716778827 572.9461930416576 443.9631733459686 945.5129699630056 118.33190290026312 568.3743697391318 422.09332254616584 773.6473439481194 137.389475211914 582.6854763455958 399.1148666646969 694.9340222726753 168.96088624690233 573.5323515276732 441.99840809510414 777.184602448199 64.81860295712549 596.7579043413085 452.2240731800916 929.9764433139707 135.63944245006766 565.2917445693537 467.9996128876823 856.5432645575189 54.91431679445037 612.4833016221727 447.8719851057926 951.8444486665963 90.11346006774001 607.5391164428619 459.25861892629877 920.9422461184296 -10.695798270979308 610.8610993749733 419.248016341902 744.7426528915524 2.4161355955480097 615.2717170862817 402.9845890366185 713.2262566308273 29.699535814267378 610.0379215096872 452.1260681499703 763.8870031795416 -64.99899080459406 606.1523049650467 446.22754436888755 916.5664196291661 134.08934963491413 574.6689418636979 442.35909407813426 790.8340475466384 52.23365047933508 608.8658972540745 439.1818580584656 759.0637225966918 172.3025615027679 559.8490503942037 414.1225049931211 735.0480626210862 155.9146478699296 566.1722254620438 451.2737404528297 918.5523031963729 73.79360037735897 596.8303109086486 464.67154278018893 813.7448558560042 101.74335224883866 585.482956500204 388.86253888385966 680.5666078314972 153.32655762808236 562.1379850246499
1320.007825810686 3.667537108847587 0.8895084050381251 1.7790168100766401 3.6675371088475615 3.6675371088474034 7.171446030696607 0.889508405038324 3.5580336201531932 3.6675371088477275 3.6675371088475583 0.889508405038284 0.8895084050384187 0.889508405038196 0.0 0.8895084050382007 0.8895084050384504 0.8895084050383414 3.5580336201531657 3.6675371088474535 0.8895084050384253 1.7790168100764379 3.5580336201531515 3.6675371088474398 3.5580336201531244 3.55803362015314 0.8895084050384522 0.8895084050382837 3.6675371088475877 3.558033620153216 0.8895084050382543 0.0 0.8895084050383504 0.8895084050383852 3.558033620153179 3.5580336201531897 0.0 1.7790168100765782 7.171446030696649 3.5580336201531733 0.8895084050384304 0.8895084050383008 3.558033620153185 3.6675371088475863 0.8895084050383206 0.8895084050384858 3.5580336201531737 1.7790168100765265 3.5580336201531555 0.8895084050382628 3.978002520446084 0.8895084050383539 3.6675371088475677 3.5580336201530183 0.8895084050384751 0.6226558835268736 3.9780025204460485 0.0 0.8895084050380928 1.9890012602230467 0.8895084050381761 0.8895084050382268 3.55803362015316 7.171446030696603 7.171446030696632 0.889508405038328 0.889508405038326 1.7790168100764894 3.5580336201531724 3.6675371088473896 1.7790168100763881 0.0 0.0 0.8895084050383595 0.8895084050383311 0.8895084050383316 3.558033620153152 3.558033620153252 3.978002520446012 0.8895084050382547 0.8895084050381187 1.77901681007656 3.6675371088475313 3.6675371088474593 0.8895084050383537 0.8895084050382939 3.558033620153148 3.5580336201532323 1.7790168100767139 0.0 1.7790168100767214 7.171446030696746 0.8895084050384013 3.558033620153164 3.9780025204460663 0.8895084050383657 0.0 0.0 3.558033620153166 3.558033620152972 3.9780025204459712 0.8895084050382358 3.558033620153134 3.6675371088475623 0.44475420251925857 3.6675371088477116 3.6675371088475694 3.6675371088477715 0.8895084050381828 1.7790168100765535 3.558033620153199 3.5580336201530303 0.0 7.17144603069653 0.8895084050380915 3.5580336201531164 3.55803362015316 3.5580336201532563 0.8895084050381656 0.8895084050381847 0.0 7.1714460306967265 0.8895084050382926 3.6675371088477116 3.6675371088475637 3.5580336201530063 7.171446030696629 0.0 0.8895084050382197 0.8895084050383518 3.667537108847595 3.558033620153068 3.5580336201531284 1.7790168100764974 3.5580336201531617 3.558033620153163 0.0 0.8895084050383693 3.5580336201531275 3.558033620153352 1.7790168100767196 435.30651300446686 802.1958898251223 75.17788546200615 601.677014488647 464.21697296588104 855.1733889738923 -53.15568446805702 603.1087517109804 384.9877979277106 697.3802363895228 174.05568674057204 559.8461600921592 471.45041243597336 876.4375634091002 65.01851885037568 604.6584518408998 403.6366485759842 729.4719410233622 -26.741028184806126 608.5707466206068 446.7165583076176 779.1105301093588 179.60271229601483 557.0377625238594 385.32865751899465 684.0424372096815 142.83652337758858 567.331421958895 458.152876635552 790.2611957991162 105.74228151478123 580.3852576406873 381.7983099258808 690.8958773903898 133.73741513815762 568.9185674950277 446.30131933862964 945.4118423959231 -40.40205982274988 610.2898187296851 423.2124106719857 792.6918104807062 -13.055947496438366 614.1771549934348 466.5847656068139 833.196323887407 -23.77487540704706 612.8445803579606 451.53735593795346 936.2625705289668 179.33536410064087 564.0717230367721 406.41973440441893 713.9520445993985 -1.9032613508995868 612.0696662487682 440.66691216578374 802.2697463216566 122.89817119358857 570.4651260660711 457.15692133265304 862.54466184359 67.11329091618568 611.2016662202506 423.99050342658546 775.4564875841422 93.3559525847814 597.0329706710758 457.49547722615455 811.5021809855913 -56.23814410536977 607.095776789817 403.1230985902187 709.7336412922286 3.95714572056154 615.8817978801147 423.0506127517376 784.5843399844911 118.11060779767342 566.7277657173123 453.2617910472175 945.9465597311204 93.98572035604846 578.6892736233833 420.47021495220775 773.566682073053 85.8045982076249 600.1390166487209 455.9252214920487 917.5720723789727 147.26251276071636 572.9117169832556 378.75466633315494 682.343508587545 32.48656278816129 612.4237513984896 397.04594362980157 692.8845368166584 40.18005679582169 611.7349721531825 414.9789425200987 730.3413493704995 75.21591609597627 597.7165335360909 427.0766958235673 793.7525164438182 -32.79691599200922 610.8650546819061 443.7058613969468 959.6786297263553 115.98296974972942 572.4220721726514 419.9933625025085 765.7237587518906 -36.52628031048129 606.9128675368698 457.87271305156213 928.1648442228467 172.08429515887133 568.7357125000228 422.9495215392148 756.8375290829825 98.82035490118811 574.7656240946408 431.18760206038513 797.5053354331278 16.319393457093046 612.0894798828282 416.9390795440221 736.3880354859941 22.732018841922166 617.5746671588236 467.9233140891912 898.6584102761349 121.2393427698734 587.0864524425172 466.9204463644234 840.9904420785322 137.37273810921968 564.9552323169474 466.4296206367831 847.6635457649347 157.71582965123383 559.7421227825917 408.1797223903173 725.2420716901818 -44.16053181531443 605.7254932668266 436.7634784424754 791.6378237602504 103.60864198289498 595.314404591964 447.6116971306244 917.278080478085 115.50722382141073 563.0521005295888 456.0988884862503 774.2155085611475 117.46482409691603 583.3258066569629 455.9181856123242 910.9679673245695 54.74948323236299 604.1227937737708 417.31448151535227 746.0342913648752 108.85650317136012 590.0693826521166 430.1993117739171 775.4048786794883 158.08342204904216 563.4685452447942 469.41538489688304 868.2485452341723 163.19189287691805 553.9761838617293 473.6211055533466 885.3258218981032 -67.88473947720308 605.4349302459051 378.70524870792735 697.3092254379264 170.79189202789706 555.9839046356362 448.92191537802614 811.6859386451166 9.055946531058503 613.7560911078403 451.29241115458115 951.1337104221257 26.172181059228485 614.6265660135289 416.41800764882834 762.0105258663647 54.04476790063546 608.6267184922177 432.11279667118544 789.1700326483639 10.839019237263283 608.5279942359598 428.6637540461916 783.2315178686571 108.26330508667199 574.26557035684 473.0916613764238 892.5514447479151 90.5678104808013 574.1787191660153 440.10574380205145 950.4417089492991 109.36063411609469 569.2924176895785 418.6055095271428 782.9719006468628 133.3826041354989 583.4282658328943 401.7303392756364 700.8093214045751 163.02691849029046 573.4113907176657 440.19952138898776 780.7535706718677 58.726460619493835 598.1314252970851 445.15869209024896 935.3599266483592 128.1189996709067 566.8073440411073 463.98750912701087 860.9168351764192 50.937852754324695 612.4948844177275 442.91934501406126 955.1004946946035 86.09482225407776 608.2065617191192 453.949625428342 925.4063098562367 -18.506447109768693 609.5820960520305 418.3523083219205 753.1092451971177 -3.6859432183637817 615.6708310930882 402.95461154185796 720.6498602581852 22.63508006671247 610.4803902835766 451.45886077030013 768.8299630312687 -75.67331624368882 605.5232562331806 439.10886497958364 923.5191885890742 127.67722613127283 574.2721510689997 440.98507098285774 793.4758833999786 46.22102841337743 609.1285561346991 438.1035908774906 762.8698724234858 166.32268897719925 560.468297117819 413.7871694181286 742.0626449479363 149.99598504178448 565.8055034267048 445.4037399402422 923.076156277238 67.66403387177022 598.7620202471213 462.559659097863 817.0859809384872 95.79301689197727 585.5577848708781 390.1381654016132 685.3771681137264 146.39077260013468 562.2035742669144
1330.007825810686 3.558033620153109 0.8895084050384283 0.88950840503826 7.171446030696636 3.5580336201530347 0.8895084050381746 0.8895084050382497 3.558033620153164 3.6675371088475983 7.171446030696648 0.8895084050382546 3.5580336201531217 0.8895084050382885 0.8895084050381217 1.7790168100764925 3.5580336201531604 0.8895084050381947 0.8895084050381344 1.7790168100766408 3.5580336201531497 7.171446030696613 3.5580336201531697 1.7790168100765535 7.171446030696654 3.5580336201531986 0.8895084050380956 3.9780025204459144 1.9890012602231215 3.5580336201530907 3.9780025204461205 1.7790168100765844 3.5580336201531435 1.9890012602230571 0.8895084050382914 0.889508405038333 7.171446030696647 3.6675371088475153 0.8895084050382118 0.0 7.171446030696655 3.558033620153188 0.0 1.7790168100765125 3.6675371088475535 7.171446030696529 0.889508405038382 3.6675371088474313 1.9890012602230076 3.5580336201532012 0.889508405038395 3.558033620153008 3.6675371088475663 3.558033620153158 3.5580336201531777 1.779016810076662 0.8895084050382426 3.6675371088475663 3.9780025204461165 0.8895084050382148 3.558033620153192 3.5580336201531035 0.8895084050381277 0.8895084050382065 3.5580336201531457 3.5580336201531932 0.8895084050381481 0.0 3.558033620153126 3.6675371088473927 0.0 0.0 3.558033620153133 3.5580336201529565 0.0 3.5580336201529694 3.5580336201531555 3.6675371088474935 3.558033620153161 0.889508405038418 3.558033620153136 3.6675371088477036 3.978002520446072 0.8895084050383588 3.558033620153163 3.5580336201530516 0.8895084050382981 0.8895084050382105 0.0 3.6675371088475512 0.0 3.5580336201530147 0.8895084050381947 3.799981572069346 0.8895084050383042 0.8895084050381716 7.171446030696639 3.6675371088474296 0.889508405038184 0.8895084050382638 3.6675371088475726 3.5580336201530116 1.779016810076455 0.889508405038207 3.7999815720692562 3.6675371088476165 0.0 0.0 3.5580336201531004 3.6675371088475197 0.8895084050383262 0.8895084050384219 3.6675371088475806 3.5580336201530813 0.8895084050383039 1.7790168100766517 3.55803362015314 3.5580336201531746 0.889508405038268 0.8895084050383624 0.0 3.6675371088474464 3.6675371088475175 3.6675371088475845 1.779016810076588 0.8895084050382609 2.4906235341072365 3.6675371088476285 0.8895084050384655 0.889508405038299 3.6675371088475655 3.558033620153208 0.8895084050384888 0.0 1.9890012602229412 3.5580336201531817 1.7790168100766837 0.8895084050384333 3.558033620153191 3.558033620153143 1.7790168100765857 433.52549133393717 806.8319149274049 71.51973822131251 603.2624292862757 461.48323082610733 860.1312746986687 -60.43415341591839 604.1039282196173 385.1183946928089 703.3163181082114 166.16401997371636 559.3567265706359 467.62656363248203 879.5708740312975 58.18110003735411 603.5443537174126 403.85536378846876 736.5965065546652 -33.514387063370705 607.1601617668339 444.2758248279796 782.3692065887608 174.62457462785252 557.4719907941798 385.4676157080722 690.9592273478534 136.96564360669493 566.2175664168051 455.3474947420629 792.2315287588668 100.79800416691499 580.262984575268 381.95666411065895 696.8083327265974 129.69784621385378 570.1432909517537 441.3977198885027 950.6923057054181 -49.159080042388005 608.7075584318636 419.8806917414799 802.0482226922414 -19.252397744856605 612.4068806414917 466.0595743567484 839.3525612141106 -30.983712504094367 611.1002116248566 445.30810137250813 939.3940484094475 175.4047787915268 563.5807262647153 406.93241261552316 720.0310722799895 -9.706937879242117 610.7835383776375 439.3377701001283 806.0218099189751 117.96565071233636 570.1309600962618 454.3338654228086 866.7594243310779 64.20012225936806 610.603222991903 423.3635374765556 778.9348490881866 88.46036265233167 596.3451371658618 454.8181378942549 815.650662660263 -65.19708499853385 606.4745635176221 403.4541992205942 716.7568320758752 -2.3960353083440302 614.9129835195465 420.39065298718674 793.1350322392975 111.68595286245633 566.5435842861305 447.82122224307517 949.3640755495142 86.65230831871787 577.370203738879 418.83751472030775 780.9223360100244 81.81716757758967 600.2274760990229 451.0638527229203 920.9856551948862 140.34202739066473 572.7243709103482 379.7963050774953 690.7408797698295 26.151877546986125 611.3806911586452 395.74967811681995 697.8173927370234 36.05308607250021 612.5825495831665 413.30782710342584 735.0139749283943 69.08192094264507 599.2775926367784 425.46282618491404 800.0881477144383 -37.58327519316076 609.6150359994015 437.37714720033597 962.4753345517033 111.03503940287354 572.3274168021796 419.60616662621015 773.0044171089103 -43.39906217760602 605.9803095612253 453.55528448044794 931.4914301808858 167.13674647956879 568.6762268599957 420.89766632871016 763.4770727451054 93.76207513578318 576.1235523188479 428.2473924526932 804.8656103962871 10.480898089105754 611.0269347766772 415.1881564136845 745.1053607375503 17.651353912418656 617.9616745915565 465.3623531215243 903.4294215470327 114.31962973595637 586.8606841295189 464.691054862146 847.0117142505451 128.47934120203703 564.6357577859214 466.6791860900657 852.0415121051036 150.79555434995632 559.5583587693737 408.081030932838 731.2578802856195 -51.51659665778896 604.6869641741182 434.311793692577 797.0384801862475 97.62003702079598 595.819269255227 442.66634695517257 922.2795557634516 107.49873565501436 564.2404996670585 455.66257956659405 777.2429747316943 112.54966386726409 582.7429626471719 452.26422492903174 915.1722619860792 49.590921237520504 605.415736446277 416.3838980705903 751.9142254578643 101.9731415753536 589.3094032874363 428.98451095233906 777.0613419071911 151.64125731017393 563.5622616904615 466.22079301294906 870.6338787282733 157.27311492102217 553.6082794512918 469.9935126263474 890.2447817884621 -73.2800406232242 607.0776370081709 380.0265546836965 703.2122440143811 165.9362579410669 554.4450329189258 447.2023697779236 820.4271818325891 4.248245918927606 612.6057683687662 446.7504403266938 955.0799675862058 19.309504014420067 613.7064481592313 416.35010024937714 769.335199682039 51.91591042399502 609.5837523859508 430.7573859222032 793.9728895852942 2.8811668181771237 608.0458041544942 426.9217660686636 787.869138570794 100.32227601497178 574.431914428873 472.64154277529457 895.1163891986936 80.64196145003976 574.5481322658039 432.02499723420794 956.200968332096 102.85176945626401 570.3136785351161 417.80999560355554 788.5371554005269 128.46641479008474 582.8641973075987 404.28335095724657 707.9470464448184 159.096781617425 572.9196267083087 437.8771516941667 786.1975555855174 52.522781394244404 599.8107578490693 438.89914881274325 938.4375145745947 121.7061909045004 566.394703225649 459.52790879279564 867.6899925164956 44.578206306372785 611.5463197710861 437.5254493334194 957.6175312358378 80.13750235412037 608.1055391005976 449.7903662996784 928.085967374166 -25.331072301810593 608.4270305252955 418.11202282876025 758.7261662932149 -11.534576769014343 614.6090776076261 403.27962737164694 727.7044440887057 18.64628101508271 610.2885722071272 449.2149149736232 775.3950936149313 -83.06449614667973 604.6504914049194 435.0444320496293 928.0625888980638 121.75973639045174 573.8896050691673 439.0905231003126 796.4156725011231 39.34426908939043 608.3517124623936 435.92050287551467 769.4313555164997 158.43138991682233 559.9781092941424 411.5374470731936 749.6032227257898 144.03128162355895 566.1736168438697 441.768457419952 927.3714836956732 61.5352288726106 600.0294876357507 459.5318634985981 820.9878457966266 90.88976686802255 584.8942016735995 391.5587423861142 690.2600923153132 141.39668304713294 562.8816869312453
1340.007825810686 3.6675371088474846 0.8895084050382359 0.0 0.0 3.978002520446254 3.5580336201531786 3.5580336201532052 3.9780025204460054 1.7790168100766386 0.0 3.558033620153218 3.5580336201531977 3.5580336201529654 0.8895084050381009 1.7790168100765797 0.8895084050382739 3.55803362015322 3.55803362015314 3.6675371088476165 7.171446030696625 3.799981572069311 3.558033620153142 1.779016810076609 3.558033620153147 3.5580336201530973 0.8895084050382114 0.8895084050383169 3.9780025204459952 0.8895084050382803 7.171446030696623 3.799981572069143 3.558033620153134 3.55803362015304 3.558033620153157 0.8895084050382848 0.8895084050383321 1.779016810076577 7.171446030696632 3.6675371088477484 0.8895084050382985 0.8895084050382976 3.6675371088475526 3.6675371088476196 3.5580336201531693 3.5580336201532665 0.8895084050381955 0.0 0.8895084050383889 3.5580336201530964 3.6675371088475552 0.889508405038301 7.171446030696646 3.558033620153171 1.7790168100766712 3.6675371088476845 0.8895084050382913 3.5580336201531337 1.7790168100767623 0.8895084050382475 0.889508405038277 0.889508405038304 3.6675371088476054 3.5580336201530844 3.558033620153185 3.558033620152986 1.779016810076411 0.0 0.8895084050384464 1.779016810076468 0.8895084050383738 3.667537108847742 1.7790168100767743 0.8895084050383293 1.7790168100765098 3.5580336201529787 3.5580336201531435 3.5580336201531653 0.0 0.8895084050383202 0.8895084050383195 0.0 3.6675371088475663 3.558033620153137 3.55803362015314 3.5580336201529508 0.8895084050384355 0.8895084050383444 3.6675371088475033 3.6675371088476463 0.0 3.799981572069143 3.6675371088475615 5.410668396552176 3.5580336201531853 3.6675371088476703 3.5580336201531417 7.171446030696757 0.8895084050383453 0.8895084050383094 3.558033620153151 0.8895084050382933 3.558033620153186 3.5580336201533287 2.2237710125958814 3.6675371088474487 3.667537108847611 3.6675371088473825 3.558033620153166 3.558033620153161 0.8895084050383975 0.8895084050383266 0.0 0.8895084050381288 3.558033620153149 3.5580336201531093 3.558033620153148 7.1714460306966945 0.8895084050383251 0.8895084050383303 3.558033620153165 3.6675371088476525 7.171446030696642 3.9780025204459473 0.0 0.8895084050382848 2.4906235341072365 7.171446030696583 3.55803362015314 3.5580336201532092 0.0 0.8895084050383802 0.8895084050381088 3.5580336201531786 3.5580336201531604 3.5580336201530134 1.7790168100766233 0.0 3.558033620153157 0.8895084050383009 3.6675371088475845 429.79139925263735 812.7050813971565 65.71400741068439 601.9990914967224 459.4487277179759 862.309080676802 -66.64405176399868 604.8180460152205 385.59463181403123 709.3323757968282 160.24513627393515 558.9823040858582 463.95694952375834 882.8767778303796 50.62869331019126 603.9074479021164 402.1868931735723 747.5074364697277 -41.35428174096584 606.021446063513 442.0666274057602 788.9686251044749 168.76819121607926 556.1134783868098 385.59746842033326 697.8868699889837 127.07294995168404 566.0320881028169 450.9847824315208 794.5329592073468 95.93611618993639 579.1204975636272 382.25350962759774 706.7083678642929 120.8415531961706 569.2699499315646 434.8788967788739 955.2363576960294 -54.24918748629351 608.9001409042809 417.3080511057153 810.6896694852882 -26.0760187270877 611.2380824836258 466.526984763839 844.0867075431538 -38.97573571158807 610.6890352408883 442.63655275432546 940.7062352678925 169.4240159719813 564.1967171465628 406.88638432303236 728.1810017097608 -19.434879037420817 609.0310984375492 437.3002810198675 810.5291976614071 106.61333689227841 569.5314538435107 449.35727672601723 874.5754820527285 60.219676216499664 610.511455328511 420.42706865051053 784.1209366013584 84.45804334358486 596.6415535453456 451.4513443283158 818.1953390197103 -72.37418342114442 606.9850996194834 405.60231016443424 720.8084973501568 -10.438187674562672 614.781875952719 419.1799843111244 801.3317488021885 105.79182009480463 565.8559710358803 444.9606250819907 951.3165150896267 78.78180454512429 576.6070592925743 415.5366455770986 789.2018406082218 77.73820293701131 600.9490567937494 446.3468714870149 924.6060802238414 134.45975267893456 571.8305089132388 380.4155361870917 697.6599289822874 20.23921669119038 610.7943880320421 395.77641962740995 700.7959276772034 29.153326102124197 611.8362980757885 411.07963884615106 741.5692898435866 61.287841230626185 597.9453276994717 422.63217333653154 805.3039621378415 -45.676787512651536 609.6845522138535 429.010436135051 965.7371150266985 102.1456342267926 571.8961912559981 417.4718195726021 779.6155095761334 -49.40567372575405 605.7285832837197 448.81281195131186 935.0963956257891 162.25177668387246 567.6271736929144 417.848263910848 770.7721220423005 88.22512035841079 577.1652238757686 426.0897470642015 810.4124908445756 2.051183148874477 610.367309656646 414.3846919371619 749.5456106470634 13.035828880201528 615.8175459575197 463.22320507943255 907.3076037700397 109.37311180273463 586.7341514259148 463.16524902671296 851.1739052530393 119.6092795314673 564.0074230697062 464.35222577328346 856.8299272631721 142.77602565934686 561.0165914197071 406.36254151504824 739.0063178870903 -58.26089799285436 605.5414648634631 432.3997244659505 801.5996957624977 89.79830463812283 594.5481101743406 438.01959668760696 926.9545914421815 99.68888225579273 562.6516324465697 453.08677462020546 783.6614386994592 105.67331748669045 581.9627177819722 450.76188613099924 918.2677273200344 40.62020041159621 605.1983120178907 414.70260733731016 757.0941034631653 94.09396463402584 588.6544485168617 426.9985911260775 782.6700243687975 148.12494672584123 564.3259642297787 462.9600182429894 874.4373157204374 152.1674767233486 556.0038863966803 467.11563255883965 895.4554989223217 -81.93383755827595 605.0051087537589 380.166420179092 713.104928795981 160.942181068285 555.1180931646974 444.1586120488299 829.614321642909 -5.68431498883755 611.873761162614 440.98402130425626 958.9345372139899 10.14057962721543 611.6940395399408 412.09983099794323 781.493311953781 45.537218710258784 608.8151868088768 428.0010271805478 800.322770401279 -3.9969920184090015 607.1647772704429 425.93258299860474 792.8712617956637 95.37705763094046 574.2892771906443 469.5527550904223 899.2584552137258 72.52697922104566 577.6302847963867 424.70939796589926 961.3428462406547 94.47698877200695 569.6598566283277 416.20453442987963 796.5292546298276 122.51621013531256 582.936055392154 403.1552630333455 712.773663129144 153.21117048750216 572.0497374384387 436.2035607512797 789.778218868426 46.556654146711814 599.6260969485612 435.3752152915599 940.2416197210815 113.73200636158876 567.0577295662958 455.19947755900364 871.7568220327021 37.718016267382005 610.6213584312787 431.0576726174637 961.2400127419403 77.23022025343907 607.482337774397 445.476030034783 930.5259410324671 -34.2400280771814 607.5760262419938 418.897557355282 763.3074731460324 -18.359283927364395 613.4517353171339 402.91318619216105 733.6945749337422 7.633399815171245 607.4124082796 447.82120183552865 778.024107372802 -90.06400576760024 602.3956523185097 427.7141229954538 933.109268868857 114.91420680586299 572.6435320073725 437.8202017618011 800.1908677355151 33.50017058954288 607.3495530623237 434.21443849302455 774.0747789573991 151.9561036471998 560.5549970166378 410.84087644329423 755.1495763904417 138.59232491126252 566.0598834181494 434.6028259503801 932.6863034404082 55.4096337709279 600.9066974910503 456.13255922241717 823.3149139138156 87.0003120351663 584.0337523903271 390.6591378375344 697.1723279685049 131.46877535778785 563.2048310263979
1350.007825810686 3.6675371088476756 0.889508405038329 3.667537108847436 3.6675371088475854 0.8895084050382867 0.8895084050383648 0.8895084050382623 3.558033620153139 3.6675371088474646 3.6675371088475712 3.558033620153323 0.0 3.558033620153131 3.5580336201531644 0.0 3.558033620153151 7.171446030696496 0.8895084050381861 3.6675371088475313 7.171446030696635 0.4447542025192048 7.171446030696589 1.779016810076598 0.8895084050381111 3.558033620153058 3.5580336201532137 3.558033620153328 1.9890012602229856 0.8895084050381571 3.5580336201531924 3.799981572069143 0.8895084050383484 3.5580336201533336 0.8895084050383063 3.667537108847424 3.6675371088475304 0.0 7.171446030696638 1.7790168100765715 0.8895084050383807 3.5580336201530702 1.7790168100765118 3.6675371088475655 3.5580336201531364 0.8895084050384079 3.5580336201531666 3.5580336201530534 0.8895084050383509 0.8895084050382055 0.8895084050381877 3.558033620153244 3.6675371088475437 0.8895084050383246 3.5580336201531635 1.98900126022306 3.558033620153188 0.8895084050382572 3.6675371088475766 0.8895084050381471 0.8895084050383634 3.558033620153183 0.0 3.558033620153115 3.5580336201532026 3.558033620152998 3.558033620153151 0.0 3.558033620153187 3.6675371088476223 3.558033620153152 3.6675371088474287 3.6675371088475774 3.558033620152999 3.6675371088475703 0.8895084050383519 0.8895084050381251 1.7790168100767263 3.9780025204460565 3.558033620153332 1.9890012602229676 1.7790168100766366 3.6675371088475717 0.8895084050383458 0.88950840503828 3.5580336201529437 3.558033620153112 3.5580336201529947 3.6675371088475996 0.8895084050382596 1.7790168100765362 2.2237710125957557 3.6675371088475424 3.799981572069346 0.8895084050384494 3.6675371088476543 3.558033620153151 1.77901681007655 3.5580336201531697 3.9780025204462293 1.779016810076533 3.558033620153289 0.8895084050383669 3.6675371088475366 3.7999815720692562 1.7790168100766994 7.171446030696602 0.0 0.8895084050382646 3.5580336201531044 0.8895084050384122 3.558033620153222 3.6675371088475477 0.8895084050382341 10.674100860459472 0.0 0.8895084050382593 7.1714460306967025 0.8895084050383983 3.558033620153303 7.171446030696616 0.8895084050381563 0.8895084050384248 3.6675371088474016 0.0 3.5580336201531138 2.4906235341072365 3.799981572069279 3.558033620153173 0.8895084050384069 0.0 0.8895084050383384 1.7790168100767605 7.1714460306966386 0.8895084050382894 0.8895084050384878 3.5580336201531186 1.7790168100764145 3.558033620153164 3.558033620153061 1.7790168100764434 425.42009103265724 819.3667985686703 60.82886507859481 601.218219023887 453.9847026346791 869.6664190186949 -73.0573867772199 606.4991332445172 384.47141472339695 715.6635975909056 154.79072676103732 559.1078728203343 459.8234901275458 887.2601426266268 43.201082046273235 603.3677195648394 401.64914664268014 754.7528381466034 -49.54928904776095 606.571500366448 440.13573651768434 793.5220220620572 162.8030985370617 556.4631674825534 386.4909353569533 701.9521531263755 121.12338155162035 566.0711885209297 447.688948621989 796.2207750391774 93.0035230972264 578.6146950032577 381.5521320042022 712.1346632179573 114.92630966798716 568.8028058328796 430.9299175860493 958.298001084976 -60.73928322022096 608.5453200837371 415.39455210486176 819.6566198784582 -34.528106837304044 608.2027477325945 465.84890953021926 849.3030934533463 -41.92818019541358 610.321197163993 438.9745980281183 944.2437625716867 161.56666450954668 563.1794846786587 404.78973427628165 735.811512722219 -24.091587700605707 609.5716162791048 436.14116591097536 813.2659978260812 101.25708315707672 568.344579446415 442.40080172755063 883.1333417463711 54.45006606265067 609.0505897960531 417.8761204140898 791.1186041604359 78.5718310554503 595.9193644130828 448.3738755044492 823.262397332342 -80.06079770052614 605.1159922795705 405.8394287928189 726.0575090078144 -16.344954570812803 614.0576013690861 417.01393077864014 808.5275129605837 97.97351112449572 564.4715858676542 438.3220595553404 955.6386471147626 74.57134564551697 580.3031233426016 413.3990714381245 795.8541680843591 70.85961985951025 600.1610299292727 440.66981242008205 928.5928848905772 130.51788110509614 571.5312967108955 381.85847197136053 703.7584289651579 14.51834973098746 609.1595157865511 395.56846811165406 706.7527608716487 23.143632542388023 611.6807858729784 408.3877340827244 747.9349160470096 53.283071074575616 597.8816559243332 419.79624567172436 811.6190263732502 -54.635745984558206 609.0636588401579 421.0753505558827 968.7597159601148 95.25223005777907 571.3063384659284 416.4715474188521 784.6097115987533 -57.39744053674525 605.3107021146468 444.6944837285865 937.8334370393143 158.27387137578032 567.8567600820809 415.1758893499772 778.2447885733976 82.16182433614766 578.3527999130735 423.6858131869253 814.1871210874854 -4.77627585799804 609.2164239183401 412.15467486769705 755.0481742659673 5.332893918296487 614.0146500636926 458.84035334864365 913.3109374368794 106.43857225365407 586.2361584558454 460.2758505676444 856.9021586802999 115.1737407283672 563.6580242474059 460.1917957535875 864.1888689133349 136.22716226392765 562.528086778454 404.4914006966665 744.6381010637992 -67.1181235618361 604.4362371296041 429.9937673858247 805.9230045702204 85.81329922881478 594.6034521136149 431.63742369251514 930.7070710407139 90.72350904443476 563.1439876405096 451.3904093237217 787.2386647740132 99.27298908330617 581.4147891174972 446.6211589800439 922.8539354869397 34.47592118207349 605.8252312710791 412.945811723594 761.169158653148 89.14797278354938 588.4431392162508 423.34864229580904 788.5953885801017 144.20062772520325 563.7989529397889 460.486570810631 876.1049386755201 141.69661475099008 557.0071062266526 465.78942768370604 898.7528572745352 -88.70412070198519 603.5812031356759 381.2983855778661 720.0892500066803 150.99979418263902 555.6840643510052 440.32856116039346 838.8881746186012 -11.056567582675207 611.0142982409013 434.3466365697384 961.2429212511931 2.488162492586027 609.64294336004 411.11323996714924 787.5927840674947 42.93248353628977 609.3563509634741 424.72305951487414 806.4199499795451 -12.092478529885254 607.2600964930028 422.88218906666003 797.9825556154765 89.01772022998446 573.2559863179563 463.2582108187827 905.8546732195504 64.48140969291278 579.6027205810946 419.0331335109887 965.3669943262959 86.55496200271517 569.4860283863927 416.9032113031027 800.7201330064843 119.46192372195233 583.9381729865079 401.2181331866698 719.4295075289997 151.22523539025406 572.1589730066219 434.7060515469536 794.5428033755743 37.543809035762635 599.508390237912 431.2076720096053 942.9122943317097 106.9351557658654 565.2615338821472 451.1716128397272 876.233216352425 33.34424130999471 609.8142037393329 424.53735015142905 963.755253300805 71.51308691010297 605.6235187183952 438.9300157344158 934.9809888663647 -41.876315054840184 605.4674793874083 419.51814021602127 767.9224005138302 -28.23548630689552 612.3978047791536 400.70801811524757 742.8814235609024 -0.5991341848903305 605.7382497574573 446.1460329975377 781.6069759814177 -97.10391000363204 601.7735106221854 421.1467551667468 939.4967738470689 108.07779346249984 571.3452696293995 435.2032410027083 805.5114531849827 25.402021907965647 607.5866538222768 432.61199704049454 779.8705049901212 147.0441434709951 559.9648140056665 407.9415336856903 762.506278156439 133.62593421159067 566.1890671930639 428.50462363797425 935.9601508075815 49.276701159485526 601.6118845825548 453.0321869860658 823.6578011457012 80.99884644438465 584.4120469432868 391.08262145210904 704.1497316666399 127.01620901921049 563.1154226873969
1360.007825810686 3.6675371088476276 3.5580336201531533 3.6675371088475526 1.7790168100764654 7.171446030696608 0.8895084050384653 3.5580336201532137 3.978002520446035 5.410668396552264 0.0 0.889508405038252 3.978002520446076 1.9890012602229812 0.8895084050383655 0.0 0.8895084050384109 3.6675371088476085 2.51590970050008 0.8895084050383809 0.8895084050381091 2.223771012595844 0.0 0.0 0.8895084050383291 0.8895084050381665 0.8895084050381062 0.8895084050383639 1.7790168100767447 0.8895084050383275 3.978002520446076 0.44475420251917347 0.889508405038364 3.5580336201532075 0.889508405038325 0.0 0.0 0.0 0.0 1.7790168100765336 7.171446030696676 3.5580336201532043 0.0 3.6675371088475055 3.5580336201531293 3.5580336201532883 3.558033620153145 1.77901681007666 3.558033620153143 3.5580336201533465 3.5580336201531253 3.55803362015302 3.6675371088475717 3.6675371088474353 7.171446030696617 3.9780025204459353 3.55803362015314 3.558033620153081 7.171446030696584 0.8895084050383495 0.8895084050381099 1.7790168100765604 0.8895084050384011 0.889508405038179 0.8895084050383999 0.889508405038206 0.8895084050383872 0.0 0.8895084050381671 0.0 1.7790168100765347 0.889508405038192 3.6675371088475326 7.171446030696786 1.779016810076537 3.5580336201532248 3.5580336201531217 3.6675371088475823 7.171446030696646 3.6675371088474704 3.558033620153147 3.6675371088475712 1.989001260223113 3.5580336201531844 3.5580336201531275 3.55803362015296 3.558033620153114 3.5580336201531284 7.171446030696635 3.558033620153184 3.6675371088475406 3.5580336201530316 3.6675371088475446 8.895084050382936 3.558033620153147 0.8895084050383057 3.5580336201531684 3.6675371088475037 1.9890012602229996 3.558033620153023 3.6675371088475726 3.558033620153033 3.558033620153179 3.6675371088475663 1.779016810076692 7.171446030696645 3.9780025204460165 3.9780025204458824 0.889508405038231 3.5580336201530907 0.8895084050382375 0.8895084050383505 0.0 0.8895084050383577 1.7790168100766257 3.9780025204461613 3.55803362015319 0.8895084050384126 0.8895084050381705 0.8895084050383637 3.9780025204459926 3.558033620153003 7.171446030696661 0.0 3.6675371088475663 3.5580336201532585 7.171446030696666 7.171446030696605 3.558033620153177 3.5580336201531093 7.171446030696622 3.558033620153377 7.1714460306966235 7.1714460306965355 3.5580336201531733 3.558033620153138 1.7790168100765162 0.0 0.8895084050384527 0.8895084050383408 0.0 420.39811456960786 826.8119506842078 57.11396542775229 599.533906506573 450.68139469302776 875.1771129557131 -77.13433766571428 606.634393827662 384.03076482861144 727.1371200792129 146.88976347279504 558.7720224588093 454.26118790019916 891.3890138021135 35.9884474048357 604.2459721893971 402.08575338908156 760.921964558229 -57.286569834465205 604.9433001495195 437.069570631052 798.6200842599715 153.75743884176362 558.286087556824 385.455928565171 708.2975343124818 113.11915423735462 566.8793863129785 443.05946691325715 799.4406176454207 89.22876985988025 576.7438746922309 382.64497719082965 720.9606228709272 106.97809730666916 568.8483143714128 424.15022556913357 962.3739879703618 -68.73204080590607 608.1245282921099 412.815282465345 828.2976693618913 -40.33133308150104 606.9830597848819 463.70500150057245 854.5208907253938 -46.71302621335652 609.0625780744343 434.79960071830453 946.8999228825255 152.71189633648072 562.2959512326519 403.6107847052475 740.67617633181 -28.69808310444142 609.866548311363 433.1674785973455 819.5175971887028 92.81977680688334 568.2702019308978 441.218115489474 887.7828152303674 51.404458006795146 609.2390905409698 415.9317920672028 797.3208766526988 73.64179704247215 595.4757344399877 443.14257540431424 830.4890165271935 -85.96271116397844 604.31952098964 405.3671315631095 733.3106582668836 -19.399018868227838 614.1754559246473 416.6066736299345 813.2818289217541 87.04058600397777 564.655253354266 432.90976738031827 958.1117699521598 70.55361906727043 580.6970256768084 411.02551345640467 804.599494411418 65.94590008651011 599.5861491677896 433.82111631909225 932.5467866131885 127.58285450408825 571.0437208572279 382.072835608939 712.8118384012246 7.692152413362933 608.0060686397595 394.75326716613176 709.609886385998 19.895399668523517 612.7849421297354 406.23590532958485 753.4601720597116 47.93060504764587 599.6490639048994 415.88672902584 820.7100076296134 -62.47398311265361 607.9138906270125 414.898330029993 973.9132413988315 87.43117003046034 570.0106084835794 414.1030672884174 791.1526054892072 -65.79438783229693 602.0203128934658 441.5707447552793 939.3463444136376 150.35099140217207 567.782380005745 413.91787289359416 784.228266335434 78.147221523142 578.8750772145579 422.6183480333699 819.1681205165977 -10.632290252364811 608.2490705771226 411.1606703035657 757.8558841967829 1.3616187407900509 613.6997595997904 458.4121512468955 916.4498071401448 98.61544254074408 585.0080992949418 455.87930532155315 862.5162831129038 106.13851657841467 564.8624038298968 458.7476244959843 867.1769202038865 128.36784071697997 561.6552531224222 401.6805320724448 753.6464882142398 -72.1133383320734 604.1326476985391 428.23888224762953 809.4655268173717 79.87093727967036 594.3250274051395 426.48585729750175 935.6342763396093 80.65087276139515 564.605887991067 448.99548843569323 790.4693184522371 93.39857667482163 580.5797036902554 441.9863336315001 926.6860356292888 27.888164155133985 606.0407716699189 411.0871169700567 765.7544762413594 82.70060060943551 588.2123078523058 421.3939234396795 793.1394337618877 135.31244129952404 563.3625816860728 456.36809784961923 878.8471023192104 131.82161723619112 556.4864281839143 461.76623772392503 901.6293003690297 -95.49120558946393 602.1566439467858 380.5037121453941 730.9347520807771 140.04865452193758 556.3532191935984 437.23630274513954 847.4595072517419 -18.846449008230792 609.638890755502 430.0342665828469 963.6562006869257 -4.236063309406797 607.9940510478028 409.17913984447057 794.3507194695632 36.136621913708176 608.0536449174115 422.3100764303615 812.394267131122 -21.86772951876119 605.7193153787558 421.34659924372545 800.5304147880775 82.09561895771338 573.0406344225158 460.896661621316 909.5936655492313 59.05404942055516 582.3560615799195 409.87289492753655 969.6410993264534 77.6488593229045 569.25863237121 415.82220337682685 804.5945246326535 112.6337985741909 582.6105253097843 400.0829817009834 723.2198050766473 146.2768818119776 572.0383643623989 432.9555617685154 798.0873251338145 32.36348249436862 600.2673740806515 428.74792665230393 944.585176549561 98.96529583404484 565.5364218716588 448.41717956124654 880.9023259462813 25.30104744391453 609.7285704331795 418.11915230653227 968.477560780965 66.76950088459532 604.0649834436022 436.4807082199542 936.6657372719408 -48.79876208234651 604.7685766810527 418.2665268285078 771.7035133213917 -35.97343126839458 610.7725727881622 398.52061272491255 750.0090200461478 -9.892953643796933 604.3106063267194 443.7633897017938 785.9447951377772 -102.98964590227308 600.3420031723205 413.8797860556957 944.7143968818607 101.12139189510953 571.4532963327244 434.10619981260845 808.2770330620347 18.330136783541796 607.6698055844432 430.91151140590114 785.6374270426334 136.63995998702066 559.9099429829299 405.9192173759339 770.2879694446036 127.24440388432758 565.4247125397001 421.37688639380156 941.4231423335178 41.71802664794757 601.6918117895849 448.9261336090902 825.8678044244657 76.00463154180586 584.5027293418912 390.0314256870413 709.9888581941915 120.9849699036857 564.1059881358581
1370.007825810686 7.171446030696483 3.558033620153136 3.6675371088475885 3.6675371088475957 1.779016810076652 3.5580336201531435 0.889508405038324 0.8895084050381432 0.0 7.171446030696634 3.558033620153292 0.8895084050384211 1.779016810076518 3.6675371088475717 3.5580336201530596 3.558033620153133 1.7790168100765749 3.5580336201531524 3.5580336201531737 0.889508405038099 2.223771012595844 1.779016810076462 0.0 3.5580336201531306 3.558033620153064 0.8895084050383116 3.5580336201529636 3.558033620153191 0.8895084050382743 3.5580336201531795 3.799981572069143 0.8895084050382858 0.8895084050383226 0.8895084050383406 0.0 7.17144603069662 3.558033620153182 3.558033620153166 3.667537108847751 7.171446030696642 0.889508405038335 3.5580336201531955 3.6675371088477355 3.5580336201531897 0.0 0.8895084050384093 0.0 0.8895084050384242 3.5580336201529774 0.8895084050381352 0.889508405038327 3.6675371088475726 3.5580336201530116 7.171446030696597 3.6675371088476085 7.1714460306966386 3.558033620153229 3.6675371088475743 1.9890012602229992 0.8895084050381915 0.8895084050383065 0.8895084050381902 0.8895084050383077 0.8895084050382593 0.8895084050382703 1.7790168100767794 1.77901681007668 3.5580336201531315 0.0 3.6675371088475575 3.6675371088474638 3.667537108847579 3.558033620153256 0.0 3.5580336201530605 0.8895084050384242 1.779016810076396 1.779016810076464 1.7790168100765922 0.8895084050384269 0.8895084050381884 1.779016810076591 0.889508405038281 3.558033620153178 3.558033620153085 3.558033620153166 3.5580336201530156 3.6675371088476063 0.8895084050383537 3.6675371088475512 2.2237710125957557 3.6675371088475894 8.895084050382888 1.9890012602230207 3.6675371088475854 3.558033620153148 3.6675371088474975 3.558033620153174 7.171446030696802 1.7790168100764492 3.55803362015321 3.558033620153172 0.8895084050381735 0.0 3.5580336201530187 3.558033620153185 0.8895084050383392 3.55803362015314 0.889508405038275 3.5580336201531826 3.558033620153124 3.6675371088475632 3.5580336201532874 1.9890012602231515 7.171446030696572 1.779016810076628 0.8895084050384267 0.8895084050384116 3.5580336201532203 3.6675371088475757 3.5580336201531826 3.558033620153167 1.9890012602229903 3.558033620153191 1.7790168100766228 7.171446030696666 1.7790168100764319 0.8895084050383717 3.5580336201531533 3.6675371088475597 0.8895084050383253 7.1714460306966865 3.667537108847743 3.558033620153158 3.667537108847718 3.558033620153139 3.5580336201532456 3.558033620153171 3.5580336201530565 3.5580336201531595 414.06460150868793 835.8160302437269 52.117211908953216 599.3313215140373 446.8377378709504 880.0999343146971 -85.33687206258634 606.5282925059872 384.7019898879948 734.7366028128631 138.96825770920012 558.6163013080036 449.52304484378527 894.9823896826746 26.734365307506003 602.6440119164381 401.2946020707513 766.0190961579874 -64.31335176642136 604.5436059158909 434.21737052143374 804.9282874016609 146.85749348372624 557.7447852827455 385.46927107326997 712.3148962778118 107.18599544841075 566.5281668509334 438.43917940979645 805.4236326533614 83.35445329301427 575.9499030155605 383.2167908086281 727.0326806370678 101.98925335644859 569.0580563414829 418.97487403134056 965.2690150891945 -74.60399007309299 607.1914599107458 409.6905165064017 837.7720962119192 -45.27554724939897 606.4254761976446 460.6934998638985 860.4301262029766 -53.08889230769072 608.1403449157308 430.8549051095794 949.9663360916544 146.7603204093632 562.3283117113667 400.6013360226852 749.0737539687876 -33.582102607912994 609.0735938818173 430.6819734515098 823.7951490699465 83.36938774660794 568.3047660691847 438.2936250704347 894.9436571225883 44.66125203056379 607.6687772859184 412.43335683754043 804.4118281947873 66.7798165042541 594.5549796478174 441.29977466289074 836.3540953808267 -92.33152902770352 604.822761569957 402.9492082485072 740.8776634983993 -22.783230907322388 613.4603267352522 415.9751617599159 819.582405009854 79.0963177873978 564.5961581958446 431.6683836166661 959.9402880173059 62.33127106013696 581.7397490875692 407.54200064039196 812.7989106597504 59.18736137362796 598.0805449805449 430.19344417179286 935.1679463852646 123.65062608123077 570.68483028315 380.37960478044033 719.5452705959074 0.869287201839368 606.8349179651506 394.15927388727044 716.5422011118235 12.051783526746195 611.6677298835531 404.56646309309303 756.4979435317441 41.539030530454504 601.4110026847823 414.39756725010665 827.6841422293154 -69.3551514307207 606.9599552420556 408.809052914129 976.1866139459556 76.05942548938803 569.2087727020988 412.58964755145894 796.4666315455573 -72.02756701284024 602.4689772005607 437.6990645165685 941.5337396632505 145.48597859181885 566.655649259488 414.598272418826 786.7650203092408 72.20729497930125 578.4851191672967 419.78300049141853 823.8324185624348 -17.65715910422106 608.0356935852241 408.6329895350969 763.2185379334118 0.6475752590365554 612.2877344028683 455.05026473054266 919.5259462867372 92.72516640525687 584.3022903874974 454.4549554766881 865.636374043151 97.1287720052576 565.3559357511193 454.3088981931615 871.1721039700542 118.93832667994211 561.5524043346536 399.20803413437505 760.1298149274844 -80.45122241923453 602.6857894722154 426.2651886038771 813.4511608155444 75.03328599501124 593.3120570310535 421.54759532334003 940.9691522376928 72.47186065566062 565.96462245631 443.49874820259356 795.4717281179848 87.41761071775358 580.572726882321 437.5667159596573 930.9112122426991 21.881509854512164 605.8218458235285 409.8220202145349 769.5342058089493 76.76089397925539 587.8198699109284 417.8901185370096 799.1257181193199 126.9016941343144 563.1408029151632 452.13703007349716 881.4140840651743 121.78069362375398 557.8368154233181 460.0835543458811 902.6640463596525 -100.5378356735788 601.6690121682337 381.33909660430703 738.8937077415621 131.15975761074844 555.8541673278522 433.5409714568483 855.7465090565723 -25.87038631757135 609.4115533720119 426.4633730586987 965.3705062689247 -11.057567370269153 606.8137930172578 407.44680958083393 800.1079222005623 28.38554739664592 606.4909905012131 420.55934846180037 817.0419564909134 -28.891544971926617 605.485169954865 418.9376585187731 804.8523370599734 71.78340148241986 571.7801235999796 460.07098134004355 912.0893788869246 52.625062724357704 584.3893445650173 405.57493252421955 973.0924982154914 66.75930725243511 568.581069269278 412.7666732223966 810.8016278132299 106.73491963229935 581.9872365525508 399.6190129121578 724.1109151150978 140.38804125763497 571.3042028013169 429.232704134473 806.1693577478723 23.25972058414173 597.9124096723473 423.5761235080537 947.48649885653 89.41222695706787 566.4133751231665 445.470208062148 887.2409787747853 16.872543542613304 609.0096087292338 414.42757547266507 969.9760938627079 63.15044397914444 601.8855160034218 434.1419261422293 938.5560804924758 -57.62642194075424 603.4969200503632 415.66971150593275 777.0339638206607 -41.87467685315594 610.0034907487335 396.69926983310245 755.7028363866659 -16.714032438672877 603.1271787951524 440.0476278238766 792.9276549031434 -108.18311955297031 598.9874182705579 408.60897532708634 951.4863531553539 95.17639755851306 571.2963580251014 430.8023818350027 814.3608345434991 8.3521290309593 607.1165818723832 427.8479759199706 790.7389164815437 131.1178873491492 560.664858055307 404.8969376804851 778.5857604777076 120.24528952928206 566.0264212115128 414.7059014891286 947.7134491070908 32.85036443251865 600.6850778658052 444.96671979067025 829.2980099124067 72.25619682300433 582.9233915630767 389.01434026540477 716.8400158532932 114.04310849052294 563.9360775375384
1380.007825810686 3.9780025204459215 3.558033620153197 3.6675371088476334 3.6675371088474984 3.5580336201533287 0.8895084050384762 0.8895084050383371 0.8895084050381948 0.0 3.6675371088475557 3.558033620153248 7.116067240306297 0.889508405038424 3.5580336201531435 0.0 3.5580336201531764 3.6675371088474407 7.17144603069666 7.171446030696594 3.5580336201531617 3.799981572069311 1.779016810076765 0.0 0.8895084050382908 0.8895084050383285 3.9780025204461125 3.558033620153257 7.171446030696629 3.5580336201533287 0.88950840503826 2.2237710125956944 0.8895084050381694 0.0 3.5580336201531124 1.779016810076484 3.5580336201531595 3.558033620153131 0.8895084050382918 1.7790168100767005 3.9780025204460485 0.889508405038284 3.5580336201531524 3.6675371088476463 3.5580336201531395 3.667537108847683 0.8895084050382108 3.6675371088476365 1.7790168100765054 0.889508405038254 7.171446030696622 0.8895084050382347 0.8895084050382851 10.674100860459642 0.889508405038246 3.6675371088475943 7.171446030696628 3.558033620153269 3.6675371088475757 0.8895084050383856 3.558033620153151 0.0 3.5580336201531804 3.5580336201530884 3.558033620153192 3.558033620153129 0.8895084050382895 0.0 0.0 1.7790168100767303 3.6675371088475757 3.6675371088476094 3.9780025204460285 1.7790168100766468 1.7790168100766282 3.5580336201530303 0.8895084050383489 0.0 3.6675371088475863 3.6675371088474287 7.17144603069662 3.5580336201531675 0.8895084050384303 0.8895084050383171 0.8895084050384284 0.8895084050383395 7.171446030696631 3.5580336201532874 0.0 3.5580336201533136 7.171446030696649 3.799981572069222 3.6675371088475863 5.41066839655212 3.5580336201531226 3.6675371088475166 3.558033620153196 3.6675371088476703 0.8895084050384197 1.7790168100765185 3.6675371088475672 0.8895084050382008 7.171446030696647 3.558033620153222 3.6675371088475575 7.171446030696671 3.5580336201531426 0.8895084050381777 0.8895084050384665 0.8895084050382747 3.558033620153156 3.5580336201530613 3.6675371088475592 7.171446030696814 3.558033620153204 7.171446030696703 1.7790168100767767 0.8895084050383275 3.5580336201532043 7.171446030696585 7.171446030696619 3.558033620153312 3.558033620153214 7.1714460306967505 1.7790168100763897 0.8895084050382243 0.8895084050381269 3.6675371088474327 7.1714460306966386 3.558033620152999 1.7790168100765298 0.8895084050383911 0.8895084050383278 1.7790168100765666 3.558033620153152 3.558033620153215 3.5580336201532012 3.6675371088477093 0.8895084050383714 3.558033620153148 7.17144603069665 411.4760069725206 843.3521144945581 45.38374606744492 597.7276473640803 440.2107233276388 886.2859159150847 -93.03440342268816 604.5738325094779 382.81266702881027 740.3211690528876 132.0597084893891 558.1883430297446 446.1404563380861 897.0321928415591 19.42530130882921 601.3820053071555 400.68086052873576 771.2169194790273 -70.33237453570564 604.0299355566866 429.13528862374784 812.8834321606113 141.775860595405 559.0185927882668 383.2373132933883 717.8480015998251 98.29930263735365 565.8635286288516 435.1263351166909 808.7404568490754 79.44952902951626 575.3116092516499 383.8141927020209 733.3912498167479 93.10432141444583 568.3184383549193 414.42073183473065 967.2500910265134 -85.31367032102526 605.0592992133339 406.24217777425304 848.188534065121 -53.33277772827145 605.946785404805 456.6249162343072 864.9915924534158 -60.83269814794099 606.5088232320118 425.18122025289034 953.9941689799069 139.7799972242043 562.6790938519681 397.84328768057884 755.4224817655322 -41.55430325604558 608.4062013190475 427.17122000333256 829.7585440085245 73.89488170190258 568.0421007026156 437.7622070246668 900.336549048316 40.88467722367594 606.3981236464487 410.02897403691213 810.9411630909173 61.78946171140228 594.3511183859338 430.5596432708728 846.6009145310286 -100.76751072873701 601.9921509792421 399.9209626628474 747.0986315206588 -28.457715097364805 611.6752834456871 413.38537753921156 828.2195161886297 70.27562632124987 563.42231912235 425.51070078785256 963.1039132220516 56.32391505364606 581.5831149130482 404.9539626678275 821.4372378753749 52.63726498934294 595.5308548206095 424.64334512048464 939.4149993926048 118.81736229856396 569.4289924643915 380.949079522712 725.8072598217435 -6.209607107469784 606.8441537033647 393.7411687753892 720.5324461489053 4.111780450783827 611.0050710238593 403.96984303174804 760.597548276172 34.614261131627245 600.7513993218558 410.9397610688228 836.9955659559614 -76.20059167117273 605.6902753617891 403.7724299887976 977.3050093315491 65.61195488638914 568.7041235360092 409.9734963771949 803.4416764340483 -79.86102867138538 601.0376700458856 435.23407855141255 943.2000618781011 139.5387978577049 566.6079312715088 412.4060521235117 790.0917985338529 66.3629525251858 577.458814139543 416.3065444444993 832.0343392768907 -23.55621569932618 607.2421677873871 406.01608690068844 766.3446145311934 -3.2197179305004715 611.459145637363 451.41526670306774 924.1412137418552 86.89712892249639 583.1933260763826 450.2915782920614 871.9196195454346 87.65628895027314 565.2758653779791 448.2880326638771 878.2494319071894 109.73824496338982 561.6875709693747 397.9640854252476 766.6628167113907 -89.34975353321883 601.2074215255936 423.1887395701259 820.7517046707325 72.82488863947768 594.4224287720991 419.306381446613 945.0575007816626 62.59786500464745 565.006570306226 441.2905326034502 796.5827125101813 80.62642655133185 579.2540017066638 434.72714128991674 933.9259967178488 16.588338408918762 606.9946162820921 408.08798521095616 773.0862636968127 71.00497001657222 586.3334793024087 415.69342808595934 802.4497659630914 117.05264902555233 562.3412206640359 447.1183037791391 884.5728473751057 116.76438404806115 558.2781209603838 453.2980902195701 906.723092336859 -108.69006495405306 598.0811135130834 378.46140085471285 747.2932916057847 124.25890851572935 555.390763788453 419.0396846873148 866.0549431960825 -34.47853321980166 607.1580134932886 420.18417191437453 968.3167054811357 -16.04445920971563 606.4827455425332 405.05132695723194 806.640586973981 24.715145255199698 604.7205493461573 418.1476584830714 823.5685850737215 -38.563808979159084 603.448399867412 416.091996490476 811.1628283398551 59.35457658601703 571.1159474199363 454.103537537757 915.5897289726141 46.42011328817455 585.1551389709854 396.6409442741634 976.7587753511914 55.834657931842095 567.8093890186536 410.15516701066684 817.7779529395174 103.828745438409 581.3736764668661 398.5224806966856 729.9615175421449 137.4624963293799 570.7657021614789 424.38196946360915 812.5861640135398 16.335896756675776 597.2263421914789 418.4019213801448 950.3834926094066 80.05070089385556 565.4991046341908 442.88522303360304 890.5712329272358 10.280533240689191 609.1434146322475 409.2008864948565 971.7670116119449 58.439783300588 600.2105674398132 428.97019697504567 941.4582228205768 -65.34273192416507 601.7840962944116 413.05190465787746 782.3553616395554 -47.31984970944625 609.3742822136187 393.6975759007256 761.9369993672373 -23.847573055314697 603.3346389585029 436.5260474436137 797.248559042768 -114.49119763674278 596.9476062699093 404.03667252701524 955.4594728403974 88.22584265492813 571.0235538779716 428.76849887937897 819.9821665163112 2.24312647206287 607.3428650903836 425.86904276054554 793.0671661939479 124.72749902555542 560.0286560474734 405.1528326800833 784.2207131545266 111.82098389681987 565.7861131424986 411.4793618560336 952.0670355569929 25.10700933017019 599.089730124881 440.56773989628937 834.6652087768548 66.4206612764179 581.8833574072355 387.05127589093854 724.4881482027566 103.56049454758242 564.1406684842976
1390.007825810686 3.5580336201530702 3.558033620153153 3.6675371088474384 3.9780025204460983 7.171446030696456 0.8895084050384472 3.558033620153102 3.558033620153164 3.6675371088476756 0.8895084050383453 3.558033620153116 3.558033620153222 3.5580336201533114 3.5580336201531257 3.558033620153187 0.8895084050382769 0.0 3.5580336201531417 0.889508405038324 0.8895084050382829 0.6226558835266787 1.7790168100767727 1.779016810076762 3.9780025204460743 0.8895084050384788 0.8895084050384371 0.8895084050382662 0.8895084050383468 0.8895084050383465 0.8895084050381749 0.444754202519192 3.5580336201531497 0.8895084050382998 3.558033620153153 3.667537108847611 3.558033620153191 3.558033620153275 3.5580336201531857 3.6675371088474558 3.6675371088475597 0.8895084050381481 3.558033620153132 7.171446030696697 3.558033620153208 7.171446030696668 3.558033620153162 3.6675371088475277 0.8895084050384747 0.8895084050383515 0.8895084050382601 3.5580336201532243 0.8895084050384238 1.779016810076594 0.8895084050383154 3.9780025204460223 1.9890012602229732 0.889508405038293 3.9780025204459353 0.8895084050380816 0.8895084050383306 1.7790168100765764 0.889508405038345 0.8895084050383087 3.5580336201531537 3.5580336201532057 3.5580336201531706 3.6675371088474593 3.558033620153175 3.6675371088475557 0.0 3.667537108847639 3.6675371088475424 0.0 3.6675371088475437 3.55803362015316 3.5580336201531324 3.6675371088475783 3.6675371088475526 3.5580336201531946 0.8895084050381036 0.8895084050380851 0.889508405038275 0.889508405038302 0.88950840503847 0.8895084050384053 0.8895084050382174 3.5580336201531972 0.0 0.8895084050381729 1.7790168100766919 7.171446030696422 3.6675371088475357 0.0 0.889508405038214 0.8895084050383937 3.558033620153207 3.6675371088476076 3.5580336201531644 3.5580336201532092 3.6675371088475495 3.558033620152996 3.558033620153144 3.5580336201531475 3.6675371088475814 2.490623534107243 7.171446030696644 3.558033620153177 3.5580336201531555 0.8895084050382536 3.6675371088475317 3.558033620152985 1.7790168100767614 0.8895084050383991 0.8895084050382519 0.8895084050384673 3.558033620153151 0.88950840503819 0.8895084050381797 0.889508405038185 0.0 3.5580336201531653 3.5580336201532163 0.0 7.171446030696586 3.5580336201533687 3.5580336201532297 3.6675371088475006 0.8895084050384537 0.8895084050382205 3.5580336201531333 0.8895084050382708 0.8895084050381524 0.0 0.8895084050382036 3.9780025204461023 0.8895084050383845 1.7790168100765136 0.8895084050382399 0.889508405038321 1.7790168100764785 407.0496676983123 851.129349586024 39.378292301765654 597.492032806528 434.9290709211726 890.9220994050108 -100.52885136914087 602.0083416309262 380.79032658243375 748.1197332065024 125.1584004733088 557.601285137581 439.3431907691145 901.0712900512277 11.483030933616895 600.685943595455 398.07046531146267 778.7461045129158 -77.74477631950379 602.7646078216924 426.6577045596299 819.3842767150397 135.87443273943265 558.3789605255656 384.2517690138824 722.3485138700592 86.77648389277644 566.0033453121295 432.00437797768615 813.8081820538076 71.75921700941072 573.4208394703323 383.1891606196047 739.5933411165654 80.75597165042315 567.2816388684031 408.2009241133347 969.2277211105503 -91.31078072657124 604.1734695898539 400.3510736218055 856.1714700283305 -58.78550659934996 603.5093250148002 455.56143429747107 868.8810951067402 -65.06120415403014 605.1355745883233 423.1908876895703 956.5204827634166 132.8733161219572 562.1820225363634 395.45482393816155 759.7563585755287 -47.25094916891599 606.8156884774014 425.0255020526428 834.2094213358256 65.10789566048852 566.6749558055673 433.9419222279016 906.668012589236 35.996488956218144 605.6283571096997 407.802196486035 814.794564546428 57.81675949388856 594.0644483777609 425.8562470536486 848.318464915923 -108.58260175252936 600.2355016024449 397.7657918252281 750.4554815750065 -30.363885167593107 611.1595672944713 408.756444744613 835.2532190285807 61.34908319614703 562.7568461982504 419.3451753070829 966.249803125065 52.54531143894616 580.3188019142623 403.2831618398283 828.3399559027395 47.845893527046236 594.2947942686408 418.0951668606226 943.9029570281459 114.90408154775119 568.9044217985332 379.9318601013045 732.8254411466145 -12.316191861376293 606.9514094054393 393.9400329238989 724.8048471139251 -1.1347553054373756 609.5810993524052 401.790034773286 763.9328579181097 31.457793136611762 601.3503818022126 407.9547435735933 844.5299513881822 -84.45287214362017 603.8150530637921 399.60244382908223 980.0101849390193 57.75443720636666 567.7135289336578 406.00189943085894 809.1911092734575 -87.36685121711194 598.567552655936 432.0234496885636 945.5611791867585 135.05834303978983 566.6178921322544 411.3145544231057 795.0697285352692 61.64651952265734 575.8168644171445 414.1018764216237 838.7894116992077 -28.644307638085397 607.2203341336595 402.51354415976584 771.2318169099183 -9.699284117681053 610.9716611064415 445.5548690578322 928.8443257976182 82.06719666919238 582.1149332101288 449.19618008235227 875.7804170110368 79.98035857893133 563.2487598772641 444.77153606648153 883.867633098308 99.91379481046977 560.4992365648781 397.77622695378165 771.5261877398351 -96.4698273101282 599.0705766464555 420.9001942190607 826.2435608032125 67.18708855848007 592.3366010892901 414.4058213493287 949.472018878572 53.72264495592236 564.0359885891992 437.7520987097996 801.4437979809996 74.7860702595471 578.2097603145787 429.2931552235322 938.3840877046822 10.736157654215024 605.9890247807239 404.8085256860403 779.183481294139 64.25662995464128 584.8057616738072 413.2673526332518 808.4170961867812 108.17494896075817 561.6663875712082 441.3335231124296 888.3723108473919 111.74419597508623 558.5863400054114 450.3707211843804 907.5905871972581 -116.86159396737003 597.1854349124936 377.66107142084496 755.6974880012949 116.30245538464017 555.3663693783486 412.44780154254954 869.5538746318941 -38.42698622359791 606.6103669477353 412.37804400327616 972.588677880517 -23.72648898893806 604.5898181062814 400.60864263290074 815.4782510762574 21.05544554464237 602.9254573779757 413.78626592290266 832.4322365328313 -47.49231829626888 602.2405081979484 413.64109720125015 815.4605901974859 53.40019413760037 570.6944154777553 451.0445270374408 918.2020747384129 39.093840209119975 586.4087302091259 393.44105907894647 978.1005466710733 46.82578479883204 567.4785939307841 408.31064787014174 822.3832711348231 101.00926512344138 580.1825444260751 396.74221007200987 732.4404395499243 133.4494252626746 571.0626026871432 421.49165992900186 816.6607254226719 10.640821055535811 595.4921759347271 413.6915806477578 954.1279553071156 73.01856118696327 565.5196972260215 438.30994899209776 894.4727365334555 5.4047678176102245 608.315160711035 404.09847882769316 974.783308561591 52.72519484096664 598.5534044144767 424.4665079876996 944.5377019099199 -70.59509919336007 601.8633652279881 410.19595810644256 786.4557086696566 -55.09628957212054 607.83943815064 393.52025039960773 767.3541666361929 -31.614822850324767 601.836555997136 432.98756602242565 804.3190847789213 -124.07656125264299 594.2398614823717 398.09369902273795 961.142180311044 76.28662905652949 570.5058315363264 426.88146298854167 825.6908885740083 -5.525819065154577 605.8462583486277 423.66394864892294 796.386695362728 120.25473845278113 559.9658286089721 405.3867688475286 787.644476261717 103.05086793855327 564.2971098149999 406.3992458697435 955.1462013494868 18.290947619768914 597.893215210501 435.7316547682944 837.5044657908716 60.68753709343468 580.2813449886521 385.0096804821128 729.028289626413 94.8781594167883 565.3089633924533
1400.007825810686 1.779016810076438 0.889508405038345 0.0 3.9780025204460534 3.6675371088474304 3.6675371088475743 3.558033620153125 7.171446030696649 3.6675371088473985 0.0 3.5580336201531466 1.7790168100766623 3.558033620153101 0.8895084050384818 0.8895084050381589 3.5580336201531657 3.6675371088474313 3.6675371088475464 3.5580336201531684 0.8895084050381136 0.6226558835266677 3.558033620153256 0.0 3.5580336201532177 3.5580336201531626 0.8895084050381986 3.5580336201533256 0.8895084050384325 0.8895084050382392 0.8895084050383514 0.444754202519192 3.5580336201531395 3.558033620153198 3.5580336201531337 3.6675371088475437 3.558033620153118 0.889508405038402 0.0 3.9780025204460725 0.0 0.8895084050381576 0.8895084050384501 0.0 3.5580336201531724 3.6675371088477604 3.558033620153164 3.667537108847416 0.8895084050384838 3.55803362015314 3.9780025204460565 0.8895084050382775 3.6675371088475663 3.667537108847408 3.5580336201532154 7.171446030696643 3.558033620153156 3.6675371088475917 3.6675371088475455 3.5580336201531266 7.116067240306334 0.8895084050383913 0.8895084050384829 0.889508405038277 3.558033620153188 3.5580336201532745 3.558033620153147 3.6675371088474145 0.8895084050383335 1.7790168100767576 1.7790168100767252 0.8895084050384419 3.6675371088475597 0.0 3.6675371088475974 0.8895084050383056 3.5580336201531946 3.667537108847583 3.6675371088475734 3.558033620153143 0.8895084050384003 0.8895084050381741 0.8895084050381691 0.8895084050383517 3.5580336201531853 3.558033620153304 7.171446030696625 3.5580336201532754 1.7790168100765162 0.88950840503828 1.7790168100763972 3.6675371088476023 1.7790168100767512 3.6675371088476063 3.558033620153216 3.667537108847591 0.0 1.779016810076422 0.8895084050381445 0.8895084050382788 3.6675371088475694 3.558033620153164 3.6675371088476356 3.5580336201529943 3.6675371088475797 7.171446030696659 7.171446030696642 7.171446030696507 0.8895084050382805 3.55803362015316 0.8895084050381301 0.8895084050382251 3.6675371088475655 3.6675371088475877 3.6675371088475566 3.558033620153107 0.8895084050381075 0.8895084050384247 0.8895084050384581 0.889508405038142 3.6675371088475894 3.558033620153092 3.55803362015315 3.6675371088475743 1.7790168100765469 0.8895084050382618 0.6226558835267882 1.7790168100766508 3.558033620153196 3.5580336201530747 3.6675371088475597 3.558033620153164 0.8895084050380971 3.978002520446016 3.558033620153178 1.779016810076507 1.779016810076604 1.7790168100765598 0.8895084050384625 0.8895084050382674 3.5580336201531746 402.13229655874323 856.1057143962583 37.44741417104923 597.076579872165 428.25203859037674 895.1677619092173 -107.93986005785919 600.5263897941733 380.17887472239414 754.4217924958837 119.7409574724764 557.0470068570365 435.71288119128326 904.6431049297903 6.126833127462519 599.6734381218578 396.48393565928967 786.7964299317939 -82.88685485395762 602.3702703834581 422.7881988301908 823.9908044003658 130.91364349110583 558.2252843363708 384.37900323474025 727.7968844481363 80.3610090873453 565.330753200655 430.55070101222657 817.4962391756743 65.36180166491327 572.667139103474 381.5254399931925 747.571728636285 73.77558776899018 566.9718580980152 402.8569109602888 971.7858104340607 -97.91985138125128 602.0724719019993 395.0392232066326 860.8287925132283 -66.57135051660487 601.8052030211433 451.9750753845875 872.4983497177203 -73.19640641047603 602.9312481335404 416.9393826864051 959.5026150492344 125.11243639992176 560.6150197452112 393.0514412157924 766.2853117064316 -54.204907779709025 604.2380268373046 421.53469544194706 839.0162811078852 57.54880068845627 566.6785924971392 432.83213585975824 910.7116689170948 29.28629347383637 603.9188439271669 404.03257545396684 820.5859331499607 51.1394587100853 592.1901853307425 419.76891925203313 850.7997251509137 -114.13102561776881 598.1418513637484 396.895461320898 752.2319313870903 -34.853231129109204 610.6233268229063 403.72364468990503 841.3847966369519 53.30645545321632 562.6612559758803 416.5790711582195 967.3789032357149 46.73642840319033 579.1231309253598 401.77931840754724 834.6267521065608 43.166214112819176 592.5403243329921 411.67503816775564 948.683435182495 110.84529409298001 569.2692144237889 378.7611251656919 739.9148792011465 -20.265342642097597 606.0825863567454 389.99528685923076 732.7828506755153 -8.148614493901924 609.0985729969079 399.82189563370514 767.9202585644231 25.71839415915815 599.8226109268276 407.00483136964846 849.3042589443612 -91.16055716428124 601.9677647343796 390.7582577170114 981.9981533773093 49.32456144376506 567.018913714105 403.75404868918537 813.6141714306287 -97.26450720861311 596.7410909897453 425.5760945666058 948.1894860802723 129.2368563653288 565.3425342593561 411.24930552384836 798.3821816636263 57.866664834170976 574.5529927679694 411.55229875217054 841.7625706933089 -35.69144660742984 604.8773681302052 400.969016267724 775.9856181786249 -15.553324023128472 609.9389467156851 441.9409720145719 932.5261978430275 79.10844233440817 581.8163464899545 446.8251431490834 879.5123341490323 72.95494795131826 563.180136865201 442.1374254988926 887.1660696361973 90.89583172482492 560.4283583418654 395.5658858953573 776.5001444241232 -105.25878927951666 597.0626175392878 417.6515862716599 829.9926674413704 62.29609236692445 591.6045918093779 408.6044662720169 954.3983238989714 44.75728380628775 563.4718030640828 433.82649187843697 809.4237804621797 69.88492824167213 577.527659002424 424.55716568108033 942.0961150915928 6.091805212714409 604.1585123178542 401.7120043507776 784.2570234357381 59.46110916738445 583.5884749877333 410.1845132698016 813.4751725136142 101.0309955242801 562.5016632196536 435.76754426552077 892.5473043462908 106.0254960237613 559.9167095232374 447.2107579246733 910.0170522646706 -123.30802575995449 594.6595953872112 377.25938773700386 763.215048734746 110.22042848946968 555.9186285634655 405.21011431489575 871.2471952892435 -42.6424687141577 606.8181999606255 406.83576207461266 974.7471057274031 -28.47624684059027 603.2232443421246 398.7484889699544 822.5700949585621 16.97955519190518 603.0073436680108 409.7529284784517 836.7807800136188 -55.99897382323423 599.6419105351886 410.1911827159952 820.3028012739652 43.61900793378074 569.2005351655393 443.4490916762303 922.839797622586 33.69142307639612 588.0269111677649 384.2395064614359 980.9671406310605 38.11948584590074 565.6580340131328 405.3304620053396 827.5231659391612 96.26189293719278 578.6323006962575 394.6667406528796 735.8439074691547 128.541896620987 570.4217540032109 419.43052760786026 818.9097445042016 1.6480591450056363 594.8577862594705 406.1977912682294 959.0342926377957 63.61359922395994 564.6858279948701 431.2891623016303 900.0715960112124 -1.3741725845141766 606.9154436626187 398.8287518736204 977.5227058771898 48.753056707899574 598.2290318191193 419.2405956330785 947.3356263897697 -78.46184038514413 598.9123381380298 407.73717406959685 790.7508010132284 -60.85328460365665 606.3212722682543 392.2066064532795 773.8735324348223 -40.480106604190695 600.3901724557982 429.09455821645525 810.0671437287608 -131.3411978481468 590.8717445457125 393.19759746003643 967.0051252049711 66.58074544565805 568.6364589681148 424.06374995637145 829.7286893115514 -13.98719689984793 604.9828304068458 422.2707499087608 800.1304361417083 114.27786164343674 559.8355535796786 402.1794533905024 795.9862494258505 95.57910085509297 564.0547232648714 400.4398061481375 958.688485280793 13.245823593533213 597.7550101871001 432.2749150521744 838.7010173005324 54.39269865906059 579.0106928810833 384.33730515378903 734.6870531972946 88.74711847890983 565.9640908548413
1410.007825810686 0.8895084050382456 0.8895084050384043 8.895084050383005 2.5159097005000652 3.5580336201531813 0.0 3.55803362015316 0.8895084050383489 3.6675371088474775 1.7790168100763961 0.8895084050382137 3.5580336201531457 3.5580336201530405 3.5580336201532115 0.8895084050382408 3.558033620153132 3.667537108847738 0.8895084050382297 3.558033620153222 1.9890012602230507 0.8895084050381771 1.7790168100766972 7.335074217695193 3.55803362015316 0.8895084050384392 3.5580336201531635 3.558033620153038 3.558033620153197 0.8895084050381153 0.889508405038103 3.5580336201531226 0.8895084050384163 3.5580336201531195 3.5580336201531955 0.0 1.7790168100766728 3.558033620153088 3.5580336201531795 0.8895084050383809 3.6675371088475606 0.889508405038303 0.8895084050384335 3.6675371088475845 3.5580336201531284 0.0 0.8895084050382172 3.6675371088474296 0.8895084050381629 0.8895084050382474 7.171446030696606 0.8895084050382968 3.5580336201532012 3.5580336201531098 3.558033620153098 0.0 3.5580336201531364 0.8895084050381777 3.667537108847611 3.5580336201531204 3.558033620153174 0.8895084050381629 0.8895084050383175 3.558033620153144 3.5580336201531653 3.558033620153227 3.55803362015321 0.0 0.8895084050381454 3.5580336201530036 3.6675371088475837 3.558033620153092 3.6675371088475393 0.0 1.7790168100764434 3.558033620153022 3.5580336201531724 0.889508405038239 1.7790168100766859 3.5580336201531977 0.8895084050383145 3.5580336201530427 3.5580336201532026 0.8895084050382714 0.0 3.558033620153256 7.171446030696614 0.8895084050384063 3.9780025204460614 3.5580336201530325 3.6675371088475544 0.0 3.6675371088475717 3.6675371088474087 3.558033620153194 0.8895084050384439 3.6675371088475393 1.7790168100766037 0.889508405038355 3.5580336201531573 7.171446030696633 3.9780025204460583 0.0 3.558033620153139 0.0 2.490623534107243 7.171446030696597 0.8895084050382779 0.8895084050384242 0.8895084050384504 3.558033620153172 0.889508405038197 3.6675371088475677 0.8895084050383467 0.8895084050383016 3.5580336201531253 3.5580336201531644 0.8895084050383435 0.889508405038446 3.55803362015315 3.6675371088475366 0.8895084050382012 0.8895084050384124 1.7790168100764705 3.6675371088475646 3.558033620153192 0.6226558835267882 3.667537108847388 3.9780025204460565 3.5580336201530485 3.6675371088475575 0.8895084050383679 0.8895084050384082 3.5580336201531764 7.171446030696634 3.978002520446024 3.558033620153128 0.0 3.558033620153181 0.8895084050381403 3.558033620153111 397.97887209667897 860.5174887334858 31.778400218000925 595.2742644503104 418.81970534830026 901.5486831372833 -111.95966190455245 599.8677970105725 379.50640247216523 760.711699899891 114.22083632890235 557.1234710743709 430.3396601665166 907.1953522324244 -2.11463528283097 597.9758456912515 391.654872602359 796.5345627106459 -88.93980827446833 601.4926210978559 420.0313405079788 827.5473717319575 124.79879177599997 559.0127961099276 382.3340957227893 735.5692815549859 71.49292856718205 564.3317734941065 428.9821242751876 821.266641539632 61.43872583119514 572.1175067149271 380.84940452118843 754.9672330097387 65.92444342283224 565.906809345919 397.04198574044614 973.3162360173641 -105.65564273213963 598.7981961270476 390.07459673187896 864.7812311776869 -71.25974979954303 600.229321418383 444.5125629133495 881.2267731173234 -78.70502842241619 600.7311454758456 413.3966420227739 961.250680311609 118.53953679888129 561.0250653420246 390.0712506841612 772.534907185335 -58.154818260784964 603.5339375168567 417.8069380316799 842.2505497850652 49.75466237331804 565.3292478016776 430.3073824802883 912.2949709029599 25.487391112727668 602.7617825071775 398.71824945816394 826.390574560827 46.2595569142954 591.3900820615006 415.1912146779421 851.5158578102986 -119.96528780038373 596.6859021986318 395.1296195662792 755.7705467088748 -39.38164646853035 608.5628560262617 400.4178888730452 846.7650008390991 43.52811485076921 561.1482303730902 411.22368169932287 969.9277312221429 41.142655699191145 576.921314987194 396.41772352065993 842.0528519049686 35.34713091040683 591.2676654482119 405.99827969952753 952.8216262118868 108.81537673653524 569.4192224911637 375.7099375264555 747.2283069030033 -28.963028459627296 604.081696597668 387.9012790323059 738.3538785739405 -14.583092410145774 606.4359614849365 398.91768297544223 769.6841474758326 18.695908233674217 599.3769166742377 404.40504880054556 852.4253349252596 -98.37926534553421 600.0135124285149 385.40679159816364 984.5665839884063 41.14722188334462 565.0776722175295 400.1324344941985 819.5170716353958 -102.1002967734195 595.4987110556647 422.26850893886376 950.4120299968598 125.18044214078199 565.7053607137723 411.2544781438737 798.3733664592947 54.911759062974824 574.1956246805689 406.4674236215296 846.481278409538 -39.42016295212613 603.5922430447523 399.78124846518716 778.7279174805623 -22.37963487685943 608.6131058236217 438.36171919352165 936.336840391097 75.32752345701351 580.5651698592637 441.8773617356158 884.7353359854397 63.06765010256247 562.2065996688591 440.0824064313768 889.5177192632157 81.09401265570239 559.0598013340699 393.47874481564736 786.0375210912982 -113.30573697492908 595.7564790564912 413.678845096814 834.3946289449887 57.50822316334706 590.3555821184243 405.77597237455706 957.6686565391376 34.928175672446464 562.1960194351944 430.9726942792342 814.6191106408994 64.07250457803633 576.3602591232061 420.81531416616184 945.6513370323055 0.4916810225651451 602.1315076456532 397.68939135851326 789.9404230412465 53.70624612367869 582.1390185872584 405.61838792629123 818.7023107327317 92.62953889361451 561.7205617750785 431.38340270395145 894.8395188751252 98.95297830018468 560.1391576134823 442.3311683680301 913.4230240566357 -129.7461744305572 592.1144104637457 376.09353063080096 769.2783196929746 101.33319080794752 555.1058517269306 400.8392026189069 871.8807681167855 -47.210100697600566 604.8996057036211 404.21857119724604 973.763849951693 -36.926259137047744 600.4500304501372 393.41659137144876 827.0799817054477 14.95005721566571 602.9938877615366 405.40161776404545 840.8333141120355 -62.97427936027148 598.5703704126258 407.65110725230636 823.3894753957139 35.876087451675815 567.5991639604664 439.25607759691064 925.4682878850945 26.44257053814283 588.6262476042949 378.67836711118593 982.5430395851887 28.21785887028828 564.7219803838549 401.20949183249667 831.7487305876798 91.53758803613533 576.9989542224878 392.9341852049261 738.3007205297425 123.6195284062002 569.9040548365239 415.9314228727411 823.6402597887111 -8.124190637883961 593.1561703127734 401.44888117404 962.8762830984655 56.20141296325634 563.9337698047738 425.19287320493436 903.3551228211693 -7.214834194503233 605.7843394651436 392.4089297929554 980.1120258009636 42.74635988423137 597.9293698133839 413.1416878461613 950.6126351977788 -86.35383512300807 597.3138286405599 405.7669252299327 795.3078531586873 -65.73136270152874 605.255873732287 392.2682177285383 780.6149009580706 -47.74941673806681 600.1946896738518 426.2581677333333 815.3491226285199 -136.12729818363093 589.2356509327295 387.16899209629264 972.9145438542499 59.16920306938704 567.8874009348044 420.7648956558511 833.3869663837601 -22.63976468916242 602.8622327979149 419.493591101515 804.2174960756502 106.48835417760655 558.4926874006626 398.9097844908703 803.2604710354982 85.72788510572286 562.9677954131661 394.4686289718764 962.2555380452203 8.163320643554563 597.7053684533363 426.4626870066996 841.4772807540318 50.52298594715591 578.2009293568442 380.66833218045383 741.6912377480191 80.79698138459419 565.4457767526084
1420.007825810686 0.8895084050380897 3.558033620153205 2.490623534107228 3.5580336201531293 1.7790168100765578 7.1714460306966945 3.558033620153163 0.8895084050382847 1.7790168100766939 3.558033620153157 3.558033620153131 0.8895084050383939 0.8895084050382446 7.171446030696641 3.5580336201531035 3.558033620153141 0.8895084050384618 3.5580336201531826 0.8895084050384412 3.558033620153156 2.4906235341072227 5.410668396552258 3.5580336201530622 0.0 0.8895084050384086 3.5580336201531004 3.558033620153138 0.8895084050381132 0.8895084050384715 7.171446030696638 3.5580336201531035 3.558033620153207 7.17144603069669 0.8895084050384698 0.0 7.171446030696669 3.558033620152995 0.8895084050382104 0.889508405038282 3.6675371088475677 0.8895084050380939 0.8895084050382742 0.0 3.5580336201531977 3.6675371088476276 0.8895084050383011 1.7790168100766297 0.889508405038455 3.5580336201532723 3.558033620153215 3.558033620153365 0.0 0.8895084050383829 7.171446030696675 3.667537108847587 3.5580336201531506 3.6675371088476725 3.978002520446092 0.8895084050382873 3.558033620153178 3.558033620153035 0.8895084050381898 0.8895084050382229 1.7790168100765926 0.8895084050382034 3.5580336201531577 3.6675371088474087 0.8895084050384043 1.779016810076706 1.7790168100766002 3.5580336201532363 3.6675371088475566 3.6675371088474873 3.6675371088475504 3.5580336201530844 0.8895084050382461 0.8895084050383797 3.6675371088475686 3.5580336201532106 3.558033620153146 3.5580336201530605 0.8895084050382857 3.978002520446243 3.5580336201531955 3.5580336201532803 1.779016810076552 3.978002520446011 0.8895084050381378 0.8895084050381897 1.7790168100765131 3.6675371088475535 3.6675371088475863 1.7790168100764887 7.1714460306966705 3.5580336201531253 3.6675371088475552 7.17144603069657 0.8895084050381182 0.8895084050382194 3.6675371088475432 3.5580336201531897 0.8895084050382106 0.889508405038289 3.6675371088475726 0.6226558835266697 2.2237710125957784 0.8895084050384229 3.5580336201532052 0.8895084050382286 3.5580336201531577 0.8895084050384374 1.77901681007639 0.8895084050381681 7.171446030696579 3.5580336201532 0.8895084050383828 0.0 3.558033620153144 3.558033620153188 3.6675371088475517 0.8895084050382911 3.5580336201531595 3.558033620153124 1.779016810076528 0.8895084050382248 0.6226558835267882 3.6675371088475672 3.5580336201531644 3.5580336201533296 0.0 0.8895084050382441 3.558033620153202 3.558033620153272 0.8895084050381985 3.978002520446147 3.6675371088475686 3.6675371088474558 3.5580336201531417 0.8895084050382279 3.5580336201531515 395.0383111403579 863.2088751572072 26.813307591130453 594.746774854416 410.5762958373106 906.0509218736192 -122.12266601773162 595.9761960625144 378.3590218388005 767.9739426438863 104.41865747545556 555.8177472234178 425.06451511623334 909.9109688413128 -6.9269849109428 596.776476014955 387.624088637154 802.1637087015943 -99.42178254375222 598.3578832266477 415.6369070827886 831.5061683405439 120.64555775849595 559.797409564513 380.77818665324634 740.3235920634311 63.64914402397862 563.2083257621258 424.19223063034235 827.5911711336928 54.72052017294172 570.4524581288202 380.89018160974086 760.6216201308765 59.9172688768142 565.6695493915597 393.420452846943 974.8994515933157 -114.40426823145307 596.6161950996739 386.98057646164386 867.4183821689401 -77.56622625929711 598.6651511655277 441.4876804053454 885.8608640362194 -84.21352718331805 601.0887944891821 407.40704966180317 964.7981769548514 111.78273792879843 559.538576928849 386.77055410707385 778.6142773169977 -62.0046364038867 602.5223482773192 413.4768144463457 844.7536880501431 38.75919891124237 564.7837229255863 425.1489457409838 915.2212457477268 20.780470575908616 601.2312006682818 393.687346043618 831.1869988397099 43.648433470037574 589.5139095105404 410.20995298899237 853.1257641711754 -129.21882085097434 593.1784331760255 391.40464277074443 762.7376848414088 -46.42593440785138 606.2232183618337 396.4233111517908 849.6714972727038 37.03771674205847 560.7988302992347 408.7209178615484 971.5928766327269 35.13856625820744 576.5880759585523 391.20521668985754 848.3068498397408 32.412918919382804 590.7866685861728 400.46392778492174 956.1576330129074 103.91365531651262 568.7571196613151 372.6859579598967 754.5701636815544 -37.675145532173396 601.9832909931325 386.1022601229565 743.535830940018 -19.512227254635466 605.5978445359142 395.780202108106 773.5848901626522 12.042737366629895 599.355026175927 399.59363686621566 855.8923182944875 -107.585711835746 597.649821336488 377.4579284062779 986.091013073212 31.420375306429786 563.3080082567601 393.5619834634842 825.5436691122393 -109.74716708835389 593.2613769042797 418.666587954256 953.1941301866809 119.02028931601711 563.642157644133 408.98553682211957 802.8174541159349 49.212446586894494 572.4864302206331 404.245818655838 848.4441548935852 -49.74291391940498 601.5566960942592 396.9127398621581 781.6052943560549 -27.823014165391648 606.209219445528 432.654616968915 941.5604299584878 72.37329920576832 580.2141837955609 435.24199657701644 890.0388620753417 54.00353195172408 562.0889794322557 431.2952205493855 896.0389287911829 73.09979453480892 558.6996447723451 391.40809509400793 792.9744758632909 -124.17588268519387 591.011998233174 410.06996870072555 837.7838530634011 53.64446130011609 589.5171975439056 401.0255290944166 960.3520206733198 24.08378120745928 560.9420696172425 426.641231164801 820.0155624705957 58.319333876250774 574.900946871802 416.9821280499114 949.0964521415372 -0.6691848021251777 602.5650902395007 393.36227013882336 797.1888426369723 48.017004132132115 580.390449589777 400.4299963961027 823.298109511252 85.60212198681731 561.5909037972376 425.1467517947319 897.8752887346168 91.0947525044399 559.1210723580692 435.7062411428585 917.7680823233313 -135.58903641686493 588.209085852085 376.2861266166978 776.2712813410337 92.5034935356966 553.924066757862 395.5213821000287 872.932721744807 -55.302164355494064 603.8657367677093 399.5951780315779 975.5260376094826 -45.77793909046579 598.7548339497333 387.54864674153595 832.4089056852994 7.971593839859534 602.2816525866061 402.27853597747867 843.2814836462334 -71.33162449504721 598.1193453729054 403.8971840434378 826.5729523287666 26.966137398537978 566.7548721849626 432.82515325198653 928.1081203699038 20.828493489722955 590.4545436159186 370.8979295083898 984.9621311676432 18.752224458710046 566.5277583620568 397.2132835581459 834.6566805604341 85.7202779433666 575.8495877262163 389.60435983304285 747.1428663997244 118.91545199098198 568.0800663161804 412.00203505097585 828.1207874560961 -16.189680702371433 592.3855230016251 395.5754914647157 965.4729930363 45.359143891680176 562.6625988088279 422.25441749528596 904.1914469334462 -12.856356143128204 603.9897285710987 386.87060578036073 982.2433208647469 35.06145126865433 596.075146251441 409.1742438651468 953.804384178918 -91.96232088815549 597.8765489585419 401.52014796770845 800.8116411340962 -71.22151833405694 603.017014280479 389.70681104796984 783.6701138887311 -55.303438678295926 597.7715429810788 421.39171958827734 817.6156407603804 -143.1938072035462 585.4148191042827 380.89062505510526 978.3179810708368 51.43323350461813 566.2597364659835 417.5775118294599 837.2348721333411 -27.07387763095836 602.1056914937219 417.92766314365184 806.7577255485484 97.52225328054162 558.0533988769629 394.3078179612399 809.7113702545927 78.70073138169664 562.8187609013457 388.5370623767936 965.9392776162196 2.9283665679532396 597.9813012558445 419.4638309699644 845.4838562537888 42.7930837698344 576.535974809619 378.39473089875514 748.2924692105295 71.93322452443248 564.3969595499992
1430.007825810686 0.8895084050382841 1.9890012602230296 2.490623534107228 1.7790168100767358 0.8895084050383543 3.6675371088475877 0.8895084050384559 7.1714460306966235 3.978002520445944 7.171446030696572 0.8895084050384419 1.7790168100767447 3.6675371088474824 7.171446030696652 0.8895084050382355 3.5580336201531795 0.8895084050384463 3.558033620153186 0.8895084050384668 3.5580336201531813 1.779016810076469 7.171446030696652 7.335074217695167 3.558033620153158 0.8895084050383889 3.558033620153148 0.8895084050383123 7.171446030696658 0.8895084050382032 3.558033620153202 0.889508405038168 3.558033620153146 0.889508405038228 3.5580336201531266 0.8895084050384549 3.6675371088474527 0.8895084050382589 3.558033620153201 0.8895084050382833 3.6675371088476014 0.0 3.5580336201531564 1.7790168100763728 3.5580336201531253 1.7790168100765733 3.6675371088475726 1.779016810076435 3.55803362015322 0.8895084050382579 3.5580336201532323 3.5580336201529663 3.6675371088475517 0.8895084050381566 3.5580336201531075 7.171446030696664 0.8895084050383217 7.1714460306965 1.7790168100767205 3.5580336201532643 3.558033620153108 3.558033620153203 0.8895084050383779 3.558033620153262 0.8895084050381966 3.55803362015301 0.8895084050384046 3.6675371088476525 1.7790168100767574 3.558033620153144 7.171446030696702 3.5580336201531377 7.171446030696565 1.7790168100764552 7.171446030696655 3.5580336201531435 0.8895084050381695 3.5580336201531466 3.978002520446158 3.558033620153039 0.8895084050381261 3.6675371088476023 0.8895084050384335 3.6675371088474265 0.8895084050381552 3.5580336201531066 3.978002520446056 3.6675371088474864 1.7790168100765336 3.558033620153052 1.7790168100767547 1.7790168100764294 1.7790168100767343 3.6675371088475273 0.8895084050381888 3.558033620153296 1.7790168100766786 3.6675371088474558 1.9890012602231526 7.171446030696624 0.0 3.558033620153323 0.8895084050383918 3.558033620153248 3.9780025204459832 2.490623534107243 0.4447542025191892 1.9890012602229987 0.889508405038315 3.558033620152978 3.5580336201531435 3.558033620153362 0.0 1.989001260223133 5.410668396552274 3.5580336201531555 0.8895084050381025 3.558033620153312 0.8895084050382428 3.5580336201532856 0.0 0.8895084050382508 7.1714460306965995 0.889508405038121 3.6675371088475583 0.88950840503827 3.5580336201531906 3.5580336201530014 1.989001260223036 0.889508405038321 3.6675371088475734 0.8895084050381761 3.6675371088475623 0.8895084050381835 3.5580336201531466 3.558033620153038 3.6675371088475623 1.7790168100766899 3.558033620153179 3.6675371088474438 7.171446030696648 391.1588013585266 866.2796029254753 21.055793278835228 591.5328672303805 406.77588144985566 908.3612206745256 -127.10262565336018 593.7982988500944 379.8616461202801 770.1554951186381 96.52100343273449 555.0035390886096 420.2008887463935 912.3523198938487 -13.789020881703008 595.4276647415691 382.8905034025391 810.0674349275482 -104.24943883667332 597.067306628648 413.18249906961336 834.7377462833779 115.741207372515 559.1269017229266 378.49897945740946 746.9757309513568 56.57635054552442 563.2108038072031 420.8914723890597 831.3715358365064 47.045000220842425 568.5373581323754 379.45963636922244 763.2162399429768 51.44668983399627 565.113379035583 387.5834715367156 976.3413429231553 -120.64547025074447 593.6207502240771 384.3899735428523 869.5729012867273 -85.48094762741789 595.8119598609751 434.1495432254119 892.9306736169445 -88.94547338102265 599.5853132859432 404.99151682136903 966.6726124727347 107.16852321265249 557.3874236675498 385.2621176318516 782.4723214320497 -73.33965305667412 600.1686473023219 409.6640659728434 847.9085689855041 31.458099340832003 563.4788878900662 421.6869112932291 917.1364887018707 15.11217919353621 599.4811346398751 389.5418237881728 835.5566247403012 37.10594070941217 587.1379125653112 405.9208541487323 855.639311502989 -135.6096109992639 589.2963904947325 391.1616563841445 764.9288239078352 -52.2077316163533 603.3811944980779 392.55436139892686 852.7567531847848 27.21352675899112 559.4905596034923 403.99699427935667 973.1276883803205 27.213806815986995 575.7439792488681 384.83692048361706 854.6940465861712 27.7105697077958 589.2502678229447 395.5263317643007 959.6701820510007 100.28057321768222 566.7719096066809 370.82822035603505 762.7477155252362 -43.56327567926214 600.7511109133567 383.21131624464795 748.7149747349162 -22.715098567261855 605.7416346151537 394.2574730951408 776.1584753529374 7.602461050241533 600.2554419688553 395.0620286751063 859.7497086413924 -112.56903770301253 595.4771454915075 369.6062187234605 987.8418170911344 24.395595662645484 563.1033058544267 386.8187319231279 831.3581033989967 -116.83806007225576 590.9759787966074 414.15710841943223 955.2167105009617 115.09152581502643 563.1465105523401 406.40502045349757 805.8190612907308 41.488065143679115 570.7988381613161 400.39381143818275 851.5520121106913 -59.080758891364994 598.2971780128835 394.159715826264 785.7009090929855 -33.16096888355835 604.9735949732325 429.5616847849408 944.3184194427059 68.00041378081441 577.0148801391058 427.52479104298914 896.4485067021865 47.18948074912177 560.8749249339781 422.75865967689714 902.0250177649966 65.97654451547957 558.9655774426351 389.8002832799997 797.4737548989726 -129.1526423193656 588.8275949415306 405.7006063826816 840.2056465068016 47.752725343469834 588.6775745301262 391.80967593037315 965.183774504575 15.990424130428261 561.0160626308451 421.91466899714266 823.6251752216192 53.4377926510333 574.0985077214326 408.86253042816173 952.7328551863923 -4.48892335233328 601.5205311728923 388.2346569845635 803.8488573794573 45.17763704381304 579.4997961788251 394.73192766273166 827.2268161863279 79.23975996180025 563.0558186474457 414.5914977007505 903.3091007212405 84.68826709278287 560.842890633999 432.9934512880911 918.9884909677289 -141.9248407141518 585.4140766719711 376.3258404923053 779.9754760099514 89.54454766864592 553.5790795596636 388.9725155121697 873.9669342813701 -65.3505918403119 599.719771090055 393.76137450236735 976.9752207930403 -53.75599973271957 596.0987807905078 380.941097165405 838.4470836682284 1.957203802724338 601.6143529082605 399.09454655001974 845.6298195006731 -77.78865240010357 595.6373097042456 402.2073532959321 827.6096596955218 18.208632752354927 565.1769651978171 426.34264738460695 930.6274948847707 14.444602768707037 587.7078241153106 362.27054203234235 988.4160508955799 12.34061868961752 568.215575002287 394.18736664306886 837.2166228066012 80.83069625092014 575.099870313159 386.6819048886539 752.2976601280121 113.13679771564522 566.732193695476 408.3204624649065 829.8544976172705 -22.603902277865522 592.7004549724508 387.8034507132161 969.9133027835659 39.1832184254172 560.8254849881462 417.3391149094748 907.545530737902 -16.248481788749114 601.7404964544835 380.7392829987764 982.994006482317 29.465087212929234 594.0737021845604 402.14355006489654 957.4492974966204 -96.27689563911802 597.8896923107585 397.8763960197064 804.2605531655864 -79.34041452998608 600.6372377177896 386.4568978128956 788.6696520760349 -66.16602710131232 592.9996494786361 417.01537262484123 821.633782931506 -149.31415599890033 582.642229320115 374.20837329235167 982.7959240463044 42.15086125524445 564.7572529441228 416.03687263469305 840.0827172640966 -34.906740011712934 600.4399473726897 414.7692176214449 810.5858939930005 90.15602838147068 557.0754030423365 391.0328618368151 812.0237515187519 70.60871809037073 562.8914927558636 382.28304393023944 968.9061661934928 -5.120617013145562 597.1144679753024 415.38656257770947 848.2933568689414 36.89522477268394 575.731811758929 374.75942453908044 755.3404310453071 63.99276870617725 563.7288361171716
1440.007825810686 0.8895084050382456 0.889508405038125 2.2237710125957197 3.6675371088474664 3.558033620153176 3.6675371088475694 0.8895084050382613 0.0 3.6675371088474717 1.7790168100767492 0.8895084050383064 0.8895084050381125 3.667537108847396 0.0 1.9890012602228968 0.8895084050381579 0.8895084050382517 1.989001260222998 0.8895084050381331 3.5580336201531435 2.223771012595719 0.0 1.779016810076588 0.8895084050383211 3.5580336201532186 0.8895084050382056 0.8895084050383459 3.558033620153104 0.889508405038255 3.9780025204460285 3.5580336201532723 0.8895084050382933 3.558033620153302 3.5580336201531164 0.8895084050381457 7.17144603069667 0.8895084050382661 0.8895084050382004 3.5580336201529956 7.171446030696696 3.667537108847679 0.8895084050382591 3.6675371088474957 0.8895084050384808 3.667537108847655 3.6675371088475672 0.0 3.558033620153127 3.558033620153029 0.8895084050383177 0.889508405038207 0.8895084050383493 3.558033620153234 3.5580336201532035 7.1714460306966945 0.88950840503837 1.7790168100766401 3.6675371088475317 3.558033620153123 7.116067240306261 3.558033620153175 3.55803362015315 1.7790168100765968 3.558033620153166 0.8895084050382311 0.8895084050381611 3.6675371088474673 0.8895084050383382 7.171446030696596 1.7790168100766668 0.8895084050383626 0.0 3.6675371088474935 7.171446030696615 0.8895084050381126 3.558033620153106 0.0 3.5580336201531915 3.558033620153085 0.8895084050381439 3.5580336201531733 3.558033620153159 0.0 3.558033620153161 0.8895084050382444 0.889508405038338 7.17144603069657 0.8895084050381511 3.5580336201531684 1.9890012602230642 1.77901681007664 3.6675371088475774 1.779016810076485 0.8895084050381531 3.5580336201532736 0.0 3.6675371088476125 3.5580336201531115 0.8895084050384541 3.6675371088475277 0.8895084050383799 0.0 3.558033620153179 3.5580336201532035 7.171446030696659 3.9780025204461174 3.5580336201531817 0.8895084050381546 3.9780025204462284 3.55803362015313 0.889508405038447 3.6675371088475957 3.558033620153156 1.779016810076449 7.171446030696692 0.8895084050381031 3.558033620153119 3.5580336201531453 0.8895084050382441 0.0 0.8895084050382768 0.8895084050381717 3.5580336201532132 3.9780025204461045 3.558033620153139 3.558033620153077 0.8895084050382494 3.5580336201531315 0.889508405038325 0.0 3.558033620153057 0.8895084050382092 3.558033620153024 3.5580336201532106 1.7790168100764414 1.779016810076642 3.558033620153239 3.5580336201531226 1.7790168100767108 3.5580336201531915 387.6546141108529 868.1754042212898 13.906471608029694 589.524422059272 400.9454857222281 907.7127544989114 -136.24825301598133 590.080004878198 375.23684771976076 776.5598353181068 91.63387790579947 554.2355054056209 414.7532959309948 914.7393495364156 -21.881371294414198 594.4611437911359 379.3378820590538 816.7120131371424 -108.77706985661175 595.066575978822 409.42896080123205 836.3281564655396 108.42083414185304 557.9250904749304 374.14957357135773 755.9596963797549 49.28529646507172 561.858431604133 415.14837923705437 836.0610263657986 42.00923218296248 568.4195163730593 375.83639043778476 766.664041510366 43.08413467585547 564.026840753626 381.12863770457625 978.8431388835294 -128.84543633778668 590.171418108886 379.5074699671762 874.640072787217 -93.83656930449656 592.7169668511063 425.6233980671888 899.9658532548375 -95.58312322084544 597.4974035763564 400.6539773228558 969.0907055734941 100.14525895504666 557.2056224307315 382.1655200894031 786.2996828584105 -78.78747983419721 597.8229509557195 403.9946315021413 850.1939482629533 23.24492652892965 561.7167795851356 417.21388079368774 919.2519069166899 12.21452691689771 598.7813705704303 380.87458604299104 842.1269128079782 31.49036988594833 585.1700592194177 403.0813153117356 856.7706942733429 -142.81248140989362 585.9863602481311 389.23083666084744 767.155378707968 -55.22679254450471 602.9203353706713 387.58850034145865 856.0071857913158 17.489005393349757 557.7080601174779 399.78017914809385 973.3344386395834 24.388814629597935 574.8119265912543 380.2131022106601 860.1231879050029 24.067192637345883 587.6493668486675 388.36524499909376 963.0326105647418 95.79590630270351 564.0734373246473 369.5062633434301 769.217627857703 -48.410586861349856 599.5450800199311 379.91461144894873 753.0719538990927 -27.399429084990093 604.1711339508266 392.5436756321083 779.8565877044546 3.5673570381058144 598.3301352391086 390.6107642248056 862.0206747445598 -116.78083432300305 592.7844001535256 361.04061260961436 990.4359921376118 17.80390528818818 563.239304304483 384.94043026493665 835.4922321938873 -124.254667473502 588.1641555337033 409.92370732798213 957.8700737462887 107.77087724291216 561.9415349557951 401.5004906451329 810.7239752503618 33.55652617221141 570.0331164635452 397.6991347007424 852.8839797657331 -67.55723314421726 595.5022409603441 394.77205940514824 787.6238743641237 -35.726042166543735 604.7291604832382 423.732666687872 948.2435377037076 63.22177418998984 575.7305358686393 418.3756525874763 902.3512025997944 39.25503193539847 560.1423001420646 415.5614328865226 907.4037946976696 61.95329691507474 558.8508049754416 387.3341517794985 802.0432869490805 -136.62134683014503 584.969346888421 404.69349208683815 842.1727298146565 45.050123887624636 587.2526947868347 388.47210021245894 967.4297993905398 7.132041858818847 559.9201388237118 417.8627620691967 826.4735722937211 46.63367857457329 572.8206288361504 404.0196187016745 956.4579378356359 -10.74374805386775 601.3344771667643 385.6479158480433 808.4014237634757 40.254102737317645 578.8509576217216 391.91552710793496 828.4048675531557 73.44168052279412 561.8076505826463 407.9108712856535 907.5626280168069 80.44016025390704 559.4360500086075 427.5415718870393 921.3701360108871 -149.3445520960649 583.5780354783103 375.5150252236806 784.5924952260544 78.59613817597439 552.7886824760585 383.572790352154 876.6099161408945 -70.38264886102083 598.9217270440531 387.82477011219754 978.1815947130145 -59.60522144328052 594.7144964872095 374.5735249972513 844.8313828659952 -3.9538364681534617 600.5330690918067 393.2391498386293 850.1838584721413 -86.99606055641182 593.2693755994081 398.7507676515701 829.5946187239518 8.917123770604784 563.7381793081246 422.2578239489199 935.8666789757921 7.086032959175318 584.7648466846002 352.63748556030345 991.2793324566455 3.5834300261075778 566.635950352299 389.67680521971994 841.0980297435253 75.03039986923591 573.8616840107798 384.9550846718591 753.5161220486158 106.30447781598178 565.6174215529929 405.1643491466259 832.2290418134479 -31.047002194929657 592.5451314798155 383.3605452606184 972.0913135659135 30.659983306501154 560.4786029671749 409.15437748188134 913.1718579679931 -20.304275724275065 601.2546170010464 373.8934764031853 984.5836015653628 25.80629376412683 592.4991899789885 396.9016013159534 960.2660345329685 -101.79389883311174 598.1637016920816 394.64934364198245 806.6277454486055 -87.60421091193832 597.3399646681601 382.6850367288561 793.2818807653179 -71.41656414213253 590.2078499575024 412.044125790933 826.5067152705342 -154.62261089412277 580.6329747157944 367.1352069117399 986.3640292327636 34.752582137109655 563.8880552829365 410.9840105030499 843.2331091011405 -39.12854668397269 600.321190903029 411.8064278801626 813.185340947756 85.26977926185417 556.3036712504494 389.49277081434064 813.261064556018 65.13869554381826 562.4649860242359 375.60165186045003 973.3875788135891 -9.18664534348829 596.6779067909657 412.051672606142 850.4328775099494 32.029841285848704 574.8411178436586 373.919477856735 762.0506238447936 56.91829045053455 563.7001748756837
1450.007825810686 0.8895084050384036 3.558033620153212 3.6675371088474837 3.5580336201532137 0.8895084050381363 3.9780025204461293 3.558033620153164 0.0 0.4447542025192119 3.5580336201532052 3.558033620153041 0.8895084050382189 0.0 3.5580336201531297 3.558033620153301 1.9890012602230476 0.0 3.5580336201531444 3.5580336201530143 0.8895084050383869 3.799981572069299 3.6675371088475597 7.116067240306289 3.5580336201531617 3.5580336201531377 3.667537108847583 0.8895084050383685 3.5580336201531435 3.5580336201531386 0.8895084050384834 0.8895084050381344 3.5580336201532257 3.5580336201533305 0.8895084050383626 0.889508405038368 3.6675371088476276 3.5580336201532283 3.9780025204460823 0.8895084050384768 3.6675371088475672 3.9780025204458953 0.8895084050380921 0.8895084050381867 3.558033620153173 7.171446030696513 0.8895084050382874 1.779016810076594 3.6675371088475552 3.558033620153112 0.8895084050381274 0.8895084050383668 3.5580336201532226 3.5580336201532803 0.8895084050384249 1.779016810076492 3.558033620153121 3.6675371088474384 7.171446030696524 0.8895084050381753 0.8895084050384628 3.5580336201530485 3.5580336201531377 0.8895084050384845 3.55803362015315 3.5580336201530898 0.8895084050381417 1.7790168100765293 3.558033620153153 7.171446030696641 0.0 0.8895084050382822 7.17144603069662 3.5580336201530813 1.7790168100766082 0.8895084050383485 3.5580336201531533 3.558033620153129 1.7790168100766 0.8895084050383218 3.558033620153137 3.6675371088475526 0.8895084050382929 0.0 3.558033620153168 7.171446030696575 0.889508405038278 3.5580336201532297 7.171446030696665 0.8895084050381644 7.171446030696595 3.9780025204461165 0.0 0.0 3.5580336201531724 3.5580336201531266 0.889508405038377 0.0 3.5580336201531266 3.558033620153268 0.0 0.889508405038211 3.6675371088475672 3.5580336201531932 0.8895084050383644 0.6226558835266697 3.6675371088475566 3.558033620153023 0.8895084050381826 1.7790168100766892 0.88950840503826 3.5580336201530076 1.7790168100765742 0.889508405038122 7.1714460306966235 3.6675371088474833 0.88950840503833 0.8895084050383986 3.558033620153188 7.171446030696683 0.8895084050382316 0.8895084050383845 3.5580336201531417 3.6675371088475504 1.7790168100764017 0.8895084050382133 2.490623534107221 3.5580336201532656 0.8895084050381136 0.8895084050383426 3.6675371088475757 3.558033620153303 0.0 0.8895084050382472 3.5580336201531724 3.6675371088475015 3.978002520446063 0.8895084050382913 7.171446030696623 1.779016810076379 0.8895084050380975 382.8293995213308 871.6225575324117 10.340796614482851 587.7546297425192 395.9952193452147 909.0967810137136 -143.59557891819844 587.0522628710149 372.32919799359814 779.1867224053374 84.92610417516433 552.5298339759543 410.0283302271543 918.4671831764772 -28.844401948840783 593.2178682271049 377.31866487777467 820.6448833355286 -117.43129387134012 592.5709556234923 402.8932203412462 840.7895327530708 98.69364518765038 556.1462094975318 370.4421068428024 761.2509826097378 41.138772933809804 562.0282477608515 413.55609273783307 837.2276974450143 31.563423671188655 567.5189897477202 375.1136056953087 770.0418049551748 34.93620072165914 564.195485877736 373.66653844941266 981.5036504069125 -137.01475734170072 586.5924161069206 372.9734778400969 880.7959894140604 -102.3021447797765 591.0388967018432 413.49327655526344 906.6236025968309 -100.18153433774731 595.681640831657 395.2063770492263 971.4334320662405 91.34083178928232 555.8299045971985 378.59701561400294 788.2841229330498 -84.40938203646974 595.8777630382006 398.7762869977726 853.9399141731557 20.1910611236529 561.8176670765066 410.23008546876673 922.9580036627674 7.468122663341121 597.3699563927803 375.85480039615675 847.8480405919955 28.560316805630492 584.6261938298444 398.40597122944183 860.4269487499669 -150.65856866533065 582.7894981279658 384.769373023487 772.4532665107932 -59.671938701165445 600.7413723351829 384.6595932482301 858.7082145891382 11.126833380175817 559.1481184943428 392.4181234837052 976.2289910249232 18.634121555800647 573.3791229998469 377.85809990468834 863.6276056037951 16.67099957739735 584.8148769224315 383.2081955709402 966.052740432815 90.15116182644988 562.1072480819577 367.236176795992 775.2671946471584 -56.261209659142466 597.7925750493772 376.35185192021277 757.8060994955531 -33.41843099229992 600.6264353658275 390.8547995459653 780.9580647323249 -2.1629063666668302 596.7370127551744 388.3420236923641 863.9455554259425 -124.19165790756504 589.9637620035376 354.5838757982835 992.9331586730615 12.612812097584431 563.9161719990758 380.9111146513708 841.7392550207873 -132.0466694910652 584.9989206976217 403.4742124348275 960.3846171708169 102.06456011868491 560.2528116153616 398.69831358965956 813.5414433349202 26.650316108263898 569.1891829899455 392.622486086031 856.8281007158561 -73.90151822435975 592.7395596918575 390.95271096848717 790.795700617896 -39.18296931565543 602.7508480337549 418.4660199795139 953.489502984691 58.45373759497307 574.4021246105453 407.5003509597688 907.185819848751 34.27208705512647 559.7802828361042 410.08786168684446 911.8108175768722 53.057267285148235 557.8620305019173 384.42264751520537 804.717453982639 -144.19069857989746 582.3255712697248 400.1774450487023 846.0505811303501 40.312417822252776 585.829066067419 383.41244477048326 970.6765662873738 1.0746642743875234 559.9150758499468 413.1134438491074 830.0219668409777 40.85906498424632 571.4706725365385 396.8565398932503 959.8138548366969 -15.7036046711387 599.1069543251257 384.0541167891924 811.1756370875402 33.71282600721037 576.4795654727739 388.0617449957618 831.5064387060087 69.68930267691955 560.4691490982583 401.9769970276037 911.1283029924873 72.71539535827132 557.7428341238502 422.3006009795001 924.1452184382732 -158.81104301758378 579.2623633226942 372.39077832304525 788.4095264460403 71.25717506128687 553.9571669807087 379.9250962795003 878.3048880371888 -74.2030991956181 597.7901669097338 381.3687384090174 980.6808366909933 -66.0913432538359 593.5310070323145 368.7155021636731 850.2327426610399 -8.559338377886144 598.7288555914139 389.367604846654 853.2642078162204 -91.51477562081422 591.2666341733304 393.0214523654742 833.4778936594817 5.002657404790756 563.149170445258 416.2124269979844 939.2677010712168 2.317772198721468 583.453447008035 347.7608197156398 993.4490633509658 -1.9679838648922632 564.2123886339153 383.255226395977 845.7099037616622 71.06505933668194 573.4931839132188 382.9065886639454 758.1936265847489 101.61894384110713 563.8890160597495 401.6068486422159 835.743651537764 -37.37570118699726 592.3060422979809 378.2997662686056 975.3366739103103 21.75265447573315 557.2616156205904 399.85809342578636 916.8490604335076 -25.614392637751816 598.5671155499107 369.44835515465365 986.756729539356 18.24076548194346 590.1901937035212 390.126719072809 964.5256475078946 -109.58708067935224 596.1776241482398 391.61406169658903 809.1758565912105 -92.32055702935769 595.778482248404 377.188183803791 800.5874771627256 -80.16064279689452 587.9925019884162 406.99427025633133 829.6599744195515 -164.2287046509988 575.4043940697716 359.93234820481774 988.3744677256378 27.252182435146622 561.1999461625744 409.0975939089559 843.9936175479505 -48.25865467005512 597.7973284172059 408.409500550504 815.2471186234529 78.88874164452783 555.4164771548806 383.81922774936095 817.228497275724 60.37173593840809 561.1415860803565 369.01529137963865 978.0917126289553 -17.727966458254205 594.0914273731744 406.8089977035865 853.3010945590393 25.365417029119264 572.969251579734 371.0284540991379 768.0930965962395 52.955012051104816 563.3145666815049
1460.007825810686 0.8895084050381818 0.8895084050382115 3.6675371088474504 3.558033620153116 3.55803362015308 0.0 3.558033620153171 0.0 1.7790168100766681 1.9890012602228637 0.889508405038333 3.5580336201532017 3.5580336201531506 3.5580336201531253 3.5580336201531226 0.8895084050384698 3.5580336201531586 0.8895084050384894 0.8895084050383876 7.171446030696564 0.44475420251912 3.6675371088475743 7.116067240306294 7.171446030696682 3.558033620153149 3.558033620153194 3.558033620153199 0.8895084050383257 0.8895084050384192 3.9780025204461062 3.5580336201531853 3.55803362015316 3.5580336201531755 3.5580336201532132 3.558033620153166 0.8895084050381691 0.8895084050381851 0.0 0.8895084050381405 3.6675371088475663 3.55803362015303 3.5580336201531915 3.558033620153148 0.8895084050382157 3.9780025204459806 0.8895084050382186 7.171446030696536 3.6675371088475437 0.8895084050383667 3.558033620153112 0.8895084050383789 0.8895084050384671 0.8895084050383663 3.9780025204460454 3.6675371088475193 3.558033620153156 0.8895084050384134 0.0 0.8895084050381549 3.5580336201531244 3.558033620153011 3.5580336201531932 3.558033620153152 0.8895084050384434 0.8895084050383303 0.889508405038398 0.8895084050381841 3.6675371088476396 3.55803362015306 3.5580336201531484 3.5580336201530907 3.6675371088475783 0.8895084050384818 3.9780025204458913 0.88950840503827 3.558033620153178 3.5580336201531275 7.171446030696583 1.9890012602231322 0.8895084050381591 0.0 0.8895084050384409 0.8895084050384058 3.5580336201531764 3.558033620153008 3.558033620153182 7.171446030696565 0.8895084050384366 3.558033620153292 3.6675371088476516 7.171446030696527 3.6675371088475575 1.779016810076578 0.8895084050384738 0.8895084050382112 7.1714460306965995 3.6675371088476343 3.6675371088475552 3.558033620153205 1.7790168100763972 0.8895084050383789 3.5580336201531977 1.7790168100764217 3.5580336201531186 7.171446030696717 7.171446030696655 3.5580336201531586 0.8895084050384764 7.116067240306173 1.7790168100765766 0.8895084050382707 3.6675371088475495 1.9890012602230247 3.6675371088475592 7.171446030696652 0.8895084050381679 0.0 0.889508405038434 0.8895084050383 3.5580336201531835 3.55803362015318 3.5580336201531044 1.7790168100766393 0.0 0.8895084050382093 0.6226558835268916 0.8895084050381151 3.5580336201531426 3.558033620153116 3.667537108847591 3.558033620153232 1.7790168100764019 0.0 0.8895084050381612 1.779016810076774 3.6675371088475464 3.5580336201530067 3.5580336201531644 0.0 0.8895084050381433 380.5604402323226 873.5472021765905 3.2354267593858164 587.1407626570713 388.9514163923198 914.6675648934242 -151.4579923305895 583.863808058463 369.87211786496283 782.3697566913613 77.42418080937965 549.840904130361 404.74820041087685 921.1770599173599 -37.61203277206455 591.1001587559863 375.4129272842407 826.4432704820439 -122.77976326993843 591.073618953626 397.93545370006956 844.0524661124045 90.05847250513132 554.0010400204472 365.84754290683907 766.4686529892715 37.06425965337145 562.0914739235244 407.8058016056679 841.0804367968208 24.769891930362327 566.1944806245435 370.4011466080085 773.6945175784928 29.214305116825447 562.6175577905908 369.39883877185883 984.1100089878748 -145.0925134832167 582.8114261029015 367.04259918957035 886.0959060561765 -112.02587747001205 588.3762700681269 406.1164940858518 909.6275206178108 -104.60263560568207 593.4773093347492 390.56591547638857 973.1517515411952 82.70889426266062 553.6662216528811 374.3723098105791 792.4788035879608 -88.5827444000135 593.1289200869685 395.8489735639796 856.6425702415164 9.894348638114241 560.3304818053689 404.2740362203555 926.4880769518929 2.228912739001287 594.4180024799983 368.76158886451014 853.2211378677245 23.59899475961912 584.0287923986035 391.40028667941675 864.2234059459109 -156.95875119277835 579.8218306203936 380.5085058241191 776.5632466408533 -65.99533516865176 597.9450060977849 379.17430456199696 862.9316167390914 2.7534018256702057 558.1414956187557 387.7770006695792 977.945968763557 11.082319272401447 570.9763161074699 371.99910137891595 869.028115486337 13.617319948451728 584.6473444745149 375.93871462699667 969.1517724509415 86.77109874744878 559.0807111214009 363.1070891512192 782.4870721212393 -62.68817206797915 595.2219161518192 372.38163636914294 762.2119690727711 -40.07552967989952 598.598321046948 387.27932059345045 782.8940908670204 -6.680818728584941 594.7256920538148 384.7522018681542 867.4216183190533 -130.1202978330963 588.4253415141364 347.72608180262876 994.4527847736912 5.7922269870805545 562.7318562699036 378.9318385360397 844.0678725985907 -137.69785139350114 582.9541108092731 400.19758504340734 961.5222461565577 95.88942913909925 558.4170659098259 393.963457215075 817.1035972444779 16.0073097148993 566.9545185275981 385.9040852172475 861.0265612327854 -80.49098462867376 590.5347285182895 386.97968196879805 793.7517276340346 -45.02047339036466 601.3074182436836 414.5424806758178 954.3769910892933 55.565704171611934 573.7336980316658 400.3719543329031 910.6380581355866 26.398819773907736 558.7380184553285 406.1462757253892 914.8822688588689 45.982477478244334 557.749756616618 384.7225801298705 805.1101940105943 -151.110576593021 578.4849379448624 394.41389502547054 849.8847794349953 33.53944266298854 584.388335272258 377.34269538953384 974.0693510243154 -10.711214440525621 558.3329254381688 407.91951995390724 833.8039531908705 35.09012167963948 570.0949352137811 391.0498762097529 962.5730225060752 -20.26903245457019 597.2121551047597 381.4573423872796 814.3212343117724 27.00019496997797 574.8048148881132 384.2732651203381 833.0104782878353 61.81549366539162 559.4438689262333 394.88137517966214 916.6348059105551 65.91075374155028 556.4590788276083 415.21086198042764 927.6526694034042 -165.76335086562418 575.4761048828938 367.55936585073005 793.4488945254701 63.65463260296679 551.7244988547742 374.2381063198275 880.545771242447 -78.21765170048832 597.0525187124117 378.5519657829664 981.6183696678302 -73.30610370582427 592.7126617776534 362.42570569732874 855.030219757015 -13.219595604025805 597.071107366308 381.70166167919274 857.8364585438792 -98.96734328567895 588.5148943251216 388.2095532652137 836.9436419494649 -1.5346129705915634 562.9973148573503 409.206890277422 945.3933106573198 -3.339069661077126 581.6726459166473 340.06193812864336 994.6065051209416 -8.689182549438996 562.5538410114891 376.73993925110017 851.8904204498928 65.97300215742374 573.6073495136231 377.0726096803256 766.2631366261608 95.87511735272447 562.3970394779507 397.45345760945185 838.4331737654903 -45.61352141123361 591.427471956555 372.1295537064633 978.4973737545661 11.834272776245584 556.3476488770572 392.81428427074474 922.4198372972972 -29.880075837975678 595.9727033503782 363.77785480548346 988.576957356325 10.55739845289511 588.2545696236667 383.66944222075966 967.0209605309066 -112.5472602655144 595.4710872299703 387.8388636911426 812.3736333914395 -97.56326455165119 592.9965164270417 375.163284569532 806.1200990926774 -86.74138859480767 585.7615438534236 402.8499359767308 832.3642357467029 -168.5070849559559 570.897210901026 354.7959802407851 990.1157044374066 18.519965441912834 559.4884530626989 404.86065173273795 848.2579071798781 -53.676606403542 597.8509666357875 405.8425615466977 818.4049781075161 74.0128876566363 554.5771733309554 382.1424786751481 819.9695640064733 55.27791499274268 561.2431442258521 365.8421237553052 980.7666914800159 -24.68757859200982 592.7969503608712 402.50538739118366 855.7787349260828 18.531733366242047 571.7842584034682 364.325451694198 775.4017305966332 47.97332096625217 562.9248260673596
1470.007825810686 3.5580336201531733 3.5580336201531857 3.5580336201532634 3.558033620153084 0.0 3.6675371088475877 0.889508405038375 7.171446030696722 3.6675371088475117 3.6675371088475925 3.558033620153224 3.5580336201531786 0.0 0.8895084050381146 0.8895084050382468 0.8895084050382056 0.8895084050382291 0.8895084050384512 0.8895084050381339 3.558033620153186 0.6226558835268478 3.6675371088476014 1.7790168100766999 3.558033620153172 3.558033620153227 0.8895084050382207 3.558033620153119 0.8895084050384561 0.8895084050382853 0.8895084050381645 0.8895084050384321 0.0 0.8895084050383338 0.8895084050383392 0.8895084050381861 3.5580336201531653 3.558033620153086 3.5580336201532434 7.171446030696691 1.779016810076526 0.8895084050383999 0.8895084050381458 3.97800252044621 3.558033620153102 3.6675371088474935 3.5580336201531577 7.1714460306965195 3.6675371088475854 3.5580336201531493 3.5580336201531235 0.8895084050383735 0.8895084050382215 0.8895084050382974 0.889508405038245 3.6675371088476036 3.558033620153157 3.6675371088474975 3.6675371088475592 3.5580336201531075 1.9890012602229787 0.8895084050382006 0.8895084050382418 0.8895084050382378 0.8895084050383519 0.8895084050383412 0.8895084050384461 0.8895084050381913 7.171446030696654 3.558033620153144 3.9780025204460605 3.5580336201531493 7.171446030696602 3.558033620153183 1.7790168100766481 0.8895084050382862 3.558033620153176 3.558033620153122 7.171446030696576 3.5580336201532075 3.5580336201531977 3.6675371088474953 3.5580336201531106 3.667537108847711 0.8895084050384559 0.889508405038207 0.8895084050383933 0.8895084050382777 3.5580336201532 0.8895084050381845 3.5580336201531555 0.8895084050381354 3.5580336201531932 3.6675371088476005 3.5580336201531253 3.6675371088475086 1.989001260223054 3.799981572069178 3.6675371088475486 3.5580336201530827 1.7790168100765744 0.8895084050381161 0.8895084050383598 1.7790168100765644 3.558033620153216 0.8895084050383159 3.6675371088475672 3.5580336201532576 0.8895084050381986 7.116067240306304 1.7790168100765946 0.889508405038273 0.0 0.0 3.978002520446083 0.44475420251905257 3.5580336201531644 3.6675371088474673 3.558033620153143 3.6675371088476694 3.5580336201531946 3.5580336201532035 0.8895084050382207 7.171446030696648 0.0 0.8895084050383923 2.490623534107221 3.9780025204460645 0.8895084050384209 0.8895084050382924 1.7790168100764019 0.8895084050383271 3.558033620153192 0.8895084050382077 3.5580336201531457 3.6675371088475934 1.779016810076581 0.8895084050383744 0.8895084050382117 0.0 1.989001260223038 375.09375258886547 877.7949317458374 -3.351483275818836 585.0192073834994 385.0660024844057 917.8097857044318 -156.35876469761456 580.5177397176607 366.02207277874317 783.9037651979304 67.79093740296922 547.6279254823933 401.5629434804066 923.5703991359328 -45.32613378239816 589.0122121305224 372.02749696489855 831.9031783759176 -126.67949510215735 589.9254305963195 394.31939466308046 846.6415561318634 84.38400813582467 552.2089930076091 360.26232879705157 770.5858808817408 30.273083494274495 560.7485545300989 402.040871188178 844.9123136885092 19.7857460043759 565.8035897826866 366.46062733923816 778.2463014580433 22.41760746703632 561.3027742611689 364.85558099109284 986.1016081204958 -148.45255924109583 580.7381932917107 362.9280074052463 892.1721828878349 -118.63764064850488 588.0231875196728 402.8059733590044 909.7993761506193 -109.65442401334315 592.4015196366593 387.92243587368955 974.4976405954949 76.01857305898838 551.885262505783 370.8617686444466 795.2083595813574 -95.42001253322427 589.1352764949163 389.7907497459192 860.0649513557235 2.805325626492318 558.0400775824781 401.0365011073129 928.8094510008126 -3.2500461428115455 592.1362466475601 364.2289648360548 857.0758078643044 19.525270379926518 583.9675923075234 386.8653744917466 868.076417315074 -163.5162275367967 575.3953168810617 376.5583510880147 779.5518145789941 -73.7780411762291 595.9368891096243 372.7468459920761 867.5389871800751 -5.896754936807935 556.0543712705935 384.03906390774677 979.216645947851 6.2259096034161 570.0262403334925 367.76211573614177 873.2901340349773 8.221464433590333 581.9978608068769 367.49100471885254 974.6408624897248 77.2949683605872 556.1691259590629 358.2510878303813 789.1104083242564 -69.57097421935238 593.6271383887828 366.8571467139226 766.4050377312504 -45.099431557527495 595.2951498341902 384.888957319581 786.1954047807933 -9.165873509238397 592.9472764269387 378.69731425030636 870.8513385189607 -135.85462877953844 586.4613465370013 340.53576462935564 994.6672858917603 -1.1207362725104872 561.9411211888812 374.9712517866481 848.7232558813034 -142.87971913569862 580.0662773765952 396.7438820697425 963.4996945061396 85.71047009307689 556.3883779573403 390.4108572181483 820.6172888768958 9.096403530349914 566.1527612309746 380.7105817705218 865.6569464589975 -87.2406587784844 587.4849376846227 382.92258700246873 796.5803944096835 -51.02586011295688 597.7982150550073 409.90360958199784 956.098516395688 50.75350444908633 572.6102855442786 395.22360103892765 913.580388004022 18.801123686838345 556.4946478428878 401.48644015018334 916.6876607624297 38.795826816706416 558.0996627560066 379.0285472342316 809.0469838093535 -156.52730389727873 575.9610416220874 391.4862810856958 852.5871800878308 27.023072982616537 581.9490020088571 373.3845130053622 976.1536576892273 -21.453799339248548 556.5903856884532 402.5934699069772 838.2471100787677 30.341290630236443 568.703737259221 387.2521284008874 966.289304906871 -28.92019539838415 594.817341178588 374.1667679542629 821.1116320433301 23.044363115646288 574.3291103965599 381.3466879520492 835.7142488814013 59.8896216835866 558.996446807836 390.7384553358051 919.339964647176 60.83743643003108 554.2689841740194 411.4917458190505 929.0795699533487 -170.50399186810972 571.8795943828179 364.8523878241209 796.4258264301976 55.78602128295975 550.6587740730491 369.00423945128773 886.7869966611117 -83.54974731588692 594.4555120504075 373.04033679751245 983.7732064728027 -80.9869858811959 589.3039415848742 356.6374813175678 862.2216537879307 -19.353022471329822 596.3298248689448 378.48727732665367 860.1382492215056 -104.79988768254753 586.8172818290674 386.8059179268209 840.0762708187609 -8.349627702694486 561.7738379210288 407.26752886592845 948.3855490470424 -7.9913767822580715 579.984659476206 332.7606490496902 996.0853000219261 -16.27658782619331 560.2092083465645 373.15337357505183 855.3698438402896 58.32490103065716 571.5870774236121 372.2395506695065 771.2425556807498 85.26436404052006 560.034419194835 394.24074108644623 840.7365937931982 -52.039818567030665 591.2410046503877 366.4985198454817 980.3953667698756 5.178461344732261 554.3957011622948 389.20308498918223 927.9800706953898 -37.51470186536954 593.6895827994477 354.97884398777126 990.3274142017539 7.967047496441277 586.6419102984245 378.5563457121548 970.1950593405057 -118.94231996079711 592.7279647629094 382.1034080062983 816.2524078735039 -102.5095428657774 591.7894049383493 371.6059023480078 809.6307746827462 -94.01641522431146 582.6250337838123 398.6923598493472 835.046796367863 -174.3337188396562 566.4302459872072 347.856351724859 991.1182201721327 11.606315118775727 558.7036062255916 400.04026573623014 851.7123039099762 -58.30975677618103 598.4613691387794 402.3591596490914 820.3433996310017 68.12387729015731 553.7266909426978 378.3362556378175 824.8346877595102 50.296968233606 560.8410221128624 358.4809833283969 983.7486533431909 -32.337784753022845 590.5554163117595 398.9177830229239 859.2569444971676 13.556297424659647 571.3218249214033 359.8785321158791 779.3347666818738 42.511570502115696 562.4072691646568
1480.007825810686 3.5580336201531577 0.8895084050382626 3.6675371088474584 1.7790168100767119 0.889508405038328 7.171446030696623 3.558033620153244 7.171446030696537 3.5580336201532785 3.558033620153112 0.8895084050384501 0.889508405038248 0.0 3.55803362015317 3.5580336201531537 3.558033620153194 0.8895084050383857 0.8895084050382125 3.978002520446147 0.0 3.799981572069162 3.6675371088476045 0.889508405038185 0.8895084050383758 0.8895084050381283 7.171446030696647 3.558033620153095 3.558033620153076 3.558033620153257 0.8895084050382873 0.8895084050382887 0.8895084050381091 0.0 3.5580336201531724 3.5580336201531377 3.5580336201531537 3.558033620153013 0.8895084050382318 0.8895084050382436 0.0 0.8895084050381804 3.55803362015318 3.558033620153207 7.171446030696561 3.6675371088476765 0.889508405038208 0.0 1.779016810076603 1.7790168100766837 3.558033620153117 0.8895084050383929 3.5580336201531573 3.558033620153128 0.8895084050382381 3.6675371088474917 0.8895084050383198 0.8895084050384948 1.77901681007664 3.6675371088476934 0.8895084050382474 3.558033620153164 0.8895084050381743 0.8895084050382509 0.8895084050384404 0.8895084050382988 3.5580336201531573 3.667537108847738 3.558033620153134 3.6675371088475455 0.0 0.8895084050381501 0.0 0.8895084050383102 3.5580336201531066 3.558033620153248 3.558033620153172 7.1714460306967975 2.223771012595898 1.7790168100765638 0.8895084050381526 0.0 3.55803362015313 3.6675371088475015 3.558033620153181 3.558033620152988 0.8895084050381973 3.5580336201531204 7.171446030696648 0.8895084050383272 3.6675371088474584 3.558033620153092 3.6675371088475583 0.0 3.558033620153074 1.9890012602230212 3.6675371088475806 3.6675371088474487 0.8895084050383629 0.889508405038466 0.0 0.8895084050380967 3.6675371088475752 3.6675371088475157 3.5580336201532248 7.171446030696717 3.9780025204459584 0.8895084050384625 0.8895084050382123 3.558033620153259 3.5580336201530782 3.5580336201530147 7.171446030696606 1.9890012602229747 3.558033620153196 0.0 0.8895084050381279 3.978002520446136 3.5580336201531186 3.55803362015322 3.558033620153196 3.5580336201530964 3.5580336201532394 1.779016810076534 1.7790168100765438 0.88950840503821 2.490623534107212 3.5580336201532177 1.9890012602230362 3.558033620153213 0.0 0.8895084050384837 0.8895084050384798 0.8895084050382348 3.558033620153206 3.6675371088475197 3.6675371088475415 3.558033620153131 0.8895084050384366 1.7790168100766688 0.889508405038254 369.014363939019 882.8770998143374 -5.030441563684977 583.8847942129499 378.8743710822258 922.8799477311171 -161.45435570652896 578.4031615959324 362.2547054005774 787.1119821341744 61.22260623550871 545.3342184011757 395.4375500769548 926.796407473575 -52.31264901248266 587.6227595568386 370.915532893359 835.4399742421732 -131.39558621917635 588.1618742502841 389.50033350016804 850.0971601707805 74.97385629025831 549.0243704596157 356.8169609364215 775.807968490943 24.503051831844466 559.3806233124008 399.11620309826236 847.6177252039007 15.938525501448282 564.8951086446243 363.51212373492007 779.2849101552426 16.75190215088971 559.4805948267359 359.23253487955577 986.4076622008578 -154.25666036678012 578.8232469246493 357.0394743571301 896.0227244630826 -127.14267192302708 584.891069053651 395.38048149657544 913.7342251745152 -114.76554534851185 589.3898118675278 383.7632369244037 976.0769074478611 67.40995421679831 549.6314254399368 366.46239031613794 797.5783506741876 -100.83255113101823 586.6800924908498 385.2690854091702 863.9334605028256 -8.998262396218887 556.5156101239015 399.7706671947781 930.6201093515297 -8.62260946034804 589.5802427922829 359.208552585917 861.9413312768498 13.7986041189929 582.4331447303285 383.6621765755739 870.3944252848062 -171.1855840964797 569.9923666438566 370.6584059312861 783.24583140098 -78.82976241482162 592.8271950256017 367.00151354898696 871.4038850229459 -15.416652731379877 553.2955277818609 378.30135969983286 980.807206984614 0.4743096527517062 568.585098994224 361.9648742910764 878.7556991024412 1.5412183326939894 580.1926093006557 360.05409637318 978.7910069135343 70.61091543075783 554.3667540910096 355.48523074700375 793.6587963533261 -70.46474403684776 595.3900890907067 362.99435404792064 771.0910637468917 -48.46475431124907 593.1711773325392 383.3268959105115 790.5878537763053 -15.042787633214763 591.6773412813424 374.4755156454981 875.1306339591713 -140.44319782067424 584.4665880752469 332.6175105973471 995.8278939451717 -4.434877476677111 560.9174291884979 371.167616588918 853.5933221172879 -147.83955093213837 578.6486644142803 392.58468004788887 966.4365977111272 77.3160618534698 553.1947697671211 385.6003606850428 824.0856867474546 4.3863350310811 564.5808781905725 377.50639172004765 867.9738108831463 -95.41931319730118 583.9027677298257 380.64022671385567 800.1353592415434 -56.04074587235057 595.6791699262384 405.06501302980206 959.9455022392093 43.0004571184841 571.0389740457973 388.2454711085451 917.3013588922565 9.966668787366629 555.2242316148555 399.15236823131755 918.5813113375766 34.66483439779224 558.3981146439689 373.5850664603272 813.3241877599386 -164.7468494379335 572.2668549103653 387.24763556021253 856.8500028125317 23.07464297532705 581.4185858168371 366.4634628599692 978.8347673303841 -28.352085249663453 555.7783124483155 397.63055644917216 841.5019555390793 26.615980436154832 567.2955427939039 382.5200640500831 970.5199893518195 -33.77205429759442 592.3614319154816 368.09144275049306 827.9026782152688 19.868896282625055 574.7930218169212 378.4217964488855 838.4197714086085 55.02182598301746 558.1112963805506 385.6249901873189 922.3428686897118 54.04404268483599 552.9331794585001 405.4944165083839 932.5363047897642 -178.07483286730277 567.2461851962379 357.9147434525594 800.347599384953 46.842755825773686 549.8309961902359 364.240930832826 890.3250002105713 -87.03612438405564 592.5970914167815 366.6294302993307 984.9495795682479 -88.56926621689237 586.697117118083 351.84442129955505 869.0738627625823 -23.16235029453137 595.1736044330111 371.78785885088894 864.3689646036762 -112.25956560616046 583.9014630776487 382.0700091875581 841.9516278928368 -15.833707651513876 558.9393527563187 403.1797988028505 951.4311208379115 -12.78303679141288 578.748087577711 323.99079840151745 996.8280272718839 -22.159912417351098 556.9589046678 366.59721924694765 859.7991200333067 52.550923981596625 570.2378074372447 368.48535628320604 773.6632458577719 80.88938526528531 557.0026760216541 388.76171000132206 844.9680962081458 -59.22742162904182 590.220205659922 361.9931746002862 982.4667120986853 -2.863387444504517 554.1723426887144 385.4814969901481 929.4499323794856 -40.42096054157488 592.9007201196301 349.1678325569217 991.6545263199646 3.325947368082959 584.9275877286184 373.67032010912783 974.0882999973434 -123.71865755883988 590.1233133524851 375.6895233073247 820.8764109604031 -107.0482622691502 589.7735460063037 366.36101766367165 815.8711400907961 -103.2704931142483 578.883751711071 394.53219543836957 837.7251751741981 -179.17222349822742 561.8442316310795 341.0336145812166 992.4817996740111 2.2810181012666755 557.3827745120708 396.16890718627104 854.7942664905974 -63.39766355765822 597.6218397299955 397.6302754989337 822.2333463252459 62.18055426129762 553.1020216393382 374.8369989692862 826.7390493259094 46.448302089459524 559.9365989932071 351.34575263167847 987.3644692361976 -38.638134696248535 587.6798229166716 395.4191894763244 861.1615861234719 9.846720477042057 569.876099202772 356.0621855314777 784.1142863593366 39.28479469608123 563.1718928394522
1490.007825810686 0.889508405038201 3.558033620153212 2.2237710125958 3.6675371088476996 3.558033620153159 7.171446030696622 3.6675371088476414 3.6675371088475512 0.8895084050382711 3.558033620153239 0.8895084050383547 3.6675371088475734 3.9780025204462093 0.8895084050384424 3.558033620153127 3.5580336201531804 3.5580336201530507 3.558033620153176 0.8895084050383415 1.7790168100764583 3.799981572069162 0.0 0.8895084050382404 0.8895084050382828 3.5580336201532594 1.9890012602230127 3.558033620153153 3.558033620153208 0.8895084050384998 3.558033620153139 0.0 0.8895084050383372 3.6675371088477573 0.8895084050383979 3.5580336201530165 1.9890012602229916 0.8895084050382577 3.558033620153048 0.8895084050382182 3.55803362015319 0.889508405038234 0.8895084050383959 3.5580336201530525 3.5580336201531773 0.0 3.5580336201531453 3.6675371088474207 0.0 3.6675371088475375 1.779016810076651 1.7790168100765396 3.5580336201531244 0.8895084050385087 3.6675371088476236 3.6675371088476023 0.8895084050381882 3.5580336201530325 3.6675371088475566 3.6675371088475783 0.8895084050382931 0.8895084050381983 3.5580336201531417 0.8895084050384573 3.9780025204460734 3.558033620153001 0.8895084050381107 3.6675371088475526 3.5580336201531804 0.8895084050381861 0.0 3.5580336201531906 0.0 3.558033620153104 7.17144603069666 3.5580336201531813 3.5580336201531595 0.8895084050381394 3.799981572069327 0.8895084050384611 0.8895084050384822 3.558033620153174 0.0 3.79998157206941 3.558033620153144 3.5580336201530165 0.8895084050384255 0.8895084050384114 7.17144603069665 3.6675371088475406 3.978002520446047 0.0 3.667537108847579 3.6675371088476494 3.558033620153119 3.558033620153123 3.6675371088475544 2.223771012595565 3.558033620153149 0.889508405038304 3.9780025204460054 3.5580336201530813 0.8895084050381171 3.667537108847722 3.558033620153143 3.9780025204460743 3.6675371088475663 0.8895084050383629 0.8895084050382622 0.8895084050382998 3.5580336201531804 3.5580336201531795 1.779016810076566 3.558033620153164 3.6675371088475637 7.1714460306967265 0.0 7.171446030696547 0.8895084050384773 3.5580336201531275 0.889508405038288 3.5580336201532714 3.558033620153116 3.5580336201531746 7.171446030696662 0.8895084050381961 2.490623534107359 3.5580336201532594 0.889508405038158 3.5580336201531018 0.8895084050383261 3.55803362015322 3.558033620153168 0.8895084050381808 3.5580336201531253 0.0 1.7790168100765906 3.55803362015315 0.8895084050383648 7.171446030696727 3.558033620153173 367.7274909761222 884.4568143503484 -9.080516964237603 583.468603935011 370.90667149588853 922.9755707416585 -168.37299897126496 573.6350193190282 358.7819131538744 789.0681621511546 54.490024257563725 543.7410696152356 389.192808510059 927.8533302454417 -59.15581124230015 585.817422422866 368.0035940417758 838.1564601026499 -134.28179201344977 587.1587201906508 386.29532160375646 852.4122880062495 65.46258240450244 546.2885389921169 353.5512387979641 781.3424781500605 19.526058666308014 558.9406892443196 395.5421984710085 851.1105970494657 8.25602416740722 563.0227002681228 358.1188037486051 783.6290588936781 10.866221470136825 558.6016230129634 351.991377127979 989.7369337050671 -160.49166840446475 576.4304320472876 354.37649315224746 902.2837707075993 -134.86278789717682 582.2466150791439 393.05011642190374 915.6332940665523 -120.89567210777575 586.1297368827667 378.000333951831 977.5455404863063 60.137687879093924 548.1757164232077 361.6790980095446 801.0851173915086 -105.20537834418799 584.3596662703912 383.01665064659795 865.8794853913113 -15.968703502013657 556.0445380631977 394.36884640762656 931.1329916529869 -12.122388284506462 587.6834902706889 353.58827152849506 867.6407157972537 9.855278756685808 581.8530305567974 381.7107070214439 872.7463982683555 -177.01434027152752 565.4161291881085 367.5052755644123 785.6315063622613 -84.99429883556337 589.6628321109745 362.885304801629 874.1554731920573 -22.49203228164099 553.3283503977651 372.37373409967154 981.7644121309377 -3.359386549891598 567.6197671597123 358.8084243616215 881.1371046904599 -1.937634307526677 578.0768730436513 349.77785468541305 982.3442862304972 60.989275927801906 552.1082411519828 353.4015135518062 799.169350618969 -77.3617844134474 593.6086114587798 358.8706253690037 775.4650623222572 -55.104352559320866 590.9608476622684 378.8046646346342 792.7862236680162 -20.323517884183353 588.9292927031419 371.2976424565907 877.479979910096 -146.59089470715685 581.1905977210987 325.3496303130312 995.7066711676845 -7.2666805518391975 560.0098229170193 367.7624421829406 857.3057386928144 -154.74807839080444 576.4227174957441 387.5794385329887 970.0546769645213 71.99056204375069 549.923463810223 380.13078806970407 828.3291233069527 -1.5044048940440542 563.7448745855892 373.6720408816023 871.1018393528693 -100.8988340174811 581.5107754778038 374.25947177062807 804.8044300555605 -61.54747157705851 593.4322117383682 399.50765938051376 962.0443069454694 38.13852812991916 570.1254073209197 383.79833531442995 920.4652761580428 5.465331309061683 554.9606335075175 393.7567325474859 921.0906785069276 28.436963700500357 558.9261705524516 369.35879177915444 817.599587685298 -170.98941626133671 567.411493645836 381.14826918045986 861.9084594758345 18.109971083704547 580.8437137732917 360.5186229069764 979.7435831178691 -37.86822046520812 557.8264410155592 393.18551812521514 843.7869365096101 24.5797698521157 567.2969651627794 379.2761350446159 973.2139178980848 -37.33062004131367 590.654878096342 361.0156159951 833.2981450279982 14.381172891729733 572.3344390952209 373.6112372889943 841.8887792957538 51.850578329373285 558.6316582458393 379.4838437303504 926.5233805827922 44.988986906516004 552.5552282530191 400.55477117468416 933.8068018305587 -183.5122560174797 561.4706794626765 354.9394986870093 804.6555518803433 38.81065380909485 549.4329255517466 360.73393175229296 895.4995498637227 -91.9220096097569 589.1917838515247 360.76138714381045 986.0701293835655 -95.04292043612907 584.0652178039328 350.2036840260923 875.1859533991868 -28.943888111142904 593.5227235224742 366.0692916554068 868.2738676246836 -119.72844310852606 580.9606075926941 377.11682832260425 845.2209742975059 -20.771603783127194 558.4098883195715 399.53922879550015 955.7380651599956 -18.254277316059714 576.4015655706074 317.30135861807213 996.2761461146252 -30.303877542969204 557.2746200529698 361.71382672273916 863.9993601275893 46.78001768189087 568.8707521727617 364.41133544588695 776.4614024252132 70.35785969681642 554.29246744354 383.2981652739814 849.219028871236 -65.04951327495938 588.5434796387842 355.80168380003806 984.1940108430899 -7.7473001646149875 553.3827562283411 376.9358366125516 932.4641858550499 -46.0806606331573 590.9847187365924 341.2821931704351 994.6017133841426 1.2942434187582452 584.8030161278889 368.3653469519484 976.9058986588514 -126.48253753033414 588.9326428898537 371.24654799137005 823.1630526623927 -111.14834596038499 586.9959465750833 362.72170777541663 817.5836382697788 -109.10661880251263 577.0672542944703 388.77077037924954 841.5640557150848 -185.03146518811832 554.9558948909105 334.99596529303534 992.9953926663659 -0.6667326187434024 556.9800630806467 391.074170297533 857.8695093787504 -69.00015939171709 595.5136286610298 392.52789256221286 825.2957190552595 52.3348938461074 551.7945800243277 368.41859713118424 831.3563215403761 41.3560793429188 559.9877435978052 343.79406402265073 989.7228149662214 -44.95085844697676 587.074062251834 390.912455023785 865.0447835083753 7.163276869138748 568.410615902993 351.3253875764303 791.0011075377467 34.42526870117524 562.2493907425071
1500.007825810686 3.558033620153097 0.8895084050382245 0.0 3.5580336201533025 3.5580336201530938 5.410668396552281 1.7790168100767239 3.5580336201532217 0.889508405038286 0.8895084050381341 3.558033620153108 0.0 7.171446030696587 3.5580336201531417 3.558033620153136 0.8895084050382037 3.5580336201530773 7.171446030696646 3.558033620153279 0.8895084050382582 0.44475420251905456 3.6675371088474997 3.558033620153177 1.9890012602230642 3.558033620153209 3.5580336201532075 0.8895084050381643 3.5580336201530662 3.5580336201530636 3.9780025204459664 1.7790168100765342 3.5580336201531217 3.6675371088475734 0.889508405038362 0.8895084050384301 3.558033620153259 3.55803362015314 0.8895084050383796 3.558033620153214 0.0 3.9780025204459992 3.558033620153119 3.558033620153188 0.889508405038225 1.7790168100765462 3.5580336201532 1.9890012602230551 0.8895084050383412 3.667537108847587 3.5580336201530685 1.7790168100765442 0.8895084050382239 0.8895084050382991 3.6675371088475477 1.7790168100766464 3.5580336201531177 0.0 3.6675371088475415 3.558033620153131 3.5580336201531573 0.8895084050384698 3.558033620153196 3.558033620153188 0.8895084050382231 0.8895084050381644 3.5580336201532528 3.667537108847667 0.8895084050383385 0.8895084050380959 3.6675371088475672 0.8895084050382697 1.7790168100765897 3.558033620153133 7.171446030696722 0.8895084050383969 3.5580336201531515 3.6675371088475477 2.223771012595898 0.889508405038172 3.55803362015315 3.558033620153032 7.171446030696638 3.9780025204460343 3.5580336201531195 3.5580336201529734 0.8895084050383693 0.8895084050382055 0.8895084050382795 1.7790168100765957 3.9780025204460006 3.9780025204459415 7.17144603069671 0.0 1.9890012602230347 3.558033620153148 1.779016810076728 1.779016810076719 3.5580336201532408 3.558033620153072 3.9780025204461564 0.8895084050381791 3.5580336201531497 3.6675371088474957 3.667537108847647 2.490623534107141 0.0 3.5580336201530303 3.5580336201531906 0.8895084050383745 7.11606724030635 0.8895084050383388 7.171446030696612 3.558033620153147 0.0 0.44475420251899417 3.5580336201532385 3.6675371088475375 0.8895084050384848 0.8895084050384199 0.8895084050383042 3.5580336201532043 0.8895084050384509 3.558033620153246 3.6675371088474953 3.558033620153118 2.490623534107188 1.7790168100767703 3.5580336201531644 3.558033620153272 0.889508405038255 0.8895084050382661 7.171446030696616 1.9890012602229552 0.8895084050384594 3.9780025204461924 0.0 0.8895084050384026 3.5580336201531835 3.6675371088476583 0.8895084050384173 363.60683269401045 888.836046150517 -11.964760944454284 582.74703659649 367.8973387764527 927.6090985839824 -175.1543892733229 567.8777769378783 354.93751541649954 792.1813945096224 46.99303299164303 543.2041746567794 383.55487481346216 928.0081503365969 -65.55006530630088 585.1143114374175 364.51905972004226 840.0880972055435 -136.53809534379712 585.212825485522 382.96010068202145 854.5500850019172 54.04147072680486 543.0527764117686 345.65634120803816 788.9595051793525 9.80484700459416 557.0926156246123 390.4636178753375 854.2098161283927 2.6110717540262076 561.140134749379 352.39048330075497 787.5166397479584 2.209708824878521 556.5537168442305 345.2835589885056 991.4176414588463 -168.32544592653753 570.3786745700006 354.21340372741156 906.9314405063374 -140.85234791255033 578.6424587110421 388.2914434982953 919.2461408928415 -126.06220736919495 582.3080250526696 369.6710861500151 980.708254103772 51.67747146696351 547.4238744635558 356.51812632489094 805.7522712504317 -116.69268127747148 578.4754514127656 379.48985252547845 869.4201195278896 -22.729617163378098 554.5656724181583 389.95647145681664 931.4190007249834 -18.801324331181952 585.733739096515 349.41869345424806 873.5957403636529 6.050243730771501 580.7806815400809 377.8994292882693 875.8983088870364 -183.28175026157817 560.5505726884734 363.38226440144206 788.3632315011007 -91.42061462890926 586.9393563239688 357.2180275047741 878.1294370585669 -30.534792457596577 553.1601520160341 365.1147886803797 985.0747866497908 -6.414512483403872 567.6039407485732 354.6967636835841 885.521889230762 -4.703692795170429 576.9791594643596 341.3941220436763 985.4945194602111 54.08879638470966 551.2141769157491 346.9601421898957 806.2807167459403 -79.81550601746989 593.8841618053751 351.9478663747326 782.734355469041 -59.00868856919762 588.8257733235533 376.33583597295984 792.7681426511583 -24.345264621567914 588.2550667256629 367.15295592678285 881.8362454764089 -150.88690904817562 580.2308475064701 320.1404652415647 995.0701598750969 -15.984057447886729 558.2249093569143 363.74676321936215 861.8395002128428 -161.78777078038905 574.0572490133443 386.23927929672357 972.309482814446 60.085788714402355 546.5856714452897 376.9264479408437 830.6470452799534 -6.358516751093684 562.8029739506376 370.51008301240034 873.4776490831613 -108.76217296594325 579.1563665066349 373.24028144095956 806.7656122762921 -66.84205895774262 590.7557530523754 395.3097391154553 965.0377984964715 34.299205142094756 569.1812972106646 379.66120268461873 923.1791914545123 -3.201360616856011 552.9655608074225 390.3365099799974 923.0759359215873 20.34509696639041 558.7120709572021 364.8453294517359 821.478596622518 -177.34214873576275 561.1902898397741 375.9429781413534 864.8469206003792 13.41425000375883 579.2837125259566 353.0164926430272 982.259103910714 -44.33036875864592 559.7561763133627 391.5132771564779 846.5288430604281 20.382840440471046 567.7562370374405 373.46774016743694 976.132233182756 -43.165970382458546 589.0149448025571 357.3581495287352 838.3672463842739 7.437634848037309 571.5441247784986 368.82119678326745 845.3851114982499 46.08560780018238 557.2398227462054 373.69438800491884 929.3512926259823 39.11030687568148 551.6327928011391 394.1793931114857 934.6175624199755 -189.52483143553397 556.3091840295451 348.6036972189705 811.0724286150776 30.894819426931726 548.5159236455552 358.8059203065559 899.4767168228744 -99.41747668335049 586.2827943838685 353.3256577197761 988.7936941594453 -101.56690317637583 581.4500473887645 347.14167564372576 882.6747695554459 -36.00346473823075 592.1482205470212 359.06042879834354 872.9279327349185 -125.54448174450744 577.2380115785026 372.6145404325083 849.1110129179335 -28.713125647727395 557.7577228451898 397.4681645548557 958.8117661218408 -22.749233056571 574.1766046831137 310.91689192435683 997.1042286411841 -36.513044086961315 557.9951062372562 358.2071218286706 867.5623906669848 41.250677973474346 566.5073759317787 361.5298716643531 779.2198398804348 61.98808086415026 551.0297644868216 377.5687286893056 853.1039109100564 -73.37718424618899 585.1931386440763 348.2126527168175 986.4468263811589 -14.925486683394064 553.8774119099978 369.56719072203424 936.5063936057697 -49.78571161622785 589.5518989958451 333.4211869106011 995.8407719401969 -3.3493092955200225 583.0947937071899 363.9394447134737 979.3113777537983 -129.8277940428311 585.0922268010819 366.73440719197475 827.043814406076 -116.1255699233839 583.7913533018959 358.5736663728202 820.2801318460632 -116.25773488224311 573.5306161311513 384.9912752201341 843.0885908854813 -189.8986993050618 549.7597387632871 327.87647448103644 992.9611849580511 -9.081956736981292 556.1105396241503 386.9438848941795 860.593669771764 -74.89166982096644 591.8648635214031 389.03704894288853 827.2129145283261 46.108015925519375 552.3191592184334 364.3095823933731 834.9473485426942 37.516680588959375 559.049534319286 338.0583818477884 991.2413143710155 -49.44538132622788 585.001245923535 387.4346183560122 866.994640697598 3.4554752995791116 566.9535997786772 346.8941245762809 796.6695231973634 27.765224077527964 560.3573162482771
1510.007825810686 3.558033620153013 0.8895084050381111 0.889508405038179 0.8895084050384083 3.5580336201531555 3.5580336201531577 3.5580336201532154 1.779016810076554 0.88950840503834 0.8895084050382098 3.558033620153038 7.171446030696662 3.6675371088474944 3.6675371088475672 3.558033620153217 3.5580336201532017 3.5580336201531755 3.5580336201531666 3.5580336201530893 0.8895084050382557 3.667537108847715 0.0 0.889508405038243 0.8895084050382983 1.779016810076468 1.9890012602229907 3.5580336201530796 3.558033620153211 0.8895084050383067 7.17144603069662 3.558033620153264 3.5580336201532314 3.667537108847635 0.8895084050380996 0.8895084050383818 3.5580336201533047 3.558033620153182 3.9780025204460423 0.8895084050383819 1.7790168100766186 1.7790168100767025 3.5580336201531737 3.5580336201530134 0.8895084050384418 1.7790168100764399 3.5580336201531377 3.9780025204460454 3.6675371088475153 0.0 0.8895084050383726 3.5580336201532803 3.55803362015321 3.5580336201531306 0.0 3.6675371088475996 0.8895084050380961 3.6675371088474593 3.6675371088475544 1.779016810076696 7.171446030696628 3.558033620153252 0.889508405038137 0.8895084050384325 0.8895084050383953 0.8895084050381568 3.558033620153143 3.6675371088475037 0.8895084050382164 3.9780025204460903 3.6675371088475717 0.8895084050382737 0.8895084050384257 0.8895084050380889 1.7790168100765669 3.5580336201532106 3.558033620153166 3.6675371088475055 0.4447542025192073 0.8895084050382108 0.8895084050383766 0.88950840503816 3.5580336201532394 3.79998157206941 0.8895084050381465 0.889508405038416 3.558033620153165 3.5580336201530236 7.171446030696659 3.6675371088476596 0.0 3.799981572069132 3.6675371088475686 3.5580336201531892 0.8895084050383901 1.7790168100765167 0.0 0.0 3.558033620153083 3.558033620153089 0.0 0.8895084050382575 3.5580336201532003 3.667537108847739 3.5580336201531213 3.558033620153144 0.0 0.0 3.558033620153207 3.558033620153067 7.116067240306367 0.8895084050381028 0.0 0.8895084050382656 3.6675371088475712 3.799981572069278 0.8895084050384368 0.0 3.5580336201532026 3.6675371088474686 0.8895084050384355 3.558033620153172 3.558033620153116 3.558033620153151 3.6675371088475672 3.558033620153176 3.558033620153232 0.0 3.978002520446027 0.8895084050382127 1.9890012602230407 3.5580336201531617 0.8895084050382149 0.8895084050381713 3.558033620153112 3.5580336201531297 3.558033620153108 3.558033620153144 0.8895084050382707 7.171446030696623 3.5580336201531875 359.53184762604315 891.6438135359672 -18.43217331496104 580.2773249723878 364.6141270920122 929.8249333358384 -180.046381396619 564.3734258236385 346.83201728841 798.6806063373368 36.37602472016922 540.848649263732 378.14036325451025 931.4744641535003 -70.68499707670298 584.0497848485808 360.98006850676353 843.6156263344844 -140.34054776635068 582.0757892234591 378.5520167972348 856.9024721583467 47.508637691066994 542.729723054712 339.98363062834653 794.6042440922705 1.8879879853420496 556.1875183929486 385.99496593700025 858.1399078640253 -4.054218028972344 559.269069654176 346.068995927823 793.9466100158883 -4.519190513249683 554.9484391090807 340.30756977527136 991.8283835461308 -173.29499539311598 566.970225112031 353.3051109288727 912.3067044246006 -146.29518956713162 575.8868050208289 383.05002159558427 922.0286892378363 -127.93138622065294 581.491887006501 364.45268355817103 982.1939420081133 41.596062421015745 544.9567621064884 349.7198040440765 810.6875420948356 -123.85469429384828 573.2081995555758 374.3102208076825 872.4000156083458 -32.063528342547265 553.3150894012776 382.989174249058 933.2161792510711 -24.084727605930198 582.9974090858545 345.2801669944759 879.5690957303864 0.3395141527032503 579.1843360564786 375.34494489828137 879.0739476298543 -187.71398167265056 555.9099166170299 357.6448725513387 792.2373632809421 -95.80737184443952 586.4006768350356 352.80505326517425 882.1195652960727 -38.68584181268659 553.4419261459249 360.3658754522015 986.3687615814433 -11.145997221216358 566.1579766515002 350.5977032285453 889.9193776222509 -9.23079413558209 574.8675845817469 334.86090501434694 988.0230724677547 46.71360164653266 550.1762503050444 343.82964131082804 810.3820549480984 -90.04213185054009 589.6739273740283 349.2639079611547 787.4415088574227 -61.325162706115954 588.9005397824462 369.0042727552969 797.809975610058 -29.157641116665193 586.909017336455 364.30773996664095 884.6261025288048 -154.22424842598545 579.4861052836927 312.48346715615327 997.1027353768143 -23.807581411617132 556.9716490565747 362.72913076376767 865.4059960246359 -167.23021453019828 572.604203963796 380.992562000785 975.4605669302516 54.86294167555047 545.0596208641965 374.6807262823762 832.5975791389568 -12.112551799291953 561.3806451553575 366.08831941549965 877.4591619656817 -115.07668754310015 574.4206244058835 369.09749243213184 809.4712146152173 -71.21033158686531 588.4182600688363 392.43277823021214 969.0524017356174 30.46235583577266 568.2288770216117 375.50147034805207 923.9029438508302 -13.222938297208268 552.4494702817852 385.2186493582223 926.0712839793343 13.0335071444477 559.4423060975521 360.99602230961943 824.5877118987526 -181.4914146594272 557.6393177075397 369.93124639959683 870.0094422907512 6.811548146540803 577.2019099176765 347.56901026403983 984.8896370987118 -51.21699320104412 562.5678206827833 388.6849346934855 847.6877574792567 13.498338432268666 566.7503743689545 370.0934521736467 978.6828597691996 -48.151966215714275 586.7901317940469 350.7169660689417 844.3667483431502 2.71986888688097 570.0534531820435 364.9975672233517 848.5234536728424 41.34567608619928 555.8219416288313 369.30842126854645 931.6414902145559 30.178459164033505 550.6947177467325 386.1084113292862 936.4810996858233 -193.86855021585328 550.8698481399476 342.41451725038877 817.6911841107205 23.76351784357248 548.5319700380334 355.97166328390193 902.2759488683828 -102.69011576437265 584.0571499422817 347.6360355348344 990.4934574153743 -106.76035197609491 578.5155853661901 344.88272376265985 887.842487989369 -40.92372006444151 590.8244471910733 355.88064445927307 876.9055086216717 -130.83543759408232 574.3965752127228 366.61258966248977 852.6339122447789 -34.61001088631737 556.9877771439898 392.7276280970963 963.4415737211691 -25.161656543364924 571.7403981718954 305.3257326534106 998.3805983358909 -42.722651797192455 558.6504563126265 355.02515145127 871.539108327812 38.19506520327503 566.5159554521608 357.39042017874925 781.9324124978933 57.36205771975334 549.1472764322089 373.16033376304557 855.4560069697362 -78.42017876798461 585.8461475359231 342.4479353126809 987.8727682247769 -23.722545190118854 552.4680814369168 365.09186311989845 941.571282405483 -56.04063420096125 586.5413052777961 325.4277592829747 996.3063088975506 -7.419128151920647 582.8722697049483 356.44300233053923 981.8811173024305 -133.58411603115457 583.442390245751 361.5864242137857 831.7241738992714 -119.73002669029371 581.1781526732194 354.4342007243863 822.9890328181043 -123.1052514077211 567.8350918956023 379.2731016169212 846.9904943082579 -193.66649339391435 544.2223425217423 321.7693322514468 992.7136590814971 -16.157168209567228 556.057997521927 384.36439633891695 863.7480580028777 -80.88683822323236 589.3429302550105 383.960976578024 830.3163316365542 38.37013573129583 550.6714423677846 358.58695634134057 838.8420394502316 32.77982834671495 557.619105949699 331.2480446705522 992.4903933742328 -58.25664659194932 580.501535963201 380.8124763768079 871.3422434675772 -1.394249253203742 565.9751583467971 338.96789858784297 800.8913401988137 22.90994469482175 559.4062479171406
1520.007825810686 7.171446030696599 3.5580336201531213 0.8895084050383559 3.55803362015324 3.978002520446259 0.0 3.5580336201531764 1.779016810076614 1.989001260222984 0.8895084050383539 3.558033620153152 0.8895084050383414 7.1714460306967585 0.0 0.8895084050384203 0.889508405038475 3.5580336201531635 0.8895084050382082 3.5580336201530627 3.5580336201532647 1.7790168100763941 3.6675371088475006 7.116067240306312 0.8895084050384474 0.8895084050381993 3.5580336201531817 0.8895084050382192 7.171446030696679 3.558033620153144 1.9890012602230986 3.55803362015318 3.5580336201531444 7.171446030696564 3.5580336201531853 3.6675371088475237 0.0 0.889508405038331 3.978002520446076 3.9780025204458926 7.171446030696637 3.5580336201530796 3.558033620153189 3.5580336201531724 0.8895084050384567 3.978002520446167 3.5580336201531613 3.5580336201531266 0.0 7.171446030696586 0.8895084050384509 0.8895084050384454 3.558033620153192 3.558033620153147 0.8895084050384384 3.6675371088474797 3.558033620153129 0.8895084050381776 0.0 0.0 7.116067240306343 3.5580336201532647 3.558033620153155 3.558033620153169 3.5580336201532226 3.558033620153204 3.558033620153076 3.6675371088474447 0.8895084050384344 0.8895084050381743 1.9890012602231346 0.8895084050381801 3.558033620153188 3.5580336201531755 3.5580336201531884 3.5580336201530693 0.8895084050382747 0.0 2.223771012595709 0.8895084050383696 0.889508405038413 0.8895084050384947 0.8895084050384459 2.2237710125958503 3.558033620153161 3.558033620153128 3.5580336201531875 7.17144603069666 3.5580336201531617 3.6675371088476245 3.6675371088474478 3.799981572069132 7.171446030696668 3.558033620153214 7.171446030696742 3.5580336201530818 3.6675371088475632 7.171446030696731 3.558033620153119 3.558033620153041 0.8895084050384143 0.8895084050381787 0.8895084050384638 0.0 3.558033620153195 2.490623534107141 7.171446030696623 3.667537108847718 0.889508405038409 3.5580336201530613 3.9780025204460934 0.889508405038301 1.7790168100765507 0.0 3.558033620153179 0.44475420251899417 1.9890012602231355 3.6675371088476196 3.558033620153176 3.6675371088475783 0.8895084050383197 3.558033620153044 3.558033620153066 0.8895084050382466 1.77901681007654 0.8895084050382361 2.490623534107132 3.5580336201532123 0.8895084050384648 0.8895084050384888 3.978002520446028 0.8895084050383584 3.558033620153152 3.6675371088476245 3.5580336201531235 7.171446030696721 0.8895084050381172 0.889508405038284 0.8895084050383579 7.171446030696633 3.558033620153154 354.1542100720773 895.9998950415666 -25.02469416652232 578.1915218406539 359.25220277645053 932.405529994292 -184.008662771458 559.9643170582793 340.7248850354956 803.7264579069089 27.565407064190453 539.4172570425984 368.09146682001426 936.8080164865245 -77.01759464464614 581.0548058299667 357.17052578139015 846.7698041376439 -143.92224474272032 580.123702064648 374.1575196871638 859.2825072014153 40.31779531117151 542.9851240333683 335.111801553225 799.6694179736132 0.14305493075620634 554.9986295655315 380.5116730559897 860.716881098342 -8.846763802472031 558.0855058013782 342.14244511444883 798.6314589356446 -11.299351535723565 553.557145081442 331.65299433963287 993.8932161504144 -177.3247864408935 562.6200436884191 349.4466693483789 917.4431803360366 -152.73799139522035 574.0266493653083 378.7890197818117 924.5311770904455 -130.03823212174925 579.3867406897309 359.8267960809178 984.0836144649275 33.26387300796582 543.6507316735901 345.5790043571372 813.3954798636149 -128.3248334187577 570.068518018791 368.50494109835046 876.1962199516689 -38.51054014304953 552.5445325473465 373.24044322137587 938.0851712473724 -31.335438931254433 579.8470755523028 341.0945206136288 885.4900773201496 -6.866165767790475 577.4295046390815 370.81513432288585 881.280390896427 -191.3424776284685 552.5114848042427 352.1933859897278 796.504282897353 -102.91422099390181 582.7281046944103 346.944023986336 887.477537380243 -47.54764613728305 550.2614186522584 355.6767311924494 988.0023439998547 -16.750089404687756 564.1591252018209 345.7861319523907 895.0505643185962 -12.88152415367588 573.2844706979429 328.19202151053173 989.9010247708674 37.90201978656252 548.7541359017283 337.7248105041402 815.4307375668126 -96.38612282451729 586.6454911140289 344.2470725273194 792.307007965217 -65.12540346773613 585.6590297587451 362.7567126739207 802.6626203897995 -36.31675225376282 583.5451243024007 358.0037853105306 889.3977892537075 -156.14197042200894 580.0141273810635 306.7608290036663 998.7340823414964 -30.668980715585548 555.9428489123874 359.8483034697521 869.7784291701812 -170.98333052107202 569.3635137398521 375.57918955723306 978.1756477470924 47.849821133628915 544.59956335939 369.2662117889641 836.9107258920902 -16.703355417174762 559.4068960631131 361.02738836743475 882.2342905486024 -119.65804589190495 572.2365702728924 364.9590978993312 812.1832731016988 -76.1607898859463 586.0664194478294 386.502773865748 973.5291028631251 24.711075087874654 566.7860640959566 371.84268960077213 925.4800195189545 -20.3218855744331 550.2257046443711 379.8541779823674 928.647421954996 7.04245573066917 558.9492330406403 356.5775940648246 826.9199998745686 -186.7040912421572 551.6982499210987 363.1893836479437 874.2069487954806 1.2145167151578837 575.1804291485228 341.39931232974334 986.7474541888 -56.500041523939785 563.7740913323049 385.22478078275435 849.6567092420933 10.443025107850465 566.7260494165337 366.02107773775776 980.713873593698 -52.826742663365586 586.864951423961 347.7011542651162 852.0185291739706 -3.0140621863426666 568.5389956949552 359.31371968828745 852.473321258847 35.59078301769772 554.3913308557097 361.5155592193657 935.9374476537387 22.328463428996525 549.493328601122 379.4429073109111 937.8176311939294 -198.05233283695273 544.0534167339856 339.1306802851257 824.9513352967382 14.89615352353282 547.3244985671681 350.8675572125649 905.3176044610442 -110.39742532835743 580.3343562595767 343.6650691691079 990.849823761797 -112.66777390769363 574.8236614685031 340.33673345744614 893.3301859413205 -46.98635941325536 587.4799382920833 348.9383608742865 882.4742966704333 -134.7699389571732 572.8910259131968 362.8125865528069 855.8077460928259 -43.21313080530201 554.7713343582747 389.74826205568996 967.3644626874037 -29.706447354503524 569.655810839618 298.8268346999459 1000.1629408216879 -48.5218845129837 557.3116769956966 350.65653011794996 876.4062600657888 32.32061287888072 565.5640674857154 351.86767490855726 787.7819439283988 45.314608065244 548.4669524060741 369.06366748890554 858.2290969885119 -84.3163984131581 584.8188570488495 335.88874563921235 990.284522336862 -29.76552277553506 552.1675724723292 362.5831482376795 947.0569857103025 -60.25183538132686 583.9509791938326 317.8668101291407 998.8298920217093 -11.337035049838049 582.1724905465425 348.96788826718745 984.6123042036238 -137.72407664840063 579.1759736174868 356.52253350301766 834.85166139474 -124.03200704013611 577.047344218354 349.65448174311723 826.4970694859468 -127.6885848543291 565.5912760879703 377.0446093584385 848.962178918902 -196.5201986528321 539.1338558050102 314.35002554464313 995.9502275462207 -21.386751654733636 554.5196222859473 380.56792452248277 866.919860820246 -88.83084777586414 586.9418244272766 381.7830011474744 830.6974302626162 29.55923709331019 549.2389508400004 354.8196620816796 842.8838865539968 27.146863463860644 555.6996391878847 322.86984024077634 995.9450071088008 -61.097594244762526 577.5796815249151 375.79215170551254 874.5357044505708 -7.0180073706363375 564.0314273859404 333.1503240525846 806.336390209549 16.14123891487671 557.9579176907898
1530.007825810686 3.558033620153243 3.558033620153227 2.490623534107347 3.558033620153021 3.5580336201531337 1.7790168100764885 7.1714460306965595 1.7790168100765391 3.6675371088474598 3.5580336201531457 3.55803362015302 3.558033620153198 7.171446030696678 3.6675371088475583 0.8895084050383985 7.1714460306966465 3.5580336201533083 0.0 3.558033620153136 3.5580336201531564 1.7790168100766373 1.7790168100764718 0.8895084050384032 0.8895084050383838 7.171446030696585 0.889508405038163 0.8895084050382156 1.7790168100764976 3.5580336201531777 3.667537108847579 0.8895084050381831 3.5580336201532035 1.779016810076565 0.8895084050384029 3.55803362015302 3.5580336201530636 0.8895084050382515 1.779016810076512 3.558033620153148 3.6675371088475246 3.5580336201531857 0.8895084050381222 3.558033620153239 3.558033620153146 1.7790168100766584 0.8895084050384646 0.8895084050381789 0.0 3.6675371088475885 3.5580336201532217 3.5580336201531835 0.8895084050381455 3.5580336201530707 3.558033620153018 3.5580336201531804 7.1714460306966314 3.55803362015318 0.8895084050383655 1.7790168100767543 3.5580336201531644 3.55803362015316 3.558033620153197 0.8895084050381746 3.6675371088475752 0.889508405038269 0.8895084050382305 3.6675371088475197 3.5580336201531835 3.558033620153062 1.7790168100766366 3.558033620153137 0.8895084050384181 3.5580336201531284 0.889508405038232 3.55803362015328 1.9890012602231695 1.7790168100764416 0.88950840503818 3.5580336201529867 0.8895084050382945 3.5580336201531484 3.5580336201531435 7.1714460306966865 3.5580336201531746 3.5580336201531466 3.5580336201531626 0.8895084050382358 0.8895084050382276 3.6675371088475592 3.558033620153121 3.799981572069132 0.0 0.8895084050382137 0.8895084050384402 3.558033620153075 1.7790168100764447 7.1714460306965595 3.5580336201531955 0.8895084050384081 0.8895084050384269 3.5580336201533247 3.5580336201531533 7.335074217695187 0.8895084050382015 2.490623534107175 3.558033620153124 0.0 0.8895084050383166 3.5580336201531195 0.0 0.8895084050383579 3.558033620153125 1.7790168100764892 1.779016810076409 3.6675371088476103 3.558033620153196 0.0 0.8895084050381306 3.667537108847671 0.8895084050383756 3.5580336201530116 1.989001260223112 0.8895084050382719 3.5580336201531604 3.5580336201531932 2.490623534107155 0.0 3.5580336201531404 0.8895084050383759 0.8895084050383326 3.5580336201532337 3.5580336201531506 1.7790168100766317 0.8895084050382286 7.171446030696679 3.558033620153083 1.779016810076628 0.8895084050384744 3.6675371088476516 3.558033620153132 348.38118786486694 899.8280399255141 -29.230575629006776 575.4230382396805 349.80366129994877 936.6158337199157 -186.28546395688258 555.4100598114426 335.85664752624973 808.7953915690192 22.465082164908228 539.3999034975374 358.59503314269017 942.106511321842 -85.71615525339257 576.1686342674194 350.1558040341388 853.8890369087011 -147.2403839441472 577.8446040981926 368.7796640334019 863.6426083261314 29.65380103658952 540.8067743661654 330.0260672633273 806.1189864796305 -7.163244194400135 555.5219691231084 376.4166802378888 863.4969450257894 -13.727446822363751 557.1974515021735 336.547641917629 802.7011097812049 -15.235831379030163 552.9488060235398 321.1338369524068 996.7373183898638 -179.9138911405149 559.6420407490382 346.06406736980773 921.4394365976899 -156.02915295841674 573.0226689471863 373.12569643526825 927.5737918801256 -131.394653701831 576.4833715306157 353.1147457497273 985.788078939613 25.235572722473055 543.1485025467811 340.09822459561565 816.7832361535427 -132.28976627615853 566.3714269104638 364.29464159484354 879.6487182338866 -45.12324944549868 550.547316600241 366.90109341420714 940.9532527737805 -34.69388981367032 577.6917572435553 337.0027524015998 889.9626780221083 -8.745966121455305 576.8670772638804 364.8241338002246 884.8272653423652 -196.97276166170874 544.328811587218 345.5083420033717 800.7552408537312 -108.45810088185901 580.1052488633508 339.50348227151886 894.0594233039276 -55.293531452784805 548.391736892907 350.99843519822315 989.7596900749336 -19.65730923460392 563.5178252408256 342.1800660410465 898.502506267491 -19.25498250084668 570.4850777098968 322.56387848823147 992.0213904336613 34.96787623934271 548.2751409682495 332.9292821238835 818.9192545572255 -101.47893692105357 585.1147825155689 341.1214711777402 796.4120531289476 -73.54809355706185 580.475404325075 359.343825560223 806.3707225692957 -39.62037901778047 581.3203808462116 353.5008466220322 893.2860665122561 -160.16608985911157 575.6579605604281 298.17214765227203 1001.1070493174426 -38.55661552276257 554.6686535174944 355.835018720757 874.3132273792727 -175.36308916224587 566.6434333325116 371.25673306212235 981.4564763231313 37.363786009201505 541.7214064266951 365.4555489562696 840.067043083657 -20.493465147975055 558.2372860292971 358.5007304538879 883.7965846512391 -126.70549940489579 568.2493276178739 360.1742257472226 815.687701658785 -80.27378163682123 582.4609341012913 381.3154289626314 977.3087033205237 19.739622397389944 566.2753369496712 365.7536205271197 928.773701505131 -29.281181020285914 549.1569803377204 374.1406575444814 932.5799122674518 1.3169961765539513 557.3993649246696 354.63717547242265 829.2817922455864 -189.07376574357895 548.5279300103905 359.3713622581018 877.3549060036439 -4.218910053065625 574.4117781336013 334.4364911411801 989.6787805918013 -64.04464653516173 563.4862343919419 380.78164751913124 853.6153806968952 4.588108156047947 565.6570786943021 360.6632853833037 983.9216356166334 -59.72811481614029 582.9807346568703 344.246749162317 858.9884453465464 -8.835029140030297 567.3555104380025 355.21420550320613 855.2445775521752 28.76109855598095 553.1749117712826 357.6068522362237 937.0898210803473 17.292742604837166 549.2189812102852 374.30642156118324 938.8314555314471 -202.69142781959874 538.9152376595247 335.84684331986267 832.2114864827558 8.840423175319657 547.0241025092492 347.59464116893855 907.528379991112 -115.87063010046738 577.5946310942683 340.3763263593783 992.0226110466921 -120.27366162319807 571.4823986091814 334.46865638750717 900.4152458605597 -53.18264295721 584.3274795171727 344.0771502120798 887.5400171752688 -138.3127514367253 570.8664494506414 358.716639012228 858.584290633069 -50.994290387197076 553.1131004165483 386.06350972619197 973.080839101792 -34.47682420395442 568.332523382339 289.70974019820085 1000.0884874434873 -55.27653358716561 555.6591483034132 346.39795149190405 882.2962151717044 28.606435140308935 564.1122201829313 348.30652025984455 791.2875345920237 38.904200438563954 545.5896653754203 363.0917202667547 861.7986370650067 -87.93566539077399 581.4009756429028 328.38081254406814 993.0493588737056 -33.93821232258254 552.1946741329494 359.0245384491202 946.8562340526825 -67.23280578134704 579.2884804913036 308.9385770365765 999.5372215196955 -16.96034981703143 580.3032847328578 343.42117382538976 987.0431655265837 -141.1213287962484 575.5715954969261 354.6438189643537 835.6392781277914 -127.90140391254891 573.2474748809428 346.18083068214713 828.4488020515251 -136.45026225653808 560.4990502577266 373.24424534256264 852.1307937770864 -199.41062440971393 534.0747363610699 302.56730981791134 997.4612519536465 -26.667017358682582 553.2099857555019 377.7108996914709 869.6954817521205 -95.22936829317065 585.5010707756821 378.9121180876658 833.4594998718057 23.571613918452748 548.731074798664 354.08307559220674 846.8384588359042 21.400051260603828 554.2317567305834 313.2282034464859 995.5446439520535 -67.92692453684892 573.5758349982368 371.49962261857826 878.6979191676544 -11.693745914172412 562.4432940164302 327.6267179687198 812.1850126209148 8.616219699410273 555.4718337177748
1540.007825810686 0.8895084050384292 3.5580336201531497 3.6675371088475206 3.558033620153043 3.5580336201532297 3.6675371088475677 3.558033620153209 1.779016810076416 3.6675371088474584 3.5580336201531817 3.558033620153266 0.0 3.6675371088474567 3.6675371088475646 0.889508405038335 7.171446030696658 0.8895084050381715 3.6675371088475712 0.889508405038084 1.7790168100765804 3.6675371088476103 0.0 0.8895084050383859 3.558033620153162 0.0 3.9780025204460294 0.8895084050382229 0.8895084050382334 3.5580336201530867 3.558033620153149 3.558033620152991 0.8895084050384613 3.6675371088477235 0.8895084050381692 3.5580336201530556 3.5580336201532985 0.8895084050383889 3.6675371088475957 0.8895084050382219 3.799981572069278 3.558033620153148 1.779016810076605 0.0 0.8895084050383291 3.6675371088475996 0.8895084050384102 3.5580336201531844 1.7790168100766557 0.0 0.8895084050384438 0.8895084050384128 3.55803362015306 0.8895084050384198 3.558033620153044 0.0 1.9890012602230256 0.8895084050382083 3.5580336201530534 1.7790168100766264 3.978002520446166 3.5580336201532026 1.779016810076411 3.558033620153108 0.0 3.5580336201530915 0.8895084050382253 7.171446030696564 3.558033620153212 0.8895084050381852 0.0 0.8895084050385074 3.6675371088475655 0.8895084050384282 0.889508405038388 0.8895084050384078 0.889508405038304 3.6675371088474873 0.8895084050381168 0.8895084050382858 0.8895084050384662 3.6675371088474527 0.8895084050381773 3.7999815720693877 3.558033620153207 0.8895084050383013 3.558033620153184 0.8895084050384121 0.0 1.779016810076785 3.6675371088474016 3.799981572069132 3.6675371088475552 0.8895084050383286 7.1714460306967105 3.9780025204460365 3.6675371088476822 0.4447542025191439 3.5580336201531306 3.5580336201532923 0.8895084050383125 0.8895084050383747 1.9890012602230396 7.335074217695019 0.8895084050384559 3.5580336201530787 0.8895084050381823 1.989001260222956 3.5580336201531133 3.5580336201531146 0.889508405038175 0.8895084050382563 1.9890012602229936 0.8895084050381535 3.6675371088475957 1.7790168100767323 0.8895084050382077 7.1714460306966235 0.8895084050383639 3.6675371088476316 3.5580336201532656 3.558033620153037 0.8895084050383661 0.889508405038455 3.79998157206926 0.889508405038232 2.4906235341070992 0.8895084050384519 3.558033620153108 0.8895084050381812 3.558033620153076 1.779016810076542 0.889508405038225 3.6675371088474873 0.8895084050384479 3.6675371088476014 0.889508405038289 3.558033620153053 0.8895084050381383 3.978002520446044 3.558033620153186 344.0552306204976 903.1253155962614 -33.6638735716538 573.226266154006 345.8247115530517 940.9628333464461 -191.82966619206587 549.0923023797117 329.10141153102705 814.6296124141833 13.48667198941651 538.4690447378347 353.3583319889751 944.89999783211 -91.20899329436494 573.4890490632023 343.93237134325716 858.7788846695685 -150.48079237729092 574.0953942736329 362.12555913175163 867.944518403808 22.04185149704233 540.5747901141868 322.6151852823498 812.7323745524109 -15.06880191820333 554.2261432777842 373.89097532331937 865.0654216549065 -21.593730663721658 555.7845994550011 330.4456413591409 807.7534724432422 -23.034888685041487 551.2772612446458 314.2324318942516 997.365691416617 -183.91503771275177 555.2552679520768 343.43307607287284 926.7135318115351 -161.25616265543678 567.090153183143 371.9228554402182 929.4277088824409 -137.91166881686058 570.4229473477146 349.28144841125555 986.8089636192072 16.53515151487336 543.1094894477638 337.2655257851024 817.931528034512 -139.32517522153478 560.1368103456903 359.4444325777097 882.2226161934495 -54.09161077005274 546.4053891705242 361.03803665015874 942.6818172680319 -39.747257758582755 574.5639681058865 329.9679580752959 895.4427028517406 -15.545373064575767 575.3717116023802 361.4769005803652 886.9461259121553 -200.71404646039613 538.4506667614 340.71397246370503 804.2451888732218 -114.71553682736808 576.6853721599726 335.46436910435943 898.6511089396237 -63.6667521942367 547.2614521472374 344.15877112539505 990.8407509711753 -26.330381028859613 561.583694183147 339.20125402211454 901.1494330139686 -21.95533831931496 569.260598819377 314.79032679071025 993.5911408628664 31.14868285731323 547.2681748816474 327.55192190371224 821.6074203837143 -108.47639809298818 582.5448154536267 335.7461564495231 802.4631257114486 -78.61447779566501 577.3671271145184 353.6083750492722 810.2474791419129 -43.608453395761245 578.3151481931478 351.4984819224075 895.6025302876142 -162.39907325570002 572.3524788571838 289.3249215866168 1002.0874417653034 -49.557082936232625 551.5095844024949 351.3986717228269 876.6068617656078 -179.19113380806414 562.1113263547586 367.53179722535197 982.9841339116513 28.4680470719731 538.6243964727128 359.7589693005224 844.0012605437312 -27.42682062168325 557.0389303226461 352.71001639554885 887.6005518158678 -132.72113259220163 562.3880370265649 356.0442655368861 818.4130191845817 -83.83059598217156 580.5769891805771 374.05698686875064 981.1430450373649 13.007998920243775 564.6737659187506 359.41441309673434 931.642186143207 -36.39028273260491 548.3956537557552 372.2111576337381 935.1479400599128 -5.732117042887763 556.7612367805281 351.46038232721133 831.6363993394336 -193.93663074993646 542.9246923819886 354.2680189084872 880.4114532517616 -7.834520279205291 572.7647407048827 327.7488370311365 991.6388865564275 -67.67354001960547 561.8661678035647 377.91108789839507 856.380896057256 -1.2402823270991252 564.4375136122407 356.8811462424183 985.1842898018025 -64.59691444254764 579.6105450866813 339.3120730011659 865.6453194468485 -14.625018872471372 565.9629531639796 351.45505555286275 856.8103703731613 23.922465525384972 552.1418935836141 353.9486964089945 938.6681874530461 9.421874281480342 548.0196161890124 369.29523905075996 940.0588412572079 -206.72376344179028 531.396041286058 330.0167937682457 841.0108725218192 1.5040813065194576 547.4234939228576 342.91412040921654 911.2004671587373 -122.12721896823474 571.9727330744134 334.6714888062018 993.8260362394491 -126.28805952676171 566.3320266075757 330.567583330066 906.8524238753452 -57.77541781581864 580.5347743007529 338.015972388278 892.67239577397 -143.29746586146265 566.0703610698049 354.59597519627556 861.3249590381512 -56.31988437741112 551.5503966797534 377.970678993313 977.6687655133628 -37.98137452860206 566.4074343712217 282.99762475202243 999.3729852502455 -61.30055729401503 552.2369457768112 339.95817136234683 887.7384414785005 25.038797054443037 562.1370400895462 342.93150814510705 797.3387577107354 32.39474640127676 543.134832617154 360.2686986068891 862.9663251066822 -91.36385340166159 578.5461612003434 322.7070915541461 995.0458630177757 -42.826902244433214 550.407803169463 351.45769189040976 949.5870299309187 -72.91749864056739 577.0193153347433 301.0528724050008 1000.3411633789326 -19.46961904265754 578.5644024209928 336.8585256915138 989.5535352983292 -145.61263039734143 571.6580786847339 351.4719499657899 837.9984166111309 -131.97992545100078 568.9260535207825 340.1608785253308 831.941314475198 -144.55001059301162 553.2429839687989 368.7921720092144 856.078509806555 -204.1097740710022 527.2083270840335 294.29376378871603 999.0302346302421 -30.358143448229907 551.84487729219 374.59866613284385 870.4672291013156 -99.76843702470995 583.219604703494 375.695763262257 837.4114875658341 18.8034682597121 547.4416400443508 350.50726995944945 851.9645403339723 15.422115932276231 553.6176837195371 304.9074060831633 996.7257957470008 -71.80452484972065 570.5004699215498 367.0680659193838 881.0086389542192 -15.439477708622917 561.2003240407101 322.1763527816791 818.1339228952121 3.810693672533228 554.3198269310585
1550.007825810686 0.8895084050383982 0.8895084050384471 7.171446030696598 3.6675371088475326 3.9780025204459135 1.7790168100766928 7.171446030696656 3.6675371088476436 3.558033620153116 3.5580336201531764 3.558033620153264 0.8895084050382804 1.7790168100766839 1.7790168100765742 3.5580336201532115 0.889508405038241 0.0 7.171446030696575 3.5580336201532194 0.8895084050382036 0.8895084050382448 3.558033620153324 0.8895084050382228 3.5580336201533007 0.889508405038296 7.1714460306966625 3.5580336201532163 3.6675371088476756 1.779016810076485 1.7790168100764965 3.5580336201533056 0.8895084050382271 1.779016810076748 0.889508405038286 0.8895084050382137 0.8895084050383104 0.8895084050384 3.9780025204461245 0.0 0.44475420251922393 3.5580336201532323 3.5580336201531226 0.8895084050382339 0.8895084050384513 3.6675371088474966 0.8895084050381851 7.171446030696701 3.6675371088474984 3.6675371088476054 0.8895084050383832 3.558033620153072 3.5580336201532274 0.8895084050381385 0.0 7.171446030696614 3.5580336201532528 3.5580336201531684 0.8895084050383477 3.978002520446211 0.0 3.558033620153089 3.5580336201531186 0.8895084050382996 3.6675371088476254 0.8895084050384758 0.8895084050381811 3.6675371088475623 3.5580336201531533 0.8895084050381452 3.6675371088475885 0.889508405038305 0.0 3.5580336201532914 3.5580336201532554 0.889508405038478 0.8895084050384403 3.9780025204461085 0.8895084050383385 0.8895084050383373 0.8895084050381811 3.6675371088476765 3.558033620153184 1.7790168100766193 0.8895084050384136 3.5580336201530773 3.5580336201532057 0.8895084050384541 3.558033620153138 3.55803362015313 3.6675371088476045 1.77901681007655 7.171446030696617 0.8895084050383999 3.5580336201531093 3.558033620153076 1.7790168100766115 3.6675371088476645 3.558033620153224 0.8895084050384028 0.8895084050383624 3.558033620153303 3.5580336201531297 3.5580336201529534 0.8895084050381511 2.490623534107175 3.6675371088475743 1.7790168100766237 0.889508405038295 3.5580336201530893 0.8895084050384439 3.978002520446128 3.5580336201531364 3.5580336201532026 0.8895084050382145 3.799981572069208 3.558033620153176 0.8895084050383009 0.8895084050382862 1.9890012602229257 0.8895084050383989 3.558033620153246 3.5580336201530347 0.8895084050383709 3.9780025204460254 3.5580336201530915 0.6226558835267115 0.8895084050381745 3.55803362015312 0.8895084050382706 0.889508405038258 0.8895084050384788 3.5580336201531995 1.779016810076441 0.8895084050384083 3.6675371088475974 3.5580336201530387 0.8895084050383885 0.8895084050381463 10.674100860459511 3.558033620153104 341.1913915454436 905.951997642001 -37.22817408079961 571.4914453609675 342.09127085211713 946.3120571828298 -194.31049705159498 544.7559257543292 323.1076265685993 818.9910613489542 7.01817536102889 535.8777415156732 348.84827686893004 946.9794539142343 -97.71547890893355 568.8548025443614 339.3873128901668 862.6149166586375 -153.24219173482098 569.9288455543339 357.30524220234446 871.4011965816211 15.519767332342546 539.9495858660329 316.5836919163069 819.5625526294413 -23.078734928992205 552.8544798427274 366.8323985200808 870.485617900113 -28.805382118013092 553.7591478158502 325.03330262269594 812.9138439357976 -31.564788601096005 548.5564060455984 306.50959146519966 999.3278638272978 -187.19302874290892 551.5527250946169 339.9251884506575 930.496792385097 -164.3974929067756 563.2874088181313 367.6632925864909 931.933030685347 -141.63470582935233 565.768568918354 344.7133645783069 989.3620736959589 6.9627212678884405 540.6271767010535 333.77835342727934 819.8587722137027 -146.4824245981502 554.6384214180745 356.3491951718422 884.698434722245 -61.054136455328 542.6152327752126 355.4255357048739 944.83639850687 -44.672934343382096 571.2371527959039 325.48033743719077 901.1592871225703 -20.533270345406603 573.1728914532941 355.8071965414719 890.9150100887708 -202.9492061248788 533.9382018046923 336.0646581192301 807.9344772533819 -120.8414215666155 573.0335910657052 325.7714728405624 905.4901493815423 -71.92870436763027 543.8205964708462 337.3799886224344 992.2389278968687 -30.122746551706054 560.364668509377 334.6852406359705 903.2901204350403 -24.59062627911549 567.8837190814555 307.07191849244407 995.562325827968 26.879846062092493 547.8530477040206 322.4651059086868 824.6953719973928 -116.04202465204835 577.5748753141135 329.64371056140084 807.514941748009 -84.50638681715168 573.6580749478677 349.1076239824956 814.1400970202568 -47.91738798552111 574.9099710587336 347.270379019277 898.1780092486102 -163.61172706711739 570.1493028491539 279.4376217950615 1002.4958176170326 -55.59022960996116 548.1325513972922 345.5847963681111 880.3595595486852 -182.49540131676926 558.4320492890819 358.9827209570053 985.6194957297037 21.47978463389202 537.8971128476023 355.3345060517984 846.3229884918364 -36.03721504004467 554.4384175273691 350.6819634747078 889.8913172021223 -138.0427409088256 558.5826617381969 353.21426473904705 819.565744940779 -85.91823541121522 578.4645567732048 365.5611812494925 984.0395258260104 7.208971284966018 563.3759748471564 356.2573340272779 934.0724558518622 -44.86060945349509 543.2691120677333 368.32742069058537 938.2922226188273 -9.867606263176542 556.5509931579695 345.0822012503855 836.3089766372658 -197.18525259610848 537.9386503566113 350.9037637501919 883.3672515993076 -14.584762837426714 571.0230546516584 320.07150567797873 993.7273273933043 -70.69952595783127 559.272879765152 374.13651767227276 857.9207040820995 -2.9500572577146236 563.2928550211344 351.1720720945619 986.9618387431286 -70.27213653457214 575.6428429905477 337.27455867389864 871.3290863233586 -17.292762098285436 564.636935308974 345.87632373362055 861.7426953185925 18.232905086699905 550.4556284406758 350.2905441684327 940.2465609711613 2.316002223291566 547.5063287550473 362.22945251684854 943.6415033003606 -208.50802494015315 526.5566101959491 330.4303488243005 844.9765385860126 -5.819670423900135 547.376366332777 341.5267877337854 912.6951406748809 -126.63774693633079 568.0962087663356 326.3252127414152 994.8222185709004 -131.86066694389794 563.4633580446612 327.5127622990324 912.7295644446895 -62.0303414806296 577.9801526177198 332.9798906029707 897.5730039760621 -149.45977075885645 559.6550200752728 348.83648279377655 865.1592993754363 -64.42439624393403 546.8233834173179 373.61213968691385 981.0514081707577 -41.092091975097816 563.7179466656219 276.88275727835213 998.6785810287702 -69.37341724624572 548.3525044312194 338.484449744323 890.8440172726426 20.358111617180384 560.5153454454824 339.66370572289935 801.2461982256234 29.74007129370004 541.6332189766821 358.29051596276713 865.3028183446253 -95.03368619093484 575.2356171222509 313.93143330205874 996.484132969082 -47.852403484791935 549.3970734007249 344.66746124135886 955.5875968238824 -78.21271527714353 574.1470444789786 295.08220522139555 1000.228499974199 -24.022613246986136 576.6488937028074 328.57040565837804 990.8780970455856 -147.56148868962825 568.0855849323922 348.27915444778574 840.3328765712407 -135.2440087323239 565.8926084126482 334.4212459657982 835.8112654287856 -151.8740875023201 549.2508747325871 364.0081460835415 859.5774231365243 -208.45154807133812 520.9454104190044 285.3652536052696 999.1597342360318 -38.92905343662591 547.9915924052685 370.73555190352636 873.5566816728906 -103.34358842739162 581.2707694649954 370.71100289095193 842.3066208298443 11.250488002189176 545.1116328897879 347.0999396268584 855.6724595201449 11.795824651971712 551.9933493734368 299.5271730796735 997.5478076728282 -77.16841464340257 566.1284718288929 363.2705844405946 882.479387300246 -21.725100513236033 558.3503236704208 315.4178931179193 825.6450017230042 0.23915812644582957 552.5707610054686
1560.007825810686 0.8895084050382407 0.8895084050381701 3.6675371088475432 7.1714460306966545 0.8895084050383738 1.7790168100765982 0.8895084050382556 0.0 1.7790168100767882 3.5580336201530605 0.8895084050384187 0.8895084050384213 3.6675371088475885 1.7790168100766122 0.889508405038335 3.5580336201530662 3.558033620153271 3.6675371088475113 3.6675371088476374 3.6675371088474624 0.0 3.5580336201532767 0.8895084050384878 7.171446030696543 3.6675371088475703 7.171446030696624 3.5580336201531484 3.667537108847623 7.1714460306966465 3.6675371088475317 3.558033620153104 0.8895084050384249 1.7790168100765564 0.8895084050384551 0.8895084050381773 0.0 3.558033620152992 1.7790168100764798 3.9780025204461 3.5580336201532097 0.8895084050384611 0.8895084050383992 0.8895084050381611 0.8895084050383721 1.7790168100766397 3.5580336201531506 0.0 3.6675371088476276 3.667537108847723 3.5580336201532785 1.7790168100766075 3.6675371088475432 3.5580336201532647 3.6675371088473847 3.9780025204460965 0.8895084050383439 3.5580336201532123 0.0 3.5580336201530742 0.0 3.5580336201531213 3.558033620153064 3.5580336201531075 0.0 0.8895084050383127 0.8895084050384195 3.9780025204460965 3.5580336201531573 0.8895084050380732 1.7790168100766017 3.5580336201532385 0.8895084050382055 3.9780025204459646 3.667537108847603 0.8895084050383996 0.8895084050382335 0.0 0.889508405038298 0.8895084050383867 3.5580336201532106 7.171446030696722 3.5580336201532625 3.6675371088475037 3.5580336201532416 3.558033620153213 3.5580336201531035 3.5580336201531932 3.558033620153198 3.5580336201531284 0.0 3.6675371088475215 0.0 0.8895084050382721 3.558033620153225 7.171446030696623 0.0 0.0 3.55803362015308 0.8895084050381175 0.88950840503832 0.8895084050383189 0.0 7.1160672403063305 0.8895084050382582 0.6226558835266656 3.9780025204460494 0.8895084050384297 0.8895084050384434 3.5580336201531377 0.0 0.8895084050383263 3.558033620153088 7.171446030696606 3.558033620153201 3.6675371088475535 3.5580336201532057 7.1714460306967185 3.5580336201532075 1.9890012602230596 0.8895084050382518 0.8895084050381387 0.0 0.8895084050383063 3.5580336201533 0.8895084050383307 2.490623534107355 3.558033620153059 1.9890012602230436 3.5580336201532274 3.5580336201530742 0.8895084050381594 3.558033620153212 3.5580336201531635 3.5580336201531 7.171446030696577 0.8895084050381841 3.558033620153047 1.989001260223034 2.4906235341071286 3.558033620153192 337.89559200863346 908.1388277824786 -40.94204548674189 570.0422690932797 336.3784931510445 950.2455819255068 -197.1473000394051 540.7123493117595 316.05506862989887 824.4176225934466 0.12202475942140095 534.5515347706705 345.1901282593045 948.5578398087137 -102.9473574635796 564.9900504187549 333.5712004457056 868.1199819798657 -157.02625646769604 566.6622817173426 351.76616137633323 875.5577572838545 8.91871484646561 537.8630681457261 308.517261233207 826.955410748596 -28.189992485850535 551.974541130121 363.03305657105386 871.9443636063093 -37.10930955933898 550.4402428573551 319.799606277284 819.1610148142111 -39.838379838988665 545.1953842378289 299.225209178654 1000.9563040426258 -191.72927439562505 547.5088894024217 339.72465588188993 934.0546686267571 -166.88559688259872 558.957926928863 361.6999649430267 935.440592740418 -148.50577862845006 558.6465471918758 336.8816804667309 990.4698351167984 0.8912655593163334 538.5277823728419 328.68960573097627 822.9430967185627 -153.21602726584845 549.9592446292899 352.12044401392524 887.2676310988451 -66.32141121709262 540.7915027959482 350.7902138768133 946.7028885998363 -48.76671334772291 568.4816400262515 320.2517982713492 905.7935032098911 -27.47504697972202 569.3889127809235 354.04688028678584 893.6010727022855 -207.7754582702949 527.0445817693018 331.2680039939576 811.4214630255989 -126.35165029426913 570.0633339120318 319.05669388799595 910.9256948507453 -81.62132598590473 538.8823962493401 331.60020264663547 993.7867230874326 -35.59875826452266 558.024153738798 330.5693351261795 904.2318972540183 -32.41469804943557 563.6666900114442 298.33943425041036 997.8401871825937 20.611451569932207 544.732813647397 315.4125372716946 830.1206721533332 -121.24289287018257 575.706565601982 323.97410815263424 813.162667821609 -90.40453285797915 568.4060681873718 344.16817421614553 817.4304371348924 -56.74528855426017 570.2990453761024 342.3297508254888 901.4587345424341 -165.55311071470743 566.6281314002952 273.43678735822823 1001.7180373757999 -58.68108002360175 545.6148978560366 339.9930274293365 884.4453461810015 -184.2886372583625 556.0581540434861 349.26140963170127 987.4010395224092 14.59092722145526 536.6252638686188 349.56080766563326 850.1426212998232 -42.688511628717634 552.1405679054119 344.1168498178044 894.30143950262 -144.3295410641012 552.9342794044245 350.3088781430568 822.2916771869201 -89.58601907430234 575.1514435314928 356.75881417803544 985.2421091678148 0.8129977630749882 560.7416648171757 353.1002659981598 936.5027387180388 -51.90598687165538 539.6304637625576 362.4893691194275 942.0127646835637 -13.474869781929751 554.9152079641254 340.9247113648897 838.9912339470591 -202.85260827906225 532.2471691778323 345.6001291826953 887.8739505601061 -18.166635824710415 569.3615921868359 313.3432294077178 995.9582442891949 -72.99086586945629 557.3839901941866 370.633460713778 859.8146267243461 -6.802582345936477 562.2648392925444 342.22335109184417 987.2825794884883 -77.05188045322791 569.8805607006351 332.1099243469038 877.8029745332099 -23.05921442797973 562.9712519735051 340.0509490029282 865.4857461745011 14.336158952249386 549.6443703004724 345.9057652309705 942.5390034355233 -4.127946795615688 544.9885253217766 356.39140612811207 947.3620549068312 -211.7086371242816 520.3885173790055 326.6849783369231 849.981428915489 -13.42604439637355 545.0343500242099 338.47860308519193 915.2628604336751 -132.03314096334134 563.6838866383224 319.5405482650918 996.3261677057901 -136.82200859455682 557.9603500299097 326.17238112883575 910.653937609989 -68.89867779012489 572.3209556280402 327.20751059660677 901.3906881788104 -154.20964206270204 555.8870565376261 344.63645856583355 867.7728254946745 -69.45058445107263 543.6764753715402 362.31451454673174 985.255215243646 -45.29183050534866 561.0971378004979 270.18155394249646 997.6543140727393 -76.70902227149644 543.3116605477289 335.61040957993725 895.4328636507805 16.924276578124182 558.3306979876282 335.1588689089119 805.1344287316475 22.20918463642207 539.210932707683 354.66308112286487 868.7457939307357 -98.75323851789206 571.2567194902231 305.13406712437416 997.8304342866995 -52.684769733949 545.910007321178 338.99232809227306 957.6356978187 -83.37716745875495 571.0709097874957 284.741003745635 1000.8667939583573 -30.571440100863693 574.2970386805307 323.2671853806992 992.2725900604838 -150.51990520400042 565.4222320996678 344.77725740150316 842.2358683546166 -141.9382005937855 559.9482065982 329.32530707892477 838.8794757096724 -159.2992709215129 545.137180491109 362.0157697100788 861.9028309483376 -211.80924532482229 513.3009135225776 278.4040890341329 998.6831046449369 -47.67109030679137 544.3856110670775 366.8273850629072 876.5862381644109 -107.01802888564367 577.9558960519298 366.19315372433493 846.1799751167681 7.208307725278961 544.6696067637225 341.96608857894114 858.6823078202001 5.902322892575077 550.8809189471498 289.69180755839216 998.7108324899095 -82.70889427262964 561.964613042497 359.727509903846 884.3021729875655 -25.69696268493811 556.3606133356374 308.5287736110964 831.6319331224736 -5.92983269699717 549.3512734743981
1570.007825810686 3.558033620153118 0.8895084050382567 0.4447542025192575 0.8895084050383371 0.8895084050381619 1.7790168100765622 3.558033620153138 5.410668396552367 0.0 3.558033620153185 3.55803362015312 3.6675371088475517 1.7790168100765291 0.0 0.8895084050382037 3.6675371088475663 0.8895084050384149 1.779016810076644 0.8895084050380875 0.8895084050383554 1.7790168100766257 3.5580336201531475 0.8895084050381494 0.8895084050383899 1.7790168100764565 0.8895084050383745 3.5580336201532328 3.6675371088475757 3.558033620153188 0.0 0.88950840503835 3.5580336201531493 3.6675371088476316 0.8895084050382784 0.8895084050384728 1.7790168100764616 3.558033620153231 3.6675371088474695 0.8895084050384234 2.223771012595712 7.1714460306965515 3.5580336201531813 3.5580336201531213 3.558033620153132 3.558033620153242 0.8895084050383697 3.9780025204461174 3.55803362015304 0.0 0.8895084050381606 0.8895084050383524 0.8895084050382439 0.8895084050382073 3.6675371088474824 3.5580336201530978 0.8895084050383166 3.558033620153207 0.0 0.0 3.6675371088475566 0.8895084050381221 3.5580336201532523 7.1714460306966545 1.779016810076703 3.558033620153168 3.5580336201531333 3.667537108847655 3.558033620153185 3.558033620153224 1.779016810076638 1.7790168100765762 0.8895084050381954 3.558033620153118 0.8895084050383019 0.8895084050381916 0.8895084050384107 3.978002520446198 3.5580336201532403 3.558033620153313 3.558033620153088 1.7790168100766175 3.5580336201531324 3.6675371088476663 3.558033620153102 3.5580336201531084 0.8895084050382105 0.8895084050383333 0.8895084050382147 0.0 3.9780025204462524 3.6675371088476676 1.7790168100765844 3.5580336201532865 3.6675371088475917 3.6675371088475575 3.5580336201532874 1.7790168100766368 3.558033620153121 3.6675371088475415 3.55803362015318 3.5580336201530187 0.8895084050384005 7.116067240306271 0.8895084050383362 3.5580336201531 1.779016810076639 0.889508405038237 0.8895084050382724 3.6675371088475996 0.8895084050384182 3.5580336201531813 1.779016810076595 3.9780025204461302 3.558033620153188 3.6675371088475477 7.1714460306965995 3.6675371088475823 0.8895084050383842 3.978002520446195 3.55803362015309 3.558033620153277 1.9890012602229457 3.558033620153089 0.44475420251926867 0.8895084050381379 2.4906235341071756 7.1714460306966865 0.0 0.8895084050382343 3.5580336201530014 0.8895084050382668 3.5580336201531093 3.558033620153268 0.889508405038473 0.889508405038253 3.5580336201531075 3.558033620153182 0.8895084050383153 0.6226558835269583 0.8895084050382878 335.81837841582774 910.3814019728103 -45.49555374785973 566.1410311534506 329.4003567945951 955.9266853312656 -201.53775131572175 536.464127206629 311.47366641916403 829.8822165859331 -8.283710279927998 531.4931316925589 335.79420940795546 952.0778321845128 -107.9616554945385 559.5400573259743 327.5497058307809 873.3435668841378 -159.89783625145634 563.8976119084972 347.80977260713235 878.5280443919637 1.257885255852754 535.6931299521043 304.9600750356785 830.4644385058741 -36.16813630839064 547.9623197628839 356.90037649045377 875.2280647296192 -42.996345877742044 547.7696529657056 314.34863795629406 823.4299578446197 -46.11031622813985 543.1545447563112 294.29538367129015 1001.4282755684948 -197.17116340946762 542.7982181576011 337.0936653304019 939.328765015889 -168.4502931508647 556.4270676564016 357.81626535056364 938.584932431166 -151.4203269819752 554.6525376875063 331.09261639938944 992.2893179352934 -4.054063760498225 536.2866543141055 327.6643763651016 824.9000173548189 -159.89821436793952 543.9034848458381 347.8685384447809 889.7980033052088 -72.96998711875291 536.5011406858259 343.29850385421247 950.536141099178 -54.65434949861378 564.8382030902318 313.21341086529117 911.2833595107751 -29.69599495265115 567.2873648176051 347.32514066094694 897.7732800852697 -211.9832368227329 519.7802121361207 327.9943083633614 815.3239419800638 -132.1696337068308 565.9445983312895 312.51286577000434 916.0882796731959 -91.34612914052137 536.0441776350743 325.78471791988 995.2870546301293 -42.14175168434297 553.5648229091582 327.6635401436234 907.0115651536245 -37.81151214621488 561.1306204410306 287.46111862726457 998.3998749022248 13.062178869343235 542.3245892426029 308.66006615348533 835.9545167703012 -127.10548918058849 571.6482829982975 320.70062125703754 817.0653716565115 -94.11136164253604 565.1297395656977 340.67915872382196 819.351414187416 -59.07697113576313 570.0393967444852 339.44331424240966 902.4644121229878 -166.0166936123274 563.2207034105517 266.63558559033567 999.4577116806886 -66.863912165464 541.9117290517624 336.0105731864716 887.3802609145315 -188.55909304645996 554.167424751353 341.6175053985497 990.0289937955345 10.561528116105112 537.3625166756119 346.0315630582561 851.9870432545822 -49.70700057191103 548.46881968294 340.8127965817344 896.4748234345012 -150.40536967995556 548.9472982226217 344.1151504470447 825.5268868974993 -92.42910065058834 572.4029102807142 347.07449671576416 987.4654548245038 -4.615168746171901 558.3528909952316 348.96602662528034 939.2211294373934 -57.604070084975874 537.5646699007065 358.9564894756188 943.8041196181831 -14.76184650069315 553.1507255536201 337.40962225702043 840.8655536307891 -206.39177715526688 526.3171216229741 341.7606397728108 889.2411122871154 -21.430762682685657 567.1032453450312 305.52153654031144 998.1499310553224 -77.41985372342752 555.0697576625001 366.4239180432041 862.4162518627973 -10.35669261966647 560.5316925233725 335.4116029692822 988.7747612279456 -81.5278939139086 565.9773393839988 328.5256506401006 883.1341157488024 -27.26162597396715 560.3691800599074 335.8179788893122 868.0499128475407 12.330880920634236 549.3720063725112 341.29543490563935 946.3974022503899 -6.712854694724028 543.5632013426894 350.1024176328106 949.3412387207381 -213.22052385540903 512.166343627728 321.79672235480524 856.864591429993 -21.805256796276677 543.9406261711939 334.0179408817993 919.2935160111823 -137.79178029340227 559.484580664808 311.6654529249215 997.3371767799861 -143.65671066219613 552.0702740150765 320.8196423487258 911.4989839782553 -74.35945321612925 568.0639301814233 323.20640828626927 904.3018177382801 -158.98479026909018 550.2153777585179 340.2693780513308 871.021466105043 -75.9833327155187 541.0750790100024 355.59847183246706 987.3924405610006 -46.96601507109451 560.0472918238715 261.1014591316166 995.5848556965743 -82.96819602766422 540.3319259026208 331.18985944091315 899.5092893347481 12.672550944945078 555.6559941180312 330.1404022749346 809.9983687024517 18.393033782676902 540.9169681868111 349.7579855691587 872.0786367239604 -102.12048731457106 566.3002899391935 299.24824320218994 999.061562979673 -59.67460531736113 542.1794782591717 334.3320126408204 957.5102688171592 -88.01179317099243 565.8800099771902 273.411503324037 1001.3061526253389 -34.98719123825195 572.0899054779788 318.9244024240934 993.6028315410375 -155.08489326395926 560.2145301210998 340.8760917658989 845.2740566819903 -145.79145221958314 556.0836232337426 324.1226206502262 843.4994125638806 -166.0588449108094 540.4713604967101 359.71270237452165 863.790061845971 -215.91314864966589 505.6311682442174 271.54820805688297 997.2998452944726 -52.82167361138479 542.3850001620924 362.6056924415996 879.1690751363276 -108.8687113914427 575.627106793265 362.2913043003979 849.2226310727087 0.11688798180005677 541.123987136442 336.112360499493 862.3801490150428 0.4521460725507533 548.5827291334465 279.821241084665 998.9366917208029 -88.40762369410069 556.4622901923057 355.8967558209887 885.6869341354835 -31.974921343395913 553.3823099253347 302.647383963132 835.4808378460864 -8.72318566251614 548.3429409043225
1580.007825810686 3.5580336201532106 0.889508405038264 3.5580336201532408 3.6675371088475255 0.8895084050381838 7.1714460306967105 3.6675371088476205 3.799981572069231 3.6675371088476845 0.8895084050382399 0.8895084050384329 1.9890012602230895 1.7790168100765524 3.6675371088475726 3.5580336201531235 3.5580336201531355 1.7790168100766381 0.0 1.7790168100766515 0.0 3.6675371088475934 7.171446030696506 0.889508405038277 0.8895084050383414 1.7790168100764654 3.558033620153092 0.8895084050382703 7.171446030696631 3.5580336201531204 3.9780025204459624 0.8895084050384382 0.889508405038183 1.779016810076592 3.55803362015322 3.558033620153206 3.558033620153049 3.558033620153182 3.558033620153034 2.4906235341071854 0.44475420251922393 3.558033620153183 3.5580336201532203 3.5580336201532337 3.5580336201532567 3.55803362015318 0.8895084050384131 1.7790168100767798 3.5580336201531 3.6675371088477373 3.558033620153108 0.8895084050383779 3.5580336201530742 3.558033620153104 0.0 1.7790168100767498 3.5580336201531835 3.558033620153116 3.6675371088475477 0.8895084050382016 3.6675371088475672 0.8895084050383661 3.55803362015313 3.5580336201530947 10.67410086045962 0.8895084050383879 3.558033620153176 3.9780025204460085 0.889508405038435 0.8895084050383252 0.0 3.6675371088474513 3.558033620153239 0.8895084050383769 3.6675371088476716 0.8895084050381421 0.8895084050384588 1.779016810076514 3.55803362015312 3.558033620153216 3.5580336201531297 3.6675371088475806 0.8895084050383429 1.7790168100765766 0.8895084050382226 0.8895084050381475 3.558033620153142 1.9890012602229792 3.558033620153135 1.779016810076616 3.6675371088476583 1.7790168100764792 3.6675371088476236 3.6675371088475184 1.7790168100764983 1.779016810076541 0.0 0.8895084050382547 3.558033620153047 3.5580336201532194 3.558033620153117 3.558033620153168 0.8895084050382072 7.11606724030636 0.8895084050384455 2.490623534107218 3.6675371088476103 3.6675371088475957 0.8895084050383889 3.558033620153092 0.0 0.8895084050383153 1.7790168100766035 1.9890012602228953 3.5580336201532163 7.1714460306965195 3.5580336201531306 1.9890012602230716 0.889508405038431 3.978002520446154 0.8895084050382795 0.8895084050382575 3.5580336201530547 3.558033620153116 3.799981572069303 7.171446030696756 0.6226558835268138 1.7790168100766814 3.9780025204462244 0.8895084050384542 3.558033620153057 3.5580336201532434 3.5580336201530884 3.5580336201531937 0.8895084050383604 3.9780025204460046 0.8895084050383155 0.8895084050384227 0.8895084050382212 3.9780025204461382 3.5580336201531146 329.187097939393 914.6879440939243 -48.53514774978503 563.5628521481917 320.09206271241715 961.5450742362534 -202.99139281584124 530.4624573034663 306.70778767125216 833.412114889224 -17.09963283371865 527.0070802827706 329.53021003051407 956.0489223873826 -119.30212827354279 549.1515164184386 324.91082608231727 878.3289977460922 -161.56427180737626 560.1771504277573 342.86576231401466 881.8039669556374 -5.79028545553633 533.216214646256 300.6655094049804 834.6098517246159 -42.700055312393076 545.3713512020439 354.2968712878048 876.6667469536969 -50.76006517188505 544.3345253988043 309.630025193233 827.8656595149859 -51.99039864232305 539.5091420621609 286.8615715333311 1002.0482210641346 -197.75702342291342 540.8544833092684 334.2121289611072 944.1769077189366 -172.03741208530582 549.2316680072423 353.7321634838608 940.4138519704444 -156.26834178447393 549.6629525550848 326.2253713446618 994.2764348190607 -11.268456239893453 533.0374609835286 325.98520465393744 827.6390169877086 -166.31268398075693 537.6575602361969 342.63739397119525 892.6347894778581 -79.9860784515336 532.8423945075161 337.43546565806616 952.2647805665234 -58.242657594102866 561.3608329722914 306.7303466270604 915.8162752129668 -34.769306765236145 564.223520816629 342.7846611903912 899.8588041238562 -212.99937360986877 512.4160578216765 322.29385183811837 820.0886569851473 -137.44729699920453 562.5900481104292 306.70171679798557 920.5653590928345 -99.07443137957323 535.7222377054177 316.89055562197154 995.3549785295314 -45.214730722041956 551.0310876590597 323.7896413566301 910.1192307645708 -42.3845451527564 559.1266757701777 279.5333708704738 998.3333844083508 6.3755238456243575 540.3262220325446 301.9373941434799 838.5178194502045 -132.27219304109443 566.9434208557497 315.0607433710965 822.7451901729535 -98.65696875736631 561.2898669566721 336.4496487456821 823.6236453266444 -64.93692330066902 564.7050062253494 333.7755292612751 906.4404339759407 -167.52049439929877 556.8761498878599 258.80596541823525 995.8805191852791 -73.93252089534049 538.2933760052407 329.39529085284846 891.7093359350756 -193.17694946971127 548.8989607945568 337.75581974863434 991.3399464729073 1.814246406780513 535.0490259461488 342.7652389406258 854.2137733883048 -56.94236667649063 545.1315362509046 335.8471406699514 899.7160149867243 -156.9703170662507 542.1626209504008 339.15013518709816 828.7781690147425 -96.67392971517019 568.2649731066581 342.16085884333165 988.0992305691982 -8.599537033234013 557.4719496958297 344.83178530019495 941.9395169276675 -64.12500830012486 534.940579397446 353.0934514770406 945.532760218409 -17.46636519773257 551.9131287861127 335.50773622863284 841.5965991222428 -208.44622271670303 520.6697862802475 337.2229077410768 891.3329852692318 -24.84330179036575 565.1236251634062 297.5896531956468 999.4277490027692 -83.43407384992197 551.5716418174543 361.7824599739597 866.1373428612732 -15.049843659161724 558.8086353485138 327.5447063567354 990.2568769443897 -84.24181404597961 564.5695987790459 325.8709712738903 888.1099441803235 -31.106464138560955 557.1807381329554 330.874581931728 871.3254055328006 7.170160901865377 546.4040615572006 338.4891861802774 947.4746974120653 -13.923730044941465 540.2919578707488 345.3168317679316 949.0028359962336 -216.6411175747316 505.02018916291655 318.7637886346046 863.0258871818294 -28.168903460398237 543.0116303699007 328.0949428928871 921.0455528180823 -141.45774302707926 556.0838726604704 306.6700095008801 999.9848566942784 -149.973233489016 545.7292051442078 313.66106392475695 914.9987139222833 -78.2410930189826 564.9960678871803 317.1194198334901 909.4443300889525 -163.85071029319494 543.9818116309071 335.3268109370617 874.2968660578089 -79.97338039062697 539.0475587179293 346.9343834773947 990.1759872055185 -51.24053836877648 557.5524366626876 251.557712405461 992.5472115679859 -87.11018856189224 539.5924032036107 326.6209806694765 903.3614170698336 7.669439718477727 552.3377357068089 327.8120723674377 813.5206938853755 13.828474580323345 540.2206809991308 347.15817860698456 873.518558805294 -107.34133783970785 561.7009970251563 290.82065452672106 999.9002221237091 -65.93139734074744 539.1387213867756 325.43717454808024 961.8821609741273 -92.38505890549233 561.8770874344511 267.12050455639354 999.9091909072159 -38.09105445458795 569.5978551364462 309.04014765973204 993.7955831417403 -158.34030393796323 556.4875623752781 338.300561057178 846.761801327818 -150.56488720838962 551.6742147630919 319.58229350365417 847.3465808647036 -174.1496377598986 536.9097920081529 354.7939508985978 867.0995198784852 -221.35892058269263 499.6142505980848 265.2407208349139 996.0360536667399 -59.088614985895084 539.3648414158386 356.99235569562757 883.2210026797927 -113.2062034974853 571.5516710486652 355.48326326169035 853.275013241945 -5.288574549866343 538.6613438359184 333.78252245702095 864.2313390228496 -2.3238567820640124 547.4665876244854 273.3246845902675 999.0720664925149 -91.78381497590013 554.356959105089 351.22019486682217 889.3697999123278 -34.35712682055084 551.5959361230939 295.1275770202187 839.9849144462768 -15.927794139710562 545.060447808696
1590.007825810686 3.558033620153228 0.8895084050381199 0.4447542025192575 3.6675371088475117 0.8895084050384604 7.171446030696662 3.558033620153166 3.6675371088476476 0.8895084050381893 0.8895084050382351 3.558033620153104 3.6675371088476165 3.6675371088475996 0.0 3.5580336201530156 0.8895084050382165 0.8895084050382174 3.6675371088474975 3.978002520446024 0.0 3.6675371088476836 7.171446030696609 1.77901681007661 0.8895084050381973 3.558033620153074 3.5580336201531493 0.8895084050382821 3.9780025204460046 3.558033620153055 3.6675371088476103 0.8895084050382267 3.558033620153076 0.0 0.8895084050381743 3.5580336201530622 1.779016810076568 0.8895084050384039 0.8895084050383619 3.55803362015318 3.7999815720692522 0.0 0.8895084050384398 3.5580336201530574 3.5580336201531155 0.8895084050384474 3.9780025204460645 3.667537108847647 0.8895084050382502 0.0 3.558033620153107 0.8895084050382439 0.8895084050381681 3.5580336201531013 3.6675371088474438 3.978002520446099 7.171446030696648 1.7790168100764892 0.889508405038317 3.55803362015309 3.6675371088475655 0.8895084050382747 3.558033620153197 3.5580336201531786 1.7790168100765615 3.558033620153108 3.5580336201530343 1.779016810076428 0.8895084050382102 3.55803362015314 3.6675371088476045 0.0 0.8895084050381881 0.8895084050381333 1.7790168100765857 0.889508405038131 0.889508405038295 3.558033620153143 3.5580336201532035 0.8895084050382548 3.5580336201532288 3.6675371088474664 0.8895084050383425 3.6675371088475073 1.9890012602230487 3.5580336201532 0.8895084050381881 3.558033620153017 3.5580336201530653 0.8895084050381047 3.6675371088475637 0.0 0.8895084050384505 1.77901681007654 1.77901681007654 3.5580336201532474 0.0 3.558033620153203 3.5580336201530254 0.0 0.8895084050383979 3.5580336201533047 7.171446030696586 7.116067240306336 0.8895084050382024 0.6226558835269789 3.5580336201530653 0.8895084050381641 3.5580336201531266 3.5580336201532163 7.116067240306354 0.8895084050382416 3.6675371088475495 3.9780025204460783 3.9780025204460583 3.6675371088476636 0.8895084050382447 3.558033620153124 0.8895084050383472 3.6675371088474433 3.5580336201530685 3.5580336201531133 0.8895084050383967 0.8895084050381764 1.7790168100766683 3.558033620153224 2.4906235341071756 0.0 7.171446030696618 0.8895084050383727 1.77901681007658 3.558033620153168 3.558033620153166 0.8895084050384714 0.889508405038344 3.5580336201532066 3.5580336201530653 0.8895084050383384 3.5580336201531138 3.5580336201530276 3.558033620153128 323.6792877431043 917.0973876453261 -53.185875526780556 559.8524852564125 312.7381149192532 966.5872506428086 -205.8411711821766 526.3935709406395 299.81854106342513 839.8666065878373 -27.14944580456657 522.6070917024296 321.3869948261154 961.6986685658188 -125.27568457302732 546.5175311967432 323.37279684873 881.3978792143062 -164.8142171365522 556.4403433330502 338.3244043683971 883.8890948113468 -13.323187398168564 529.4678198464053 292.01646521374425 841.196044064578 -49.328023713291984 542.9008792460743 350.4487788287978 878.0118492945585 -56.41213135571722 543.0900496120661 304.70539494401584 832.8219100495041 -59.177933223318725 536.9991866578167 278.88287902388066 1001.7883130415282 -199.98095704369442 536.4300976857415 330.07788635607994 946.8952932461744 -174.9805373266976 542.7911730928803 349.2722495282696 941.6038434004166 -162.30812874498113 543.084360734786 321.2144587428098 996.1001602274376 -20.995331042097497 528.1514006048334 323.08397516271737 830.3691196949458 -170.21982582330716 534.4733698422189 336.7067570464763 896.205912191691 -85.52739134546744 530.539320177775 329.8936124346295 956.9874939248833 -61.44594032958908 559.0455695909305 300.0957086264525 921.9238046761276 -37.40279315815041 562.8397527684687 338.37437146427317 902.1423095172341 -216.70127027403146 508.8221454490105 319.1180787782456 822.4430001092331 -141.9495381790209 557.3324881548041 298.2686022794481 926.992298200306 -104.56702750024986 537.4841574732714 313.8992928624551 995.4145376616962 -47.997121890953686 548.0547688907186 319.362265698482 914.1867990227046 -47.88244780282153 556.7056773104523 274.7113994280012 997.233621235928 1.4174777138714716 539.0703835982401 292.9539903894703 846.3008979276742 -135.35433701854677 563.0815392408213 312.6399031910705 826.109585891534 -103.1908460813873 557.4370492476185 332.88417000710814 827.1236305748258 -67.71944340373861 561.8519518919145 328.80573385924885 909.6750014366679 -171.36834717667682 549.8789492091529 250.44957263385658 994.7395600929484 -78.46586900268014 536.1971936464508 324.6685348414263 898.0330098333197 -195.6504502580472 544.612702515188 328.3655434494582 992.598992118416 -4.9673134467521844 532.9825903246019 338.803002933651 857.1753990772214 -62.47759379616266 542.785197959371 329.77081930424805 903.9686873587821 -162.25609952431927 536.8742984152767 334.0444360346446 831.8346782932067 -100.73562069311313 565.3568703274293 332.21992626174455 988.5486934513444 -10.338333476875402 556.5161925122213 337.039391567992 946.2362798499711 -72.15770323186332 530.9945474288744 347.2304131355106 947.2613991325775 -19.635573278450778 549.7520137374253 328.3540479024767 846.8914333927655 -212.9000594937097 515.2324766960179 332.67844699920994 893.4110131812641 -27.949608920459276 562.6262465020635 291.5146222288216 1000.3177746906566 -87.23218532476248 548.3972002109166 358.48908313617375 868.3247627917121 -18.44627934883344 556.7944995624932 320.1156105996777 991.5241534004011 -87.20229635013786 561.9501328305639 323.21241879411707 893.0840533020067 -36.084226154046306 554.8805889945518 327.9869158915975 872.3278968653393 2.671261930659234 544.3435020269893 330.9473330643641 952.1974109362695 -18.787215785736006 536.8568635039687 339.2032520826377 950.3055229502048 -221.51975950136062 499.81878800227406 314.61459103433737 867.514488249892 -30.994343236318027 540.0686190882634 320.95069436823434 922.7535232991343 -146.74943116790763 550.1789040666047 300.6975666451053 1000.3667437392942 -154.667006485694 539.3711850910621 307.3130865687874 919.7383136757433 -82.3982117597307 560.7390388289883 313.5227801575148 912.9745577971414 -167.71319445528968 541.3296963063189 329.6728430804824 878.2921444864988 -84.48188510805774 536.8963915201734 335.1005748409735 992.038848833532 -54.263108456603995 554.9552728083806 245.02551715769596 990.9647660234851 -91.47208655343003 539.1737616085189 322.461827201291 907.8407408142045 3.4134832600376104 549.8216579866549 324.6967067958296 817.6340172008647 8.948439973440097 541.0131571592857 343.4356494205188 876.8518106420771 -112.76673962662154 558.6069742477922 285.120918590319 1001.0345636590907 -71.5893310142142 536.9536290855067 317.84518114047137 967.4943418380922 -94.73896447945943 560.0677548532624 258.97692099028797 997.7818487132971 -39.21652102253393 567.6970779792497 302.9038511423527 995.7740217913055 -161.9947013984496 551.8127557306148 334.0886585866678 849.3583739080066 -154.7725404217259 545.5586353278508 317.6014559763571 849.6716429306533 -179.80097251053948 535.8061057807724 348.2048935467679 871.4688829109513 -225.6706155850125 492.7391371754546 257.64260599201003 993.6979902985805 -66.98471414310629 535.198531958053 352.4566391606032 885.3167589159033 -114.33982313080566 569.9088877502203 350.8439518416443 857.0001771806664 -10.198061855632833 535.2893677827454 330.7494699629421 866.8142313435665 -6.768300900740219 545.2839737188823 265.3872599600729 998.5119433931144 -96.05659414044388 550.2195474054977 347.2198020004869 892.2824019486112 -40.01923319044867 549.428518595256 287.0848901461498 847.6679865932447 -20.55219996224901 543.1778172153745
1600.007825810686 0.8895084050382346 1.7790168100764703 5.410668396552184 1.7790168100766555 3.5580336201531884 7.171446030696662 0.0 0.0 3.558033620153023 0.8895084050382985 0.889508405038281 3.6675371088475055 0.0 3.9780025204461142 3.558033620153192 3.558033620153142 0.8895084050382825 0.0 3.6675371088475197 0.0 7.171446030696716 3.5580336201533127 0.8895084050383115 3.558033620153268 0.8895084050382892 3.6675371088475544 3.558033620153179 0.0 0.8895084050381787 3.558033620153257 0.8895084050383387 0.889508405038305 7.1714460306966865 3.558033620153161 0.8895084050382169 3.667537108847591 0.0 0.889508405038204 0.4447542025192677 3.6675371088475184 7.171446030696631 3.558033620153149 1.9890012602231841 0.8895084050382993 3.558033620153092 3.9780025204461005 3.6675371088475806 0.8895084050383845 3.6675371088475313 0.8895084050383236 0.8895084050382001 3.558033620153078 0.8895084050382105 0.8895084050381821 0.0 3.6675371088475686 1.7790168100765136 0.8895084050383242 0.889508405038465 3.6675371088475632 0.8895084050382097 3.5580336201531444 3.55803362015307 3.6675371088475943 3.558033620153224 0.8895084050383154 0.8895084050384738 0.8895084050381694 7.171446030696672 3.558033620153164 3.558033620153283 0.8895084050383755 3.5580336201530716 0.8895084050383315 0.8895084050381785 0.889508405038254 0.889508405038142 0.889508405038347 3.5580336201532234 3.5580336201531604 3.978002520446016 3.9780025204461005 3.667537108847631 0.8895084050382758 3.558033620153133 3.5580336201531155 0.8895084050383589 3.9780025204460645 3.5580336201532545 0.0 3.6675371088474877 3.558033620153201 3.6675371088476063 3.6675371088475126 0.0 1.779016810076646 3.558033620153244 3.558033620153245 3.9780025204461453 3.5580336201530782 0.8895084050383361 1.9890012602230407 0.8895084050384003 3.5580336201530605 2.490623534107218 0.8895084050383479 3.55803362015329 1.7790168100767096 0.8895084050383478 0.0 0.8895084050381371 0.8895084050381935 3.558033620153227 3.558033620153158 0.8895084050381709 7.171446030696586 0.0 0.8895084050381218 3.6675371088476156 3.558033620153063 3.558033620153308 0.8895084050382323 3.558033620153088 3.667537108847679 0.8895084050381245 7.171446030696619 3.5580336201531684 3.558033620153196 0.8895084050382136 3.6675371088476014 3.5580336201531098 3.5580336201531506 3.55803362015326 3.5580336201532208 3.978002520446092 0.8895084050383064 3.558033620153069 3.55803362015312 2.490623534107236 3.55803362015308 322.02398796630615 918.1782049687588 -58.643566683965766 557.3330046275454 304.0716982429056 972.0370674592701 -209.49412164685094 523.9047380309847 295.5695606862385 844.0674565035399 -36.02960122795163 518.1829712024119 317.50329293588027 964.8430051447714 -129.638112591813 544.882491484103 318.4057684445329 884.6373566842811 -166.73745433243764 554.14183928898 333.6280544659141 887.5434944675251 -21.681940152525602 526.0686255333922 289.72714013948945 843.8952301404537 -56.89529127341388 538.2230255584908 348.10308631725775 879.8424972710251 -61.62574426938348 541.1223879542657 299.6427171739642 837.5922663046407 -65.22477608597693 535.414307199569 269.684681676701 999.9199031719219 -202.55807138350787 533.3411744093262 321.6841302999128 952.1190882421904 -179.57283770204126 536.327184197575 343.91029284670526 944.1843840465516 -166.95722707327283 536.0823051191065 314.3027238028373 995.6303719451429 -28.787138202876196 523.8374399829778 319.60447611617906 832.3088518435759 -176.28526460590362 530.0082743851165 334.76275325170036 898.6531650171858 -92.93211696558977 527.4224466578116 324.30610524209266 961.1339943693706 -66.00874734347263 555.2284959785899 294.2883509092137 927.490580967343 -38.511519797160055 560.9248207738518 334.3702637461708 905.0484654379758 -220.93247646756274 503.2599722239757 313.47933393498516 827.282884061269 -143.9204053427344 553.8764160534466 297.14932045610817 932.5057960336588 -110.80357907164742 536.4475533843013 306.72109739551934 997.2007029202374 -53.35842245692659 543.6205440717066 313.8404429910818 918.3840063778231 -49.249767851306295 555.1944101577202 266.9779475293895 995.5838245462828 -4.911962468034516 536.1959405048282 288.1162984115368 849.7437265765307 -137.75479481345025 559.9521721000234 304.7749409222873 832.0914886731782 -107.39055455583512 553.2543976738128 326.70586503419975 830.3903861771404 -72.08076012007469 557.8013373715245 326.8801578742623 910.3414638732323 -174.8507723226234 543.849114238155 244.04013191137702 991.7418736318339 -86.77381114526072 531.7163733620788 322.015368816606 903.009496595728 -197.54099829524074 542.2741438668606 320.02009044950404 991.9982191683298 -12.285425329634641 531.7361912893984 336.7471863736967 859.4364929354825 -67.4337342772544 539.5361731609622 326.32472616953225 905.9222363390661 -167.46469480632803 529.6494165385562 328.9394317527943 834.8909331970393 -102.66431589863289 563.0950146120756 324.28712120386245 988.5305920074662 -15.662826057329909 553.8725607205182 329.7982191251436 950.4954764752101 -78.20911924951605 527.5924051396531 341.392365202512 950.9819486177795 -23.86140945925865 546.254100292089 322.7904222339427 851.0115529183204 -215.6880121877634 512.2604903819264 328.6740112990303 896.3175055951206 -33.64522067102117 558.6905444582152 286.6185979250217 999.6538799524618 -88.5027471165769 546.8034823024335 354.2273026472188 870.8378927618638 -24.002465682763095 554.4895167113783 312.2906508966188 990.5069754152707 -92.6110565092951 559.104938830694 320.98124123327364 896.8998904746855 -42.147843492085414 550.6118892355938 322.86864119949576 877.1437829144045 -2.69328859212071 541.7663510825048 326.21172857915053 955.8428295196131 -23.83182043001838 533.7249583283425 333.66588490939864 953.5625556468644 -225.00433040773862 496.1033398405226 312.1135031231407 870.9160258185248 -35.01285896582376 537.1828776222574 316.0027324955374 924.215210429329 -151.22889196529962 546.0973024620444 296.0693260640996 1001.1314865748078 -160.2296576437804 534.776562916486 302.34925918964973 922.9826910987302 -88.08669979130742 556.7280291974603 308.00153825967686 917.1727149958049 -172.05315032765833 535.893958396881 327.1895439300238 879.912324614783 -94.93606578105162 531.1538888853363 328.62702673293865 992.2532218307812 -59.17722983685014 551.6324265776205 237.0856698622916 988.4491357560009 -94.1101765060445 536.0786556643413 318.4593513147258 910.7498210476216 1.0304201300333287 547.0528583344653 320.170792058607 820.6554235369777 2.9305278243134767 539.5831575278604 339.16370506271005 879.347647142564 -116.38988937068994 556.4726560054424 276.44792002451504 999.0564248089638 -77.73239487781491 533.6943605206741 313.68330161358665 970.2267293187161 -99.99124823422176 555.5636814464282 253.66925529912217 996.6095378490373 -43.47516356984716 565.1817657353247 295.6546031141285 997.3544092893404 -164.5873007364158 547.5806140416832 328.9127941127758 852.2945832114502 -157.45307092080444 542.6057172723664 312.86889088148905 851.5566395870545 -185.1919773732747 529.7703500833285 344.76479564158035 873.4323160363264 -229.7922594154429 488.1340993854804 251.96530383120106 991.9160403685056 -72.89270470119858 531.5895901945868 347.7616921389803 888.9733111079719 -116.84463143046194 564.1809155244621 346.8706029639293 859.9503877717578 -17.85201370501155 532.6581960392418 324.82233431289563 870.3910121485018 -10.618861545687619 542.0920399255607 260.61427285601525 997.2012553181148 -97.8469042237123 547.7429315532814 341.5601674142125 896.2691774986469 -47.580129170852956 544.7311372846308 281.90778990844433 851.3164667936953 -25.83723120611414 540.4561087407359
1610.007825810686 0.0 0.8895084050382648 5.410668396552184 3.6675371088476085 3.6675371088476045 0.4447542025190376 3.6675371088476005 3.6675371088474926 3.6675371088474495 0.8895084050381794 3.5580336201531213 3.6675371088475193 3.9780025204459712 3.558033620153112 0.8895084050382586 3.5580336201531386 0.8895084050382885 7.171446030696794 7.171446030696608 0.889508405038377 1.7790168100764299 0.889508405038401 0.0 3.558033620152979 3.558033620153175 0.0 3.5580336201531577 1.7790168100765507 0.8895084050383832 0.0 0.8895084050383943 3.558033620153113 7.171446030696697 3.5580336201531626 3.5580336201530742 1.7790168100766255 0.8895084050381984 0.8895084050382791 3.7999815720691252 0.0 3.558033620153091 0.8895084050381256 0.8895084050384162 3.5580336201530924 3.5580336201532416 3.6675371088475246 3.6675371088475313 0.8895084050383827 3.6675371088476503 0.8895084050383314 0.8895084050382128 3.558033620153124 3.5580336201530978 3.558033620153275 1.779016810076508 3.558033620153226 7.171446030696552 3.558033620153324 7.171446030696657 3.5580336201531026 0.8895084050383117 3.558033620153264 0.8895084050381535 3.6675371088476205 3.558033620153262 3.558033620153229 3.6675371088474664 0.8895084050383287 3.558033620153033 3.6675371088475623 0.889508405038459 3.5580336201532266 0.8895084050382315 0.0 0.8895084050381233 0.8895084050382023 1.7790168100766548 3.558033620153089 3.55803362015298 0.8895084050384559 0.0 0.8895084050382609 0.0 3.558033620153222 3.558033620153192 3.55803362015307 3.5580336201532408 3.5580336201532092 1.9890012602229388 3.6675371088475863 1.779016810076455 0.889508405038125 7.171446030696567 3.6675371088474775 1.989001260222964 3.5580336201531413 3.97800252044592 0.8895084050384247 0.0 3.558033620153133 3.5580336201532448 0.8895084050383121 3.558033620153197 3.558033620153054 0.6226558835269674 3.5580336201530858 3.6675371088476774 1.779016810076535 1.779016810076476 3.5580336201532266 0.8895084050383366 3.5580336201533167 3.5580336201531853 3.5580336201531937 8.895084050382904 3.5580336201532896 1.779016810076427 0.889508405038313 3.558033620153147 3.558033620153029 3.5580336201532847 3.5580336201530987 0.8895084050382275 1.7790168100765327 0.8895084050381661 7.171446030696552 3.9780025204461764 7.171446030696488 3.55803362015322 3.6675371088475632 7.1160672403062515 0.8895084050384415 0.8895084050383922 3.558033620153166 3.6675371088476196 0.8895084050382307 0.8895084050382102 0.0 3.5580336201529668 3.5580336201530987 318.84973341317567 920.5477149229464 -59.420747180842184 554.98205106236 286.30346838273226 970.8840060403422 -213.07573189224163 517.9779205239438 288.8873206725052 848.3606496682049 -43.28039624866902 518.6681203930272 313.05462306054847 967.1136816213583 -135.78885534906223 539.5365061859726 315.8884140326015 889.8214201680986 -169.16664806811883 549.8316176314245 330.5874902495061 890.118069613106 -28.445693719821787 523.8148040261623 282.7516004138125 847.8229008045465 -63.83804847745028 534.3558993197281 343.6782973124034 883.912387311512 -68.77141604064896 536.6768504885484 294.93770992701064 842.8080962506164 -71.80302698494698 531.029276751886 262.98680814392367 998.1691712809708 -204.91551083472686 530.1296875978348 316.0949744128085 956.4629920215539 -183.2067789630861 531.002411390929 340.10219253229167 945.4951220271934 -169.07851929492827 531.5998495485118 311.2658822151448 995.8917280399199 -34.64849101363187 520.1569983087109 312.58738423949865 837.7809746378242 -181.8377537174186 525.1941205200444 328.834464714576 902.2278617704497 -96.35683606690566 523.0542665132605 322.77913900112765 962.2096777687175 -68.58059927592603 553.7213939666668 288.6323888585791 931.4824959541986 -43.70513899294766 558.0195337370452 329.13479334192243 907.8769377398271 -223.71426911035348 500.26479597712904 309.8412929150426 830.6627350343858 -146.1184386070058 549.39074881177 290.5308704217717 936.8316113745386 -115.10637424130337 533.4656732120636 300.40359958703453 998.7804253352599 -60.59222642618278 540.180489672266 309.7037432770669 921.0873867734999 -53.86190579633638 551.4296998813302 258.24734912712717 993.864939064315 -12.885059268182392 531.2302381424406 280.92864060991457 854.206702640289 -140.05206295379244 556.7257503304712 300.8554898986451 835.0983905515345 -111.41593108563973 548.8802030607359 321.91589633212106 833.88365875481 -76.76492989692412 554.16788542002 320.5310168498197 915.0796428600393 -177.60900670767649 539.7287551986544 237.67925452233203 990.7824254591698 -91.19496285106847 529.3584685197804 316.071561442939 908.3682908898089 -200.2722244758934 535.874607454479 311.0672376347376 991.7561971791404 -18.93642777163951 529.3089756095729 333.0455058651268 862.7931292979787 -76.41955257768689 533.4123526922666 323.1497546090194 908.2911189496216 -173.41634596473153 522.8060428087695 323.7613208411968 839.5398342333149 -104.71207003987347 559.5724711594626 317.17671808533726 989.9606985016626 -18.751536342208542 551.3551093496363 325.67439076857806 953.2612865523909 -85.74415305651964 522.7091315595351 337.9306250420947 952.8267276709793 -29.8173346386331 542.7257135772187 318.5793639068127 853.6104139302465 -219.22108191893315 507.4342462168045 323.01570796498527 900.3060435031811 -34.19093135705123 559.5145734498811 281.3638030120406 1000.5525673505208 -95.49278258332347 541.2964961918407 348.5797041162342 874.8412660034298 -26.6255150069723 553.0857155576623 305.1536113960542 991.5947071638043 -96.95563243250369 555.0692286439099 316.28623619630196 900.5559554456851 -45.4267691734621 548.4027175748643 316.24695535068514 881.4647241036457 -12.076950335391015 536.2723264184926 321.2750420563462 958.0259521645679 -32.003732491601596 529.9982432321345 330.2391045379795 955.413648504156 -229.66840057044183 488.50721904712174 311.1155282068325 874.8125240492305 -39.97381457937941 533.9309247187039 310.0925516226178 926.0115338925007 -155.35220651356477 542.8614496902362 291.1291900107549 1000.6477405238612 -166.30314533593705 528.0637751417853 296.81226557811135 928.9631209751063 -90.878239155786 552.4606348071289 301.7804628831893 923.009779131244 -175.3182381973696 529.79124715833 322.0883287216313 882.946059719915 -100.8242172087959 525.116259821727 324.76911836828754 991.2961846595356 -63.75608933614861 547.8336418659278 233.28957932509303 986.8135305693904 -98.86072668352041 531.7521085983952 313.90072362497295 914.6142350593233 -4.277542528226421 544.382454533942 317.2853071859585 823.4030385014382 -4.588150028225203 536.7352834732463 337.3558029176038 882.0026242170546 -120.31459387677157 551.9978341332868 270.4488792901789 998.7353691442194 -84.921186836305 528.4688361981964 305.778008881502 970.5850273312196 -105.58975967443628 549.9757153451961 246.19023784641465 993.885301391343 -47.993307757101626 563.0355350991742 290.7607791540922 996.6281625003384 -168.86080255087896 542.0909231254366 323.0683059413371 856.0059509532048 -160.77539793706558 537.6856230266069 307.49611405561114 854.2564828405165 -191.2068773745445 524.0738929386048 340.76554025864334 876.3457621860738 -233.23534368872407 481.0290292223422 243.96355947616323 989.2955408807225 -79.33678639897602 527.0639069171808 343.48829484215435 891.4671755261887 -119.64029315901722 560.081575788716 342.19965877616534 863.6370142238526 -25.45729151409577 529.8865889302399 321.0889146392813 873.712403607547 -14.494153066332817 540.8334851611238 252.85142022963205 995.6822953421374 -100.70201141644192 545.09228894587 337.69177375056273 899.3835827752335 -53.57293528277783 541.2381111806216 275.54030929023304 854.4322880474231 -31.531245627724644 536.5195634674304
1620.007825810686 0.0 3.558033620153047 3.79998157206929 3.6675371088476836 3.667537108847695 0.4447542025190376 3.5580336201531164 0.0 3.6675371088475126 3.5580336201531173 3.5580336201532017 0.0 7.171446030696515 3.6675371088474913 0.8895084050383602 0.0 3.5580336201531897 1.7790168100766952 3.5580336201530414 3.6675371088476476 0.0 3.558033620153073 1.7790168100766919 3.5580336201531813 0.8895084050382407 3.6675371088475455 0.889508405038345 0.0 3.5580336201531644 1.7790168100765413 3.558033620153096 3.5580336201530414 0.0 3.5580336201531306 0.8895084050381397 1.7790168100766255 3.558033620153058 0.8895084050382994 7.171446030696617 1.7790168100765686 3.558033620153169 3.9780025204460343 3.5580336201531058 3.5580336201530867 0.8895084050383457 3.9780025204460183 3.6675371088474757 0.8895084050383357 0.8895084050383963 0.8895084050382487 0.8895084050382156 3.558033620153202 3.5580336201532 3.558033620153344 3.5580336201531786 3.558033620153016 0.0 0.8895084050383218 0.8895084050384057 3.558033620153118 3.558033620153188 3.5580336201532616 3.558033620153241 3.6675371088474464 0.8895084050384574 3.5580336201531266 0.8895084050382782 0.8895084050384569 3.6675371088474904 3.978002520446076 3.5580336201530582 0.8895084050383351 3.558033620153072 3.6675371088475686 3.5580336201530605 0.8895084050381917 1.7790168100765638 3.558033620153047 0.8895084050382704 0.8895084050381793 3.558033620153097 0.8895084050384094 7.171446030696694 3.5580336201530582 0.8895084050380909 3.558033620153112 0.8895084050383857 0.8895084050383634 3.558033620153226 3.6675371088475717 0.0 3.558033620153224 7.171446030696552 1.7790168100766637 3.5580336201531773 7.171446030696581 3.558033620153088 3.55803362015312 0.8895084050383699 0.8895084050382255 3.5580336201530574 0.0 0.8895084050383255 0.889508405038295 7.171446030696694 0.8895084050382241 10.674100860459388 0.8895084050381689 1.7790168100766124 0.8895084050382744 0.8895084050382982 0.8895084050382221 3.558033620153217 0.8895084050383651 3.6675371088476516 3.5580336201530476 1.7790168100764816 3.558033620153059 0.0 3.5580336201531 3.558033620153109 3.558033620153299 1.779016810076612 3.6675371088475237 0.8895084050384824 0.622655883526808 2.5159097004999915 0.0 3.558033620153065 0.889508405038308 0.8895084050383354 0.8895084050381218 0.8895084050384394 3.558033620153169 0.0 3.558033620153264 0.8895084050383019 3.558033620153192 2.4906235341071143 0.8895084050382815 312.92328766585877 924.1258031382122 -66.19606984494314 550.8464242356214 277.1962139475776 972.395816098882 -216.2421491446807 515.1865485183987 283.18748833960336 852.3153115270588 -49.301218701429185 519.0372925765865 307.08485358435934 969.2025565953751 -139.27582127514341 538.2229414221532 312.5621084278457 893.7653177483645 -169.89937548275807 545.6674251518327 327.547575046455 892.6933493127535 -33.0057796763578 521.7705960303376 275.98796387770864 853.6087282078461 -70.06072101518821 529.5356775649416 340.90868004769527 886.9015972530871 -73.52955749072001 533.129898800443 289.389314713964 846.9446344364827 -76.68885733430731 527.4990476256545 257.2183607581815 996.7388877306478 -210.6236378087804 525.3670779479025 307.22895682179126 957.2170014390124 -185.38733253423854 527.1264506436216 335.34669624017516 949.8311282408705 -171.9457995236614 527.5445695930728 308.12848535437087 996.5622668917159 -42.090227565024556 519.0398193841249 305.9551368973522 842.1156183181058 -185.4299633199886 519.2753151667471 323.1776501456553 906.2186375664328 -100.9971615412379 521.1622712918545 316.46919085922485 963.3225289942166 -73.29948103836126 550.122040224052 283.93891479163597 935.1405105870135 -47.593102669953645 554.953116797323 324.4489034836995 910.6432762453786 -226.81575855289645 496.2766302163534 304.813777555353 835.4761848693221 -148.53898606183824 545.0743180012755 284.46936318292546 940.2030466706736 -117.68833476564062 529.2296891587176 296.48590823879863 998.2001339319459 -66.50299814514165 536.4623861848291 306.1160194996084 923.7274574668312 -58.36353702113694 547.5369246185118 253.49174658077905 992.4335362936049 -19.676851928064828 527.1752889720535 273.39861947629356 859.0425445241336 -141.46386201005467 554.1100430401569 298.1788961183542 839.7015886718907 -114.35652411285105 544.9031968947203 318.73601007723954 836.23326234124 -81.57996589207085 550.6509175407797 317.4919743825413 917.6559874691451 -178.43247707583896 536.7837465967648 230.19100092182518 986.6116337682132 -95.48798183528802 526.676815096196 309.7231046204026 913.1072807590966 -201.76022954566605 532.1762535151375 305.4210834465755 992.462681489686 -25.861359994744845 525.4628328197253 328.79972066072065 865.3351155849678 -80.88683412052558 529.5008851895441 315.56834540516263 912.9499986964724 -179.17771181161982 518.1058507521057 321.8670636079824 840.3000410820955 -107.31547977580847 556.6020307674867 310.60215986629436 987.3544918630411 -22.76929197463943 548.465470688852 319.1611734017035 956.4578430056292 -90.5635518958915 519.1906802596038 334.095209044095 953.7047141126325 -33.54484600209658 539.3954633521425 313.05131183200865 857.7747483696404 -223.50579361860804 501.8625426008497 318.20297842041583 901.9746202972299 -37.858142387088385 556.1141684840977 278.0904570588854 1001.5682264356623 -98.81053458846297 537.6216971177992 344.58527891203875 877.7608935506134 -30.595915659058516 550.1320840716154 296.46846102928896 989.6841198866363 -100.5765468819579 551.6838542138815 310.74855339745545 906.5357744057329 -49.58666741389299 545.723614923957 312.2444402944224 884.373559460701 -17.074853983789612 533.0822172872485 314.5290694645965 959.3985922875861 -37.52755238269127 527.628496465402 325.71429368205503 957.9619233268544 -233.54206864660156 483.77580576187626 308.7338818558469 880.2036648978166 -44.200886749992726 531.3662704542648 302.66298119171125 929.0963232661003 -159.79993470844963 539.746256796227 285.66101398572005 1000.1943492278058 -170.8541439224825 521.5549392292461 291.1563037055981 932.9550362472681 -96.8593517703359 545.8657366080296 298.31983584921164 926.7475425139685 -178.39496029769472 525.852740467795 317.12315007361394 886.1884045631451 -106.77251899554615 519.6864002563655 317.901173545519 990.4360080324547 -66.56899396693947 545.0274194616874 224.0869267609948 981.9694792447378 -101.98157302387493 527.9045199598208 308.9205141754316 919.6401367622057 -11.09550276646645 540.3765658518863 313.0744081782224 829.3225078895994 -7.625762205179619 535.9846230396317 332.1200544015074 884.830526681699 -123.67623579088054 547.1049298728544 264.4540183030931 998.2939452314124 -88.25694102581892 525.5913173141984 299.677705761028 971.7028849200603 -109.09825845827892 545.1449094090183 238.7725449781571 989.2805364630437 -52.833837393918316 559.5964726578293 282.82576872790554 995.8727533562691 -170.41171986038202 538.420699426918 319.9713044804609 858.4769307245258 -165.31555849558472 532.3240431831438 303.1437172083199 855.0994458329026 -196.65587412008531 520.308994108303 337.7291883258429 878.925368908304 -236.94427980102603 477.2854025147218 235.980546742911 984.9223756026205 -84.19627498348788 523.4844653592875 338.79323461547074 895.1231852839287 -122.87355833904394 555.0899213289293 337.66559259892813 867.5293794309503 -31.117493922280346 527.7252561375182 317.08601831617455 876.6208038693752 -20.715932858209584 537.7211632656224 245.2055520901276 993.6758056402051 -104.56908454272339 541.9222211829132 333.6894927317074 902.2927107715376 -60.59877060770037 537.44581920793 268.0890319956838 858.8977498773328 -33.48220657585413 534.0799198026342
1630.007825810686 7.171446030696519 0.8895084050381621 2.2237710125957157 3.6675371088476054 3.558033620153091 0.0 0.8895084050381247 3.6675371088474944 1.7790168100765422 0.8895084050382683 3.558033620153315 3.9780025204458926 3.5580336201533247 7.171446030696607 0.8895084050382999 0.889508405038402 3.558033620153234 0.0 3.6675371088475934 0.0 1.7790168100766521 0.8895084050382784 3.9780025204461062 0.8895084050383076 0.8895084050384391 1.779016810076608 0.8895084050382638 3.6675371088475566 0.88950840503836 7.1714460306966625 0.8895084050384818 0.889508405038153 1.7790168100765495 0.8895084050381642 3.558033620153099 3.5580336201532075 3.55803362015322 0.8895084050382356 0.0 3.6675371088475806 0.8895084050381811 3.5580336201531084 1.77901681007647 3.55803362015302 3.97800252044592 3.6675371088475575 3.667537108847583 0.8895084050383346 0.8895084050381978 0.8895084050382555 0.8895084050381551 0.8895084050381761 3.5580336201530343 0.889508405038244 3.6675371088476414 3.558033620153252 1.77901681007655 0.8895084050382036 0.8895084050381622 0.0 0.8895084050382769 3.558033620153177 0.8895084050384371 1.779016810076534 0.8895084050384607 0.88950840503828 3.558033620153098 0.8895084050383948 3.6675371088475694 3.6675371088475965 1.7790168100766683 0.8895084050383537 0.8895084050382107 3.667537108847607 0.8895084050384445 3.5580336201531706 3.6675371088475184 3.558033620153065 0.8895084050381612 0.8895084050381449 3.558033620153132 0.8895084050384067 3.6675371088477196 3.5580336201532545 7.171446030696798 3.978002520446075 7.171446030696585 3.558033620153172 3.5580336201531955 3.667537108847595 3.6675371088474926 3.558033620153215 3.5580336201531577 3.6675371088474393 0.889508405038099 1.77901681007665 3.558033620153193 0.8895084050382588 3.6675371088474793 0.0 3.558033620153094 2.2237710125957246 3.558033620153187 3.5580336201530987 7.171446030696694 3.5580336201530463 3.558033620153095 3.558033620153073 3.55803362015324 3.6675371088475672 3.978002520446196 0.8895084050382257 3.6675371088476143 3.5580336201532115 3.6675371088476623 0.8895084050382975 7.171446030696725 0.8895084050382644 3.6675371088475726 3.558033620153235 3.558033620153136 0.8895084050382775 3.6675371088475037 0.8895084050383243 3.55803362015316 2.4906235341071175 7.171446030696626 7.171446030696509 0.8895084050382581 3.5580336201530565 0.8895084050384652 7.171446030696717 0.8895084050382515 3.558033620153208 3.6675371088476014 0.8895084050383418 3.5580336201532807 0.88950840503829 0.6226558835267637 3.558033620153211 305.071957881629 928.3718008034527 -69.94458057553112 547.6277513276601 272.55070575732526 974.0116261502714 -220.39859681562427 511.7217100875608 275.88423271434226 856.6468144160672 -55.35259514129265 518.5715584376958 303.1482970536505 968.7781045340653 -145.1216182274286 533.6336985402011 308.52780975994165 900.2388289356448 -170.4484897340262 543.7027713011983 324.23794370866864 894.8556152928752 -40.72078761416492 517.3686322933346 268.31544831787176 859.8389293247852 -75.57229070765463 525.2854159398994 336.9072978799605 889.8119739587427 -79.27797681947746 529.0740244978372 284.77003521787486 849.0936868029625 -82.11132730676472 521.684704403782 251.88716081802767 993.8622481551913 -214.69317277684883 520.7879739492909 300.2278991474477 957.3320706888977 -188.4990354600657 520.9463863936924 321.6090203621967 950.6274945247471 -176.19149007212914 521.4206931975141 304.09233938776794 996.5134883272478 -48.12397472125298 517.2485556815348 300.61434866832 846.5211854426743 -189.59536530693407 512.5374428752577 318.5002550546414 908.0945950899062 -107.71730124418418 515.0972200179616 312.9983915227472 963.4134950674602 -76.90991532339072 548.2172340449121 277.72600994551294 940.0868056186242 -51.31322304823475 551.7208211981383 321.1395505095612 912.8060017394456 -231.3011010539037 491.80890174994653 300.47125536249007 837.9511296497559 -152.39746253543058 540.4590374978252 280.8140759033153 942.7397310817119 -119.9928309571853 522.3373882715858 292.62954648065 997.3100650313366 -72.36534734947844 531.8875227354217 298.1214176280521 928.6575207645719 -62.01872559785059 544.1923844017002 246.14820211933974 989.4038377765494 -27.09737629833815 524.9486027378466 265.728916706866 865.2761886957419 -142.78440316294865 551.4406536722897 294.0121206837952 843.9873527961812 -118.6902986859731 539.5013500074182 316.231235962839 837.8313457035827 -84.51492822721556 546.6032467051598 312.1143984169754 921.1705869307181 -181.05216614515004 532.5825482097039 221.07684638590345 982.7196731357407 -99.22102904295137 522.0870197339478 305.4269858822963 918.2765321698885 -203.38497262414532 529.6901349274932 300.4300930205308 992.1596266284404 -32.87524126944512 521.717876132309 323.89171489098027 868.6623777040061 -85.70595575147973 524.5469470610853 313.2215608513332 914.7789210723097 -182.15994044614914 515.222242705523 319.93896521538534 842.667764186317 -108.96386661208695 554.1315812760665 304.95255633290327 985.2802415628354 -27.016558712039046 545.9331010668691 311.67798885235277 956.8401633641381 -97.3350938305233 511.93826618053885 326.2361835906658 954.7954174894408 -38.441781800788036 536.0383876934092 311.1640348945001 858.5313065641697 -227.79984008523672 497.32263646905216 313.2388844830565 905.218606388048 -38.57310700149941 553.7536369949796 272.35905786171804 1000.0420862971594 -103.43054631181933 532.4723245357457 340.865409043128 881.0974584757632 -33.16298467049861 548.630766905694 291.59376978143416 988.861191194196 -101.46390403674376 549.8273591324892 307.4067134875713 912.261956144168 -53.909252073380955 541.6153666362799 305.47349776492223 890.2729406125601 -20.10952268251802 531.3904133910956 305.6259892725768 959.287738683896 -43.63811045720447 524.3088880409634 319.7947976210841 957.5233381905613 -236.1773602254494 479.53588490957236 305.1207743479426 885.5155817530198 -48.029274610028644 528.2485699712389 296.3148905618431 933.8357859084845 -163.67711030299384 537.4042422628379 282.7201419567882 999.7161182230743 -176.45518080627028 514.4823103776466 284.80821715456864 937.6945047464997 -98.53679857659415 544.6899244463742 290.60371555676977 931.2004307388746 -181.2143397605155 521.7609367142114 313.3915170038804 889.5118212027414 -113.452326453936 514.7868682637136 314.11770085631287 989.182046233118 -70.04478061637394 541.4930899779904 216.00729000016645 978.1135405925504 -106.05526270244258 522.3048862212205 303.94853569531836 923.7752962943049 -16.05798504315008 537.1364169574643 307.43710083641827 833.3389487222378 -12.873247994408239 533.1758787020328 326.73320744538375 889.2345959941388 -125.78748856700415 542.5775885065527 259.9070235907464 996.2008037381363 -94.20385048496384 518.9822988747421 291.1564628046806 971.6938405797615 -112.28366803283089 540.7291515173654 230.92634761551733 984.6494113767924 -57.49425156712723 557.5147341084318 274.73469926136084 995.5655399167198 -173.84817317348688 531.2833055990425 312.6145958192157 863.4842755350422 -168.11477714728042 529.3576036281265 297.59106999255937 856.0766862166813 -201.1333695040865 518.1868270058181 330.15392370404123 883.594109862342 -239.6226297554178 470.71138759087 226.0543475052166 980.3195366802489 -89.1564861937482 517.3361166803131 335.63529741214467 895.710476067049 -126.68134506039964 549.3093011964886 336.2919946679541 869.0324695746798 -37.929772005745086 523.6798558182205 314.31676004069664 879.610176202782 -24.969047443831673 535.1949268606481 237.48270427170345 988.6024242498864 -107.9119661071004 537.00364200299 328.99547638678314 905.9500354967424 -65.04918674705422 533.4958268160764 260.1059025743618 864.4324601921438 -38.38492391285977 530.7451880532284
1640.007825810686 7.171446030696521 0.8895084050382869 0.0 1.7790168100765964 1.7790168100766863 3.5580336201531138 3.558033620153166 3.6675371088475295 3.5580336201531746 0.889508405038203 0.8895084050384136 3.6675371088475286 3.5580336201531106 7.1714460306965595 3.5580336201530867 3.5580336201530134 3.6675371088474265 3.978002520446019 0.8895084050383547 1.7790168100764954 3.55803362015306 3.558033620153154 0.0 0.8895084050383631 0.889508405038252 7.1714460306967185 3.5580336201530565 3.6675371088475597 3.558033620153268 0.8895084050382888 0.8895084050381328 0.889508405038325 2.2237710125956296 3.5580336201530467 3.5580336201530556 3.6675371088476596 3.5580336201530676 0.8895084050382853 3.9780025204461005 1.7790168100765795 3.5580336201531546 3.558033620153099 7.171446030696603 3.5580336201531955 3.5580336201531533 3.6675371088475446 3.6675371088475455 0.889508405038319 3.5580336201531706 3.5580336201531564 1.7790168100766282 3.5580336201530693 3.558033620153175 0.889508405038246 3.667537108847591 3.5580336201530787 7.171446030696457 3.5580336201530445 0.8895084050383495 0.0 0.8895084050383602 3.558033620153156 3.5580336201531484 3.667537108847643 0.8895084050383443 0.8895084050381781 0.8895084050382983 0.8895084050382477 3.9780025204459304 3.9780025204460454 7.116067240306359 0.8895084050383961 3.558033620153112 3.6675371088475655 0.8895084050384386 0.8895084050382274 0.8895084050382758 3.558033620153212 1.7790168100766859 3.558033620153179 7.171446030696692 0.889508405038179 1.779016810076669 0.889508405038209 3.9780025204460006 3.558033620153114 3.5580336201531497 0.8895084050384189 7.171446030696668 3.6675371088474815 3.667537108847631 0.8895084050383455 7.171446030696477 0.8895084050382202 0.889508405038167 1.7790168100766142 0.889508405038263 3.5580336201531764 3.5580336201531098 0.8895084050382871 3.5580336201531404 3.5580336201532945 7.116067240306257 7.1714460306967105 3.5580336201531426 3.558033620153279 7.171446030696636 0.8895084050382319 3.5580336201529885 3.558033620153177 3.558033620153195 3.6675371088475512 0.8895084050381799 3.6675371088475544 3.6675371088475592 3.5580336201532443 3.5580336201531666 0.8895084050383179 3.5580336201531226 3.5580336201532 3.5580336201531635 3.9780025204459752 3.6675371088475743 0.8895084050384061 0.8895084050384083 2.490623534107203 7.171446030696597 3.6675371088475925 3.558033620153036 0.8895084050382371 3.5580336201532514 0.889508405038412 0.0 3.5580336201532323 3.6675371088476196 3.5580336201531315 3.558033620153176 0.8895084050381641 7.1714460306966386 0.889508405038296 297.87176442135296 933.6173373209423 -71.69493786888852 546.5873997969319 264.8174412466152 975.6595800682668 -224.06951563171913 510.08034628442755 271.26960700484665 858.8042592572872 -59.65338821387067 517.1393455584644 300.1783554712127 968.6482310782715 -151.15634684592445 527.954416190877 305.3532166767315 902.6075583124532 -174.00491354224886 537.7626740550895 316.9267818368159 899.9282064605527 -49.2192890950918 510.5692546823289 264.3248297857886 862.7640967461199 -82.2393023287669 517.9811075316732 334.0197915426448 890.8135429351304 -83.4934175904429 523.5709116699969 280.93399248261795 852.2090170037217 -87.11947645459698 516.1831189888237 247.40773233232943 991.6316154099325 -218.1749797073032 518.0575187393338 293.44284891862804 956.2537355854876 -191.2355945664143 515.6863426976832 315.64019853560444 951.1604099141838 -178.2395197593539 519.1540349213643 298.31046600483904 995.1927986873592 -54.696231159290164 512.6858855042833 297.80304040637736 849.3459338372292 -193.8022563796202 508.01875550120747 313.11351769529927 912.4987637311357 -112.43260178397999 511.20751270302316 307.5734362547009 963.1193652882329 -78.13953487928278 548.0199032089018 269.03118633651565 946.6552814030697 -55.0681511741764 547.033013252215 317.40773881449275 916.1286494376301 -234.24552117446265 485.5052898247202 295.53137386732084 841.2705861329102 -155.739923985055 535.5339465556713 275.5717669798237 946.4612826097597 -121.12380138915749 515.8043361130904 287.7920966003408 996.2979288409324 -75.4414203335511 528.0075374598923 291.31993507522463 934.5155271241794 -67.1480110930951 538.8534468313526 237.4725823673059 987.299591445604 -32.68784905740163 520.8885630008165 258.346801678002 868.729950575366 -144.3757849841742 547.7916334458474 288.79082095421467 848.5330774339492 -120.61088232086207 537.2266522929089 313.42600886133084 839.0645122426494 -88.83059695090645 541.1909019997363 306.1848149080295 924.7426345087542 -182.23877911122182 529.8531321223769 211.73163260226036 979.5027692315495 -103.61257972450824 516.7328292639057 300.02018850253177 923.551646240426 -205.41439599085305 525.1743303410274 293.8872428547901 989.7917327063857 -38.11318852833171 519.550713646355 320.3620493944081 870.504585997543 -89.59636576244692 520.0533895324884 309.35385188978717 917.8930349298158 -187.32203015884633 507.8652594545427 316.3290466836893 846.0781106035854 -112.09214259361437 550.3170057202199 297.3034778958553 983.2192453021403 -29.564362613414236 544.426890166032 306.7412154556295 956.3595284596432 -103.64074404187713 505.5489100198928 315.3333450607646 954.9662950568061 -39.66410873173508 534.4129909088757 306.14244027100756 861.7334288775227 -231.03240167925946 493.3183072047987 308.6963336294072 907.3012684644502 -41.66040851606057 552.8683934204887 267.2408133456455 996.4633167298239 -107.04263771567591 527.7701697461217 338.6721561488044 881.3574838881741 -39.13989736206987 543.4165257917772 285.5942173917386 988.4450062069492 -103.29108432720109 546.2522739260378 303.92464777015164 917.7775661654712 -56.49809176578272 538.6000938432414 300.6281786991805 895.505290675881 -27.881144917607877 526.9262500301713 300.08917444415897 959.5132875696281 -50.578869943030625 520.1744607129003 311.7895923247846 958.2834507121303 -239.0619462847063 473.18700369526664 301.23780460341544 890.4141029611196 -51.55320508651347 524.7803866559561 288.22596000043836 939.5951085614076 -167.79262585671148 534.021752912292 275.9937255119505 998.0732284755618 -180.50055632147144 512.1420581701838 281.07723107312137 941.0186190275765 -101.71251993619994 540.9086233260635 284.93358493090693 935.1729978289242 -183.96599048939046 517.0670551604953 307.88670883604834 891.9283193396554 -118.37271178177329 512.2738316315043 307.46636329383 987.2222797786974 -73.23696093259647 537.6844211369682 208.2628873298363 975.1049012716002 -108.02953002951533 518.8440252933304 296.600735107964 929.7031265374519 -22.9023787929766 534.7975637866248 304.9474536524684 836.5677472541845 -20.890571548708223 529.9961800576261 321.6173647922954 894.0531481276755 -130.3026763184952 537.2265045897292 255.64677527208147 993.2839150657027 -101.58069707306235 510.92858909619105 283.0924898578659 972.0869657468736 -114.6073460694416 537.5225296366046 223.98775889551465 982.0306686077676 -60.9928475031712 554.0420529998476 268.8591528905791 992.7968215200309 -175.71670743069416 527.7988556404671 309.721719571421 866.2248188824788 -172.48805045095253 523.8658175380457 291.116388667033 857.5076789081191 -201.997651884505 514.2047594712357 325.7392504781286 886.7754527351161 -241.28198100049087 464.8314591701852 217.09164823406525 977.5123331808163 -96.55322050240932 511.80873761153276 333.2883552419371 897.5392305584888 -128.8386357016138 544.8119921640173 329.4297710709663 872.9908657703618 -44.52097977305197 518.4867418347194 310.02825738599654 883.8880877222289 -31.590058192116356 530.8751579188953 230.07130186206496 985.832577725652 -113.02384223735388 530.9548943124507 325.837518507947 906.5376829056518 -66.39631544710608 532.020459518738 251.67449574271657 869.8857955941716 -42.39343883025046 527.8051941181823
1650.007825810686 3.558033620153169 0.889508405038286 3.6675371088474824 5.4106683965522056 0.0 0.8895084050383608 3.5580336201532443 0.0 0.889508405038403 3.5580336201533354 3.5580336201530485 3.978002520446091 0.0 0.0 0.889508405038122 3.5580336201531995 0.0 0.0 0.8895084050382416 0.0 3.5580336201531204 3.558033620153189 1.7790168100764239 5.4106683965521425 0.8895084050381843 0.44475420251914766 3.5580336201531333 3.7999815720692443 3.5580336201531546 0.8895084050382968 0.8895084050384515 3.5580336201530613 3.799981572069334 0.8895084050383146 0.8895084050382108 3.5580336201532488 0.8895084050382543 3.558033620153144 0.0 1.7790168100765658 3.55803362015318 3.558033620153025 1.9890012602229301 3.558033620153085 3.6675371088476725 7.171446030696616 1.7790168100765986 3.5580336201531684 0.8895084050384275 0.8895084050383307 3.5580336201530995 0.8895084050383292 0.8895084050384433 3.5580336201530436 3.667537108847615 3.5580336201532763 3.5580336201532665 0.8895084050382726 0.8895084050384935 0.0 3.55803362015324 0.8895084050383651 0.8895084050381007 3.6675371088475766 7.116067240306238 0.8895084050381831 0.8895084050383387 0.8895084050382563 0.8895084050382929 3.6675371088475295 3.558033620153084 3.5580336201531635 3.558033620153186 0.0 3.558033620153265 3.558033620153192 0.8895084050382233 0.889508405038369 3.5580336201532567 3.558033620153265 3.55803362015311 0.8895084050383204 0.0 0.8895084050381791 0.0 3.558033620153244 0.8895084050380913 3.558033620153275 3.5580336201532394 0.0 1.779016810076714 3.5580336201531817 7.17144603069665 0.8895084050383123 0.8895084050382562 3.6675371088476023 7.171446030696604 0.8895084050382537 7.171446030696744 3.978002520446003 0.8895084050384839 3.799981572069309 1.7790168100766013 0.8895084050383728 0.6226558835269407 3.5580336201530245 3.558033620153053 3.558033620153173 3.558033620153256 3.5580336201531098 3.558033620153139 3.667537108847703 3.6675371088476023 0.8895084050383246 0.0 0.8895084050382627 3.5580336201531275 3.558033620153117 3.5580336201531972 3.558033620153282 3.558033620153207 3.6675371088476205 3.6675371088475663 0.88950840503831 0.8895084050384467 2.490623534107203 3.5580336201531066 1.7790168100765518 3.5580336201532026 3.558033620153227 0.8895084050384577 3.5580336201530516 3.6675371088474797 0.8895084050381877 1.7790168100766068 3.5580336201533007 3.558033620153001 0.8895084050383854 2.490623534107214 0.8895084050384237 288.76041412338964 939.502249360006 -72.73485756450857 543.5613600165 257.2396644149136 976.5279103453274 -229.02977442205133 505.06874451992854 267.87561012093045 859.3449845468664 -63.02802527528004 514.8468229754359 294.2237640591823 968.7023141144352 -157.30967491171242 521.7274040378229 301.04144019385586 906.868215597667 -177.23062666433324 530.5249816745888 313.18629452493917 903.2392416355772 -54.855460862749474 506.37046253587795 260.96158865580094 864.8979298037593 -85.03776842541916 513.8989728787519 331.6706634823284 892.6403371981928 -86.7071659189866 518.5597306608299 275.70288068178877 853.6168896305837 -92.87523156003958 510.62358990201767 241.9470578698261 989.2654240988603 -221.70068467621573 515.2304855419833 287.63126004170726 957.570788153263 -193.8612914563638 510.3692148652173 311.1997023235363 952.2436325393829 -181.12484058327996 513.9705220359161 295.63217768602897 993.7401802111525 -60.11048969102233 508.26972569820225 292.3838424633067 853.6484527679746 -197.85356992516586 502.298936575917 310.642965742441 912.32092621862 -114.7697250184298 506.79073454628804 302.654669574984 963.3749813999182 -81.99962463333088 543.5246375258938 261.2988507112127 952.8898568334766 -58.672004592379245 543.6357018695162 314.51652257570953 917.1132996536456 -238.8638405117143 478.54951216374604 292.1478557370886 844.947800094232 -157.60602154335447 532.0526964735423 268.674845547749 951.2642879730305 -121.9740732520791 510.9049489286456 284.14465155738696 994.7147222603943 -80.35938217164585 521.8195457025846 281.8707165071643 939.9031823967309 -71.41904923909655 534.740600332674 232.63706935843075 986.169236023602 -39.94371213736105 514.2201758299288 251.76776906206607 871.6478315588614 -147.5666073531293 541.6458236732734 285.4141008442295 850.6463573187672 -123.95722113501523 532.340577917579 305.36761086048784 844.8091883264417 -90.4959289315772 537.4821933698228 302.9715362290804 927.0487407681181 -185.17755405602034 523.5832613965283 203.7834587759444 976.7745351877012 -106.66254811134633 513.459706530811 295.75987010661987 927.9208393493137 -207.5783432106116 521.8306380865131 290.0695888657656 988.7711519157901 -43.38254635886824 517.8781532721647 316.18091581372465 873.1467770536993 -93.2637758341434 517.2474927495537 306.45754774853725 918.8598863437759 -191.49416245579513 504.40292536412557 310.585303989184 849.9612274956611 -114.8150127877682 548.5995939667691 291.6382767437597 981.395508540774 -33.72058247678939 541.6944193975681 300.6865884392334 954.5881149490351 -108.12964167558059 497.80565943993736 307.4242008733588 955.3297721653631 -43.75153160758762 531.5401951386825 302.87403721302314 863.9711224655388 -235.74234961576673 485.4567771264178 302.74406723433134 910.836189259386 -44.31959397761301 551.3897789364195 263.1048153885454 996.4177812858877 -110.96784008948612 523.2980424054341 331.5249019308956 886.6757529290508 -44.47373341594644 539.0066239185721 278.87673055343123 986.7661432214253 -107.182850423615 542.9704620556307 298.98420405307957 922.9377065814058 -62.27519502928349 533.1677006293721 297.6990297416856 900.0640669351218 -35.877205222198945 521.0600185731465 294.2166116018205 959.3828635785992 -54.852905356190924 515.3666047540015 303.41485125488873 958.8246946580994 -239.93504325556984 469.33407096823214 297.0751283550381 894.8899986303062 -55.71326689041388 521.9313549584692 279.78472443762735 944.7567502941148 -168.0337785311322 533.0298556309109 272.2256235541642 996.8885277483225 -184.90678201035834 506.60308863044537 270.80444615092705 946.9553389413721 -103.6386219390727 537.4246319599007 273.83641836798864 941.6405734324833 -185.94429278129832 514.7390571825487 304.1593198534517 894.3547263482467 -125.02206360979054 503.66903405278345 305.836775326935 985.3557063097992 -76.58522755856247 534.0488137852966 203.2316611287428 972.4040790213394 -111.96116496659204 514.3771094624964 289.85056524052715 933.7989667397505 -28.304942116094576 531.2141246769253 299.7011887098581 841.0842688812355 -27.89853544786874 526.0561551217695 316.37721918009333 896.8733446426608 -135.25466462464914 532.0950638756167 248.93317337012246 991.5489597291024 -107.87548003881375 504.5223300306509 277.4004580534682 972.2249389702442 -116.50178627650419 535.2233065345062 215.65401830873589 978.9114863083653 -65.03874417125351 549.694864180795 264.7757294966668 990.958058272838 -179.33142938436177 521.3220064616665 306.9000984544401 867.3995705808388 -176.09144817860056 516.8354384486578 284.0374461074855 859.7729813312918 -203.0348599859393 511.414771669051 323.66202313435537 889.01704718108 -241.93312994588624 461.13131431661515 209.22599765982045 974.5498543426523 -100.3047830501602 508.44427475266895 329.4367078894109 898.8714906169471 -130.2413817457409 542.1851199113709 326.1567918485573 875.2067983566137 -50.4502322868217 513.2437961359963 305.8707111883284 888.368955839322 -34.93118405699543 527.923683473899 226.97251389335432 982.6801389685211 -114.53409217848696 528.3942568693336 321.28629568027407 908.6025497655917 -71.06023557717178 526.901732438961 245.4101402150145 873.3421736640382 -45.225307341640075 525.0278065099271
1660.007825810686 0.8895084050383505 0.8895084050383525 0.8895084050382959 1.779016810076615 1.7790168100767265 3.55803362015308 0.8895084050383177 1.7790168100765906 0.8895084050384441 0.8895084050381897 0.8895084050382878 0.0 3.6675371088476436 0.0 0.8895084050381251 0.8895084050383368 3.6675371088474567 1.7790168100765573 1.7790168100766577 0.0 3.558033620153088 3.558033620153202 0.0 0.0 0.8895084050384369 3.79998157206925 1.779016810076662 0.0 3.5580336201531697 0.889508405038318 3.5580336201530547 0.8895084050384042 2.2237710125955408 0.8895084050383509 0.8895084050382388 0.8895084050382718 0.8895084050383859 0.8895084050383029 3.558033620153132 0.8895084050382813 0.8895084050384683 0.8895084050382059 0.0 0.8895084050382124 0.8895084050381977 3.978002520446016 3.6675371088474686 0.8895084050383559 0.8895084050382143 0.8895084050383889 0.8895084050383637 0.8895084050382752 0.889508405038364 0.8895084050382772 3.5580336201532474 0.8895084050382516 1.779016810076381 3.5580336201530645 0.8895084050380887 0.8895084050384247 3.5580336201530676 3.558033620153039 3.558033620153169 3.6675371088475317 3.5580336201530396 3.558033620153001 3.5580336201532083 3.5580336201531826 3.558033620153125 3.667537108847599 0.0 0.8895084050382599 1.779016810076672 3.5580336201532075 7.171446030696597 7.116067240306288 3.6675371088475366 3.558033620153044 0.0 3.5580336201530818 3.558033620153216 3.558033620153279 3.6675371088475037 3.55803362015314 7.171446030696824 3.558033620153296 3.558033620153228 3.558033620153093 0.889508405038217 0.0 1.779016810076629 3.558033620153018 3.55803362015314 3.5580336201532647 3.558033620153153 7.171446030696626 7.171446030696645 3.558033620153256 3.6675371088476694 7.171446030696597 3.558033620153174 3.799981572069309 3.5580336201531266 7.1714460306966625 7.171446030696603 3.558033620153083 3.667537108847679 3.558033620153073 0.889508405038283 3.6675371088474815 3.558033620153122 3.6675371088474957 3.6675371088474313 3.558033620153221 3.5580336201532523 3.5580336201532288 3.5580336201531386 3.558033620153033 3.5580336201531138 0.8895084050383923 1.779016810076522 3.6675371088476174 1.7790168100767056 0.8895084050382531 0.8895084050381716 0.6226558835268307 0.8895084050382616 1.7790168100765875 0.8895084050384062 0.889508405038291 3.558033620153147 0.8895084050382722 1.779016810076646 0.8895084050382629 0.8895084050381248 3.5580336201533056 0.8895084050382794 3.5580336201532603 0.6226558835268804 0.8895084050383383 283.7945593620396 942.8030107660976 -75.68958210630127 539.5991610741561 255.05057445625712 976.8307679278828 -233.3149277415816 499.547362113811 262.9358384885601 859.6341784855999 -65.67476894256524 510.6076218990926 291.25742412458817 968.3297636902562 -162.40318550268978 517.0922846669804 297.21822692294324 910.0751451044036 -179.65601160028424 526.2150239289965 311.3437986547058 905.8755713201462 -60.5767388854369 502.20949939675893 254.85101292668003 866.8765888453809 -91.34218318140046 506.2724628274194 327.65274120626964 895.5312244168227 -91.04544323983096 513.165080046542 269.73224036760945 855.7304252363512 -98.18959425516991 507.17915243251934 236.64939125264362 986.4174828113063 -225.0988553356498 511.1465357373114 282.52510036551496 957.9580930399956 -195.70228184521147 505.7737510055318 307.814873527456 953.0395149330946 -186.7487682162929 506.8046704945652 290.936565917806 992.1802438191818 -66.51599203736808 503.4094416676294 287.9150347071693 854.4416321720455 -202.4586155708648 501.26435371852426 306.09886288293694 916.2504653014353 -118.28996241829405 502.018578470171 298.7610199310312 964.2280673837585 -86.55308993631779 537.0497009402111 255.07679557751447 957.8358381820547 -62.92281688938794 539.4752074951002 307.763888435641 921.2333141107888 -240.56644483877167 471.83020772789723 287.5581083888897 848.702190949845 -160.32871332329535 526.7853756062092 261.7724262967014 954.8728590433118 -123.82860516192622 507.97444420845585 279.5094591983873 992.9774827032309 -83.53538771319674 518.0258192940469 277.46949593318436 942.2319055774424 -74.60550088988967 529.6874111321105 228.27540836858566 983.6531279521928 -45.306629891522576 508.42155423450635 246.36895604143274 873.7097752236723 -148.76817577154492 538.927192274115 281.47618436382896 855.1843483060059 -128.0454150857695 526.7530682097324 302.7537670038524 847.8653347743061 -94.01897656492143 532.7129643948845 299.02404335631655 930.1204917740816 -187.34998571386492 520.2532528682258 196.9706131463648 973.7824593024653 -109.40126595248628 509.3388427231058 290.85001012382315 933.3945012308312 -210.09538184614522 515.3785329095573 284.0814051651825 988.222471850043 -46.87288640018262 513.7048105928126 311.0625373016209 876.1815263809333 -96.69907965069149 513.0280235315998 298.8921454231178 923.5583321908782 -196.1086914811602 497.82370585845973 305.4843306911361 854.6627901412886 -117.04401074549082 545.3325214164956 286.96132448840353 979.6718055837572 -37.09136154967944 538.0422764316825 292.789802442039 955.2346973765768 -113.42854633643468 493.1169667378491 299.6137681053398 956.6709062723429 -44.2538913735815 530.6554326300192 299.7823120109145 864.8633716522028 -238.7194738902172 480.04567533910864 297.45852382624435 915.4670542310279 -47.05715294120486 547.148541985031 258.6516496946415 994.1438953782599 -113.28138068208996 518.8681012742926 324.7898605062643 890.8249193239095 -48.5987091901878 534.7409101335852 273.05592419284335 985.5142348067666 -110.18834408636882 537.8350345252052 293.13080476116124 928.6986980831549 -66.12987271027802 528.6607256696275 291.7676636896606 905.4905793637084 -41.6875083929717 515.6557074372764 287.42078628122454 960.7515286477947 -59.16060420641361 511.2664062779992 295.65491764296723 960.3226115154898 -241.89898581521223 464.6927685204073 290.7683443152424 899.7221212905441 -59.16746422273194 518.3954711454671 272.7343557145111 948.346874639687 -170.48352218953127 526.5211545171451 266.7473534616056 994.5689390355682 -191.30002719662573 498.69092789748925 261.42267897951274 951.2695547328847 -106.68808405060693 533.5294104539018 265.7255239468518 947.4806822148932 -191.91564012471963 505.53656081374146 296.7659441464435 899.3047771710638 -132.11033093002243 500.298981277689 299.9300909016282 984.6817735398356 -81.01855036008529 528.7402762117856 195.38985348234584 968.6967158007636 -115.09608270299343 510.5491414107609 285.79214145489266 938.9183544639714 -31.967031402393125 527.2117910911893 296.93131527706436 842.3780171640199 -34.20316728224456 521.1691000423542 310.93299615221116 901.2025655614383 -140.17753967550988 526.3293618070171 242.62097721645264 988.6220143647893 -112.19208838086585 500.337887470863 270.47279852782043 971.6288836771519 -120.60485604575399 529.648885522328 209.39757601378687 977.3642962598477 -67.62116669512768 546.6971169935954 259.30896565016496 988.6102446556753 -181.51636228541668 517.9901779030419 302.8786353869729 868.6802802493507 -181.97335930006034 509.8005729800663 278.5001797520712 860.8522655978587 -205.21912642610266 506.981841485444 319.54086478674094 889.9242248478504 -243.4651979146135 456.19823714678364 203.5180922292401 972.9381785177957 -104.43596282488473 505.3528826325376 325.1484365308552 901.3363143232596 -133.82714592818863 537.4336125358559 322.35220222190844 878.3966002983196 -54.43048354144829 508.85468960279184 302.92605705148276 892.0253550428704 -38.23370848617193 524.2427022647204 220.33795511008498 980.7100761155941 -119.5062324085183 521.0149927289956 316.0082680813736 911.3490218443342 -75.57583945795884 522.925877783681 240.87236698017807 875.2095936975205 -48.4219156856601 521.2570972227577
1670.007825810686 3.5580336201532257 3.5580336201531977 3.558033620153196 0.0 0.0 3.558033620153194 0.8895084050384819 3.6675371088474393 3.558033620153274 0.8895084050382521 3.5580336201532092 0.0 3.6675371088474598 0.0 0.8895084050384229 3.558033620153175 3.558033620152968 3.6675371088475317 3.558033620153208 1.779016810076596 7.1714460306966785 0.0 0.8895084050382565 3.5580336201532146 3.5580336201530987 7.171446030696615 3.558033620153058 3.978002520446064 0.8895084050384542 0.8895084050383286 0.8895084050384854 3.558033620153106 3.7999815720693157 3.5580336201532967 3.558033620153099 0.0 0.8895084050382903 0.8895084050383447 1.7790168100767254 3.558033620153168 3.5580336201532763 3.5580336201531857 7.171446030696675 0.8895084050381661 0.0 3.6675371088475432 3.667537108847587 3.5580336201532603 3.558033620153228 3.558033620153094 0.889508405038183 0.8895084050383383 0.8895084050384349 0.8895084050381805 1.7790168100765553 0.8895084050382999 0.0 3.558033620153224 0.8895084050382638 3.5580336201531075 3.5580336201532488 3.5580336201531884 0.8895084050383498 3.978002520446044 0.8895084050383296 0.8895084050383938 0.8895084050381373 3.558033620153096 3.558033620153221 0.4447542025191416 0.8895084050381858 0.8895084050382012 0.8895084050381881 3.667537108847643 0.8895084050383791 3.558033620153247 7.1714460306966386 0.8895084050383596 0.8895084050382434 0.8895084050381737 0.8895084050383504 0.889508405038368 0.0 3.5580336201530973 3.5580336201532687 3.558033620153149 0.8895084050382926 3.5580336201531906 3.5580336201532514 3.6675371088474784 3.6675371088475313 0.8895084050382597 3.5580336201531018 3.558033620153352 0.8895084050382793 3.9780025204460814 1.7790168100767634 0.8895084050383679 0.0 3.5580336201531093 3.5580336201530023 2.2237710125957824 0.8895084050384592 0.8895084050382946 3.558033620153175 0.8895084050382872 0.0 3.558033620153216 0.8895084050384212 0.0 3.5580336201532243 1.7790168100766424 0.8895084050382502 0.8895084050383422 0.8895084050384097 3.558033620153292 3.6675371088476063 3.558033620153235 3.5580336201531244 0.8895084050382838 3.6675371088475135 7.1714460306966705 3.6675371088475512 1.7790168100766297 0.8895084050383835 7.1714460306967025 0.8895084050382001 3.5580336201531053 3.558033620153249 3.5580336201532403 0.8895084050382086 0.8895084050382924 0.0 0.8895084050382204 7.17144603069663 3.558033620153094 3.558033620153108 3.5580336201530787 2.490623534107214 0.889508405038253 275.45804515274455 945.8958447389006 -77.35064908640629 535.8773202228643 249.24857958792913 975.4996491811255 -235.31007770004967 494.9188372222665 258.65083181921887 860.7247496333516 -70.26711157440849 505.424672827234 289.2761477768213 968.4359309392497 -165.23613319855536 515.1572435312186 293.50370756411945 911.5119931452906 -181.79622179659 522.8590508658419 305.98925943985586 910.4249565954332 -64.30811136062127 500.25233138720375 248.42953558964587 868.532421438746 -96.84484830916526 501.73695624870834 323.58501798916825 898.3532752477764 -94.46779438993613 507.70537157537996 265.66471419153015 858.5762436585707 -103.26897126767167 499.872557145886 228.50698793387792 982.7062416413722 -229.1271909836591 506.0057761771214 271.83007714333996 959.549621494846 -200.5124956924694 499.26422314727745 303.1143414089067 955.0251397778254 -191.2180339551746 502.3185227219253 286.2278648020361 990.6646530620575 -73.04308183456975 498.65116996761344 284.2928317532365 857.8131072492619 -205.4434096308448 492.85190899961486 302.610634794928 918.1000441371858 -121.02370875846964 497.89445087309855 293.32613882254054 964.4678736676616 -88.14862546176472 533.3025640313979 249.16788377625434 960.1017667059772 -66.22661416480436 535.797796528606 303.2584342404591 923.2778821433974 -241.07228963522613 467.89032470958557 284.84410453059 851.6165247558573 -160.96145163615276 523.7927719995588 255.242345720925 956.5091987540169 -126.97026073866842 505.3790860679929 276.3009825987535 993.2630861369131 -87.2680268257036 513.4113431780895 267.9859339370867 944.791850022567 -75.74616560653801 527.4478935306049 220.75251541636607 981.2226250653916 -52.08802280953696 502.5323534110966 240.8583988542136 874.9125062896846 -152.11310881125593 532.8604825010062 277.5567948953387 858.2053386302828 -131.7790353744911 522.1207503058098 298.7606079313017 849.229817928063 -97.12922776265654 528.8645652548179 295.51711130899724 931.9162021520278 -188.32678093723604 516.3532100381348 191.58246311373088 971.1015738465195 -112.15588904413939 507.6865298202241 287.1054835281979 937.4931690500229 -212.4524529377933 508.8703702180549 277.49131145122584 986.1116350591967 -50.68914083560131 510.4900941920806 307.46223701586325 879.643472120733 -100.2091622654623 507.0202269384843 295.64778735885034 925.8753391392662 -201.20944883398468 489.8245052857547 303.03485855939095 856.3520853585796 -119.25596199373112 542.056059192352 282.14589579657877 978.5480187769869 -42.48527710647504 532.2678008808142 287.01169835365135 956.5162177588101 -117.94151802778566 489.0765605542138 293.9127785857134 958.5646868574565 -48.46993459011569 527.7952595270591 295.8004679238706 867.8047492129001 -239.9148489435377 475.2328745799522 291.1967966813638 918.4197282351315 -52.51836587154384 541.4301191528813 253.25915751732165 991.5771488256652 -116.37761195799916 513.7864466748445 321.9068761331992 891.8110801698263 -52.07703175929466 531.2265115112124 266.3545126092634 983.7789622657441 -112.09636843066859 535.5515954670026 287.09552064441516 932.1141880034344 -69.44511044636695 524.9873822928656 286.2085735240891 909.7123991483511 -45.07055559967647 510.7279217769729 280.44965362725037 960.9178661757286 -64.52951187079799 506.10283651462845 286.9080204383051 961.7698504467887 -243.27049508425165 457.8758898775851 283.2295107276394 904.5352715281358 -61.27766178376618 516.2969932377044 267.8124854665981 948.9384124090572 -173.02729571761813 521.1656138337573 261.9755769829117 993.2682869861138 -196.08062609258292 491.0881989189911 255.06874321052726 952.8871127217823 -107.76068443455142 529.4453322066435 258.4857206468429 949.0274292445258 -195.81358776789742 498.6207969404609 291.0773456130556 902.2915161917228 -138.6224742817685 498.9598957771924 297.04643244214947 984.0375505833605 -84.59577717349264 524.0140936182868 189.29610175655452 967.0090133670006 -119.00443767281763 504.8350561991948 279.9192052803355 941.5240931134282 -35.845257640949775 524.059620074052 294.8036740683031 844.4572819542132 -38.39913886811448 516.970568169106 304.3616673666897 905.6247906578975 -143.94330228502838 522.6833957426379 237.3775859210957 985.5825227302489 -114.92610490797725 496.2139274611108 265.57720714871624 971.0230716325975 -124.71197716502074 525.2637182077095 203.008129902396 974.596795731212 -72.15262948628502 541.4613851654101 255.40466381912287 987.8285406751256 -183.359644880429 513.4022776844604 297.9421179143552 872.004399572731 -184.46634645671676 505.5136451504647 272.43766939990394 864.4083434974684 -204.59633111231733 503.47335185743714 312.11609877567327 894.8420515356871 -244.4613337007761 449.91636607178765 198.075350696723 970.4775800634233 -108.75233025071483 501.1681555051176 319.1073079307639 904.7094767485685 -137.60871458745635 531.6417290446528 317.98181261126666 882.5308905469012 -57.31300964838813 507.43733133974655 298.22735825076325 895.7100448601835 -42.59891749226869 520.1834314542933 214.1174946940594 977.443314925482 -122.2245699508851 518.1039828066733 311.58053932949247 913.5501478177291 -79.65219936250183 517.3308092166388 235.1670585163789 879.3452582032993 -51.400241146472496 518.6102949800139
1680.007825810686 3.6675371088475446 3.558033620153169 0.8895084050383929 1.779016810076605 3.558033620153068 0.8895084050382538 3.558033620153262 3.6675371088474953 3.5580336201530782 3.558033620153188 3.5580336201532363 3.558033620153096 3.5580336201532514 3.667537108847607 3.558033620153176 0.8895084050382842 3.5580336201531524 1.7790168100765404 3.667537108847603 1.7790168100765922 3.5580336201531795 3.9780025204460525 0.8895084050382506 3.5580336201530893 3.5580336201530742 3.6675371088475677 3.5580336201531213 7.171446030696567 0.8895084050382283 3.558033620153087 3.5580336201532474 0.8895084050384024 0.4447542025192704 0.8895084050381767 0.8895084050383543 1.7790168100766124 0.8895084050383544 0.0 0.8895084050381771 3.558033620153175 3.5580336201532043 3.5580336201532448 1.7790168100766834 0.8895084050382094 0.0 3.6675371088476125 0.0 3.5580336201529756 3.6675371088475224 7.171446030696724 7.171446030696708 3.5580336201532075 3.558033620153155 7.171446030696643 7.171446030696568 3.5580336201531035 0.8895084050380937 3.5580336201532305 0.8895084050382305 7.171446030696646 3.5580336201531475 0.8895084050383238 3.558033620153191 7.171446030696716 3.558033620153228 3.6675371088475996 3.5580336201532115 7.11606724030638 3.5580336201530973 3.799981572069327 3.5580336201531404 3.5580336201532927 0.8895084050382396 3.6675371088475766 3.5580336201531484 3.5580336201532834 3.6675371088475313 3.5580336201532297 3.558033620153266 0.8895084050381765 0.8895084050384717 0.889508405038214 1.7790168100767318 0.8895084050381846 0.8895084050383748 0.8895084050382831 3.558033620153158 7.171446030696642 3.5580336201531018 3.6675371088475486 0.4447542025192159 3.558033620153094 3.5580336201532186 3.5580336201532017 3.55803362015316 0.0 3.5580336201531786 0.8895084050381682 1.779016810076733 3.5580336201531524 3.978002520445912 3.799981572069309 0.8895084050384814 0.8895084050383458 0.6226558835268423 0.8895084050382379 0.0 0.8895084050382812 7.1160672403064105 1.779016810076526 0.8895084050381781 3.6675371088475797 3.6675371088474815 7.17144603069666 0.88950840503844 3.558033620153291 3.5580336201532003 3.558033620153214 3.5580336201531892 3.558033620153056 0.0 3.6675371088475637 3.667537108847655 0.8895084050382888 0.889508405038446 0.8895084050383071 0.8895084050381301 0.8895084050382661 3.558033620153158 0.8895084050383052 0.889508405038247 7.171446030696654 3.6675371088476574 3.558033620153216 3.5580336201531666 3.5580336201530587 3.5580336201532674 3.558033620153003 0.6226558835268804 3.558033620153285 269.4905266599717 946.6152805471172 -81.34700020947874 531.4699864952609 246.44926685302696 974.469395971197 -237.48090586918937 490.7384188993171 251.88017246539295 864.9900778402579 -72.58615950900415 504.098814223073 284.3154341790789 968.6735558488296 -170.78128656690095 509.0013713311706 286.9915766094027 915.1380380320924 -185.0895094133387 515.6706638964895 301.21259872884593 911.9131064994959 -69.77368296050842 495.7791529261105 243.63959986992634 872.0628277806433 -101.73542258948193 495.51889192894316 319.41336444436496 899.0179504504156 -97.20125862229968 503.58101420942324 262.3562120885896 860.7947168296475 -109.34260984379729 493.2990742155048 224.00333048084693 980.5332271335551 -231.8979629051772 504.52393985697717 262.9723636813157 958.9098100718624 -204.8383492735947 491.45696091135164 297.26127820619695 956.1059400913751 -195.71813187460367 493.5050612943951 280.4957546367132 989.1582608220438 -78.36441508499924 495.24496747791824 280.36129729591494 860.8164632931278 -209.7339929622852 483.94493724521726 298.17336586103056 920.376105607117 -125.3175998449156 491.23685934569943 287.39116246615447 964.3835888940553 -91.29533451775286 529.4836128373537 243.2589719749942 962.3676952298997 -70.70836061429479 530.5178443805936 298.4296032008042 924.465239243362 -243.44308226268407 464.1691310762768 282.6966742347908 852.1416623184866 -165.03873984306284 519.1543296663946 251.63192470348807 957.158077178915 -130.10159225725425 501.5481095621985 273.784575317915 991.2774716338421 -91.18995626931877 508.93675386569765 259.983282319227 946.7925621517154 -79.36085535175502 522.7473167982381 213.6112245014611 977.5137229233305 -57.17480783346557 499.0371980892398 237.88230010824813 877.5147801973898 -153.17593014921687 530.0823723134746 274.0807298885011 860.2294052226698 -133.5260674748541 518.544392286107 291.1838085418055 855.5744662077826 -101.7737010049866 523.6840091140449 288.91774731839297 933.9991878601953 -190.58016308256754 511.947697196192 182.82158115859954 967.5802549085918 -114.89688686014928 504.7953865914557 283.2069282556289 937.9965466201369 -214.95831099756413 504.54827354910555 272.79846203872086 984.5363495734188 -56.563974859910324 505.7309540328097 302.51987949144296 882.9098403099392 -104.8969738575598 500.6530240420622 287.10911387725906 928.4152990396625 -205.20614580588256 481.86923882607584 298.7977498952837 860.5347252843425 -118.33596775569421 539.036126394728 279.18361111968727 978.2668189915818 -45.46508015270194 527.0062814902748 282.0211774835614 956.2878641590315 -124.52233757218507 484.10471425338426 288.9718638817991 958.7060090387695 -55.73826885510017 520.3662636553423 290.60032988925707 870.8136608027623 -242.45394706099756 470.5817953989246 286.6733792716157 920.2742144968594 -57.054340348296186 534.9106802692155 245.12760139177672 987.7646550112063 -118.29768061008646 510.2944809397169 316.58266152656716 894.4616940951142 -55.39962781456944 526.9244463530614 261.68936548132245 982.1515551007741 -115.83701165893832 529.7276233299506 279.6556502146565 935.2699621267242 -72.31277402925573 520.956035285129 283.07972491848983 912.412544656767 -50.01659177923403 507.1475829334905 273.5364430655113 960.800003827404 -68.0918247549725 501.99464349017023 279.99565028694263 962.261336303096 -244.91833417604238 450.06861988248716 277.23712002762204 910.154284483818 -65.8856286913837 509.8532861194058 264.2893573030538 950.0722980617383 -174.22147176017654 517.3656431917284 260.22827694387854 992.220021710071 -199.9642251417319 483.08185923839125 248.0868327157227 953.03877965072 -110.80271114357295 525.5453868113522 252.95187501564928 950.0783241659304 -200.54055050287826 489.9096170193441 289.2090781514084 905.3407096999333 -145.31809132406858 495.9143332184926 293.0602482054209 984.0096314612101 -86.16608905379132 521.4864012024709 179.41996503110587 963.0534083918218 -121.7382390343545 500.7110035198772 275.1697774180742 943.5660624135901 -38.91090307089107 520.174021029704 293.6802955569263 849.2759642817508 -44.212593087013374 512.8559749517063 296.29536507418146 909.3289540065198 -148.07796296816727 519.171644136828 233.75172377914066 983.9291841671065 -120.4135012394941 490.4362141151495 263.75876647036466 970.11582264796 -127.78665285612851 520.1865962983526 197.7335808606146 971.5092285645633 -74.17939212532058 538.0346253905478 250.507472267422 985.2733862155192 -186.1616048691474 505.9919337300312 289.9500830341831 879.51648889443 -189.2848002693793 499.01072175800755 265.7512312897344 867.2571472598675 -206.30012100898932 502.0656932606077 308.6518927676814 896.7560432228154 -245.23627043391298 443.99833366536603 191.166467194901 967.7029243978178 -114.04127257529304 495.2441622138346 312.3520854213002 908.8234101925718 -139.93111635307204 527.2712942859729 313.67903884145625 884.9445893341355 -63.082436203826916 501.93218089959925 294.95895024464824 900.1280405027481 -45.725100963693244 517.6608218837732 206.01265832055813 973.4977757261065 -124.51152272713554 514.8707337185317 307.03525736183786 915.5293798715327 -82.84755495095543 513.5531781703428 229.71023492363267 884.2155047966561 -55.64821420373704 513.1443589550175
1690.007825810686 0.0 0.8895084050382915 3.558033620153137 3.6675371088476565 0.0 3.558033620153092 0.8895084050382787 1.7790168100766026 3.5580336201532283 0.0 0.8895084050383505 7.171446030696545 3.6675371088476245 7.171446030696623 1.779016810076631 0.889508405038326 1.7790168100766461 3.667537108847583 0.0 1.7790168100766104 0.8895084050384537 0.0 0.8895084050384051 0.8895084050382791 0.8895084050381041 3.6675371088476094 0.8895084050381671 1.7790168100765342 0.8895084050381566 3.978002520446083 0.8895084050381944 0.8895084050382793 0.0 0.8895084050382006 0.8895084050384116 3.5580336201530645 0.8895084050381683 1.779016810076525 3.558033620153181 0.889508405038242 3.558033620153076 0.8895084050383485 1.7790168100765174 0.8895084050383634 1.7790168100767099 1.7790168100765984 0.0 0.8895084050382789 0.0 0.8895084050383238 0.8895084050381968 0.8895084050383261 0.8895084050382789 3.5580336201531915 0.0 3.5580336201531844 3.558033620153225 3.55803362015309 3.5580336201530334 3.558033620153169 3.55803362015317 3.5580336201532026 3.558033620153228 7.171446030696585 0.8895084050381451 3.6675371088477036 3.5580336201532528 0.8895084050382623 7.171446030696731 3.7999815720692838 0.8895084050383919 7.171446030696781 3.558033620153246 0.0 3.5580336201531915 0.889508405038302 3.667537108847647 3.5580336201531755 3.5580336201532323 3.5580336201532963 3.5580336201531 3.5580336201532985 3.5580336201531444 3.558033620153239 3.6675371088475357 3.6675371088475117 3.5580336201532217 3.558033620153081 3.558033620153188 1.7790168100765908 0.4447542025191165 3.5580336201531058 3.5580336201530542 3.5580336201529734 0.8895084050381636 7.17144603069659 3.6675371088475175 3.5580336201531213 1.7790168100766173 3.5580336201530725 7.1714460306965755 3.799981572069309 1.7790168100766863 3.558033620153284 7.171446030696668 3.558033620153166 3.5580336201531964 0.0 3.558033620153067 3.6675371088475894 3.5580336201531253 3.6675371088474678 3.6675371088476396 3.5580336201531586 3.5580336201531355 3.5580336201532607 3.558033620153155 0.8895084050383674 3.558033620153112 0.0 8.89508405038289 3.667537108847619 1.7790168100765082 3.558033620153104 3.558033620153005 0.6226558835267682 3.558033620153208 3.6675371088475806 3.5580336201532177 3.558033620153236 3.5580336201531404 3.5580336201531937 3.6675371088475632 3.55803362015312 3.6675371088475504 3.5580336201531155 3.5580336201530725 3.5580336201531355 3.5580336201531146 3.5580336201531475 266.2559201405765 948.5638385220728 -84.91590724287694 527.971041850563 242.50149709435505 973.9381933483791 -240.06128902758073 484.0425542421239 249.64748968917098 866.9413198720453 -75.1664224754694 501.0911461401987 280.46279169421734 967.697612845123 -175.2913953928559 505.61328066011765 278.4237324121533 917.5386617088017 -187.48200326197664 509.16003674273503 299.3189405704964 912.6117354222155 -73.50692126217216 488.70215643934307 238.11734679167282 876.2636578845093 -105.64803108792545 491.03598627270685 316.192844472955 901.4891581036153 -101.40796365198942 498.7006192784804 260.44615282226175 863.1158127802748 -113.67730195478639 491.5830918017956 219.5391015829957 978.2026867144677 -235.4018028995221 497.00143571007413 257.9619377341379 958.7769236745477 -205.20048085487008 489.4518478843776 290.8494560774882 956.2677353208809 -198.40111163486242 488.7515192821738 276.06217873125865 988.5552929999993 -84.26981449157411 492.2306630336935 276.3796347535522 862.2269525894043 -211.11296206072657 479.6877931284059 293.64106708513077 922.5095462958011 -131.97747735015724 483.8676572037596 283.51199063244934 963.1678005113724 -94.02222207257813 525.3545245738476 238.41738961931898 961.3477137059114 -73.5148457546276 526.4408320280479 293.85919269454627 926.4631192397582 -246.18558679076943 457.3550622566469 279.23133842320607 855.699939912878 -169.19290145582312 517.7846652997731 246.0001156465843 957.4314563373134 -131.45299296836535 497.632874065547 268.31524424579385 988.8028635043711 -95.10491671730543 504.4558331109103 251.90995124858492 946.8219972850833 -82.14506633523737 518.6593760929403 211.51442922671396 974.0782831724827 -62.58919131630497 494.476476087787 232.9439063026374 880.88240566789 -155.47420788028964 525.7011252849933 270.2887034484106 861.8941990213681 -136.11724630173794 515.517887473473 287.54867000996757 858.9249410593321 -104.47489305794582 520.7548691931189 284.99303553771097 934.5266735630179 -192.37388270268875 507.33643365728324 176.55706293425445 964.2919330052151 -118.39065249307882 498.77764325450056 275.32212404278687 938.833604727485 -216.04738856944405 499.669646870208 267.82978266970935 983.9923724521188 -60.217654635955206 501.05409862568104 296.12221645486477 885.6440941768313 -108.81923168949574 497.4029718917728 284.30023330788737 929.6499055813292 -210.05973547668097 473.2163401031363 295.4345709361175 862.673888367265 -118.56262197625144 534.3831059009549 273.46465843685405 976.6199335471309 -49.70047147419276 521.5308322939264 276.1502275145984 955.3537250977604 -130.2081372351911 478.4731492314122 283.5096588701424 958.6823919798893 -59.03835569710304 515.4218252720561 287.41949141416416 873.1567357699898 -244.72883178917604 464.7798890278915 278.9293109116635 921.7972269965248 -59.34016567150391 531.6694345525376 240.58079011991023 985.6899071108304 -122.15700244405635 504.54730796306893 311.3354607962694 897.2088911933828 -59.53893592721179 521.3811067778498 255.96177782169036 980.6100219156854 -118.80541564367479 524.5705131316819 271.7612043763246 934.8556720969276 -77.09313091737397 515.904459446147 276.1747665261555 913.5784611256389 -55.18281868688405 503.03860886665757 265.92067951666115 957.8892316062082 -73.06822536190778 495.8463025015927 272.14137926255 961.4221943663721 -245.5394377876665 445.1796416925324 269.7015822863679 916.0271447249223 -68.70178762040283 505.7821766079863 258.38026280588355 949.5874978530996 -176.47865699836336 512.962757857113 257.5884947162792 990.6873813740228 -204.52385125650156 475.3806148647378 240.83015933814195 953.4269126774099 -113.8339009384316 521.6343197043082 246.63044495497556 951.2019127627067 -203.60975278173743 483.7043845659987 284.1495103594172 908.8773902586852 -151.7891100408966 489.63370547797723 288.9713838380001 984.5170138142154 -89.6852573021451 516.7141806669088 170.42966430302613 959.6009605997862 -125.26720823424535 497.1731575789098 271.2273248551179 943.6076476662919 -41.375881041738396 518.3641062880387 286.51234595256375 853.0377110490564 -49.09523546011478 509.1789639909102 291.3844333092932 910.208305585957 -152.79821458815536 514.8114045399983 226.6691779779774 980.0180319027526 -126.10971129019005 486.0402520302661 258.8834236188479 969.2816825741176 -131.49430053855366 515.5339084605969 192.43157998701892 968.4669760757114 -74.58141017309497 537.1001576718423 246.7750954011569 983.9381120081118 -190.21371215057917 502.39345830718634 275.03467612132494 887.2182459364512 -194.41715140808168 494.8140539707669 261.31073976529837 868.1822022251666 -208.69282089166828 496.6398243638136 302.23072255975484 899.342864310896 -245.17255771149138 436.65440050626967 182.9368425994226 964.1083312953443 -119.73764526049034 490.8483563322925 307.71287225485185 910.5550787033254 -142.91200980281812 525.579598254301 307.51814486204506 888.0783222499367 -67.49007489583772 496.5980867177465 290.30953103850385 904.5578495357634 -49.78295884529275 514.5984742062816 201.5955996943273 970.9612773176434 -128.88509939476018 508.28011603405366 300.0305942217238 917.908408245829 -84.81990467008121 510.0943323242492 226.5163596177464 886.2773408830443 -60.12552647262246 507.86817718446974
1700.007825810686 3.667537108847583 3.5580336201532 0.8895084050382216 3.6675371088475353 0.0 0.8895084050382875 0.8895084050382697 1.779016810076557 0.8895084050382515 3.667537108847603 0.8895084050382542 3.667537108847583 3.6675371088475743 7.171446030696549 0.8895084050381796 0.8895084050382668 0.8895084050384717 1.7790168100765293 1.7790168100767738 3.6675371088475615 3.558033620153128 3.5580336201531777 0.8895084050381127 3.558033620153193 0.8895084050382407 3.5580336201531533 3.55803362015317 3.5580336201530782 0.889508405038336 3.6675371088475877 3.9780025204460325 3.5580336201530787 3.5580336201530827 3.5580336201530023 3.5580336201530725 0.889508405038265 0.8895084050382425 0.0 0.8895084050384499 3.6675371088476405 0.8895084050381404 0.8895084050382793 1.7790168100767203 3.5580336201531146 3.6675371088476094 7.171446030696705 0.0 0.8895084050382516 0.8895084050382291 0.8895084050383569 3.558033620153222 3.5580336201532634 3.5580336201530773 7.1714460306965435 3.667537108847627 0.8895084050383031 3.5580336201532714 0.0 3.558033620153205 3.558033620153176 0.8895084050383119 3.5580336201532035 0.8895084050382672 3.799981572069363 3.5580336201531595 3.6675371088473914 0.8895084050383152 0.8895084050381603 0.8895084050383242 3.7999815720692838 0.8895084050384143 0.88950840503825 0.889508405038284 3.6675371088476143 0.8895084050384277 1.7790168100766737 3.6675371088476574 3.5580336201531626 3.558033620153114 0.8895084050384118 0.8895084050383524 3.55803362015316 0.8895084050384334 3.558033620153256 1.779016810076503 3.558033620153098 7.171446030696643 3.978002520446048 3.5580336201530858 1.7790168100765908 3.7999815720693317 0.8895084050383162 3.5580336201530764 0.8895084050383045 1.7790168100765469 3.6675371088475552 3.799981572069303 3.6675371088475406 3.6675371088476116 0.0 0.0 5.4106683965522775 7.116067240306381 0.889508405038263 0.6226558835269113 3.9780025204461293 0.8895084050384042 3.558033620153036 3.558033620153246 3.558033620153119 3.558033620153218 1.7790168100766475 1.779016810076616 0.8895084050382335 0.8895084050384933 3.5580336201531475 3.6675371088475996 3.5580336201530223 3.55803362015308 3.6675371088475686 5.4106683965522056 1.779016810076568 0.0 3.6675371088475006 3.558033620153183 0.6226558835267714 3.558033620153172 1.7790168100765777 3.5580336201531435 0.8895084050382871 3.558033620153203 3.558033620153117 3.6675371088476374 0.8895084050382416 3.5580336201531484 3.558033620153112 3.558033620153197 3.558033620153184 7.1714460306965595 0.8895084050382657 259.2348957179164 948.285161470864 -87.26884101076196 524.7937045924732 239.70298678560349 972.9279746103875 -241.31378778389072 476.1362097126859 245.13409509482946 869.2970526865936 -77.5252689467756 497.9202229631463 274.5495274221844 967.1081275801257 -179.74669721549674 501.1118250736887 276.3966868923965 916.6633766591325 -190.31148351823182 502.84641959208653 292.5454730916187 913.9030441665728 -78.79263746736541 482.77557856377007 234.2806319953993 879.3842133351164 -110.93940420923889 486.33886799077266 308.7069119112495 903.9270091808611 -105.32014157252037 494.21679382217616 256.3238812480746 867.4101684711122 -118.79729113223526 489.21801779372174 214.64452136476504 973.7273968711764 -238.95082476081691 493.23625445966974 249.36416865160334 956.4812173330264 -207.21046289181058 484.39516772077144 282.906232479134 956.2358598397453 -203.63425773286738 481.3537640769523 273.0074132737463 988.5324079415329 -89.58664941393637 490.00714797690136 270.9286978591572 866.4921752300188 -212.46997765476573 474.87858316492753 289.74333894835866 923.227407020405 -136.17671951160858 477.7542602902822 272.6389631314844 962.1592926515159 -97.49413650875908 519.3247507356422 233.31295415612388 957.4456904480801 -78.25405262629735 521.3471159641063 290.09374042695225 927.6944170758889 -246.00327441783233 449.42161595739594 276.50274366041566 858.6025024979864 -172.6175811252926 514.990822124212 240.6698166459778 956.3446103453977 -135.52724415095483 488.357755305763 262.45887064970714 987.7452239824121 -97.44736841417762 501.2711887074671 244.81979752510318 946.6230851842022 -86.06996602608363 512.9564491946622 205.18838170974917 971.0133054513336 -69.89737049106608 486.36333832664747 227.6441297686706 885.3350023523034 -158.2200004483334 521.528182377712 266.5022510597562 863.568172999589 -139.8017389061156 510.85079510002333 281.11377885517015 863.5460832885364 -108.3156147144481 516.2096439070339 278.09588980171975 934.7458505192861 -195.60160301990229 500.11833066892876 170.14336427861303 961.4987864210167 -121.11689351514741 494.64834908579945 269.98154837877445 937.8482651478209 -215.1322689671588 496.0755910334286 262.0962744638809 982.4790299497428 -65.27547889166146 494.35053148434804 292.99160457031894 888.2615237085539 -111.14795958287485 492.98176736128636 281.34751055458486 929.9619272326479 -215.83326782266488 468.2315392818898 291.44697596604755 867.1736324356316 -118.81116105970754 529.7293510848658 268.58746752606504 975.7496025913416 -53.35406136584623 516.855508359437 272.3292381783435 954.2525033244316 -136.28146023223636 471.89940682128116 277.3794905668194 959.2456702190644 -61.059311204688875 510.74467165732875 282.4786866972295 876.4235162834088 -246.4098935532923 455.7714569059671 273.05049477303004 922.4987680432909 -61.21331638085152 526.8758166621968 234.1169975918619 983.1143411650435 -126.42383515447993 499.0959280225759 307.01571890563906 899.7009352389075 -61.57515351150883 516.7101470647202 249.21478356029863 979.0516033571691 -120.66128878831553 521.0442181489607 264.99726543225 933.485060564692 -79.06145406365123 513.6742208427519 270.2016223102551 914.586140627504 -59.942877853692806 500.44695847757686 259.0186092891497 957.1178232177422 -78.07514581592594 490.32976645496416 264.21214325456236 960.7899727467745 -245.13756265978336 442.2573819878483 256.15153452671217 917.1412212307855 -72.06480381861249 502.128338573852 252.54427347168763 948.4708241628573 -179.8078092552612 507.95657303541054 253.15683140103945 988.17342084652 -208.9021884621384 468.6818834201662 232.4231605921917 952.3620203082596 -116.51350959909664 518.6869505966355 240.64322812291584 950.7121247344929 -207.96590948060174 476.4534560595066 276.5278010490328 911.0182136121747 -158.6784819324802 486.1170514210789 279.4131007569749 981.8998214708348 -92.0242124703256 513.5262934398015 164.27069393423469 957.7675376435923 -128.38803771120124 492.10659481094285 266.43440683020987 942.4655331154227 -47.80001941252124 513.3586810778827 283.1461663733316 855.1676127178241 -53.51144371383028 503.84569490727256 282.6589429821645 911.9522451321095 -156.85881416446912 511.2220366283031 225.65149332385184 976.3805789066696 -130.42381395380593 481.8532610454056 255.04136979138758 968.3414850315341 -135.5203047676923 509.30547542225105 187.86808962567312 966.4264136401439 -78.14177501134212 532.3586212041236 241.8137404897908 983.3265973009429 -194.3007151622293 494.4773617075478 257.1753188696839 895.6936754248842 -199.09578713687714 490.41048659534084 255.22091272656695 873.2303648718755 -210.31496891169667 488.70586499511256 295.7027200052837 901.693784712761 -243.95582480251892 433.43830583961994 177.0845513258342 963.0181609170756 -125.04625297035945 487.3944578988958 303.15886995668944 912.6479094635063 -144.85274901993427 522.1344534855051 300.8728948960815 890.1702069248885 -72.61323671077342 490.55568703806404 286.0774892429816 908.1683212238476 -53.81428203072083 510.21764659762476 196.08406580231994 968.651210337623 -131.38050060061747 503.9866572534759 296.0625527743671 918.2895602437372 -88.34453193782701 505.32582324228946 220.5025795711945 890.5438320226585 -63.311994868288444 504.082513141392
1710.007825810686 3.558033620153228 3.5580336201532043 0.8895084050381249 3.6675371088476605 0.0 3.5580336201531653 0.8895084050384398 3.6675371088475606 0.8895084050384887 0.889508405038314 0.8895084050382155 7.171446030696607 1.779016810076682 7.1714460306967025 7.11606724030634 3.6675371088475437 3.5580336201531853 3.558033620153126 3.6675371088475734 1.7790168100766142 3.5580336201531138 0.889508405038298 3.5580336201531595 0.0 0.8895084050381532 3.558033620153146 0.8895084050384046 3.558033620153263 3.558033620153231 2.515909700500035 3.5580336201531497 3.558033620153063 3.5580336201530876 3.5580336201533065 3.5580336201532226 0.0 0.8895084050384225 0.8895084050383623 3.5580336201532097 1.7790168100766364 3.5580336201531826 0.8895084050382485 1.7790168100766475 3.5580336201531457 3.6675371088475703 1.779016810076618 1.779016810076719 3.5580336201530955 0.8895084050382792 0.8895084050383162 3.558033620153244 0.8895084050382847 0.8895084050381824 0.88950840503832 1.7790168100764585 0.8895084050383179 0.8895084050381111 3.6675371088474966 0.8895084050382647 3.5580336201531333 3.5580336201532003 3.5580336201531413 3.558033620153077 3.799981572069363 3.5580336201532567 0.0 3.558033620153275 3.558033620153321 0.8895084050383558 2.2237710125957904 0.8895084050381675 0.8895084050382869 3.55803362015315 3.558033620153237 0.8895084050380887 3.558033620153259 3.6675371088474598 0.8895084050382396 3.558033620153166 3.558033620153261 3.558033620153119 7.171446030696719 3.5580336201532385 0.8895084050382958 0.889508405038235 0.0 0.8895084050384614 3.5580336201532305 7.171446030696669 3.6675371088474935 3.799981572069381 0.889508405038246 3.558033620153144 3.5580336201531435 7.171446030696589 3.6675371088476156 7.17144603069657 3.6675371088476956 3.558033620153157 3.978002520446051 3.6675371088476525 2.2237710125957824 7.116067240306266 0.8895084050382474 0.6226558835269113 0.8895084050382817 0.8895084050381695 3.6675371088475965 0.8895084050382569 3.6675371088475193 7.171446030696647 3.6675371088474633 3.558033620153245 3.5580336201531155 3.558033620153138 3.5580336201531613 0.0 0.8895084050383502 0.8895084050380859 0.0 1.7790168100765291 0.889508405038279 3.558033620153284 0.0 0.8895084050383404 3.9780025204461293 1.779016810076524 0.8895084050382629 0.8895084050383572 0.8895084050383598 3.558033620153202 1.7790168100765835 3.667537108847599 3.558033620153127 3.6675371088476023 0.889508405038289 3.558033620153081 3.5580336201530898 2.490623534107352 0.8895084050383448 254.859111387646 949.4973566195384 -90.78192776793115 520.0160569053832 235.88731165647567 971.8947032402639 -242.91730779409352 470.9612052621991 240.97805736607938 872.0734108536429 -82.22230937512418 491.5602239793159 270.79263296840617 965.7547246473154 -181.86146604572946 498.81053689350927 272.39977619074506 917.5380586562184 -193.68509496031075 498.94308922513886 289.5271006176327 913.2681247838995 -83.68848534582585 477.7884390741044 229.47342178957092 881.4642694776335 -117.20411323325308 479.9043204915555 305.905073270798 905.0096344578277 -108.65759492192727 491.7639043661358 252.69120386735872 870.0206018147942 -122.90179007598303 483.6487550429687 210.96247047055942 972.2042212067024 -241.33662164409787 486.14257392483313 242.7263456859091 954.5086844332044 -208.7702406884793 479.13539142466504 277.1873399087851 954.6099861398997 -206.21025634386766 473.84177133344747 265.3612306658731 986.5207915693519 -93.89655924986309 485.81585754376755 268.50931563874883 868.22474742588 -216.2165688382093 468.97908175247966 285.8309162372443 923.2337495060688 -142.14546559237004 470.4895241115796 263.91221399788776 960.459858524826 -100.2188461288999 516.4178240577844 226.98479837604114 956.2374141959996 -82.37381886566033 517.0160012819154 285.17496388695895 927.9334799672308 -246.03839422683942 442.4040680473888 271.62294579451964 862.0085533293308 -175.58739993324912 511.98971631926406 234.8085580476785 955.3259496470231 -136.4704096449929 482.9138492632038 256.6051222281603 986.6787922018459 -100.57385684643269 497.43627919803106 236.0775621125849 944.8659042400634 -90.17153846744802 507.384199705016 199.65390328548935 968.7558061153368 -75.78496505487978 480.88129739504 222.29483863441598 888.2915247096851 -159.77448029007505 516.781900736917 263.6261116422109 864.7873908510747 -144.45527132915555 504.43946662032795 275.61146618783016 867.7463957878723 -110.61640459250219 512.9939310703624 271.21051485273506 934.1751376152107 -199.2882692436029 493.1064694496953 163.84292146248868 958.13596500799 -123.82991791592609 489.28364765485713 264.9777673632221 937.7108298399567 -214.94119010606983 491.6608111707255 256.2412220666913 981.4164428273664 -71.56035330279217 487.9373372677217 285.7941493962092 891.529778202673 -115.44343138477424 487.5526810698994 277.4561315621945 929.1972714795702 -221.81292964862678 460.08680315165753 286.20293764923406 871.6899805569117 -119.84854398131598 524.4105970915865 261.0410575811627 973.3368174746903 -55.5512351658783 512.3205873487628 267.64398123814976 952.5295140691231 -142.84175321680905 464.456789103118 274.4248316466657 958.8634676465846 -63.42143193337526 507.57560224970695 277.33987919722153 879.4373650017272 -247.97352435223544 451.5243721659899 269.14719023060405 921.7220963977319 -65.19028752886209 519.9716177270728 229.68387953748163 980.6076916156862 -130.70946771055014 494.8793184114079 302.1981601071251 900.832307272821 -65.3256414383169 513.3485967415605 243.49572804973502 977.482966689095 -126.41020769248692 514.2166961306626 259.18950462313234 932.2009509700555 -81.80588062728762 510.7875007965833 262.2272675376106 915.5563431559306 -65.6437646695789 493.60287569336964 255.2957219727545 955.6780209748147 -82.77541061036214 485.19925727767173 255.27148183729417 959.9056729043027 -244.62816256553134 433.28991361600913 249.5919422566348 922.2828580708463 -73.6323484982577 499.59993563067883 244.70012727655865 947.2389299467967 -183.40731412768847 504.1541815858639 248.45457458679925 986.6366895137538 -213.50574437378225 462.08478716024626 223.34946227905235 951.888041036859 -121.14948518672952 514.7038386697106 235.862561825825 949.4641422955984 -211.28400120804045 470.9027407801499 267.632638501195 912.5943273198009 -166.92413776904854 479.302756876791 273.78267809801537 979.9843113157665 -94.75432401412995 510.6248662545577 156.0366781438394 955.2313846753126 -130.72348188774987 487.68893592120946 264.40023017561145 942.5339260071044 -50.78023505716857 509.4113597576573 278.73330491656446 859.135715838834 -59.035834235208114 498.1045751895073 275.7456010567645 912.3315229648691 -161.63368361576465 509.03174186689824 220.00028633981893 974.5569421584978 -136.1936744375533 474.44192648045356 250.19766153466247 967.3403122798859 -139.72367679558923 503.8043545015094 184.29322859236655 964.4652898479694 -78.92045529031175 530.476918912211 238.95753295597441 982.5353049554868 -198.61994980773395 486.6659658268041 246.24987591513667 901.6847515195299 -203.41417468629064 482.59861736467616 250.72569060669284 875.6248551100672 -211.19437099473365 483.14066045345777 291.8726062955778 902.7841560834604 -243.65322414802438 426.3279884047342 172.59454110212323 960.5917401988143 -130.5331919865954 481.61631896973273 298.1767256087778 912.4630821176736 -148.04804012398824 515.9927004377968 298.15410230871487 891.3063115731999 -77.42394571210666 486.1211609486802 280.64698081182985 909.2446868531032 -57.769948323473905 504.5347559322003 191.56012933084742 966.4274454298176 -135.63072571408836 498.5211633902988 290.23366548034414 919.58926741879 -91.06670715342365 499.9654813775803 216.20723185995416 894.3438543423559 -66.45890655770584 500.26358748743075
1720.007825810686 0.8895084050381986 3.558033620153258 3.5580336201531475 5.410668396552178 3.6675371088475424 0.8895084050382939 3.5580336201532923 1.7790168100766601 3.6675371088475606 0.0 0.8895084050381024 7.171446030696567 3.5580336201531124 0.0 1.7790168100766504 3.558033620153148 0.8895084050384405 3.558033620153093 3.6675371088476494 3.6675371088476663 0.8895084050383024 7.17144603069669 0.889508405038198 1.7790168100766228 0.8895084050381532 0.8895084050383214 3.5580336201531537 0.889508405038311 0.8895084050382566 1.7790168100766437 0.8895084050381171 3.55803362015331 0.8895084050381492 3.55803362015315 3.558033620153199 3.5580336201531733 7.171446030696612 3.5580336201532172 0.8895084050382499 3.978002520446031 0.0 0.8895084050382717 0.0 0.8895084050383083 0.0 3.6675371088475797 0.0 3.5580336201530627 7.171446030696759 3.6675371088476205 3.5580336201530205 3.5580336201532323 3.558033620153147 3.5580336201532257 3.6675371088475317 0.8895084050382409 0.8895084050385019 3.667537108847631 3.558033620153176 0.88950840503824 3.5580336201531857 3.558033620153117 3.5580336201530836 0.0 0.8895084050381661 0.8895084050384044 0.8895084050384748 0.889508405038277 0.8895084050383535 7.171446030696613 3.558033620153206 3.5580336201532234 3.5580336201532 0.0 3.558033620153113 0.8895084050382247 3.6675371088475663 3.55803362015312 0.8895084050383953 0.8895084050382873 3.558033620153218 0.8895084050382798 0.889508405038301 0.8895084050383399 0.8895084050384494 3.558033620153089 0.8895084050382485 1.9890012602230491 3.5580336201531635 3.6675371088476223 3.558033620153153 3.558033620153208 3.558033620153252 3.5580336201532123 3.667537108847675 2.223771012595783 0.0 1.7790168100766401 0.8895084050383905 3.5580336201530898 1.7790168100764645 5.4106683965523175 0.8895084050381562 3.558033620153172 0.6226558835266385 3.5580336201532363 3.5580336201532115 0.0 0.0 3.6675371088476245 3.6675371088474993 0.8895084050382361 1.7790168100767387 0.0 0.8895084050382835 0.889508405038283 1.779016810076646 3.5580336201530756 1.7790168100767163 3.5580336201532003 3.6675371088476623 1.9890012602230127 0.0 0.8895084050382759 3.5580336201531186 7.171446030696727 3.6675371088475686 3.558033620153092 0.8895084050381072 0.8895084050383583 0.889508405038335 3.5580336201530827 1.7790168100766224 0.8895084050382955 1.7790168100767263 3.558033620153231 3.5580336201530915 3.5580336201531924 0.44475420251916997 0.8895084050382627 250.90271281234425 949.0426485905361 -94.28254690649776 515.2298778802044 230.29185812927702 969.8693209073057 -244.4007894917082 465.16478853558755 236.6560729487565 876.1242936139721 -86.12517096851313 485.8424218760057 263.11132554733166 963.8753749319268 -186.27311723194896 493.20743478548434 264.4451322189343 918.05881456729 -196.81367940957455 494.3893637791763 282.61109884460774 913.3694432361801 -89.94267428870445 470.11958580522924 226.03170298921606 886.4508303567435 -121.90410854516388 474.773519427849 297.0423257720492 906.0512258791533 -112.38084726580078 488.3675997518228 249.44524732811303 872.3310848296534 -127.20506479910624 478.22591914038355 205.59126088956774 969.2865500871583 -242.42952066889035 479.9917095138714 237.1226960212414 952.5048468077656 -212.82533005037814 469.01024593577273 274.45175526360384 953.247730583775 -210.57591329511652 464.89312907368486 259.8859050778083 984.0380365796933 -97.03490018148719 483.21656872902406 262.3091499940001 873.1377576794841 -218.46964453881694 463.5312524641196 282.86603225157774 923.320412961913 -144.84786580432691 462.6588967366522 259.0518426127868 959.5362350194742 -103.32814604922334 512.5691818607718 221.0690688429811 955.4047227468224 -85.11161234127788 514.1213339643501 281.2280774381432 927.73127005979 -246.0458994427458 436.3508074496147 263.51243043203357 867.7114892384816 -179.8186729922852 507.38877657708986 230.86078296894365 954.7859590171586 -140.3764358035381 477.19823395326114 252.78785244474747 985.6508918994195 -104.09790503572563 493.8934894266705 226.08473388198118 943.9779180757641 -91.33873546233555 505.7901987083305 196.31085140451208 965.8618304759391 -82.42780261564138 472.2714423858976 219.58393982549785 892.6061414671864 -163.11125402698104 511.82419011994887 257.25229574620647 867.9839251891354 -149.93420531107054 497.35579778422664 272.52844713854694 870.2204794993164 -112.11808239692198 509.2046678309117 266.3395926658583 933.3278042424014 -202.1611592148238 487.894432302616 159.09453402778675 956.7743053765689 -126.9479635325693 485.44236044566907 260.15783130833177 936.6422525765603 -214.6454249565903 485.0343703959057 252.5527884652249 979.9091080470566 -77.03602447014669 480.9228693723043 281.1143800809991 893.0781174849031 -118.9527999042249 482.77243836614116 270.63333288870524 927.8278648110663 -222.97500978669075 455.8828442299974 280.6025708682812 875.740156724514 -123.05078802870395 518.1975795144829 255.17704955006744 972.3216731025187 -57.90975827641909 509.1506681789312 265.81482340401976 951.6316430999868 -149.789569535421 456.0719939967957 264.80512366076294 956.5957259112889 -68.13070736472395 502.4538777777734 273.0881421525907 881.9738146970658 -247.79133900190985 445.5164137107456 261.2276277001656 921.6217375013415 -68.726397904107 515.2120991756765 224.59826078339654 976.6830202358577 -133.39786237963654 490.7244252854505 294.43221899379535 902.48006597692 -66.89232465891975 510.81961964334675 240.43870731460282 977.4216660872187 -131.78850274094694 509.52729067473274 254.2929493520993 931.4801648677798 -84.14702031774611 507.6016849625275 252.38293600829797 916.9991467217492 -71.33091643052315 487.9730609277426 248.66026535102515 953.7028928347863 -88.34033027190976 477.63683173461874 249.28181130807423 959.3884520599556 -244.36780630351566 427.28414203897705 236.23862992354645 926.7570554441585 -76.7625676628516 495.7682042261755 236.67612680581746 946.6488623939431 -185.47745008104147 500.75003967413494 242.42151346315657 982.4451484397343 -217.3566944147883 452.88356196756826 214.27563327119486 951.428528943454 -124.61290660754266 511.1023702744331 230.13480333384695 947.9315732983216 -214.57409588289468 461.04143005214684 260.69497135158633 915.2413715460075 -173.97642103372715 471.60885464168007 266.71323631717047 979.685508142512 -97.85231944695859 505.5441990566365 151.66628585549807 954.8410735560951 -134.629182828653 481.97307557346215 257.5707641481679 941.4260871044913 -53.9347883842629 506.8303271369105 271.1747940976043 863.9234977843053 -65.5170597729032 491.8331401409073 270.6782481407434 915.5876545772447 -164.38451750848125 504.8619699123616 218.53596976309498 972.3727054366288 -140.70664134257513 470.40150870797345 245.48242976779946 965.8415141876953 -143.9002759774739 498.28901962847704 179.91436683573303 961.608309571335 -81.85149245880332 526.4988144851134 234.57756206188407 979.8086960696079 -203.63788063354093 480.2499099972773 234.73537976160645 906.360528035641 -207.99507478728836 476.53112961472385 244.97100233524012 879.5954934591374 -212.09546572416698 478.65421199986633 285.9527234105451 903.1057363516494 -243.001601259097 419.59521001068583 167.96724909907644 958.7301914109277 -135.23479368100413 476.48712415401974 290.2794673191324 912.5601715466892 -148.75277926218877 515.2604016895094 293.5351662890693 893.4321182371576 -82.32141295348437 481.1357566655431 274.6204614957387 911.4607094668388 -60.52392865978881 501.6549675459355 189.10944318835033 964.0306969735524 -137.95711117401407 496.54196858149277 286.2823109193563 919.497797611615 -95.36646750642868 494.5398882856432 214.3200405496026 898.2180223443764 -69.59180702400472 496.4338074775651
1730.007825810686 3.5580336201531715 0.88950840503828 0.8895084050381068 0.0 7.171446030696606 0.8895084050382385 0.8895084050384556 3.6675371088476014 1.9890012602230442 0.0 0.8895084050384789 3.799981572069327 0.0 3.6675371088475672 7.116067240306422 3.5580336201531115 0.8895084050382368 0.8895084050382862 1.7790168100767336 3.6675371088476103 3.558033620153212 0.8895084050383554 0.8895084050384326 0.0 3.5580336201530978 3.5580336201531773 3.6675371088475504 0.0 0.8895084050381158 3.6675371088475295 3.5580336201531226 0.8895084050382459 0.8895084050381754 3.558033620153141 3.558033620153217 0.0 0.8895084050383476 1.7790168100765913 0.889508405038266 3.9780025204461364 3.5580336201531804 3.5580336201532243 7.1714460306965595 0.8895084050382647 3.6675371088475495 3.6675371088475877 1.779016810076645 0.8895084050382843 0.8895084050382339 0.8895084050383141 3.5580336201532416 0.8895084050382259 0.8895084050383875 3.6675371088475153 3.558033620153149 3.55803362015307 3.5580336201531115 3.6675371088475166 0.889508405038311 0.0 0.8895084050384329 0.889508405038332 0.8895084050384195 3.6675371088475246 0.8895084050381383 0.8895084050382108 0.8895084050384109 7.17144603069662 3.5580336201531835 0.4447542025191416 3.558033620153253 3.558033620153195 3.5580336201530542 0.0 3.558033620153166 0.8895084050382878 3.6675371088474575 0.8895084050382697 3.558033620153081 3.558033620153169 3.5580336201531577 0.8895084050383328 0.8895084050381148 3.558033620153127 3.558033620153153 3.97800252044614 0.8895084050381369 3.5580336201531586 3.5580336201531195 3.6675371088476085 3.558033620153154 0.8895084050383268 0.8895084050381469 0.8895084050382348 3.6675371088475144 2.223771012595746 3.667537108847599 3.558033620153172 3.5580336201531577 1.7790168100765629 0.8895084050382818 3.799981572069309 0.8895084050382226 0.8895084050382803 0.6226558835266385 0.8895084050382939 3.5580336201531915 1.7790168100765928 3.5580336201531124 3.6675371088475344 3.5580336201531226 1.7790168100765613 1.7790168100765493 3.5580336201532163 3.5580336201531706 0.8895084050383463 3.6675371088475757 0.889508405038326 3.6675371088475783 0.0 3.5580336201530476 0.8895084050383044 0.0 7.171446030696619 3.5580336201532226 0.6226558835267714 0.889508405038468 3.6675371088475854 3.5580336201531138 0.8895084050382969 3.5580336201532154 3.5580336201532403 3.6675371088476663 3.6675371088475357 1.7790168100764838 3.5580336201532194 3.5580336201531795 0.8895084050382712 3.799981572069369 1.9890012602230316 244.10258950271003 947.7286414322498 -95.43078183874303 512.3977236673171 223.7895099175751 967.3909766866207 -245.5969934665979 459.878345785827 232.6834894678878 881.9913070305591 -88.85441204245787 481.71541428176164 259.2748879281804 962.9201513312685 -190.76433656176505 487.60380432444293 256.039833136116 918.2784506311732 -200.53172338946825 490.5890354066083 278.6586851719565 913.2710718666347 -95.53474734506277 465.6444213669416 225.03776609001804 889.8643158273028 -126.4168893737699 470.73288656017445 291.22164468627824 907.7113242387677 -115.51356797692664 485.7617407524493 244.76927149346346 876.0085114644936 -128.96418366791988 475.8391029638695 201.20411336633936 966.4277249758808 -243.6513283573533 474.716864362011 231.38589974574955 951.0103348257643 -215.467044866705 464.6680422792038 269.7997823620103 951.4248724639268 -214.04373878881842 456.6374326245827 254.9192769726264 983.4859056302857 -100.54692001014374 478.4384035145341 255.42519796634159 877.3122318882937 -220.57919406437009 457.97506380627874 279.91883065845553 922.9095431840849 -150.33477216993393 456.88072756378943 252.2727537254622 958.1373987691868 -104.85246270403816 508.79008240257565 216.99413126934962 955.38203252531 -88.22992479600212 510.27972173568656 274.3088278927749 927.5340142731866 -245.54139535512348 430.3956056024548 260.09881723165813 870.556066134223 -182.60845632831277 505.383625971422 225.12765655102035 953.2793082473921 -144.680246258317 471.77582597089435 246.6137616576897 981.9566277786039 -107.22109247925803 490.0562928554026 216.45577621773432 941.7412348743969 -94.45699102514247 501.9488541963654 192.63769782136168 964.2276819404175 -87.13534852345964 468.37241387062346 216.82570894963453 898.3960296931588 -163.56020473446364 509.83828268171095 253.4076931890915 871.1021855048482 -151.29548516050806 496.97692598808464 268.8375156804114 873.5140337982219 -114.78374358541024 505.03788018203744 261.4635518491406 932.5881504362502 -205.02347132664713 482.663718495938 153.30701995143235 955.4849551156605 -130.45184792777928 481.88047660383904 253.33380644298782 935.4326077476578 -214.31053695860626 479.6195306743116 247.48880468172098 977.7960613764674 -80.7493806313095 476.2927272074663 273.3686761960092 894.6844470362125 -122.85548481132741 478.28002698646696 264.7164469298171 927.3259766664119 -222.66752922843756 448.21924530094014 275.95247816528814 879.4592850754258 -126.0377221050568 513.0523339426935 247.6550234362237 969.8343960314584 -63.590546064648905 502.28865335506214 260.2203290726119 949.4328968409994 -155.10837242421437 453.85337778031646 258.0153461618726 955.2436904429431 -71.4578012695376 498.76671593110774 268.12947272550554 885.2188129846177 -247.87012396915765 443.48046777542163 255.2933132925418 921.7655518748185 -72.64265655614564 510.73138068996855 217.55979744866414 972.3096916187297 -135.71759488712976 488.73658857080494 290.44791339482623 902.2255813560846 -70.79657549683554 505.102626232434 235.02231751757944 974.7100253784176 -135.48048262861397 504.85785373705346 249.35499396076938 931.4509534505268 -86.48340445506753 504.4128202511921 243.63863868103377 918.6610632364126 -76.01711666049437 481.60507624825743 246.09368509907213 951.7605129164754 -92.5445773483065 472.7542686061375 243.53895988968654 957.9244889582327 -244.09948483442002 421.27817927242995 232.28346582806105 926.3624112604875 -80.27598954730902 490.9910562413231 230.54683093586226 944.6855207823177 -187.6698548640926 496.3061385236253 236.17855517828193 978.9982621397139 -222.1517254482508 441.30569712989427 207.08343917072463 951.694391284277 -128.9278735334193 504.47370688906994 221.46611202632798 945.9315588814272 -218.62279896579224 451.9145738088455 250.7917435512342 915.2775922067098 -182.24263918775452 467.2653312174016 261.9956505380092 978.1935933883314 -100.16412603048454 501.1146530654714 145.23802951685175 953.2420297915982 -136.58723417337976 479.7328947978694 249.70390390733553 940.483578532685 -58.65053798775584 502.9404355762891 266.8208045539502 867.9792217907096 -71.0229880530562 488.5231986325802 263.2027107696115 916.7651389161679 -168.82254252051285 501.4746698007098 212.31636125146224 968.7408833200135 -146.0889695816449 463.93234472052825 239.6198191987813 964.8241722717424 -147.2789803723757 494.608665418818 176.11886219692124 960.4774807547982 -84.97542104755851 522.6612100413643 228.67924663737395 976.9846949878934 -207.27237652738492 476.3280920605364 231.31460232212865 908.3957386815168 -210.61050551731475 469.1098417858052 238.38464765206007 882.6443633003624 -214.2189524156576 471.57389451406834 280.0317932535053 903.6627381768983 -242.6241058286762 414.62297788396654 161.27282470980987 956.964751010729 -140.03070651078716 470.8135341894451 286.35739714482116 911.4354614913084 -151.69651032067335 510.11693412739015 289.6756828555647 894.3715701339892 -86.23311711098978 476.651598200927 269.56815361609654 913.4193099080575 -65.21416901359453 495.2897605598031 184.46987846982705 962.1636175953716 -142.1472133641735 491.0310595460883 277.4063266506215 918.8742361773315 -97.31019331011542 491.06199899772275 211.8651699127823 905.6122019735075 -76.14121732776302 488.3686471505029
1740.007825810686 3.5580336201531595 0.8895084050382922 1.989001260223062 3.6675371088474997 1.7790168100765928 3.558033620153136 3.5580336201531306 3.558033620153271 3.5580336201531733 3.5580336201532043 3.5580336201531297 7.171446030696567 3.6675371088476556 3.6675371088475437 3.5580336201530858 3.6675371088476365 3.5580336201530716 0.8895084050382787 0.0 3.6675371088476174 3.5580336201532226 3.5580336201532026 3.5580336201531684 7.171446030696591 0.8895084050382122 0.889508405038246 7.171446030696753 3.5580336201531657 3.5580336201530973 3.6675371088475957 0.889508405038289 3.558033620153189 0.88950840503826 0.8895084050382543 3.5580336201531346 1.7790168100765338 3.5580336201532523 3.558033620153223 0.889508405038153 0.8895084050382357 7.171446030696631 3.5580336201531626 3.9780025204461213 3.558033620153227 1.779016810076604 7.171446030696593 3.667537108847424 0.8895084050382533 3.5580336201531733 3.55803362015311 0.8895084050382985 3.558033620153144 0.88950840503817 0.0 3.6675371088475894 3.5580336201532075 3.558033620153145 3.558033620153228 3.5580336201531404 1.7790168100765442 3.5580336201532345 0.889508405038321 3.5580336201531453 3.978002520446032 3.5580336201533167 3.558033620153192 0.8895084050384504 0.8895084050382858 0.8895084050385031 3.9780025204460374 3.558033620153212 0.8895084050382767 3.558033620153278 3.6675371088475055 1.98900126022297 0.8895084050383081 7.171446030696619 3.5580336201531813 3.558033620153135 0.8895084050383416 0.8895084050383357 0.8895084050382984 3.558033620153205 0.8895084050383105 3.5580336201532305 3.6675371088475823 0.8895084050383889 7.171446030696626 3.5580336201531453 3.6675371088476023 0.8895084050382162 0.8895084050382904 3.5580336201531404 3.5580336201531257 3.9780025204461125 3.799981572069188 0.0 0.0 3.5580336201532363 0.889508405038276 3.55803362015322 3.799981572069309 3.5580336201530764 0.88950840503832 7.171446030696624 3.5580336201531284 0.8895084050383264 1.9890012602230263 3.5580336201530574 0.8895084050382559 3.558033620153223 0.8895084050383179 3.558033620153138 3.6675371088475854 0.8895084050380871 3.5580336201531 1.7790168100764931 7.1160672403064344 3.6675371088476743 3.6675371088476423 3.558033620153218 3.5580336201532305 0.8895084050384006 0.8895084050382897 0.8895084050382028 2.490623534107243 3.5580336201531995 3.6675371088475446 1.9890012602230422 3.558033620153173 1.779016810076406 7.17144603069664 1.7790168100763997 3.6675371088475583 3.6675371088474575 3.5580336201532043 0.8895084050382035 0.8895084050382974 2.22377101259585 3.9780025204460725 238.32120785977298 946.4153539471528 -98.9331281011054 508.83283402025097 217.55113926181545 965.8383471080667 -247.75690050571245 453.3609164945527 226.8563595928355 888.9200524479751 -91.99170871025339 479.1144087242424 254.2969503922387 962.481258375928 -193.27388517414528 481.16118005686167 247.6474792911859 918.3125400602542 -202.99402367211067 484.11887713752174 273.7269240775501 913.5794109674916 -101.99947350470569 459.35731680845845 220.01014525561553 896.4429499458927 -131.50595688210666 464.6614605905017 283.3140527985243 908.1766953377122 -118.64336321839879 483.15213089193725 240.21234847878682 878.2532939783426 -132.48262972134032 471.0656271563749 196.4494858683991 965.0684474603163 -244.82715997770921 469.42440910002085 226.52739867805388 950.075923828282 -217.88417338673798 456.09768248194297 265.8209304601155 951.1306377055244 -217.09836603734783 448.22649037419967 251.03116700119352 982.7385572715491 -103.28393959422075 475.5432182230959 249.565882259509 880.3806988938734 -221.84321484182075 451.6678805924913 274.9463511838014 923.5253332108288 -158.7742882921638 449.5954636610753 249.21578943979173 958.1744578583333 -109.10019755823696 503.3246491065366 211.4650325552821 953.0188152754793 -91.54477365994636 506.5809572243085 271.31931066224814 928.1726059275513 -244.47635205444334 426.58056934341306 254.87758542649658 873.5446153491263 -185.7091111811372 502.36393019010166 220.15816976761496 952.7937395495159 -149.36131629800747 464.17585454055893 238.06222889387692 979.4998263697556 -110.32547637236748 484.9794947124898 210.63226678608427 940.5866185584032 -97.54602776692117 496.86346162731644 188.0378613985835 962.1649750153236 -92.81136933134583 462.7314122005487 214.81366215047757 903.4271932511041 -165.54006147700065 505.3067143210162 247.66430987916226 875.7941192404601 -154.8355585532926 492.19529837843334 265.08829713729835 876.692249942039 -117.45840664255107 502.0852696953302 258.50706163684373 932.1477093606208 -208.110143171817 478.4575300482165 144.78257181929038 952.8423473750021 -133.15323517762164 477.73570673582867 248.44184972876906 934.4565758127284 -213.71034451401346 476.3339171938243 243.59836331373737 977.0577295254453 -87.51636680709268 470.84002585387503 267.6484176784011 896.2229404275257 -125.57162934208196 474.1443903244408 260.7506020887905 927.6623048470901 -224.59926145648586 437.50915558328893 271.6732169044012 881.9182914140957 -128.6216967895427 508.83339744670735 242.92646965856798 968.3834252649776 -68.9559478058928 494.57990120766505 259.30077903755193 949.0013763104381 -163.66786175846335 449.11218737335906 251.30605701558892 953.549542111181 -74.96793595652267 493.98697894205395 265.0065927937073 887.6070879141439 -247.1205276864313 437.5776808546021 250.3638680604007 921.9648503131746 -75.75367507219741 505.65908269612095 212.32559882718397 968.7527832595017 -141.07853895711725 481.6343412959372 283.5790945279923 903.3973645284544 -74.70493715260254 500.61552080353636 230.29700058544452 973.2528977895913 -136.06780261749876 501.69770676125216 244.42043999305216 931.1051626684617 -89.19933061487413 500.27754466063044 236.04381176871644 920.9187744412748 -81.88280651216586 474.8771272972778 244.7641977351758 953.229178146802 -98.60691931298446 466.170452126685 237.77688204136092 956.5216659660429 -242.41599023928296 414.5631871304461 227.35488668101826 926.3285244307427 -81.43352410714057 488.1624691660159 225.74943014601706 943.4725782637574 -189.40639460829624 493.7823493756335 231.63102123999428 976.8253282862759 -224.30742711613016 429.63267636084913 203.68863828866276 953.1778061746296 -130.6071615027227 502.0281426112307 215.7107923059712 944.5201089221196 -220.89377210994033 444.3262445483503 242.82174204203375 915.6184436861768 -189.52980193663473 464.0418797241109 256.12822486960204 977.1974535124338 -102.08600352370968 497.6250172274441 136.8599615709001 950.8431796689782 -139.71818543064248 475.9016108496979 245.82037440707882 939.8260621084262 -63.83806662475375 497.5550386636533 262.0662025309146 872.3247318400065 -76.50270297536109 482.7383434496224 256.2943897257181 917.5728775976999 -171.38055040631548 499.34647892885033 202.81767280614227 965.9755948400633 -152.25660761673976 456.81421155580654 236.68489600721566 964.3317893027329 -151.1193449025577 489.45261866592745 171.5120025520724 958.4333974799891 -88.26123681692142 516.4932314581015 224.06248497097963 975.0699428175083 -211.08740210170652 470.21544213735837 225.74447716960742 910.4601648491843 -213.91139166202956 463.34512024523275 235.13754781906022 883.348686660937 -216.66481659343864 468.15559702422 274.1321321430023 904.4818441041899 -240.77568483181972 407.13470737238106 154.6251855730796 954.9859413713801 -143.5697329820278 468.510866348178 283.8874255331068 911.9152154748688 -155.35628270887818 504.24249291438144 283.7345120448031 894.7741342106982 -93.66544436934302 468.6214970971833 263.1216762202577 915.0031811238097 -71.65486313659524 486.53103146578104 178.79572699059455 960.3727558166091 -145.19826238075743 487.13651169189063 274.4353997895296 918.5475197847353 -100.44580478272547 488.4592057004233 209.66894861774995 913.2718359387512 -82.0069633506696 481.6406303319927
1750.007825810686 3.5580336201531937 0.889508405038236 0.8895084050381838 3.6675371088475166 0.0 0.889508405038277 0.8895084050383364 0.889508405038293 3.5580336201531555 0.0 3.5580336201531306 0.4447542025191968 1.7790168100765467 3.667537108847583 0.8895084050381531 3.558033620153155 1.9890012602229716 3.5580336201532106 0.0 0.0 3.558033620153108 0.8895084050382984 3.5580336201530907 0.0 3.6675371088476036 3.5580336201531364 3.6675371088475512 3.558033620153216 0.8895084050382928 7.171446030696576 0.8895084050383392 3.5580336201532368 0.8895084050381653 3.558033620153127 0.889508405038396 0.8895084050383015 0.8895084050383372 0.0 0.8895084050384299 3.5580336201532172 1.7790168100765789 3.558033620153235 1.7790168100764 0.889508405038302 3.5580336201530907 3.667537108847611 0.0 0.8895084050383245 0.8895084050383609 0.889508405038252 0.8895084050381775 3.5580336201530676 0.889508405038332 3.558033620153248 3.6675371088475592 3.558033620153144 0.8895084050383599 0.8895084050383022 1.989001260222964 3.5580336201532403 3.5580336201530383 0.0 3.5580336201531786 0.0 3.5580336201532514 0.8895084050382681 3.5580336201531697 3.978002520446076 0.8895084050382759 0.4447542025191416 0.8895084050381427 0.8895084050383324 3.5580336201531844 3.6675371088474855 3.558033620153171 3.5580336201531515 0.8895084050382092 3.55803362015326 3.5580336201531293 3.5580336201531293 0.8895084050383689 7.171446030696612 0.889508405038467 0.8895084050382953 3.558033620153197 3.55803362015325 3.558033620153127 1.7790168100765404 0.8895084050381298 0.0 0.8895084050383294 3.5580336201532394 0.8895084050383755 3.667537108847631 1.989001260223103 3.799981572069318 0.0 3.5580336201532226 0.8895084050383293 3.978002520446124 3.558033620153119 0.0 0.8895084050382884 7.171446030696643 2.4906235341072867 3.55803362015324 0.8895084050383515 7.116067240306262 3.558033620153074 3.558033620153168 3.558033620153182 0.8895084050382666 3.558033620153203 3.5580336201530707 7.17144603069671 3.6675371088474957 0.0 3.5580336201531457 3.9780025204460445 7.171446030696699 0.8895084050383459 0.0 0.8895084050382634 0.8895084050382718 3.558033620153098 0.6226558835267714 3.6675371088475353 0.8895084050383149 3.5580336201530733 0.8895084050383165 0.8895084050384396 7.171446030696654 1.7790168100767079 3.6675371088475104 1.7790168100763906 3.55803362015307 3.5580336201532012 0.8895084050382349 3.799981572069342 5.337050430229721 231.40604418199433 945.6367820354279 -102.78231954848481 503.07916611303983 214.7258496123972 964.9170886717308 -247.56665359910494 446.32493563088804 222.788436679772 893.3092318886612 -94.71658715095195 474.9844523914307 250.65393531634047 960.6387332680881 -194.7639749796284 479.52992539689416 238.82237291290176 919.4782720561359 -204.8016776540594 480.48981153811843 268.75484764565175 913.0974525118194 -106.99442016227292 454.4429462566657 216.5182733768954 901.9017117648993 -137.97706108446596 458.38092074651115 276.3576860251911 907.8773647375522 -121.57474812089893 480.39820120405176 234.70875060797798 883.2319795879225 -136.38863815925023 465.35000079359475 189.64532483415067 963.7891705446535 -245.50171506311727 464.23281703422373 220.75023378595478 948.7498395017595 -219.84857394037996 449.4067854138309 259.98344816039537 950.1020529718942 -218.67165994489474 442.39113823036695 243.53104739241755 980.1313738987644 -105.99442092646366 470.1770429721301 243.75304145217524 883.4098172371995 -223.38336315163593 442.89524048823125 270.9852819436393 923.5498326478619 -165.06703115611452 445.6390968286839 243.4263160411933 956.8852886778803 -112.17893753059552 499.4510867052722 206.59440157747713 952.1407673379607 -93.07171890978972 502.80311193115205 264.39755885025414 927.4137155891927 -242.69192965651314 422.917270133045 250.66707925440636 877.0062868667702 -188.55625615625456 497.0947241768475 217.21740203988978 952.3495572245423 -154.83795939048343 457.1622996609723 233.92152499447138 977.7159685184823 -112.66041274858227 481.7892766014583 205.48822932267325 940.9226947412758 -101.82773033021721 492.6432482853983 180.36938087552014 960.2161237872537 -98.47620913750401 455.85573629240275 211.7246871104561 908.9722988780846 -168.69371143412144 499.703920791857 242.81532970522647 878.4410922573669 -156.20327270775954 489.5529706388493 262.21236865564254 879.5126829965437 -118.91743930109583 498.28183078347917 254.57012472429886 931.5469893242251 -210.74151525994915 476.0637904270006 139.9965149773362 951.6078305881449 -135.85951652335314 473.5938657797439 242.5113076024062 934.3731641430079 -215.59930791049044 468.66839360793443 239.33840457864798 975.7603510338676 -92.78126401158855 463.67037704143763 263.85972486369394 897.3493191098293 -126.15508897977195 473.3465929306914 252.84237560394848 927.533158547231 -224.8069847818375 431.7508027308846 267.53788375620667 884.6087318853005 -129.47389415052749 505.8262569045007 236.25729443203417 966.5396274654468 -74.33741978434581 489.3346705166414 251.50175400628024 947.7176958382024 -170.0497879958864 443.99373691227566 246.31002169911153 953.3425894366728 -80.71929942243885 486.5613112948451 259.74505423984283 890.3081868958848 -245.10744953081706 433.95724645962514 243.46783435752067 922.5712044363086 -80.04179132962065 500.2241639704211 208.47485667119855 967.8626318684674 -142.2006567837725 478.7916577637376 278.6493381655774 903.6318991603804 -78.1969155423393 494.59698591193705 222.37258857296393 970.3048249150964 -140.45041459114896 495.1174850246291 237.49879695637685 930.96816591157 -91.52733377158164 497.08217274944747 230.27970904523423 922.3246461641086 -86.77468634904201 469.886125425735 237.00817414276145 951.7068865128432 -103.59359510071377 460.63593153094223 232.79452614863436 956.1264427149732 -241.1443649918111 409.78149776812637 218.45989714881955 926.398298335141 -87.67497201931866 480.4833035741689 222.88199713911575 942.6854813934373 -192.5666629469534 487.5214555502392 225.1459750350643 974.2252390637755 -224.19050155256662 421.5889996257904 198.37806350511104 954.2556118627233 -134.9915024721318 496.0447745671117 212.87927510668518 943.6052085402424 -221.19910016936558 436.22078404408364 235.798439720389 915.6584285678109 -194.36135723917278 459.31556236123106 252.4063071258286 975.7772122104901 -107.90373480573182 490.85548455872856 131.20311031839506 949.9305871985855 -144.02198394604272 470.4791933386097 242.7809099288491 940.1438152155994 -69.32632449244893 493.00116837989447 257.85902372003846 876.6137914274167 -83.16151707017103 476.5926102364749 249.45653114240062 919.2018711543368 -173.32541766718862 494.79508821716905 196.8693255687345 965.3863520621829 -158.73798050935318 451.76906317756175 231.03341766355683 962.4771830945697 -154.49537771404647 483.3735480048626 163.8348156802258 956.5171964418477 -93.6993060964983 509.44980235837807 216.4879331720032 972.7523084464152 -213.57558280157616 461.6801204711099 222.1899610903292 912.2187346012844 -216.44626418618756 456.2980834223425 230.07856858052165 888.1075008825203 -218.92302689687486 462.61189960555555 269.22412735155166 904.9002425974355 -239.41175180242166 401.56426140442017 150.81049916593705 953.9415813410172 -148.87827250436706 465.0568643474442 278.00573569453144 912.7710970994539 -157.361345887889 500.83923181163334 277.78436769941544 895.2744810634599 -98.65031481106509 463.0854903484492 260.22985524555895 918.0292144325294 -76.94460880749659 481.8319901702053 174.02709044251262 959.0610516868071 -149.8120172550171 481.9282327822322 269.50611983190754 919.360639134396 -103.54630190378951 483.3807676913353 208.64455986580057 917.9918201904109 -88.65179003937831 474.2583037268379
1760.007825810686 0.8895084050382304 0.8895084050382384 0.8895084050381387 1.7790168100765955 0.0 0.8895084050383013 0.8895084050382785 3.6675371088475375 3.558033620153152 1.7790168100765509 3.558033620153246 2.2237710125957006 1.7790168100766792 3.6675371088476036 0.8895084050380984 3.5580336201531657 1.7790168100765829 3.558033620153109 0.0 3.6675371088475566 3.5580336201531884 3.5580336201531937 0.8895084050384559 7.171446030696648 3.5580336201531413 0.8895084050382379 7.171446030696731 7.171446030696676 0.8895084050383185 3.6675371088476543 3.5580336201531613 3.558033620153163 3.558033620153228 0.8895084050383303 3.5580336201532425 3.558033620153116 3.5580336201531106 3.558033620153084 3.558033620153153 0.0 1.779016810076741 3.558033620153198 0.889508405038225 0.8895084050382395 0.0 3.558033620153107 0.889508405038254 0.8895084050382949 7.171446030696649 0.8895084050382935 0.8895084050381443 0.889508405038225 3.558033620153149 0.0 0.0 3.5580336201530915 3.5580336201531466 3.5580336201532226 1.9890012602229221 7.171446030696583 0.8895084050385005 3.6675371088475055 3.5580336201532066 3.6675371088475917 0.889508405038286 3.558033620153184 3.5580336201531995 3.5580336201531817 3.5580336201531573 3.7999815720692838 0.8895084050381901 0.8895084050382812 3.6675371088475184 0.8895084050382535 0.8895084050383271 0.8895084050382995 0.0 0.8895084050382164 0.8895084050380946 0.8895084050383373 1.7790168100765666 0.8895084050382707 0.8895084050384061 0.8895084050383313 3.558033620153125 0.0 0.8895084050381765 1.7790168100765547 0.8895084050383718 1.7790168100765977 3.5580336201532003 3.5580336201530787 0.8895084050384324 1.7790168100765957 1.7790168100765489 1.7790168100765553 1.7790168100764743 0.889508405038276 0.8895084050381898 7.171446030696713 0.8895084050382163 0.0 3.558033620153139 3.5580336201531657 2.490623534107184 3.5580336201532248 3.558033620153169 3.5580336201531284 3.5580336201532403 3.558033620153123 3.5580336201531617 3.6675371088474726 3.558033620153128 3.6675371088475375 0.8895084050384384 3.6675371088476436 3.6675371088474917 3.5580336201530756 7.171446030696636 0.8895084050382631 3.5580336201532057 3.5580336201531693 3.667537108847718 0.8895084050382484 3.558033620153231 0.6226558835267845 3.6675371088474793 3.5580336201531293 0.889508405038299 3.558033620153155 0.8895084050384396 1.989001260223089 3.6675371088476076 7.171446030696618 3.6675371088474766 0.8895084050382345 0.889508405038355 0.889508405038292 3.6675371088475477 0.8895084050382968 227.43840091915015 945.2883085199518 -105.47345068058374 498.92799881914493 210.9270584637465 963.805769124614 -246.79964508472196 442.43714261199744 219.42439939936523 897.7474997403606 -98.23807767730821 471.4392370904131 248.71653112606353 960.228213803011 -197.261828038929 475.9665195797957 231.94485209378155 920.144603848867 -207.5289718495746 476.9820605981572 262.847203905036 913.6506944856503 -113.1605831225203 447.93623864143007 210.94933221905876 907.2094159901299 -144.05038343438866 451.8071776220685 268.5611341239045 909.1917153906494 -123.10988048602512 476.6242213852997 230.58947964913887 887.888202784004 -139.8966769015903 459.3410354662299 183.34731288161055 960.1720038259765 -246.81966793569214 456.9182742991217 215.43842540718538 947.5902664708148 -220.6171090878849 441.52178782629363 256.1491234381509 949.013325591542 -217.6853545833587 433.5984455584606 237.87394941233833 978.2895252122391 -107.94695977112865 467.9321388107109 235.8989341366023 887.674640348945 -222.40449784523798 434.03758325564826 269.019293908337 923.6534225210683 -170.96198740601955 441.3895216756471 237.72220099847416 955.1839053754235 -116.0417934357379 494.92545417138797 201.93148756918868 950.3486478845309 -94.2137265124337 499.96831512193717 259.4398362688409 926.8027092534322 -241.28346453095938 418.1647441736296 247.09765771084687 878.800330671361 -189.5765687298348 494.31495358503724 212.44900232357844 951.0293596367983 -158.55535254543986 452.53546445528866 226.27797972469767 975.6663949943551 -114.5960113518942 478.3069796257379 199.48273740992315 940.5999363807192 -104.51147019266483 487.26338401740554 175.6803654668501 958.4970142574623 -103.6867202533644 452.939326847041 210.43022820477242 912.5670604798821 -170.56769165273985 496.20135090507057 239.22967898611265 881.975034693189 -158.26515755758558 486.17853361157256 261.34553522105915 880.927982333627 -121.5766291096655 494.10678010658324 247.6478831223174 931.8102861961758 -211.94780697604332 471.2536183095848 137.11672947750662 950.8802308029711 -140.1274821143619 466.9196874825096 235.5947102420815 934.5793131416683 -216.8730791046212 463.8901450718373 231.6921858177126 973.7322858078286 -98.45745654866882 458.02915441734336 260.0992539788563 898.537931439187 -131.25131821426723 469.7268618816139 246.91867929637456 927.5906635421093 -225.64584678334 423.50334911696234 260.4754270900723 888.1653936454629 -132.4863972863442 501.90250210352514 231.6028102273687 964.7256612533866 -79.60871626228146 483.3950989510309 245.68931674160726 946.4827412085368 -176.25334748615978 441.19945370827213 241.57797806954474 951.7367556435036 -85.39499102720093 480.1852178653079 253.50650002571916 893.3169794219175 -243.38051366490348 429.26540003141105 238.06901172623085 923.2153484561521 -81.59257727291481 497.6849438365157 204.08264351027233 964.8602840155797 -144.12934720502963 476.5272037131642 272.35097382778724 904.9845901411542 -80.93052885809094 491.698530987275 214.77697041233517 968.0560801033965 -143.8128752249385 491.42142408722844 234.54979636314422 930.2325244397447 -94.61781018746991 491.9967748469654 224.43479147990064 923.2557497201984 -91.84067242824199 462.5704202411757 233.2156742985522 950.4688237017256 -107.97237239272873 453.42816176612007 229.15329941067853 954.2978690559959 -241.06209418102452 407.7716931874358 214.53723371157423 925.3420457201316 -92.36260943357023 475.3413520844745 218.1598137743357 941.0506272656694 -194.19261620795615 484.82782658227023 219.53533926100096 972.1819380401968 -225.80834750080172 416.0576836804284 193.0808466915952 955.3819323880917 -137.22840458877687 491.5751337770862 208.90875613908005 943.295340606852 -221.41323158950115 425.1422622622544 228.96143821935758 916.4545449587579 -197.74668518115917 450.3594542777223 246.62941067388752 974.4445428860278 -112.18980583254465 486.63960180397856 126.14533561562263 949.000327873746 -145.58144845722188 467.94544572733264 239.95421549370792 938.6269621691902 -71.95549772130958 489.4140696010239 253.8118081365552 879.3785771954596 -87.84008559018916 470.2186444235527 244.58759799343318 920.3368818427535 -175.81828463219946 489.3839697592773 190.63493954434642 961.501416565334 -164.0259935588149 445.8442898353496 228.3116074189687 961.0962627291511 -159.3273933233639 474.6624610141121 157.2225816697837 954.224382342566 -97.98315753575778 505.2319899043755 207.12585518383676 969.3607754044261 -213.2493077559456 459.59970168566286 218.68986211752903 914.0716923869782 -217.23730848292695 448.44015509737386 224.606581234014 894.623941856521 -219.68962393675872 456.69607477628324 263.3933804571481 905.9746644272032 -238.12059057921962 398.3707289664387 147.08515319133164 952.2685138536547 -151.8000922205115 459.84361238343683 274.23064032378625 914.6388574171805 -160.33192806645934 495.7082271950309 270.88810739953504 896.202963707709 -102.4779616469997 460.37861428802194 253.37289024231083 919.786892576445 -81.8211365894643 475.60333623078003 167.53475765465694 956.2288155332113 -152.13864188315097 478.72915991848197 266.53259601304285 919.2563421399036 -106.2807725021568 480.4834875693595 204.68859640309168 921.3628540452851 -94.02108480340947 467.77833449132476
1770.007825810686 3.558033620153125 3.5580336201532443 3.558033620153145 0.0 0.0 3.5580336201532172 3.5580336201530924 3.6675371088474846 3.5580336201531164 0.8895084050383033 0.889508405038126 2.2237710125957006 1.7790168100765522 3.6675371088475135 3.5580336201531884 3.667537108847611 3.6675371088476476 3.6675371088476005 1.7790168100763988 3.6675371088474686 3.5580336201531684 3.5580336201531892 3.5580336201531315 0.0 3.6675371088474793 0.8895084050383515 7.171446030696671 3.558033620153152 3.5580336201530995 0.0 3.558033620153102 0.8895084050383488 0.8895084050383878 3.5580336201531115 3.5580336201531577 3.55803362015322 3.6675371088475046 0.8895084050382941 3.5580336201532 0.0 3.6675371088475535 3.558033620153228 3.6675371088475894 3.55803362015322 3.6675371088475446 3.6675371088476174 0.8895084050383236 0.8895084050382979 3.6675371088475077 3.5580336201531 0.8895084050382603 3.97800252044604 3.558033620153111 0.8895084050382829 3.6675371088476165 0.8895084050383887 3.55803362015322 0.8895084050383198 7.171446030696607 1.779016810076612 0.8895084050381924 3.6675371088476076 3.558033620153143 3.6675371088475583 0.8895084050382407 0.8895084050382865 0.8895084050381121 0.8895084050382556 0.8895084050383459 2.2237710125957157 0.8895084050383067 0.8895084050382657 3.6675371088475104 0.8895084050382774 3.558033620153172 0.8895084050383316 1.7790168100767736 3.558033620153208 0.0 3.5580336201531826 7.1714460306966235 0.8895084050383519 0.8895084050382464 0.8895084050383233 0.8895084050382563 3.5580336201532203 7.171446030696687 0.0 3.5580336201531235 0.0 0.8895084050383755 3.558033620153244 0.8895084050384497 0.0 0.0 7.1714460306965835 0.0 3.5580336201531186 3.5580336201532217 3.6675371088476663 7.171446030696634 0.8895084050382746 3.558033620153086 0.8895084050382868 2.490623534107184 3.5580336201531186 3.5580336201531195 0.0 3.558033620153124 1.7790168100765515 0.88950840503814 3.558033620153177 1.779016810076753 3.6675371088474917 3.5580336201531435 3.6675371088475797 3.6675371088475757 3.5580336201531564 1.7790168100764083 0.8895084050383454 3.5580336201531138 0.889508405038243 3.667537108847643 3.558033620153144 0.8895084050384763 0.8895084050383664 3.667537108847635 3.558033620153096 0.8895084050382673 0.8895084050383297 3.5580336201531453 0.889508405038279 0.8895084050384899 3.6675371088475983 7.171446030696639 3.5580336201530707 3.5580336201531035 3.978002520446036 0.8895084050381918 1.779016810076589 224.38365194264134 945.4077978563996 -108.19668351852798 496.01995062970366 204.4164318094401 961.161017310875 -244.43347850404984 437.92427306437827 212.88922696346944 900.4743177253528 -103.31612132780837 465.35865015423366 244.74062975978256 959.9490562677166 -200.64642005970373 470.3553020385804 228.91830110338088 919.0626193349937 -208.53356567183891 474.0727224274115 259.9257463392801 914.2337502395403 -121.70373343048104 441.95098083498806 203.0793821391658 909.4405802250434 -149.88731503664403 448.66709294209556 264.5795088224895 909.2352828966752 -128.21219151526924 474.2289370261387 221.2136956169519 891.3197574526932 -143.39953870924234 455.77200265051243 178.31718065044646 957.4638299163059 -247.87149780277167 452.6463186728661 210.6053475251157 946.5723838554239 -219.44796037384594 435.70055371751704 253.24147004527663 948.3822901864584 -216.956369899323 426.67810851230973 234.3944613216541 975.7371474040496 -109.51510697772704 466.6310753468782 227.55652128311354 890.562298611897 -221.54287277219026 429.1764834710423 265.0816774905634 923.9860441187861 -176.57859765215375 437.75745374096607 229.95092241235622 953.7196906641096 -120.29364806655157 489.4622046955464 196.02876938976453 949.624987390103 -97.7045078447411 495.1745814558498 251.53235602158725 926.9439229389527 -239.05489802511633 412.6474549389565 242.11890409715704 882.1927558747241 -189.95031113284128 490.32375887391385 206.64882148064396 949.7982323435102 -162.6524362382735 451.8092908223719 219.5226291603401 971.8727885685397 -118.09902910047165 473.52212652529005 192.4648231065581 940.4070765113873 -107.60656917599907 482.18135514755204 169.09292875443796 956.0930707284556 -110.44352348670017 446.25346738631976 204.5181309880338 913.0452452440272 -172.04757649733554 492.5303038092044 234.76565099384283 886.5800713428353 -160.15414550560658 481.54601437207003 256.7667397603237 882.8160079496639 -125.82395846050682 488.6400568392988 243.6943580870791 931.7507325459923 -214.1826665440941 466.32899154397035 133.20711326209496 950.3001985394802 -142.7369249581027 462.0977039461353 232.6545857019529 934.1628427728677 -216.9960723831298 457.4233195815044 225.79422072592072 972.943336850355 -103.24560371376262 452.349133920287 255.33560158424257 899.8437708637338 -134.97708377272204 467.55294614426583 243.96236137656803 927.2999314417831 -224.8516318354421 415.4738503463861 256.83901943985234 889.7464939667655 -133.61609567618646 500.2803475641354 227.53073135834867 964.8588188169409 -81.16217396786931 480.85753417847985 236.89728623919603 945.1432898467926 -182.12795550031964 437.6205732300686 235.64843983694237 951.2253014626612 -89.71161748547941 477.222497358424 247.6032420897528 894.6883769841146 -240.94338564718873 425.8264460326427 234.1697517189509 924.715799528438 -84.70758384174422 493.840662932596 195.77151013607727 961.1219603510297 -146.42472420371286 473.3084286917331 266.91719326958497 905.5016501743738 -84.81572464787443 485.96870068426875 208.38216897038416 964.8972247045969 -147.3979346812635 485.4981092172006 231.56388276498149 930.3666501148532 -96.15098561229053 488.22131494310474 221.44905764069355 922.5586086332574 -97.91623350245656 457.2228540366284 226.36644235213785 949.4720948230594 -114.6358322338259 447.2871437101918 221.11135168364976 954.087363481634 -239.29363244194252 402.10539473657144 208.5278703396856 925.9918624840902 -97.43942493010891 469.2596252934218 215.28915048586404 940.2692105974849 -196.82413756690372 478.20404313906965 211.53932246422445 969.4139316813503 -225.36341638696362 407.8589353766272 184.88878082420516 956.0291532611113 -141.01419961939402 485.77954235401717 203.0932559306431 942.1178391809814 -221.99753318223011 419.8393931193833 223.9686031409898 915.9303530923511 -197.04128815027755 447.43899767713356 242.7714591436235 973.5987271585567 -115.68508489979375 481.8490890900515 121.99886384303947 948.6660067999018 -147.88837095098486 463.503475651541 234.0291435147028 938.3140094277123 -75.48752755380833 487.10072864496175 249.78044124770653 882.4144906455805 -92.73107110396245 465.2266070026937 240.63563831796287 920.3959356434193 -179.36012738571077 484.22173525539233 186.50840549169473 959.4322429361677 -168.92978228094233 443.10721206808705 220.694316716562 958.9213879783096 -160.78754175209016 468.4033109097735 151.411030516895 953.0447403322252 -101.07061710108583 500.14541035504436 202.65197789934123 966.6431099159946 -213.0069969084137 453.68248728882827 215.75724328326953 914.3779401013758 -216.1003392576151 443.62087870470987 218.14724404592312 897.8829757155037 -218.9734860288812 449.8347889509103 258.6143996061258 907.2460878572629 -236.5915993986254 393.45355406782573 140.24772697945787 951.2215718820602 -154.45443149410144 455.67931962471135 268.4470008297841 916.1432705874442 -163.15198208428288 490.5032707150265 264.0172014917504 897.3022274507841 -104.92481990245413 457.8841363498278 250.45283580002928 921.3620346463315 -87.7075690675013 471.3420342495691 161.74194606100792 955.0004944086409 -154.06214971581005 475.2390477792271 261.66318130670857 920.3661112396425 -109.38447352561134 475.4065695702152 200.11594336565224 923.9803165122936 -98.22258706111668 462.89336079484497
1780.007825810686 3.5580336201531715 3.5580336201531777 3.558033620153133 3.6675371088475743 3.6675371088475552 0.8895084050383275 0.8895084050384411 0.0 0.8895084050382772 3.5580336201531537 3.5580336201531693 2.2237710125957006 3.9780025204460414 0.0 0.8895084050384022 1.7790168100765553 3.6675371088475366 3.6675371088475743 3.6675371088475046 1.7790168100765302 0.8895084050383991 0.0 3.558033620153103 1.7790168100765278 0.0 3.5580336201531573 3.6675371088475766 3.5580336201530827 3.5580336201531853 3.6675371088474997 0.8895084050382088 0.8895084050383246 0.8895084050381019 3.5580336201531217 0.8895084050382427 3.558033620153083 3.6675371088475934 0.8895084050382676 3.558033620153153 0.889508405038277 0.8895084050383262 3.558033620153087 3.6675371088475752 3.5580336201531217 3.6675371088476663 3.6675371088475353 0.889508405038231 0.8895084050382388 3.6675371088476134 3.5580336201530964 3.55803362015317 3.558033620153205 3.5580336201531453 0.8895084050382847 3.667537108847591 0.8895084050383507 3.558033620153179 0.88950840503831 0.0 3.6675371088475686 0.8895084050383529 3.6675371088475424 7.171446030696656 7.171446030696574 3.558033620153168 0.0 0.8895084050381301 3.5580336201532052 3.558033620153185 0.4447542025191142 0.889508405038449 0.8895084050382781 3.6675371088475384 3.6675371088474793 0.8895084050382328 0.8895084050383374 0.0 3.55803362015317 3.558033620153244 3.5580336201531395 3.558033620153222 0.8895084050383343 0.8895084050382431 0.889508405038237 0.8895084050383192 3.6675371088475264 7.171446030696692 3.5580336201530978 3.5580336201531155 0.889508405038279 3.5580336201531346 0.8895084050383022 0.8895084050383166 3.6675371088474984 3.6675371088475925 7.171446030696592 3.667537108847603 0.8895084050383433 3.55803362015311 1.779016810076635 3.5580336201531435 3.55803362015308 3.558033620153168 3.558033620153106 0.6226558835268794 0.8895084050382525 0.8895084050381343 3.5580336201532026 0.0 3.6675371088475806 3.5580336201531404 3.5580336201530973 3.6675371088476303 1.7790168100765476 0.8895084050381603 1.779016810076627 1.7790168100764325 3.5580336201531804 3.6675371088474495 3.5580336201532154 3.558033620153124 3.5580336201531106 0.8895084050383538 0.8895084050382723 0.8895084050383321 0.6226558835267845 1.7790168100764832 3.558033620153111 3.558033620153272 0.8895084050382962 0.8895084050381471 0.8895084050383085 0.8895084050383907 3.5580336201532208 3.6675371088475157 3.558033620153171 3.558033620153096 0.8895084050382513 0.8895084050382938 3.558033620153126 219.58927130336525 944.1973819027331 -110.50135661301721 491.58658377246525 196.3567583799771 958.5772171408778 -244.18391432940217 431.8124721597756 205.8252355874524 902.537613476123 -105.74881421017479 461.627742571053 236.87988831066585 958.9648591701384 -203.32991660439373 466.1510393436878 224.96245318103178 919.212799164399 -209.36361595569826 472.04534953470835 252.97376150770572 913.9710658174122 -128.99918286419847 439.95560836352445 195.0900075628962 909.6221274276786 -154.0796377559471 444.1497909150075 261.2284410346661 910.1920078092029 -132.4857403084736 472.36723820709005 212.3705456279103 894.0770298323347 -149.07046836860377 449.3462855359122 170.5065032235889 956.188987050108 -249.26027126407757 449.19040093695367 206.9069450466856 944.856605034868 -218.00827916309444 428.92213154031646 250.27039671222744 948.2286238124262 -216.26733892323972 419.61824347229015 228.03729742167545 972.3743668513573 -111.05541248441989 462.8582902522242 219.79751049673192 893.4709076726526 -220.19674864394025 422.34325583952034 258.15488190387 924.1867327353536 -180.56305858861253 434.8192358475809 225.04482623860036 953.0732811084387 -121.85211393007278 488.1450988450626 192.14332636596527 948.9004183491909 -98.85384616907903 492.3426054751957 244.60810441319546 926.9403573084207 -238.22910603572493 408.75778829566127 235.02967801719487 886.505179446831 -190.7822066977319 484.46935964483237 200.82939937540593 948.6658244872617 -165.492710729408 447.7111028345216 213.84041684096664 967.6529330840074 -120.41025022976828 470.3148086284982 187.33845233585305 940.9814469742216 -111.09956427212923 477.389225332794 162.33336499640112 954.5353612729959 -116.72063050356434 441.05520685930037 199.47294489563396 913.7279996725669 -172.99872221852726 487.63936447014026 228.19181261998506 889.7067902281897 -163.42550069641015 476.59683579366134 252.99413439383616 884.0298971828388 -129.26021442470213 483.8070205352298 238.7440184764748 931.6795500696903 -214.63447025749213 461.26241359682206 126.39818909207808 949.0490741182903 -146.74646002830931 457.6091687840899 226.71673453814557 934.0437843946593 -215.7672063788004 452.6182919677675 220.1910044665841 970.7653898607067 -110.29547445489624 445.26537262775156 249.60750591034187 901.3232563144985 -140.43058867769886 462.8782242033365 236.07015008933405 926.7760104345552 -223.4178439977057 405.50277404100984 250.29970406239812 892.0406229423121 -134.67006887518053 496.19119878822823 223.65900096188128 964.0587461988996 -85.83774736289898 474.48135455077215 231.03183326975332 944.2790811057818 -187.71287157133312 432.9710452272119 230.82005347377165 950.1464837249559 -92.44772683543809 474.3267200276929 243.33270231756188 893.820091873481 -241.67301291952197 422.4749047173721 230.2439931011932 924.5688983049769 -87.05635667002336 491.88509107763224 188.97177053164614 959.8470248078291 -150.38024949770042 467.63318611195785 260.10045585354766 906.7169669336878 -87.1513870562713 482.7790337225983 205.28439226310755 962.7751042839873 -150.87761166181838 479.51447696900885 223.7054656436609 929.5886882904857 -98.88295068978836 485.3212879725891 217.6007413922033 921.2266068937598 -103.78237223288373 450.495418119494 220.4441424838325 948.8873120175407 -121.12357157959364 443.47074921675926 214.18278021868326 953.4414601348067 -237.80706199893342 399.4922008708903 202.65738649245017 925.1796677656916 -100.16329481350559 465.1292542754971 210.38261704590212 939.6343682742366 -198.64531519949054 472.23731205193064 205.48869199083984 966.9372113337985 -224.84615385921086 398.57457088417806 175.67338720284067 954.2082002556455 -143.61991107631584 482.76929209690473 199.11513600208463 941.8724384897075 -222.3535113881635 412.4181348488049 219.0209803379088 915.9965431795603 -196.76582549623697 443.53401296673434 236.8660817540417 972.8734139976175 -117.98370292513714 477.4105733861067 115.98645628527633 947.4332763578485 -150.68334737818847 459.4151670376223 228.54223866070657 938.4096299052779 -78.23660719482739 485.4392943931689 244.079756472152 884.1401347684509 -96.82506941490031 459.649325624516 233.73134900901204 919.8431893312464 -181.02139916079534 478.49639423972195 179.80813534624568 957.5270590681332 -173.4511825573538 437.3896482045737 216.82155246986457 958.1234641561529 -159.98639001921862 464.5071137775711 147.53716436850124 952.2141609590313 -104.96099725670904 495.6426685052352 197.24888830882017 963.3303674314601 -211.6727552696183 445.88204325062713 209.90253450774236 912.9092429679963 -215.25623151805544 437.74719168047494 213.22362959020543 898.2612952807984 -219.92375983562704 447.1183814296331 252.98212197825342 909.6434576630686 -234.7699953618293 390.1284535037953 135.32260410035695 950.7436651297354 -156.0888127483641 453.14012862040596 260.51399224219983 916.3754767315986 -163.9719939639543 486.5136663026725 257.35862026670856 899.2098564507485 -107.65338130499025 453.7565810081857 243.51437938216247 921.3986901914916 -90.04733709062602 468.15543521027143 154.97929124328041 953.464781806778 -156.1636877903884 471.91339348920735 256.7166266725194 920.3937061285812 -112.48052352234157 470.3254865185996 193.24579259406727 923.1179124697766 -101.73390391076416 458.11461749126653
1790.007825810686 3.558033620153149 7.171446030696714 7.171446030696661 1.7790168100765222 1.779016810076659 3.558033620153242 0.8895084050381973 3.6675371088476334 0.889508405038401 3.558033620153078 3.5580336201531195 2.2237710125957815 0.6226558835268455 1.7790168100766346 0.8895084050383744 0.8895084050382246 0.0 3.55803362015308 7.171446030696661 1.7790168100766328 3.558033620153096 3.667537108847611 3.558033620153162 3.6675371088476556 3.558033620153221 0.8895084050383055 0.8895084050382644 0.889508405038265 0.8895084050383764 3.667537108847675 3.5580336201531053 3.558033620153154 7.171446030696625 0.8895084050382904 0.8895084050381236 0.88950840503825 0.0 3.5580336201531075 3.558033620153174 3.6675371088474966 3.5580336201531746 3.97800252044602 0.0 0.8895084050382454 1.7790168100767207 0.0 3.558033620153132 3.558033620153129 3.6675371088475233 0.8895084050382123 1.779016810076598 0.889508405038274 0.8895084050381348 3.6675371088475592 3.667537108847627 0.8895084050382637 0.8895084050381292 0.8895084050383061 3.6675371088474815 3.5580336201531146 3.5580336201532052 0.0 0.889508405038211 0.0 0.8895084050381925 3.5580336201532283 3.5580336201531626 0.8895084050383144 3.5580336201531613 3.799981572069238 0.8895084050381096 0.8895084050383125 3.6675371088476463 0.0 3.558033620153156 0.8895084050382412 3.5580336201531053 0.8895084050382579 0.8895084050383226 0.889508405038251 0.889508405038257 3.558033620153239 3.558033620153209 3.5580336201531115 3.5580336201531604 0.0 0.8895084050381119 0.8895084050383362 0.8895084050381197 3.5580336201530733 0.8895084050381572 0.8895084050383413 0.8895084050381367 3.6675371088476063 3.6675371088476036 3.6675371088476174 3.6675371088475117 3.558033620153196 0.889508405038469 1.7790168100765338 0.8895084050381395 0.889508405038295 3.558033620153101 3.558033620153161 0.6226558835268123 0.8895084050382955 3.558033620153123 3.6675371088475135 3.6675371088475703 3.5580336201531835 0.8895084050381807 3.558033620153218 0.8895084050384856 1.779016810076631 0.8895084050382108 0.8895084050382696 7.171446030696601 3.5580336201531377 3.6675371088476854 0.8895084050383147 3.5580336201531257 3.558033620153095 3.5580336201531138 0.8895084050382607 0.8895084050384384 2.490623534107293 7.171446030696577 3.558033620153245 0.8895084050383242 0.8895084050382578 0.8895084050381988 0.8895084050382206 0.8895084050382928 3.558033620153252 3.6675371088475566 3.558033620153174 3.5580336201531106 0.8895084050382595 1.7790168100767119 0.8895084050382407 213.84425105276603 942.6559549295199 -115.50972121053687 486.66007151122676 187.26339032639578 956.0312349276849 -244.16370725728177 425.5613921000124 201.49426163563024 904.9156555856964 -109.90923068559097 455.4899572988414 231.97704941280608 958.3084832392432 -204.6690306993452 460.8870539196086 220.10851784809188 917.9664937357129 -208.62496641999647 465.1743782952819 244.0752209414218 914.1978014222816 -135.94565144979117 434.78738465764025 187.1773747749829 909.0381321115101 -157.67349854060188 442.2763910057128 253.4277828663441 911.9243127779794 -134.8383380207391 470.33588323754213 204.45949256091092 893.8074387070877 -151.7260012927555 443.56216405627964 160.77189810569664 954.4614709415198 -249.77970263321828 444.3525069536954 202.2533892231069 942.7923664827007 -218.57660169788682 424.54236838448037 244.25984096417685 948.3194181506402 -214.1992868650698 410.90401516070557 222.31506901142058 970.7498333764247 -112.22166738091987 461.26407992930007 214.72895797007112 895.1057115407167 -218.5650590739887 417.68257530445885 251.24814766413763 924.4815940754047 -184.3612400456676 431.70464405327414 218.3666104676601 951.1189633108341 -124.0604502786557 483.660628434322 185.19629888089332 948.5028516491425 -101.9586889206481 488.4913670264722 238.7605285271262 925.9303050873699 -237.80789980829522 404.70144810318953 232.07517834390754 888.7683121036123 -190.48477248234346 478.54457959679286 193.04686907604255 947.2894763067968 -169.2654981468318 441.6405819226793 207.03912897365697 966.3681870815817 -124.53594352215845 463.55211248215267 183.89762765609308 943.6661718440736 -112.6007600419777 473.6032757215856 153.57298897431545 952.9806006893252 -122.15338301778864 435.1513277422516 193.72717843315385 912.0792874027385 -174.99682364062022 482.04787818936114 225.1436876572983 891.7433498068738 -164.90391268270304 474.0383109922225 248.31542364194542 886.5082254672325 -132.98245278076618 479.1563511480031 235.82018248451644 931.1120128847081 -213.61092476453263 457.4465922216653 121.4609862676362 948.6186224904163 -150.51288298992944 450.6749642446581 220.84308181613105 933.2325494333385 -214.50025445423077 448.8537945741789 212.51558512803763 968.7910144415915 -113.94473737830285 440.5911581570279 242.71129300755467 901.69887326505 -145.86355965902948 456.24122102947695 229.17044114625912 926.271402711209 -225.2932202321002 400.5965288978532 247.31299340245747 892.1613097831014 -135.88971956987504 493.43006419896926 216.8165917502468 963.0067934653567 -89.17069102392256 472.0209996549921 225.24971489664907 942.8714007734662 -192.35827644262875 427.04855880888476 227.77233309405332 950.3764247626883 -95.18100029468727 471.4269891975534 238.3133254570904 891.9346909000544 -241.4175852397038 417.32312783577606 221.4732782628018 922.8693117448822 -91.33601364947322 486.442820294273 179.375413761854 957.2861546941673 -152.361647852053 465.33330015081276 254.2039275424347 907.4314832443583 -89.8824980095318 479.8783445014845 202.09982093494577 960.939630815513 -152.4744513474948 474.7651335203161 217.9630668392601 927.8074867148216 -100.80635639574668 481.8318743987883 210.70956994430006 920.5686468817473 -107.84078485650737 444.8944092641804 212.74838261015142 947.0031258522026 -122.19196993541304 442.399844213503 207.42182432069117 951.9484932927685 -235.27597490394422 394.10600210417283 199.7673528535058 924.4747024707823 -102.09256575588606 461.64475149853644 205.46782316973164 939.0420307362016 -199.61662683913735 467.1116117305485 197.88711407088184 964.5475922218162 -225.05889372197996 392.15364931031104 166.46968969558122 952.2935419210187 -146.6344287702848 478.82010739948106 195.38245548089742 940.2329054939034 -222.87500960368965 405.916924859391 212.1151415814746 915.4872984699961 -197.33262025069058 435.6386548513068 232.16010180943877 971.2016356231909 -122.51170471380074 470.92765966533375 113.89967008803936 947.3392958173741 -153.4049615195815 456.35940324217154 222.67030418313018 937.5686615227804 -82.71921895390844 480.14580031192185 239.5363264930248 887.7571712273092 -99.84772436846633 456.34892977279526 228.72845770648337 920.1034567564159 -183.1076665204419 473.69745400595605 173.08813914432088 955.7329762521194 -178.36332598904104 433.5872557771592 212.93571881895002 957.3996908233854 -160.31756863961337 459.22129783903597 137.75382799107484 950.8075685802596 -109.58113402519403 489.22549536342746 190.86057544368177 959.7091280554165 -210.37072873461042 443.1180626983613 203.01258439903225 912.2859619566269 -213.85069492996325 433.0100416095245 206.35338144606487 897.5541686369456 -218.4853955147066 442.38958105982545 245.07629423710594 910.1406351965396 -233.1661311919304 386.40314816293153 129.5161394707705 949.4507100389006 -158.1256276823833 448.61822883454374 254.09019487232945 916.6083843943222 -166.2601100395863 481.0588803540631 251.50503075175965 900.2439366884649 -111.89111299606577 447.0720809201158 238.60582206250808 920.7537115312252 -95.51318391279227 462.35834219036735 145.0534060159026 953.0156587747152 -158.36331136683376 468.6307930397017 251.77263999168125 920.2302015932356 -116.35322034873414 467.01161543470306 191.29255733501228 922.8000659142917 -106.02098407720247 452.6825267591739
1800.007825810686 3.558033620153172 3.5580336201531564 3.5580336201531915 0.0 3.558033620153116 0.8895084050382263 3.5580336201531595 1.779016810076591 3.5580336201531595 0.8895084050382948 0.889508405038374 1.7790168100765311 3.799981572069292 0.8895084050382769 3.5580336201531724 0.8895084050382807 1.7790168100767103 3.558033620153201 3.978002520446076 1.7790168100766566 3.5580336201530853 1.7790168100765487 3.558033620153186 3.5580336201531386 3.667537108847599 0.8895084050383327 3.667537108847599 3.558033620153089 3.558033620153118 3.6675371088475073 3.5580336201531826 3.5580336201532 3.5580336201531937 3.558033620153212 0.8895084050384486 3.5580336201530915 3.6675371088475575 3.558033620153083 3.558033620153211 1.7790168100766097 3.5580336201531892 0.0 3.978002520446108 3.558033620153206 0.0 1.7790168100766346 0.8895084050384795 0.889508405038317 1.7790168100767254 0.8895084050382719 1.989001260223076 0.889508405038268 0.8895084050384119 0.889508405038261 3.6675371088475623 3.558033620153125 3.558033620153145 3.558033620153171 1.779016810076724 0.0 0.8895084050381897 0.0 0.8895084050382536 0.0 0.8895084050382701 3.5580336201531506 0.8895084050382089 3.5580336201530898 0.8895084050383439 3.9780025204461134 3.55803362015319 0.8895084050382837 3.9780025204459846 0.8895084050382893 3.5580336201531844 1.7790168100765733 0.8895084050383109 3.55803362015318 0.8895084050381498 3.558033620153106 3.558033620153236 3.558033620153156 3.558033620153091 7.171446030696608 3.5580336201531546 1.7790168100765242 3.5580336201531613 3.558033620153236 3.55803362015314 0.0 3.5580336201531613 0.8895084050382517 0.8895084050383232 0.0 3.558033620153164 0.0 3.558033620153168 0.8895084050382357 3.5580336201531146 0.889508405038288 0.8895084050381754 0.8895084050382948 3.5580336201531435 0.8895084050382667 3.5580336201531697 7.171446030696678 3.558033620153236 0.8895084050382883 1.779016810076459 7.171446030696692 3.558033620153129 3.6675371088475606 3.5580336201532017 3.6675371088476054 0.889508405038128 3.6675371088475606 3.6675371088475477 0.8895084050382878 7.1714460306966865 3.5580336201531733 3.558033620153168 3.5580336201530636 3.558033620153125 3.5580336201532416 3.558033620153176 0.0 3.6675371088475703 3.558033620153165 0.8895084050382434 3.558033620153179 3.558033620153168 3.558033620153109 0.8895084050381012 3.6675371088475717 3.6675371088476134 1.779016810076652 0.8895084050380991 3.5580336201531346 3.6675371088475583 0.8895084050382596 207.1481529132675 940.7689566038533 -118.0182275673506 482.4120666178613 179.97916097393957 954.6418321456417 -242.72275494987582 420.8288606885941 195.52111099954237 904.741247299236 -112.46509258550032 452.4170495849178 226.9812268298009 958.1851697550458 -204.0904352048311 451.92323617033975 215.31832953535638 916.5320816862244 -207.48584273760426 459.3538405690788 238.21320089783245 913.2099165662637 -139.8104144219517 431.87905700195563 180.3931065885217 909.5344563230418 -159.22050666067796 436.5583063999665 248.48075585310133 911.8306519124212 -133.97444302616515 467.6939537526274 196.48544680022997 893.6855238056081 -154.04659117599098 437.02991935259405 154.86977003423436 953.8843352637784 -249.1320788255398 437.25061261946047 196.23943236277702 942.814558017717 -218.3806281765013 420.40261517305873 238.2472623190311 948.3675876149093 -212.94144718991598 403.98722749438116 216.61116417612578 968.9705767910983 -114.73344936303283 457.0295345706063 207.77485538960576 894.9319526007974 -216.86329486453639 410.936797485191 246.28159761832097 924.8849932304178 -186.74062016102977 425.9608717084614 214.3887519160398 950.9371025589292 -126.92141984367056 479.6175429968544 179.48572610983186 946.6329354524188 -104.98494481630746 483.3657520375531 232.75141114149568 926.1329355603841 -235.72122859973015 399.1510722348931 225.57691774471502 889.4696284619628 -191.17442340900362 472.5771258372716 187.79668621250406 945.6982580241576 -172.88707405398148 435.2164395714303 199.49695429507221 963.5719824428057 -126.17441845835202 457.6158242546359 174.98766348424283 943.070219771643 -115.5874902902549 469.6517668292201 147.66502740084564 952.4226927080571 -124.70443565565103 431.3880146755222 189.7843802972373 911.6991818625779 -175.33984971165486 477.06744981875835 219.9713569992884 893.4043466483333 -165.88523025216764 469.14807237650007 242.9394424269275 888.6387977383082 -135.28653743270755 474.78342433874946 232.0379687583839 929.5943603086025 -212.38714724838403 450.6338825037294 114.55021707420215 948.3440885859253 -153.32239845699695 445.3554106147271 213.96738083334552 932.4351915410471 -214.1732328155001 443.872915380457 208.82969643188375 966.8968256128841 -119.31028555297819 432.2791569210546 236.76974602928695 901.4300617899343 -148.33184035549655 454.01485591013324 225.1178656657025 926.7154004913032 -225.05371846159105 394.34942927833674 242.85421374053885 892.6545614541192 -138.05145380365747 487.8158320543721 213.9393177806676 962.2513421812362 -93.76394140354871 466.80043083762416 223.2197094461036 943.0467132273573 -194.3034110490988 423.34333388092244 221.92415086864526 949.3893896207055 -98.21334180117385 467.5091383208276 232.31890602821827 892.8336583204314 -239.47563389725983 412.7730259331363 218.57066733022396 922.2097334348559 -94.22534171266638 482.43834899578843 172.49394282476513 956.5118335455458 -155.42788940189922 460.1955665650814 248.2953775252224 907.172231676916 -92.57937773616399 476.9524011878285 193.2832760752104 959.7348324640267 -155.4544404348248 470.6667290832292 211.08847864989522 926.9922559745357 -103.4403048622261 477.6478969336367 207.6688055681438 920.8545252726451 -110.44847347680567 439.49411097750914 205.0352125882933 945.1882904408511 -123.00037326672008 438.38536764359816 201.6541412726231 950.4725531514557 -233.87995213288164 390.40648141304615 192.89609449099223 923.6293164477693 -104.63311736494215 457.4078259623643 201.5681425788132 938.399351926935 -201.4109485315288 460.7300778324469 187.35403130346185 961.5905138358019 -224.6780383792242 384.89662123368424 159.66084680195587 951.0758635731305 -148.47150598238176 474.2387762398864 190.54204752607308 939.2008692019468 -222.06454255683676 400.9445992194625 209.1482534098925 915.3159750498803 -197.67313398826133 429.71371261914703 226.32506952211034 970.1440067559547 -125.07815336010191 467.8861909057625 107.19495228061939 947.7592344733276 -155.1539654886568 451.74624261531363 216.32278954632312 936.5866503231287 -88.34843760680728 474.4590862396623 235.02225439347362 889.3616069127297 -105.07827409812663 450.3807168848845 223.8068885771189 919.6600475353077 -182.89975622019074 466.73573615896544 164.32356838166444 954.2085896082219 -180.9827978380574 428.87774176787025 209.97552381176283 957.1357951711979 -159.94857775599243 454.9217823915361 131.8717013205059 950.0771375844303 -111.82089608074324 485.9664154717082 185.27432703700254 957.0718015793223 -208.8725589959867 435.35650105906933 197.07701867488643 911.8978092958695 -211.59973994119383 426.425411269089 200.97018496991967 896.7871937932108 -216.17408777909344 433.79671500907807 240.19173340770928 908.6202844278664 -230.3086575595265 381.46277824197676 123.54902744581915 949.4963863248762 -159.2670965496763 443.7919878880032 249.15480654708853 916.9872754300894 -168.34934164414616 474.9714515711911 246.57351846816545 900.4346616460499 -116.9996079037941 439.78245388130966 234.737163827915 919.7828244477262 -99.64449279166905 456.79021675918926 139.3725528392904 950.7989560987907 -158.77928319088488 463.5071548590613 243.88485561508253 919.8197936390299 -121.40935850568268 459.68734896582487 185.82816064702916 919.4222302759625 -110.75672757786012 446.3151691351431
#####################################################################
# End of data export. Simulation finished at: 2026-07-02T13:09+0000 #
#####################################################################
