#####################################################################
# Alchemist log file - simulation started at: 2026-07-02T12:56+0000 #
#####################################################################
#
# seed = 1.0, NumberOfHerds = 2, intrinsicForwardCoefficient = 0.19306977288832503, intrinsicLateralMultiplier = 0.5
#
# The columns have the following meaning: 
# time node-0 node-1 node-2 node-3 node-4 node-5 node-6 node-7 node-8 node-9 node-10 node-11 node-12 node-13 node-14 node-15 node-16 node-17 node-18 node-19 node-20 node-21 node-22 node-23 node-24 node-25 node-26 node-27 node-28 node-29 node-30 node-31 node-32 node-33 node-34 node-35 node-36 node-37 node-38 node-39 node-40 node-41 node-42 node-43 node-44 node-45 node-46 node-47 node-48 node-49 node-50 node-51 node-52 node-53 node-54 node-55 node-56 node-57 node-58 node-59 node-60 node-61 node-62 node-63 node-64 node-65 node-66 node-67 node-68 node-69 node-70 node-71 node-72 node-73 node-74 node-75 node-76 node-77 node-78 node-79 node-80 node-81 node-82 node-83 node-84 node-85 node-86 node-87 node-88 node-89 node-90 node-91 node-92 node-93 node-94 node-95 node-96 node-97 node-98 node-99 node-100 node-101 node-102 node-103 node-104 node-105 node-106 node-107 node-108 node-109 node-110 node-111 node-112 node-113 node-114 node-115 node-116 node-117 node-118 node-119 node-120 node-121 node-122 node-123 node-124 node-125 node-126 node-127 node-128 node-129 node-130 node-131 node-132 node-133 node-134 node-135 node-136 node-137 node-138 node-139 node-0[x] node-0[y] node-1[x] node-1[y] node-2[x] node-2[y] node-3[x] node-3[y] node-4[x] node-4[y] node-5[x] node-5[y] node-6[x] node-6[y] node-7[x] node-7[y] node-8[x] node-8[y] node-9[x] node-9[y] node-10[x] node-10[y] node-11[x] node-11[y] node-12[x] node-12[y] node-13[x] node-13[y] node-14[x] node-14[y] node-15[x] node-15[y] node-16[x] node-16[y] node-17[x] node-17[y] node-18[x] node-18[y] node-19[x] node-19[y] node-20[x] node-20[y] node-21[x] node-21[y] node-22[x] node-22[y] node-23[x] node-23[y] node-24[x] node-24[y] node-25[x] node-25[y] node-26[x] node-26[y] node-27[x] node-27[y] node-28[x] node-28[y] node-29[x] node-29[y] node-30[x] node-30[y] node-31[x] node-31[y] node-32[x] node-32[y] node-33[x] node-33[y] node-34[x] node-34[y] node-35[x] node-35[y] node-36[x] node-36[y] node-37[x] node-37[y] node-38[x] node-38[y] node-39[x] node-39[y] node-40[x] node-40[y] node-41[x] node-41[y] node-42[x] node-42[y] node-43[x] node-43[y] node-44[x] node-44[y] node-45[x] node-45[y] node-46[x] node-46[y] node-47[x] node-47[y] node-48[x] node-48[y] node-49[x] node-49[y] node-50[x] node-50[y] node-51[x] node-51[y] node-52[x] node-52[y] node-53[x] node-53[y] node-54[x] node-54[y] node-55[x] node-55[y] node-56[x] node-56[y] node-57[x] node-57[y] node-58[x] node-58[y] node-59[x] node-59[y] node-60[x] node-60[y] node-61[x] node-61[y] node-62[x] node-62[y] node-63[x] node-63[y] node-64[x] node-64[y] node-65[x] node-65[y] node-66[x] node-66[y] node-67[x] node-67[y] node-68[x] node-68[y] node-69[x] node-69[y] node-70[x] node-70[y] node-71[x] node-71[y] node-72[x] node-72[y] node-73[x] node-73[y] node-74[x] node-74[y] node-75[x] node-75[y] node-76[x] node-76[y] node-77[x] node-77[y] node-78[x] node-78[y] node-79[x] node-79[y] node-80[x] node-80[y] node-81[x] node-81[y] node-82[x] node-82[y] node-83[x] node-83[y] node-84[x] node-84[y] node-85[x] node-85[y] node-86[x] node-86[y] node-87[x] node-87[y] node-88[x] node-88[y] node-89[x] node-89[y] node-90[x] node-90[y] node-91[x] node-91[y] node-92[x] node-92[y] node-93[x] node-93[y] node-94[x] node-94[y] node-95[x] node-95[y] node-96[x] node-96[y] node-97[x] node-97[y] node-98[x] node-98[y] node-99[x] node-99[y] node-100[x] node-100[y] node-101[x] node-101[y] node-102[x] node-102[y] node-103[x] node-103[y] node-104[x] node-104[y] node-105[x] node-105[y] node-106[x] node-106[y] node-107[x] node-107[y] node-108[x] node-108[y] node-109[x] node-109[y] node-110[x] node-110[y] node-111[x] node-111[y] node-112[x] node-112[y] node-113[x] node-113[y] node-114[x] node-114[y] node-115[x] node-115[y] node-116[x] node-116[y] node-117[x] node-117[y] node-118[x] node-118[y] node-119[x] node-119[y] node-120[x] node-120[y] node-121[x] node-121[y] node-122[x] node-122[y] node-123[x] node-123[y] node-124[x] node-124[y] node-125[x] node-125[y] node-126[x] node-126[y] node-127[x] node-127[y] node-128[x] node-128[y] node-129[x] node-129[y] node-130[x] node-130[y] node-131[x] node-131[y] node-132[x] node-132[y] node-133[x] node-133[y] node-134[x] node-134[y] node-135[x] node-135[y] node-136[x] node-136[y] node-137[x] node-137[y] node-138[x] node-138[y] node-139[x] node-139[y] 
0.0 0.0 0.0 0.0 0.0 0.0 0.0 0.0 0.0 0.0 0.0 0.0 0.0 0.0 0.0 0.0 0.0 0.0 0.0 0.0 0.0 0.0 0.0 0.0 0.0 0.0 0.0 0.0 0.0 0.0 0.0 0.0 0.0 0.0 0.0 0.0 0.0 0.0 0.0 0.0 0.0 0.0 0.0 0.0 0.0 0.0 0.0 0.0 0.0 0.0 0.0 0.0 0.0 0.0 0.0 0.0 0.0 0.0 0.0 0.0 0.0 0.0 0.0 0.0 0.0 0.0 0.0 0.0 0.0 0.0 0.0 0.0 0.0 0.0 0.0 0.0 0.0 0.0 0.0 0.0 0.0 0.0 0.0 0.0 0.0 0.0 0.0 0.0 0.0 0.0 0.0 0.0 0.0 0.0 0.0 0.0 0.0 0.0 0.0 0.0 0.0 0.0 0.0 0.0 0.0 0.0 0.0 0.0 0.0 0.0 0.0 0.0 0.0 0.0 0.0 0.0 0.0 0.0 0.0 0.0 0.0 0.0 0.0 0.0 0.0 0.0 0.0 0.0 0.0 0.0 0.0 0.0 0.0 0.0 0.0 0.0 0.0 0.0 0.0 0.0 0.0 509.6637415572766 423.3707598443874 181.11685085805885 -545.6835043544091 504.84321966244664 438.5778033007533 214.28456182718276 -545.679199957409 481.7263183029674 434.2181768472487 206.24535004014504 -545.355056570104 497.15728338345525 416.26212197636426 213.33164065510886 -554.5035091925884 476.3972745642747 415.85421150848526 218.52379497210347 -540.2799554443702 477.45137611239505 438.03925304312554 196.444145006495 -530.7751130372326 494.29186932200264 427.5491598960252 178.44269426225028 -526.4595069416744 485.52598802376104 443.22355997650055 201.65097954622033 -560.3645204018659 485.86133014168604 405.8352789715124 186.29149789866992 -548.9374589455608 498.46792559921636 413.4135025370992 207.982995059322 -562.5899552817247 497.4347447950727 423.4772920197704 202.00134411987278 -536.2376310056142 483.31067485872614 428.3831079783962 190.35204781456815 -518.24417786666 491.48409458370685 434.887442030523 197.38178182853676 -520.3582621365 478.41520662245165 418.7459306028149 216.73279830842614 -531.6126657004464 506.91931110926623 427.2203765233174 183.2787930520233 -532.5858169997497 494.4553841777822 398.43498051172196 188.8235454662755 -530.7201120960067 496.43221806552106 402.2603722363342 220.44312559890437 -531.7335909341017 481.9390745829824 417.91432257485843 206.18504509354145 -527.739640662072 480.7450827427973 402.5787076194958 214.5300468530144 -525.8240761202685 498.3676394809683 398.41266067805674 192.28689948836472 -544.7058342662494 487.5473759587487 426.7952903665907 182.91158338643268 -560.4502202218395 467.42895738689435 424.02763654507845 185.01768375817355 -520.6633065262031 502.0617859332925 418.2547264458583 213.95865871185538 -542.4295611534404 500.3280585875252 438.8806786277268 205.54353520871803 -559.5614577529603 492.30036826714957 412.99136584080657 208.62512847136378 -558.1419069098407 473.2409197832547 420.9562396026297 204.05502941173523 -542.0241871178694 476.06362018632535 425.64566648465774 199.1443185023189 -543.7070684958567 467.4948528535559 412.1402621717378 176.8765527030055 -529.383988937945 494.0794745871179 409.91547123742043 193.07045647190915 -554.1780678878597 510.61698947591674 414.9895997770354 207.28577512630176 -520.7031290478524 507.79077117354615 418.25960952306104 197.2281064565703 -536.4935763836248 480.49010800003924 422.58122205845683 193.025201575578 -525.9948052970135 504.7342467427149 435.3028157059339 201.22439956791925 -526.5279538743455 488.7622311791598 410.30429330108177 186.08294955153437 -537.188934866663 489.8604771962438 404.3082598682761 189.47535984961135 -542.0091641311551 491.80948715388143 422.3995302404832 186.46868953014285 -558.3294988146575 467.55262419101723 419.1574183902745 205.41741887579045 -549.7222331228188 488.27165474468393 435.7260833621646 216.90255532958454 -549.8367917783742 477.9644605121989 411.05105396974136 192.78320339176403 -557.1909444115078 471.92503632345046 413.04259664629876 204.0159295839726 -521.485692132183 481.03966016980223 443.85433259692155 189.1825262948232 -524.159416161359 477.8764881437633 433.65407592394763 198.87497616770938 -563.0671839909498 506.25235149327625 423.5189264703414 175.3225689912742 -543.5563877125934 486.3870408327365 397.30824294336884 181.6216656828808 -556.2290096674502 487.1807812256526 439.75804797222366 208.84620373332353 -523.2716029375622 471.22821568498847 431.0663100809024 211.57742338237583 -536.9873583932371 483.6244274199 399.883502293404 199.67904913210776 -530.4823909147536 474.3793763535316 406.6539478776591 182.076874837931 -521.4536314876876 487.18851933163944 418.60497318773616 199.6599073304692 -538.5315451644663 508.4616400093087 412.397672984037 203.28522914146285 -530.5920836028262 497.34086279219736 439.554310239167 202.87560842260652 -517.5180002169583 484.83303899131215 431.19585679859426 192.40189650270614 -560.6279227695135 485.4962578296264 408.89261834986087 220.18985666753622 -546.5876341324492 490.6520229225174 425.2709393701902 182.11256172621682 -550.6691687764273 493.5106267553979 403.34048081349096 188.82399013481754 -556.0768654043269 479.2507470785696 440.7860954489209 175.28429153685582 -549.6973476200326 501.458042565455 415.2773687419706 197.82639949372597 -554.1075340369144 498.1660326202547 443.34667770386756 201.80063097256945 -556.8852047951823 498.9508551870133 431.2561628309295 185.6400167096082 -530.0147736449051 481.0078262093736 409.0823860659785 187.07526695511322 -533.3322320841396 492.4500797589246 443.11903827808095 199.2962870702477 -517.8732599860723 506.9047086946847 431.9380013135214 197.04556404675603 -559.1161120386212 487.93066888075305 414.0234595448312 183.5873081014703 -527.1919712991544 480.11605025864714 428.4708754938077 186.07483353262256 -544.63034134173 513.3407282463662 428.7107201347884 221.87650956721262 -543.9974514878704 505.85902367072833 404.9970189473872 211.66600909013772 -548.2050240477545 474.992128184806 430.99631849032573 177.61864405458783 -554.1743133114081 474.47163340434577 410.76776222304727 195.813937901574 -564.2856790336367 495.1645395740359 421.40794772604033 216.68318855951497 -537.3278094209327 486.45916031285606 400.9999719101161 210.32303400098795 -554.7430669927988
0.004885589795766698 0.0 0.0 0.0 0.0 0.0 0.0 0.0 0.0 0.0 0.0 0.0 0.0 0.0 0.0 0.0 0.0 0.0 0.0 0.0 0.0 0.0 0.0 0.0 0.0 0.0 0.0 0.0 0.0 0.0 0.0 0.0 0.0 0.0 0.0 0.0 0.0 0.0 0.0 0.0 0.0 0.0 0.0 0.0 0.0 0.0 0.0 0.0 0.0 0.0 0.0 0.0 0.0 0.0 0.0 0.0 0.0 0.0 0.0 0.0 0.0 0.0 0.0 0.0 0.0 0.0 0.0 0.0 0.0 0.0 0.0 0.0 0.0 0.0 0.0 0.0 0.0 0.0 0.0 0.0 0.0 0.0 0.0 0.0 0.0 0.0 0.0 0.0 0.0 0.0 0.0 0.0 0.0 0.0 0.0 0.0 0.0 0.0 0.0 0.0 0.0 0.0 0.0 0.0 0.0 0.0 0.0 0.0 0.0 0.0 0.0 0.0 0.0 0.0 0.0 0.0 0.0 0.0 0.0 0.0 0.0 0.0 0.0 0.0 0.0 0.0 0.0 0.0 0.0 0.0 0.0 0.0 0.0 0.0 0.0 0.0 0.0 0.0 0.0 0.0 0.0 509.6637415572766 423.3707598443874 181.11685085805885 -545.6835043544091 504.84321966244664 438.5778033007533 214.28456182718276 -545.679199957409 481.7263183029674 434.2181768472487 206.24535004014504 -545.355056570104 497.15728338345525 416.26212197636426 213.33164065510886 -554.5035091925884 476.3972745642747 415.85421150848526 218.52379497210347 -540.2799554443702 477.45137611239505 438.03925304312554 196.444145006495 -530.7751130372326 494.29186932200264 427.5491598960252 178.44269426225028 -526.4595069416744 485.52598802376104 443.22355997650055 201.65097954622033 -560.3645204018659 485.86133014168604 405.8352789715124 186.29149789866992 -548.9374589455608 498.46792559921636 413.4135025370992 207.982995059322 -562.5899552817247 497.4347447950727 423.4772920197704 202.00134411987278 -536.2376310056142 483.31067485872614 428.3831079783962 190.35204781456815 -518.24417786666 491.48409458370685 434.887442030523 197.38178182853676 -520.3582621365 478.41520662245165 418.7459306028149 216.73279830842614 -531.6126657004464 506.93021467717193 426.83439095231824 183.2787930520233 -532.5858169997497 494.4553841777822 398.43498051172196 188.8235454662755 -530.7201120960067 496.43221806552106 402.2603722363342 220.44312559890437 -531.7335909341017 481.9390745829824 417.91432257485843 206.18504509354145 -527.739640662072 480.7450827427973 402.5787076194958 214.5300468530144 -525.8240761202685 498.3676394809683 398.41266067805674 192.28689948836472 -544.7058342662494 487.5473759587487 426.7952903665907 182.91158338643268 -560.4502202218395 467.42895738689435 424.02763654507845 185.01768375817355 -520.6633065262031 502.0617859332925 418.2547264458583 213.95865871185538 -542.4295611534404 500.3280585875252 438.8806786277268 205.54353520871803 -559.5614577529603 492.30036826714957 412.99136584080657 208.62512847136378 -558.1419069098407 473.2409197832547 420.9562396026297 204.05502941173523 -542.0241871178694 476.06362018632535 425.64566648465774 199.1443185023189 -543.7070684958567 467.4948528535559 412.1402621717378 176.8765527030055 -529.383988937945 494.0794745871179 409.91547123742043 193.07045647190915 -554.1780678878597 510.61698947591674 414.9895997770354 207.28577512630176 -520.7031290478524 507.79077117354615 418.25960952306104 197.2281064565703 -536.4935763836248 480.49010800003924 422.58122205845683 193.025201575578 -525.9948052970135 504.7342467427149 435.3028157059339 201.22439956791925 -526.5279538743455 488.7622311791598 410.30429330108177 186.08294955153437 -537.188934866663 489.8604771962438 404.3082598682761 189.47535984961135 -542.0091641311551 491.80948715388143 422.3995302404832 186.46868953014285 -558.3294988146575 467.55262419101723 419.1574183902745 205.41741887579045 -549.7222331228188 488.27165474468393 435.7260833621646 216.90255532958454 -549.8367917783742 477.9644605121989 411.05105396974136 192.78320339176403 -557.1909444115078 471.92503632345046 413.04259664629876 204.0159295839726 -521.485692132183 481.03966016980223 443.85433259692155 189.1825262948232 -524.159416161359 477.8764881437633 433.65407592394763 198.87497616770938 -563.0671839909498 506.25235149327625 423.5189264703414 175.3225689912742 -543.5563877125934 486.3870408327365 397.30824294336884 181.6216656828808 -556.2290096674502 487.1807812256526 439.75804797222366 208.84620373332353 -523.2716029375622 471.22821568498847 431.0663100809024 211.57742338237583 -536.9873583932371 483.6244274199 399.883502293404 199.67904913210776 -530.4823909147536 474.3793763535316 406.6539478776591 182.076874837931 -521.4536314876876 487.18851933163944 418.60497318773616 199.6599073304692 -538.5315451644663 508.4616400093087 412.397672984037 203.28522914146285 -530.5920836028262 497.34086279219736 439.554310239167 202.87560842260652 -517.5180002169583 484.83303899131215 431.19585679859426 192.40189650270614 -560.6279227695135 485.4962578296264 408.89261834986087 220.18985666753622 -546.5876341324492 490.6520229225174 425.2709393701902 182.11256172621682 -550.6691687764273 493.5106267553979 403.34048081349096 188.82399013481754 -556.0768654043269 479.2507470785696 440.7860954489209 175.28429153685582 -549.6973476200326 501.458042565455 415.2773687419706 197.82639949372597 -554.1075340369144 498.1660326202547 443.34667770386756 201.80063097256945 -556.8852047951823 498.9508551870133 431.2561628309295 185.6400167096082 -530.0147736449051 481.0078262093736 409.0823860659785 187.07526695511322 -533.3322320841396 492.4500797589246 443.11903827808095 199.2962870702477 -517.8732599860723 506.9047086946847 431.9380013135214 197.04556404675603 -559.1161120386212 487.93066888075305 414.0234595448312 183.5873081014703 -527.1919712991544 480.11605025864714 428.4708754938077 186.07483353262256 -544.63034134173 513.3407282463662 428.7107201347884 221.87650956721262 -543.9974514878704 505.85902367072833 404.9970189473872 211.66600909013772 -548.2050240477545 474.992128184806 430.99631849032573 177.61864405458783 -554.1743133114081 474.47163340434577 410.76776222304727 195.813937901574 -564.2856790336367 495.1645395740359 421.40794772604033 216.68318855951497 -537.3278094209327 486.45916031285606 400.9999719101161 210.32303400098795 -554.7430669927988
10.004885589795766 1.9659016173813846 0.0 0.6950511823978899 1.965901617381341 0.6950511823978899 1.965901617381341 1.5541816916833706 1.965901617381341 1.5541816916833706 1.965901617381341 1.3901023647959785 1.5541816916834243 1.5541816916833733 1.9659016173811812 1.5541816916833733 2.0851535471938534 2.865769440237285 1.3901023647960398 4.170307094387731 2.8657694402372207 1.3901023647959785 1.3901023647960398 2.0851535471938685 1.3901023647960398 1.3901023647959785 1.3901023647960398 2.0851535471938685 1.5541816916834243 1.3901023647959785 1.3901023647960398 2.865769440237285 1.5541816916833409 1.3901023647959785 2.8657694402372207 2.0851535471938685 2.0851535471938534 1.5541816916833706 1.5541816916833409 2.865769440237285 2.8657694402372207 1.5541816916833733 2.8657694402373113 1.3901023647959785 1.3901023647960398 1.3901023647959785 1.5541816916834243 1.3901023647959785 1.5541816916833409 1.5541816916833706 1.5541816916833409 0.6950511823978899 2.197944826770514 1.5541816916833733 1.3901023647960398 1.9659016173813846 0.6950511823979528 0.6950511823978899 0.6950511823979528 1.3901023647959785 1.5541816916833409 1.3901023647959785 0.0 1.2530213386038407 1.3901023647960398 2.865769440237285 1.3901023647960398 2.0851535471938685 2.0851535471938534 1.3901023647959785 1.5541816916833409 1.3901023647959785 4.170307094387707 1.5541816916833706 1.3901023647960398 1.3901023647959785 1.5541816916834243 2.865769440237285 2.0851535471938534 2.8657694402372345 1.5541816916833409 0.6950511823978899 1.5541816916833409 1.5541816916833706 2.197944826770514 1.5541816916833733 0.6950511823979528 1.9659016173813846 1.3901023647960398 1.5541816916833733 1.3901023647960398 0.6950511823978899 0.6950511823979528 1.3901023647959785 1.2530213386037792 1.3901023647959785 1.3901023647960398 1.5541816916833733 1.2530213386039202 1.9659016173813846 1.2530213386037792 0.6950511823978899 1.965901617381341 1.5541816916833706 2.197944826770732 1.5541816916833706 1.3901023647959925 1.3901023647959785 1.9659016173811812 2.197944826770779 1.9659016173811812 1.5541816916833733 1.5541816916834243 2.8657694402372345 1.3901023647960398 1.3901023647959785 1.3901023647960398 1.3901023647959785 1.3901023647960398 4.170307094387731 1.3901023647960398 1.3901023647959785 1.5541816916834243 1.5541816916833706 1.3901023647960398 1.5541816916833733 1.5541816916834243 1.3901023647959785 1.3901023647960398 2.86576944023723 2.8657694402372207 2.8657694402372345 2.0851535471938534 1.3901023647959785 1.3901023647960398 1.3901023647959785 1.5541816916833409 1.5541816916833706 1.5541816916834243 2.865769440237285 1.5541816916833409 510.147859239427 419.9077932733009 182.31768243532545 -546.3880270705818 506.05569421497245 436.68058614947483 217.01380697362106 -548.6462741983431 481.99563606380696 431.5217296342076 210.69641499112507 -548.7735632234276 497.26631906251225 412.40226626637303 217.05843939697118 -560.8496031009566 476.5063102433317 411.99435579849404 221.25304011854183 -543.2470296853046 475.4374911509569 434.1194277096529 197.78408821353307 -534.4170947549223 493.2320447201567 424.042579053316 179.45505547738313 -528.5434598507748 483.8871850654164 439.70062378193285 203.08022206108888 -563.748475942536 486.36180317569494 401.7933340439273 188.3162203289356 -553.1053647637616 498.68054517337754 405.8867839026162 212.14148272062891 -568.9409850633289 498.2721373445051 421.183185729587 203.73079452905807 -539.7977172253275 483.65904348688207 422.8882653756116 191.01708354485095 -520.4968576449494 492.77289411157267 430.2883258822506 197.33242309617435 -524.6751513309447 479.11685011788956 414.41994828093334 217.38302641900023 -535.1604122370692 506.8462575707294 422.96908345837403 183.57675980451106 -536.7339793250056 495.6275158954884 391.12851358250276 190.47356831410252 -533.6748466538503 497.3023213186706 398.80830923315347 222.29912115998127 -535.5541712674525 483.0566884611601 412.5377835006349 207.7780786043626 -531.9026106070366 480.0930508477618 398.3110592026941 217.60661748430277 -528.6224234920138 500.06423171564484 393.05247695569176 195.69598798479456 -548.6305215271396 487.0774332813071 422.91907930474093 183.87952174243932 -566.4193734059403 468.6305283715146 422.516404964799 186.87367931925047 -524.483886859554 502.92098561853635 415.1886490136767 215.12493917646836 -546.1559063057244 500.8230798375814 435.0317264856412 207.75179212788126 -562.7816222976779 491.9798041035847 410.6645488469061 211.13852915807982 -561.1065132141567 473.13515554100076 417.86290325068376 205.55876361472573 -546.4451832398533 476.7843449255983 420.6442094135276 199.7896107396567 -547.6865039519239 468.01168123942347 407.519338887654 176.84200159035183 -532.4058113740563 494.76748862267374 406.0719708792876 194.26635217593946 -555.3142795234766 511.7018926503774 410.77101741580924 209.04448979236355 -523.8816065024207 508.5060441288661 413.4511452374305 197.01002085501912 -540.4631400932194 481.1781220355949 418.73772170032413 193.67049381291585 -529.9742407530807 503.92193276589705 429.8717587921819 203.43265648708248 -529.7481184190631 489.4693264585506 405.7853181937007 188.06055439126658 -541.7016982330957 490.741484017299 400.4702112940962 190.6416403142243 -545.735509283439 491.9512335366557 417.38171781749463 188.50104256505202 -565.606058440182 467.8546526555737 415.30301446423607 206.41003659797838 -553.5329417096973 489.9355362756431 431.52385635279705 219.77091210579422 -555.7413250208253 478.6633781156603 406.82156804060946 194.80792582202966 -561.3588502297085 471.2184865888865 410.70487608449264 205.18221004858557 -525.212037284467 480.89028165592543 442.3049385289722 191.21712047156132 -527.4639441406707 478.18396839227273 429.6066792124097 201.50998613308073 -566.7239733283479 505.0213412417421 419.23492270168106 176.67238394478474 -546.3349915913942 485.07207347475963 389.1589316807644 183.60914226908545 -559.878395194994 486.9038313337105 435.8872886943268 212.95487907268975 -526.4271475406302 470.8749408177065 429.8974497999994 213.45316243639766 -539.08118304881 483.9155523165509 396.4150839383647 201.49779884912357 -533.7844509574473 472.6239055850273 400.42366090214455 182.22092234093867 -523.9594015697603 485.91389480848244 415.8649117030724 201.47865704748503 -541.83360520716 507.26879224544444 406.76271971687964 205.86324976982834 -535.4571083273452 496.07714183694594 436.42826318350404 204.91020259934467 -520.8225281962701 485.31715667346253 427.7328902275078 194.12641103865508 -564.6196979086711 484.23253687437506 405.7665712941979 222.04585222861303 -550.4082144657999 490.7665103855273 421.2180908746994 183.28871393730225 -553.5321360898223 493.6605508141013 398.033179212253 189.9902705994305 -559.8032105566108 478.5878116156284 436.9044326031182 174.9024149393521 -552.8878969253327 501.38498902691816 411.02607567702734 199.1811503204727 -556.4544489962707 498.40263967737707 441.8081872038239 203.66649828011882 -559.8424072896441 498.6302910234484 428.9293458370289 187.26640875637307 -533.0057942473161 481.9324473020517 403.7003952078021 188.6261187486372 -537.4083706578917 491.92561924195445 441.1727550712266 199.96132280053047 -520.1259397643615 508.9327686608315 428.5186490140578 198.51205240568558 -563.0185878699482 488.61595702433226 410.2764555794483 184.45338067176664 -530.7421857723953 480.230537721657 424.41802699831686 187.76210222451064 -548.1035961902306 512.4629928621138 425.59557664703124 225.4691325525399 -546.974397475277 504.1766064407608 403.0180250368159 215.05535409362253 -553.8564669864224 474.5303631832936 426.83061825022656 179.13225000405086 -557.7319315945032 474.594298543285 406.42542454930714 198.51356780859487 -569.8428867912378 494.6973227885707 417.4352402714408 218.04721740562186 -541.4612210517857 487.7861223283919 395.04990626334677 212.02511031258476 -556.9212550829662
20.004885589795766 1.5541816916833733 1.3901023647960398 0.6950511823978899 2.197944826770514 2.865769440237285 0.6950511823979528 1.3901023647959785 1.3901023647960398 2.8657694402372345 0.6950511823979528 1.3901023647959785 1.3901023647960398 1.5541816916833733 1.5541816916834243 1.9659016173813846 1.2530213386037792 4.170307094387731 0.0 2.0851535471938685 2.8657694402373113 0.6950511823978899 2.865769440237332 1.2530213386038958 1.3901023647960398 1.5541816916833706 1.3901023647960398 1.9659016173813846 1.3901023647960398 0.6950511823978899 1.9659016173811812 1.5541816916833733 1.2530213386037792 1.3901023647959785 1.3901023647960398 1.2530213386038958 2.8657694402373113 1.3901023647959785 1.3901023647960398 1.3901023647959785 2.8657694402372207 1.5541816916833706 1.5541816916833409 0.6950511823978899 0.0 1.3901023647959785 0.6950511823979528 1.3901023647959785 2.8657694402372207 1.3901023647959785 4.170307094387707 0.6950511823978899 1.9659016173811812 1.3901023647959785 2.197944826770732 1.5541816916833706 1.9659016173811812 2.0851535471938685 0.0 2.865769440237285 1.5541816916834243 1.3901023647959785 1.3901023647960398 1.2530213386038407 1.5541816916833409 1.3901023647959785 1.5541816916834243 1.3901023647959785 1.5541816916834243 1.5541816916833706 2.8657694402372207 1.5541816916833733 2.8657694402373113 1.3901023647959785 1.3901023647960398 1.3901023647959785 0.0 1.3901023647959785 0.6950511823979528 2.8657694402372345 1.3901023647960398 1.5541816916833706 1.3901023647960398 0.0 1.9659016173811812 1.5541816916833733 1.3901023647959925 2.8657694402372345 1.3901023647960398 1.5541816916833733 1.5541816916833409 1.3901023647959785 2.8657694402372207 1.3901023647959785 1.3901023647960398 1.3901023647959785 2.7802047295920347 2.197944826770779 2.865769440237332 1.3901023647959785 2.197944826770514 1.3901023647959785 1.3901023647959925 1.5541816916833706 1.3901023647960398 2.865769440237285 1.965901617381341 2.0851535471938685 1.3901023647960398 1.9659016173813846 4.170307094387707 0.6950511823978899 1.3901023647959925 1.3901023647959785 1.3901023647960398 1.3901023647959785 1.5541816916833409 1.3901023647959785 1.3901023647960398 0.0 1.3901023647960398 0.6950511823978899 1.3901023647960398 0.6950511823978899 0.0 1.3901023647959785 1.3901023647959925 1.3901023647959785 2.865769440237332 0.0 1.5541816916834243 0.0 1.3901023647960398 1.3901023647959785 0.6950511823979528 2.8657694402372345 0.0 1.5541816916833706 0.6950511823979528 1.5541816916833706 1.5541816916833409 510.6864947611061 414.51489884721883 183.33497952369459 -548.0402910602379 505.9172192690014 434.74520651052626 219.81754380818134 -552.6503890205914 481.8680646857416 429.20036442425993 212.37874780977688 -552.6785069913727 497.57925109497455 408.16187676933544 218.39344673077298 -564.9232737380908 475.66128556279665 407.7212555977394 223.97734939174393 -546.6457928456833 474.75274855220425 431.00973600584837 199.80881064379878 -538.5850005731232 493.53407318471335 420.1881751272776 180.12009120766592 -530.7961396290641 483.9962207444735 435.84076807194157 205.1471262086517 -568.0032131319492 487.6996687591364 395.45728282615886 189.45782142736726 -558.9901545132681 498.6102175268171 401.53899444492316 214.06851485856225 -574.100788221605 498.51964796953314 419.2587096585442 205.06637458617936 -543.82129777726 483.40390073075145 418.24553495571644 192.71422398321158 -523.1067346545615 492.88192979062967 426.4284701722594 198.6970456693936 -526.1586884514121 478.66053690033 410.06125525533463 218.90156824169947 -538.2863416007198 507.89845004147276 419.9084578101453 184.57924927317148 -539.6813100729952 496.16615141716755 385.73561915642074 192.6396435159684 -536.8081798273552 497.22381599618086 394.7500089537097 224.67116907509705 -539.5533502164645 482.6003752436006 408.1790904750362 210.15012651947833 -535.9017895560487 479.0441298138214 394.41849278898565 220.6634446226463 -533.1475265415373 499.95846747339095 389.9591406037459 198.42029725799665 -552.0292846875184 487.58335809926893 418.6841415916562 185.90918004594113 -570.1555903046965 468.8889425644483 420.20594332275704 188.2185583995247 -527.694179657799 502.64403572659427 411.3178897357797 214.9216611946259 -548.8304032569857 501.2526796802033 433.4986877695504 209.95511317380823 -566.4334757618399 492.6787217070462 406.43506291777425 214.0912493688839 -567.184709199033 473.4044733018402 415.1664560376427 207.15673299878316 -550.1764642653735 476.8824770367496 417.1703392745354 203.34768261233032 -553.685272375442 468.3246132718858 403.27894939061645 177.84449105901223 -535.3531421220458 495.30612414435274 400.6790764532056 195.97336436077248 -557.0607786941994 511.6070319760292 407.2916954928642 211.4214735807156 -527.4490965319884 507.65011588042535 409.564030607675 197.6602489655932 -544.0108866298422 481.47742460817506 414.97981416703556 195.705087989654 -533.2787687323926 504.19125052673655 427.1753115791407 204.77259969412046 -533.3901001367525 489.38809524408447 401.8235143070067 188.832391780496 -545.9416278028004 491.2365052673551 396.6212591520107 193.36101371419016 -549.5659613632622 491.8645505382367 413.6129067163003 190.40685044806955 -572.6221239520692 468.1130668485075 412.9925528221941 207.74504393178015 -557.6066123468313 489.8297720333891 428.4305200008512 221.96929727848496 -559.8248674044318 478.96540658021695 402.967164114571 195.28942706341493 -564.5592712814812 471.29481156422634 408.0029770874988 207.2118683520875 -528.9482541832234 480.75180670995434 440.36955889002377 192.20973819374927 -531.2746527275492 478.07820415001873 426.5133428604638 204.715796647668 -573.3231575404992 505.5163624917982 415.38597055959553 177.5160182907288 -548.0716190156446 486.1624284331731 384.74735653403866 186.24415223445692 -563.5351845323923 486.83077779517373 431.63599562938356 216.36890344235576 -529.9201458820758 470.75827300754685 427.19009901905264 214.28198916263304 -542.1128772313939 484.42692891846553 391.98715343978046 203.49021130856445 -537.0021475655467 471.60769525480407 395.37313777543875 183.57567316768535 -526.3063165291165 485.44122623906435 412.0851970339723 202.45153127672802 -547.3710694718162 505.81207850469355 403.63122087726384 207.54064671524387 -539.7937410147347 495.9386668909749 434.4928835445555 206.95960439579156 -522.8319894172487 485.2113924312086 424.63955387556194 195.51616656763372 -571.4571648048969 485.124447263336 401.5425371490189 224.77016150181512 -553.8069776261787 490.3020194920385 417.14888702735004 183.61136005597115 -555.5218538178559 493.6420151150931 391.8519582923141 191.38002612840916 -566.6406774528366 478.6532330230626 434.58851917712343 176.6143629974213 -554.2027071766108 501.1298462707874 406.38334525713213 200.6947562699358 -560.012067279366 498.44625394899987 440.2642449198273 205.18504010281805 -562.9683366532946 499.47858714078654 426.2492539758464 188.95010132272353 -536.0298381651161 481.9057339271141 397.8086634661126 190.1397246981003 -540.9659889409871 492.5373083021702 440.03115371008784 201.66833498536357 -521.8724389350847 508.56859022564385 427.7357743041538 200.58389242648468 -566.841636139917 488.1351107789849 406.7862300885976 184.42376543234926 -533.3323192890622 480.53256618621356 420.56362307227846 188.7448482002261 -552.777682615998 511.96033948095516 422.87732229817885 228.5308955641196 -551.0678116053558 502.16272147932267 399.0981997033433 217.44220962844702 -556.5605791771011 474.06042050585194 422.9544071883767 181.51910553887535 -560.4360437851818 473.5889917809675 400.98891585160226 200.6226536734549 -574.1844553518636 495.1923440386268 413.5862881293553 218.99271753727632 -545.616787186896 489.28426999361596 389.87726354252845 213.71731487770907 -559.9628210120225
30.004885589795766 1.3901023647959785 0.6950511823979528 1.3901023647959785 1.3901023647960398 0.6950511823978899 1.3901023647960398 1.5541816916833706 0.6950511823979528 1.3901023647959785 0.6950511823979528 1.3901023647959785 1.3901023647960398 1.9659016173813846 1.3901023647960398 0.6950511823978899 2.8657694402373113 1.9659016173813846 2.8657694402373113 1.2530213386038407 1.9659016173811812 1.3901023647959785 1.3901023647960398 1.5541816916833706 1.3901023647960398 1.9659016173813846 1.3901023647960398 1.9659016173813846 0.6950511823979528 1.5541816916833706 0.6950511823979528 2.865769440237285 1.9659016173811812 2.0851535471938685 0.0 1.5541816916833733 1.5541816916833409 1.9659016173813846 1.3901023647960398 0.0 0.6950511823979528 1.5541816916833733 1.9659016173811812 1.5541816916833706 1.3901023647960398 1.5541816916833706 1.3901023647960398 0.6950511823978899 1.3901023647960398 1.5541816916833733 1.5541816916834243 1.3901023647959785 1.3901023647959925 1.5541816916833706 1.3901023647960398 1.5541816916833706 1.3901023647960398 1.5541816916833706 1.3901023647960398 1.3901023647959785 0.6950511823979528 2.865769440237285 0.6950511823979528 1.3901023647959785 1.3901023647960398 0.6950511823978899 1.3901023647960398 1.5541816916833706 1.3901023647960398 4.170307094387731 0.6950511823979528 2.865769440237285 1.5541816916833409 0.0 1.3901023647960398 1.5541816916833706 1.3901023647960398 2.8657694402372345 0.6950511823979528 1.3901023647959785 0.6950511823979528 0.6950511823978899 1.5541816916834243 1.5541816916833733 4.170307094387707 1.5541816916833706 1.3901023647960398 0.0 0.0 1.5541816916833733 0.6950511823979528 1.3901023647959785 1.3901023647960398 1.3901023647959785 1.3901023647960398 1.3901023647959785 0.0 1.9659016173813846 1.3901023647960398 1.3901023647959785 0.6950511823979528 1.3901023647959785 1.3901023647960398 1.3901023647959785 1.3901023647960398 1.3901023647959785 1.3901023647960398 1.5541816916833706 0.6950511823979528 4.170307094387731 1.3901023647960398 1.3901023647959785 1.3901023647959925 2.0851535471938685 0.6950511823979528 1.3901023647959785 2.8657694402373113 0.6950511823978899 2.865769440237332 1.9659016173813846 1.9659016173811812 1.3901023647959785 1.3901023647959925 1.3901023647959785 1.3901023647960398 1.9659016173813846 1.3901023647960398 1.9659016173813846 2.865769440237332 0.0 2.8657694402372207 1.9659016173813846 0.0 1.3901023647959785 1.3901023647959925 1.3901023647959785 2.8657694402372207 1.3901023647959785 1.5541816916834243 1.3901023647959785 1.9659016173811812 510.7846268722575 411.0410287082266 184.69960209691382 -549.5238281807053 506.14292275821805 433.5927015814817 220.82990502331424 -554.734341929692 481.54750052217673 426.8735474303595 214.39853436680636 -557.2781017290181 498.28907226634175 403.5464052692045 220.35848509262544 -566.7590722166443 475.5773284563541 403.8559481037953 225.32716434525437 -549.4243967244838 474.6360807420446 428.3023852249015 201.49114346245065 -542.4899443410685 494.60807279126817 416.35557833705053 180.95878968037377 -532.9644559727591 483.6756565809086 433.5139510780411 206.60867869434503 -572.337377882721 488.0235043595044 390.8309077581222 190.94674801064903 -564.7062173935857 499.34729761794847 395.9585590172944 213.98186492318106 -577.1479196880945 498.58506937696734 416.94279623254937 206.23759092402852 -547.1159540100994 483.72501043914303 413.7156562804296 193.72658519834448 -525.1906875636621 493.18395825518627 422.5740662462209 200.0567323693766 -528.073914491324 478.76957257938693 406.2013995453434 219.91392945683236 -540.3702945098204 508.3716641557175 416.831476810058 185.23934913021805 -542.365678770729 497.29466886325105 379.97309451119804 195.60717134648124 -541.591309053898 497.1562142415969 390.3057231032669 227.56420521748797 -543.2994388616934 482.94601797978 402.7807442650013 211.32627873056373 -538.7647568694437 479.1640690607842 390.1726515079952 223.38281802261218 -536.9779786213606 500.2823030737591 385.33276553570926 200.45982730797107 -554.9021237473859 487.4884974249207 415.20481966871125 187.42278599540404 -573.7132085877913 468.3753856153839 417.8736745449036 189.04244925252388 -531.1575627598276 503.53594611555513 407.09385559060075 215.76035966733372 -550.9987196006806 501.3181010876375 431.18277434355554 211.29505638084626 -570.0754574795295 493.37763931050773 402.2055769886424 215.7686463142995 -571.5213418864226 473.48079827718004 412.46455704064886 209.5189091674265 -555.0390210532746 476.99151271580666 413.3104835645441 205.53126016531232 -559.0638815173819 468.97991660372435 400.59340574548116 178.16713717768113 -537.3428598500794 495.61905617681504 396.43868695616817 196.98078970266917 -559.5764205227446 511.88725330477433 404.20926270882404 213.12848576554865 -529.1955957027113 507.95214434498206 405.70962668163656 199.68497139585892 -548.178792448043 481.23318541995013 409.9510981761413 197.7396821663922 -536.5832967117046 504.0527755807655 425.23993194019215 206.80719387085867 -536.6946281160646 490.4839019864508 397.21894637478147 190.49991697943918 -551.1416383290791 492.93854928598427 391.0680826441462 195.0532182793145 -552.6075272923185 492.7646386031271 409.099383392872 193.53816927453485 -578.1842675829065 468.56447382694085 410.68754296410503 210.45454558527356 -562.3004422655436 490.31388971553946 424.9675534297648 223.65163009713683 -563.729811172377 479.6752277515841 398.3516926144401 195.96927041340643 -565.5168843014371 471.9392113281592 405.7034190133626 208.39789230964536 -530.9478436577293 480.2273461929842 438.42327568316944 193.38095453159846 -534.5693089603886 477.5864543367657 423.4091029406123 207.48991824281077 -579.9174058794142 505.8074873884491 411.91755220455633 178.8855767371842 -549.1234672166673 487.6115100428213 381.31164888271655 187.24170582988103 -566.914204199826 486.74682068873125 427.7706881354395 218.2298348766689 -533.3090372959821 470.6416051973872 424.48274823810584 216.16759996312737 -543.343324048078 484.94920908828595 387.17323737019706 205.34620686964135 -540.8227278988975 471.5237381483615 391.50783028149465 184.23577302473188 -528.9906852268502 486.12924027462014 408.24169667583953 205.02461603185733 -552.6677831157798 504.9234395525357 400.9020629605057 210.16578493414286 -544.3139081910218 496.02589543422044 431.4049989765625 207.28718638769672 -524.3900182258378 484.7305461858612 421.14932838471117 197.89315035598574 -575.0246548344645 485.63309797327423 397.21110304318444 226.4623660669395 -556.8485435552352 491.1775745291408 413.5038312386698 184.27639578625394 -557.7745335961453 494.96897713062884 385.9018926455447 192.79446102356906 -571.3196997518402 477.9575868564043 431.86481304431805 178.8472992827656 -555.2644271241056 501.4645854390611 401.3709846180964 201.7021816118324 -562.5277091079108 498.3295861388402 437.55689413888047 206.70358192551726 -566.0942660169452 498.7284231345998 425.4554756980366 190.98963137269797 -538.9026772249837 482.2404730953878 392.79630282707683 190.95374380462692 -545.2927498819042 492.2385512744167 436.93236557418896 202.68563207373268 -523.5247029247407 508.05503327657937 425.4035055263005 201.0703295411062 -569.6103682722452 488.630132029041 402.93727794651204 186.03160656287918 -536.2002224756935 480.2338091584601 417.4648349363797 190.23871065674422 -558.062056576871 511.435878963985 420.9310390913247 230.39182699843272 -554.4567030192621 502.8779944346427 394.28973541771273 219.30314106276015 -559.9494705910075 473.9655598315038 419.47508526543163 182.35286813834696 -563.0360490483213 473.09724196771447 397.88467593175056 202.6621837234293 -577.057294411731 496.4593364306812 409.7591431230811 220.86352071806192 -548.1423007619134 490.97541044433956 384.710072605663 214.9679587769164 -563.8628289067315
40.00488558979576 0.6950511823978899 2.8657694402373113 1.3901023647959785 0.6950511823979528 0.6950511823978899 1.3901023647960398 2.865769440237285 1.9659016173811812 1.9659016173813846 2.8657694402372207 1.3901023647959785 2.197944826770514 0.6950511823978899 1.3901023647960398 1.3901023647959785 1.9659016173811812 1.9659016173813846 4.170307094387707 4.170307094387731 1.5541816916834243 0.6950511823978899 1.3901023647960398 1.3901023647959785 0.6950511823979528 0.6950511823978899 1.3901023647960398 2.8657694402372345 1.5541816916834243 1.5541816916833706 1.3901023647960398 1.3901023647959785 1.3901023647960398 4.170307094387731 1.3901023647959925 1.9659016173813846 2.8657694402372207 2.8657694402372345 0.6950511823979528 1.3901023647959785 4.170307094387707 1.5541816916833733 1.9659016173811812 0.6950511823978899 1.5541816916834243 2.8657694402372345 0.6950511823979528 0.0 1.3901023647960398 1.3901023647959785 1.3901023647960398 0.6950511823978899 2.865769440237332 1.3901023647959785 1.3901023647960398 0.0 1.3901023647960398 2.865769440237285 0.6950511823979528 1.3901023647959785 1.3901023647960398 2.865769440237285 1.9659016173811812 1.5541816916833733 1.3901023647959925 0.6950511823978899 1.5541816916833409 1.5541816916833706 0.6950511823979528 0.6950511823978899 1.5541816916834243 4.170307094387731 1.3901023647960398 1.3901023647959785 2.8657694402372207 1.3901023647959785 1.3901023647959925 1.3901023647959785 1.3901023647960398 1.5541816916833733 0.6950511823979528 0.6950511823978899 1.3901023647960398 1.3901023647959785 1.9659016173811812 1.5541816916833733 1.3901023647960398 1.5541816916833706 1.5541816916834243 1.3901023647959785 1.3901023647960398 2.8657694402372345 1.9659016173811812 0.0 2.865769440237332 2.8657694402372345 0.6950511823979528 1.3901023647959785 1.9659016173811812 1.3901023647959785 1.3901023647960398 1.3901023647959785 0.6950511823979528 1.3901023647959785 1.3901023647960398 1.3901023647959785 0.6950511823979528 1.3901023647959785 2.8657694402372207 4.170307094387731 1.9659016173811812 0.6950511823978899 1.5541816916833409 2.0851535471938685 0.6950511823979528 0.6950511823978899 1.3901023647960398 1.3901023647959785 0.6950511823979528 0.6950511823978899 1.3901023647960398 1.3901023647959785 0.6950511823979528 0.6950511823978899 1.3901023647960398 1.3901023647959785 0.6950511823979528 0.6950511823978899 1.3901023647960398 1.5541816916833733 1.965901617381341 1.9659016173813846 1.5541816916834243 1.3901023647959785 1.3901023647960398 1.5541816916833706 2.8657694402373113 1.5541816916833706 1.965901617381341 0.6950511823978899 1.3901023647960398 511.2469374185966 408.35003327913836 185.35970195396035 -552.2081968784391 505.80055145884177 432.0378557295794 221.65873174954953 -557.7660361122757 480.84095078761277 424.53582686855316 216.25946580111952 -560.6669931429245 499.1918862232085 398.93638555302635 221.17250419915203 -571.0858331575613 475.534259729558 398.5431947186044 228.56259009925915 -553.4334474199684 474.3264201463854 425.5895826600019 203.0419952559746 -546.5660829148205 495.85870983146407 413.1074116872749 180.9341103141926 -535.1229005699814 484.1270635593419 431.208941219952 207.24903505844654 -576.7485022582325 488.88270404474815 387.76483032594064 192.62414495606458 -569.0428500809752 499.49994756862833 390.55476102330675 214.45349441809387 -581.2117185787561 499.9687295791813 415.82300200722204 207.91992374268037 -551.0208977780445 484.19822455338783 410.63867528034217 194.3965568018635 -527.011678422507 493.2711867984319 419.48618167822787 200.71683222642315 -530.7582831890578 478.7183261766615 401.1781353384019 220.74275618306766 -543.4019886924041 507.8908179103701 413.3412513192073 185.88957724079214 -545.9134253073518 498.583468391117 375.3739783629256 196.85781524568858 -545.4913169486069 497.512760545682 384.5213913222329 228.22430507453453 -545.9838075594272 483.4192320940247 399.70376326491396 214.0456521305296 -542.5952089492669 479.4770010932465 385.93226201095774 223.8692551372337 -539.7467107536888 500.7664207559097 381.8697989646228 202.40018630364239 -558.8963668231619 487.93990440335403 412.89980981062223 189.110054687292 -577.1864634362918 469.0306889472224 415.18813089976834 190.39720007927062 -533.5044777191838 503.8488781480174 402.8534660935632 216.4253953976165 -553.25139937897 501.372618927166 429.25284648855984 212.63993546112053 -573.2857502777747 494.4625424849682 397.98699462741627 217.28225226376256 -575.0789601695178 473.5680268204256 409.37667247265586 210.95308755553134 -557.9912876745002 477.44291969424006 411.005473706455 207.03005849506664 -563.9165665588104 469.27104150037525 397.12498739044196 178.82723703472766 -540.0272285478133 496.13588456268263 391.8177636720843 197.6359536864795 -562.6924781399229 511.40640705942695 400.7190372179734 213.79352149583144 -531.4482754810007 508.05572824008635 402.0427637571447 201.0670963201941 -551.9076055369452 481.13832474560195 406.47177625319637 199.08456124666645 -539.7935895099497 503.34622584620155 422.9022113783858 209.18911353244687 -539.8304292261874 491.95479073191046 393.01126758146097 191.66126157081592 -555.2996724008076 493.4581035638283 386.3506629673126 197.26147519847774 -555.8276918370361 493.67290434394664 404.2963708911943 194.52585112348646 -582.4266650892292 469.80965908318376 407.6323690998292 211.62082604988655 -566.0267874178276 489.80033276647504 422.63528465191143 226.0187421390164 -568.1606790408337 479.966352648235 394.88327425940076 197.3042777472082 -569.5905549385711 472.2521433606216 401.46302951632504 210.09503274800593 -533.5577206673412 480.29276760041836 436.10736225717466 194.7258336118727 -537.7796017586337 477.66277931210567 420.7072039436183 208.99858831903748 -583.9067130819535 505.530537496507 408.04679292665935 180.24032756393098 -551.4703821760237 487.7641599935011 375.9078508887288 188.41292216773024 -570.2088604326656 486.051174522073 425.04698200263414 219.41585883422684 -535.3086267704883 470.90001939032095 422.17228659606394 218.57195784906781 -548.2927122071915 485.84111947724705 382.94920322501804 206.3486963383017 -543.7700586468867 470.4748171144211 387.6152638677862 185.2382624933923 -531.9380159748398 486.6242615246763 404.3927445337539 205.9328703194508 -556.3048289602331 505.6387125078557 396.0935986748751 211.51066401441713 -547.524200989267 495.9092276240608 428.69764819561567 208.1258848604045 -526.5583345695326 484.8177747291068 418.06144381671805 198.91044744435487 -576.6769188241207 486.6961940119235 393.76449182395646 226.44262257399453 -558.575299233013 491.2757066402921 410.0299610996777 185.28875700138676 -559.8584865052455 495.3636859223839 378.76661136601376 193.60848013009564 -575.6464606927574 477.4222227715285 430.30451540846286 180.19711423627598 -558.043031002906 502.39465831569214 395.79600097442045 202.35734559564267 -565.6437667250889 498.373200410463 436.0129518548839 207.8599906436577 -570.6839890081181 498.9977408954392 422.75902848499555 191.64973122974445 -541.5870459227172 482.72459077753825 389.3333362559904 193.1521289773177 -549.3762922655108 491.73589789325797 434.21411122533635 203.35066780401547 -525.7773827030301 508.48463311920125 423.87046681020973 202.75759823299433 -573.0836231207461 489.6932280676902 399.49066672728407 186.51804367750069 -538.9689546080217 480.6743125689877 415.54581064928976 191.05766563650712 -561.9571285983438 510.9550327186377 417.44081360047403 233.12107214487105 -557.4237772601964 503.5987191739156 389.2882783465826 221.45440864491738 -564.3778705228459 474.43877394574855 416.3981042653443 183.8812817075187 -565.298600573083 473.22808478258287 393.25284907976095 204.3494524153173 -580.5305492602317 497.35124681964214 405.5351089779021 223.75655686045286 -551.8883894071423 490.8805497699913 381.23075068271805 216.39720129178505 -567.2467844474016
50.00488558979576 1.5541816916833733 0.6950511823979528 0.6950511823978899 0.6950511823979528 0.6950511823978899 2.865769440237332 1.3901023647959785 0.6950511823979528 0.6950511823978899 2.8657694402372207 1.3901023647959785 1.3901023647960398 1.3901023647959785 0.6950511823979528 0.6950511823978899 0.6950511823979528 1.9659016173813846 1.5541816916833409 4.170307094387731 1.5541816916834243 1.3901023647959785 0.6950511823979528 0.6950511823978899 1.3901023647960398 1.3901023647959785 0.6950511823979528 0.6950511823978899 0.0 1.9659016173813846 1.3901023647960398 0.9730716553572084 1.3901023647960398 2.8657694402372345 0.0 0.6950511823978899 0.6950511823979528 0.6950511823978899 1.5541816916834243 2.865769440237285 2.197944826770732 0.6950511823978899 1.5541816916833409 2.8657694402372345 1.3901023647960398 1.3901023647959785 0.6950511823979528 0.6950511823978899 0.6950511823979528 0.6950511823978899 2.8657694402372207 2.8657694402372345 1.3901023647960398 1.3901023647959785 2.197944826770732 0.6950511823978899 2.8657694402373113 1.5541816916833706 1.9659016173811812 0.0 0.6950511823979528 1.3901023647959785 1.3901023647960398 1.3901023647959785 0.6950511823979528 0.6950511823978899 1.3901023647960398 1.5541816916833706 1.3901023647960398 1.3901023647959785 0.6950511823979528 0.6950511823978899 2.8657694402373113 1.3901023647959785 1.3901023647960398 0.6950511823978899 1.5541816916834243 0.6950511823978899 4.170307094387707 1.3901023647959785 1.3901023647960398 1.3901023647959785 0.6950511823979528 0.6950511823978899 0.4865358276786564 0.0 1.3901023647960398 2.8657694402372345 1.3901023647959925 0.6950511823978899 1.3901023647960398 0.6950511823978899 2.8657694402373113 1.5541816916833706 0.6950511823979528 1.3901023647959785 1.3901023647960398 0.6950511823978899 1.3901023647960398 1.5541816916833706 1.3901023647960398 1.3901023647959785 0.6950511823979528 0.6950511823978899 1.3901023647960398 1.3901023647959785 0.6950511823979528 0.6950511823978899 0.6950511823979528 1.3901023647959785 4.170307094387707 1.3901023647959785 1.5541816916833409 1.3901023647959785 0.6950511823979528 0.6950511823978899 0.6950511823979528 0.6950511823978899 1.3901023647960398 1.3901023647959785 0.6950511823979528 0.6950511823978899 1.3901023647960398 1.3901023647959785 1.3901023647960398 1.3901023647959785 0.6950511823979528 0.6950511823978899 0.6950511823979528 0.0 2.8657694402372207 1.5541816916833733 1.3901023647960398 2.8657694402372345 0.0 0.6950511823978899 1.3901023647960398 2.865769440237285 1.3901023647959925 1.5541816916833733 0.6950511823979528 511.51625517943614 405.6535860660973 186.37206316909322 -554.2921497875398 506.20834416565225 431.2767881554869 223.0233543227687 -559.2495732327429 480.9172757629527 421.8339278715592 217.61915250110252 -562.5822191828364 498.7001364099554 395.8321456331748 222.52231915266248 -573.8644370363618 475.9044354935252 392.27638097382146 230.51282084140288 -556.5643126568553 474.4027451217253 422.887683663008 204.63996464003202 -550.2973639403406 497.1038950877071 410.052237822999 181.60901779094786 -536.5122025093818 484.3527670485585 430.05643629090747 209.27869336194848 -580.484719156989 489.18473250930475 383.9104263999022 194.82746600199158 -572.6947035451373 500.2615606875475 384.10585806093 214.07161782059015 -584.4022678840562 500.98821134620755 413.92033307199074 209.61212830780474 -554.062463707101 484.6605350997268 407.947679851254 195.4089180169964 -529.0956313316076 493.9701044018934 415.2566957490959 201.73906518802852 -531.9788582592695 478.23747993131417 397.68790984755117 221.92878014062555 -545.4015781669101 508.35312845670916 410.6502558901192 187.07560119835006 -547.9130147818579 498.7558536897769 371.3227654026205 197.51791510273515 -548.1756856463408 497.6572328204325 379.4070825064945 229.05313180076988 -549.015501742011 483.484653501459 397.3878498389191 215.7477284421264 -544.7733970394343 480.3143936426789 383.6381557207744 225.5713314488305 -541.9248988438562 501.4871454951827 376.86834189349275 203.65576607608594 -562.3646857984263 488.1874150283821 410.97533373957947 190.64834000293615 -578.5856371221644 469.117917490468 412.10024633177534 191.58322403682857 -535.50406719369 503.5719282560753 398.98270681566623 217.43282073951315 -555.7670412075149 502.16639720497557 428.5026824823731 213.46876218735588 -576.3174444603585 495.17236365633534 393.37152312728534 218.7958582132256 -578.636578452613 473.4731661460774 405.8973505497108 212.64035624741945 -561.464542523001 477.5301482374857 407.9175891384619 208.6428354988328 -566.3527808259972 469.74425561462 394.0480063903546 180.17705198823816 -542.8058324266141 496.834802166144 387.5882777429525 198.64337902837613 -565.2081199684678 511.86871760576605 398.02804178888516 215.6692605498533 -533.5421001365737 508.13205321542625 399.34086476015085 202.74942913884604 -555.8125493048907 481.01075336753655 404.15041104324877 201.1290271698771 -542.2347396503727 503.61554360704105 420.2057641653447 211.05991671323252 -542.3559428012051 491.8490264896564 389.91793122951515 193.01107652432646 -558.0782762796084 493.7383248925735 383.26823018327235 198.6162260252245 -558.1746067963925 494.1597479180736 400.736907927358 196.1983121956657 -587.1949866960632 469.89688762642936 404.5444845318361 212.96076925692458 -569.6687691355172 490.6595324517189 419.5692072197299 227.01629573444058 -571.5396987082676 480.4613738982912 391.03432211731507 199.51253466637138 -572.8107194832885 472.9183502603658 398.39150030019056 211.10739396313883 -535.6416735764418 480.35818900785256 433.7914488311798 196.42790992346946 -539.9577898488009 477.54611150194603 417.9998531626715 210.21203173314166 -588.0394381233034 506.1858408283456 405.361249281524 180.2156481977498 -553.628826773246 488.44127046115113 372.4503361015952 190.46725983741337 -571.7866327341997 486.68467071810016 423.133409499497 220.77554553420984 -537.2238528104002 471.1802407190661 419.08985381202376 220.52218859121157 -551.4235774440785 486.70577094644375 379.69013300733684 207.19233068424575 -545.5066860711371 470.2196743582904 382.972533447891 186.25555958176145 -533.590279964496 486.8935792855157 401.6962973207128 207.62507488457516 -559.3463948892894 505.5656589693189 391.84230560993194 212.5180893563138 -550.0398428178121 495.5886634604959 426.3708312017151 209.13824607553735 -528.642287478633 485.2691817075401 415.756433958629 200.43392514029046 -579.3711592683271 486.9328010690458 392.2260013239129 228.13482713911893 -561.6168651620695 492.1240027576303 407.34986923849516 186.13732722056704 -561.1634250100515 495.2797288159414 374.9013038720697 195.2858770755112 -579.9830933801471 478.0884296712727 427.2329861923284 181.72059193221145 -560.7372714471121 501.941070990109 391.3408115560719 203.781652237275 -569.4594111852033 498.8028002530849 434.4799131387931 208.86248011231814 -573.6313197561077 498.65536959606294 421.20418263309324 192.66209244487732 -543.6709988318177 483.9915831695928 385.5061912497162 193.82210058083672 -551.1972831243556 492.3693940892851 432.3005387221993 204.54162763480966 -527.3452832580919 508.91423296182313 422.33742809411893 204.44486692488243 -576.556877969247 489.9625458285297 396.79421951424297 187.366613896681 -540.2738931128277 481.4898979826086 414.0236755011048 192.07002685164002 -564.0410815074445 511.5994324825706 415.14125552633783 234.97706770594795 -561.2443575935472 503.9334583421894 384.27591770754685 222.46183398681404 -566.893512351391 474.33300970349467 413.30476791339834 185.06236979184038 -567.7298789670336 472.79085280885835 388.21868130491373 205.35194188397767 -583.4778800082212 498.0174537193866 402.4635797617676 225.4536972988134 -554.4982664167541 491.3864745879531 376.9958129696335 217.4889900682761 -569.9360890183717
60.00488558979576 1.5541816916833946 1.3901023647960398 0.695051182397885 1.965901617381341 1.3901023647960256 1.3901023647960398 0.6950511823979083 0.6950511823979528 1.5541816916835114 1.3901023647960398 0.6950511823979105 0.6950511823979528 1.3901023647959097 1.3901023647960398 0.6950511823979533 0.6950511823979528 1.5541816916834599 1.5541816916834243 1.3901023647959225 1.5541816916834243 1.3901023647958595 1.3901023647960398 0.6950511823979982 0.6950511823979528 1.3901023647960018 1.3901023647960398 0.6950511823980198 0.0 1.3901023647959705 1.3901023647960398 2.865769440237197 1.9659016173811812 1.390102364795927 2.8657694402373113 0.6950511823978743 0.6950511823979528 1.390102364795842 1.5541816916834243 1.3901023647959045 1.3901023647960398 1.3901023647959208 1.5541816916833409 1.3901023647959432 0.6950511823979528 1.5541816916834417 1.3901023647960398 0.6950511823979606 0.6950511823979528 2.8657694402372025 2.8657694402372207 0.6950511823979052 0.6950511823979528 1.3901023647958743 1.3901023647960398 0.6950511823978949 1.3901023647960398 0.6950511823980535 1.3901023647960398 1.965901617381383 0.6950511823979528 1.5541816916834204 1.3901023647960398 0.6950511823979563 0.6950511823979528 1.3901023647959303 1.3901023647960398 0.6950511823980607 0.6950511823979528 1.3901023647959945 2.8657694402372207 1.9659016173812895 0.0 2.865769440237281 1.3901023647960398 0.6950511823979937 1.3901023647959925 1.3901023647959436 2.8657694402372207 1.3901023647959092 0.6950511823979528 0.6950511823980621 0.0 1.3901023647959119 1.5541816916833409 2.8657694402372353 1.3901023647960398 2.197944826770746 0.6950511823979528 1.3901023647959618 1.3901023647960398 0.6950511823979899 1.9659016173811812 2.8657694402372 1.3901023647960398 1.965901617381345 1.3901023647960398 1.3901023647960165 1.3901023647960398 1.3901023647959387 1.9659016173811812 1.3901023647959132 1.3901023647960398 1.965901617381463 1.965901617381341 1.554181691683426 1.3901023647960398 0.6950511823979274 0.6950511823979528 2.865769440237226 1.3901023647960398 0.6950511823980275 0.0 2.865769440237364 1.3901023647960398 0.6950511823979925 0.6950511823979528 1.3901023647959128 1.3901023647960398 1.9659016173812471 0.6950511823979528 1.3901023647959072 1.3901023647960398 0.6950511823979812 1.965901617381341 2.8657694402372 1.3901023647960398 1.3901023647959945 1.3901023647960398 0.6950511823979643 1.3901023647959925 1.5541816916834825 2.8657694402372207 0.6950511823978903 0.0 2.8657694402373295 1.5541816916833409 0.6950511823979123 1.3901023647960398 2.8657694402373046 1.3901023647960398 511.5813708183252 403.3378195642711 187.72681399584 -556.6390647468961 506.2519587875555 429.73282698674666 224.04065141113782 -560.901837222399 481.5724699271117 419.14836437826983 219.14756607027434 -564.8447707075984 500.30828045395947 393.55906286680766 224.12522440995613 -577.1640291424374 475.41171710441546 389.1722090586686 232.0362985373384 -559.2585531010616 473.85646801573444 421.713343413402 204.9576748854647 -552.7187705878187 497.3727455478779 407.35576442170077 182.27405352123066 -538.7648822876712 483.8064789282537 428.8821402125716 210.98570554678153 -582.2312183277119 489.86399651292123 380.0666413540342 196.87193192520223 -575.1358536855603 500.9424480303407 380.2617115170722 215.9374851281395 -587.359470378518 500.689078197798 410.82155444919823 211.65659423101542 -556.5036138475241 485.31537499093406 405.2619957171842 195.73650000890157 -530.6536601401967 494.4103842740202 413.3377258117644 202.07158305316992 -533.1051981484142 478.30224162494727 395.37200689663666 223.45225783656105 -548.0958186111163 507.6460565596456 408.31253538024185 187.39824731701898 -549.9027325098915 498.18011829799076 367.9523376298776 198.53521219110422 -549.8279496359967 497.7463585254119 375.93033925980103 228.8498538189274 -551.6899986932722 483.54941338111485 395.0719660147927 216.76008965725924 -546.8573499485346 480.2143814343869 380.1586951553244 226.40509404830212 -544.5249041069957 501.3900441736275 373.00677026527217 204.48459280232134 -565.3963799810103 488.83160011942914 408.6756989334861 192.8615327953355 -581.3741127474372 469.2159342798913 408.62634976407764 193.11657347923662 -537.3349297990076 503.87187184762746 395.1280164512397 219.13983292434622 -557.513540378238 502.20997852918686 426.95872334394386 214.6449143984413 -579.1804117737536 495.4603677079868 389.9022801121107 219.9621386778386 -582.362923604897 473.33460262850105 403.962155980885 213.64284571607985 -564.4118732709904 477.595097896367 405.60168603166056 209.30293535587933 -569.0371495237309 469.6162215785588 391.7269171474188 181.87419242659877 -545.4157094362262 497.4961963394169 384.51722390213433 199.30841475865893 -567.4607997467572 512.3301534702955 395.3368298027532 216.33923215337234 -535.3630909954186 508.6041404916689 396.26387835949015 203.75191860750647 -558.7598800528802 481.461826254817 401.8451825566432 202.82123173500145 -545.276305579429 502.88709086838776 418.640030282272 211.8936793127041 -544.9559480643444 491.93280487574566 386.83015711826664 193.85471087027057 -559.814903703859 494.3987235590905 380.1948739663855 198.5915466590433 -560.3330513936147 494.43902983084956 397.65412441662716 198.07405124968744 -589.2888113516359 469.9998545314833 400.8776993136706 214.13692146801003 -572.5317364489123 490.7139897708289 417.6392999829009 227.84512246067592 -574.5713928908514 480.91113038239894 388.7286203232063 201.8895184547234 -576.3782095128561 473.16535845978035 396.4670818334373 211.43004008180776 -537.6313913044754 479.4477331348192 431.8342726648893 197.77772487697993 -542.7363937276015 477.7826175028102 416.46135411520294 212.44003214524975 -589.5328469902429 505.7039775924574 401.8712168166892 181.04941079722138 -556.2288320363854 488.71842059442014 368.3976847325159 191.9907375333489 -574.4808731784059 486.771829803366 420.04552297156266 221.79284262257897 -538.8761168000564 470.9032321556168 415.2191203418851 221.5345498063444 -553.5075303531789 487.00660285455075 375.4497311569865 208.1997560261424 -548.0223278996822 469.37148521176044 378.7002940326189 187.27285667013058 -535.2425439541521 487.36543829401865 398.6192707672039 208.9896974577944 -560.8299320097568 506.0155132490603 389.5380071415843 213.8777760562968 -551.955068857724 495.83611759033795 424.44636337260863 210.50286864875656 -530.1258245991003 485.15235310024804 413.0491443719086 202.4635834437924 -583.1073761670837 487.41402817118086 388.7622406505371 228.79986286940172 -563.8695449403589 492.4037782817247 404.2672796714655 187.83940353216386 -563.3416131002189 494.6142294764006 370.2465599436362 197.50400574114684 -582.3398800859758 478.5398193298393 424.9279572523719 182.55435453168297 -563.3372767102513 502.65351547046885 386.3395718480619 204.78414170593544 -572.4067419331928 498.66431147752064 432.54453899979734 209.53245171583717 -575.4523106149526 499.10669019193267 418.8991791203954 193.5057267908214 -545.4076262560682 484.43943380253893 383.2010244533082 194.14968257274188 -552.7553119329448 492.02699933079657 430.74569362762526 205.54905297670635 -529.860925086637 508.5500121268935 421.5545384528617 206.6481879708094 -580.208731433409 490.4443809825451 393.330871249772 188.70655710371906 -543.9158748305175 481.5334166562073 412.47971294264624 193.07251632030042 -566.9884122554339 511.27865533755437 412.8145552890033 235.96968542813588 -565.0550661804256 504.4501908032925 379.2696515522837 224.16391029841085 -569.0717004415584 474.19447433698434 411.36946532989737 186.76938197667337 -569.4763781377563 472.32895149102967 383.9565908777264 207.2972367528851 -587.0404341645525 499.42204426820064 400.57124352233063 227.15577361041022 -556.6764545069215 491.4779409278532 373.1342287112397 219.34992150258927 -573.3249804322782
70.00488558979576 1.554181691683556 0.6950511823979528 1.3901023647959458 1.3901023647960398 0.6950511823979354 1.3901023647960398 0.6950511823979115 1.3901023647960398 0.6950511823980596 1.3901023647960398 0.6950511823979384 0.6950511823979528 1.3901023647959077 0.6950511823979528 1.3901023647959827 2.8657694402372207 0.6950511823979869 1.3901023647960398 1.390102364795961 2.8657694402372207 1.3901023647959938 0.6950511823979528 1.390102364796029 0.6950511823979528 1.390102364796025 0.6950511823979528 1.39010236479602 1.3901023647960398 1.390102364795994 1.3901023647960398 0.4865358276786284 0.6950511823979528 1.3901023647958404 1.3901023647959925 1.3901023647959152 1.3901023647960398 0.6950511823980646 1.5541816916833409 1.3901023647958533 1.3901023647960398 0.6950511823979989 1.5541816916833409 1.9659016173813777 0.6950511823979528 1.3901023647958666 1.965901617381341 1.3901023647959545 1.3901023647960398 0.695051182398057 2.8657694402372207 0.6950511823980482 0.6950511823979528 1.3901023647958997 0.6950511823979528 1.3901023647959418 0.6950511823979528 2.865769440237243 0.6950511823979528 1.5541816916835203 1.3901023647960398 0.6950511823979969 1.3901023647960398 1.3901023647959134 0.6950511823979528 1.3901023647958934 0.6950511823979528 1.3901023647959847 1.3901023647960398 0.6950511823979814 1.3901023647960398 0.6950511823980307 1.5541816916833409 0.6950511823980651 1.3901023647960398 0.6950511823978895 0.0 1.390102364795974 1.3901023647960398 1.3901023647959736 1.3901023647960398 0.6950511823980724 2.8657694402372207 0.6950511823979061 0.0 1.5541816916835052 0.6950511823979528 1.5541816916834745 1.3901023647960398 1.3901023647958846 0.6950511823979528 1.3901023647960378 1.5541816916833409 1.3901023647960231 0.6950511823979528 1.9659016173812007 1.3901023647960398 1.5541816916834423 0.6950511823979528 1.5541816916833908 1.3901023647960398 0.6950511823978821 1.3901023647960398 0.6950511823979271 2.8657694402372207 0.6950511823979365 1.3901023647960398 0.6950511823980671 1.3901023647960398 2.8657694402373477 0.6950511823979528 1.3901023647958846 1.3901023647960398 1.3901023647959538 0.6950511823979528 2.7802047295918206 1.3901023647960398 1.3901023647959219 0.6950511823979528 1.3901023647959765 0.6950511823979528 1.3901023647959787 0.6950511823979528 1.390102364796021 2.8657694402373113 0.6950511823980435 1.3901023647960398 0.6950511823979023 2.865769440237332 0.0 1.5541816916834243 1.3901023647958892 0.6950511823979528 1.390102364796037 1.3901023647959925 1.5541816916834486 1.3901023647960398 1.3901023647960122 1.9659016173811812 1.3901023647958777 1.3901023647960398 512.0070990145894 401.80382285256957 189.08156482258673 -558.9859797062525 506.1121947490352 427.7974985669335 225.22667536869574 -562.9014266969051 482.3656718715674 418.39724948408747 220.1599272854072 -566.9287236166989 499.61868887570154 390.06689334659296 224.9589870094277 -579.7640344055766 474.8902807471076 386.84298673117684 233.03878800599878 -562.2058838490509 474.1024176150637 419.78852066850135 205.806245104645 -554.0237090926246 497.068334196238 404.25779355601867 182.60657138637205 -539.8912221768159 484.4600898531754 426.19633471656215 213.00549210381098 -586.8308130653572 489.5349187991744 377.35679031716876 198.22668275194897 -577.4827686449165 501.236089733548 375.343253466074 217.80335243568888 -590.3166728729799 500.5468294082265 408.88637260911986 212.66895544614832 -558.5875667566247 485.182161657747 402.94087071230643 196.41140748565684 -532.0429620795971 494.4932654434052 410.2495341795384 203.7736593647668 -535.2833862385818 478.1756294401916 392.6651296142136 224.97573553249654 -550.7900590553227 507.70660237756215 405.99566920103194 188.40567265891565 -552.4183743384366 498.4518613242496 362.936143670623 200.2372885027011 -552.0061377261643 497.8062554586492 372.8417722093003 229.5198254224464 -553.5109895521172 484.18486225084496 392.7700030624906 218.45723009561982 -549.4672269581465 479.66091043204125 378.98866786893177 227.59111800586 -546.5244935815017 501.08343806882834 368.55938109570354 205.31341952855672 -568.4280741635943 489.64455145516126 407.1520491129715 194.39981811097965 -582.7732864333096 468.67836161138564 407.0677051840349 193.78160920951944 -539.587609577297 503.3658912300315 392.02575816302925 220.32092100866788 -559.9448187721885 502.2525274184072 425.414788563411 215.64246799386544 -582.5594314411874 495.90877479519236 387.2081645944332 220.4485757924601 -585.1316557372252 473.0000826076123 402.0227284832714 215.16632341201537 -567.1061137151967 477.65573690199227 403.28618346911895 210.1416338285872 -571.205465867426 469.6747412426679 389.4113220183077 183.22894325334553 -547.7626243955825 497.97252122238024 380.2797060078851 200.32077597379183 -569.5447526558578 512.2225572208275 391.8582114013252 217.68411123364663 -538.5733837936639 508.4779324791712 393.5579611651538 205.4490590458671 -561.3697570624923 481.71449979295926 399.5339449611911 203.49120333852048 -547.0972964382739 503.1745466735255 415.17142073519176 213.4270287551121 -546.7868106696617 492.3872455761821 383.75029057155643 195.03579895459228 -562.2461820978098 494.6648097261919 376.7236447303657 199.9512333590263 -562.2482774335266 494.5070905324939 394.9525272074267 199.24526758753652 -592.5834675844751 469.6951262994039 397.77998165258964 214.97561994071788 -574.7000527926073 491.14209498830996 416.1061630634965 229.18506566771393 -578.2133746085409 480.78075537293387 386.02231557023697 202.88707205014757 -579.75722918029 473.24384787533484 393.37977062268504 212.1000116853268 -539.4523821633203 479.3087330917789 429.89878574608656 198.78515021887654 -545.2520355561463 477.4600667053325 414.13482259700453 214.20672839849595 -593.6114535006132 505.5984677097052 398.39305848605903 181.03460317751268 -557.5238987947188 489.3604696478818 364.54622869798976 193.01297049495426 -575.7014482486176 487.01756271575874 418.12093920414856 222.99367419984563 -539.5806395162292 470.5485579472246 414.0502267321754 222.88930063309112 -555.8544453125352 486.87267173872357 372.3567192430886 208.8795993761339 -548.9799409196381 469.0362114200566 376.3765250234852 188.29508963173595 -536.4631190243638 487.6259581415019 395.92138426222397 210.32964066483245 -564.4719137274466 506.08677469547007 386.44971292821134 215.57491649465743 -554.5649458673361 495.6966340368606 422.51116776026765 212.2000090871172 -532.7357016087124 485.21486509479877 410.7324768979518 204.14591626244425 -587.0123199350289 487.6622281311053 386.45083048318753 230.144741949676 -567.079837738604 492.46387217726317 401.95105572885655 188.83695712758802 -566.7206327676528 495.0594479294713 366.77850747624973 199.19621030627115 -585.3814460150321 478.6361772231921 421.453844004392 184.09263984732718 -564.736450396124 502.7125461374097 383.6374328116494 205.27057882055695 -575.175474065521 497.9243012342097 431.365029950946 210.19255157288373 -578.1366793126864 499.3309777495467 417.7464325683604 194.5180880059543 -547.4915791651688 484.3042687695548 380.4953259732315 195.16697966111101 -554.4075759226009 492.45610682836735 429.21232410849666 206.22396045346161 -531.2502270260375 509.36410267189797 420.03187509681777 208.33545666269742 -583.6819862819096 490.8591541378949 392.18179592140916 188.5131508683491 -545.7269939428899 481.2110120808473 410.1526688577603 194.4322030202834 -568.9036382953457 511.8883605959837 411.6721844199823 236.96723902356004 -568.4340858478595 504.50591767443217 376.56782225811054 224.8388177751661 -570.4610023809587 474.0537711182599 409.433848823398 188.28792379937255 -572.6023075014067 472.1987113456469 381.25009713319946 208.82071444882055 -589.7346746087586 499.8575743220606 398.65087357809136 227.81587346745673 -559.3608232046552 491.7194070641402 370.4358153838832 219.84623036368328 -575.2303347257175
80.00488558979576 0.6950511823978907 0.6950511823979528 1.3901023647960191 1.3901023647960398 1.9659016173812782 0.6950511823979528 1.3901023647960165 1.5541816916833409 1.5541816916833782 0.6950511823979528 0.6950511823980239 0.6950511823979528 2.8657694402373064 1.3901023647960398 0.6950511823980255 0.6950511823979528 2.8657694402373477 2.8657694402372207 1.9659016173814274 1.3901023647959925 2.8657694402372553 1.3901023647960398 0.0 1.3901023647960398 0.6950511823980612 0.6950511823979528 1.3901023647959925 2.8657694402373113 0.6950511823980343 0.6950511823979528 1.390102364795995 0.6950511823979528 2.0851535471939213 1.3901023647960398 0.695051182397889 0.6950511823979528 1.3901023647959545 1.5541816916833409 1.390102364795976 2.8657694402372207 0.6950511823980293 1.3901023647960398 1.5541816916835025 2.8657694402372207 0.6950511823980392 0.6950511823979528 1.390102364795951 1.3901023647960398 0.6950511823979579 1.965901617381341 1.3901023647959825 1.3901023647960398 0.6950511823979689 1.9659016173811812 1.3901023647959576 0.6950511823979528 1.3901023647959032 0.6950511823979528 0.0 0.6950511823979528 0.6950511823979723 1.3901023647960398 0.6950511823980435 0.6950511823979528 1.3901023647959305 1.3901023647960398 0.6950511823979743 0.6950511823979528 1.3901023647959352 1.3901023647960398 0.6950511823979323 2.8657694402373113 1.3901023647958957 1.9659016173811812 1.390102364795973 1.5541816916834243 0.6950511823980722 2.197944826770732 1.3901023647958786 1.3901023647960398 0.6950511823979056 0.6950511823979528 1.3901023647959985 4.170307094387707 1.3901023647958723 0.6950511823979528 2.865769440237346 1.3901023647960398 1.3901023647960395 1.5541816916834243 0.6950511823979377 1.9659016173811812 1.554181691683463 2.8657694402372207 1.5541816916836009 1.3901023647960398 0.6950511823978827 0.6950511823979528 1.554181691683543 2.865769440237332 0.6950511823980053 0.6950511823979528 1.39010236479602 0.6950511823979528 1.3901023647960165 1.3901023647960398 0.6950511823979983 0.6950511823979528 2.8657694402372043 1.3901023647960398 0.0 0.6950511823979528 1.3901023647960091 1.3901023647960398 1.3901023647959394 1.3901023647960398 1.3901023647959285 1.3901023647960398 0.6950511823979617 1.3901023647960398 0.6950511823979072 0.6950511823979528 1.3901023647958652 1.3901023647960398 0.6950511823979292 0.6950511823979528 1.3901023647959454 1.3901023647960398 1.3901023647960415 2.8657694402372207 1.3901023647959405 1.9659016173811812 1.390102364795887 1.5541816916833409 1.5541816916834212 4.170307094387707 0.6950511823980583 1.9659016173811812 1.3901023647959094 1.5541816916834243 511.27000569518253 400.2422981516175 190.0889901644834 -561.5016215347976 506.37447830726506 425.10029716819 226.38308408683616 -567.4911496880782 482.0372995149028 416.0711241641547 221.16241675406758 -569.8760543646882 499.4785162168168 387.3607253706273 225.7976854821355 -581.9323507492714 475.1452599340034 383.7581169585017 234.04621334789542 -564.7215256775959 474.16108840064027 417.47278488210304 206.99226906220292 -556.0232985671307 497.32125788211954 401.559308764977 183.61399672826872 -542.406864005361 483.3412872970624 424.6224890315501 214.25120012978203 -591.1625098795106 489.18488522315437 375.0340957576768 199.93369493678205 -579.2292678156396 500.7141778188371 371.8573014205262 218.80090603111302 -593.6956925404138 500.80040990529915 406.1888337653469 214.02864214613132 -560.5027927965366 485.4183169533979 401.01507742450644 197.25010595836466 -534.2112784232921 494.3633080204724 407.5426574078056 204.44363096828582 -537.1043770974267 478.39227373828004 391.5103709898092 225.7897546390231 -555.11681999624 507.7599868272141 403.67901976354415 189.07564426243468 -554.2393651972815 497.8485281092544 358.5188245089935 201.5821675829754 -555.2164305244096 497.0957315166195 368.8728246343222 230.77540519488997 -556.9793085273816 484.45004075405524 389.2991855185086 219.81198092236653 -551.8141419175026 479.3016131942189 377.4376416413153 226.70306080078987 -548.6730664322516 499.9830250764105 364.8771720214715 205.46733877803683 -570.0704664067778 489.88202567283463 405.2271928020966 196.61794677661524 -585.1300731391381 469.70654226676186 404.38794811428903 194.78903455141608 -542.103251405842 503.8072230227202 389.330552930238 220.62875950762808 -563.2296032585554 502.2720583394995 424.6430092416109 216.46635884686458 -586.0228145432158 495.3517866939776 386.03878796093403 221.4510652611205 -588.0789864852146 473.2618627190403 398.93815906762165 216.84865623066727 -571.011057483142 478.29649100902714 400.59676623743724 210.80173368563374 -573.8898345651597 470.1086618974111 387.1027701528751 183.90878660333703 -548.7202374155385 498.1987715281446 378.3525924921271 201.32326544245225 -572.4920834038473 511.70677775982426 388.75756701175413 218.87013519120458 -540.5729732681701 507.97033701625503 390.0722213218092 206.63014713018885 -563.8010354564432 482.33599374904304 397.6160500083618 204.85089003850342 -549.0125224781856 502.83521906793516 413.2320143621845 214.95050645104766 -549.481051113868 491.8574973581244 381.03729827930647 195.69589881163884 -564.9305507955436 494.1430998999003 373.2395253190686 200.97346632063167 -563.4688525037383 496.2769053244375 393.444076462491 201.63705899559713 -594.8558908557089 470.13195610504056 395.4717869827143 215.8093825401895 -577.3000580557467 491.2456476414667 411.85995915100204 229.835293778288 -581.7611211451635 481.19674261718745 384.48576300132044 204.85211041200003 -581.5930276588435 473.477422149837 391.4539102267036 212.4325295504682 -540.578722052465 480.3039331884455 428.7660675947842 199.79257556077317 -547.7676773846913 477.32388669444276 411.8145280612082 216.39178671344877 -598.8605559667197 505.45488105304065 396.0731078370259 182.05190026588176 -559.1761627843747 488.8042470313079 361.4508213415622 195.0574364181649 -578.1425983890406 487.8087146695395 417.36913156206464 223.4850471877034 -541.917682729113 470.78910864224844 412.1250921922702 223.87204660880647 -560.5285317383025 487.5073339562788 368.89162109615665 209.89196059126675 -551.0638938287385 469.85662387361947 373.68725447654253 189.64984045848271 -538.8100339837201 487.46500108157977 394.37251684748605 211.16340326430404 -567.0719189905859 505.76635785018715 382.9678299523145 216.58727770979033 -556.6488987764367 495.34987792317673 420.9576587213937 213.91195714518653 -534.050511859991 485.61908034716214 409.9699703064822 206.5229000507963 -590.5798099645966 487.8916252927264 384.52340647312093 231.84681826127283 -569.2580258287716 492.7174476103359 399.25367287752283 190.18677208109852 -569.4992366464535 494.71589357428076 363.68480261506255 201.41433897190686 -587.7382327208608 478.4824893542344 419.9049875192954 185.45726242054633 -566.2199875165911 502.396408492546 379.7695607779042 207.14631787457878 -577.269298721094 498.34990008208746 429.8305726193395 211.71109339558308 -581.2626086763373 499.0209106379158 414.6490922712543 195.17818786300086 -550.1759478629026 484.3323553331974 378.95100299914014 196.16946912977144 -557.3549066705905 492.2932533996712 428.0490985914855 207.0675947994057 -532.986854450288 509.05491772543354 416.9343394861729 209.6803357429717 -586.8922790801548 491.1075094906103 389.4832565320646 189.18805834510437 -547.1162958822903 481.10001660151846 406.67340615589103 196.29807032783282 -571.8608407898078 510.9864650755888 408.9468981157412 238.48578084625933 -571.5600152115102 504.9364455673234 373.8711674440541 226.17876098220407 -574.1029840986482 474.1266605312461 406.34530730928526 190.1488552336856 -575.9911989153128 472.43548374585447 378.9362915337251 211.35161748665254 -594.9445568815096 500.8641642788085 396.7409810284259 228.64470019369196 -562.3925173872389 491.17440603635856 368.1104937730892 221.03225432124114 -577.2299242002235
90.00488558979576 1.390102364795991 2.8657694402373113 0.695051182397947 1.3901023647960398 1.3901023647959099 2.197944826770732 1.3901023647958706 2.8657694402372207 0.6950511823980263 1.3901023647960398 0.6950511823980118 0.6950511823979528 1.3901023647959698 0.6950511823979528 1.3901023647960278 2.8657694402372207 2.8657694402373446 1.3901023647960398 1.3901023647959625 2.8657694402372207 0.6950511823980148 1.3901023647960398 0.6950511823979882 0.6950511823979528 0.6950511823978824 0.6950511823979528 0.6950511823978993 1.3901023647960398 1.390102364795878 1.3901023647960398 2.8657694402373535 0.6950511823979528 1.5541816916833628 0.0 1.390102364795887 1.3901023647960398 0.6950511823979373 1.3901023647960398 1.390102364795998 1.3901023647960398 1.3901023647959523 1.3901023647959925 1.3901023647960382 1.3901023647960398 0.6950511823979947 2.865769440237332 0.6950511823980347 1.3901023647960398 0.6950511823978935 1.5541816916834243 0.6950511823980318 1.3901023647959925 1.3901023647960085 0.6950511823979528 1.5541816916834859 1.3901023647960398 0.6950511823980235 1.3901023647960398 1.3901023647960424 0.6950511823979528 1.3901023647958581 0.6950511823979528 2.8657694402372784 0.6950511823979528 1.390102364796028 0.6950511823979528 1.554181691683411 0.6950511823979528 1.3901023647958766 0.6950511823979528 1.390102364795996 0.0 1.5541816916835258 0.6950511823979528 2.8657694402372753 2.8657694402372207 2.8657694402372416 2.8657694402373113 1.3901023647959414 1.3901023647960398 1.3901023647958803 1.5541816916834243 0.6950511823980333 2.8657694402372207 1.390102364796033 0.6950511823979528 1.5541816916835398 2.8657694402372207 0.6950511823980032 1.5541816916834243 0.6950511823978799 0.6950511823979528 2.8657694402372784 0.6950511823979528 2.865769440237313 1.3901023647960398 0.6950511823980413 1.3901023647960398 0.0 1.9659016173811812 1.3901023647958846 0.6950511823979528 1.3901023647960091 1.3901023647960398 0.6950511823979368 2.8657694402373113 0.6950511823979156 0.6950511823979528 1.3901023647958766 0.6950511823979528 1.3901023647959274 0.6950511823979528 1.390102364795977 0.6950511823979528 1.3901023647958424 1.3901023647960398 0.6950511823980287 1.3901023647960398 0.6950511823979916 0.6950511823979528 1.390102364795981 0.6950511823979528 1.3901023647959827 1.3901023647960398 0.6950511823978927 1.3901023647960398 0.6950511823978968 0.6950511823979528 2.8657694402372313 1.965901617381341 1.5541816916834856 2.8657694402372207 0.6950511823980206 1.5541816916833409 0.0 1.3901023647959925 1.3901023647958497 1.3901023647960398 1.3901023647960011 2.8657694402372207 510.51856418247723 399.0731141063954 189.89558392911331 -563.3127406471697 506.61258527267927 423.1749601916383 227.73289904034664 -570.269753566879 482.10089304252983 412.98259520117153 222.7702578845975 -572.7439575513196 499.30687528238076 385.42781230576674 227.14256456240972 -585.1426435475164 475.1702351122217 381.8312806762926 235.04870281655585 -567.6688564255854 474.7642304810998 416.32792847491396 208.34208401571345 -558.8019024459315 497.1861028777208 398.0797345492062 185.48479990905437 -544.9323775803786 483.61204000125804 421.1531542090115 216.1170674373314 -594.1197123739724 488.5927449186046 372.7145937742054 201.6357712483789 -581.4074559058071 499.9262344509995 369.54159155378443 221.18282569270127 -596.8314936505369 500.46005943862946 403.86614911592454 214.00396277995014 -562.6612373937589 485.6449876527002 399.0902131336788 198.95218226996153 -536.3894665134598 494.4215484435326 404.454880713809 205.45105631018248 -539.6200189259717 478.2262262085381 389.57683103244545 226.7873082344472 -558.4958396636738 506.82904316406876 401.7353593614275 189.90940686190626 -556.8393704604208 496.5894601647491 355.7387870971065 202.25213918649442 -557.0374213832545 496.870768200601 364.2469299134137 231.26677818274771 -559.3163517402653 484.66503312967757 387.37058136741905 221.8564468455772 -554.2552920579258 479.50595093005194 374.7401648388543 227.53188752702525 -551.7047606148357 499.92873253407055 360.64159384712826 207.00068822044486 -571.9013290120952 489.3531476762192 402.51504651840816 197.79409898770058 -587.993040452533 469.94399887567374 402.07519858342016 196.4861749897767 -544.7131284154541 502.86960238527877 387.38962048998445 221.3682869260328 -566.5193236181586 501.9381338817799 422.31789001861245 218.84827850845286 -589.158615653339 495.17746669210464 384.11041407928104 223.64945043381124 -592.162528868821 472.72813179301266 396.2274398240659 218.2083429306502 -572.9262835230536 478.1355911802255 398.6632559080218 211.99269351642786 -575.4577351202213 469.9587722498464 384.0094283499945 185.07506706795 -552.4465825678226 497.6244174661638 376.8118314815169 202.33069078434892 -575.0077252323924 510.575729428042 386.81449970858483 219.02405444068472 -542.2153655113538 507.23694762294036 386.9758985954309 207.64744421855798 -565.4532994460993 482.5727999234475 394.9172657406636 205.52086164202245 -550.8335133370305 502.69614897044823 410.5248259885501 216.47892002021942 -551.7436026386298 491.67115539135455 377.93957828595256 195.33870158031627 -565.9626555036212 494.70767467697397 371.69320701344697 201.64343792415067 -565.289843362583 496.3039144759985 391.1299921726411 203.6864607920439 -596.8653520766873 469.8095945200831 391.60457998093466 217.16906924017243 -579.2152840956586 491.30632422766377 408.7707002363125 231.51762659693986 -585.6660649131088 481.4060036452311 382.5559715730066 206.71304184631316 -584.9819190727501 473.3251066870852 388.74957338800243 213.09756528075098 -542.8314018307543 480.73470214874726 426.8445457941744 200.97859951833112 -549.7672668591975 477.7409665466213 410.27824204615797 218.6134612082655 -602.4176353035333 505.0933212352098 394.13466134102555 183.25273184314838 -559.8806855005474 489.872897947568 359.08409545889754 196.91836785247807 -581.531489802947 488.8174764562897 415.458497510583 223.8027574331361 -544.3390893765911 470.25131697641933 410.1824799371637 224.3584837234279 -563.2972638706306 487.48718517562895 365.4101255435903 210.90432180639965 -553.1478467378391 469.87294322595346 369.82093208962505 191.01446303170195 -540.2935711041875 487.8825355627642 392.4470886675423 212.8704154491371 -568.818418161309 505.781316333664 380.6509931780461 217.25231344007312 -558.901578554726 494.9797527450874 420.1773005829227 213.89714952547783 -535.3455786183245 486.23612629934996 408.05089573170034 208.22497636239316 -592.7579980547642 487.9221558844848 381.8190117009045 233.35548833749965 -573.2473330313114 492.5704990390347 396.54729417458003 192.05757526188412 -572.0247502214709 493.7017854845398 360.2285474711467 202.4267001870397 -589.8221856299612 478.5243381944388 417.97461177386685 186.65809399781293 -566.9245102327637 501.63515946965396 376.68350472047894 208.33234183213662 -579.2688881955997 497.59495919646065 429.04226041213417 214.0979489304076 -583.9667208670161 498.4502004248505 414.25127226780035 196.19548495137 -551.8282118525588 484.53081871388855 377.7901661637863 196.83944073329047 -559.1758975294354 492.14472000509033 426.11415982842294 207.56390366049968 -534.8922087437272 509.12688216041647 413.4598337894573 211.72480166618232 -589.3334292205777 491.1379692468935 387.1632617661107 190.54774504508734 -549.031521922202 481.3386632009644 404.3599864108872 197.3104315429657 -573.9447936989083 511.5995679875957 407.0273185681162 238.28250286441693 -574.2345121627716 504.1493646416963 370.4003456896327 227.87096554732835 -577.1445500277046 473.9724734980871 404.41193121263956 192.0196584144711 -578.51671249033 472.66236202469133 375.8483494853365 213.55987440581566 -598.164721426227 501.48202097613284 394.0479764021071 230.07887858179686 -565.3447840084646 491.1562422739155 366.57078429191216 222.3771334015154 -580.4402169984687
100.00488558979576 1.5541816916833617 1.3901023647959925 1.3901023647958972 2.8657694402373113 0.6950511823978929 1.3901023647960398 0.6950511823979989 1.3901023647960398 1.965901617381279 2.8657694402372207 1.3901023647958963 0.6950511823979528 1.3901023647959596 0.6950511823979528 1.3901023647959763 1.3901023647960398 0.6950511823979494 2.8657694402372207 1.3901023647959392 1.5541816916834243 1.3901023647959756 0.6950511823979528 1.390102364796025 0.6950511823979528 1.3901023647959776 0.6950511823979528 1.3901023647960016 1.5541816916834243 1.5541816916834366 2.8657694402372207 0.6950511823979011 0.6950511823979528 1.3901023647960065 1.3901023647960398 1.3901023647960407 1.3901023647960398 0.6950511823980362 1.3901023647960398 0.0 2.865769440237332 0.6950511823980104 1.5541816916833409 0.6950511823980453 0.6950511823979528 1.3901023647959863 0.6950511823979528 1.3901023647958917 1.3901023647960398 1.3901023647958566 1.3901023647960398 1.9659016173813517 1.3901023647960398 1.3901023647958397 1.3901023647959925 1.5541816916835027 0.6950511823979528 1.3901023647958688 0.6950511823979528 2.8657694402373175 1.3901023647960398 0.0 1.3901023647960398 1.3901023647959723 1.965901617381341 1.3901023647959123 0.6950511823979528 1.3901023647959827 1.3901023647960398 0.6950511823979643 1.3901023647960398 0.0 1.5541816916833409 0.6950511823979185 1.9659016173811812 0.0 1.965901617381341 1.3901023647959123 1.3901023647960398 1.3901023647959458 1.3901023647960398 1.3901023647960389 1.3901023647960398 0.6950511823978716 0.4865358276786564 1.3901023647959625 0.6950511823979528 2.8657694402371523 1.965901617381341 1.3901023647958954 0.6950511823979528 1.3901023647958919 1.3901023647960398 1.9659016173813701 2.8657694402372207 0.0 0.6950511823979528 1.3901023647959867 0.0 1.554181691683554 1.3901023647960398 1.3901023647960244 1.3901023647960398 0.6950511823978963 2.8657694402373113 1.3901023647959418 1.3901023647960398 0.6950511823978822 0.6950511823979528 1.3901023647958897 0.6950511823979528 1.3901023647958735 1.5541816916833409 1.965901617381383 2.865769440237332 1.3901023647959847 1.965901617381341 1.3901023647960398 0.6950511823979528 1.3901023647959716 0.6950511823979528 1.390102364795878 0.6950511823979528 1.3901023647959825 2.8657694402372207 0.6950511823980065 0.6950511823979528 0.6950511823980579 1.3901023647960398 1.5541816916835067 1.3901023647960398 1.5541816916834188 2.8657694402372207 0.6950511823979696 1.5541816916833409 0.695051182397948 1.5541816916833409 0.695051182398036 2.8657694402373113 1.3901023647958932 1.3901023647960398 510.33273162521937 396.3700273095052 190.2182300477822 -565.3024583752032 505.8519349048277 422.3904366835706 228.39299889739314 -572.9541222646128 482.6938811870282 411.83022618496636 223.678512172191 -576.381003395773 499.8719303458352 383.4887970480128 228.8397050007703 -587.7525205571283 476.29084402587 378.33672440533053 237.42075073167163 -571.6680353745975 474.3967520742596 414.78015102382517 209.35444523084635 -560.8858553550322 497.77059325075635 394.99392970421866 185.80251015448707 -547.3537842278566 483.6481897064467 418.837152203041 218.16153336054202 -596.5608625143955 488.33779230860813 370.78473966358183 202.64813246351176 -583.4914088149076 499.03782963375767 366.47736365505057 223.03388538054193 -601.0837629033322 500.46795844056226 401.551069692698 213.9842192870052 -564.3879930715368 485.2611580341751 397.5456702716537 199.63696149318926 -536.9153906139712 495.02261905953094 400.60081291658247 206.1062202939928 -542.73607654315 478.987905482187 388.02670625936895 228.14205906119392 -560.8427546230299 507.02768393706947 399.80658911959955 190.57444259218903 -559.09205023871 496.36188897984084 351.7211053798656 202.9171749167772 -559.2901011615438 495.77206635658234 361.19342380359535 232.62152900949445 -561.6632666996215 484.63965287695197 384.2828993203861 222.7099529379938 -555.1285416432875 479.6525570372553 372.8038197737677 227.84959777245794 -554.1261672623137 499.0200408621766 357.9764546483091 208.3505031739554 -574.679932890896 489.5623425110072 399.811297874142 199.1340421947385 -591.6350221702224 470.5394182165243 399.7609773168337 197.50347207814582 -546.3653924051101 503.43024469647634 385.0667289231039 222.03332265631553 -568.7720033964478 502.3575474090904 420.0092143543981 219.69191285439695 -590.8952430775895 494.74609384357746 381.02356296290895 224.65687577570787 -594.678170697366 473.30843904497556 393.90735834868264 218.86844278769672 -575.6106522207873 477.94881383169474 396.73207204608417 213.17378160074958 -577.889013514172 470.32237223785836 380.729565480933 185.571375929044 -554.351936861262 497.5858062796 375.2626358645492 202.66320864949031 -576.1340651215371 510.34077178024364 382.5660721517272 220.03641565581762 -544.2993184204544 507.0221426768159 384.2699957257663 208.65486956045464 -567.9689412746444 482.18518930237565 392.60065132612255 207.56532756523308 -553.2746634774534 503.6807527735514 408.60545751398325 216.46904827374695 -552.6069804775187 491.62096070285565 375.626756925871 195.3189580873713 -567.689411181399 493.65623291801023 368.6423514725229 202.6607350125198 -566.9421073522392 496.09764440019825 388.04411927236885 206.06838045363205 -600.0011531868101 470.1952539180084 388.51661982632413 218.08719527423838 -581.9889521012229 491.7257618143864 405.6887254628658 233.71107589639436 -590.1812962161597 481.37241893538135 379.8537606929336 208.0677926730599 -587.3288340321064 473.6920615495895 384.114055615431 214.79470571911162 -545.4412788403664 480.7593878045056 425.30073742823396 202.68067582992794 -551.945454949365 477.7701347209663 407.96145864432026 219.76080391874945 -604.7794486005138 505.4775128955862 392.5916409159855 184.27496480475375 -561.1012605707591 489.35578538853116 353.70014442391084 198.78423516002744 -584.4886922974089 488.6525586838622 413.52644554081434 224.988781390694 -546.3386788510971 470.47340788698097 407.86528320818337 226.39801377340225 -566.1701029304979 486.94109517499834 361.19282173402013 212.59159049828776 -556.6211015863399 470.00826488944693 367.50356069924925 192.03669599330732 -541.5141461743992 487.68249526269636 390.1311656536788 214.05150353345883 -571.2496965552597 504.38345679292064 377.9714890751196 218.6070642668199 -561.2484935140824 495.0130980587107 417.8608471021125 214.91444661384696 -536.9978426079806 486.06752224227847 406.1183981447601 209.22746583105354 -595.7053288027537 487.5081663337023 379.50897655621327 234.70036741777395 -576.4576258295567 492.57416841440096 394.9988452384724 193.2534709659145 -573.160961857088 492.91308529717026 356.0129809564559 204.1238406254003 -592.4320626395731 478.5489210816594 416.4308356016677 187.50172834375692 -568.6611376570139 500.96933879183814 373.2277490769219 209.33976717403326 -581.7845300241447 497.4467055458778 426.72428240557576 214.25680405312394 -585.1774241907551 497.90294364757654 411.54143927166876 197.56010752458923 -553.3117489730262 484.261181379992 374.3211731426008 197.16702272519564 -560.7339263380245 492.3828510890336 423.41473231483127 208.92359036048268 -536.8074347836391 508.7644526529297 411.13908998036834 212.89601800403156 -592.6280854534174 490.9303170010483 385.2340450519416 191.9173034915428 -550.083370123225 481.36893299229365 401.27215758466417 197.81661215053214 -574.9867701534586 510.46219780185646 403.9279919179711 239.18582127877417 -578.3032469266694 503.84093627061736 367.31627036335016 228.7890915813943 -579.9182180332688 474.1807365405484 402.4792475123523 193.88552572202042 -581.4739149847917 472.4374741288811 373.92281641618 214.91462523256232 -600.5116363855828 501.280289921966 391.34010704078275 232.2871355009601 -568.5649485531823 490.82367503009306 363.10996023506283 223.03723325856197 -583.1245856962025
110.00488558979576 1.9659016173813457 1.5541816916834243 1.3901023647959765 0.6950511823979528 1.3901023647958695 1.3901023647960398 1.9659016173814197 1.3901023647960398 0.6950511823980503 1.3901023647960398 1.3901023647958641 0.6950511823979528 1.3901023647958812 1.3901023647960398 0.6950511823979364 0.6950511823979528 1.3901023647958615 1.3901023647960398 1.9659016173814465 2.8657694402372207 0.6950511823978958 0.6950511823979528 1.3901023647960185 0.6950511823979528 1.3901023647959825 1.3901023647960398 0.6950511823980247 1.5541816916834243 2.8657694402372877 0.6950511823979528 1.3901023647958628 1.3901023647960398 1.3901023647959425 1.3901023647960398 1.3901023647960085 0.6950511823979528 1.3901023647958695 1.5541816916833409 1.390102364795845 1.3901023647960398 0.6950511823979336 1.9659016173811812 1.5541816916835487 0.6950511823979528 1.5541816916834585 1.3901023647960398 0.6950511823979798 0.6950511823979528 1.554181691683505 1.3901023647960398 0.695051182397949 2.8657694402372207 0.6950511823979191 0.6950511823979528 1.3901023647960309 0.6950511823979528 1.3901023647959185 1.3901023647960398 1.3901023647958581 1.3901023647960398 0.6950511823979978 0.6950511823979528 1.390102364795886 0.6950511823979528 1.3901023647958815 2.865769440237332 0.6950511823979405 1.3901023647960398 0.6950511823980376 0.6950511823979528 1.3901023647959216 1.5541816916833409 1.5541816916833566 1.5541816916834243 0.6950511823980734 2.8657694402372207 0.6950511823979749 1.9659016173811812 1.3901023647958937 1.3901023647960398 0.6950511823979273 0.6950511823979528 1.3901023647958994 0.9730716553570393 1.3901023647959463 1.3901023647960398 1.3901023647958517 1.3901023647960398 0.6950511823980163 1.3901023647959925 0.0 0.6950511823979528 2.8657694402373517 1.3901023647960398 0.0 1.3901023647960398 1.390102364795997 1.3901023647960398 1.9659016173813542 1.3901023647960398 0.6950511823979347 0.6950511823979528 1.3901023647958497 1.3901023647960398 1.3901023647960187 1.3901023647960398 0.695051182398038 4.170307094387707 1.3901023647959032 0.6950511823979528 1.3901023647959436 1.5541816916833409 2.197944826770638 1.9659016173811812 1.3901023647958985 0.6950511823979528 1.3901023647959765 1.3901023647960398 1.9659016173812935 1.3901023647960398 0.695051182398041 0.6950511823979528 0.6950511823978842 0.6950511823979528 1.390102364795868 1.3901023647960398 0.6950511823978728 1.3901023647960398 0.6950511823979573 0.0 1.5541816916834152 0.6950511823979528 1.3901023647959048 1.3901023647960398 0.6950511823980212 1.5541816916833409 0.6950511823980194 0.0 1.3901023647960034 0.6950511823979528 510.1024833045059 394.4375369170534 191.9104346129065 -568.3440243042594 505.66807596872746 420.074595523067 229.40042423928975 -575.4697640931579 482.8747652845234 409.9019929106898 225.37071673731538 -579.4225693248294 499.3641970526962 380.42881409150095 229.66853172700567 -590.7842147397122 476.5834825911913 375.99989633091695 237.7335251038681 -574.52113094152 474.38191392226963 411.6900608292846 210.02441683436538 -562.706846213877 497.50804818669917 391.9103780641451 186.47741763124233 -548.743086167257 484.03687071854665 417.2934273758635 219.86360967213878 -598.7390506045629 487.1914952300381 368.1514496210185 205.03005212510007 -586.6272099250309 497.7576927944039 362.3192382727302 224.72115407243 -604.5570177518329 500.640196815646 400.3914742809162 215.34390598698815 -566.3032191114485 485.2275876777085 396.00464784058363 200.31186896994453 -538.3046925533716 495.3719469688339 398.27602441928957 207.12351738236194 -544.3883405328062 478.1923227520675 387.2749458025969 228.29104243743777 -562.9168357856578 506.19170848548123 396.3419411400877 191.5818679340857 -561.6076920672551 495.60615550218694 347.64637201624583 204.61925122837408 -561.4682892517114 494.79563734931753 358.5559003879905 232.93923925492714 -564.0846733470996 484.1705876938574 381.9758074540815 223.37992454151282 -556.9495325021323 479.2705369287503 369.343032159091 228.5146335027407 -556.378847040603 497.79082751152146 354.98402285208965 209.5315912582771 -577.1112112848467 489.33251217760477 397.1065789000608 200.4838571482489 -594.4136260490227 470.8992496016022 397.8210322873238 198.69936778217618 -547.5016040407272 503.4821497977113 381.59423320868314 223.72552722143993 -571.8135693255043 501.591710041353 417.6965574410618 220.70920994276608 -592.5475070672456 493.6333028334471 377.59594206176786 225.66430111760454 -597.1938125259111 473.4544857036738 391.9728540000705 220.4017922301047 -577.4415148261045 478.1055585022632 394.7900307893259 214.53346830073258 -579.8042395540839 470.59085232471904 377.6256593342455 186.59360889064936 -555.5725119314736 496.72870623708843 373.7585196788826 204.36528496108713 -578.3122532117045 510.7302108225927 377.53377454338647 221.22243961337557 -546.2989078949606 507.6953211741622 381.54315687163535 209.67216664882378 -569.6212052643006 482.33137014395214 390.6672663958954 208.57275290712974 -555.7903053059985 503.66388292905003 406.28614934621066 217.13408400402975 -554.8596602558081 490.8604571848481 372.1906120810228 197.19469714139316 -569.783235836972 493.89135827327937 366.2980070698421 203.68296797412518 -568.1626824224509 496.0038694833181 384.9546266334659 207.7655208919925 -602.6110301964218 470.70601757483234 385.79955496843763 219.6156088434102 -584.2515036259849 491.51565990617564 403.7633261266475 234.36623988020466 -593.2973538333379 480.85985679870896 376.7792444601812 209.58139862252293 -590.8864523152016 474.01953704332897 382.1757900941471 215.11735183778055 -547.4309965684 481.5399730375679 423.7628557717691 203.01319369506933 -553.0717948385096 477.36687491498594 406.41894429722544 221.46642605952727 -608.1579293216661 505.5622995457671 388.7281317444881 185.28732601988665 -563.1852134798597 489.65891568290704 350.9463324385657 200.81882933676562 -587.7932202767208 488.64884593424017 411.9834782617253 225.83241573663804 -548.0753062753475 470.6608788290474 405.9362921110507 227.40543911529886 -568.685744759043 486.53917004055376 358.512087808772 213.60395171342066 -558.7050544954405 469.8311440460386 364.4290561844166 193.74864405137666 -542.8289564256779 487.62681863905647 388.2063324907733 215.4062543602056 -573.596611514616 502.2917421078967 374.9842381219552 219.97662271327536 -562.3003417151053 495.2069355070644 415.155694183069 215.584418217366 -538.8188334668255 485.27746566660096 403.80963006964396 211.26699588102795 -598.5781678626212 487.1644287379654 376.0460194780465 234.1645715707901 -578.0057828916732 492.12039675299604 391.91677411922774 194.26089630781112 -575.6766036856329 492.9490962020911 352.1267486717741 205.4736555789108 -595.2106665183738 478.7385915986916 413.7254599867114 189.19393290888115 -571.70270358607 499.76662634898923 369.4366198557678 209.83114016189097 -584.1215732370283 497.27628538657916 422.86213398516674 215.96381623795702 -586.9239233614782 498.0875282294107 410.38206503253866 198.5675328664859 -555.8273908015713 483.927652210336 371.6287957707795 198.18431981356477 -562.3861903276807 492.0061261226962 421.86445870468776 208.8989109943015 -538.9658793808615 508.55457674996325 409.2134759026854 214.60303018886458 -594.3745846241402 490.823044220124 382.14394117932125 193.28686193799828 -551.135218324248 480.9750254979315 400.1140819980895 198.82403749242877 -577.5024119820035 509.2679481127864 401.6216758803612 239.31999703530937 -581.6723948476309 502.68863943926004 364.68251202743966 230.13890653490478 -582.6968219120695 474.5500109692225 400.9278490476428 195.42874691090086 -582.4413997512199 472.50130776967796 371.21166010186334 216.62163741739525 -602.2581355563055 501.2492183631044 390.19214883856375 233.1258339736679 -570.7332648968772 490.26306907352773 360.8250113536726 224.20844959641116 -586.419241929042
120.00488558979576 2.865769440237176 1.3901023647960806 0.6950511823980053 1.5541816916835216 0.6950511823979102 0.6950511823978944 1.390102364796031 1.3901023647959534 0.6950511823978904 1.9659016173813078 1.3901023647958841 0.6950511823978704 1.3901023647960244 1.3901023647960533 0.6950511823979744 1.5541816916835436 1.3901023647959994 1.390102364795792 1.2530213386038587 1.5541816916835627 0.6950511823980543 0.6950511823979145 1.390102364795959 0.6950511823980258 0.6950511823979705 0.6950511823980087 0.6950511823979151 0.0 1.3901023647959745 1.390102364795929 0.4865358276786007 1.3901023647960884 1.554181691683399 1.3901023647959494 1.3901023647959494 0.6950511823979293 1.3901023647960367 2.865769440237437 0.0 0.6950511823979709 1.3901023647960316 1.554181691683538 1.3901023647959052 1.3901023647960467 0.6950511823980579 0.6950511823980945 1.390102364795875 1.3901023647958188 1.390102364795955 0.6950511823979207 2.8657694402372753 0.6950511823980592 2.865769440237341 1.3901023647958826 1.3901023647959105 0.6950511823979638 1.554181691683498 0.6950511823978937 1.3901023647959998 1.3901023647958066 0.6950511823980312 0.6950511823978895 1.3901023647959274 1.3901023647958297 0.6950511823978883 0.6950511823979519 1.390102364795999 0.6950511823979685 1.390102364795898 1.3901023647961022 0.6950511823979112 0.0 1.5541816916833788 1.3901023647958504 0.6950511823979237 1.554181691683597 0.6950511823979462 0.6950511823979404 1.3901023647959387 1.39010236479604 0.6950511823979938 0.6950511823980331 1.390102364795908 4.170307094387879 1.390102364795996 1.39010236479587 0.0 0.6950511823979513 1.3901023647960145 1.5541816916835558 1.3901023647959678 1.390102364795778 0.0 0.6950511823979681 0.0 0.6950511823978911 1.39010236479604 1.390102364796121 0.6950511823980601 1.3901023647959445 0.6950511823979654 0.6950511823980152 1.3901023647959947 1.3901023647957758 0.6950511823980432 0.6950511823980401 1.3901023647958841 0.6950511823980742 1.3901023647959014 1.3901023647959134 0.6950511823979081 0.0 2.8657694402373046 1.3901023647960595 0.695051182397981 1.3901023647959174 1.3901023647959507 0.6950511823978701 1.3901023647959492 1.3901023647957949 0.6950511823978712 0.695051182398091 1.390102364795937 0.6950511823980419 1.3901023647959707 0.6950511823979514 0.6950511823979165 0.0 1.3901023647958464 2.865769440237171 1.965901617381291 2.865769440237398 0.6950511823978837 0.0 0.6950511823980642 1.554181691683553 0.6950511823979566 0.0 2.8657694402373854 1.390102364796103 510.37570376145754 392.10427432153676 192.74500782962704 -570.9437399570733 506.4318581482601 419.29114863630025 230.22686335440156 -579.362008522762 482.24275962998104 407.9870743306723 226.72490777933598 -582.1985277504117 499.64411468067715 378.85792660011185 230.86203303267953 -594.0655518667321 476.5808132524183 373.28808441990867 238.74954460612972 -576.6026702806256 474.30203749827837 408.9917236768171 211.0371733529726 -564.7906846676434 497.1953790849262 389.6046225360547 186.80505372747604 -550.3011045368121 483.99493292755204 414.979015849872 222.01199346683438 -601.3353150849448 486.92178175623917 365.06975888659815 206.5546250036029 -589.75056083368 496.66942457803816 359.02946216286637 226.30362931928053 -607.6451748271755 500.5758422082726 398.84929993208834 216.3570380319891 -568.3864373467079 485.8545564514177 393.08404957348625 200.97691977621983 -540.557389391242 495.3367430285832 397.5117599729283 208.14086788473787 -546.0405950054751 478.82635473377337 384.916578248957 228.78291383312416 -565.2538534304836 505.65575143587023 393.27396441124733 192.08816081436393 -562.6495247292975 495.4091417723459 343.31765157271695 205.97461534679 -563.814906916461 493.7287795800643 353.61711790944327 233.42222460058983 -567.2854998937597 483.64131557197334 379.6853453552525 224.7446949467072 -558.4326935115798 478.855273170208 366.6656582928679 229.1854881200882 -558.199798452727 497.74235925581394 350.71852286921705 209.86926912203072 -577.8049241692129 489.77389878241314 393.99679672546966 203.5766127946929 -596.3401891224387 471.1205421451473 393.95040156283875 200.41138024289643 -548.8163519494278 503.14268198020176 379.29748009041543 223.71205552822497 -573.1093116121818 501.16945634046857 416.1565726366567 222.0749231947503 -594.8863979880655 493.4607349518876 375.28269599112014 227.04467583273066 -598.2350414335975 473.4266323762949 387.7215943651863 221.5815896702098 -580.3035735135838 477.95051464757563 391.7025146573904 216.05768814445577 -582.9270998431108 470.99320260407325 374.89219984624316 186.74756942396104 -557.2149366996981 496.0661191621178 370.3237873021552 205.55328087208997 -580.3116360529482 510.1196714612801 374.47409600490806 221.89252168977387 -548.1198350064229 507.3465382174832 379.2378193504558 211.03205402674539 -571.5353226910308 482.5890138292976 388.33610442180765 209.58531504793663 -557.8741110059557 503.6116172524717 404.73886500253946 218.1563808610183 -556.0800194136457 490.2896193628646 369.9072615703338 197.5179952107133 -571.7726115038353 493.835633816196 363.5897987377337 204.70110624009558 -569.8147063402005 495.0942655029217 382.69031551543645 208.4544927782643 -605.2903363485188 470.3346263491143 382.73226725139494 220.80362759461696 -586.6789983067644 491.06351850332015 401.8452437231533 235.39755264358215 -596.2328640808586 480.508393276518 374.48077570641317 211.63767773736163 -592.8902760527442 473.88255163692037 379.86735479697836 214.76024295563693 -548.4630993113269 481.1382162741514 422.22765291455835 204.7202237002303 -554.8181278753586 477.0965243247332 404.1124959021601 224.0666457682873 -612.1138528919009 506.3622924465408 385.9780580920202 186.9945293774019 -564.9315655567153 488.7574337273958 347.93593055171254 201.50021051408612 -588.750188991639 489.1998090299348 410.8136766405989 226.83040849670672 -551.4542896585347 471.56358245631327 403.98595987067876 228.91714424911183 -572.6736879985523 487.27620316343774 356.11362312296507 214.2744438309083 -560.5259645537826 470.39434833133265 362.0587340095903 195.11326532058405 -544.3124751794295 487.2970225081817 385.9068422099686 216.76264882463184 -575.9424655019542 502.4468235731439 371.87043067272725 220.9850776365607 -564.8157142792577 494.5770093239817 412.85554143462673 215.92682195635248 -539.0818206282512 485.5549761016031 400.71095095824404 213.67795810208483 -601.2628923095332 486.06207934731657 374.19224591717636 235.1725821487405 -580.9528199225487 492.72655048657293 388.790872503145 196.31148478749546 -577.6846778535004 492.0832293031014 347.5583963216992 208.5628345587208 -598.8549896868458 478.7098653178651 412.18153113463006 190.52963614684046 -575.7764262779583 499.0113443805666 365.136829210161 210.8522393270713 -585.7697872266881 497.25074308427827 421.31539800437696 216.28561074900009 -589.7767502212772 497.60983776438974 407.3059104112886 199.75357816031527 -557.826878787051 482.8503920603546 367.83798541990853 198.50239690707798 -564.8075585388845 491.98653136184623 420.3130870437625 210.0898883322245 -540.5337497799446 508.50665411400985 407.672103788343 216.48435943787598 -597.3259654273685 490.0914427511117 379.85984242150636 193.94707514940632 -553.81960312616 480.5304746127481 398.5873772281171 201.0482205862755 -579.42549906527 508.7661433868286 398.93336001130416 240.3196774409875 -585.9109307297553 502.3629111071639 361.2174754873935 232.0964760291634 -586.2544241998908 474.4276126681698 397.8424348456146 196.4429334660861 -584.5245459446149 472.67588442288314 368.49339182696554 219.37857673057096 -605.1939822062587 500.77932022432697 388.66908581843444 233.61063888988832 -573.9328165836823 490.7307553730086 357.67707937019685 225.74021886323683 -589.108533550557
130.00488558979578 0.0 0.695051182398004 1.3901023647960213 2.865769440237248 0.6950511823978878 1.3901023647958477 1.3901023647959765 1.3901023647959814 0.695051182398032 0.0 1.3901023647959965 1.554181691683366 0.6950511823979203 0.6950511823980499 1.3901023647959077 1.3901023647958928 0.6950511823980671 2.8657694402372034 1.3901023647958506 1.5541816916834603 0.6950511823979056 0.6950511823979213 1.390102364796024 1.3901023647959785 0.6950511823980291 0.6950511823980419 1.3901023647959008 1.3901023647959576 0.6950511823979789 0.6950511823979922 1.9659016173811998 1.390102364796044 1.390102364795954 0.6950511823979394 1.390102364795914 1.3901023647960016 0.6950511823979952 0.6950511823980879 2.865769440237248 1.3901023647960504 0.6950511823979678 1.3901023647960067 1.5541816916834832 1.3901023647958244 0.0 0.6950511823979582 1.3901023647960247 1.3901023647961244 0.6950511823979174 1.3901023647958313 1.3901023647960307 1.3901023647958757 0.6950511823980586 0.6950511823979694 2.8657694402373437 1.3901023647960729 1.9659016173812718 0.6950511823979291 2.8657694402372433 1.3901023647958277 1.5541816916835554 1.3901023647957516 1.3901023647959236 1.3901023647959045 0.6950511823979125 0.6950511823980181 2.865769440237168 1.3901023647957975 0.6950511823978851 0.6950511823980005 1.3901023647958979 1.9659016173813237 0.0 0.6950511823980176 1.3901023647959265 2.8657694402373117 0.0 1.3901023647958193 1.390102364795868 1.3901023647960877 1.3901023647959567 0.6950511823979411 1.3901023647958803 2.8657694402372877 0.6950511823979023 0.6950511823979926 1.554181691683552 2.8657694402374028 0.69505118239798 1.3901023647959245 1.5541816916834608 1.3901023647960555 1.3901023647958402 0.6950511823979342 2.865769440237289 1.3901023647958612 0.6950511823978929 0.6950511823980242 1.390102364796025 1.3901023647959356 0.6950511823978948 0.6950511823978515 0.6950511823979056 0.6950511823979904 0.6950511823979667 1.9659016173812496 2.865769440237348 2.8657694402373797 1.3901023647959616 1.3901023647957707 1.3901023647958983 1.5541816916833247 1.3901023647960107 0.6950511823980243 1.390102364795953 2.865769440237356 0.6950511823979839 0.6950511823979393 1.390102364795894 1.3901023647958195 0.6950511823979563 0.6950511823979868 1.3901023647958812 1.3901023647958295 0.6950511823980404 0.6950511823980632 1.3901023647960211 0.6950511823979937 1.3901023647959532 1.5541816916834148 0.0 0.6950511823980408 2.8657694402373908 1.5541816916834577 1.9659016173813826 1.3901023647958972 2.865769440237319 1.3901023647959048 1.554181691683457 1.9659016173813326 510.6330335197477 390.1480499845045 194.11916284212114 -571.9904491943261 506.9000271011268 416.56645261504013 231.43869881324662 -582.6430883541386 482.325820724266 406.04452904949477 228.44770147088832 -585.6546746337476 499.21350223582806 376.1826207509064 231.75176378773426 -596.6461860995861 476.26266790151993 369.82436538387964 239.6108858654282 -578.7615068480027 473.7950482609882 406.69952036976474 212.22190427277934 -567.6492452705286 497.10913732159366 388.44540998968205 188.16166230710962 -552.6466071109223 483.7438036301289 413.8314289598293 223.42309064950186 -604.08569544136 486.5367871212762 363.16653521522056 208.28516570535805 -591.9074543107911 496.05283187191566 355.01637498473093 228.1100702509498 -610.2012693975258 500.0403934376702 396.5626126710774 217.0345825040092 -570.2060115534097 485.3055129658916 390.80457018894487 201.46529363283437 -543.3252539098683 494.6284982666139 395.62169368601855 209.49385782853162 -548.817351998248 478.51450284974993 381.0722133749261 229.63480534185726 -567.4186339837142 505.630458495395 390.1759093320869 192.765835615671 -564.0376048334372 495.40584566605986 340.4522882832549 206.65848470795962 -564.7704965479694 492.9389850760403 349.8176447698063 234.96354076039543 -569.5403509042816 483.4792583924635 377.7601162214798 224.90326462059875 -560.0739278138071 478.5558283869753 363.59068482139423 230.20484197622926 -560.2791723923395 496.830684077174 347.7071272293875 210.8933474524525 -580.311344688804 490.6320888178492 392.3880128322375 205.131454341601 -597.2837966306132 470.43875064195515 389.7377590384099 201.42207071411966 -551.3303402233947 502.97344420275783 377.3774299662577 224.9138092934894 -574.2373380201002 501.0616214194342 413.83656926005847 223.1272621984461 -597.383706314613 493.43968209237676 372.958301069701 228.10898505503232 -600.7261582670876 473.4050052160732 385.0093681506798 222.7861934599547 -582.2926880416107 477.65066567702235 390.17340730966345 216.9213328852561 -584.6522063431916 470.6529710749696 371.04623783070804 187.75859007457672 -559.7294798337323 496.2294626554648 367.98054380828216 207.77920701610637 -584.3788563988649 509.15108771167604 370.2974401447628 222.05011964241427 -549.7615752097241 506.4379322886692 375.44053484444856 211.70650121332454 -573.7830904658815 482.35474200039596 385.25569252416165 210.94878724413854 -559.7872119196294 502.5358197284009 402.8687962235865 218.83007038655774 -557.9002512009074 489.98985666161934 366.83530303278263 199.2258742894014 -574.3752100877406 493.2186196990146 361.32387962153416 205.3797815032654 -571.633494735107 494.90135861731244 380.38082653081403 210.38704777150699 -608.2093870688165 470.11637669266514 380.0397299582841 221.49579874766974 -588.4924146938461 491.1357223089156 399.9095569922776 236.66029638150803 -599.9301673138923 479.75652421803557 372.6084358280847 212.68407744905755 -595.3924100047158 473.9657964969156 376.37290355664885 215.77637144401888 -550.5449463451699 481.226362369987 419.51967792810467 206.08725731696939 -556.2998535645671 476.7738703446663 401.81091546167823 225.666193117031 -614.542324887855 506.1119940031453 382.8997516036614 187.49394366040664 -566.8356288263559 489.1161264868066 345.95309386524065 203.74339511863812 -590.6506401616923 489.4816371185556 408.4802563878957 226.8110243817785 -553.6127451433944 471.17404813792774 400.52087558211304 229.94390258238786 -575.611648046235 486.95326457255953 353.03674299300883 216.32469030647346 -562.9620964655693 469.9648118959232 357.8337266339826 195.78440920501956 -546.1331116780888 486.9510327290624 384.00154252650776 217.09728015043513 -577.9313284583146 501.8428551410256 369.5993826051548 222.35980728012134 -566.2924422952374 494.0845678388193 410.5620501203743 215.9086396164247 -540.8087614704499 485.2529365414107 398.8002471925311 214.74450952277328 -604.1882540427953 486.23506174630995 371.8510596534798 236.03871344610118 -583.5443112042024 492.89956854999974 386.0648420575487 197.85076405327388 -580.3684404763515 492.0692639219941 342.1218609266373 209.61795456218124 -601.3505955236242 478.38020615948 409.49196881860126 192.7549187799824 -578.5574540812952 499.0125889581242 363.1961702695259 212.92265355628868 -588.1852594151015 496.619532467883 419.80015779751756 217.67655523546821 -592.103234967832 497.7356257652797 406.1412449381227 200.08265529272708 -559.3846034995812 482.7791124729244 365.1307192248107 198.83837064457566 -565.9323449523291 491.12100841581196 418.02892179886175 210.40926389517833 -542.9550787373411 508.763639895571 405.3395235454995 218.22715482763218 -599.041528942134 490.2831809287878 377.51819178639573 193.58691441173852 -555.2841468398657 479.82138693379596 396.69342368152905 202.41865931992507 -581.3315070904928 508.6152547255817 396.6223937456713 240.8504678059341 -589.1035554556521 501.38755627064256 357.43597740282235 233.8306938591829 -589.7013489895372 473.82764204597254 394.780058431686 198.6768252324527 -586.8640414598343 472.69422349181315 364.6144044722713 220.97710014639478 -607.8390502237608 500.4761769842149 384.8185768143925 234.81365031594282 -576.7848740769879 490.488950231711 355.37117197110825 226.78100988654774 -591.1756853660423
140.00488558979578 1.3901023647959825 1.5541816916835227 1.390102364795947 1.3901023647960047 0.6950511823980496 1.3901023647960669 0.6950511823979192 1.9659016173812576 1.3901023647959567 0.0 1.390102364795942 2.8657694402374636 0.6950511823979181 1.3901023647958115 0.695051182398025 1.5541816916835132 0.6950511823979457 1.3901023647959556 0.6950511823980053 1.3901023647959485 1.3901023647959014 1.3901023647959156 1.3901023647960171 0.6950511823979663 0.6950511823979627 1.390102364795937 1.965901617381295 1.3901023647960897 0.6950511823979204 0.6950511823979902 2.865769440237223 0.6950511823980237 1.390102364795897 0.0 1.3901023647959208 2.8657694402374014 0.6950511823978891 1.5541816916834936 0.695051182397918 0.6950511823979024 1.3901023647960342 0.0 1.5541816916835014 1.3901023647960657 1.3901023647959256 1.3901023647958024 0.6950511823978766 1.3901023647961068 0.695051182397961 1.5541816916835012 2.085153547193823 0.6950511823979661 1.3901023647959785 0.6950511823979176 1.5541816916834243 1.3901023647960586 0.6950511823980019 2.8657694402373273 1.9659016173813346 0.6950511823979741 1.3901023647958515 1.9659016173811636 1.3901023647958932 1.3901023647957638 0.6950511823980239 2.865769440237411 1.3901023647959596 0.695051182397929 1.390102364795871 0.6950511823979477 1.3901023647960016 1.5541816916834885 1.3901023647959005 2.8657694402371896 0.6950511823980671 0.0 1.390102364796025 0.6950511823980416 1.3901023647958626 0.6950511823980516 0.6950511823980148 0.6950511823979355 1.3901023647959556 0.48653582767852577 1.965901617381347 1.5541816916834392 1.3901023647958985 1.3901023647960629 1.3901023647958755 1.390102364795968 1.5541816916834612 1.3901023647960586 1.554181691683527 1.3901023647958586 1.3901023647958812 0.6950511823978806 0.6950511823980735 1.3901023647957884 0.6950511823979403 0.6950511823980094 1.390102364795988 0.6950511823980433 1.390102364795868 1.3901023647960113 0.6950511823978671 2.865769440237259 0.0 1.3901023647959674 1.554181691683468 0.6950511823978454 1.3901023647958966 1.390102364795792 1.390102364796014 1.3901023647959665 1.3901023647959085 1.3901023647959965 0.6950511823980534 1.3901023647959798 1.390102364795912 0.6950511823980213 1.3901023647958486 0.695051182397992 1.390102364795956 1.5541816916835878 0.695051182397894 1.3901023647960802 0.6950511823979839 0.6950511823979444 1.3901023647959119 1.5541816916834246 1.5541816916833826 1.3901023647957564 1.3901023647959958 1.5541816916833668 0.0 1.3901023647958406 1.3901023647959365 0.6950511823979928 2.8657694402373814 1.3901023647958513 509.7784231679163 387.12598863399495 195.8473675779183 -574.1475226251926 506.47932899543855 413.1102656415487 233.04626577827474 -585.725791991771 482.5923417155363 404.4815350819642 229.53675786069897 -589.0054509138955 497.9839217389496 373.5897422617465 233.17919375402516 -598.0653687684107 475.7062728037534 366.38510405792255 240.69290518538116 -581.6771538002932 474.0041910161083 404.3586710364829 213.09376773907118 -569.802487043474 496.73643927299776 386.5395759271323 188.49416690115595 -554.6351618420897 483.8076978839971 411.89346261793446 226.43358983454092 -605.9620107848806 485.6655990136734 360.544334722848 210.93606468249732 -595.3128230547537 495.97986094233255 352.6916703987189 230.33117242835425 -612.4757212469397 499.39479243286564 393.51876630322954 218.08149468430403 -572.2685372680162 484.5140921969297 388.5494142125665 202.49389219712467 -544.1095670942225 494.3618622669783 392.5443511660799 210.52052979165984 -550.8951484111944 477.82457262506864 378.03903359415756 230.86032883106884 -570.2623843820093 505.42064607627134 387.8696226462122 193.79823035444775 -565.68052105341 496.02235751683 335.04590912738126 207.17191383157524 -567.1045644466009 492.3411548663606 346.3887209944227 235.8467476379537 -572.1222685045183 482.82815869947126 375.1086664251945 225.94305049851147 -561.7140579694578 478.6878436469789 361.24518073085466 231.59156448486632 -563.9079969255757 496.2771530689888 344.6599769651181 211.94951391964753 -582.378249564663 490.4263083805762 390.0794448438761 206.222637681092 -600.2012433575292 471.0504595766342 385.80107727441214 201.92523471722242 -554.0951219379847 502.43228590724766 375.8754352720826 225.62042784017942 -575.6150874182463 501.2352366797649 410.7268622618673 224.7160928877427 -598.7197032497235 493.12397293988613 369.88393735531076 230.11541757660166 -603.5847652172996 473.78672772386693 380.89972580762327 223.49438806300986 -584.1008405665933 476.7526695477862 386.7634454255219 217.64322927019808 -586.4561919366458 471.0667041027889 367.5111164456904 188.60889212498662 -562.3241231422065 496.3664165170009 365.6345637734928 209.89260069423264 -587.6337961814495 508.40558195194126 366.88046525113344 222.90482463646822 -551.9258220980958 505.7433609169351 372.4058925146304 212.92920269845402 -576.1986463570004 481.677413383234 382.21808881831606 212.32387736356858 -562.5531619918384 502.4143003472749 401.3319644838351 219.8665074855331 -560.403306639731 489.6573321330339 363.76508583157477 200.44077369193332 -576.7905263072723 492.6190871392447 359.447385058952 206.0774479099054 -573.8772215835887 494.98439450315135 377.2676974739144 213.4182231457838 -610.9440663046032 470.7396159574909 376.4873354876547 222.93065874035238 -591.2295838781358 491.9443811752275 397.9052546146757 237.52194717005975 -603.8804773930237 479.324143579752 370.32306803476735 215.86790715382284 -598.5186525049481 474.4624051411433 373.60502825871566 216.80206883050732 -553.0541545593046 481.51686237886355 417.9503900831674 207.11274611549402 -558.3753750388361 476.7201879884657 398.71386982291114 227.33619914299894 -616.102172072907 506.6553381207965 380.5196958442053 190.24725279412868 -569.3481128135328 489.3745116403537 341.643462153764 205.51287710162467 -593.6499023964682 489.74901252223555 406.91813924687517 227.66918721923574 -556.6405909768214 471.9202669832522 397.7474727652757 230.84082160046 -578.6236805178239 486.35937710813846 349.6044339996383 217.3649373987859 -565.8956643988764 470.15820261382027 354.31356724795353 197.15962782772684 -546.748441993153 487.188339236584 382.42876043739574 218.67570919752757 -580.1604194676424 501.68310487851204 368.06332748154733 223.74317185047832 -568.1873878865215 494.13042685812655 408.6248540309935 216.58786242185272 -542.6241719877819 484.90096382094845 396.89095482763554 216.92720610271385 -607.3979814964272 485.8443329728127 369.9488430846111 238.00640628182964 -586.8754525453866 492.48671079665894 383.7760422976027 200.46779522967125 -584.2373251710588 492.7966154706688 338.5315027995012 211.41129101068069 -603.8966484782339 478.9792919657383 407.1263108203044 195.52229830310003 -580.1926795251181 498.8241199512918 359.7208759914835 214.87691569227079 -591.0874867459834 496.06781036559346 417.12975441471866 219.80996906044615 -594.9052723843594 497.7804942128247 404.20614525597756 201.4540125981234 -562.1522227210564 482.23130209391576 363.6380448079985 199.8713982862626 -568.0047762309281 491.18624407105864 416.08826775772695 211.95697697469802 -543.9170005837049 508.9695761677669 403.00248958439045 221.64487383725867 -603.3342814491524 490.4361977230495 377.1122622376151 193.92272949167193 -557.2708222848137 479.3668491353413 393.6334950643923 205.21215687086752 -585.5381398461799 509.03112584050575 394.6499101597441 242.1412692798499 -592.3550761790669 500.75500042681387 353.62179467262774 235.29988870751646 -592.8592228310503 473.97741413898274 392.05478656370144 200.61209603829175 -590.6476210565041 472.66926258992356 360.73181983298144 223.4690161289815 -609.5437672413517 500.55846539828724 383.6493179305136 235.70345186805494 -578.9283580600994 489.6067141817331 352.75074140168454 227.89952958613588 -594.5162685342337
150.00488558979578 1.5541816916834552 0.6950511823980049 1.3901023647960042 1.3901023647959942 1.3901023647958997 0.6950511823979401 1.3901023647958342 1.3901023647959914 0.6950511823980078 1.5541816916834725 0.6950511823980096 1.3901023647960242 0.6950511823979896 1.3901023647960051 0.6950511823979095 0.6950511823979194 0.6950511823978777 1.5541816916834885 0.6950511823979861 1.390102364795926 0.6950511823978841 1.39010236479577 1.3901023647959365 0.6950511823979494 1.5541816916834925 0.6950511823979872 1.55418169168351 1.3901023647960904 1.3901023647959725 0.6950511823979695 1.3901023647959077 0.6950511823979392 1.390102364795926 1.9659016173813397 1.3901023647958528 2.865769440237434 2.8657694402372598 0.6950511823980142 1.3901023647959283 0.6950511823980552 0.6950511823979922 1.5541816916833895 1.3901023647960078 1.3901023647958792 1.965901617381337 1.3901023647958992 0.6950511823979513 2.865769440237283 0.6950511823980697 1.3901023647960447 1.3901023647960191 1.39010236479602 0.6950511823979711 1.3901023647957893 1.3901023647958735 0.6950511823979797 1.39010236479588 2.1979448267708652 2.865769440237223 0.6950511823980489 1.5541816916834588 0.6950511823979654 1.3901023647958695 1.3901023647960271 1.3901023647959698 0.6950511823979423 1.3901023647959143 0.6950511823979807 1.3901023647960262 0.695051182397924 1.3901023647960329 1.5541816916834725 1.390102364795908 1.5541816916835887 0.6950511823979293 1.3901023647960074 1.3901023647959723 2.865769440237387 1.39010236479602 1.3901023647960893 0.6950511823979001 1.3901023647960309 0.6950511823980461 1.9659016173811739 0.6950511823979363 1.554181691683383 0.0 0.6950511823981055 1.3901023647959576 0.0 1.5541816916834403 0.695051182398079 1.5541816916834021 0.695051182398 2.865769440237275 0.6950511823979181 1.3901023647958761 1.3901023647959938 1.390102364795986 0.6950511823980812 1.3901023647958355 0.6950511823978545 1.3901023647960262 1.390102364795771 0.6950511823980603 1.3901023647958506 0.6950511823980164 1.3901023647961155 1.3901023647960442 1.390102364795955 0.6950511823980692 1.3901023647959054 0.6950511823978994 1.5541816916835967 0.6950511823979671 0.6950511823980243 0.6950511823980248 1.390102364795888 0.695051182397967 1.3901023647959394 1.3901023647960224 0.6950511823980396 1.3901023647959643 1.3901023647960005 1.3901023647960244 0.6950511823979109 1.3901023647958646 1.3901023647959985 1.3901023647959763 0.0 1.554181691683448 0.6950511823978701 1.3901023647960358 0.0 0.695051182397987 1.390102364795808 0.6950511823979032 1.3901023647958624 1.3901023647960147 1.3901023647960329 508.6593318817197 385.68670000287693 196.39205868043268 -576.0409314980659 506.02986983886717 412.37571872672873 234.68353971315807 -587.4621968741409 481.9890245143527 402.20890115565214 230.9832470827263 -590.4051559302643 497.81292400070265 372.05384746612674 234.7039050643437 -600.3047615856318 475.8903301412591 362.8647392169456 242.01932504904545 -584.4709924743134 473.1740882584579 401.721638307617 213.82445153838688 -572.037211604669 496.6506373147556 383.8308733998881 189.53450399839403 -556.2695508019175 484.2165445930583 409.92150889474624 228.19375746946628 -608.9519479791246 484.8563289419109 356.94660555156656 212.44316855085012 -598.0143421099109 496.32380359249004 350.70603682658503 231.0142484400653 -616.1425090905598 499.549514609919 391.17449085885795 220.05407455798473 -575.5888026793389 484.4322952151191 387.78056966390415 202.84002563509486 -546.0964343640528 494.3980918946667 389.05018677602965 211.90688909429971 -552.3537778186193 477.63663221297884 374.56226546813446 231.7825086434841 -572.4007006038607 504.5247162557604 384.8570223729033 194.85969555024496 -568.6071861840953 496.34410332110537 331.3489236151345 208.22591745478562 -568.3024225084563 492.1072409107858 344.4723463105904 236.77241809156638 -574.2556133428652 482.34001662185443 372.4422185873338 227.02979590674815 -564.1961869679664 478.6244391039871 357.36410508723776 231.62154193208724 -565.6435635787012 495.75686588238887 342.00049357871904 213.07080542776356 -585.2879874803335 490.04165209889743 388.1805900276389 208.72121828685565 -601.8951810924042 471.962289116298 383.3755153769635 203.14965360219958 -556.9377818578356 502.4990788136938 374.7014853767698 226.01270970945376 -577.153839926319 500.80804634387283 408.05418389063396 227.24233777264766 -601.9406353203648 491.8614708848422 367.3054154946505 232.5580527433607 -606.17027856795 473.56674629686586 377.04187605147825 225.30932335170226 -586.6304274979288 476.28095774314227 384.09614616766083 218.74620208574564 -588.0539911246792 471.2965920304378 364.3774771460963 189.649874916726 -563.9586299517543 496.8662615278182 363.24520902199214 212.00567538794374 -591.1029485275171 506.81715791036396 363.17425474015533 224.29886450622723 -553.3834331041401 504.8238243361428 369.401847321651 214.88176892380915 -578.6540581905355 481.0489398764758 379.95475208619996 213.73137801025996 -564.866090973731 502.26485034621066 399.79683989530815 220.92305901156087 -562.0317398060573 488.5783790681049 361.16791469000583 202.21227634228862 -578.9201510585023 492.05490755842897 357.9582314212931 206.44919434466829 -575.4267799289103 493.8810857122993 374.2790825069237 215.64757962693128 -613.2167392809175 470.55823777204006 373.0096004204692 223.6816760653083 -592.5745577248291 491.9500860181194 395.9687565300558 238.50606088517233 -607.3571268274655 478.6799077930292 368.06261948996934 217.81159080727616 -600.7499067309989 474.56872718109514 369.3186195046415 217.85124951784866 -554.6871568823557 481.00599731687703 416.44311663011655 208.51459038802753 -560.2611551128559 477.4149138154871 397.86987786953506 228.68137027412823 -620.9083646487362 506.25743604177495 378.6207782953113 191.12897005572006 -571.4918580515849 489.52543529202376 338.12348712692074 207.44800220648028 -594.7967501268201 489.3111717151267 404.2415612397629 229.07926055732025 -558.9586398808273 470.85191593319234 394.7494663700704 231.2551563690673 -580.5903846721328 486.1845374357996 344.95781883890544 218.4242985503505 -567.5213442568128 469.419752816407 349.7354254009883 198.19576264510297 -548.3903556722828 487.55783265351783 380.4477302240134 219.92826641649287 -581.6807954471021 501.1242410084693 366.5720859820675 225.14848048427768 -569.1952620977236 494.14530182946083 406.6840796681643 217.28192115707253 -544.0037124645976 484.5197506961687 394.9873243928116 219.37978175082714 -610.4346840241845 485.67375546767715 368.4130683510999 239.64424751628727 -588.6064160526857 491.96999092112094 380.7240760226471 202.28963774245005 -587.6390594806279 493.5208947366187 334.94053093874885 213.98279088572625 -606.4258267565273 478.1055521247744 406.0433000815349 196.95123372644628 -582.9283812381291 499.0827251306104 356.9688953386838 217.0754801925503 -593.8444765598763 496.5154269001088 415.5387483739929 221.8516894658164 -597.7439595641423 497.18207513627476 401.9384822123218 202.50869592834752 -564.2156542664056 482.437403320167 362.0593841297029 201.62606710415315 -570.14267647887 490.60701135126146 413.8094331341445 212.64984857769682 -546.161988429615 509.05323881447424 401.830201746155 222.81348431776874 -605.3328737985443 489.63286184665566 373.3150291385373 195.31597791806044 -559.5938065932504 479.751155042405 391.6538874861124 206.85140352282713 -588.1664601480727 508.952159069295 393.88188842476166 243.67745191975013 -595.0408810301445 499.8645524391979 349.45072119955216 236.76802251573895 -594.245565903981 473.78427707866246 390.135210730865 201.906040357728 -593.4655523412699 471.86309232635614 357.13157853452464 225.12038883485863 -613.0531238394531 500.3153761640638 381.3452398579113 236.47661978264574 -581.145091741592 489.4761184235767 350.04454805425775 229.06629158017444 -596.9571876835531
160.00488558979578 1.554181691683482 1.554181691683462 1.3901023647958888 0.6950511823979875 0.6950511823980338 0.6950511823980144 0.6950511823980242 1.3901023647959785 2.8657694402372624 1.554181691683426 1.3901023647959725 0.6950511823980563 1.3901023647959754 0.6950511823979852 1.39010236479602 1.3901023647959159 1.3901023647958546 1.3901023647958903 2.8657694402372966 1.5541816916835007 0.695051182398 0.6950511823979543 0.6950511823980504 1.3901023647959856 0.6950511823978992 1.3901023647957875 1.390102364796031 1.390102364795873 2.8657694402373237 0.6950511823978873 1.3901023647959077 0.6950511823980002 0.6950511823979064 1.3901023647958466 0.6950511823979423 2.8657694402372966 1.3901023647959811 1.5541816916833688 1.3901023647959414 0.6950511823979528 1.390102364795897 0.6950511823980842 1.9659016173813517 1.3901023647958386 2.865769440237216 1.3901023647958988 1.390102364795979 0.6950511823979371 0.6950511823979336 0.0 0.6950511823980056 1.3901023647957966 1.3901023647959356 2.8657694402373544 1.5541816916834454 0.6950511823979753 0.6950511823979834 0.6950511823979593 1.3901023647959798 1.3901023647957618 2.8657694402373117 1.3901023647960369 0.6950511823979142 0.6950511823980118 0.6950511823978687 0.6950511823978656 1.3901023647960142 2.8657694402373104 1.554181691683486 1.3901023647959552 1.3901023647958406 0.0 0.0 1.9659016173813606 1.3901023647958746 2.8657694402372846 2.865769440237353 1.554181691683514 1.3901023647959887 0.6950511823980334 1.3901023647958437 0.6950511823980162 0.6950511823979856 0.48653582767866316 1.5541816916834226 1.390102364795983 1.554181691683561 2.1979448267706685 0.6950511823979929 0.0 1.3901023647959028 1.3901023647957826 0.0 1.3901023647959216 2.865769440237264 0.6950511823978958 1.390102364796011 1.39010236479585 1.3901023647958664 0.6950511823980449 1.3901023647960264 0.69505118239792 0.6950511823979589 1.3901023647958621 1.3901023647959732 1.3901023647960067 1.3901023647959012 0.6950511823979653 1.554181691683428 0.6950511823978252 0.6950511823980046 1.3901023647960853 1.3901023647958763 2.8657694402372647 0.695051182397874 0.6950511823979505 0.6950511823979391 0.6950511823979033 0.6950511823980401 1.390102364795925 1.3901023647959003 1.3901023647960529 0.6950511823980104 1.9659016173813435 0.6950511823978857 0.6950511823978707 0.69505118239787 1.3901023647959612 1.5541816916834437 1.5541816916833138 1.5541816916834974 1.9659016173813406 1.3901023647958566 1.390102364795896 1.3901023647960227 1.3901023647958808 2.865769440237235 1.390102364795913 2.8657694402372624 1.3901023647960766 506.8688427322486 383.55597168839773 198.05194229999714 -578.6566655103876 505.64595302411703 410.4728060748281 235.88933857919443 -589.8884567843073 481.7464811326334 399.90329316411953 231.83283888933263 -592.5999520178462 498.01772025785203 370.47573497641457 236.28275564720946 -602.5102378628462 475.0509460002012 359.07601454354005 243.31123604219343 -588.1837131058583 472.39576160983347 399.8633874638168 214.7760283614761 -574.1647042896182 496.7760480212033 381.4864027924835 189.5644225176619 -557.9939359754347 483.4448786045425 408.057843033161 229.99389838774718 -611.4657389292154 484.62892652309904 353.4738235023966 213.99342740765744 -600.2391531981833 495.6587195375001 348.4532443635235 232.34129588663325 -618.5061174327419 499.53328937777087 389.2324055888612 220.66510734066586 -577.4614722270394 483.55636873812233 385.1594087681131 204.24848182184647 -547.9749573860844 494.1865625549906 387.1327640780861 212.29848063884077 -554.3272601313286 477.4712848723669 371.47117738202894 232.77944505327397 -574.9373025380334 502.93966241140663 381.1502281456177 196.6334866640139 -570.2894210027185 496.651656096588 327.53696899692085 208.9715818741318 -569.6613032797151 492.1573874841072 343.299209266501 237.94549413951754 -576.6898367187403 482.6335362922241 371.6303994640837 228.02163362555194 -567.1759164150284 478.1088181113329 354.703619676482 233.13650004272336 -568.7792359945033 495.52330953314873 338.52773820248245 214.19847295122625 -586.8647157994917 489.63494479051906 386.28236834351156 210.39824545149415 -603.5928438958758 471.423499658636 380.32769852942073 204.233676153654 -558.9834306856075 502.5230994213105 371.58767668768456 227.5580684375956 -579.8341445536598 500.7260358936081 405.34694319093927 228.84889669429555 -604.5845545287865 490.8234363102796 365.09589029731666 234.23858426240926 -607.4023945508488 474.02507921354794 374.26814841738434 226.81847555939717 -588.433631679223 476.5529173400619 381.34601334958035 219.75084207590942 -590.1524849861057 470.5030474657638 360.9714569519171 190.03520568489841 -565.9377206924286 496.29986710370986 361.7572815987128 213.50556489293155 -592.9121366592226 505.73722783181324 359.0258880182697 225.03482072311195 -554.7403421082091 504.79889655556894 365.9054862115664 215.71063132011273 -581.2930372058122 480.3427362465474 378.87054126317855 214.27028387848318 -565.4486723091088 501.5653730637341 398.7042436343233 221.683161159408 -563.8253924108544 488.4481617009165 358.46183926311704 203.36161875774332 -581.3718223007653 491.9742423036676 354.07839387898804 207.5724203083764 -577.4552462194292 493.9082898056028 371.16601364538144 217.76283585550567 -615.532546978592 470.3492464326324 369.53393280437723 224.99525354160227 -594.0380102294039 491.3177357355153 393.70739421662216 239.8100960638924 -609.7224058459312 478.8470521971762 364.54344526529724 219.24988197691295 -603.4920671772028 473.7786150680623 365.91189416284897 219.26907613154916 -556.1153434271814 481.4683765890442 415.23484425215906 208.90447000201675 -561.8037570430027 476.33296922289566 396.8220524865924 229.7616991335886 -622.6961096418075 506.31110868766194 375.6990509917556 192.74940364140096 -573.693023606708 490.72737568741667 335.2517135222263 209.0146200491275 -596.3330199170131 489.15640610157044 402.7046338402824 229.69364836318894 -561.6969637477741 471.17853867990885 392.38312346749944 233.0030991207026 -583.5939587093636 486.2850347281785 342.61124253807776 219.51145970402288 -568.6859873076803 469.9559000288157 346.1688758759822 199.24200522486714 -549.1507731153278 488.06230141005693 378.0578453640031 221.48520893233106 -584.7917610057538 500.46815798450655 364.31701400082 226.52890352068417 -572.8513224371095 493.6785127600528 404.01787288970047 217.98505170249152 -544.9364048978543 484.88842379493104 393.00549795418993 221.49360057275558 -612.7544761787968 485.5482007355547 365.7059925512234 241.54724916618844 -593.3136819482751 492.0034170764094 377.61061860868875 203.40648235095426 -589.2162575958739 493.5753704523987 330.65402174112944 215.5508710602361 -608.6370100050443 478.33165422589445 404.46938250983953 198.0993853391802 -585.3837437260665 498.80315752991976 354.669037963176 218.98925228868524 -596.3071509070511 495.4423962166997 414.48069238958254 223.59806145371158 -600.3038287965553 497.0231668149775 400.40332171432163 203.9604583744886 -566.9391908859938 482.35384609258006 359.73549072214973 202.417528228798 -573.2259227853725 490.1488634254234 411.13669594525885 213.7344706431976 -548.6473487275806 508.51226214839596 400.33432602975995 224.62800210711714 -608.2949378628032 489.02716689881953 371.44203792862453 196.3838352968888 -561.2073097252747 479.73319402248165 389.71334578371113 208.34116617672564 -589.9820395515402 507.9335862385539 391.6638535631135 246.3843975580145 -598.3696786106992 499.4889828020509 346.38442374376507 237.66972854504405 -596.8639091648196 473.67879643345924 387.4280430526466 203.93947129961055 -595.8464356297228 472.0205090198231 353.6112646466402 226.73413125840423 -615.2316779017206 499.78562918429463 376.7433355268775 238.00755021506154 -583.3773187170154 489.14734667283494 347.3617191444865 230.05981578997188 -598.6133880854032
170.00488558979578 0.6950511823979929 1.3901023647957913 1.3901023647960404 1.3901023647959259 1.3901023647958508 0.6950511823979991 0.6950511823979862 1.965901617381379 1.9659016173813855 1.5541816916833466 1.5541816916833995 0.6950511823978902 2.8657694402373717 0.6950511823979133 0.6950511823980277 0.6950511823979505 1.390102364795956 1.965901617381387 0.6950511823978812 0.0 0.6950511823979051 1.3901023647958628 1.3901023647959405 0.6950511823978918 1.3901023647958886 1.3901023647958715 0.0 0.6950511823980527 0.6950511823979733 1.3901023647959774 2.8657694402373877 2.8657694402372225 1.3901023647958644 1.9659016173813155 0.6950511823979661 0.6950511823980379 0.6950511823979479 1.3901023647959196 0.0 1.3901023647958666 1.39010236479585 1.3901023647959105 1.3901023647959403 0.6950511823980325 0.6950511823979343 1.390102364796014 1.3901023647958972 2.197944826770871 1.3901023647959847 1.390102364795843 1.3901023647959225 1.3901023647959532 1.39010236479593 0.6950511823979213 1.9659016173812822 0.6950511823979528 1.3901023647958726 2.8657694402374307 1.3901023647959143 1.3901023647958075 1.3901023647959956 0.6950511823979633 0.6950511823980644 1.3901023647958057 0.6950511823978749 0.6950511823978542 0.6950511823979386 0.6950511823979183 0.6950511823978915 1.3901023647957726 1.3901023647959703 1.5541816916835747 2.865769440237267 1.3901023647960709 1.3901023647958686 0.0 1.390102364795962 1.3901023647957957 1.3901023647959883 0.6950511823980705 0.6950511823980365 1.3901023647959438 1.3901023647958477 0.6950511823980754 1.390102364795848 0.6950511823980221 1.3901023647959045 1.9659016173813137 0.6950511823980441 1.3901023647957549 1.5541816916833853 1.3901023647958375 1.5541816916835085 0.6950511823979282 1.3901023647960369 0.6950511823980131 0.6950511823979623 1.3901023647958939 1.5541816916834286 1.3901023647959376 1.5541816916834572 0.6950511823978613 0.6950511823980028 0.6950511823979311 1.9659016173813737 0.6950511823978988 1.3901023647960193 1.3901023647958222 2.865769440237307 1.3901023647958093 0.69505118239791 1.3901023647958304 1.3901023647959942 1.3901023647958892 1.3901023647959458 1.9659016173813457 1.390102364795895 1.3901023647959363 1.3901023647960162 1.390102364795838 1.3901023647959967 0.6950511823980046 0.0 1.9659016173813781 0.0 1.3901023647960247 1.3901023647960402 1.3901023647959916 1.3901023647958646 1.9659016173814001 1.3901023647960224 1.9659016173813222 0.6950511823978996 1.5541816916834996 1.3901023647959059 1.3901023647961093 1.3901023647959658 0.6950511823980142 0.6950511823979076 0.0 506.68988651176136 382.0220995484923 199.02380273768026 -580.3253781391248 506.09740996405594 409.25982298168555 237.3224747023728 -592.1716559172231 481.3380879658348 398.00703182161135 233.87969343014325 -595.8742966123561 496.55180031045694 366.3735520108226 237.05480009662352 -604.7738662633278 475.68589835220496 354.71936390656447 244.6284096274577 -591.003927473424 472.7088242643203 397.49513384125123 215.1952434392156 -575.2703799157491 496.73927548171895 379.5478823387025 190.32158789641468 -559.7781986978077 483.19373465119895 405.7553437456647 232.2236964887979 -614.1623021228694 483.8688192435895 350.4548740980072 217.0627366500113 -603.3321766395586 495.0390039881098 346.5845877046212 233.13472865396594 -621.7082842475504 499.26562668739837 386.9312766540255 221.52135720606992 -579.6477918210835 482.90099995293747 382.90297936811453 204.9824302083377 -549.3299989908966 493.38476878180387 385.2821703203388 213.79047167568638 -556.592068569057 477.2011805932991 367.6142721504773 234.04253480604575 -577.7846125788225 502.9055542129966 379.2100904436219 198.07503904930448 -571.2521748077282 497.2293117567086 323.14184774968123 210.7995376149011 -571.2857770629889 491.96797026723726 340.2093193665688 239.71086841670197 -579.2211196949977 482.21223298983733 369.736597038522 228.88473769667957 -569.80882858962 479.0278035112805 351.08942857425404 234.54734394631544 -571.5377784881064 495.04455206917964 336.2521122510058 214.3763594326706 -589.0111948833279 489.2754023976078 383.21378192002646 211.7891647353369 -605.4486814236286 471.25129717518143 377.23813766135106 204.45740926227427 -560.1821562643611 502.6303068240034 369.24099398426046 228.79590986047876 -582.2436362331978 500.0465688873767 402.7035237924587 231.10715306972452 -607.0317078360358 490.59674373188926 361.62290839798004 236.51686684217154 -610.5282290602328 473.89414487651186 371.5616946018269 228.89537322823801 -590.326391246865 476.89960502712603 379.3609068551565 220.92635170587556 -591.6928726042902 470.3735764616697 356.7090910059148 190.09161908261962 -567.2351600243621 496.4530043662148 358.23759356634463 215.90196897077166 -596.4183250857986 504.5019789209516 355.28737389497496 225.48114911122852 -556.7086231665891 505.0017705571666 362.76879238079357 217.19757685019775 -582.6538206887807 480.45320541643713 376.5241950504339 215.41808967227365 -567.4599856208943 501.4550685290691 395.9971471648107 222.48530297266467 -565.596189794331 487.6430936055592 355.0586725220254 204.50164847971652 -582.9362703838103 492.40796958355867 352.85865931258303 208.71336564533334 -579.0224002047248 493.0111477504763 368.55133691525447 219.35002149991942 -617.2635517740009 470.8446389341525 365.5856073524068 226.25955399477965 -596.433697894064 491.28887027882183 391.7673318528173 241.81567482462057 -613.0253270472416 478.6661539188611 361.4537308866732 222.22620088804234 -607.0903698113196 473.98713607483523 361.21946703799085 220.0492178986984 -557.8882996827692 481.371866835007 412.52651793678655 210.02109801878527 -563.3926362869215 476.1314339882947 393.34695774615824 231.76256496387106 -626.9462732567139 506.5121559518229 374.11899398469944 193.51782262070844 -575.0424429823587 491.5599489096771 332.61728132132225 212.06378042812767 -599.4390512786385 488.2200884130649 401.25522842706596 229.9668774609647 -563.3215568852066 471.9154976692195 390.35344787099814 234.21797477516205 -585.565590413575 485.9041223869866 337.9881952670871 221.07096386835818 -571.3566525913815 469.72120246920684 342.69554354115957 199.8213565876037 -551.0313532171673 487.06715817621387 376.2313397680997 223.42356025509824 -587.2316654276322 500.14137208820637 361.633825528433 226.65690269418963 -574.5712049652504 493.2305819955559 401.7373824568752 218.7107846636067 -545.8632424609578 484.71308336471134 391.47069783661465 222.5574254849954 -612.978220713645 485.1238904927624 363.8134289420332 242.34261438988332 -596.0122611497598 491.3458317132731 375.3557468466286 205.5300996849994 -591.9892609062939 494.0838277550101 327.0850616085628 216.76180250667807 -610.1568959729593 478.309403424034 402.5279887502491 200.14032158004554 -587.3166849692083 498.66442487335485 351.96291540447606 221.00231974975193 -599.1437545165618 495.26193573426644 411.0043843009328 226.17446871804393 -602.5538436932358 496.37855179952686 398.14553883107584 205.46097272779627 -569.1958638032113 482.07201935085794 357.4356374030057 203.40750643478034 -575.3313732996453 489.7489192542697 409.2373846467584 213.4183268041642 -549.2710901367857 508.6805179430751 398.37191782304564 227.58208040887394 -611.441033344588 488.75101884858884 369.1424176760701 198.24821418156532 -564.1484713630344 478.9923789874728 386.68955219992387 210.647972297278 -592.6421329186436 507.4314865434078 389.0011202113793 248.01365235617294 -600.5313574667314 499.2978047643385 344.8505938250609 239.37953348203948 -599.8957444270385 474.08664593533183 384.269963088883 206.77784686033573 -598.6376311554571 471.9093299495438 349.5399381466188 227.85045718261267 -618.6588049828566 499.1376089289563 372.9320374527067 239.5260756395164 -585.836837662279 488.0972233755625 345.1573379720819 231.18203538887087 -601.1043352614007
180.00488558979578 1.3901023647958632 2.865769440237356 0.6950511823979442 1.3901023647958592 0.6950511823980382 2.865769440237242 1.3901023647959296 0.695051182397891 2.8657694402372833 1.5541816916835798 0.6950511823979978 1.3901023647960726 0.6950511823980251 0.6950511823980947 1.3901023647959054 0.6950511823978666 2.865769440237364 1.5541816916833406 0.69505118239786 0.6950511823979046 0.6950511823978992 0.6950511823980006 1.39010236479586 0.695051182398074 1.3901023647960016 1.3901023647959578 0.6950511823979345 2.865769440237194 0.6950511823978871 0.6950511823980762 0.48653582767858944 1.390102364796039 0.695051182398034 1.9659016173812596 1.390102364795952 1.390102364795868 1.9659016173812667 1.5541816916834215 0.0 1.3901023647960065 0.6950511823980207 1.3901023647960107 1.5541816916833644 0.6950511823978798 1.3901023647958919 1.3901023647959585 0.6950511823979699 1.3901023647959698 0.6950511823979988 1.390102364795948 2.8657694402373286 0.6950511823979357 2.8657694402371936 1.3901023647960955 1.3901023647959512 1.3901023647959905 0.695051182398081 0.6950511823980362 1.5541816916835136 1.3901023647958897 1.5541816916835296 0.6950511823980511 0.6950511823978751 1.390102364796121 0.6950511823980661 0.6950511823978885 0.69505118239802 1.9659016173813482 1.3901023647958701 1.390102364796 0.6950511823979052 1.5541816916834092 1.3901023647959003 1.965901617381313 1.3901023647959796 1.965901617381293 1.554181691683452 2.86576944023738 1.3901023647959465 1.3901023647960622 0.6950511823979514 0.6950511823980567 1.3901023647959825 0.6950511823980754 1.3901023647959607 1.390102364795805 1.3901023647960082 0.6950511823979213 0.6950511823979083 0.6950511823980338 1.5541816916835276 0.6950511823980224 1.3901023647959185 1.3901023647960298 1.3901023647958823 0.6950511823978907 1.3901023647959165 2.865769440237391 1.965901617381432 1.3901023647960347 0.6950511823979255 0.0 1.390102364795995 1.9659016173813797 1.390102364795913 1.3901023647959867 0.6950511823979841 1.3901023647958073 0.0 1.3901023647960404 1.3901023647959785 0.6950511823980134 1.390102364795996 1.3901023647957986 0.6950511823979758 1.3901023647960493 1.3901023647959037 1.3901023647959203 2.8657694402372336 0.6950511823979764 1.390102364795841 1.390102364796 1.3901023647959683 2.8657694402371563 0.6950511823979943 0.6950511823979911 1.3901023647959543 0.695051182398087 1.3901023647960344 1.5541816916835882 1.965901617381377 0.6950511823979832 1.9659016173813226 1.9659016173813717 1.3901023647959116 0.695051182397891 1.390102364795926 1.39010236479592 0.6950511823980076 1.3901023647958162 506.46420087920916 378.5491634810815 201.06825058907577 -581.7932679299588 505.3028681593767 407.40790416156517 238.64110493152708 -594.5362712445102 481.3037373266872 396.06664704423076 235.624049357455 -598.8864373046472 496.69866802512206 362.85430892362984 238.1269791143455 -606.3807974290332 475.77371032691434 350.8166922024668 246.9109446376821 -594.123118492674 473.7228798596577 396.20961692937175 217.14924890347538 -577.7028649559322 496.6987909495868 377.60767948635777 191.0638484216239 -560.6861455924851 482.77878976183456 403.8590871972682 235.02623716108278 -616.9297971053343 483.7526546092177 346.57589906617386 219.2382984440146 -605.6024079968225 494.82814133613687 343.49732908589573 235.5812632445216 -624.2435759276623 498.98946747632687 384.63048349175386 222.7535188719523 -581.6106961100965 482.7681656164181 380.1965899673029 205.8010449369233 -551.5299791343659 493.159558343025 381.80884733611214 214.98092589499862 -558.5818462652098 477.82678460431623 364.812060579678 235.0054461201936 -580.3758773095691 502.625876758499 376.90981194473943 198.36597569289088 -572.8736047324209 497.8337497645896 319.2681208414286 211.50336387723985 -573.5699372357806 491.51748136473657 338.32010409635944 240.30830429109582 -581.5840159251546 482.83936987315474 366.93576310129686 229.95160385822558 -571.8729423017857 478.779798862227 347.6192856564023 234.95921084394175 -574.017973101222 495.63946179080705 333.4446709501713 216.8937719769425 -591.5237340388113 489.0909297540235 381.68102527988924 213.91393796226123 -607.2864268415253 472.07413876256953 374.41525144956637 205.5755334092495 -561.3136811502085 502.01057768232215 365.81629476307967 230.41183960611133 -584.4201588909136 500.4877522818719 401.4868275606025 233.83627778744258 -610.0849432107443 490.0707562876128 358.9642737356093 238.99901412608722 -613.511605962876 473.8052136386117 367.68218894253147 230.5202990871727 -592.4930575107361 477.2915833570395 376.20098035272787 222.45670948171193 -593.6926905439261 471.3306013572473 353.47532214243535 191.59817060383952 -569.0350395509155 496.16488562516275 355.9388047155428 217.80186468047611 -597.9422464277703 502.8697889036554 353.1608734438325 225.41616041456595 -558.1010262780939 504.37873018301303 360.90177895132524 218.43784378659058 -584.616428355031 480.32237495970753 372.26039926247734 216.69012425982885 -570.2994986791246 501.3294292931316 393.2902700676693 223.32128166141 -567.3502938285594 487.2546356235122 351.9954510290542 206.09308120936106 -585.124880393754 492.1146075788207 350.56025940248804 209.85802428786985 -580.1333801604645 493.4447763343204 367.3312705717786 221.7122927955572 -619.3994641584297 471.52022852314633 361.61032640369217 227.85052506367518 -598.1580628390321 491.1610741665285 389.0605526021569 244.6978424235374 -616.1990700626875 479.0013090399861 357.909329554983 224.79058126854503 -609.5606777668321 474.5128437222123 357.6518990029008 220.94082800837404 -560.4996211784706 481.85890896511273 411.6935219819399 210.81415692325794 -564.7202363384845 476.67932660498076 389.78165854539355 232.6740604926152 -628.5694552498544 505.5617385149448 371.123777005864 195.56542786265337 -576.9655559426241 492.2287915066354 329.0144047197459 213.85889551014802 -601.500052733515 488.18807414469313 399.3145572509126 229.66008151978764 -565.7799641314857 472.5516656828657 387.5558538684239 236.0098512165146 -587.6260104844481 486.46398468967584 336.3572366712905 222.70723667375944 -573.9787512468663 470.0408452068854 339.14855314256477 200.83179284527836 -553.5642828906083 486.7856959300042 373.93154703417247 224.09711615837975 -588.6355037345089 499.90313002837155 359.71924361998924 227.9337963317723 -576.962682362235 492.5786207318145 399.48117917762477 220.0705163759245 -548.2024901333162 483.9076414042361 389.62198670838296 224.80815346634748 -615.6509467680644 484.88500596598806 360.3405167535885 243.99799955926235 -598.1627553107191 491.30393433938707 373.416027000676 207.30732446072454 -594.0636552669987 494.7953428642047 323.8644508912827 219.32718950482132 -612.6278724961201 477.8476289538192 400.2490994521892 201.44716665472296 -588.3250427823509 498.1288710957513 349.30701666199616 223.1780322424166 -601.4122834869383 494.7035783329355 409.5142869057171 228.4658813971577 -605.6680516716631 496.3428980030965 396.2062973680024 206.05692211686002 -570.1915240422312 481.9440395960134 353.36433360463985 203.91819280113168 -577.278542240832 489.3362343352654 407.34140194883753 214.58022590792942 -551.2743798284804 508.30782690281194 396.8611605873985 230.16054964747468 -615.2897408740672 488.2277175210596 366.48280600574316 199.0358913938383 -565.4796566067713 479.48231113384486 384.2969496142873 212.46232563657406 -593.3197010442664 507.0632552659325 385.93395585140604 249.15455076521496 -603.954840025597 498.51145211846995 341.8374540644191 240.87011644630152 -602.1524493974003 474.48247468180244 381.11038238211097 208.5196765132005 -600.277088688565 471.6591888699804 346.06828576810943 229.58553550473022 -621.2149094148975 499.2381689986811 370.58582395381336 241.63564879710216 -589.0681510448153 488.85250254466473 343.5015934408426 232.67331081094977 -603.3573680861117
190.00488558979578 1.3901023647960056 1.3901023647959305 0.6950511823979727 1.3901023647959674 0.6950511823980697 1.3901023647957922 1.3901023647959605 1.3901023647959525 1.3901023647959534 1.5541816916834958 1.3901023647959476 0.6950511823978913 2.8657694402372296 0.6950511823980757 1.3901023647959665 1.5541816916833364 1.9659016173813282 2.865769440237184 0.695051182397985 2.8657694402373926 0.695051182398052 0.6950511823980432 1.965901617381285 1.3901023647958815 1.3901023647958528 0.6950511823978733 1.965901617381335 1.3901023647959116 2.8657694402373037 0.6950511823980406 0.9730716553571397 1.390102364795806 0.6950511823979931 4.170307094387726 0.695051182397912 1.390102364795837 0.695051182397901 1.5541816916836644 1.3901023647960427 0.6950511823980472 1.3901023647959323 1.554181691683471 1.5541816916835882 0.695051182398035 1.3901023647959063 0.6950511823979406 1.3901023647959017 2.8657694402371057 0.6950511823979608 2.86576944023726 1.3901023647958672 1.390102364796006 0.6950511823979862 0.6950511823980883 1.3901023647959134 1.3901023647958346 2.865769440237365 0.6950511823979219 0.0 0.0 2.8657694402372313 0.6950511823978701 2.8657694402372775 0.6950511823978494 0.6950511823979072 0.6950511823980455 1.3901023647959685 0.6950511823980529 1.3901023647959485 0.6950511823979987 1.3901023647959965 2.8657694402374467 1.965901617381295 1.3901023647959796 0.6950511823980332 1.3901023647958757 0.695051182397867 2.8657694402374174 1.390102364795855 1.3901023647960313 0.6950511823980061 0.6950511823980401 1.3901023647959176 1.3901023647958286 2.8657694402372815 0.6950511823979417 1.5541816916833826 1.390102364795864 0.6950511823979603 1.3901023647960664 0.0 1.3901023647960364 1.390102364796029 1.390102364796074 1.3901023647959463 0.695051182397872 0.6950511823980646 1.390102364795912 2.865769440237219 0.6950511823980379 1.3901023647960038 0.6950511823978384 1.3901023647960156 1.3901023647960986 0.6950511823978698 2.865769440237325 0.695051182397921 0.6950511823980015 1.3901023647958541 1.39010236479582 1.3901023647959174 1.3901023647960324 2.8657694402372313 0.6950511823978744 0.695051182397951 0.6950511823981019 1.390102364795901 0.6950511823979384 1.5541816916834945 1.3901023647959525 0.695051182398024 1.3901023647958206 0.6950511823980664 2.865769440237265 1.3901023647958766 0.6950511823979756 0.695051182397984 1.3901023647958692 1.5541816916834639 2.865769440237322 1.9659016173813046 2.865769440237224 0.6950511823980118 1.3901023647959265 0.0 0.6950511823980332 1.3901023647959658 0.6950511823980106 1.3901023647958752 1.3901023647957904 505.8896371050418 377.06524917907007 202.15410434194834 -583.8460497105176 504.4997989414364 405.55919773012437 240.4200151730701 -597.5286530289275 481.40528519493074 393.71994192661555 236.65640320726155 -601.4494681869694 495.67395257585235 359.48262576520204 240.50204374850972 -608.5016692917984 475.6053778379451 348.11246192179226 248.31708794206034 -596.9027669941188 473.5852069837534 393.5032684108135 218.6177515413303 -579.9749468207249 496.55194806650775 374.9020878284138 191.89821115526863 -562.4383082289061 483.0289649869044 401.1065699642585 237.68397292826316 -619.7899547073157 483.5779945799142 343.8704297226414 221.65937015681874 -608.1615719181677 493.8826368202623 340.8997401796796 237.96763768674919 -626.3517205655928 499.0867668587461 382.28329957181495 224.2311738128616 -583.8725059790071 482.95730494309447 378.6159279239777 207.33456512086764 -553.3098235204386 493.15862905573994 378.6959697035102 216.45678262181934 -559.4818557063687 477.00173310732794 362.9731961657824 235.95768886436434 -582.5228987756778 502.0468279203798 373.8690855604394 199.6018104431117 -574.8364061117572 497.7541799455192 315.2213825835242 213.02705086417595 -574.8880828111943 490.4577945431815 334.96101696089346 241.16378500084565 -584.2633019056033 483.55123789652225 364.8982752103398 231.67929175078083 -574.893627189972 479.1341724943534 344.45508800272285 236.69632870927973 -577.0396125375955 495.63801107253903 330.7149927370527 218.17048202929806 -593.4540804475743 488.8033959568424 379.38180761393943 214.9952700853143 -610.2805501404852 472.01759344469707 370.9190140138516 205.69100043800782 -562.603793990483 501.4649636332637 361.60331282814207 231.68787455621035 -586.3513586262786 500.0107803598889 400.76651486347276 236.16778877598782 -613.1694105386105 490.15210303339154 356.6161284073478 241.59885579686826 -615.9437529984186 473.79193469028274 364.56905988552745 232.5043518778433 -594.4197337364564 478.150276121263 373.75501790835324 223.419529547877 -595.8351809178814 471.461506906956 351.5092207983902 192.4857850885281 -571.2092446301757 495.2249282597685 351.7781646693182 218.76396223601634 -600.0843607649388 501.3978200760355 349.45989438605267 226.73186511729975 -560.9225443015986 503.77499053148534 356.3076089546536 219.385832171815 -586.7644122419507 480.45537610996985 368.73946916301077 218.05036663964586 -571.723940531571 500.8098772502392 390.6306096431308 224.564078094726 -569.3069095362155 486.94534720855944 349.698989324337 207.63343586995128 -586.4310145848939 491.18073552421 347.9596574830271 210.74212032103674 -581.8589907264186 493.43763443353885 365.77582131081965 223.55269732693725 -621.4180785744616 470.40575450629507 359.02945460110175 229.14148818374494 -600.081337062554 491.1161413063081 387.1199298223246 246.7261627866988 -619.4905084002592 478.78952147928226 354.821210421243 227.16252426890244 -611.6838080761044 474.98717576516725 356.81009173510387 222.17201381706295 -562.4668352969535 481.11129915570086 408.6722265005271 211.8786871333364 -564.9642023295039 476.10792113180094 388.2955009669679 234.29283157722884 -629.7995398540776 504.644718098111 368.5156279624744 196.75819636898305 -578.4971805813755 492.7088107877006 324.261378142191 216.38281458305377 -604.9232288441533 487.62027808475375 397.8273131733019 230.59049452067873 -567.9345169922824 472.3623011629294 384.4665422285071 237.6163243971146 -589.3360095363776 485.76045544016444 334.1171325094028 223.96811718766423 -575.9187918116579 471.39530494059665 336.22932071191474 201.9533951335045 -554.6820605909525 486.2546187334601 371.27539286322303 225.32161885867683 -590.1390456960307 498.8651467666039 354.79186243036077 228.87550026625067 -579.1122471250507 492.44442645992444 396.7747084828922 219.85128030441072 -549.6870798456628 484.00690774494535 387.2757921925455 226.7047740360888 -618.0973250808457 484.484403498346 357.27788180404355 246.10941054772474 -600.9316783383977 490.3450398066748 371.98090168518905 208.04564960784273 -595.8922156633446 496.72960921118465 322.4100747851383 220.25086509460962 -614.3345656613186 477.71327000450685 397.54307637490166 203.07903070368704 -590.4890038083478 497.607344549108 345.48119644274755 225.11013061338625 -602.9039674797808 494.0915793384315 407.6426839386664 230.25341029316743 -608.6548976745601 496.111382684748 392.7338118610254 206.55282299921925 -571.7038092759927 481.72432915397803 350.2778421812055 205.07668800238673 -578.3758879920779 488.67770669843543 405.08659814167595 216.4951984586995 -553.2750111247794 507.59377867847206 395.7812092033296 232.3802685043289 -617.515146490704 488.07401974974454 363.77740884799414 199.84716560871357 -566.7948154757678 479.6742461969763 382.7165443444873 213.4182002501691 -595.4639177359475 506.8251783680454 384.0183018517671 250.5195656588206 -606.2948699519789 498.2217936057092 338.36723826447366 242.54920957505112 -604.2810737799892 474.5283324151627 378.3807049802937 210.3868628042858 -602.745861072574 471.97518205914787 344.0767393607984 231.96713306414983 -623.3284793809092 498.747058657723 366.75599784316455 243.2444354016542 -590.7795289394664 487.63244840543035 341.72144275652795 234.51228369285656 -606.078232107583
200.00488558979578 0.6950511823979706 0.6950511823979786 1.3901023647959305 1.3901023647959114 1.3901023647959623 1.3901023647958115 1.3901023647960347 1.3901023647960915 1.3901023647959925 1.5541816916833362 1.554181691683401 1.3901023647961008 0.6950511823980507 0.695051182397845 0.695051182398039 1.3901023647960742 2.865769440237255 2.8657694402371727 1.3901023647959967 1.5541816916833453 0.6950511823978635 0.6950511823980527 1.9659016173812591 1.3901023647959025 0.695051182397897 1.390102364795989 0.6950511823978703 2.865769440237199 0.6950511823979312 1.390102364795931 0.6950511823979523 0.6950511823980199 1.9659016173813397 2.865769440237176 0.6950511823979593 1.390102364796076 1.3901023647959543 0.6950511823980371 1.3901023647958841 1.3901023647960546 0.6950511823979616 1.5541816916834406 1.5541816916834335 0.6950511823979507 1.390102364795881 1.9659016173813766 0.6950511823979043 2.865769440237123 1.3901023647958795 1.3901023647959079 1.554181691683458 0.6950511823978502 0.6950511823980164 0.6950511823980531 0.0 0.6950511823979104 0.6950511823978821 0.6950511823978665 0.6950511823978965 2.8657694402372624 2.86576944023722 1.390102364795754 1.3901023647959154 0.6950511823980978 0.6950511823979663 0.6950511823980384 0.6950511823980152 0.6950511823978934 1.390102364795985 1.3901023647960502 2.8657694402372083 1.5541816916835494 1.5541816916835745 1.3901023647960506 0.6950511823980542 1.390102364795981 0.6950511823980133 2.1979448267706596 1.3901023647958903 1.3901023647961033 0.6950511823979912 1.390102364795878 1.3901023647960244 2.8657694402374725 0.6950511823979734 0.695051182397913 1.3901023647959134 0.6950511823978591 0.6950511823979703 0.6950511823979362 1.390102364796018 2.865769440237096 2.8657694402373153 1.3901023647960586 1.5541816916833746 1.3901023647958959 1.3901023647960504 0.6950511823979638 1.9659016173814126 2.8657694402373917 0.6950511823979367 1.554181691683476 1.3901023647959674 4.170307094387958 1.5541816916834814 1.3901023647958377 1.390102364795896 0.6950511823980349 0.6950511823979055 2.8657694402374005 1.3901023647959418 1.3901023647958723 1.3901023647959663 1.3901023647958832 2.7802047295919667 0.695051182397863 0.695051182397903 0.6950511823979344 0.6950511823979033 0.6950511823980864 0.6950511823979824 1.9659016173814434 0.695051182397873 1.3901023647959283 1.3901023647959174 1.3901023647961217 1.3901023647960251 0.6950511823979449 0.6950511823978976 1.3901023647959165 1.3901023647959239 1.5541816916836368 1.3901023647959967 2.8657694402371483 1.5541816916834255 1.390102364796034 1.3901023647959267 0.6950511823980275 1.3901023647958781 0.6950511823978304 504.9143634265251 374.0788575785285 204.49947334693172 -585.9964307063634 504.3106988976629 404.02560531009334 241.40584239874525 -599.6598515349732 481.2537902990492 391.01535742290883 238.39767995355967 -604.000828555062 495.6017014210814 357.54467851262615 241.98683447891258 -611.6967597217154 475.79743849420487 345.3549274618242 249.738975385815 -599.6709334225678 474.19899668620764 390.6998833257381 220.06667232212953 -581.7969496038945 497.11473959828663 373.27069634793185 193.2271978510558 -565.2572159483501 482.9325129126283 398.7843394041638 239.43233777433457 -622.3367308422045 483.41010481560295 339.9922674992127 222.96552435908336 -610.0758068728451 492.0413504979845 337.65633956679244 239.87670122038554 -628.7879866193028 498.5045809169367 380.8005900164138 225.03618297206867 -584.7283075741628 482.9350941861214 375.501203799462 208.8630530904366 -554.6286698634544 492.33316758535585 376.85758675467474 217.1230817153757 -562.2694252111629 477.38401837506797 358.6347732542381 237.47611191734262 -586.156151001055 501.1547925095189 370.09369988066715 199.96035680611317 -576.4454406615693 498.3228084675306 314.06786841470836 214.25134634388777 -576.395944751942 488.9891508788008 331.6698837551438 242.6794930825591 -586.5017432206205 483.6589815546988 361.37654485114956 232.2719176063225 -576.8213887963504 478.72706819443397 340.21960782549814 237.5592146464429 -579.7177216940379 495.2862428106829 328.4240286954875 219.4104777828361 -594.9463990652634 488.3614887384474 377.4929112756965 217.59039285530943 -612.7185713284306 472.3742110959338 367.7558200927228 206.4759914159533 -563.4733979054398 500.23102400525954 358.2642731341864 232.40168931185218 -589.1313097797678 500.05880448820983 399.5937621112435 237.8546475023591 -615.2901167739803 490.35346675131785 353.86089904010834 243.56569951011073 -618.8087760888452 473.7064778351438 361.07504808979496 232.73164417634774 -596.131252166242 478.95442218992196 372.4786133287991 225.31095117174092 -598.2834382176696 470.7390983239461 347.7116757364971 193.6932266394919 -572.7297769629413 494.41377478406497 348.77056850936015 220.60008533069464 -602.1049543274712 500.33888743308904 346.09792647107065 226.98681764929137 -563.0619688461394 502.9710305120888 353.30027232008575 220.29844952176737 -588.4773020448188 480.18452630781337 365.27028715379254 219.54598183757076 -572.5894010825854 500.51734252066205 388.3326204208639 224.77039723933893 -571.025074164657 486.347269036523 348.2235927961011 209.6666219486845 -588.789753014985 490.42073737199655 345.3365330294946 212.24099681641192 -582.7178244398372 492.36065436258787 363.5826412533976 225.99401779104537 -623.9584676478022 471.0292269380445 355.04684853164713 230.88015439317982 -602.6338230332511 490.5364655424738 385.6389918666253 248.57558310543908 -621.499197771025 479.0449037643614 352.446526444078 228.57855132791914 -613.7561179549718 474.5434059743873 352.19225225316177 222.58130990711135 -564.5036094089903 480.30039792858247 406.82698456217054 213.7902861512354 -566.4859883768085 476.9117197405435 385.46659369519654 237.6476626227556 -632.9756726166133 504.57901427896644 366.57796697736865 198.86643053035294 -581.7298297280971 492.93550654439736 320.7089742481512 217.41097018934985 -606.09177774845 486.9476419876627 395.5740211508352 231.22797567805193 -570.292776653288 473.40607335051465 381.9946906653601 238.98701499420972 -593.0735603088971 485.17229268703835 331.47233605333383 225.62823301726092 -578.0619708093747 473.87140705576564 333.1388988916261 202.21499750215824 -557.2576645283395 486.32929752089217 368.92799151029243 227.10229792121896 -593.1295062935575 497.8391254087548 351.62045435724895 231.40040725250415 -582.533360955966 492.1065459535287 395.65000826389087 220.1755204612086 -552.6940568480437 483.5686921905948 385.3856282197056 228.55145363012133 -620.1089635361557 484.6343234946648 354.1385781366225 248.08551013166016 -605.1928297531208 490.2289778247229 369.6590781051864 210.08999365981114 -598.2428875125229 496.4897607246791 320.8852817998655 222.74839449273045 -617.3052294256166 477.85504763151505 395.5782912946185 205.11272274963588 -592.8457603488647 495.91581823766717 341.82379544725694 226.4723296258049 -605.2474009314949 494.8113160865208 405.60779374033814 231.40071378546142 -610.6777925301783 495.05147426686034 390.5330993163463 207.39584534696692 -572.9937536910686 482.0585712025047 347.10984885906987 206.29594715452478 -579.88540124366 488.8709043919268 403.5057845044425 217.56795015198892 -556.7220944960138 507.40107670225757 394.2491902624332 234.22694948396594 -619.5263600246373 487.65646238506895 360.71716570595026 200.78203065627062 -568.9484885484339 479.7061653815796 379.9851234820101 215.36009132536904 -598.344595396306 506.47841538299775 381.336089720601 253.4591625552902 -609.8974296918516 498.45640849485187 335.9948427686701 243.7568745411486 -606.7298983888305 474.5095216688115 375.2683746350683 211.74336602503263 -605.092226356441 472.3866527350489 340.11667320755754 233.6561968453571 -625.4473462042624 497.91306387449157 364.9198629672554 244.50200720818214 -593.6598853108279 487.18838763750284 338.6629997773693 235.49941148076803 -608.2104232161183
210.00488558979578 1.3901023647960193 1.3901023647959478 1.3901023647960205 1.5541816916834907 1.3901023647960415 1.5541816916834679 1.3901023647959394 1.3901023647958528 2.865769440237175 1.5541816916834146 1.5541816916834525 1.5541816916834006 1.390102364795912 1.390102364795889 1.3901023647958621 1.3901023647960065 2.8657694402373513 1.3901023647957595 2.8657694402371976 0.6950511823980259 1.390102364795959 1.3901023647959365 1.3901023647960022 0.6950511823979012 1.3901023647959005 1.554181691683546 1.3901023647959605 1.5541816916835955 0.0 1.3901023647960702 0.973071655357128 0.6950511823979197 1.9659016173812858 1.3901023647958088 0.6950511823979133 1.3901023647961104 1.3901023647958863 1.3901023647958628 0.6950511823980507 0.6950511823979958 0.6950511823980347 0.0 1.3901023647960071 0.6950511823980262 1.3901023647959652 1.9659016173813555 0.695051182397993 0.6950511823978923 1.3901023647960162 2.8657694402372793 0.6950511823978812 1.390102364796117 0.6950511823980452 1.39010236479582 1.9659016173813046 0.69505118239798 1.3901023647959225 1.3901023647959612 0.6950511823979069 0.6950511823978797 1.554181691683384 2.865769440237256 0.6950511823979973 1.3901023647958797 1.3901023647959616 1.5541816916834497 1.5541816916835633 1.3901023647958755 1.3901023647958928 1.3901023647957969 2.8657694402373264 2.865769440237152 1.5541816916834605 1.3901023647957937 1.3901023647958932 1.5541816916834372 2.8657694402373077 1.3901023647958688 2.8657694402372154 1.554181691683638 1.390102364795864 2.8657694402373624 1.390102364796047 0.4865358276784967 1.554181691683517 1.390102364795856 2.8657694402373104 1.3901023647958544 1.3901023647959994 1.5541816916836673 1.5541816916833766 1.554181691683297 1.3901023647958544 2.865769440237279 2.86576944023724 2.7802047295919423 0.6950511823979687 0.0 0.6950511823980177 0.6950511823980287 0.6950511823980104 0.0 0.6950511823979202 2.19794482677074 2.8657694402373135 1.5541816916835092 0.6950511823978648 1.390102364795944 1.5541816916833657 1.554181691683354 0.6950511823978962 0.6950511823980255 0.6950511823980084 0.695051182397985 0.6950511823980486 0.6950511823980002 0.695051182397904 0.6950511823980197 1.9659016173812915 0.6950511823978746 0.6950511823979965 0.6950511823980013 0.6950511823980059 0.6950511823979281 0.6950511823979474 0.6950511823978709 1.9659016173813018 0.6950511823978955 0.6950511823979534 1.3901023647958406 0.6950511823978862 1.9659016173813102 0.6950511823978709 0.6950511823980303 1.3901023647959803 0.6950511823980674 0.695051182397892 0.6950511823978798 0.695051182397905 0.6950511823979012 503.69317879894345 372.2982443756944 206.11703586820107 -587.6998767318175 503.4888474307097 402.18424642993864 243.31162750043154 -602.0988081974467 481.7756517778888 390.5555718248582 240.7813953247676 -606.1120476100584 494.63884054084025 354.95255710233306 243.89442647864473 -614.1340163647602 475.7225712970414 342.24257789563194 251.48602620769316 -602.2186615546241 474.93711959569316 387.4847144454997 221.2622006675474 -584.2506721791423 496.41325833265466 371.02968551780634 194.60089260172128 -568.0519527577544 483.3558263821398 397.5608917710565 241.3409807813026 -624.7733450603976 482.69315302373485 336.5835896630275 224.6523931682372 -612.1966764043129 491.43712332102535 335.0138709333557 241.24881483503177 -631.1247929597106 498.19247547229776 378.50381570558267 227.09068033798738 -587.0669296132022 483.083785492999 372.3620911263194 209.71135908909807 -555.9183651336173 493.2686624150586 375.170156152725 218.40920596162297 -565.5886286993212 476.883799504433 355.19572831235996 239.21716174260564 -588.708604975042 500.2373849273787 366.32347333922564 200.17675201674348 -578.1558039843405 497.8980745565594 312.54180372704394 215.8140087696795 -579.0681078966613 488.2454071842484 329.4431870948088 244.16063462743577 -589.6982522887558 483.985741943645 358.2075343182295 233.9490652894372 -578.9498701080103 478.26532612752584 337.1649777505717 239.1369574546059 -582.3812389114958 494.9815493613876 326.51691998424974 221.03422110283722 -596.6437067537893 487.1085546578912 376.8850693596342 219.65442694482417 -615.0487716298912 472.8172181618341 365.35394412295 207.00792868350965 -564.9715778216369 499.0566780769325 356.8730093629996 232.31581987739966 -591.0599514502657 499.8589302507916 398.0606664760473 238.7884994108587 -616.9909828345218 489.82784650718474 351.5962738722071 244.49998470828186 -620.5092826249115 473.135183807991 358.42750764776787 233.40158640862202 -598.4800914681746 478.8829249339863 369.1750395388343 227.43155436532743 -601.0436589971139 470.96939363679104 343.9732157210653 193.527550013831 -574.2297954152244 493.4675822542162 345.00714111374606 222.66224586603857 -604.43774000045 499.31093960998925 343.12788863082903 227.63273150191625 -565.4182777196208 501.48969940193126 351.1753310760926 222.03549302700984 -591.0318099943606 480.1336721478736 362.15727540207996 220.83963156563226 -574.5113056167002 500.06853312705977 386.4436034205261 226.39042741544216 -574.123753993401 486.71343435729636 345.43884024879526 211.6044758417772 -590.2758046470383 489.6583742989458 341.54625571495455 213.53980827053718 -584.6371815803079 491.78688148273955 360.933951679202 227.9612184809941 -626.8232924143124 470.6682136699088 351.1959703839821 232.94396228281323 -604.9646989039197 490.60924592192424 383.2923949650903 249.74877732794957 -624.9099040551145 478.9210130375321 348.95154530037024 230.36672573531087 -615.3390032899449 474.03780384581967 348.7551681403929 223.65953794026643 -567.4996877618291 480.0024057223595 404.52936803522664 215.12890496056414 -568.8412078129958 477.5580533368911 383.0424728281666 239.28225393247055 -636.069198401817 503.57412359282546 363.6002144209183 200.47922376254866 -584.8310015992619 492.0326810258429 316.5541571761007 219.09659978050544 -608.2141559185148 486.8854429342886 393.63438703998116 232.79812387771054 -572.9601070083827 473.9120866692097 379.97672478552596 240.5725484803559 -595.7319500184058 484.3096460754804 328.48160022839824 227.0412500969362 -580.8350286261998 474.54422193185377 329.90857457608195 202.74458316773905 -558.7614096700167 485.7620802419391 366.27726116192 228.03018325613567 -594.833919834943 497.37057501343077 349.73853094987936 233.1375058653721 -585.0892926895245 492.28920954770746 394.0677971996338 221.13173846683083 -554.8428391889015 483.2586114232353 383.09040818132803 230.2311072365187 -621.5317766000684 484.7045544223766 350.6159500418659 249.33735932154167 -606.6755281366025 489.5237235282284 367.4188890400024 211.0180735003265 -599.9478999728707 496.10629083982457 318.5993093573178 225.03283908099166 -619.9523404666711 477.3714807664345 394.8640463167229 205.9781914548433 -594.1233551542697 495.39519845598085 338.3895663929385 227.78166194572833 -607.159313058773 493.6065963815458 403.8172882621023 233.60721579390898 -611.5056722893333 495.2300455351869 388.9506663364903 208.2552404075683 -574.2792187933113 481.79201951011896 344.0245887508906 207.852796435871 -581.1652890846713 488.91370877381814 402.33139873607473 219.00666579929953 -559.943717871377 506.7660881767954 392.3853855407347 235.79733838445196 -620.78995523433 487.5734136950334 358.78012032753963 201.04438929869355 -571.0912276810838 479.66953360398475 376.87158769634425 216.72244677419508 -600.6871281832057 505.3126184528678 379.9355305439926 252.70230679774616 -613.2283713983708 498.7328719481212 333.99651368389016 246.2008144757856 -609.2674871350919 474.52474132410015 372.54026473736775 213.46985867687172 -606.2518580414339 472.8248238963395 336.5316877463469 234.65007578064746 -627.5754855482954 496.05861803254385 362.8447959754135 245.55084288198418 -596.21792630524 486.58832465861764 336.0213673848555 237.98340391974511 -609.7847048750695
220.00488558979578 1.3901023647959203 0.695051182397853 1.3901023647959025 0.6950511823980874 1.3901023647959894 1.3901023647959665 1.3901023647959305 1.3901023647958848 2.865769440237192 0.0 1.3901023647959752 0.6950511823981046 1.390102364796052 0.6950511823978801 1.3901023647959645 1.3901023647961193 0.6950511823979847 1.3901023647959145 1.9659016173812232 1.390102364796126 0.6950511823979852 1.390102364795978 0.6950511823978819 0.6950511823980084 0.6950511823980337 2.8657694402372162 0.6950511823979727 1.3901023647957529 1.5541816916834226 1.3901023647959805 0.9730716553572224 0.6950511823980149 2.8657694402371723 0.0 2.8657694402372615 1.9659016173814166 4.170307094387821 1.965901617381365 1.3901023647958903 0.6950511823980123 1.390102364795999 1.9659016173812072 2.8657694402373153 0.6950511823978529 1.5541816916835318 0.6950511823979839 1.390102364795936 1.3901023647958655 0.6950511823979013 2.865769440237095 1.3901023647960442 1.3901023647957524 1.3901023647958766 1.3901023647960864 0.0 1.3901023647959938 0.695051182398036 1.390102364796007 0.6950511823979998 1.5541816916832962 1.3901023647959343 1.390102364795981 0.6950511823979463 1.3901023647959205 0.695051182398019 0.6950511823978803 1.5541816916835087 1.3901023647960085 1.3901023647960007 0.6950511823980852 0.6950511823978723 1.9659016173815154 1.3901023647958526 1.3901023647960724 0.6950511823979671 1.3901023647959359 1.9659016173812527 1.390102364796006 1.965901617381289 0.6950511823979449 0.6950511823979951 0.6950511823979986 1.3901023647959345 0.0 1.3901023647959032 0.695051182398034 1.5541816916834623 1.3901023647959327 1.390102364796018 1.3901023647960404 0.0 1.9659016173815214 1.3901023647959205 0.6950511823979899 2.8657694402372913 0.695051182397966 0.6950511823979457 1.3901023647960997 1.3901023647959028 1.3901023647959954 0.6950511823980399 1.5541816916832996 1.390102364795921 2.8657694402372917 1.390102364795875 2.8657694402373477 0.6950511823980601 1.3901023647959292 1.3901023647959114 1.3901023647960986 0.6950511823979567 1.3901023647960007 1.3901023647959299 0.6950511823978852 0.6950511823980596 1.5541816916834243 1.3901023647958402 0.6950511823979415 2.8657694402372 0.6950511823980641 1.3901023647960102 2.8657694402373863 1.3901023647959594 0.695051182397976 1.3901023647959438 0.6950511823978727 1.5541816916834872 0.6950511823979771 1.390102364796035 1.9659016173813615 0.6950511823979082 1.965901617381401 1.390102364795926 1.3901023647959347 1.965901617381373 0.6950511823979263 0.6950511823979558 1.390102364795814 1.3901023647959934 1.390102364796018 503.74219377185636 369.9482146494669 207.58115642823887 -589.5056791928482 503.0383726507154 400.2971829573784 244.84165072805285 -604.3271037324836 481.17680426203907 389.08000885345376 242.1524614376146 -608.4495066287924 494.1532405467832 353.0745638666074 246.30002597543802 -617.6346827159954 475.9321439794231 338.68944956274026 252.26081528706632 -604.0288190260793 475.3758195447911 385.0843821022644 222.56842289532298 -586.1642864678337 496.70588681940546 369.0362933153416 195.78040193961178 -569.1176227081961 482.7592670067656 396.0833736965476 242.97157950269298 -626.4638896097634 482.0026874425253 333.56263255934647 226.71916937697546 -614.5246993052539 491.18111899186596 331.1398526600956 242.6209284602205 -633.4615992906474 498.35520470121065 376.91886935089383 228.73408038650558 -590.1536069077894 482.5019856055081 369.71768362659276 210.19592913632985 -556.9877500236627 492.41683890067526 373.3429301522601 219.927080623158 -567.8252169338737 476.41234353109166 352.1410923870323 240.32678558494146 -591.6933335048823 499.7617871359635 364.4408721473116 201.63654941121186 -579.9657464949122 497.9675502464055 310.0043543701207 215.88490038941043 -580.8885636127245 487.4681222239569 325.0675754015119 245.58911566267412 -592.4644833411724 482.93417664326483 353.87492375409204 235.37334561590166 -581.7183719740914 477.83185740568695 332.1511893367274 241.09979145164985 -585.24947628941 494.57073178754257 324.23664901110004 223.09820055155728 -598.9740763493311 486.33909363607563 374.2650931851124 221.12508161491388 -616.8495383351762 472.3602320080316 362.29862660478005 209.37102979924978 -567.1045327422894 498.39914225476394 353.8506230491956 234.06162400342433 -593.6088891723246 499.3005544535936 395.4081841009241 240.59758788551477 -619.964528135331 490.09169829389793 350.7745835121024 246.369036413312 -623.9101850914758 472.6709157833247 355.3758128182885 235.6858783204187 -601.1274393686601 477.60979922100597 365.8542726769369 228.80137742283173 -603.3818286506404 470.80888323988165 340.4770125328754 194.98241093899153 -576.0428829046931 492.27978785266544 342.45974990368165 223.81317583003616 -606.4575331585835 499.20534319375366 340.01481238129634 229.64334904113954 -568.7205794090196 500.5064012199768 348.59133646517586 224.15682750161787 -593.7911284473022 480.99389359309095 360.0758318922311 221.38874959192634 -576.0053384470073 499.36405871625556 384.204582941533 227.05595921771618 -576.4739678826278 486.73544562547175 341.9162199748026 213.7245474470952 -593.0363993977912 488.733926011909 337.0026345430127 215.2229373078714 -586.7619490604095 491.36649571427495 359.4325965290119 230.50639702921944 -628.822486147979 470.63544630511643 348.46487890061314 234.25517251650564 -606.874916696276 490.0400161460688 380.6441573846637 251.4589215737189 -628.4200700027106 478.7534853105956 346.6308755246046 232.37472956359315 -617.238973599861 473.8835111140063 345.26329444683375 225.11986693831398 -569.3072905955137 479.65807892849915 403.4083424153637 215.2421760375515 -569.6973478416396 478.7610432840789 380.53240876914145 239.83304890456495 -637.8928787863181 501.9938461412474 359.5419906483966 201.0280297136843 -586.3266914479984 492.2118455123734 312.5827349493764 220.94409156895813 -610.2246016857131 486.21786514468874 390.21896504897836 233.46657043242632 -575.3085255361977 474.2103643852226 377.9852242579402 241.62448144221722 -598.2884956391782 483.1150507622391 323.98797877798455 228.40606997717643 -583.176182415937 474.26951418325103 326.04764854570936 203.22777391710645 -561.227962907163 484.6780430923847 362.9259932040596 229.65833538855446 -596.5264994509333 496.52705719776026 345.5700520796189 234.50446702680367 -587.4293355889762 492.3557563730687 391.71975647713936 222.10808411897986 -556.9794581853645 482.93415000049015 380.7971329495612 232.13970389823254 -623.9684124111186 484.1077374812696 346.79869222391096 251.14630006843254 -609.649208871956 488.6682041071823 365.5945322320479 212.96451488814193 -601.42347090931 496.0497166134166 316.2534300929106 226.56334881086 -622.1802921614292 477.1601717919728 393.33520953083735 207.22567366461163 -595.6085144743051 495.0205972364309 336.10183455766077 229.4204398820022 -609.5470423558879 493.7841762821952 402.2346004835445 235.51535211260725 -613.9426808743737 495.1837119244381 385.83733115317847 209.4408389333101 -575.3422994102747 480.79665230183286 340.27261876941355 209.15631539671898 -583.0819772177473 489.2261473315243 400.34044696941714 220.68226776340558 -562.0752015063583 506.30924340666445 390.50028458659244 236.8508722292219 -623.3456767419934 486.9171278676067 355.7556387637517 202.17273569893058 -571.7274190360613 479.49862254690026 372.99596603970014 217.97303632792025 -602.1708886357183 504.6541960733385 378.08065046418807 253.27867881502675 -616.1120529884157 497.89973001458276 331.393985422253 247.75091283125192 -612.887490306649 473.94138891632593 369.89411237856615 215.5755986286774 -607.6168938562346 472.4521309034494 333.0711730898892 236.97670286918353 -629.2561789076318 495.71467697783595 360.5547021727401 247.03992997386368 -599.4110936846664 485.34842604457805 330.9409891156165 240.7659877620411 -613.4949035851693
230.00488558979578 1.39010236479592 1.3901023647959319 0.6950511823979912 0.6950511823978358 1.3901023647960005 1.3901023647959303 1.3901023647958801 1.3901023647959763 1.3901023647960309 1.5541816916834887 1.554181691683402 1.3901023647959043 0.6950511823978832 1.3901023647957962 0.6950511823979244 1.9659016173812967 1.3901023647959359 1.3901023647958328 2.865769440237286 4.170307094387778 0.6950511823980134 1.5541816916834514 2.8657694402373637 0.6950511823979485 0.6950511823979246 1.390102364795902 0.6950511823980506 0.6950511823979495 1.3901023647959685 0.6950511823979932 1.3901023647958846 0.6950511823979522 1.39010236479583 1.9659016173813237 1.5541816916834306 1.3901023647959763 1.3901023647958537 2.8657694402373735 0.695051182397906 1.3901023647959054 0.6950511823980396 0.0 0.6950511823979061 0.6950511823978922 1.3901023647959283 0.6950511823979353 1.390102364796032 2.865769440237278 0.6950511823979788 2.8657694402371585 0.6950511823978575 1.390102364796056 1.3901023647960125 0.6950511823978865 1.9659016173813015 0.6950511823979033 1.3901023647958548 0.6950511823980359 2.8657694402373237 1.5541816916836673 0.695051182397983 1.3901023647957729 1.3901023647959385 2.865769440237294 0.6950511823980599 1.3901023647959196 0.6950511823979023 1.3901023647960555 1.5541816916834874 1.9659016173812256 0.6950511823979145 1.3901023647959736 1.5541816916834639 0.695051182397898 1.3901023647959476 1.5541816916834696 1.3901023647959814 1.39010236479601 1.9659016173813577 1.965901617381411 1.3901023647960167 0.695051182397928 1.5541816916835691 1.3901023647959465 0.6950511823980408 1.3901023647959776 1.9659016173813586 1.3901023647958644 1.3901023647959656 1.3901023647960444 0.0 0.6950511823978811 1.3901023647959967 0.6950511823979051 1.554181691683518 0.6950511823980667 1.3901023647960433 0.6950511823979221 1.5541816916834768 0.6950511823979797 0.6950511823980171 1.3901023647957784 1.3901023647960324 1.39010236479597 1.3901023647960544 1.5541816916832647 0.6950511823980418 0.6950511823979323 1.3901023647958706 0.695051182397851 1.3901023647959363 1.3901023647959976 0.6950511823980188 1.5541816916834172 1.3901023647960384 0.6950511823978949 1.3901023647959279 0.6950511823980335 1.390102364796054 0.6950511823980833 0.6950511823978939 1.3901023647960689 1.3901023647959694 1.390102364795853 0.6950511823980534 1.390102364796104 1.9659016173812998 1.3901023647958022 0.6950511823980288 1.5541816916834128 0.6950511823979874 2.8657694402374148 1.5541816916834406 0.6950511823980542 1.5541816916834639 0.6950511823979325 1.390102364795847 0.6950511823981083 2.8657694402373077 1.554181691683528 503.2521665021617 368.0704785306727 208.4540462698987 -590.7800827662041 502.82103921452307 398.7664264830407 246.11377784819186 -607.2011289261634 480.53261628550416 386.05049338725246 243.74293843579275 -611.1047564725812 493.3300844282252 350.4735171970439 248.00997543916128 -621.1449569010787 476.0988459096523 336.3061388473513 254.44784711837744 -607.2111631048435 476.2365473274906 383.0053630198878 223.8784862737113 -588.0753151161673 496.1017014027251 366.39561797847256 196.5911401984677 -569.9666929814439 482.56334437430576 393.3791763499501 244.79103954677524 -630.1331883757086 482.01321535337644 330.4210963410425 228.29000487431637 -615.7879122363339 490.76672877728026 327.8794385787728 245.12658476489247 -636.4249023654362 498.90514062660054 374.1035299806 230.7003406879842 -593.0190309270786 482.65807793720785 365.78327554236006 211.872120683543 -559.116768156271 491.9321338775804 371.4635794371538 221.84396211659828 -571.6596453982835 476.40716560046906 349.7897777836667 241.47911035651396 -593.7125003861995 499.3341920050593 361.7729245688179 202.56514886838934 -581.6688794247945 496.38241142442365 307.8120785253311 216.75688315938683 -582.1631431377724 487.217497704805 320.78953660923946 246.86049465261758 -595.3386823192135 481.9201564939155 350.1293608464482 237.33922749333118 -584.5842506640715 477.34844387694244 329.4884524196839 242.7481501928539 -588.3330976334819 493.8647736938061 321.6202727975243 224.46882805097403 -601.3117351715223 486.2227211019024 373.5026931665016 223.033615375522 -619.2862842035737 472.88186893588835 359.48085088031803 210.24017222438871 -568.3808017556722 497.5738384017049 351.2467569747286 235.810135041939 -596.1555247579818 498.3378704182732 392.81603641085576 241.9695679659302 -622.3014191124104 489.5787741765374 347.7292835638755 247.86038424868613 -627.1021727840763 472.5528423420459 352.26343018413706 236.9381736900286 -602.6094933959025 476.93670602908566 361.6576918672506 229.89445213441505 -604.9733827851339 470.7137481512368 336.57453680505506 195.8514939308219 -577.3202289954934 492.2696094467572 341.2839279359078 225.00593397704233 -607.5121506189255 498.86822050405965 338.11279595852164 231.1690609139687 -570.9520807547334 500.37528617006933 346.6561766510841 224.7124653700605 -595.2833237350314 480.30628674659727 357.05713520912394 222.7556599752543 -578.3453660371887 499.27304285921883 382.265258834466 228.5418828179259 -579.6687524752182 485.8916338920453 339.321436177061 215.0344976302448 -594.9475033733353 488.5740685013924 333.89685801997433 216.53212555689026 -588.6733434134061 491.12208745318844 357.91019324964327 231.87839372584313 -631.159367570202 470.62824623940435 344.9389759901446 235.77611076032647 -608.4066969484122 489.0444592841077 379.23129323997335 253.10942308547143 -631.5026585517272 478.7366632405387 344.28626803263853 234.38306240028788 -619.1385239908224 474.30318312798045 342.05472493364863 227.1391967813205 -572.6039046156033 479.46713687828617 400.70543814188153 216.92484658550057 -571.82091373031 478.81124257309773 377.0110413040078 242.1597769979643 -639.5734496716333 501.8870535117774 356.4309648343961 202.71325275045194 -588.4489373060088 492.3332104741945 309.4007867665624 222.64333976693692 -613.0393787072959 486.260988891418 387.8720901378141 235.59048041965985 -578.0662359283026 474.94911999639214 375.14212496584264 243.3140994670487 -600.4070527197514 482.51605071563347 320.95745808141453 229.7344902969712 -586.4789947650715 474.2290309198082 321.7303174841739 204.36881341989894 -563.2527959018182 483.99879958287414 359.9070258041679 231.4068766867784 -599.0731711096698 496.0656104971892 342.90969533822874 235.49707358682716 -589.5580483878764 492.2657193932754 389.78251129948666 222.39637493284476 -559.1180575831924 482.52883551568647 378.1254813831216 234.46633729723723 -625.6491343823407 483.20529773055347 343.8204818338401 252.3591323249884 -612.0954898049542 488.6759197796801 364.4170879397769 213.95708410158747 -603.5522522401056 496.1923287760422 315.04147008812475 228.7903816393504 -624.3980349504056 477.5093121846212 391.7230875387201 208.6949080835258 -597.4101350270207 494.1772265832586 334.68728755483573 230.95109280327654 -611.7748189755729 493.59255357247594 399.5316326503046 236.8675330975622 -614.8875738075259 494.34558384097164 382.83864000538085 210.94983103744138 -576.1828910513901 480.0665703864849 337.2647161231465 210.52271927850828 -585.4223960283829 489.52734174901053 398.3464390393827 222.69585950849824 -565.3754996677943 505.8388631891802 388.61882851532715 239.79383965425836 -626.9455460951402 485.91152934712795 354.3599626119091 203.53474233571396 -574.0708461737933 479.8470119854278 370.2010899456595 219.72148215099375 -604.7176688237497 504.62866542345955 375.35032591692305 254.81974500000217 -619.0355681014281 496.8333075843372 328.8450502338694 249.77905770857868 -616.1790508984234 474.47561248143234 367.07323285073323 216.787362517979 -610.0636771046177 473.2777767241102 328.99531248550693 239.33310869847907 -633.0249448912929 495.3427003113864 358.2677657847983 248.84886925448995 -602.3847230017705 485.3925364268785 327.0033943382803 242.7343751987652 -616.3589339843544
240.00488558979578 0.6950511823980658 0.6950511823979861 0.6950511823979199 0.6950511823980114 0.6950511823979452 0.6950511823978641 1.5541816916834321 2.8657694402371408 1.3901023647958826 1.9659016173813282 0.6950511823979167 0.6950511823978774 0.6950511823980399 1.3901023647959696 1.3901023647959725 2.86576944023723 1.3901023647958761 1.3901023647959876 0.6950511823980439 1.5541816916834834 0.6950511823979649 1.3901023647959314 0.6950511823978832 0.6950511823978777 1.390102364795894 0.6950511823980005 1.965901617381333 0.695051182397876 0.6950511823979769 1.3901023647960968 0.6950511823980118 0.6950511823980426 0.6950511823980273 1.5541816916833096 1.5541816916835585 1.3901023647960251 2.8657694402373117 1.3901023647959578 1.3901023647959936 0.6950511823980503 0.6950511823979783 1.5541816916833817 1.5541816916834985 1.3901023647957937 1.3901023647958657 0.6950511823978713 0.695051182398014 0.6950511823978833 2.865769440237182 2.865769440237414 1.5541816916834357 1.3901023647958697 1.3901023647960171 1.5541816916836038 0.0 0.6950511823978556 0.6950511823978852 2.8657694402372162 1.3901023647959845 1.390102364795873 2.865769440237179 0.6950511823980152 1.3901023647960158 1.3901023647958286 1.3901023647959438 0.6950511823980036 1.9659016173814077 0.6950511823980016 1.3901023647958812 1.3901023647960555 0.6950511823980088 2.8657694402374263 1.5541816916833875 1.9659016173813082 0.6950511823980785 1.965901617381351 1.9659016173812662 1.3901023647958806 2.865769440237212 2.865769440237372 1.3901023647959505 0.6950511823980104 1.5541816916834654 1.5541816916834645 0.0 0.6950511823979066 1.554181691683595 1.3901023647961057 1.390102364795985 0.6950511823980015 1.965901617381299 0.6950511823979154 0.6950511823979457 1.3901023647961224 1.5541816916834363 1.3901023647958943 2.8657694402372687 1.3901023647959903 1.390102364795899 1.3901023647959911 1.39010236479592 1.3901023647958959 0.0 0.6950511823979064 0.6950511823979529 1.5541816916835758 1.3901023647959665 1.3901023647958966 1.3901023647959858 0.6950511823981163 0.0 0.6950511823978645 0.6950511823980319 4.170307094387778 1.3901023647958684 1.3901023647958795 1.390102364795894 0.695051182397885 1.390102364795949 0.6950511823978933 0.6950511823979606 1.3901023647960287 1.3901023647959099 1.3901023647959199 1.3901023647959891 0.6950511823978643 0.6950511823978803 1.3901023647958481 1.3901023647960011 1.5541816916835491 0.6950511823980576 1.9659016173813062 0.6950511823979202 1.3901023647961026 2.8657694402371683 1.3901023647958644 1.3901023647959623 0.0 0.6950511823979382 0.6950511823980038 503.06130169911177 366.9297603950685 210.40189856571945 -592.2531547675163 502.47723460530136 396.47360825796113 247.64486487156245 -609.4286432062183 481.05102597589826 384.4038508005927 243.82230127151334 -612.9244396551949 492.9665492713877 347.400412130663 250.63486865498675 -624.9634514893172 475.44291181040586 332.8940118915805 256.35682507851504 -609.6474954486531 475.8668907359563 380.7189089952413 225.7862724267532 -590.5126011895403 496.22585516451255 364.8055058499715 197.84008416976872 -571.4516518664497 481.9411903791694 391.91142491019616 247.37614649596847 -634.9161842362155 481.56012929599666 328.1521068591821 229.98017376875873 -617.9060692133337 490.1638639814824 324.84919763906106 247.05547416208026 -640.2532731330825 498.656338814154 372.579686001214 231.75341349216467 -595.5749410966195 482.7669972811934 361.84693840967105 213.23698008572526 -561.4579567322039 491.6769285487878 369.9428071149045 223.213276476758 -573.9982533620515 476.36403760870616 347.44051197802344 242.91026851119858 -596.4771741118162 499.2643630528009 360.2197717312502 203.0610255746681 -582.7334076155208 496.179572751971 304.02743736167986 217.88982686671025 -582.7905586909457 486.8646087175414 318.10241821611464 248.2918692941702 -598.103250326197 481.2912094333824 346.7077799258441 239.52549986649396 -587.7671226619481 477.5108309661388 326.3112958462863 244.65652217148337 -590.7698281440715 493.7802572172987 319.2721153194725 226.59599811893813 -604.0666898642226 485.84810625173037 371.2177043183688 224.9425282866354 -621.7226696072676 472.5362896339774 356.4076707528739 211.11216939671885 -569.6554142700601 497.1592600919557 348.96559408701745 237.40045998754684 -598.8108879134784 498.0982825468499 391.28822191757473 243.30180551243112 -625.6027765551227 489.16481063506296 344.4646525327277 249.1330262113603 -629.9759346855909 472.31492075272024 348.77586520698276 238.52871350924525 -605.2646995856751 476.9721521727673 358.5161940908738 232.0815447831086 -608.155725009548 470.17463690963046 332.7473190879477 196.46354406029477 -579.2412950586854 491.72327063277146 339.4194184617 227.03383665348497 -610.8038372187535 498.09387062205286 335.1144639003619 233.4125810007195 -574.5640172547741 499.6252220735866 343.65266243114024 225.58708392493187 -596.5563027600107 479.3859844691486 354.0806389302267 224.72149815400772 -581.2112135367153 498.64989336710687 380.8004546366024 230.23075886423368 -581.7879234890534 485.27978737065365 335.1130105128444 216.22722037500466 -596.0021132624429 487.9825439742133 330.865365137356 217.08799178452173 -590.1652318663084 490.2184552593307 356.10941072431064 234.48347727051336 -633.5857562644874 469.9917104599268 341.52252498947024 237.1480347439081 -610.7436120892974 488.8610186550166 378.0865613690071 254.79974153429703 -633.6207197337006 477.41053494945606 341.3924330484122 236.351653936117 -622.0024370689139 473.39042875058476 338.29654270757317 228.88666863945267 -575.1512058638187 478.98686798800003 398.82609033820626 217.79783474838334 -573.0950093858758 478.3131250303141 372.78522915148864 244.30741154339967 -643.7200252615755 501.86706593081635 354.0788814216563 204.0236416198589 -590.3596453278041 492.7225170241467 306.5571233859824 224.55215380248012 -615.4758224286079 485.89009109730813 386.7547338480486 236.16560005873248 -580.9501379810795 474.3234292055799 371.3305530549306 245.44159562418483 -603.1617373380642 481.89654125848125 317.93110940818906 231.2647279843069 -588.7070931881781 475.2074849463328 318.77470462871406 205.65997478475015 -563.7740380570518 484.33479435028136 355.14144976532856 232.6789559886078 -601.9471944750871 495.56334129167124 340.2540614135646 237.30578180717424 -592.5318387219165 492.15898375010636 387.8464512468674 223.008943095195 -561.0381683315425 481.8368617109413 376.2809101544368 235.30145882311376 -627.886496572575 483.7294403109293 341.3636498010058 252.97550079624799 -614.0146499807946 488.9184330349416 362.4157830941121 216.283411864109 -605.2335096553925 496.6321854950002 313.37126122942874 229.9238982828625 -625.0245649238982 477.155680160994 389.43339559096864 210.3841436326611 -599.5290542802559 494.00115599229287 332.755113319104 232.7009025290363 -614.3205611978857 493.87289614005596 397.5365708238022 238.99520821782886 -617.6421281711557 494.35800018965466 380.49070636066915 211.1266896479017 -577.4661929985871 479.48040640612305 334.23305755606253 211.55557041060638 -586.5867856063124 489.42666434173873 396.4113751594308 224.38264586403713 -567.4963349825172 505.3587156610575 385.5663327342729 241.34483530410083 -630.5651040565941 486.74594573153263 350.2858722053524 204.20604083518495 -576.4192718788602 480.22062907422895 366.61052170067353 221.6300502070758 -607.1543372875465 504.05493852616655 374.27018040330273 256.0923769650061 -621.9093348095441 496.4940268972476 326.15736049663394 250.67381278211965 -618.8439933456757 474.97598245948853 364.2426553904747 218.47736582348634 -612.1820176788694 473.17315061798234 325.4750919124117 240.50628999278135 -636.4356554220249 495.14184305969223 357.12420073438585 250.87699865446902 -605.6762749825963 484.6740391173389 324.3920923349485 244.0665515506681 -619.6603210189678
250.00488558979578 1.3901023647958881 2.865769440237138 1.3901023647959294 0.0 1.3901023647959208 1.390102364795769 1.5541816916835274 0.6950511823980742 2.86576944023727 0.0 1.3901023647959452 0.6950511823978834 2.865769440237365 0.6950511823980098 0.6950511823979639 2.865769440237207 0.0 2.865769440237408 0.6950511823979383 1.3901023647960575 0.6950511823980752 1.3901023647958426 1.9659016173813066 1.3901023647958557 1.3901023647958346 1.3901023647958144 1.9659016173813977 1.3901023647959025 1.3901023647959787 1.3901023647960071 0.9730716553572499 1.390102364795785 1.3901023647959876 2.865769440237345 0.6950511823980702 1.3901023647961293 1.9659016173813086 1.554181691683317 0.6950511823980486 0.6950511823978953 0.6950511823979809 1.5541816916835185 1.3901023647958615 1.3901023647959614 0.6950511823979542 1.3901023647958082 0.6950511823979922 0.6950511823978872 2.8657694402372575 0.6950511823978553 0.0 0.6950511823978619 2.8657694402372624 0.6950511823978367 1.554181691683518 0.6950511823980782 1.3901023647959971 0.6950511823980345 1.3901023647959467 1.3901023647958521 1.3901023647959663 0.6950511823979417 1.390102364795969 0.6950511823979266 0.6950511823980698 2.865769440237172 0.6950511823979592 1.3901023647960051 0.6950511823979313 1.3901023647959758 0.6950511823979882 1.5541816916835267 1.3901023647959316 1.3901023647959951 0.6950511823978854 1.5541816916836624 1.3901023647958966 1.3901023647957516 2.1979448267707813 1.3901023647958026 1.3901023647959418 0.6950511823979555 1.390102364795884 2.865769440237291 1.39010236479592 1.554181691683537 2.865769440237325 0.6950511823980372 1.3901023647960074 0.0 0.0 0.6950511823979976 1.3901023647959816 1.3901023647958894 2.8657694402372997 1.39010236479586 2.865769440237181 0.6950511823979534 2.865769440237196 1.3901023647960205 1.390102364796033 1.3901023647958626 1.390102364795936 1.2530213386037825 1.39010236479593 1.39010236479589 1.3901023647959785 0.6950511823979261 1.390102364795848 2.1979448267707253 1.3901023647960127 1.3901023647957729 1.3901023647958846 1.3901023647958715 1.5541816916835176 1.390102364795984 0.6950511823979514 1.3901023647957687 0.6950511823978606 1.3901023647958322 0.6950511823980617 1.390102364796004 0.6950511823978777 2.8657694402372744 0.6950511823980704 1.3901023647958972 0.0 0.6950511823979982 1.3901023647959436 1.3901023647957975 1.3901023647958555 0.0 1.3901023647959896 0.0 1.554181691683465 0.6950511823978894 1.3901023647958952 0.6950511823979103 2.8657694402372256 1.3901023647959825 503.09556811181034 364.9618636186514 211.13681477989826 -595.0276494540078 502.3610369438011 393.3630033245232 248.16177475429836 -611.8847429674012 480.78294684036496 381.70861265716934 245.1943849562838 -615.2612625442193 492.640015649491 344.71052654320584 252.7626689247979 -627.7179285388625 475.7681526015449 326.7208223759259 258.0072919179063 -612.730103593913 476.10198788356007 378.71533746425064 227.47620681059072 -592.6309625449462 495.6811207652152 362.9419462105105 198.7133933686694 -572.7258333312955 480.92198945734344 390.51620228407995 249.5635971032352 -638.0982333371932 481.6632125559854 325.76643704333077 231.73997566762762 -621.1477941379362 490.67457895330523 321.589163912802 248.92472082217932 -643.6540665043098 498.2487305022687 370.3000044670848 233.2247910915426 -597.3749513379242 482.81988800001534 357.9090287194483 214.48813999082074 -562.9412924826196 491.14278361306214 368.0786266240308 225.39922779984244 -577.1813134147333 475.35364987081465 344.29547380201404 243.52658314696512 -598.396350030255 499.9986135583941 358.90402238981386 203.61689762940554 -584.2253639543565 496.93127417538625 299.7450160030935 219.89764363283138 -584.6906704422536 487.1469123891446 315.6756077969826 249.783143384084 -601.2952717314735 480.7011358400725 343.6750856329116 240.59873474671505 -591.7149418687485 478.09446371112836 321.4609080806499 246.20725412919674 -594.389513647191 493.68541669410786 316.9262992080829 227.31174446645605 -605.4489590458963 485.5589267522567 368.5256902664429 227.70668876971519 -624.0397045089121 472.7881420188262 353.6098819482729 213.059655659761 -571.128913928453 496.9077834401018 346.6542940125501 239.20986750197454 -601.7842309053033 498.22318017452506 389.7008055198787 244.9324745282575 -627.293267609647 488.5383669169708 340.2595729075332 250.56477994680276 -632.7403202702395 471.6115663989706 346.1607147067003 240.11946004667226 -607.9197667563474 476.8951630796332 354.9941293286993 233.8313919223679 -610.7014399876377 469.7111128050949 328.5065904887734 197.65572399685126 -580.296632422133 491.27292873586094 335.1783051308934 229.0422565208204 -612.7032421936021 497.59572596599475 331.6690343468269 235.39958068675307 -578.8208134700266 499.48538773572335 340.9260044504877 226.58103477788063 -598.6844128568081 479.15679552679643 349.80172537842617 225.33728525683696 -583.1306018412702 497.8745148597603 378.58239449825834 231.2245461988217 -583.9160882782284 485.501759673276 332.309457974603 218.03631252282534 -598.9756328909407 488.23585625726525 327.26689036234444 217.92260214317352 -592.40274845667 490.1032898046901 353.3820274054726 236.92948122136207 -636.1214911286069 471.4758059948079 338.07724876958906 239.9319781253181 -614.4527707501487 489.6143545722499 376.77901623266456 256.3507833720973 -637.2402582531677 477.03747005029527 337.53090011914617 237.9424869556304 -624.6574640995593 473.38659079071283 332.39084688368706 230.19849699632863 -577.0609703541235 478.99179269948536 396.4762953285246 219.0306408141432 -573.1853426187927 478.01478210143404 368.9136221832613 246.28204908392235 -647.3763737806472 500.7906865046923 351.52983851088476 205.59421182661356 -591.6233177425266 493.6519030367826 303.5943833758642 226.18276445302763 -617.1663609385492 486.1356753581914 384.75384130224995 238.37196528653035 -585.5247417264038 473.84554494141344 368.6696748230097 247.07221450177505 -604.852274673724 480.8865997077756 314.9863592442092 232.19910628361686 -590.4076392630974 474.34288370631174 314.6154466110507 207.34714130972276 -565.8939958660433 483.6102558168899 351.34899228175703 234.36912836984234 -604.0653642638059 495.41430255904777 337.5279663449107 237.82251008150826 -594.9879649313601 491.89700759415626 385.1507105547245 223.2869505515233 -561.7843670560452 481.94897381251155 374.69339131831947 237.9115172436326 -630.6608897945638 483.6909736779814 338.22161416527206 254.22831581456944 -615.4963108115335 489.1317690137023 360.412013668586 217.59568889126004 -607.142899747521 496.53019277352513 311.0240155251516 232.7378244314409 -627.0730976161792 477.2704014544937 386.67169815677715 212.45194407911757 -601.8563296473857 493.49892223098703 329.3094177533348 234.72916928980257 -617.6120304889223 492.92639599876304 395.3432455172969 241.2422591677822 -621.2517817206472 494.21753708799935 378.55236035882376 212.11966899389114 -579.5947097769091 479.2883978390282 332.3025777128569 211.95250199459056 -588.1878671631324 489.049336361024 392.95274014505407 225.75310855755725 -569.8341352045624 506.5607749118675 384.58052475898387 243.53227762850327 -633.7471579207846 485.9000076675458 346.91332967583213 205.83532591225085 -578.1110500972695 480.4909443116267 363.8139822839665 223.63840924053184 -609.0537924428614 503.90394548795985 372.3361541791581 257.5837684341584 -625.1012996361585 496.1372436473026 323.47212529359246 252.5232207581615 -620.8526936472315 474.53237348027227 360.7900173740698 219.35224383237514 -613.454902233874 472.43053491437547 320.8960891266212 242.25624871769355 -638.981295650414 495.3537925243979 355.11795032886863 252.7263738894764 -607.6849996407092 484.27088544678963 320.53224509232564 246.07505898252086 -621.559656413572
260.0048855897958 1.3901023647959323 0.6950511823979788 0.6950511823979849 1.3901023647959678 1.9659016173813637 2.865769440237359 0.6950511823980382 1.3901023647960533 2.865769440237398 0.0 1.3901023647960324 1.3901023647960156 0.695051182397903 1.3901023647959203 1.5541816916835745 1.3901023647959159 1.9659016173813697 1.390102364795956 1.3901023647959605 1.3901023647960575 0.6950511823979342 0.6950511823979298 0.6950511823979773 1.3901023647958042 0.6950511823979446 1.5541816916833042 1.5541816916835165 2.865769440237194 0.6950511823978844 0.6950511823978761 0.6950511823980212 1.3901023647959287 1.390102364796029 1.3901023647959665 0.0 1.3901023647958934 1.9659016173813786 1.5541816916834204 1.3901023647958421 1.3901023647958415 1.3901023647958497 1.3901023647958226 1.3901023647959303 0.6950511823979278 0.6950511823980764 2.865769440237307 1.3901023647959796 2.197944826770716 0.695051182397874 1.3901023647958202 2.865769440237237 1.3901023647958182 1.5541816916834963 1.390102364795939 1.3901023647959339 0.6950511823979124 1.3901023647959942 1.3901023647958732 1.3901023647958413 1.390102364795923 1.554181691683429 0.6950511823978887 1.3901023647959476 0.6950511823978808 0.6950511823978976 1.39010236479583 1.5541816916834663 1.3901023647958897 2.8657694402372975 0.6950511823980235 0.6950511823980106 0.0 0.0 2.8657694402373446 1.3901023647960427 1.5541816916836624 1.3901023647960065 0.6950511823979246 0.6950511823979966 0.6950511823979341 0.0 0.6950511823978778 0.6950511823980668 0.0 0.6950511823980385 1.5541816916834317 1.5541816916833893 1.3901023647957627 1.3901023647958635 1.9659016173813266 0.0 1.3901023647959279 0.6950511823979455 1.3901023647960613 0.0 1.3901023647959028 1.3901023647958866 1.3901023647960757 1.3901023647959625 1.3901023647960888 1.3901023647960293 1.3901023647959938 0.6950511823979449 0.6950511823980212 1.9659016173813257 1.3901023647958708 1.390102364796041 1.3901023647959396 1.3901023647959387 1.3901023647958068 1.3901023647958983 1.5541816916834736 2.865769440237273 0.6950511823979723 0.6950511823979778 1.3901023647958946 0.6950511823980134 1.3901023647958661 1.3901023647958521 1.3901023647958721 1.3901023647959743 0.6950511823978562 0.0 1.5541816916835807 0.0 1.3901023647957882 2.8657694402373344 0.6950511823979966 0.0 1.3901023647958672 1.3901023647959077 1.5541816916834628 1.5541816916835345 0.6950511823979664 0.0 0.6950511823979156 0.6950511823978747 1.3901023647959325 1.3901023647958632 1.3901023647959263 501.97362815092356 363.2129009363995 212.01166491714253 -596.3005704053537 502.7333930551929 392.12228334897617 250.07082558498962 -614.3210193103121 480.47659066314014 379.01332705505325 247.0039731669447 -618.2344865175995 491.84368782479584 343.69046856676783 253.1603413116123 -629.3188658442176 475.532286967591 322.823492289753 259.87652699690307 -616.1309026901768 476.76476298348666 377.0163664020073 228.56984349877007 -594.2220621468911 495.1556662630728 362.2591174538225 199.905899697831 -573.7805342454035 481.45819678929354 388.0670220322484 250.9357106226893 -640.4350397447101 480.9078523000361 323.1662212593029 233.43027961936824 -623.2658678116278 490.82982470479027 319.5811194511697 251.27127471572652 -646.7267421531773 498.1024713874449 369.5416822788925 235.29287678004042 -599.7019231017908 482.7506081634192 355.5612122442599 215.04408257362763 -564.4332965259101 490.85171718836796 366.56111255733117 226.45269182535088 -579.7370515522854 474.5782253886203 340.51244651740853 245.55486020537347 -601.6878183589497 498.6471296309863 356.02087565741067 204.49155643672287 -585.4984715236175 497.2839076685234 299.2556666732477 221.20983058655256 -586.600085554481 486.46920186081064 312.65948616779855 250.77737976472346 -603.4232584488124 481.10676403043664 340.83485121567395 242.945152521717 -594.7877184977418 477.96008283830463 317.1410832790702 248.27535397486648 -596.7164628125187 493.02210607837765 313.9080679411308 228.56453578370483 -606.9306430021638 485.12310636820087 366.2520240146417 229.11860897154196 -625.4119912171576 473.01223232859974 350.8080446258616 214.3713940509893 -573.0386240453162 495.9154981577418 343.70404128098835 240.97957043474048 -605.7220046426462 498.46362437340474 388.87295806258476 247.0701917363221 -630.7437935265367 487.72720168251936 337.27353257537413 252.47384317322903 -635.1765866234343 470.80172596434466 343.1749787613303 241.73009027391242 -611.966907645557 476.96695426067316 351.4354473025174 234.70635888484622 -611.9742717410876 469.3739929436537 325.0258239276855 198.84836240413736 -581.3512643394376 490.8011283942071 332.91086808604354 230.67290735965227 -614.3937503105898 497.22590365139945 328.98553092536326 237.36796131388502 -581.6848565703651 499.130211271278 338.24004087890495 227.45595448174905 -599.9572633621336 478.31607875774705 345.6377511509159 226.33125973073217 -585.2586948968262 498.42432031606535 377.3042126871875 232.21860662951102 -586.0441500120075 484.8960541339329 328.49070053751024 219.7264924333071 -601.0938040209148 487.97086241260945 324.1628319727488 218.85704833772564 -594.1032596929214 489.38573454632217 350.77045730467074 237.80446040351612 -637.394311498715 471.14863276269654 334.5966018449591 241.1051507556714 -617.8634834086539 489.7088956953297 375.1885840015308 257.94164214686623 -639.8952694056775 476.7513835763593 335.22442435661907 239.03620867753975 -626.2484910797461 473.43050810083326 328.8295912503388 231.1924197377529 -579.1891255041626 479.3493101369255 394.0604532707854 220.34255909582672 -575.0949210995175 478.40812448270304 366.8694078952854 247.9842795464959 -649.954824131273 499.5776892438596 349.41056931963504 206.84677100723925 -593.105156320321 493.55641876125026 301.6266815426905 228.0321594390225 -619.175073172086 485.980403726286 382.82105795202386 238.78927421085905 -588.5178246465276 474.39764052260807 365.41557856472065 248.24537151831336 -608.2629902281354 480.1063301974324 312.3808118162043 233.69033028614962 -593.5996727689876 474.28472929817724 310.6849615994263 208.6584527648671 -567.8040257906732 483.30388461752864 347.86596348623146 236.11902951288948 -606.6110398680171 495.24452581611126 334.8024297777112 240.06945955424698 -598.5976696446774 490.7201508244268 383.00960096974467 223.00722999138824 -564.7872699373586 481.4016530071006 372.833149403238 240.19842443904378 -633.3059918005156 483.70846763085433 335.456569831598 255.60042399415002 -617.8331203667918 488.5351912925472 357.38142459912757 219.1666790664998 -608.4058567592816 496.45935633369254 309.8493075192351 234.3336301472674 -630.0761399107578 477.8769056698143 384.596437955287 213.70467655447257 -603.3380270586515 493.01815170859106 327.042833626261 236.67803766129973 -619.0837834106243 491.8976404542443 393.95811630748483 242.89275192893678 -624.3343754024474 494.0569077438238 376.6175440014549 213.49114499647433 -581.9319030073251 478.64843267934947 329.2800429409257 212.88685099619056 -589.8884263905757 488.12490900881846 389.9792781254953 226.7467827910902 -571.9623746518429 506.16261837084386 383.47290765925123 245.9782892301444 -636.2828855944923 485.9670206160385 343.3554060281177 207.266221545118 -580.8758975098042 480.01462558623933 360.36689775486 224.5133514380558 -610.3266394076006 503.75887231092895 371.578848645009 258.2001857728252 -627.0204421483274 495.1871346264367 320.9097746877052 253.13963632570415 -622.7718365177175 475.2560281842719 357.4977672860315 221.73856451176482 -615.5631049143936 471.78551136520724 317.8755995090469 244.006209419542 -641.526934632454 494.2570386223175 352.5818756723087 254.37685620026787 -610.7675979714628 483.6088882873233 317.5133919781829 247.94429674242434 -624.9604550969719
270.0048855897958 0.6950511823979199 2.865769440237224 0.695051182397858 0.6950511823978922 0.6950511823979761 1.390102364795963 0.6950511823979503 0.6950511823981246 1.3901023647959734 0.0 1.5541816916834286 1.3901023647959057 1.390102364795986 0.695051182398009 1.3901023647958637 0.6950511823979786 1.965901617381315 1.3901023647958786 1.3901023647960458 1.3901023647959467 0.6950511823980446 1.3901023647960973 0.6950511823978845 1.3901023647959414 1.3901023647958586 0.6950511823980392 1.3901023647959985 0.6950511823978895 0.0 0.6950511823980006 0.9730716553571449 1.3901023647959245 2.865769440237256 0.6950511823980801 1.390102364795884 0.6950511823978341 1.3901023647960344 0.0 1.390102364795859 1.3901023647958481 0.6950511823979785 1.3901023647958093 1.9659016173813237 1.3901023647958966 0.6950511823979897 1.3901023647957713 0.6950511823979075 0.6950511823979401 1.3901023647958748 0.6950511823978754 1.554181691683442 1.3901023647958815 1.3901023647958954 0.6950511823981145 1.5541816916834343 1.3901023647957749 0.6950511823979026 2.8657694402373592 0.6950511823980523 0.6950511823979121 0.6950511823978878 1.3901023647959962 0.6950511823979408 1.390102364796047 0.6950511823979311 1.390102364795867 1.3901023647959112 2.8657694402372775 0.6950511823978938 1.3901023647960118 0.6950511823980249 0.0 2.8657694402372154 0.6950511823979295 1.3901023647959285 1.3901023647959467 2.8657694402373157 0.6950511823978626 1.5541816916834426 2.8657694402372593 1.554181691683483 1.3901023647958035 1.3901023647959065 1.554181691683573 0.6950511823979048 1.554181691683501 1.554181691683453 0.6950511823979721 1.3901023647960224 0.6950511823979696 1.5541816916835232 0.6950511823979177 2.8657694402373703 0.6950511823979966 1.9659016173813078 1.390102364796 1.3901023647960007 0.6950511823979938 1.554181691683509 0.6950511823979899 1.390102364796017 0.695051182397933 0.6950511823980255 1.3901023647960657 1.9659016173813455 1.390102364795948 0.6950511823980107 1.390102364795901 0.6950511823980579 2.8657694402371945 2.865769440237228 1.9659016173812212 1.3901023647958222 1.390102364795985 0.6950511823978999 0.6950511823980211 1.3901023647958988 0.6950511823979499 1.3901023647959194 1.3901023647957735 0.6950511823978917 1.390102364795978 0.6950511823979793 1.554181691683484 0.6950511823979129 1.3901023647960806 1.9659016173812556 1.9659016173813118 1.554181691683413 1.9659016173812895 1.390102364795905 0.6950511823979945 2.865769440237357 1.3901023647959148 1.554181691683376 4.170307094387881 0.6950511823978814 1.390102364795828 0.6950511823979162 1.3901023647959125 501.3649794948135 362.1545016871686 214.13938099205814 -599.0551128113834 502.75928673891184 390.15479415376245 251.2440139100112 -617.7317278821114 480.10470073841657 377.11808271348787 248.44563781083144 -621.6949251170875 490.7121935923811 341.1697198380234 256.79953962709317 -632.9086663109381 474.4881276112406 319.10303542881763 261.0895358225928 -618.5770824403224 475.93401962645765 373.8335158624434 229.822643307621 -595.7037417103094 494.20045117267364 360.4826599245167 200.52186001568344 -575.6998888378507 480.90292495000523 386.2084180487251 253.06351935355488 -643.1895105853233 480.7977908153978 319.22595067801996 235.55808311448473 -626.0203427639873 489.67938627123067 315.48874762046626 253.39908346103397 -649.4812129797459 498.7818490336603 367.0421436179353 237.00297468527506 -603.2121105662617 482.325485757481 354.4645628101982 216.6148572356198 -565.6965326611186 490.31904226444027 365.8826232202409 227.9241379177319 -581.5370091238572 474.1835122420003 335.06456656099004 247.08605930256022 -603.9152624213098 497.6432288549862 353.0725013993846 205.96293424066062 -587.2984644904724 497.01496193846583 294.8993596741277 222.5222011062679 -588.5093769570193 486.02688218303746 309.98673767325374 252.10966310359623 -606.7245984186782 481.1063203261796 338.072487397233 244.675270484698 -595.9412771372488 476.9124844447148 312.62520601761815 249.8065468822582 -598.9439122577583 492.03328040492585 310.57051905383423 229.93662745743075 -609.2674598228425 484.5524805416056 364.39577465069056 231.1867702217847 -627.7388892769554 472.1082363581629 347.44806202402503 216.06138807278353 -575.1569430695122 495.4315041579695 341.4380325355224 242.55059617674428 -606.9849201525894 498.5801389247722 388.4597149745403 248.50194724480565 -633.508177710767 487.38914385343 333.00188344077173 253.6272115649892 -637.1951881928568 471.3892891210444 339.49168104634356 243.85788905246494 -614.7213857839117 476.97999938646956 348.6706267088697 237.1125403737109 -615.4745358524534 469.1523178545204 322.3015988407362 200.4787585582644 -583.0420062087316 490.61535879707947 329.394418221274 232.19420507289817 -615.925138203265 496.71991426051807 326.72634052886843 238.24289672291846 -582.9577181315365 499.047186130055 337.8620462366025 228.76839738054096 -601.8665099099077 477.78758811009266 342.20022687640954 227.7628781473197 -588.0231311521426 498.0966821784721 374.61473746640513 233.15317275158736 -587.7445823999194 484.7010662707506 324.9732495201058 221.73498390164713 -602.9931615345247 488.48746980263417 322.06499626491905 220.01035303345222 -596.1218905450761 489.39970618629485 348.005643601768 239.773166126802 -640.2581552792419 470.20828860440827 331.24212812543396 242.63636109370435 -620.0909206682155 489.2598180216017 372.91609297470126 258.61770339170755 -642.2419886359495 476.9607133856593 330.82751928468844 241.04473049529153 -628.147808696273 473.1239947868423 325.72784607712464 233.20084577381027 -581.0885444791819 479.06130403431087 392.5438591406225 221.65485085996468 -577.0042875354768 477.9509571442484 364.59481558502506 250.549578588283 -653.3457046024389 499.10037613449157 347.14488391266644 208.41773570298773 -594.3681488984529 494.6674718911613 299.7466957177908 228.94695643101215 -619.4833692938014 485.53966363506146 380.5474823931943 239.34601518719333 -590.0094013144151 473.81365102039393 361.59120637982227 248.66286059702463 -611.2560331832163 479.3750672964175 307.7864099795976 235.44024197635184 -596.1453443905726 473.1055612888266 306.5998187195197 209.27442274552675 -569.7232321339895 483.6294782360836 346.61452617059973 237.70986800997315 -609.2660623111917 494.58218966952074 331.7849731071148 241.32227084386093 -600.0793367134826 490.01494137170994 380.3919639294291 222.98683146479138 -567.1438650002779 481.4437960134168 370.0720174479606 242.32623224326593 -636.0604633661529 483.4290509647578 332.3557261005426 257.4696678486245 -621.23391499253 487.6890543128138 355.18954615909837 221.3342848422384 -610.1958234060766 495.53757263547055 307.6882067687967 236.411706855958 -633.0990876346868 476.9828243093866 382.01472137153536 215.7131584901732 -605.2373898352955 492.5426786336676 323.1921518681729 237.7319415482859 -621.6393366078662 491.35093418641503 392.0974285262739 245.28407649042896 -626.7905527073134 493.75754621545155 375.1011930843923 214.7438172531007 -583.4136626605056 478.3830145161247 324.5874343301773 213.38392664509468 -590.952446435814 487.07487979449326 388.6066438993343 227.7408047946721 -574.0904523092993 504.8179848961314 380.5857159764072 247.95690794457894 -639.8427816590801 485.968961785891 340.58727627368904 208.95630656883517 -582.9941658409277 479.27874960101093 357.75559828835736 226.74059967342956 -612.5441796549346 502.6621256713906 369.0395113605014 260.4870965184263 -629.6655407806456 494.86468299709094 317.8134329260334 254.73049395369208 -625.426848411751 474.627288955916 354.4741036932857 223.84654038561072 -616.9254878005054 470.8308883428253 313.7393999572714 245.37832297669198 -643.8637410049372 493.2467126182949 349.639351888353 255.2716575177715 -613.4325238762386 483.4552552197249 315.16940531884063 251.26528871673872 -628.7690021990653
280.0048855897958 0.6950511823978922 0.6950511823978864 0.6950511823979677 2.865769440237439 1.5541816916834401 2.8657694402371283 1.3901023647958752 1.9659016173814845 2.8657694402372407 2.8657694402372846 1.5541816916834965 0.6950511823980065 1.390102364795943 1.3901023647960373 0.6950511823979842 2.8657694402372713 1.390102364795898 1.3901023647960735 2.865769440237283 1.5541816916836624 0.6950511823979173 0.6950511823979784 0.6950511823980324 0.6950511823980208 0.6950511823980426 0.6950511823979452 1.9659016173813741 2.865769440237386 0.6950511823979646 1.3901023647960489 1.9659016173813226 1.3901023647958226 0.6950511823979648 2.8657694402372185 1.3901023647958874 0.6950511823979221 1.9659016173813877 1.3901023647959858 1.3901023647959598 0.6950511823980299 0.6950511823978879 1.3901023647959805 1.3901023647960402 1.3901023647958246 1.3901023647959483 1.390102364795844 1.3901023647960327 1.9659016173812762 0.6950511823979569 0.6950511823980561 1.3901023647958934 1.3901023647959831 1.5541816916833249 2.865769440237282 2.86576944023733 1.3901023647960065 1.3901023647959172 1.5541816916835005 0.6950511823979748 0.6950511823978933 1.3901023647960251 0.6950511823979102 1.5541816916834468 0.6950511823978873 1.3901023647959168 1.5541816916834663 1.3901023647959037 1.9659016173812938 0.6950511823979558 1.3901023647960544 1.3901023647959712 1.3901023647958206 1.390102364796047 0.6950511823978686 0.6950511823979568 1.5541816916836624 1.3901023647958668 2.8657694402371683 1.3901023647959103 0.6950511823980335 1.3901023647958566 0.6950511823980682 1.3901023647960309 1.9659016173811572 1.3901023647959805 1.390102364795946 1.5541816916834272 2.865769440237144 1.3901023647958566 1.390102364796066 1.5541816916833926 2.8657694402371128 0.6950511823980035 0.6950511823980914 1.7376279559948367 1.3901023647959472 0.6950511823979043 0.6950511823979421 0.6950511823980232 1.390102364795988 1.3901023647960038 1.390102364796054 1.3901023647959605 1.3901023647960933 1.3901023647959658 1.3901023647957786 1.390102364795874 0.6950511823979342 0.6950511823978912 1.9659016173812576 2.865769440237191 1.3901023647959665 1.3901023647958475 2.865769440237121 1.390102364795964 0.6950511823980281 0.6950511823979764 0.6950511823980209 0.6950511823979063 0.6950511823980762 0.6950511823980016 0.6950511823979197 0.6950511823980184 2.8657694402372966 1.3901023647959567 1.3901023647957922 1.3901023647959712 0.69505118239791 0.6950511823979696 0.0 0.6950511823980289 2.865769440237381 1.3901023647958484 1.5541816916833369 2.8657694402372846 1.3901023647959645 0.6950511823979366 1.3901023647959032 1.3901023647958226 0.6950511823979643 501.09734299595203 359.05314804179545 215.65075746389584 -599.8904602636914 502.6459681222772 388.6031712285387 253.37182157623627 -620.4861996766141 479.8565388695043 374.0145233178378 250.19559825947408 -624.2405642410934 489.90662154772156 339.3715581411671 258.6091434220912 -635.8818823614697 474.40976229010334 315.5482192627278 262.6803940632246 -621.2320939416047 476.07963911051866 369.8564964999726 230.49868639105395 -598.050467682863 494.2534672877182 358.89045932788247 201.45633779949202 -577.4003643743944 480.74668511834284 383.4862375601775 255.8873804789977 -645.934068513325 480.2072346470043 314.40331990731295 237.58643045175114 -629.3117647881973 488.8344175858326 312.11625533126283 254.15461324308762 -653.6476143698125 497.76314778398984 364.1012484466736 238.4148989826255 -604.5843956999815 482.20501841189065 352.1174526410025 217.74833417784018 -566.3231375860557 489.8899844044171 364.7925725327676 228.79907997924295 -582.8098515021466 474.987812097346 331.70390176423183 248.9951193201726 -606.3515320957265 498.0666822787894 351.39899791521276 208.03101982666846 -589.6254405501172 496.79198258819457 292.38354741107474 223.6557329632926 -589.1358961519388 485.4396318962154 306.1525194939472 254.39657103130588 -609.3696996229677 480.79008388630905 334.97783471896867 245.76898867757004 -597.532306260378 476.3508003279709 309.5881283381297 250.86044810573068 -601.4994673144552 491.3539456296041 307.1564239752245 231.3485522119789 -610.6397443743837 484.06969482493395 362.13001340135526 232.43959753608976 -629.2205417222274 471.72339547298594 343.97277736657435 217.69197374693667 -576.8475143342188 494.84375708130824 338.0093658034123 244.61875842159589 -609.3118177600819 497.78315268948813 387.4394871546769 249.23765106735308 -636.2824743865308 487.04858132141146 330.69946254521733 255.13860178656157 -638.0305172110997 472.2861526389008 336.5079053731567 245.54820552332802 -616.8394486575507 476.40778261477254 345.2389207183013 239.4590907240398 -618.547214273981 468.24279515238317 318.5561899636168 202.6861467755845 -583.8675610609325 489.6275178441243 326.05658899540117 234.262367263716 -618.2520351240674 496.66117461750804 323.9637194690074 239.67461927072426 -585.7221250679792 498.8894412842467 336.31541201669967 230.45870365986346 -603.9845791930733 477.94370305729524 339.396773526539 229.4531657271734 -590.1412212894139 497.4696402229618 371.5903411135139 235.06220723380287 -590.1808716956589 483.6968898908714 321.6388576635986 222.9878005945511 -604.4748240947906 487.52543053501256 318.9213214833146 221.26316146278086 -597.6035577244811 487.8714446142369 345.5770823824045 241.62258688804184 -642.2668439698937 471.0806258852071 329.04987626645135 244.76416826652394 -622.8453926105558 488.2982261481118 371.14622235988924 260.4273073147163 -645.2152046107581 476.6480145042089 326.14152003599764 243.29182387421426 -631.757434904863 472.50370438751037 321.5117603692184 234.0757986527294 -582.3613817280383 479.51657384265366 390.8805694312288 223.2258325795956 -578.2672563607185 477.38520828279707 361.95175369004 252.1800889632959 -658.7849252816998 498.82166246573235 343.25215114581465 210.04837860368312 -596.0586758383189 494.6771971147498 297.7338956389571 231.4526093223121 -622.4466756460502 485.45396622442524 378.2014364961152 240.39990752017138 -592.5649598888492 473.37327712384644 357.73707688816967 250.35317704504547 -613.3740958721573 478.94636164559586 304.7067317945204 235.99700870245994 -597.6369110225738 473.79628403330867 302.86003721185426 210.84534404927177 -570.986292292734 483.3972701750662 344.68987547636567 237.5705871165356 -610.7675395120064 493.8837412508042 328.7752178283628 243.3307887725299 -601.9786600130503 490.19200797319473 378.38673229224503 223.48389690916946 -568.2078863341785 480.91418805793677 366.63132003543524 244.1160102524024 -637.6415747241693 482.4596032588771 328.219800200531 258.4042908248443 -622.9343119141546 487.6282238000938 354.0171475064635 223.34279931458747 -612.0951476504471 495.24244003650426 305.7742674063535 238.2213101228996 -636.0723040514755 476.849962315327 378.4978318842752 217.6222013545567 -607.6736726961498 492.38173964205197 320.05349924926503 239.76028869772313 -624.930758698361 491.541393340936 390.0911894147738 247.41188457621104 -629.5450241309663 493.0200712707631 372.49176057536084 215.75808173655813 -583.1850415570946 478.4146541760858 320.61394219705494 215.01455489042695 -592.6429741557557 486.7336253809404 385.9173724976014 228.29752293454797 -575.5820394319506 504.5057246265397 379.07135518590235 250.46256414927433 -642.8060848248231 485.55109180849996 337.9102531946981 210.04996307315724 -584.5852430073019 478.4288683167292 354.77796246085006 228.70929734755677 -615.4080290188564 502.0772492735272 367.1890286161045 261.32226005725886 -631.9028874716989 494.5940805020544 314.2986529861311 256.4208121852807 -627.544909789048 474.17206813146083 350.6233980266638 225.75559851474068 -619.3617577189533 470.3573763814314 310.2824369471445 247.00899866310655 -645.5542248146563 493.07725712724215 348.88715875970775 255.62951264432755 -615.9979884142016 483.07354881745795 310.48652759267014 252.89596419382823 -630.4594861698371
290.0048855897958 1.3901023647958868 1.3901023647959345 0.6950511823980647 1.5541816916834175 1.390102364795985 2.865769440237284 1.3901023647959325 0.6950511823980838 1.9659016173812531 1.5541816916835587 1.3901023647959727 1.390102364795749 1.390102364795953 0.6950511823980123 0.6950511823979028 0.0 0.6950511823979747 1.3901023647958495 1.5541816916835327 1.5541816916836624 1.3901023647960016 0.6950511823980956 0.6950511823979536 1.3901023647959607 1.3901023647959747 0.6950511823978827 1.554181691683427 1.9659016173812047 0.6950511823979177 1.39010236479579 0.48653582767856224 1.3901023647958106 2.8657694402372833 2.8657694402373406 2.8657694402373166 0.6950511823978855 1.3901023647960253 1.5541816916833406 2.865769440237177 1.390102364795988 0.6950511823978782 1.3901023647959752 2.865769440237248 1.3901023647959214 1.3901023647958852 1.3901023647957906 0.6950511823979482 1.3901023647959652 0.695051182398015 1.390102364796068 2.8657694402373664 1.3901023647959205 2.865769440237237 0.6950511823979543 0.0 1.3901023647959845 1.3901023647959103 1.390102364796081 1.3901023647959954 1.390102364795997 0.6950511823978641 1.3901023647959758 2.8657694402373197 1.3901023647957846 1.3901023647959319 0.695051182397898 0.6950511823979973 1.9659016173812922 0.695051182398036 1.3901023647960726 1.390102364795919 1.3901023647959714 1.3901023647959472 1.5541816916835114 1.3901023647958837 1.3901023647960105 1.3901023647959436 0.6950511823978344 0.6950511823979945 0.0 1.390102364795944 1.3901023647960187 1.3901023647958852 2.8657694402372553 0.6950511823979894 1.3901023647959894 1.3901023647960131 1.3901023647960133 1.3901023647959336 0.6950511823978693 1.3901023647960085 0.6950511823979992 1.3901023647959845 1.3901023647958606 2.8657694402372225 1.3901023647960287 1.390102364795942 0.6950511823978867 0.6950511823980233 0.6950511823980217 0.6950511823979106 1.3901023647959412 1.3901023647959279 0.6950511823978913 1.9659016173813055 1.5541816916835347 1.390102364796021 0.6950511823980214 0.6950511823980425 1.9659016173815294 1.3901023647959736 0.6950511823979613 0.6950511823980045 1.3901023647958342 0.6950511823980232 1.9659016173812807 0.695051182397883 0.6950511823979058 0.6950511823979343 1.3901023647960762 1.3901023647960349 0.6950511823979468 0.6950511823980792 0.6950511823978999 0.695051182397892 1.3901023647959234 1.554181691683472 1.3901023647958688 0.6950511823979466 1.5541816916835072 1.3901023647959823 1.3901023647961084 2.8657694402373197 0.6950511823980171 1.3901023647959265 0.6950511823979237 1.390102364795989 1.9659016173812716 0.6950511823979804 1.3901023647960433 500.2744178656649 358.0533587939491 217.65927366061143 -601.7897846752032 502.7369032967294 386.216169839053 253.88878015643832 -622.9422915332241 480.0858862941572 372.3847165224852 252.00520191567284 -627.2137803716944 489.07700416971574 336.79238756443436 260.08071669834663 -637.6817387382374 473.6206382833015 312.56254315872746 264.0126905554475 -624.53342775089 475.84514359659227 367.9322002937859 231.81115209351924 -599.959700700277 492.91290009473187 355.6312054683656 202.27164567636655 -578.2456383196153 480.6391489767411 381.14049103458314 256.40433931251334 -648.3901603177449 480.53743711131636 311.1146174919717 239.17728889227863 -631.9667761399038 488.3007094689526 308.6600194831545 253.5578551987341 -656.8693141930438 496.81130048332267 360.7528524136859 239.6080831813103 -605.6384713797698 481.30333711601133 349.95100194717287 218.7425250327831 -568.4511406368023 489.8589542448899 362.0287237506148 230.37010408909106 -584.0727709099815 474.70370974647903 328.19378348560514 250.26777165022844 -609.2252891120439 497.3406364591487 349.983321758654 210.3577288153393 -591.3060402035484 497.4654710197721 290.1592893608712 224.64998635080607 -591.2638772252501 484.80165566289276 300.31344066543517 255.98742893923256 -612.0247113545555 480.1375534586231 330.76397199307587 247.61840696341514 -599.5409975016039 475.0861517794462 307.13772212555796 253.10753912139157 -605.109095046371 490.61158069964796 303.75502984005465 233.5758180569925 -612.8572675817566 483.82991181820927 360.20128660200817 233.7122510349347 -632.094298262436 471.1875243179921 340.12729076118836 218.6265710450838 -578.5479241079497 494.6635373135516 336.4650721531146 245.65284081339868 -610.4752651653941 496.760264132835 387.26330421942714 250.33137678109375 -637.8734985149401 487.33090157142493 329.4332905208279 255.81466300977135 -640.3772364452327 472.74866008883174 333.6113170618594 246.54247110404262 -618.967422934106 476.0639008195221 341.34853557086154 240.393713542809 -620.2476111954129 468.29209317224957 314.95135915994416 204.6946313215366 -585.7669226958574 488.67218542089034 322.31532017876475 235.8532247490976 -620.9070469505971 496.3664130505036 322.04276223929514 240.45013363757533 -587.5318985480799 498.34506639549824 334.0637240549942 231.89045535314438 -606.7489652267457 477.30947874467785 335.17984796755087 230.82526582304632 -592.4780355719396 496.70190418658837 368.9901086721179 236.31502939355337 -591.6625279962097 483.47980471793414 318.50086428286295 223.6042147669272 -606.3939679144576 486.16355380873284 314.4865120350521 223.49042087813476 -599.8210882531 487.05911353744864 342.99318589728193 242.73613838282623 -645.249972860509 470.69493000689147 325.9597511649672 246.67323156788868 -625.2816588538584 487.33623153826966 368.59200836773283 261.1630112966248 -647.9895012374591 476.9169449284024 323.2847318555887 244.8826824826006 -634.4124461389912 472.48028601025385 319.12363447796537 235.547359915943 -584.1612473155196 479.7967224538372 388.4527020093086 224.41900507798007 -579.321349868155 476.23736169614 358.64680723471133 253.4486950873795 -663.2546290766281 499.020725255678 342.41552721607525 212.21598874518176 -597.848637616183 495.41303140394217 295.49385157421233 232.88436459808995 -625.2110599201619 484.692065740624 375.60093052518727 242.09022056877924 -594.6830260568723 472.50625440125367 353.96979421676684 251.30762534728206 -616.4665976142029 477.80970822474785 302.22508548169935 236.87198696181306 -598.9097317481898 473.5557996463013 298.5495690399291 210.96460597696378 -571.8414486432902 482.9510856692658 342.0200280463641 238.38592412058304 -611.6127821871087 493.4130565201479 327.6930095845844 244.58361540497054 -603.4603129058135 489.2166857882246 376.62378177664937 224.79632498695716 -570.1171435171634 480.5098897545303 363.9515974072874 245.60740926259902 -640.8335358877288 482.4491495843912 325.02976128093474 259.6769445831007 -625.8080683314087 487.55315286287214 352.8415268282769 224.81437059724334 -613.895005941478 494.8118635322052 303.4901724332386 239.81216874669144 -638.7273153069586 477.0335067598931 375.69108702477854 219.73018089226534 -609.0360446207924 491.79773676621994 317.8100185694735 241.98755672942406 -627.1482799461953 490.4695400181922 388.7390918633695 248.24704810774682 -631.7823708562477 492.25621115598506 369.89305963157676 217.38872766281128 -584.8755488594995 477.90361639034 316.35874911348077 215.63095875797728 -594.5621209871495 485.7635445555036 384.1512161989743 229.2321195536289 -577.2824494594696 503.8035282655104 377.6431117436935 250.76077781484952 -644.9439718102982 484.815058187648 334.912395017451 211.18349656640208 -585.2117564119567 477.8094588950756 352.15004849036046 230.1808693610741 -617.2078866712196 501.6353236434639 366.10264939400554 263.6091711806946 -634.547985757011 493.78812505250033 311.31484803233684 258.3497014666342 -631.3732806196117 474.0223029201909 347.48554544598096 226.2527308779035 -620.4257450465257 469.8126170511122 306.8287465914912 248.18219291589264 -648.9649310967865 492.16534681465544 346.72211128630124 257.0016259044311 -618.3347949655372 483.16909607407405 306.45248809994746 254.1686180432203 -633.3332425073608
300.0048855897958 1.3901023647958917 0.6950511823978365 0.6950511823978913 1.9659016173813761 0.6950511823979904 1.3901023647958617 1.390102364795887 0.6950511823980351 1.3901023647959394 1.3901023647958646 1.5541816916833786 0.6950511823978973 1.3901023647959312 0.6950511823979955 0.6950511823979059 1.390102364795831 2.86576944023724 0.6950511823979361 0.6950511823979892 1.5541816916836624 0.6950511823980307 1.3901023647961135 1.390102364795967 1.3901023647958581 0.6950511823979765 1.3901023647957835 1.3901023647959223 2.865769440237153 1.3901023647960051 1.3901023647960586 1.7376279559949488 1.3901023647960264 2.865769440237254 1.3901023647959871 1.3901023647960005 1.3901023647958686 1.3901023647959505 1.3901023647958086 2.865769440237327 1.3901023647960025 0.6950511823979576 1.3901023647960011 1.5541816916833926 1.3901023647959687 1.3901023647959216 0.6950511823979083 0.6950511823980539 1.3901023647959239 0.6950511823979794 0.6950511823979297 0.6950511823979655 0.6950511823979639 0.695051182398015 2.86576944023742 1.9659016173814625 0.6950511823980182 0.6950511823980327 2.86576944023739 1.3901023647959372 2.8657694402372655 1.3901023647959125 0.6950511823980685 0.6950511823980559 0.6950511823980419 0.6950511823978922 1.3901023647958133 1.5541816916835516 1.3901023647959674 1.3901023647959077 0.6950511823980087 0.6950511823979844 1.5541816916834994 0.0 0.695051182397971 0.6950511823979341 1.3901023647958206 0.6950511823979872 1.3901023647960997 0.6950511823979103 1.9659016173813315 1.5541816916835158 1.3901023647960047 1.390102364795856 0.9730716553571007 1.390102364796051 1.390102364795869 1.3901023647960085 1.3901023647960464 1.390102364796005 1.3901023647959645 1.5541816916835276 1.9659016173814245 1.5541816916834015 1.3901023647958195 1.7376279559949657 1.390102364795908 0.6950511823980022 1.3901023647958857 1.3901023647959285 1.3901023647960113 1.3901023647959685 1.3901023647959783 0.6950511823979656 1.5541816916833973 1.3901023647960125 1.3901023647960875 0.6950511823979153 0.6950511823979096 0.6950511823980412 1.3901023647960666 1.5541816916835307 0.6950511823981006 0.6950511823980131 0.6950511823979314 0.6950511823978931 0.6950511823980102 1.5541816916834572 1.9659016173813146 0.695051182397985 1.3901023647959099 1.39010236479602 0.6950511823980745 0.6950511823979333 1.3901023647960353 0.6950511823979169 1.3901023647959323 1.3901023647958766 1.390102364795911 1.3901023647958906 1.3901023647958504 0.6950511823979412 0.6950511823978528 1.9659016173813597 1.5541816916833673 2.8657694402372176 0.6950511823979832 1.3901023647959663 1.3901023647960724 1.5541816916835345 2.8657694402372096 500.0093267005413 356.13139768486207 219.9859989954691 -603.4703592853283 503.05283175353986 384.95891236235127 254.94268888436108 -625.4978430439565 480.4998468539987 369.90561179779365 254.03355089143847 -630.5052012163758 488.3002013640145 334.596980317755 261.52238594793425 -641.1421748511317 472.7738779627648 309.59126316234557 264.86767994620845 -628.1628791907319 475.7831383146005 364.372878923492 232.6463135471438 -602.197048233092 492.2717053208708 352.2092636810625 202.76876471918666 -579.3096277535842 480.4971647995081 378.79964580246804 258.0946577613218 -650.5082214997254 479.69327739669825 308.14110909338694 240.05226944284374 -633.2395954635382 487.79739437151983 304.78865184178534 254.09463983254798 -660.7175107608117 496.82785140295925 359.15523376809676 240.7614509819318 -607.6570734153458 480.92302630742097 348.4556795930643 219.83623082232833 -570.042178577629 489.22112835266114 360.2006149349558 231.8614943803615 -587.2647360143071 473.4199178574189 324.94165466649935 252.0375580419706 -613.1630327159985 496.3094276019573 348.25161142931523 212.26678281110296 -593.7423137460494 495.3836731341797 287.9686907718288 226.28065868868995 -592.954364877265 483.9244845639457 297.3508170414371 257.1009801770074 -615.0078403231013 479.7096324504033 327.6789149795962 248.7717746754859 -601.559599502298 474.9703557128649 303.95488138357854 253.30629250342767 -607.7839320340298 489.982505816559 299.5142267615003 235.32577838129868 -615.402906696589 483.5615389292318 358.2812559625484 234.9650791273095 -633.5759498524833 469.368524639424 336.2135693304046 220.31687634657527 -580.6659969324177 493.79179832078245 333.9000107286947 246.58746379763372 -612.1756620055025 495.84161671028585 386.67822056856556 251.98187827000564 -640.9560870757429 487.105562057095 327.09511029755225 257.2563322607143 -643.8376725587925 472.82187860033576 332.3924581219951 247.2583492046796 -620.3496148570873 476.32350321596516 339.2854734267212 242.78008416785752 -622.3557596744394 468.0940704458907 311.39936914335686 206.70313863825737 -587.6662552262032 488.3450277919658 320.40695127591357 237.92139047010355 -623.2339406057758 496.12453191789047 319.7074320042884 241.72278355873559 -590.4056568790513 497.275441638649 330.7510473923552 232.88472036006715 -608.8769397574622 477.17833798306543 332.41709888576986 232.01844958695318 -593.5321116289829 496.7256624329913 367.3974144417328 238.06498727409382 -594.2081689098561 483.10031968770505 314.99606908336716 225.55309393799027 -607.8657081757046 485.96893731783547 310.9315376871613 224.36539987695483 -601.0939084368422 486.67241452223334 341.497856161356 243.82986411583934 -646.8409969767645 469.3049917292693 322.3387519343227 248.30390721838936 -626.9721427100004 487.910238983276 367.66164962745506 262.9129724825388 -650.5351398158506 476.94569112389615 320.46965819424645 246.195153342984 -636.3216750928178 471.9348775416812 316.46924847543056 236.4819792413553 -585.8616455866896 480.12247942569707 386.40015040605914 226.16895421992538 -581.8669972249236 475.6890245040587 355.60156698160074 254.2798109149835 -667.087923226959 498.16044178941536 339.8459706574388 214.44325049781978 -600.0661648918766 494.5246839901161 294.5520864542957 233.4411402215787 -626.7026243980852 484.3467356166595 374.0954097604672 243.4623326436131 -597.0198334769494 472.04501935326834 349.7063236154332 251.72512429433044 -619.4596394059821 478.25782636595585 299.673859408116 237.42876165585787 -600.4012963996812 474.43052086982516 295.16272845199904 211.52135830137587 -573.333019050026 482.1774556215067 339.0320922634759 239.6387519308751 -613.0944339618881 493.0121535833305 326.20687676969106 245.89608564780542 -605.3695422651404 489.13923408988876 375.4532904412336 225.85021405795396 -572.6727001562024 479.4002392933927 362.6303480947861 246.82042045785178 -643.279714799848 481.9206244551603 322.3700128924713 260.3530057791424 -628.1547875735318 487.5569084837605 351.2471797179999 226.18648333560512 -616.2318129408897 495.12362631956574 301.79061241528535 240.68714931763125 -640.0001346130854 477.07303393847974 373.30223127420487 221.14211034115374 -610.4083247123725 491.0917211303381 316.0038771789471 242.6039751426001 -629.0674218211918 490.13359721412667 387.2318059704055 250.15611166151933 -634.21863690003 491.9088834678159 367.59210178096 218.32334251734474 -586.5759498353608 477.0666790027003 313.38483340517695 217.69911746743443 -596.889020785051 484.8748602616036 381.9759794033721 230.74350374278967 -578.1177858613723 504.007465245879 376.80574448081296 252.82894381604947 -647.2708652467771 484.2228528191118 332.6705947921193 213.41074974136092 -587.4292910396244 476.78064547924487 348.82290192494673 232.40813727845563 -619.4254080860467 501.0017371681012 364.2696684747752 265.3193154151692 -638.0581517083466 493.234083050499 308.66241496248796 259.78145780138465 -634.1376643589134 472.8829582581755 342.9920087627608 227.8435890880841 -623.080756529244 469.1758173806005 302.59066074694294 249.4946638024807 -650.8741600326741 491.1312491798358 344.9914767384117 258.1748200354722 -621.7455012879219 482.38495807886227 303.0589557144083 255.93840498851517 -637.2709858653369
310.0048855897958 1.3901023647959452 1.3901023647957826 1.3901023647958326 0.6950511823981019 1.3901023647959725 2.8657694402372504 1.3901023647960342 1.3901023647960236 1.390102364795849 1.3901023647958655 0.6950511823979996 1.3901023647959458 0.6950511823979196 1.39010236479609 1.3901023647959685 2.8657694402372806 2.197944826770791 1.3901023647960682 1.3901023647959534 1.3901023647960575 1.3901023647959188 1.3901023647959079 0.6950511823979005 0.6950511823980582 1.3901023647959425 1.390102364796001 1.5541816916835152 1.3901023647960178 0.6950511823979661 0.6950511823980305 1.7376279559949488 0.6950511823980877 1.3901023647959752 0.0 1.390102364795926 1.3901023647960877 1.5541816916834899 0.6950511823980712 1.3901023647959379 2.8657694402371328 0.6950511823979277 0.6950511823979093 1.9659016173813317 0.6950511823979288 0.6950511823978971 1.3901023647958186 0.6950511823979423 0.6950511823979363 0.6950511823979607 2.865769440237165 1.5541816916834204 1.3901023647958128 1.3901023647958652 0.6950511823979446 1.390102364795924 0.6950511823980774 0.6950511823979117 1.390102364796007 1.390102364795861 1.5541816916834945 1.39010236479597 1.3901023647957944 1.5541816916834776 0.6950511823980481 1.390102364795841 1.3901023647960713 1.3901023647960231 1.3901023647958026 1.3901023647960404 0.6950511823979642 1.3901023647958752 1.3901023647960957 1.3901023647958566 2.8657694402371305 1.3901023647960153 1.5541816916836624 2.865769440237366 1.3901023647958881 0.695051182397971 1.3901023647960837 0.0 0.6950511823979938 0.6950511823979103 0.48653582767857934 0.6950511823980886 2.865769440237235 1.3901023647959239 1.3901023647960375 1.390102364796003 0.6950511823979321 1.390102364795999 1.9659016173813455 0.6950511823980304 1.3901023647957846 2.8657694402372225 0.6950511823978951 0.6950511823980261 1.3901023647960984 2.865769440237244 1.3901023647957516 1.3901023647959032 0.695051182398052 0.6950511823979233 0.6950511823980191 0.6950511823979786 1.3901023647959798 1.3901023647959345 1.3901023647960244 1.3901023647959156 1.965901617381365 1.390102364795938 1.3901023647961024 0.6950511823979183 1.3901023647959505 0.6950511823980282 1.3901023647958057 0.6950511823979909 1.3901023647960404 1.5541816916834734 0.6950511823979333 1.390102364795998 0.6950511823979769 0.6950511823979935 0.6950511823980582 0.6950511823979034 0.6950511823978931 1.390102364795967 1.3901023647960944 0.6950511823979906 1.5541816916833728 1.3901023647958854 1.3901023647957755 1.554181691683395 1.390102364795815 1.3901023647958528 0.6950511823979088 1.390102364795945 2.8657694402374614 1.3901023647959123 2.8657694402373437 499.41814202352765 352.2961886306521 221.35811141309648 -605.8071663756782 503.633040809105 383.2369324567131 256.3346282742017 -629.2267541477032 480.0280128988821 367.23625781614754 256.36011361075936 -635.9345090121017 487.4720678197346 331.61938863686134 263.40154550299326 -645.239020606189 472.40693969572305 306.2776045046104 266.0806911507083 -630.6090581009297 475.9578594969858 362.7325487415194 234.17752904072657 -604.4244824895072 492.3424974347863 350.1943921492979 203.64373866590105 -580.5824509957293 479.7563928039136 376.5960798051007 260.4610374549866 -654.9730019119709 478.52926827437557 304.86073766698195 241.7425878731872 -635.3576566624099 486.96040340614724 302.6194475025775 254.45249625509055 -663.2829751393236 496.9077054266668 357.1420660219301 242.23302410706074 -609.4569299239885 480.5211107885162 346.96263893075593 221.0294115424439 -571.0962574852771 488.4599445072456 358.803814216759 232.85575831173875 -589.3927111851066 473.4963465284338 321.70754781625266 254.3442948239194 -617.2002358204658 495.7145465758432 346.0132947969523 213.14176189139482 -595.0151341152749 493.9996748654391 284.75760743520294 226.08173824219324 -594.0282647169406 483.04467672966257 294.389676894869 259.1691461214066 -617.3347338101555 478.86260959871 324.71144176475144 250.14388801562762 -603.8964059776517 473.9857567563217 300.62162575584654 253.66414874366419 -610.3493964314389 489.03085571735835 296.9767906386922 236.7973515390376 -617.2027631811336 482.3153521220433 355.8121125518092 236.27754999330824 -635.4851788070162 469.57453653390206 333.35144782408963 221.5697012661026 -582.1476520578556 492.6979764041034 331.4014569620442 247.70101519592467 -615.1587909373802 495.21027447468924 384.843469089669 253.35399189059376 -643.292893409905 487.0042590619048 323.9138189615484 259.25477728946913 -648.7896731069551 472.4081897528514 328.0948856635254 248.74974822641406 -623.5415760161267 475.9530753179496 335.78357725527366 243.97326955517363 -623.409833846823 467.48891790272484 307.95538730186206 208.1548843226401 -588.0740110303693 488.15550635583696 317.6486713028601 239.61170883835376 -625.3520018543954 495.8564918355794 317.3728483214485 242.99543607844268 -593.27941367343 496.3664166460982 328.1995008508395 233.97844589520977 -610.4679639505874 476.71268548755484 329.33967704270844 232.9530718350277 -595.2325090152715 496.7240851714998 365.80820417753006 239.05925249335982 -596.3361434193691 481.7575230192947 311.76757178554084 227.24341177581246 -609.9837698476643 485.3206370253855 308.7068448810749 224.80288986412953 -601.7303182622067 485.60171095419787 339.7876935590817 246.11677526669288 -649.4860952343172 469.64245557609405 318.6249956941768 249.09925390039714 -630.1740167420569 486.40783924071377 364.85507157474075 265.1600667020263 -654.144765435257 475.97785354717354 317.1312878588198 247.34852181004874 -638.3402766040041 471.7053596901371 312.91636255177224 237.85409112946576 -588.1984528636252 479.95660288044087 384.05647294889707 226.9842903115587 -582.712241161142 475.010912360484 353.78313809042555 254.99164126840662 -670.0660625844528 497.8392476764303 337.93068901888483 216.1335668137682 -602.1842276591705 494.67905996085824 291.68593661074385 235.07181588084904 -628.3931082337523 484.2652685882126 371.3323428076792 244.9438180961788 -599.5157425636918 471.4328231964803 346.6745454410589 253.6441007161986 -622.5919578305435 477.1175985093707 297.19293451018996 238.86051730890773 -603.1656805060346 473.3489594681357 290.6570470647515 213.09238485616683 -574.5959335064516 481.4592260449768 336.4274825044445 241.7665605042016 -615.8489049169351 492.3792882978618 323.97672083142635 247.70568923870263 -608.3427584422864 488.30615107380316 372.877093622252 227.04339683097228 -573.7267771673618 479.5790966509321 360.1928408740399 249.20679128256822 -645.3878630881937 482.00028037139185 319.13500977474354 261.62565971358816 -631.0285438795979 487.16190427300614 349.7520146780824 227.87680153903796 -618.3498743260579 494.76323778574687 299.88386325119797 241.2439250796147 -641.4916990534208 476.89503240458055 370.1605685099506 222.196018474356 -612.9638764533681 490.89556488145485 313.2466350210281 244.2942935633734 -631.1854830301418 489.67967716724155 386.1512311792172 251.58786800965294 -636.98302063255 490.78237786504155 366.28155612953617 220.01365695406903 -588.6940141271947 476.4953027573946 310.7367072230044 218.89230167159806 -597.9430963081495 484.0529228708062 379.39448329061076 232.49345987685808 -580.6634282172142 502.80151420441825 375.11284840598245 254.52917516168685 -650.0849788123045 483.03716985252123 330.59510284849733 214.78285845257605 -589.7661006291178 475.8087353451949 346.68665274574255 234.0388128746622 -621.1158919909536 501.6566803375243 362.90934389322905 267.5664096296079 -641.6677773305472 492.58283235508856 306.4396980035516 262.3069398932752 -638.4930722041127 472.8207656229515 339.808634096212 229.4742646867769 -624.7712404225473 469.1473916120886 299.78011274005155 251.24462498617427 -653.4197986125679 490.61506324346635 342.33279561513933 259.1690860786582 -623.8734753800697 481.5430405170142 300.8914434125748 257.66837502374455 -642.1732565796431
320.0048855897958 1.3901023647959931 1.3901023647958997 1.3901023647958783 0.0 2.86576944023736 0.69505118239794 1.3901023647958988 1.5541816916834745 2.8657694402372322 1.3901023647958979 2.8657694402372202 1.390102364795999 0.6950511823979639 2.780204729591882 1.3901023647959259 1.3901023647959996 0.0 2.1979448267708124 1.3901023647960096 1.3901023647960575 1.3901023647958959 0.6950511823980468 1.3901023647958621 1.3901023647960775 1.390102364795894 0.69505118239805 2.8657694402371847 1.3901023647960113 1.9659016173813326 2.865769440237101 1.5541816916834323 0.6950511823979664 1.3901023647960227 0.0 2.8657694402372527 1.55418169168339 1.9659016173812818 1.390102364795807 1.39010236479601 1.390102364796015 0.6950511823979604 1.3901023647958781 1.5541816916834286 0.0 1.3901023647959025 0.6950511823979139 1.3901023647959376 0.6950511823980742 1.3901023647958726 1.9659016173814434 1.5541816916835025 1.3901023647960198 0.6950511823978786 1.3901023647960558 1.390102364795978 0.6950511823978327 1.3901023647959583 1.5541816916836622 0.6950511823980149 0.6950511823979106 1.390102364795916 1.9659016173812527 1.3901023647958963 0.6950511823980551 1.390102364795962 0.6950511823980884 1.3901023647959334 1.3901023647960336 0.6950511823979006 1.3901023647959705 0.6950511823978996 2.865769440237157 1.9659016173812138 0.6950511823980329 1.390102364795862 0.0 2.8657694402373366 0.6950511823979253 1.5541816916835363 0.6950511823979262 1.3901023647959503 0.695051182397969 1.390102364795898 0.9730716553571007 0.6950511823978877 1.39010236479597 0.6950511823979094 0.6950511823980438 1.3901023647959296 1.3901023647959387 1.9659016173813821 0.6950511823979667 1.3901023647960309 1.9659016173813382 2.8657694402372753 1.390102364796067 1.5541816916835578 1.3901023647959463 0.6950511823979675 0.6950511823979943 1.3901023647959982 0.0 1.3901023647959583 0.6950511823978847 1.3901023647958948 1.3901023647960165 1.390102364795895 1.3901023647960093 0.6950511823979503 2.8657694402374654 1.3901023647959925 1.3901023647960715 0.6950511823980265 1.390102364796007 0.6950511823980213 0.6950511823979405 1.3901023647959114 0.6950511823979277 2.8657694402373433 0.695051182398007 1.3901023647959525 0.6950511823979763 1.3901023647959432 1.3901023647959425 0.6950511823980579 1.390102364795747 0.6950511823980362 0.6950511823979196 1.3901023647959907 1.9659016173813761 1.3901023647959463 2.865769440237339 0.6950511823979216 2.86576944023713 1.9659016173812576 1.3901023647960316 0.6950511823980694 0.6950511823980349 2.8657694402373557 2.1979448267706867 498.59320527177067 349.3183656821505 223.04842952911025 -607.9252278556537 502.50211177455645 380.3376687631193 257.34872013229665 -632.7468329954143 479.2928729365422 363.0350792649084 258.547565088059 -639.116557238914 487.0429532534117 330.1357431447527 265.46971151016055 -647.5659140371663 471.899482539342 303.2064126647389 266.81639512854537 -633.3833547290326 474.85766438828045 359.4312797739258 235.05250951372545 -605.6973018661291 491.6410298026146 348.386738024226 205.81136154663972 -582.3723976721897 479.8109755970735 372.98859567963336 261.6938744704878 -658.8112855796774 477.9129156435278 301.4190289269903 243.06497165448056 -637.9629379820861 486.1572736204169 299.23265402098957 255.4467623222305 -665.410949221356 496.1938246642685 354.5351056377202 243.9233424536412 -611.5749911710013 479.8889205803119 344.7329186882011 222.0236742819703 -573.2242329931515 487.27392050202604 355.9241370243241 233.7307384454347 -590.6655308037051 472.9978216054713 318.6338782256484 256.1538987194948 -620.1734518153017 494.42581930892425 343.5686699336271 214.51387439390558 -597.3519410804595 492.2871954495333 282.45426386407826 226.63851352466966 -595.5198293341866 483.1225708898183 291.9492242683656 260.9191072838597 -619.8803724049743 478.8463414167495 321.9003400165038 251.29725642408874 -605.915007533325 473.84664067906436 297.4403367171212 254.71805750480982 -612.904947925593 488.14966666430115 294.01602865393323 238.428027211291 -618.8932470079355 482.610320390488 352.5259831826844 237.96786843246886 -637.6032399977827 468.5794473515837 329.21619408686496 222.6634257031739 -583.7386771351357 491.84350133339575 328.43359549913663 250.08738599270413 -617.2669392581643 494.3652749944801 383.8636863578828 255.9192909290404 -646.683773883121 485.9850525472261 321.7972823444839 260.9649215369332 -652.2998390531575 471.25134346971055 324.8110942365942 250.55935212768847 -626.5147920047144 475.6035387465469 333.87625820303845 244.80843319249504 -625.6471805110788 466.90617799169047 305.30910093125937 209.28842657953837 -588.700508896229 487.6554374652987 314.5763328024766 240.82472003153416 -627.798180769961 495.28139335874056 314.72512161602003 244.58629445337826 -595.9344250656911 496.0934328544993 325.8681439029262 234.15737404720383 -611.7506961407327 476.03688916417155 326.31827966933434 233.62913262045754 -597.5792283933636 496.41213191483916 363.89527501480336 240.05351829391444 -598.4641175950496 481.17606874863344 309.1211722657708 228.93373003106203 -612.1018311665052 484.8495847416571 306.42991989313145 226.05571776855987 -603.2119699676456 484.51862675841215 338.09109176703316 248.06565579961978 -650.9578338730009 468.66166487523526 315.2905664412318 250.15316269472225 -632.7295682252848 486.75110236874417 363.161948368881 266.27361824334713 -657.1278943101266 475.584342026085 314.42982387949394 248.4422475479941 -639.9313007178075 470.90593561427283 309.52915431321145 239.54440900494444 -590.3165144305606 480.41006163798926 381.14820123026186 227.54106521856707 -584.2038061582683 473.71008926549763 350.5376483755636 255.9501216932924 -671.9374902286337 496.96412275171326 336.9742339650471 216.74998478471986 -604.1033697311907 494.7179508340401 290.4651810875965 236.3246440191855 -629.8747597860548 483.4050128965744 369.56336748662034 246.11701212772243 -602.9264489139938 470.5955985167769 343.7034517865986 255.67244976425826 -625.8833786405083 476.49586697207906 293.7525777522835 240.17298804018725 -605.0749095368836 472.6112669346675 287.2486626617738 215.16054699097026 -576.9228306319515 479.8916949089561 334.46377994993867 243.57616436257865 -618.8221209340106 491.73401897470245 321.7523424499279 248.20282223423354 -609.4067454958719 488.282386734333 371.2847517277564 227.9980120791997 -573.0705428592333 480.06818937782583 356.8543247685429 250.77782425581015 -646.6507694785339 480.944376160239 316.224796128696 262.3017209533919 -633.3752631111054 486.0027806109184 348.47218199995547 229.3483747889954 -620.149730738807 493.7337456799743 297.7727227074815 243.43137655594902 -644.6737472808852 476.4817872962182 367.07056883113245 223.4488464982642 -614.4455281032923 490.6873199950011 310.4900499485156 245.5073047690079 -633.6316619390908 489.1165409502927 385.4999417658012 253.93442189738002 -640.0556962855536 491.0186307200216 363.4195704652566 221.2068413716179 -589.7480890519164 476.84005690564493 307.8165101165247 219.76728189324555 -599.2159159074081 483.84469081964517 377.0538491475233 233.6270019880464 -581.2899257933225 502.59191171151355 372.7710606841589 255.86147184976969 -653.3863125100606 482.6837890262053 328.68557944009837 216.37371535250298 -592.4211127811191 475.1779347592203 344.4596363466664 234.91379343760917 -622.388711302453 500.5952079251853 361.1949009242053 268.7396039061272 -645.0784836024027 492.0003456963086 303.7932855237686 264.1563607515463 -640.5017608133983 472.55672944755395 337.47400725535 231.16458309541514 -626.8893016410855 469.08142566261813 296.1742851547079 253.17351438177033 -657.2481693810965 489.3248114941416 339.89051707649423 260.91904725560477 -626.4191139639329 481.32736075704804 298.1357294575938 260.23367406247917 -645.5641370531531
330.0048855897958 0.6950511823979681 0.6950511823979201 1.390102364796031 1.3901023647959965 1.3901023647960025 1.5541816916835232 1.39010236479585 0.6950511823978753 1.9659016173814041 1.9659016173814094 1.390102364795906 1.3901023647960669 1.3901023647958604 0.695051182397923 1.390102364795963 1.9659016173813901 1.3901023647959017 0.6950511823978791 0.6950511823980648 1.3901023647959454 0.6950511823980372 1.5541816916833446 2.8657694402373584 1.3901023647958508 1.3901023647958468 0.6950511823979192 0.6950511823980364 1.3901023647958173 2.865769440237178 1.5541816916832618 1.5541816916835025 0.6950511823980771 1.9659016173812967 1.5541816916833506 1.3901023647958985 1.3901023647959605 1.3901023647958919 0.6950511823979152 1.3901023647958846 1.3901023647961257 1.9659016173812367 2.865769440237382 0.0 1.3901023647960713 1.390102364795838 1.9659016173813078 1.3901023647959976 0.6950511823979697 0.695051182397914 1.9659016173814015 0.0 1.390102364796018 1.390102364795919 2.865769440237195 1.5541816916833868 0.6950511823980416 0.6950511823979285 0.0 0.6950511823979005 1.5541816916833429 1.3901023647959756 1.3901023647960957 2.8657694402373717 0.6950511823979764 0.695051182397932 1.390102364795901 0.6950511823978996 1.3901023647960156 1.39010236479597 1.3901023647960224 1.3901023647959176 0.6950511823980794 1.390102364795878 2.865769440237322 0.6950511823978883 2.8657694402371185 1.3901023647959452 0.6950511823978993 2.8657694402372176 0.6950511823980382 0.6950511823979418 0.6950511823979413 0.6950511823980385 0.9730716553570178 1.3901023647959785 1.3901023647958217 2.865769440237308 1.3901023647958795 0.6950511823980519 1.3901023647959296 1.3901023647958426 2.8657694402371625 2.8657694402373757 1.3901023647958612 0.6950511823980661 1.3901023647958064 0.6950511823980382 0.695051182397903 0.6950511823979605 1.3901023647958688 1.554181691683489 1.3901023647959196 2.865769440237337 1.9659016173813602 0.695051182397945 0.6950511823980708 1.3901023647959503 1.3901023647961122 1.3901023647960011 1.3901023647959398 2.8657694402373517 1.3901023647958382 1.3901023647959871 0.6950511823979745 0.6950511823980122 1.3901023647960504 0.6950511823978696 1.390102364795873 2.8657694402372824 0.695051182398018 1.3901023647959265 0.6950511823979354 0.6950511823978983 1.3901023647959672 1.9659016173812638 1.3901023647959971 1.3901023647958792 1.3901023647959678 1.3901023647960566 1.3901023647958244 1.3901023647958783 1.965901617381429 1.3901023647959163 1.5541816916835627 0.0 2.8657694402373792 1.3901023647959772 1.5541816916834057 2.865769440237346 1.965901617381429 498.24925380684624 347.4074627326765 224.36090026444288 -609.8344567412664 501.4389804179805 378.62333393773804 258.4027610242027 -635.3023458594638 479.7527471395844 359.6952630260026 261.33207286166214 -642.8253704416384 485.83338582738804 328.075975199083 268.14517681256797 -651.1158710792411 471.26884488675694 299.76707039386724 269.2227275671434 -636.8833548046116 474.8632438618688 356.6223282294976 236.36498069347408 -607.6065305968675 491.26524619015265 345.681856925549 206.74598353237178 -584.0727950680313 479.0909011153884 370.3830679154881 262.87898510287437 -662.2208220835523 477.79745790832266 297.0164613151292 246.0479255957725 -640.5980613948079 486.08055316958854 297.64081468810144 257.67959295682004 -667.6224160722022 494.8987986505305 352.09365286974094 245.45456083471885 -613.8024244974501 478.9482403762772 342.1916568795886 223.05775669390508 -574.3876803376943 486.93096442018015 354.01488661690155 235.24212858250277 -591.5008599190271 473.81928083164024 315.9723587801136 257.9436869668646 -621.754552101416 493.64254893457854 340.17676516016763 216.10473283455195 -600.0069524343943 490.52426412487534 281.39087065065104 227.9509842000368 -597.4290583551506 483.5516216464899 289.3926666982508 263.22587206492875 -623.9175659116589 477.782673909048 318.99392030817813 252.5699119334676 -608.7887627582886 473.2118378154873 294.00046421675853 255.71232472425902 -615.032923115044 488.8129571415886 292.20106651086445 239.3626528110498 -620.5936418181931 482.5785510155474 348.9184709881447 240.67264526526495 -639.4925395177352 469.32975119946894 326.9819885305045 224.17481574062927 -584.5740065510222 491.4847365440212 326.52663970378256 251.45951652711867 -619.6037468547829 493.9385146486196 380.7789771463911 257.5102461820566 -649.338803652163 485.4033545200537 319.14997117190956 263.21477353920096 -655.9054687786614 470.72960289213876 320.33460283987245 252.0111125166068 -626.9225365090282 474.4047863759763 329.8021790961907 246.9959398295789 -628.8291708730644 466.79544104368523 302.92232847665 210.77982452661718 -591.89247053085 487.02998703025503 313.1507009979454 242.35593857744152 -630.0256116834217 494.91765990463125 312.81950730211116 245.69984602368461 -598.9175539847887 496.39801342146257 324.1696457486266 235.58913178864375 -614.5150789130253 475.05215740855147 322.9851124212294 234.822317947702 -598.6333025821673 495.78873005172846 361.66290439605564 240.55065139008056 -599.5281045776777 479.8472467891221 306.6973883788905 230.24620147695327 -614.0110596338056 484.2586532542051 303.7852373998559 226.99034108120043 -604.9123666603725 483.83751037403397 335.0714722145524 250.57213231147475 -653.9200027229207 469.4805558384432 312.62881319594476 252.65896966067123 -635.6927015144538 485.75447804322056 361.0356911338032 268.654571199736 -661.581579172227 475.1852100081794 309.7135408088911 251.21661568524246 -642.9442662147296 470.8317367352435 305.92457581733544 240.1608273777796 -592.2356563276593 480.5783238216206 380.30081763496673 229.54958803643333 -586.103122714102 473.9747850503373 350.0599366947571 257.0255806916947 -673.7693254334232 496.2387903555053 335.17354026170295 218.18174099735833 -606.8677535262891 493.56035896151633 287.9922506627968 238.2933624755815 -632.7385972042435 483.3695923798993 367.9699233825167 246.79307438929862 -605.2731676231277 470.3200966579912 341.37377190159253 257.6412185714283 -628.7471614632265 476.10369248920256 289.8350274155987 241.80366428694552 -606.7653928879046 471.6082861191026 284.98187618705776 216.03552670148676 -578.1956503631582 479.3041901351049 333.83157619511377 245.40575861771552 -619.4387026653928 491.1209601671156 318.30998891363254 250.072070908442 -612.8075377982838 487.4786045675723 369.1017154433313 228.39568495642294 -574.671479904508 479.27442774282713 352.6633620347926 252.2106932602477 -649.415114302374 480.35860197391264 313.57866407026506 263.6738098273507 -635.7120334631109 485.5152498255504 345.39634357221934 229.96479849816106 -622.068870196492 493.14176842978804 295.1284675101356 245.87765844989272 -647.2093649916803 475.73198094361413 363.67367496105805 224.3436529436391 -617.1104523447176 490.39374760465694 308.15948126045384 247.67491730183346 -635.4215076283976 488.70379621986683 383.2112004765069 256.4403878181439 -643.0186912926787 490.52232048254876 362.35715157939876 222.89715934509195 -591.8661506069648 475.3592959484021 302.21372698237286 221.02010987804917 -600.6975675974701 483.7081140070132 375.0880563834588 234.5616249365547 -582.990322650787 502.26780989445103 370.85711551487555 258.31097510002974 -655.9196270558506 481.4401728531843 325.83229591733556 218.0043907389323 -594.1115969308362 474.95135558824126 340.90762677979455 237.10125448380612 -625.5707530787631 499.88700798727575 359.38746983926393 271.3453544167758 -647.5042325682397 491.9989224922393 301.777556726044 266.66253868398246 -643.4641041709026 471.7442834038916 334.6942775905916 233.17310952268224 -628.7886119550041 468.2577555539905 292.7943772932699 256.06377794066486 -660.4167981030324 488.6776732806273 337.6662103286574 262.8977633685694 -629.9790060513784 481.0153143005045 293.7914971029387 262.7494157194843 -649.2229021558035
340.0048855897958 0.6950511823979331 1.390102364796126 1.390102364795962 0.6950511823978524 0.6950511823979978 1.3901023647959696 1.3901023647959134 1.5541816916836222 1.3901023647959205 1.3901023647960078 1.3901023647959225 1.3901023647959074 1.3901023647958926 1.3901023647959236 1.3901023647958586 0.6950511823980967 1.390102364795945 0.6950511823980753 1.390102364795911 1.3901023647959732 0.6950511823979427 1.3901023647959225 1.3901023647960247 1.5541816916835176 1.3901023647960455 0.695051182397926 1.3901023647959156 2.8657694402374077 0.6950511823978494 0.6950511823979597 1.3901023647959854 1.3901023647959116 2.865769440237337 1.9659016173813937 0.6950511823980281 1.5541816916833733 1.390102364795941 1.3901023647958661 0.6950511823978929 1.3901023647959891 0.0 1.3901023647960469 1.5541816916834046 0.6950511823978325 0.6950511823980529 1.9659016173811463 1.3901023647958786 1.3901023647957993 1.3901023647959538 1.9659016173813257 1.5541816916834488 1.390102364795869 1.3901023647959374 0.6950511823979629 1.3901023647959825 0.6950511823978873 1.9659016173813735 2.865769440237334 1.3901023647959865 0.6950511823980664 0.6950511823978797 2.8657694402373917 1.3901023647960091 1.3901023647960753 1.3901023647958533 1.9659016173815136 1.3901023647958821 1.390102364795843 1.3901023647960526 0.695051182397982 1.3901023647959663 0.6950511823980678 0.0 1.390102364795961 1.3901023647960014 2.8657694402372065 0.6950511823979798 1.3901023647958166 1.3901023647959145 1.5541816916835187 1.5541816916834776 0.6950511823979166 1.9659016173813195 1.3901023647960138 2.865769440237287 0.6950511823979487 1.5541816916835662 0.6950511823978793 0.6950511823980289 1.3901023647959543 2.865769440237377 1.390102364795961 0.6950511823979364 1.3901023647958748 0.9730716553572132 0.6950511823980963 0.6950511823980348 1.3901023647958586 1.3901023647960113 1.9659016173813781 0.6950511823979797 2.865769440237325 1.3901023647959128 1.5541816916834184 1.5541816916833686 0.0 2.8657694402372504 1.3901023647958846 0.6950511823979644 0.6950511823980146 1.3901023647958362 1.5541816916833835 0.6950511823979537 1.5541816916834286 0.6950511823978986 1.3901023647959418 0.6950511823979106 0.6950511823980183 1.3901023647958541 1.3901023647959758 1.3901023647959911 0.6950511823980307 0.6950511823980624 2.8657694402371794 1.3901023647959325 1.390102364795963 1.9659016173812762 1.3901023647957824 1.3901023647959025 1.3901023647958028 0.6950511823980442 2.86576944023737 2.8657694402373304 1.3901023647959512 1.3901023647959256 1.9659016173812156 0.6950511823979104 2.8657694402373477 0.6950511823979241 0.6950511823978663 497.228447688227 345.2927704670695 225.9921582099468 -611.5245599393837 501.2675948098782 375.8641939228224 259.7235785448894 -637.2039544360905 479.6920464246072 358.1028729365642 263.7416533779247 -644.8999165605088 485.389495312864 326.59624116531614 270.03972812267614 -653.0859618622584 469.88505986545476 295.9536716134854 270.5211288607219 -639.7422518092766 475.18748199837876 352.90674119525073 237.3600851504499 -609.7339531237743 490.61224420913993 343.4592810852939 208.47612571922963 -585.2263196378469 478.6123540320178 367.30661470227574 263.65056024526405 -664.5367663250931 476.99144313943214 294.4382708995874 247.46084964269642 -641.9647798455475 485.3862657399119 295.43062547486426 259.3040437557646 -668.8104864336702 494.6213221299603 349.76066971129467 247.36609879892634 -616.2370311129872 478.3657272146234 339.54576810216753 224.2707829899601 -576.8338516091171 486.065077676572 351.0497372228971 236.8132986688154 -592.7637090297201 472.93539491355517 312.40662561045633 259.1262420058393 -625.159052923453 493.9446219536206 338.4771851840082 216.60183533183704 -601.0708488571752 487.169403420915 280.4774565475808 229.64145962420895 -599.5469763886825 483.0548075592437 285.90604956161934 264.06718260153804 -626.1503774645472 478.22199219920776 316.4388536169419 253.62641394483296 -611.3437359068298 472.3046483758011 289.8375105099975 257.3059549639005 -617.6875493875276 487.68207531676825 290.53183235767085 240.6380154690825 -623.4659898684766 481.6295459981826 346.3784476402296 241.99408893178352 -641.3948241172302 467.5140348018883 324.29995458033244 225.7458619536128 -585.8368938666142 491.4124096952468 324.9361490324926 253.33543161469808 -623.0023108133979 493.5232696654809 379.2905313334008 259.1446523662949 -651.9643174541033 484.3619874654392 317.0444995038442 265.648222344836 -658.905117185908 470.0890214682077 316.8955573149833 252.9499758755404 -628.6201208487797 473.8867966326802 326.7322027324025 248.47476082525276 -630.6259726097561 466.57654942879583 298.94318345153766 211.59515771186852 -592.737702356495 485.98792117455474 311.0456400161479 243.77264709797174 -631.3941881583116 494.87265415271406 310.00755802722983 246.97313765364436 -601.791192650022 495.43601408229165 323.6509266847157 236.96293389079082 -616.8509072411357 474.2328937304946 319.6015945137368 235.2599547135903 -599.2696297593026 495.73270571297155 360.0710648804616 241.80392477515943 -601.0096399834401 479.0966268329075 304.91018002134854 231.61945805507023 -616.3470004706905 483.50381261741035 301.99806949191026 228.9990224487159 -606.8114166591228 483.5461307476758 332.74045687743273 252.5127779345437 -657.2753851137427 468.69119012823006 310.0451782199671 254.5849757102042 -638.1215485202094 485.1879746577009 358.3863429661386 271.38832328077194 -663.8585123132053 474.8354699037444 306.58850623898957 253.14368613980278 -645.3688898434339 470.4718867389566 302.8004033644408 242.66679344105032 -595.1987561861365 480.7121655111293 378.6552872353032 230.86211055982503 -588.0123607887296 473.70283826812215 345.71143562004136 259.88041956665774 -674.9226029168625 495.35984823642355 332.21200774581746 219.37496600440363 -607.9217514326425 491.77895379552575 284.91198414069197 239.54873895480623 -634.2184668121438 482.6516805331389 366.1679744721972 248.3463612501027 -608.8912463715423 470.44220922045605 337.71353970470904 259.3363545932517 -630.8567115366926 475.96746692637754 286.23096757916613 243.39569449432113 -609.4196108243564 470.8488942574142 282.58842160310763 216.97015346056892 -579.896051483411 478.9372375671169 331.9258156071508 246.46231250088877 -621.9925195239846 489.63755498641945 316.7396361792807 252.16416621687358 -616.5255965971816 487.612727871032 367.45820976085844 229.60873035307833 -577.1176392486535 478.6240952377531 350.4382680266705 254.06430624785742 -652.3619901046043 480.2908084014903 311.38075577792534 265.40492163648224 -639.2100522676649 485.15372188615487 343.4905692268861 231.2795244559216 -623.9767845356427 492.22737801190897 292.17979539937363 247.3609206855091 -649.001488624026 475.32448930508025 360.17283155244667 225.31831231157653 -617.8460244680955 490.09702369816915 307.8462345020567 249.69550517912606 -637.3097219136662 488.7455687895972 381.1954999201706 258.0908652945966 -644.6912230253633 489.430448314205 360.6622957981291 223.51362258716432 -593.7852937247931 474.51330061211814 298.8387582471487 222.77027079139302 -603.2430965348894 482.6197363259852 373.3878115981361 235.33716613337165 -584.8000671281823 501.3406915365948 368.3080548625752 260.3645679238284 -658.7303764195995 480.4036963966182 323.72394460007604 219.53565775385567 -596.3390355451793 474.1491014312627 337.52065561468373 238.31807097237 -628.014417743857 499.2425238025632 357.1624964220409 274.19578002259556 -651.1725653213083 491.68314242675973 299.4518468496209 269.43872120229304 -646.6960096308425 471.1401390316188 330.642416428404 234.42730487180228 -630.2680002435859 467.27450346514 289.051436133569 257.71346443139197 -662.3250292594773 487.91054725934197 335.0740112534608 264.7252139015302 -632.9414753761275 480.2735073700487 290.7880421072946 264.1555272218121 -651.533083080218
350.0048855897958 1.390102364795956 0.6950511823978657 0.6950511823979304 1.5541816916834787 1.5541816916835185 2.8657694402372695 0.6950511823980232 0.6950511823980651 2.1979448267707498 1.5541816916832847 2.8657694402372944 0.695051182397944 0.6950511823978968 1.3901023647958002 1.3901023647959694 0.6950511823981523 0.6950511823980582 1.3901023647959003 1.3901023647960034 1.390102364795998 0.6950511823979824 1.3901023647958761 1.554181691683512 0.6950511823980701 1.3901023647959923 0.6950511823980328 1.3901023647958726 1.5541816916834281 2.19794482677071 1.3901023647957866 1.3901023647960096 0.6950511823980835 1.3901023647960231 1.3901023647958533 1.3901023647958577 1.5541816916835272 0.6950511823978823 1.5541816916834885 0.6950511823980586 0.6950511823978777 1.3901023647959878 1.3901023647960777 1.5541816916834859 0.6950511823979113 0.6950511823979929 1.3901023647957724 1.3901023647960051 0.6950511823980136 0.6950511823979401 1.3901023647959012 2.865769440237173 0.695051182397937 0.6950511823979497 1.3901023647958044 1.5541816916834885 0.6950511823979374 4.170307094387731 0.6950511823979864 1.3901023647958684 1.390102364795837 0.695051182397963 1.3901023647958701 0.0 1.3901023647958093 0.6950511823980317 1.3901023647958743 1.9659016173812696 0.6950511823979502 1.390102364796001 0.6950511823979694 1.3901023647959363 1.3901023647958166 1.5541816916834146 1.3901023647957764 0.6950511823979322 1.5541816916833453 2.8657694402373255 0.6950511823979862 2.19794482677067 1.5541816916832956 1.3901023647958424 0.695051182397962 0.6950511823980277 1.3901023647960924 1.3901023647959725 1.3901023647959125 1.390102364795952 1.390102364795796 0.6950511823979426 1.3901023647959365 1.390102364795871 1.9659016173813726 1.3901023647959514 0.6950511823978904 1.9659016173813375 1.3901023647959123 0.6950511823980393 1.39010236479578 0.6950511823980219 0.6950511823980111 1.3901023647958632 0.6950511823979092 2.865769440237217 1.390102364795841 2.86576944023718 1.5541816916835414 0.6950511823980078 1.3901023647960393 1.39010236479586 0.695051182397996 1.390102364795874 1.390102364795789 1.3901023647959665 1.390102364796048 1.3901023647959638 2.86576944023732 1.3901023647958681 0.695051182398039 1.5541816916834879 1.3901023647959692 0.695051182398 1.390102364795944 1.9659016173814217 0.6950511823978391 1.3901023647958541 0.6950511823980388 1.3901023647959105 1.390102364795825 1.3901023647958692 0.0 0.6950511823980461 1.3901023647960942 1.554181691683568 0.6950511823980352 1.390102364796041 1.9659016173812802 1.3901023647959811 1.3901023647959485 1.3901023647959634 1.3901023647958088 496.4155891137621 341.90832590718156 226.8714202511287 -612.7940595492676 500.3308499331276 373.32012663249895 261.43069162918806 -640.503138156865 479.0733814930828 354.66173214761886 265.5943678364025 -647.3710530630409 485.60426340898084 325.31889785865144 271.6017529191313 -654.8061050609778 468.74070596122283 293.07899585394034 271.59074116488284 -642.7961304872003 474.59702574916275 350.26178046214176 238.0471486164585 -612.0779094519337 490.20326029520055 340.7605121041695 209.53087114342608 -587.7815941328219 478.21903712959374 364.6039224690624 265.9468640673441 -667.1483607226978 476.0269980914894 292.72397655041027 248.89418980522805 -644.2613735618387 484.42452454826474 292.4942702077849 261.38853955587814 -672.0840309035669 494.5492426197484 348.1704233757414 249.00837067869733 -617.9125956971824 477.35540111105183 336.21933175609763 224.39034108838086 -577.6892139001004 484.7363700943673 348.62607229567476 237.69082940325777 -594.0359671436898 472.43451323949085 308.9191575526909 260.2365641955382 -627.689720411653 492.365128256809 335.9298711184773 218.356266764233 -603.6134921548869 485.15016268531684 279.9474992533308 230.20049716506557 -601.0372722826995 481.9564659673389 283.8317530711662 265.24339269527286 -629.1169352325383 477.54920725110384 313.0057312673233 255.55831121938124 -613.7630395005306 472.0608573290968 287.8818235694364 260.3836185625158 -620.7162325272224 487.0234854198675 287.9026405889528 241.90130535306838 -624.9344208834002 480.6310764131986 343.05117280931347 243.11388462532742 -643.9241975963653 466.5963866902336 321.3458310656022 226.6818516246872 -587.5370069919526 490.4770603539583 323.2043498369749 255.03138484252477 -626.0582280008616 493.25089824117816 376.9587215221686 260.306600556122 -653.5052302341707 483.96953447850734 315.14714329758283 267.6916997550609 -661.2293903032258 469.5938549838516 313.4104607443936 254.49124822691533 -631.7875991943779 474.1710554637675 325.02797942484915 249.5301021545907 -631.7702820843297 466.03961844100417 296.67517561704284 212.47111352544036 -594.0097821439746 484.75326976717827 307.78935084682917 245.17863457831692 -633.7115009702317 493.97167341783205 309.07411098230386 248.5766457311644 -604.4382158052431 494.5289023183779 320.69713149267307 238.60792316425312 -618.5302993672904 474.16242943277643 316.79439502945246 236.51719572470356 -600.7474075901648 495.0006881542113 358.2736532013676 242.74591759262717 -602.706200187615 479.01859823213175 300.8766373159617 232.87927225649872 -617.8223378613359 483.22610770120474 299.247017907158 229.87546472109818 -608.0813650969365 482.9413500179054 330.0997400978884 253.99442569774865 -659.5430271988926 468.31997635480707 305.704568200355 256.40125600789037 -640.6233460194401 484.38042601209435 357.01522583470256 273.0365110585338 -667.4813439014506 474.32021716792184 303.10327616600864 254.6736472336077 -647.1170991938827 470.0606965660831 300.2924295877112 243.76599579677628 -596.7860724748331 481.17704433354277 376.1069005698027 232.1371324765592 -590.8861683369271 473.47734053077096 342.9545975782034 262.13332380753116 -678.5582675417608 495.2805932027426 330.62088994090277 220.15420348070256 -609.7291683054749 490.9236995060968 282.3470316023285 241.67439304451858 -637.2085852074036 482.81870274432566 363.3029236385201 250.27631081190898 -611.3139803534787 469.8442815326654 335.0667641539242 260.2053400050176 -634.0407148955733 474.79554534872756 283.3647094376045 244.91294809228222 -610.2450563947456 470.1287719054393 280.38557944131117 217.90547006726732 -581.5961090221522 478.5548097991998 330.0247579767422 247.86355534196497 -624.3138266827779 489.01677909285746 314.09864759212525 254.5411713374055 -619.5795934490474 487.4076464515669 364.7012344356521 230.5439913112238 -578.8176054393837 478.29258796195444 347.31360603857564 255.4584771524365 -654.2133055899651 479.5577744289772 307.1539812851271 266.47027651820054 -642.2617925130648 484.9282889640819 340.73451669404665 232.2316321639184 -625.6703184004286 491.57024149218273 289.5511856707056 249.04497150378194 -650.639527364954 475.5168592185389 358.1056815131578 227.01960149148022 -619.9567061052385 488.7248187843951 305.4456871259511 250.83050079972176 -638.8756914241874 488.0246237037869 379.3940612496536 260.31192085603715 -647.3630156887587 489.36135908644405 359.0730060840977 224.76700077360425 -595.265656258655 473.0061859615707 296.07972213196865 223.82900962943737 -605.7968180160713 482.50007224152756 370.2057234522473 236.05436866176098 -586.1815424346482 500.69018754902964 366.0837668579967 261.2367380817115 -660.4980854232481 478.9083503453947 322.165479922937 221.28779324909755 -598.8830933180819 473.65829722630826 335.24639339236484 240.0988552206279 -630.5379554994224 498.8775054540667 355.256127229215 276.1531886931673 -654.0549598023501 490.90642668257414 297.6729854439651 271.227697404668 -648.7323771945387 470.4191342335436 327.63164125712586 234.68114592504935 -631.9781847375256 467.7519566565232 285.6295277707709 259.7615099236246 -665.6212376239695 487.6048647221028 332.74553944477987 266.16537560093195 -635.2316809363255 479.8497348022618 288.8941414312033 265.8689345505695 -654.1106817614735
360.0048855897958 1.3901023647960113 0.6950511823979126 0.6950511823980092 1.3901023647958723 2.86576944023718 0.6950511823979885 1.390102364795911 1.9659016173811383 1.3901023647959303 2.865769440237222 1.39010236479587 1.3901023647960582 0.6950511823980235 0.6950511823980023 1.3901023647960051 1.3901023647958608 1.9659016173814194 1.3901023647960287 0.6950511823979613 0.6950511823980692 0.6950511823979019 1.390102364796017 2.8657694402372105 1.3901023647959454 1.3901023647958775 0.6950511823978415 1.3901023647959263 2.86576944023729 1.3901023647958792 0.6950511823979731 1.3901023647960353 0.6950511823979276 0.6950511823979316 2.8657694402374485 1.390102364795932 0.0 1.3901023647959918 1.3901023647960276 1.3901023647958644 1.390102364795844 2.8657694402373086 0.6950511823979707 0.0 1.390102364795823 0.6950511823979574 0.695051182397887 0.6950511823980026 1.3901023647961483 1.3901023647959956 1.3901023647959432 1.3901023647959616 2.8657694402372593 1.3901023647960662 0.6950511823978689 1.3901023647959072 1.39010236479589 1.3901023647960344 1.3901023647960078 1.390102364796006 0.6950511823980875 0.6950511823979244 2.8657694402373233 1.3901023647958783 0.6950511823980613 1.390102364795895 0.6950511823978913 1.3901023647958453 1.3901023647958042 1.3901023647959014 0.6950511823978808 0.6950511823978688 0.695051182397937 1.3901023647959005 1.3901023647959292 0.6950511823978613 1.5541816916834847 0.6950511823979193 1.390102364795939 2.8657694402373712 0.6950511823979589 1.554181691683512 1.3901023647958033 1.390102364795836 0.9730716553572778 0.6950511823978608 1.390102364795796 1.5541816916834579 1.3901023647958284 1.3901023647959925 0.6950511823979512 1.9659016173813542 1.3901023647960118 2.865769440237279 0.6950511823979603 1.9659016173813375 0.6950511823979174 1.3901023647959965 1.3901023647960797 1.390102364795924 0.0 1.3901023647960111 1.3901023647959605 2.8657694402372385 1.3901023647959678 1.390102364795823 1.5541816916833673 0.6950511823978653 1.3901023647958137 1.390102364796004 0.695051182397881 1.3901023647958441 1.3901023647958568 1.3901023647960384 1.9659016173812982 0.6950511823979965 1.3901023647958426 0.6950511823980169 0.6950511823979765 1.390102364796003 0.6950511823979252 0.6950511823980362 1.3901023647958928 1.3901023647959034 0.6950511823981378 1.3901023647960056 0.6950511823978938 2.8657694402372953 1.390102364796075 1.390102364795906 0.0 0.695051182397988 1.55418169168343 1.9659016173812167 0.695051182397865 1.390102364795944 0.6950511823979956 0.69505118239789 1.5541816916833588 1.3901023647958521 0.6950511823979145 496.17185955970916 339.1548987325923 228.3925619217275 -613.6053729771644 499.741749760143 372.68963944331045 264.3876595142035 -643.1019132768481 478.1258887804428 350.91163275178275 267.39857652201283 -649.3917988183757 484.66346555615456 322.3763118071556 273.05324128241904 -657.5932344288284 467.6270360350221 287.9526946488786 275.50943017440324 -646.6032977967257 473.64380025569204 346.51445189817844 240.02387082210646 -613.5145149807134 489.42105915950185 340.1917438346505 210.4104299435489 -589.0535620084448 477.2158595399542 361.27724113525676 266.69271536291296 -669.0216046763363 475.7141283690487 289.97671155776624 249.4385759123428 -645.3000061391995 483.8716467711341 290.23653039852434 263.21926042031157 -674.0816333278458 494.16712829829214 346.27016872198254 250.59640775464345 -620.0989344648576 475.8479019017221 331.4343697080635 225.33100405529183 -579.386232308167 483.5268912906204 345.36142896060454 239.33485203440785 -595.711879883307 471.89472194558766 305.43730851014476 262.24325295324445 -630.0481045637599 491.3764597520412 333.4077986476211 219.52706048025254 -605.625125574561 483.17309791884753 276.54148052837877 231.46863204716712 -602.5094438345676 480.5988858417548 281.029927096013 267.875725065622 -632.9370232269314 476.21938926479703 310.1888939714963 257.07058715963166 -615.5233826258607 470.2085174656507 283.61685952811604 261.211165943896 -623.4639809220907 486.09767927724204 284.5469618708522 243.72183536303908 -627.4290212480057 479.8766672702265 338.02841947324123 243.88589231142367 -645.2765068370612 465.5922525535409 317.61526997457975 227.82034676398408 -588.1569610160443 489.4054640465162 321.11443183123197 255.86500561088314 -627.8414452078522 493.5531265672986 375.2564093660209 262.28804939200825 -656.3666384525487 483.619949624986 312.8246183061379 268.82190014486366 -663.2888362691656 469.8534300193517 310.47981862242904 256.650090785132 -634.9927771266726 472.92167290993245 321.78065299504203 251.14349191348916 -633.9357311566843 464.8111206337431 293.01355299131353 213.7292657803634 -595.4856060758997 484.15558353628563 304.7350072312478 247.16999877630641 -636.0799762509434 493.12199527679275 307.72768369224457 250.16679554041673 -605.6723653900561 493.8248578321999 318.48886284408013 239.87756946086503 -620.9505877011577 473.86556474824766 315.26516349933144 237.65595836251674 -601.3629856157592 493.80986741519246 355.0026741668525 244.84468895928035 -605.0023894150552 477.9248202166858 297.5805049700924 234.09323721809284 -618.851456980092 482.98241870383885 297.29336401333524 230.32172783703993 -608.7151778848572 482.244611345478 327.8893571144052 254.7735736762902 -659.9140664631822 467.95800734811365 303.38099482915584 258.8838582380542 -642.6129638069264 483.85159964353085 353.9477099519809 272.21349412661476 -671.0976046910637 473.7126568007219 300.05119001665173 256.0010849889848 -648.5289052067311 469.0169842432189 296.5695522108658 244.5609471707829 -598.5880387438995 480.80867733771635 374.20050707149807 233.46127265083575 -592.7879564958788 472.62794798409925 339.57774683295725 263.723327599417 -680.6486742297601 495.8524327288416 329.22717320630835 221.9303295487708 -612.2556376848402 489.01959318544056 279.7308498226963 241.6661146296186 -639.1387212891013 481.5365245775786 359.0524384129686 251.85378779818302 -613.5027274905051 467.8312115130095 331.2510593482966 262.37564526361086 -636.2696550331514 473.4928847287146 280.1368758369036 246.4174578390266 -612.0127039608484 469.42807311254927 276.33208642239714 219.16231331065262 -583.0737629916817 477.51919703924807 325.4927950949741 248.4630317128382 -625.7836662558353 488.13011302237504 310.73296076978016 255.9860756263836 -620.9114661671458 485.70477476342074 362.3913209866096 231.32771016543668 -580.6232262374226 478.1169786008026 344.13335353565304 256.86250422415065 -655.0773699877361 478.2231889615811 304.3409648397175 269.94497922568576 -645.1943327663458 484.3551401314758 338.8898528367185 233.59254928857135 -627.5479937315317 490.4678319888897 287.4773825709242 250.45138301983292 -652.4790394144867 475.0600153154357 354.60905818205765 227.88916233768288 -622.178384257604 488.605934273192 303.8593051002964 252.92019040490607 -640.6860409597538 487.1821604711908 377.2275229400988 261.8916673587293 -650.0438627161154 488.2472077361023 357.3936904167545 225.71106589491296 -596.9613664607494 472.14534569357517 292.29387548428684 225.09583366573167 -607.2688398360309 482.0601608727096 366.7090498202117 237.5974370384179 -588.3998577743721 500.5408020910317 364.9205170246501 263.208808677995 -662.3857970298417 478.62862978139253 319.4152788606278 221.85269026873246 -600.3716779818437 471.84810600954404 330.1527692590987 240.92983282505736 -632.3231329453616 498.79635343150443 353.66540573893616 278.539039013179 -657.0915946033199 489.4429102827953 295.7191299650237 273.7547529032256 -651.6575074131824 468.5636652094111 324.37641720402405 235.57960400310884 -634.192975613009 466.09868857847187 280.7850307331601 261.19313478129396 -667.4422000608868 486.91223403102816 330.5357236467033 268.513678432612 -639.2677536074559 479.6617581465755 287.73442587100254 267.7696923104753 -656.5455216266662
370.0048855897958 1.5541816916834528 0.695051182398063 1.3901023647958761 1.3901023647960136 2.8657694402372416 1.9659016173815065 0.6950511823979275 2.8657694402373846 1.5541816916834825 2.865769440237343 1.3901023647960122 1.3901023647960729 1.39010236479595 0.6950511823979666 1.5541816916833973 1.3901023647960298 1.3901023647959783 1.390102364796055 1.3901023647959503 0.695051182398017 1.390102364796029 2.865769440237125 1.3901023647959478 0.6950511823978539 1.965901617381381 0.6950511823979367 1.390102364795898 2.8657694402372624 1.3901023647959632 0.6950511823979725 1.390102364795926 0.6950511823980221 1.3901023647960062 1.3901023647960726 0.6950511823979372 1.9659016173813002 2.865769440237371 1.3901023647958284 0.6950511823979104 1.3901023647958508 2.865769440237298 1.3901023647960575 2.8657694402373175 1.3901023647958102 1.3901023647959891 2.865769440237306 1.3901023647959054 1.3901023647960686 1.3901023647959907 1.3901023647960569 1.3901023647958572 1.3901023647958477 2.8657694402373 1.390102364795956 2.865769440237252 1.3901023647959279 1.3901023647960036 0.6950511823979653 0.6950511823979881 1.3901023647959745 0.6950511823980343 0.6950511823979187 0.6950511823980535 0.6950511823978763 1.390102364795874 1.3901023647958934 1.5541816916835645 0.6950511823980448 1.390102364795988 2.865769440237286 1.5541816916836044 0.6950511823980461 1.9659016173813655 0.6950511823979647 0.0 1.390102364796065 0.0 0.6950511823980898 0.6950511823980319 1.3901023647958426 1.5541816916835323 1.3901023647960307 0.6950511823980584 0.0 0.6950511823979727 0.6950511823980065 0.0 2.86576944023732 0.6950511823980059 2.865769440237168 1.5541816916833822 2.865769440237126 0.6950511823978949 1.3901023647959139 0.9730716553572132 1.3901023647959292 1.3901023647958517 1.3901023647958541 1.3901023647959894 0.6950511823978766 1.3901023647959698 1.5541816916835745 1.3901023647959998 0.6950511823981321 0.695051182398057 1.9659016173813662 1.3901023647959554 0.695051182397936 0.6950511823980389 0.6950511823979997 0.695051182398045 0.6950511823980617 0.6950511823980702 0.6950511823981134 0.6950511823979453 1.3901023647960844 0.6950511823979411 0.6950511823978968 0.0 2.865769440237244 1.3901023647958841 1.3901023647960438 1.3901023647959707 1.3901023647960395 0.69505118239803 1.3901023647960786 1.5541816916833553 0.6950511823979211 1.390102364795872 2.865769440237199 1.3901023647960418 0.6950511823979035 2.865769440237218 1.5541816916835187 1.5541816916835385 0.6950511823978801 0.6950511823979552 1.3901023647959962 1.965901617381401 0.6950511823979341 494.98377042904104 336.6970959170351 229.9005688742208 -616.3254859737435 499.2176407751463 371.6363419336262 266.3909952451175 -644.7185250131444 478.0653356405326 346.8816554186149 269.3977156564015 -652.2419462021378 483.8753514226747 320.60191325233563 275.6966848252233 -660.917001148541 467.9728655896993 285.3843972839127 277.81453978943773 -649.2105201310217 472.94073423239354 344.30526270461263 241.25574457852923 -614.5257106852456 488.71402447879353 337.98507800817987 211.61476040209732 -590.0965520677322 477.63258690873613 358.7213423132084 268.47768902875623 -671.5490370204673 475.9373568613833 287.0461285548923 251.16646856265763 -646.892674107545 482.8176105518872 287.7405572878605 264.33193502945363 -675.1635443641363 493.4017259471104 344.48722910229225 250.8363154161203 -621.3699883079446 474.8274333487761 328.92346365187433 226.21929423006893 -580.6514022300973 482.8243083742132 343.15307758037574 240.93036786947656 -596.9359099108458 470.9091584729023 302.51124371681357 263.67584845612123 -632.8445218329941 490.9683257807319 331.51051205369635 220.42941254469216 -606.8763630500157 481.60604010957616 272.5883673113574 232.06017022911115 -603.9883074941358 479.3448496826244 277.37726294923 268.92620705296247 -635.5442269816508 476.5823912289518 307.62342630627575 259.55098502504353 -618.4867585151626 471.0425697430055 281.2902172131946 262.7811414086292 -626.1535017282889 484.98482478759223 282.47796976609914 245.03810466100612 -628.8506831531076 479.1920150798052 333.3804624896575 245.6934426023297 -647.2925661090591 463.0287258444694 313.5836384151598 228.78309658428563 -589.8384863540201 489.59312361019585 319.8332938027445 257.7466839374657 -630.2930380583848 492.5062599698712 373.15183353957065 264.0931925463301 -657.402349936317 482.94780471088336 310.2009631459833 270.5347661573303 -666.3665451317495 469.2997513087801 308.22227002365736 257.9835648774808 -636.4022244801297 471.58433066179407 318.96946305609396 252.54524084666966 -634.8060781079749 463.6899745565204 289.72493454594826 214.68719913051356 -597.1714056994826 483.3559378859009 302.96536691834973 248.57564792747849 -637.9195928199921 492.7560995384082 306.6296379732927 251.68549491873205 -609.3536916070475 493.8337489157212 316.0455317108876 241.4207404426323 -621.7250021219306 473.6841958479123 312.8850136860953 237.4864429511224 -602.4438701706573 493.4894653529975 352.6766971673211 246.28188533320116 -608.2615453804433 476.866498464976 293.8627240850446 235.39468722422032 -620.2931225363549 481.8734888936026 295.2222593702099 232.9785686202793 -612.0352512442948 481.523775888266 325.6868068686984 255.42783146643984 -661.3670957151417 466.4816492222332 300.21271334398796 260.5946601595695 -643.2338641612332 483.18105019535926 350.51580589272146 273.861306596738 -673.7365031442605 472.7199737618985 296.51562651138056 257.0197087116708 -649.202101473618 468.51136454722473 293.8873117882861 246.06793468274995 -601.3177502369515 481.71693344751316 371.9009306898929 234.6739037051837 -593.8173475069372 471.9856493776742 336.94591150758276 266.0012834413617 -681.9664305882994 494.27334572286986 328.1156600926625 222.13727394110617 -613.5350298930504 486.92429533987337 277.181731046522 243.14828736558596 -640.4338745418291 481.2182941822326 356.7266208855805 254.10062270161376 -616.1652680455196 467.0586795574387 328.2534252027782 264.20695147061707 -639.2481547279941 473.3994193398443 276.9026302173203 248.3424927741839 -614.9154036026399 468.72558824019126 273.1396481060954 220.05143285086942 -584.3347258047105 476.8578742655526 322.86539641502515 249.47792653275448 -627.4366124765168 487.09360443631107 308.2296804367081 257.23927702619943 -623.8407177700271 485.54656714111735 361.2293491253847 232.28776145974663 -582.3124238824655 478.04893547892766 340.1018551313723 257.3412822949101 -655.6857405702772 477.6037283806405 301.289444802349 272.09048714835717 -647.9256874128047 484.0787927139746 336.1385122051502 234.21094566654799 -629.0190754962744 489.3570952149034 285.40844095558856 251.7065632730513 -653.4566456935554 475.6555032369189 351.9933596904046 228.7260441424464 -623.9660007715745 487.9292384273723 301.2358316273565 254.25622982599668 -642.0939435273397 487.58175500795204 375.8958312486968 262.3713719008268 -650.6505850887801 488.04475262316896 355.4336004196408 226.0665404331647 -598.1282609987724 472.55362372753814 289.29829550864537 227.21747634669353 -609.5469506273646 481.60317299311254 365.23200604906225 237.86575616439657 -590.1032137288412 501.12167961616876 363.52868275850716 264.89070331917236 -664.4999201451444 478.26834428929385 317.094970384758 223.65070399060065 -602.8842223408122 470.2878326497771 325.3812234898718 241.86622027417837 -633.5530730387801 498.17399200979924 351.02932916535826 281.64188526112963 -660.0504250661305 488.51020658790475 292.3659665573321 275.6088276433177 -654.6206376774701 466.9939702884173 319.60937271903737 237.28615755272276 -635.8096179973356 465.8656067924118 277.1854281293643 262.39670924743484 -668.9524098883213 485.88438287825954 329.24602821330956 270.0268151355101 -641.5153917738303 478.4690163656505 283.0412531791994 269.4717708706155 -659.6305837471843
380.0048855897958 1.3901023647958484 1.390102364795803 0.6950511823980053 1.5541816916835525 0.6950511823980876 0.6950511823979543 1.3901023647959387 2.865769440237096 1.39010236479583 0.0 0.6950511823979484 0.6950511823980572 1.3901023647959925 1.3901023647958708 1.3901023647958983 1.3901023647958897 1.3901023647959476 0.6950511823979333 1.3901023647960165 1.5541816916834241 1.3901023647959645 1.3901023647960047 1.3901023647960158 1.3901023647960125 0.6950511823978808 2.8657694402372917 0.6950511823979403 2.865769440237281 0.6950511823979153 0.6950511823979663 2.197944826770826 1.3901023647958646 1.9659016173812496 1.5541816916834945 2.865769440237233 1.965901617381325 1.3901023647959942 2.865769440237382 0.6950511823979257 0.6950511823980217 1.3901023647959625 0.6950511823980363 1.3901023647960564 1.3901023647960753 0.6950511823979952 0.6950511823979257 1.390102364796007 1.3901023647957775 1.3901023647960336 1.3901023647959814 0.6950511823979856 1.3901023647958488 0.6950511823979308 0.6950511823978437 1.5541816916833913 0.6950511823979093 0.6950511823979355 1.9659016173811692 1.390102364796013 0.6950511823979945 1.390102364796031 2.8657694402372282 1.3901023647959632 0.6950511823980469 1.3901023647959414 2.8657694402373726 1.3901023647958803 1.3901023647958717 0.6950511823979044 0.6950511823978619 1.3901023647959814 1.3901023647958093 1.9659016173812656 0.6950511823979468 1.9659016173812927 1.390102364795897 1.3901023647958866 1.3901023647960729 0.6950511823979932 1.5541816916835536 0.6950511823979008 1.3901023647960393 1.390102364796021 1.390102364795864 1.3901023647959112 1.5541816916834639 0.0 0.695051182397879 0.6950511823980147 1.3901023647959354 0.6950511823979824 1.3901023647959823 0.6950511823979165 1.9659016173815034 1.3901023647960074 0.6950511823980149 0.6950511823980199 1.3901023647960877 1.390102364795938 0.6950511823979533 1.3901023647959607 2.865769440237411 0.6950511823980025 0.695051182398024 2.865769440237244 2.1979448267705792 0.6950511823979558 1.390102364796077 0.6950511823979686 0.6950511823980742 1.3901023647959503 1.3901023647961168 1.3901023647958657 1.3901023647960504 1.390102364796022 1.3901023647960127 0.6950511823980452 0.6950511823978613 1.3901023647960156 0.6950511823980129 0.6950511823980293 0.0 1.39010236479593 0.6950511823978374 1.3901023647960058 1.3901023647960664 0.6950511823979707 0.6950511823980117 1.39010236479602 1.5541816916833562 0.6950511823979387 2.8657694402374063 0.6950511823979217 1.390102364796082 1.5541816916835023 1.3901023647958473 0.6950511823979161 0.6950511823979598 1.3901023647960258 0.6950511823980562 494.867040101117 335.1105804271754 231.61924290780973 -618.9035276550736 498.5941034091306 368.99775417062887 268.9835963478875 -648.5746726970958 478.38598745630463 344.7466345616882 270.9451038375348 -654.4669960063342 482.89063302266203 317.6733883091595 277.3604553219548 -663.5456043459722 466.711327209984 281.73517106765445 279.176767167266 -650.5917288461033 472.45855901976284 342.8371211680356 242.19173912623336 -615.7526148163003 488.11543900713326 334.93060151143357 213.4237569538124 -592.6012164236819 476.7926337708949 357.369979998713 269.5057944639682 -673.7035202748013 476.09451280600416 284.5410073879789 252.99776324096038 -648.8882323704742 482.2570053220725 286.708242027 266.6037786483928 -677.2890312484355 493.28980400015524 342.89973393649376 252.64373426836312 -623.3882582491996 474.27658284357153 327.88426982707097 226.81403992587545 -582.1254161950638 482.40771354499014 341.2580819006356 242.39841728345115 -599.2122820316351 470.5909484163536 300.98734750007753 265.74404705954174 -635.1465257683092 490.66483634213773 329.9832414915929 221.34766761301 -608.1160767092705 480.7513593888048 267.7758025888421 233.5247092824425 -606.2645239110019 478.7396266185031 272.68321867627395 271.0871773374559 -638.2675122280655 475.7077828200061 305.0652918069846 261.53201938270627 -621.3449138604695 470.4669302355164 279.03817455761566 264.6884355347025 -628.5826445124216 483.1830532827775 279.6270403131069 246.46155321536546 -630.680573370156 478.58889831488904 330.3278465163904 246.89416934891142 -648.8085156929999 461.911419972272 310.2917460284232 230.00884228400943 -590.856350352312 489.1027952801864 318.3703217567277 259.5691398680861 -632.3016722650835 491.8789178593074 370.5155918177336 265.1627697102697 -659.0216211694919 482.4501302635306 308.73901469001214 272.19982005595784 -668.9960894081861 468.9247522215316 307.1253941214635 259.811079675601 -638.4030758585945 471.3868879170161 315.367888085178 253.1084654658132 -635.8359278781151 463.1720418990171 287.0441821743466 216.0519153680563 -599.0432597213405 482.18474579710073 301.3253467686407 249.61850426765474 -639.5589399503359 491.64536414997775 304.55976588139004 253.2548548818022 -612.042680143749 493.7662066657663 314.0321178825691 243.31072858827204 -624.1664333007905 473.487261662982 310.50532833075 237.71267096418543 -603.7179296521681 492.4119108295488 350.58796641907196 247.3850887525553 -610.3342946624161 475.9296195902587 291.73451657399823 237.42291645799062 -622.6305909456225 481.4287387853649 293.333080091601 234.5999397670449 -613.2263779394805 480.7887197563106 323.48881976159277 256.40179368870616 -662.5667786976405 466.0958410869011 297.8959113439454 262.820502393938 -645.410149122391 482.76951005788885 348.62149644171376 275.014529470559 -676.300932832624 472.3316894098761 294.19890925013175 258.85978612723017 -651.1925345365323 467.6318493963938 291.3315708719063 247.31686514004448 -604.2504973934208 481.6382783490507 369.09147733230094 236.58301531999788 -596.7256719207259 471.56121032489875 335.05337276159383 267.68996940402303 -683.0673200494375 493.90695613848254 325.79565282282647 223.44834183533413 -615.929079314962 484.74931111206473 273.8475950979772 244.8817248336135 -642.0178498044974 479.97437473418717 353.4779876143179 255.92505065025202 -619.1484851774778 467.241364400672 326.97095651635146 265.74064359733865 -641.4831975534653 473.62251340459807 275.1902893721627 249.75874127999504 -616.7535718045289 468.5349249552914 269.8885298486025 220.63895187822132 -585.8153653600291 476.0019262918785 321.52359704891273 251.29093202946746 -629.4533593720323 486.83914263633164 306.2774731310961 258.9686980375601 -625.4294497189553 485.2098690096806 358.90339220865405 232.49319397253748 -584.5530260054661 477.7583853223664 337.3533800002478 258.3107588652728 -656.8895683216354 476.9089819360388 298.6691711854038 274.08954073867903 -651.0251754717575 483.96055039588464 334.54967718988337 236.55701971460124 -631.1071276934096 487.2682191489332 284.0857566079258 252.22062402631335 -655.0265573683357 475.6112398631738 349.97899288278035 230.8266584554788 -625.7641565341669 486.98701004165923 297.8857005950685 255.90989666490668 -643.2481359746582 486.09938540645174 373.1223796898344 265.00336600494416 -652.9973174121975 487.5214190253784 353.1683451033772 227.82342646318307 -600.191238653002 471.3636627160722 286.4410032007836 228.68487404186664 -611.8287694226186 481.58702180259803 361.99434267546565 238.00456228351672 -591.9216904359193 500.35128442728114 361.74673781237374 265.56745284471526 -665.9416769654543 478.0161029733979 315.1435246248526 225.4141854102185 -604.9399172013727 469.30549709645913 321.2316269994935 243.50445794819433 -634.7218537352289 497.5292442459039 348.39645567503857 283.0624301461519 -662.3783275001533 487.15316751621407 290.7904708658557 277.50250516805227 -657.561427323819 465.33426021661705 316.5000498176677 239.0128594222857 -637.4022697427816 465.7621653772702 273.95055346086764 263.56827750071693 -670.9862631782732 485.45938227416906 327.35258561016565 271.74360769449993 -644.5908672713293 478.42947380689304 279.37819563312183 270.93408060013815 -661.4296971104794
390.0048855897958 1.3901023647960478 0.6950511823979123 1.3901023647959387 1.3901023647960327 0.6950511823979328 1.3901023647959423 0.6950511823979116 1.3901023647959425 1.965901617381391 2.8657694402373877 1.3901023647959287 0.6950511823979174 1.3901023647959703 0.6950511823979524 1.5541816916834956 2.8657694402372496 1.390102364795846 1.3901023647957804 0.6950511823979378 1.3901023647960942 2.865769440237193 0.6950511823979302 1.3901023647959745 1.3901023647960555 2.8657694402371994 1.3901023647960458 1.390102364795883 1.3901023647959714 1.9659016173812698 1.390102364796059 0.0 1.390102364795886 0.6950511823980212 2.865769440237204 0.6950511823978703 1.390102364795971 1.390102364795959 1.9659016173814265 1.5541816916834368 0.6950511823979721 0.6950511823979536 1.3901023647958226 1.5541816916835123 1.3901023647960467 1.390102364795974 0.6950511823979112 0.6950511823980767 0.6950511823980116 1.390102364795939 0.6950511823979609 1.3901023647959543 1.3901023647959705 1.9659016173814434 1.3901023647959903 1.3901023647960244 1.3901023647958275 1.3901023647958708 0.6950511823980368 0.6950511823979683 1.965901617381339 0.6950511823980455 2.8657694402372846 1.390102364795834 0.6950511823980442 1.554181691683438 0.0 1.390102364795959 1.3901023647960815 0.695051182398016 1.3901023647958306 0.695051182398032 1.3901023647959079 1.3901023647959978 2.865769440237138 1.9659016173813517 0.0 1.390102364795993 0.6950511823978403 1.3901023647960329 1.390102364795845 1.5541816916834486 1.3901023647958926 1.9659016173813395 2.8657694402372904 1.3901023647958985 0.6950511823980413 2.8657694402372393 0.0 1.3901023647960014 1.3901023647959734 1.554181691683523 1.3901023647960054 1.9659016173812547 1.5541816916834426 2.865769440237252 0.6950511823978349 1.390102364795997 0.6950511823978852 0.6950511823980042 0.6950511823979376 0.6950511823979952 1.3901023647958801 1.3901023647959687 1.3901023647958197 1.3901023647958795 2.0851535471937703 2.8657694402372753 1.3901023647960884 1.3901023647959754 1.390102364795868 0.0 0.6950511823980192 0.6950511823979264 1.3901023647958426 0.6950511823980002 1.3901023647960882 1.3901023647960016 0.6950511823980773 0.6950511823979574 1.3901023647960022 0.6950511823980307 1.5541816916833064 0.6950511823979579 0.6950511823978573 1.390102364796008 1.3901023647961104 1.390102364796032 1.3901023647958566 0.6950511823979195 1.5541816916836086 0.6950511823979763 0.695051182397983 2.865769440237231 1.3901023647958173 1.5541816916834439 0.6950511823978246 0.6950511823979526 1.554181691683447 2.8657694402372775 1.3901023647958581 493.8263206934566 333.83055287851056 232.2654981915024 -620.3627961064446 498.8528067598601 367.29139404848104 271.04308177434103 -651.381075415367 476.97944083254237 342.3673661372161 272.71101571171533 -657.5157803795489 482.1982618733635 315.0530620102591 279.0450885341841 -666.1622708815107 466.18968737405464 279.0551832702236 281.48998521463295 -653.6895878927915 472.87907259451106 339.8426648704626 243.9214231947902 -617.3395256132259 487.19306295566645 332.79790462691636 214.26869339686047 -593.4115463573047 476.7421567400232 354.1344871646929 271.2910599256553 -675.2296616344596 475.9384852971024 281.7339762482669 253.37435383848162 -650.5707240084816 481.610323940825 283.6629482393306 268.3433334359899 -679.357792606814 492.80020263540666 341.43449363321514 254.35122180831294 -626.4711377407652 472.9158764454034 325.0829389950852 228.35206332093762 -583.8684020158886 481.36139272548894 337.5352158180467 242.72695909003062 -600.9087430362935 470.19872165802303 298.671520776994 267.5735200517626 -638.6318855631529 489.61650578679723 327.4841219061193 222.75388174239868 -609.9570083393571 479.41189393631265 263.3357513971312 235.2449527123854 -607.863379324805 477.7811298237219 269.3370991860805 273.3750635140847 -641.383375968431 475.1927101208318 302.3843619233774 261.82752291888676 -623.578448418032 469.3828438788512 275.3270401044242 265.71675371832674 -631.7164463579356 482.2969939753834 277.0733194616144 247.5997895823052 -632.7321622710742 477.90431864740015 327.7068301951276 247.56661230749717 -650.2539155161542 462.00211278347905 306.99308813558025 231.87097835819745 -593.3214292255569 488.2960801795868 316.6065193118976 260.719541692988 -634.3504940845498 491.8384700185574 368.4979137419759 265.9474099350219 -660.8760946456836 482.25569097584884 307.58057528847644 272.7957569139866 -670.0084785773809 468.22637208119744 304.50703085172614 260.96778244192143 -640.4475821603709 470.8800002525228 313.29682445381695 254.34877831572547 -638.3037461375865 463.0716544154776 283.80927113333195 216.75424279421162 -600.9273449581397 481.177624701521 298.40497285129334 250.86018556710835 -642.0288083520844 491.4511037211822 303.40076746919 254.98831548387702 -613.6256440075815 492.2868741742376 312.0895194059451 245.04905622915396 -625.7455885977396 473.157482218363 307.7606907649248 239.5123484109358 -605.7394753613855 491.2595602524547 347.7164764794964 249.37199012112856 -613.1923506102075 475.1572423185711 288.3243004775856 239.07222654487677 -623.792748919288 480.61509876456284 291.57139315498995 236.3239516283115 -614.8183490764565 479.91855679548314 320.9299641556671 258.272458373201 -664.5279946019756 465.15627289277506 295.76986516368004 265.1153049516199 -648.5243234165679 482.21927054071267 345.14072631016643 276.86027340538953 -678.7855182020562 471.7001195944481 292.3741601760831 260.0416203573517 -651.723119114574 466.81721031758246 289.5704958566033 249.05615555173495 -606.8141425888152 481.2866235980195 366.76721650422087 237.2922945401414 -598.6104944461315 471.55029669763604 332.611039567537 270.3290608649655 -685.8927223733187 493.7169933641421 324.63595468808893 224.15522612188056 -616.8468133648472 483.42696119647877 270.6278595460693 246.39202941746422 -643.2808700984614 479.30929988466744 349.63051496474736 256.36898353512527 -621.2613175175262 467.5906145448668 324.4043247743486 268.12688622526684 -645.0186340675847 472.7907302786076 272.20899082245427 251.0623747109931 -619.6588800934331 468.426215616667 267.0629496757764 222.01927864485262 -587.6753795179537 475.0610922298408 318.172916527464 252.73044049155146 -631.2686647495175 486.39467097861 304.38875395351977 260.2015218626676 -627.9020876573426 485.0324238117763 357.7426856650734 234.19395227615254 -587.1379425217789 476.52483510342296 333.6951309694159 259.7824276979514 -658.6788682167941 476.3212952937906 295.1956805081601 276.3255446561881 -653.4351625963246 482.6065432210479 331.7459237532128 237.93264558875435 -633.4623470403842 486.7481537425018 281.4055204549578 254.08340516364794 -656.9970500802715 474.75944602033917 347.4128423044062 231.8616109421752 -627.4035153467048 485.9922575162391 296.186929873294 257.762273324657 -645.224425864223 485.99431558425033 371.53178063084 266.5725432679369 -655.2048821283064 486.1219104436267 350.7832173614104 228.52946744339044 -602.078505126731 470.84306345370715 283.76060812992245 229.32076785264306 -613.2866921028182 481.35506993866494 360.03737547393973 238.93842275013546 -593.1541715420617 500.48105931737996 360.8934492559453 266.2612644838922 -667.374684837439 477.3799325440444 312.09595734813394 226.82027243857095 -606.7809422315195 469.10372211696074 318.8519978800351 244.64563037398065 -636.7731371300706 497.40976026609894 346.8077484266672 284.7029119266917 -665.5371022094737 486.76031046383764 288.47477305067395 278.68449448512536 -659.5913162928084 464.7658862165266 314.2454782422562 240.8461625620172 -639.3959831500732 465.1123189887682 270.9059775071059 264.9530737017834 -672.3443153875156 484.34854491396845 325.2825433331444 274.3165663274699 -647.7219792503715 477.3455037746163 275.66689158085455 272.0200185994062 -663.038807475559
400.0048855897958 0.6950511823979644 1.3901023647959225 0.6950511823979115 1.5541816916835092 1.3901023647958384 1.3901023647959592 2.8657694402372234 1.3901023647959567 1.5541816916833715 0.0 1.9659016173813002 0.6950511823979151 0.6950511823979147 1.3901023647960293 1.5541816916833957 0.6950511823979711 1.3901023647958541 0.6950511823978947 0.6950511823978994 2.865769440237211 0.6950511823979363 1.390102364795917 1.3901023647959816 0.6950511823978861 1.5541816916835376 2.865769440237228 1.3901023647960011 1.9659016173811392 1.3901023647960404 0.69505118239793 1.9659016173812187 1.390102364795996 2.8657694402371736 0.0 0.6950511823979486 1.3901023647959723 1.3901023647958881 1.554181691683551 2.865769440237284 0.6950511823980894 1.3901023647958912 0.6950511823980463 1.5541816916834894 1.3901023647959299 1.3901023647958506 1.3901023647958903 0.6950511823978818 1.3901023647960407 2.865769440237274 4.170307094387784 1.3901023647958977 2.865769440237211 1.3901023647958546 1.9659016173814035 0.0 1.3901023647958441 1.390102364795921 1.965901617381387 0.6950511823979405 0.6950511823979383 1.3901023647959103 1.3901023647958721 1.390102364795869 0.6950511823978955 1.3901023647958695 0.6950511823980076 0.6950511823980454 1.3901023647958959 0.6950511823980265 1.3901023647960302 1.3901023647958983 2.865769440237325 1.390102364795898 2.865769440237387 1.5541816916833684 1.5541816916833504 1.3901023647959332 1.9659016173815096 0.6950511823980244 0.6950511823979864 1.3901023647959656 1.3901023647958977 1.3901023647959336 1.965901617381479 1.390102364796007 0.6950511823979277 0.6950511823979723 1.3901023647960644 1.3901023647960151 0.6950511823980352 1.5541816916834046 1.9659016173813155 0.6950511823979123 1.390102364795955 1.5541816916834559 1.3901023647960478 0.6950511823979826 2.865769440237168 1.3901023647959891 1.3901023647961332 0.6950511823979594 0.0 1.3901023647958841 1.3901023647959634 0.6950511823978816 0.6950511823980396 1.3901023647960489 0.6950511823979284 1.3901023647958406 1.3901023647960375 2.865769440237331 1.390102364795802 1.3901023647959754 2.8657694402373988 0.6950511823979975 0.6950511823979019 1.9659016173812602 0.6950511823979659 2.865769440237329 0.6950511823979468 0.695051182397899 1.5541816916832794 1.390102364795843 1.3901023647958335 1.3901023647958595 1.3901023647957809 0.6950511823979821 0.6950511823979139 0.6950511823979637 2.8657694402372242 0.6950511823979951 1.3901023647959687 2.865769440237355 0.6950511823979014 1.3901023647959365 1.390102364795878 1.3901023647958737 0.6950511823979763 1.3901023647958977 1.9659016173811916 492.7152031564354 331.76210040288186 234.19109746371333 -622.7790650378793 497.7585736697775 365.21416987997856 273.12275849143083 -654.1720225713541 476.8893095698848 337.91163273587557 274.54600582720224 -660.0093431790143 481.3856187135112 313.29046531370744 280.9415154493705 -669.6135266505037 465.4290820775156 276.8667796030925 283.97019434526817 -656.6486856920042 472.8543252817286 336.17826722010545 245.45900632932214 -619.5693715239604 486.8100805258689 330.4811638920742 216.22636290885416 -596.2905971330745 477.3427838800676 351.07938642997397 272.1934959313465 -677.4990730538659 475.2183480829488 277.8963709099166 254.85014471955975 -652.3578501531085 481.2148472559756 281.3476437930736 269.7907231769727 -681.6729208813027 492.114735858137 338.81181724935567 256.148354249431 -628.9919369678321 472.3566622632704 324.0508289388867 229.90859262740034 -585.5896833958016 482.00873213693137 334.0508903853197 244.55607294190082 -602.9121556566168 469.9866186313244 296.29282050475274 268.9474335306458 -641.5069888321156 488.3645645789399 323.8313185354433 223.40092492693336 -611.4132744176095 478.7463227789662 259.07019356296837 236.1184239044777 -608.6535617676257 476.93331382102775 265.1349210149004 275.1978773800402 -643.8838621725116 475.1078408693222 300.37032535041516 263.5735047910972 -626.638355027954 468.4797377082992 271.552912965666 268.2619619040109 -635.1224832589265 481.1005690334266 274.2187604294252 248.42328976203154 -634.0527251714691 477.5177238174069 325.39067884819224 247.858508841019 -651.5170773632865 462.81586249041897 303.4422890888131 232.81650553932226 -594.5408624063583 487.59803191123996 313.98818801355355 262.57156656736925 -637.8238918616516 490.9873253514962 367.15306189317494 268.1801204401646 -663.5396567289062 481.0767382202903 305.9451733195855 274.2882527343214 -671.7805448588745 467.5799566497627 301.46176311185377 263.19763159779603 -644.3641675764992 469.36720594929125 308.91691184922735 254.73285015693642 -639.9888122937788 461.8197282861764 281.3827374115572 217.8664912442017 -602.9952597263991 480.2364447122123 296.27917274187183 253.60742780448814 -644.7698525668042 491.00245570004273 301.5131784942419 255.53497389354257 -616.1533737575056 490.914070409294 309.29494037319904 246.8076142218749 -627.3060777515241 472.2102604584167 305.0237280579818 241.72598972333662 -607.9288463504465 490.7661825877003 346.25329856637444 249.4332809042759 -615.1190142511606 474.5087007319321 285.27955927912075 240.52342617913268 -625.5976588598415 479.91138197849267 288.95451558126547 237.28570252391657 -616.026542627977 479.1647775002629 318.73868764817985 258.57246187033866 -665.787469760154 465.80013586321115 293.5028330436051 267.2858749681109 -651.7405743866775 481.2788680011556 340.5669945043864 278.26353360132765 -681.64382473462 470.37805808388515 289.1544393014011 261.1276405564138 -653.3310303530984 466.22415018402995 286.0976015397084 249.41043610908028 -608.5036426675016 481.7749621159962 364.56673725870775 238.7188775304802 -600.434228096997 470.2417969202597 329.386035723156 272.22066142911916 -687.8331364321723 493.2726081692255 322.74746974941945 225.26105247425033 -617.9405923370492 481.7387656459485 267.53544596450473 248.0671471475187 -644.4062382423958 479.16997753930764 345.6011976662211 258.22092619044747 -623.2399717848551 467.38405745643706 322.02514391835643 269.2608476096259 -647.5902600343486 472.26781843425556 269.5291116163368 252.30736370155785 -622.1258907745002 468.1966428102816 263.46342214975215 223.42790152463252 -589.5151301508021 474.3056760939349 315.98261643353914 254.3840363635049 -633.9072610898105 484.96323616473177 302.0237377668535 262.6813342845131 -631.8578453197505 484.7823538486629 354.5693939530025 235.37274315847912 -588.6628457997851 475.8332067831001 331.075327831034 261.9600822031124 -660.3835616405399 475.56220189473225 293.0067521390592 278.56807210375325 -656.7189135623478 482.0873342878228 327.84346024627206 238.81181677895026 -634.2396213865493 485.87671569702303 280.0731877206164 255.6625583725691 -659.1994181376745 474.617342181143 343.3838644670797 233.22055119328456 -628.7905594026986 486.52466614748903 294.7763366772696 259.53865492110293 -646.7628650375261 486.1811218607669 370.2494301083995 268.5043079818777 -658.1205332388123 485.19433917133955 347.42770257606924 229.25807082632866 -603.9604547878937 470.08270805389816 281.5720635581102 230.83845146762522 -615.5292196266752 481.35397549629454 357.5944095023748 240.29396647488824 -595.5230751335681 499.4427846948729 358.3911369161926 268.3971380058035 -669.6157378597798 476.49677692090484 309.54127957930746 227.94057932691965 -608.8425306290179 468.5185291305837 315.37738755363546 245.77145058826298 -637.8468784993756 496.8570513261558 345.77236829863864 286.0568524894982 -668.9407612504825 486.8161675301604 288.0466538015702 280.6777331526448 -663.4645349467969 463.9396298347999 311.26257257293923 242.00506846585125 -641.4359223942819 464.51802502934635 267.43326974027434 265.7525635879737 -674.1948925507148 483.51608883324843 321.0776743454213 276.0468519772544 -649.7974709705447 476.62487341365164 271.8293649361385 274.1076761833706 -665.8248676584984
410.0048855897958 1.3901023647958985 1.3901023647960824 0.6950511823979952 2.865769440237231 0.6950511823979196 1.5541816916832716 1.3901023647959636 1.3901023647959125 1.5541816916834486 2.86576944023729 1.554181691683375 0.6950511823979747 0.6950511823980036 0.6950511823980726 0.695051182397937 0.6950511823979392 0.6950511823978742 0.6950511823980532 0.6950511823979337 2.8657694402373144 1.3901023647959057 2.865769440237428 1.3901023647958723 1.3901023647960604 0.6950511823979132 1.3901023647960524 0.6950511823978495 0.6950511823980201 0.6950511823979292 1.3901023647958581 1.5541816916834796 1.3901023647960793 0.695051182397945 0.0 0.6950511823979283 2.865769440237394 1.390102364795881 1.5541816916836713 2.8657694402372798 1.9659016173814585 1.390102364795913 0.6950511823979043 1.5541816916835027 1.390102364795971 1.3901023647959425 0.0 1.3901023647959225 1.3901023647959236 1.3901023647959776 2.865769440237294 0.0 1.3901023647959747 1.3901023647959145 1.3901023647957373 1.3901023647959443 0.6950511823979069 1.3901023647959942 2.8657694402371967 1.3901023647958786 0.0 1.3901023647959185 0.6950511823980368 0.6950511823978927 1.390102364795956 0.6950511823980866 0.6950511823980763 0.6950511823980292 1.3901023647958277 1.3901023647959823 1.3901023647959068 1.3901023647958806 0.6950511823981642 1.390102364795885 0.6950511823978683 0.6950511823980022 1.5541816916835025 2.865769440237236 1.3901023647959134 1.390102364796036 1.3901023647960196 0.6950511823980761 1.390102364795966 1.5541816916834665 2.865769440237134 0.69505118239789 0.6950511823978529 1.3901023647959525 1.390102364795982 1.390102364795944 1.3901023647958692 2.865769440237185 0.6950511823979852 0.6950511823979065 0.6950511823979967 0.0 1.390102364796024 1.390102364796044 2.865769440237368 0.6950511823979986 0.6950511823979016 1.3901023647958899 2.865769440237177 1.9659016173813282 0.695051182397896 1.3901023647960187 1.554181691683461 2.865769440237352 0.6950511823978908 1.3901023647958353 0.6950511823980882 0.6950511823978628 1.390102364795775 0.6950511823979962 1.9659016173812547 1.390102364795869 1.5541816916834377 1.3901023647959299 1.3901023647959612 2.865769440237294 0.6950511823980812 1.3901023647959925 0.0 1.390102364795979 2.8657694402371114 2.8657694402374134 1.9659016173813795 2.8657694402373224 1.3901023647960111 1.3901023647959085 2.8657694402373095 1.3901023647959643 1.3901023647960604 1.3901023647959485 0.6950511823979477 1.9659016173813435 1.3901023647960642 1.3901023647959396 1.3901023647959982 1.3901023647959352 1.9659016173813337 492.2697664569617 329.8738411190973 236.34758363838864 -624.5090917583308 496.5325645041267 363.9979635582095 276.2060244058743 -658.1384103526083 476.4323699258049 334.8018220232009 276.7140345041631 -663.4841040553735 479.82678299117805 310.5614318544208 282.38959290691156 -671.928237516706 465.1422447428504 273.6955801460642 286.753615490047 -659.3525751056227 471.72251819771475 332.8918989476479 246.057359463705 -619.0811230344224 486.7410720360584 329.6884158233537 216.70260082746464 -596.8984511894338 477.57468342230595 349.3679677265166 273.83532445482246 -679.1452131430198 474.52906390867184 276.50155144525644 255.14827905913467 -653.6181772029358 481.07242368455314 279.7616703389202 271.6817988039208 -683.6138676807009 491.6133275262794 337.35134895476335 257.6259928559536 -630.7779975340939 471.5856855111714 320.63992797437595 230.71268737131257 -586.9242998125183 481.29978855165626 330.211025051947 245.1694857452417 -604.8992789594296 470.0110340695106 293.42281621515633 270.1887195941758 -644.4970981662983 488.3512143252499 322.6105686018195 225.3938923426993 -613.2814880633139 477.08518025804767 254.99117691444 237.57557391622655 -610.4540622152612 476.334389688507 261.66286103231283 276.09396560058497 -646.155594913027 474.65701757261434 298.4831768435552 265.39579368062357 -629.140625727714 468.1550341626092 270.03110875163776 269.89320661842595 -638.2859963931653 481.2492407232092 271.7141031369283 249.5053062923558 -635.6636368971485 477.4211596068997 322.15542101741914 248.74806347443015 -652.2818850897297 463.1504149738027 300.8737761599481 233.78091395842318 -595.750354393298 486.165991064409 311.62364166167754 264.2508774043975 -640.4447706404533 490.55159260033173 365.2623017757389 270.5197766721992 -666.6177891489244 480.00828574859514 303.4548165270565 276.2804593008569 -674.1415687328684 466.4322254382135 297.56834464507716 265.473818943292 -646.4878886432542 468.7198053503173 305.8718497244435 256.0671769068062 -641.8944370624803 461.35122718349356 278.2746750463857 218.0438769389569 -603.8436107659413 479.78530610751454 294.39203641982203 255.28914462492222 -647.3887207463985 490.67853576676623 299.9907902210069 256.6483607276351 -618.7336118387897 490.099377390278 307.53401387868684 247.58646765411942 -629.1665162608787 471.1823029701155 300.8843893153414 242.88192961621687 -609.9729564371956 489.6522477587422 344.18642779561804 250.9941536989517 -617.3337104447326 474.42185679336916 283.26562121868426 242.08705893801408 -627.8107389431426 480.13351130306245 287.2420227357828 238.2601596063823 -617.2272137128883 477.8453929168629 315.51771207745344 259.96336491416935 -667.1407617465853 465.51572697037585 290.3311609663384 268.63170993731967 -655.1484547554229 481.3151719703018 337.69691037423894 279.4734527856191 -685.1708660077051 470.2747599496955 285.9196563160076 262.8126855239375 -654.4386387393437 465.447100006921 282.68833258803335 250.36475957061998 -611.2120951128849 481.7624426205178 362.12521800706133 239.6869402766884 -604.1111057758644 469.16378563917044 325.67232294125984 275.74473072228926 -689.9110756576048 492.27753052546996 321.04821617569877 226.7139005133687 -619.7468215349121 480.7211991514715 264.6181884710569 249.79353500798823 -646.4839437045553 479.0241117947589 342.79437688412327 259.5457905813875 -625.1506962209537 467.15973184575034 318.42509526104175 271.02637530096325 -650.8985186240349 471.3056207713857 266.18462788956083 253.7777017068053 -623.9135577419265 467.22183159188523 260.12189976489884 223.77328993978284 -591.2065420253626 473.3502427715233 312.63579876820336 256.1610597534016 -635.4447283881085 484.7100941104588 301.29420075944245 263.7153976744136 -634.0106778009582 484.2678939910226 350.66543649013425 236.6876881859529 -591.5630540656902 475.2478251306126 327.60079852007027 263.35056641421335 -661.7371707976531 474.8572550282146 290.3902570620498 281.5984743387289 -659.7197361162742 481.67089508269305 323.08590849029184 240.28278708665636 -636.0284803598157 485.00456470191347 278.7411822156808 256.95124114592113 -660.1355384191693 474.77866418720055 340.8789444608323 234.58886778539082 -630.1644317384724 485.77988632036073 293.8086053669198 261.0735476943243 -647.9939377006322 486.7257752448022 368.84239864728266 271.4870815790876 -661.6664044523955 484.92494612684504 344.25556843515676 231.0345138053501 -606.4959444892597 469.43087020816137 278.5279756325526 231.3006000077619 -617.6386061993659 481.57903249400664 354.66263072061275 240.13926518021822 -598.1146104226696 499.37143813779846 356.376837284654 269.69671705311544 -672.0555139319748 475.6668963603431 306.55944600777997 229.66563908796172 -611.9152554380981 467.9275921993596 311.9040019357263 247.58994657840225 -640.3490951595213 495.93360856709484 344.86318636132796 287.85606867052667 -671.9698849377464 486.0552819891729 285.8582999329242 282.6691603487327 -665.8260365242677 463.60144713686066 308.51900495471483 243.0859221479238 -643.0490876842659 463.6804930038613 264.45406420018946 267.7441038731776 -676.556442217937 483.1664187713338 317.113035052867 277.29494156674656 -652.7828871802097 475.6798024679715 269.7056599239834 275.9509080087201 -668.3115801318496
420.0048855897958 0.6950511823979842 1.3901023647958284 1.3901023647959876 1.3901023647959934 1.9659016173814026 0.0 1.3901023647960173 2.8657694402372984 1.5541816916834044 0.0 0.695051182397935 1.3901023647958164 2.86576944023728 1.3901023647959612 1.3901023647960304 2.86576944023732 1.3901023647959172 0.6950511823978951 1.3901023647959185 1.9659016173814257 2.865769440237232 0.695051182398004 2.8657694402372997 0.6950511823980998 0.6950511823979328 1.5541816916834614 1.3901023647959219 0.6950511823978999 1.3901023647960582 0.6950511823978092 0.48653582767857234 1.3901023647959754 1.3901023647959805 0.0 2.8657694402371705 1.554181691683303 2.86576944023733 0.0 0.6950511823980446 1.3901023647958737 1.9659016173812631 1.3901023647958857 1.390102364795884 0.6950511823980177 0.6950511823978693 1.3901023647959512 1.3901023647959656 0.6950511823979747 1.390102364795975 1.9659016173813226 1.5541816916834168 1.9659016173812767 0.6950511823980767 1.390102364795866 2.865769440237335 1.3901023647959785 1.3901023647959168 1.390102364795921 0.6950511823978902 1.3901023647960389 1.3901023647959643 0.6950511823980812 1.5541816916834357 1.3901023647958635 0.6950511823979444 1.3901023647960329 1.3901023647958635 0.6950511823981037 0.0 1.3901023647960358 1.3901023647958846 0.695051182398038 2.8657694402371936 0.6950511823979181 0.6950511823979837 1.5541816916835405 2.8657694402373313 1.9659016173813426 0.695051182397938 0.6950511823980633 0.695051182398025 0.6950511823979613 1.9659016173813906 1.9659016173812716 1.3901023647958504 0.6950511823980622 0.6950511823980002 1.3901023647960438 1.3901023647960085 1.3901023647957962 2.865769440237213 0.0 0.6950511823980563 1.5541816916835312 2.8657694402372917 1.3901023647960662 1.3901023647958366 0.6950511823978388 0.6950511823979467 1.3901023647960806 0.6950511823980191 0.0 1.9659016173813422 0.6950511823978309 0.6950511823979902 1.5541816916836333 1.390102364795883 0.6950511823980473 2.865769440237232 1.3901023647960604 1.390102364795991 0.6950511823979606 0.6950511823979064 1.5541816916834263 0.6950511823979156 1.3901023647960675 0.695051182397876 1.3901023647958601 1.3901023647959008 1.3901023647958186 1.3901023647959354 0.6950511823980323 0.6950511823978559 0.0 1.390102364795886 0.6950511823978355 1.390102364796011 1.3901023647957962 1.3901023647959347 1.55418169168336 0.695051182397907 1.5541816916836084 1.554181691683501 1.390102364795927 1.390102364796034 1.5541816916834241 0.6950511823980079 0.6950511823980403 2.865769440237268 1.9659016173813166 490.7260572621554 328.36488055285514 237.57266675436898 -627.503696379501 495.9744128258763 362.96445513056193 278.05016546324487 -660.624283570617 476.08848155951085 331.4472661860872 278.72211869093263 -666.4632520248164 479.28773796347633 306.66098270583035 284.81197058607546 -675.6947459595583 464.59783447080616 271.02123045626655 288.8474110559383 -662.1330785196214 471.4409247131402 329.7201615800833 246.3509733361476 -620.3432498158917 486.2355146321402 328.22881918435274 217.4599866982115 -598.7660700280736 477.05927836070407 346.6861551050272 276.22492647495403 -681.675930492918 474.1710459588848 273.7597912519743 256.2433510166239 -655.2196534615855 480.37508126274224 278.3701945031624 273.17658579369316 -685.3839997091544 490.5478398424156 334.85977215671284 259.2591999900933 -632.4325536005443 471.35735715028653 317.0406176800348 231.67839954051522 -588.127950582657 481.15954049731533 328.62502379437115 246.73681396339276 -607.1100823210227 469.00082649896035 289.3780306631371 272.4724656991279 -646.6118765511662 487.8447809969844 321.1511700756212 226.22197545608157 -614.6006040373315 475.78207349176614 252.43171734611212 239.43937142220324 -612.4202322030777 474.73788761657715 258.9580068451638 278.0840336743159 -648.5179133300328 473.62120565571655 294.34541857875365 267.3319655972213 -632.0513301245248 467.7860262429205 267.29293750541785 271.7314776542683 -640.775259029256 479.4325792561951 269.49305893603616 251.28784125176597 -637.1938427302762 476.35258110623334 319.665015153941 249.5467677321182 -654.1320670370436 462.6787281856596 297.7675421563012 234.45489207176024 -597.1939402144357 485.659188312323 310.1650136319337 265.64589721574345 -643.3072080405856 489.358581263864 361.18093610034026 272.0690571083654 -669.3523541239902 480.4507591653068 300.0300225183661 278.03395785396276 -677.714769774285 465.6943729517188 293.1217665877096 268.0837167833753 -649.5910407064529 467.19553309063184 301.49658041847357 257.7567388129786 -644.5094816720937 460.96925314192555 274.3117969121987 219.11019224621853 -605.463062091961 479.6403674249351 292.80681460737196 256.9795777838537 -650.0034493771686 490.2256652582815 298.10368430221297 258.47368018380365 -621.2317443608886 489.64747092706597 305.6467686507699 250.00971198353534 -631.1698424068377 470.4023630316482 297.47527559628224 245.0352495746574 -613.2016938630957 489.6274510676246 341.74427939353535 252.3717296014697 -620.2044890218891 473.6513177194887 281.07975094875485 244.16139651036403 -629.098981897632 479.4205027824831 284.6286156565808 240.22494964019907 -619.6099366021693 476.76051853358854 311.806901355161 261.55827572162104 -669.3316848321224 464.5818681912526 285.3399180119043 270.5210618589092 -657.0910657709294 480.9233429762278 335.3805720251601 280.2408735123802 -689.0716432126059 470.10326537927693 283.1129680349464 264.3049947263655 -656.2110856856225 465.2012983179281 279.09066303329627 251.39363428808625 -613.3676350782009 481.5684443073068 360.9669027214668 241.00151612114385 -606.0272767420846 469.5545212399631 322.67585614443055 278.54127701038976 -694.1197982479572 491.574308298775 318.43115032341626 227.8856963405841 -621.7839497670806 479.21303410214955 262.70047840892744 251.33427440678875 -649.2238223232443 478.39387127906815 340.9694939387724 261.7099888700319 -627.7444171867729 465.96400686560327 315.5705586989665 274.1591292341159 -654.318161364988 470.5777026917783 263.57600887824975 255.3100697502847 -626.6583612551245 466.33388746609467 257.1588381586091 224.44081839666475 -592.6513904728603 471.91528242973754 310.273237436599 257.8474904046998 -638.0615041643321 484.56670847784943 299.7085376416354 265.7997591396119 -636.7981428583015 483.8795767857294 348.34950530164383 237.36048375257383 -593.0053064360097 474.2360479284235 324.68199623721927 264.34595026636197 -662.9180738024031 474.76448971167173 288.37737414402244 283.9408038865085 -662.7957907547392 481.45918567338697 320.7070217168333 242.35926110680063 -637.3134489020961 483.97905866515265 275.8287599729046 258.4438759785145 -661.9077650437468 473.8819820752293 337.10323751835205 235.76811367635818 -632.1959573397096 485.01632832339334 291.62121744585596 263.10895590629826 -649.8141495180665 486.95793900813896 367.132490158561 272.78714628141825 -664.1060176511081 485.32124433871894 341.25963161684535 232.8927774097798 -608.4705886871153 469.0710228170017 275.787785127594 233.99559592518986 -620.9201765372859 480.8823186764671 352.0436889707874 240.21422218855116 -600.0442831292304 498.5625606411338 354.61329954822065 271.3480353774717 -675.2095063205118 474.28628192699006 303.76923105435077 231.97048307785346 -613.5221792371527 467.64245346656764 308.73201090993507 249.27507548649194 -642.9672111793313 494.87032297775266 342.37051676628613 290.25583593380543 -676.0082413837599 485.9095691148487 284.27149167758745 284.8189978937196 -669.5699045546644 463.06086158677977 304.61784684129884 244.7185934658366 -644.704445213421 463.9796321545175 261.882333425256 269.4417412205864 -679.1660529763166 482.8270792605962 314.3693704059527 279.4338053065578 -655.0201638950255 474.76867443739854 267.1624294681264 278.51990591618835 -671.9542565236051
430.0048855897958 0.6950511823979373 1.3901023647960664 1.3901023647959119 2.8657694402373095 1.3901023647958899 0.6950511823980547 1.9659016173812947 1.3901023647958286 4.17030709438774 1.3901023647960065 0.0 1.3901023647960191 1.3901023647958874 0.0 1.554181691683481 2.865769440237322 1.390102364795837 0.6950511823979322 1.965901617381391 2.865769440237181 0.6950511823980094 2.8657694402371328 1.5541816916835351 1.3901023647958712 0.0 1.5541816916833726 1.3901023647959365 1.39010236479588 0.6950511823979233 0.6950511823978497 1.3901023647960316 0.6950511823980432 0.6950511823978949 2.86576944023729 1.3901023647959103 1.5541816916835414 1.3901023647960438 0.0 0.6950511823978591 1.3901023647960493 1.3901023647959163 0.6950511823980071 0.0 1.3901023647958302 2.8657694402372265 1.3901023647959883 1.3901023647960151 1.554181691683354 2.8657694402372416 0.6950511823979472 1.3901023647960247 1.3901023647958206 1.9659016173814217 1.3901023647958932 1.5541816916834956 0.6950511823978778 0.6950511823979395 1.3901023647960398 1.3901023647959398 0.6950511823980284 0.6950511823980542 0.6950511823979413 0.0 0.695051182398005 0.6950511823980522 1.3901023647958164 1.3901023647959525 1.3901023647958546 1.3901023647959567 1.390102364795917 2.8657694402373237 1.3901023647957629 1.554181691683407 0.6950511823980683 0.6950511823980161 1.3901023647960884 1.9659016173812462 1.5541816916833684 2.0851535471938214 1.3901023647957964 0.6950511823980665 0.6950511823980272 1.3901023647959108 0.9730716553571752 0.6950511823980261 0.6950511823979253 1.3901023647960271 0.6950511823978511 0.6950511823979385 1.3901023647961177 1.3901023647959405 1.390102364795974 2.8657694402372145 0.6950511823979632 2.865769440237291 1.3901023647958635 1.3901023647958533 2.8657694402372584 1.3901023647960187 2.8657694402371567 2.8657694402372154 1.554181691683511 1.3901023647958446 2.865769440237197 1.390102364795838 0.6950511823978484 1.3901023647959077 0.695051182398076 0.6950511823979826 1.3901023647958635 1.5541816916835658 2.8657694402374134 1.3901023647959057 1.965901617381287 1.3901023647959607 0.6950511823979026 0.6950511823980143 0.6950511823980285 1.3901023647959123 0.6950511823980104 0.0 1.554181691683528 1.3901023647959385 2.8657694402371248 2.865769440237327 0.6950511823979253 1.3901023647958686 1.3901023647958177 0.6950511823980344 2.8657694402373157 1.3901023647958939 0.6950511823981019 0.0 0.6950511823980305 1.3901023647959319 2.8657694402373197 2.865769440237298 0.695051182398064 1.9659016173812687 0.6950511823980912 489.9651558932781 326.1765419181792 238.81103188035775 -628.985365686599 495.5840413465122 360.6484958455903 279.6463339223176 -662.8142221097886 475.38225514482207 328.8309566041454 280.36420689649174 -668.1089813406628 479.3004430922687 303.7892288612837 286.8051324141861 -678.054815642153 463.30673318390745 266.96962900225793 290.8501929322217 -666.0012430951804 470.6068911989617 326.7398192984436 248.23328479287767 -622.2935164293114 485.6165774933661 327.62652707373593 218.38348655638575 -600.5056999011633 476.15853591550325 342.91112597731353 278.6705042435573 -685.1701827635892 473.106107999126 270.8576757469398 258.13306225033693 -657.161756308021 479.63700444253266 275.76187214649326 274.6813910963106 -688.6619316374148 490.0413279916039 333.40070044262313 261.4485000189652 -635.636569685604 470.49901683630014 312.84060573731006 232.6976052086039 -590.2886885539149 480.43467575800844 324.7881281300689 248.01997532545366 -609.5603006534236 468.1381366407393 286.40496551166666 274.7130901661033 -649.2683327515147 485.9329302864948 319.77309695714473 227.10734633950696 -615.3708058306325 474.68557965712404 250.08065712065502 240.5247261623521 -614.0292602161037 473.2945344103894 256.20076731282387 280.4265376916171 -651.5935602111534 473.0766297497703 291.6671816862832 269.2743055881409 -634.9586806400703 467.0269071794534 264.6915861877814 272.97574923163194 -642.2516558819317 478.3653099467123 266.5939554284196 253.2279431021229 -640.1026191994772 475.36966522327293 315.1005650916347 251.63852022415298 -656.9141635357473 462.1248605196141 294.4811433291202 236.21676645122335 -600.2447711682147 484.6347117380081 307.2506373767221 266.99134594103066 -645.2031674326505 488.12416779097833 359.972755503017 274.061878303848 -671.7126879227153 478.66915474011824 296.153510786637 280.8204022026465 -680.4157312425758 464.62320720665434 288.9912327645998 270.56425734550373 -651.0349126829572 466.7104143482738 298.3906843656239 260.29100180882193 -646.9188143643461 460.76004996937195 271.50740871420373 220.7824962980377 -606.5849576634658 479.2800753831976 290.0671768875715 259.11788513248126 -652.2415222560246 489.76405319673046 296.2184479319035 259.61770623643196 -623.7992063303548 488.51704737042303 303.58872305983255 251.89468095176662 -633.1159450623987 468.9801941425691 293.4707605096378 246.21990799796268 -615.2302462172007 489.92230831228596 340.8249505344482 253.91148371778144 -622.9452198631451 472.6515011054576 277.7446262877206 245.15373646376702 -630.2823921985745 478.63686796572193 282.44943077267334 242.204046063691 -621.9823992846781 476.7746335928634 308.9373374391008 263.4494471028846 -671.2725435911498 463.94729273347104 281.87391924175813 270.97316885038464 -658.2254444504731 479.7818062622541 332.0979361076193 280.3525051672708 -690.9991110894786 469.1846890931594 280.5694000191986 266.2509496023429 -659.1162728027579 464.88599136117085 275.4046244780241 252.63298319191762 -616.3567268812349 481.2330295005573 358.2233817526184 242.28046125989115 -608.4796998899697 469.8111049188478 319.3132553935973 280.17070158300817 -696.8372393965545 490.7014556313125 317.1001644231207 229.26727881583415 -623.146030615798 478.6362450464186 260.03083957966135 253.2226438044176 -651.1670404781065 478.11100066233223 337.79739823960153 263.0050196475439 -630.1867001742332 466.1628035540133 312.636497452628 276.4465997663073 -656.4299830642494 468.8473119025156 259.4828837187665 257.2958942849565 -629.0245549203232 464.8325061010199 253.18578304069842 225.60757779806474 -594.6894730301258 470.9970320447222 306.50327368738874 258.7481715594646 -640.3313070273796 483.4854383478961 297.22422635960083 267.4944018079733 -639.4093364800516 482.50292823984296 345.55706138780107 238.5780045015308 -596.0023602235634 474.12979059676434 321.4471115920086 265.8403604270936 -664.6885201457445 473.8197994103057 284.61283689894344 285.33381903650627 -664.1464853609579 481.3693423470936 318.69328237283156 243.9486077684827 -639.5080337439247 482.8428769831881 272.1313483325657 259.34777028504556 -664.1764298491942 473.0501610351341 334.1217257654983 237.2547719318441 -633.9729284106463 484.4966544538757 290.165918383111 265.69053206633066 -651.6778662438971 485.71154108561075 364.70266423961255 273.6819058638141 -664.8666043497382 485.2352118478732 339.2456492610057 233.82606663376805 -610.2051212111303 467.79018770870704 271.73335468178965 234.68765986282432 -622.353085218212 479.75946071323915 349.9804775973436 242.18284597083718 -602.4269734890466 497.6097950931229 351.26569021148447 273.4885335701266 -677.4451782050937 473.2023001164364 301.28500128718264 233.64456244612077 -616.1450160966128 466.9804701075057 305.68990039681375 250.86714625067896 -645.1600568703137 494.3649539265259 340.911354351233 292.4065562449263 -679.7515500064054 484.8646359724891 281.36504464094503 286.1105555499049 -670.5008553188004 462.4714941909384 302.36927261682376 246.10842738365162 -646.0581245119065 463.0770124418792 258.92136787361636 271.93306109890534 -682.1162413141426 482.42531822300595 312.0545133863726 282.09501851368213 -657.5743892080851 473.69597296360854 264.26508043009596 280.7619943058762 -674.6095124391286
440.0048855897958 2.8657694402372593 1.3901023647959017 0.6950511823980012 1.3901023647960498 1.390102364795871 1.390102364796003 2.86576944023733 1.5541816916835165 1.390102364795851 1.5541816916836124 1.5541816916834532 1.3901023647960038 1.3901023647959732 1.3901023647960271 0.6950511823979553 1.3901023647960338 2.8657694402371887 1.3901023647960349 1.3901023647959605 0.6950511823979483 1.3901023647959923 1.5541816916833766 1.3901023647958823 1.554181691683607 2.86576944023731 1.3901023647958963 1.3901023647959305 1.39010236479593 1.5541816916834281 1.3901023647957982 0.0 0.6950511823979995 0.0 1.9659016173812958 1.3901023647959665 1.3901023647959443 1.3901023647958854 1.9659016173812915 0.6950511823979206 0.6950511823979099 1.9659016173813966 0.6950511823979911 0.0 1.3901023647960258 1.9659016173813877 0.6950511823979699 0.6950511823979303 1.9659016173814015 0.6950511823979655 0.6950511823980458 1.3901023647959356 0.6950511823980298 0.0 1.3901023647960522 2.865769440237325 1.390102364796062 0.6950511823979708 1.390102364795991 0.6950511823980168 0.6950511823978587 0.6950511823979606 0.695051182397917 1.9659016173812458 0.6950511823978693 2.8657694402373077 1.3901023647958233 1.3901023647958728 1.390102364795839 1.3901023647959403 1.3901023647957818 2.865769440237251 1.3901023647959296 2.8657694402372558 4.1703070943878275 1.5541816916833682 1.3901023647960602 1.3901023647959345 1.3901023647959279 1.3901023647958541 1.3901023647960464 1.3901023647959656 1.3901023647959279 2.865769440237231 0.9730716553571752 1.3901023647960438 1.3901023647960054 1.3901023647960133 1.5541816916834774 1.3901023647958874 1.5541816916834332 1.965901617381313 1.3901023647959314 1.3901023647958946 1.3901023647960082 0.9730716553571055 0.6950511823980311 1.9659016173813801 0.6950511823980181 1.3901023647959567 1.9659016173812198 0.6950511823979547 1.965901617381311 0.6950511823978943 1.3901023647960251 0.6950511823980835 0.6950511823979189 0.6950511823980341 1.390102364795823 0.0 0.695051182397931 0.6950511823980082 1.3901023647959296 0.6950511823980328 0.0 1.5541816916835158 1.965901617381477 0.0 0.6950511823980025 1.3901023647959836 2.8657694402374294 0.6950511823978993 1.9659016173812778 0.6950511823979769 0.6950511823978863 1.9659016173812256 0.6950511823980553 1.9659016173813286 0.6950511823978867 1.3901023647959625 1.3901023647960065 0.6950511823979648 0.6950511823978678 1.3901023647959723 0.6950511823980582 1.9659016173812167 0.6950511823979199 0.6950511823979398 0.6950511823979085 1.9659016173813115 1.390102364795868 488.5759647184378 323.39061411824156 239.31417905383904 -631.084655728839 495.4980500935709 358.63488279212856 281.89669502450676 -665.4646516669249 474.04472967884334 325.6168126813929 281.7757981731368 -670.9621958661639 477.9414568816607 300.5844760497528 288.71529606136744 -679.976478307753 463.3954174505066 264.4620674535319 293.6495452239849 -668.6898331622773 469.6315215172914 323.3982606820299 249.32784652202577 -623.8956575268945 484.7933018554656 325.8702814655522 220.05691825006738 -603.1302659875594 475.75910280723036 340.59725199335765 280.32671965565896 -686.7991757828044 472.38510179108164 266.1797518737321 260.10379132167157 -659.7932770458171 478.7883859907042 272.3710614795117 275.8951575667682 -690.6672760923612 490.0569231350925 330.5305581293066 263.0434057629547 -637.826864373639 469.9220661200553 308.9446756007149 234.2746408535426 -592.4941641384362 479.2532570403172 320.29079572156263 249.45911361254107 -611.879749824493 467.30230805234135 283.01094865379577 275.8128165258311 -650.8670684878824 484.8254666152414 316.0685379946359 228.78967737460883 -616.4818191649447 473.0468766172581 247.3986944201858 241.024665473619 -616.128745395959 472.3380072767435 253.67199041491642 281.62808479005173 -653.611373905016 472.6794267887578 290.5808875088184 270.8241078540751 -637.6931937993676 467.16033905094207 261.7552127798567 273.9262735935697 -643.9756537147629 476.9183640775624 265.48487980939996 254.2232043905584 -641.2837116852612 474.87921121973073 311.9957640689464 253.38235385109908 -658.9794277510526 461.92611243792976 291.6769522030976 238.34374261068984 -604.0025511438705 484.50195565815443 304.01697938740125 267.7939009743404 -647.0518106551397 488.2914022848028 358.6885173260783 274.7686080481697 -673.1388525412694 477.7473590804744 293.613001661986 282.72234326728346 -682.3417764096549 464.103823981945 285.8894524347719 273.6115613939947 -655.5382295548808 466.51655210283906 295.58539709412423 262.47653013405073 -648.6104881214262 458.9070167074506 267.66477832399283 222.56067792651444 -609.6269456647748 478.995242244701 286.47034487856416 260.90739788437935 -653.7625341244992 488.74671722312513 294.53518864151386 261.75433166288525 -626.0382346197426 487.73480558323115 301.4070487672871 252.69540650203186 -634.9656852829033 468.1559149253464 290.0729965158812 247.41319383705272 -617.2537379338626 488.5198601900614 336.815840006379 254.81208586519767 -625.215617336477 472.5755223484834 273.65238344817055 246.74626984771328 -632.4745447974195 477.4820789913246 278.76070376034744 243.59340020746964 -623.3371754405242 476.0463883433132 306.3279896219445 264.25823704857976 -673.1202564440111 462.7891879527519 278.1846135825694 273.57130975396973 -661.5910874332735 478.48234401402703 327.2340583250021 281.83156323518324 -693.2940454319048 468.75174894703594 276.6119747185184 267.8951920250508 -660.7594924233128 463.4692644367528 271.60551562971807 254.32474480589437 -618.970070860661 481.74783783887426 355.5916100971237 243.27417016854736 -611.1721284969162 468.94457195989645 315.7269368244724 282.0724099088787 -699.3395640761574 489.97996956523326 314.4874366039483 230.95133029131583 -624.2546048132832 477.0521035473116 258.56384277329545 254.77228104900695 -653.901151333828 477.8726441094047 334.1986029114189 265.4473689622247 -633.6832582078786 465.53996584491017 309.1693712250008 279.9730128195647 -658.5038441351452 467.573889476259 255.0122531308176 259.3872107593681 -631.806919620253 463.30640436108536 248.85060287842572 226.98869490974883 -596.0542570166903 471.0907148968377 302.77523651911196 260.5368870942671 -641.8533846375374 482.49659259135615 296.75984872052265 268.7950583935486 -641.8479492114857 481.62909981888976 344.22650206664446 239.6157284681566 -598.1532216367349 473.7743773169954 318.70551567189966 267.2345573210284 -666.0364060899226 474.6396391965467 283.48706552984515 287.5419137868489 -667.3397068647602 480.55899518216876 314.67783626130046 245.6356963238664 -640.6112191787444 482.2626033444771 269.46356469646986 261.63757769011966 -666.285494453184 472.4097365125024 332.30154033674603 239.34347388977426 -636.7573875295428 484.01773443276556 288.28651164062546 268.127218204695 -653.6633833585455 485.4431166006865 362.7524383079711 275.09302593913253 -667.7208326215402 484.7976584598343 338.5800081848586 235.35874531901922 -611.4400415001969 467.79290001545303 268.43472766318064 236.82038296557 -624.5963814158215 478.94191134735405 348.21979879463805 243.8652558116896 -605.045509889915 496.3013574391126 349.2684385660169 274.88666811232065 -678.7871114028195 472.93087256504776 297.68666283640874 235.37903688818284 -618.2185413523235 466.6612449525967 302.52050572221003 253.40277605651792 -647.5676754098142 492.9993291055804 339.3434178132162 293.8500798363626 -682.5880133226531 483.9678648004824 280.04897682309127 287.820618827417 -673.1030660566347 462.3787295169325 298.70666286726686 246.85537624719296 -646.9439360556113 462.84403797219375 256.1219206875704 273.1428741917388 -684.1279959277712 481.6223488229242 308.6510302954218 285.5317344799516 -660.734336559441 472.2465899548022 259.85838943879037 282.8062991578706 -676.417171114447
450.0048855897958 1.3901023647959672 1.3901023647958932 0.6950511823979287 1.3901023647959785 1.3901023647960504 1.3901023647958681 2.865769440237203 0.6950511823979503 2.865769440237252 1.5541816916836262 1.5541816916833742 1.3901023647959885 0.6950511823979545 1.39010236479612 1.390102364795977 1.5541816916835045 0.6950511823979767 0.6950511823979846 1.5541816916834792 0.6950511823979454 0.6950511823978648 1.9659016173814516 1.3901023647960424 1.5541816916835622 1.3901023647959754 2.197944826770693 0.0 1.5541816916836142 1.3901023647958646 0.6950511823979032 2.8657694402372575 2.8657694402374436 1.390102364795894 2.865769440237168 0.6950511823978972 2.8657694402372664 1.3901023647959057 1.3901023647960609 1.5541816916835605 0.6950511823979201 1.3901023647959883 1.3901023647960127 2.8657694402371976 1.3901023647958115 1.3901023647959136 2.8657694402374108 1.390102364795861 0.6950511823979123 1.3901023647959208 1.390102364795868 0.0 2.19794482677074 1.9659016173812538 0.0 1.3901023647959707 0.6950511823980583 0.6950511823980731 0.6950511823979596 0.6950511823978814 1.3901023647960766 1.3901023647958384 0.695051182397929 0.6950511823980233 1.3901023647959656 0.6950511823980592 1.390102364795989 0.6950511823979229 0.6950511823979152 0.6950511823979431 0.6950511823979025 2.86576944023722 0.69505118239811 1.965901617381425 1.3901023647960695 0.6950511823980019 2.8657694402371945 1.390102364796002 0.6950511823979514 1.390102364795937 1.3901023647958128 1.3901023647959105 1.5541816916833968 0.6950511823978636 2.865769440237286 1.3901023647958966 0.6950511823980144 2.8657694402373055 0.6950511823978688 1.390102364795948 1.3901023647958695 2.865769440237327 1.3901023647958177 1.3901023647959367 1.3901023647960762 2.865769440237244 0.6950511823979075 0.0 0.6950511823980199 1.9659016173813846 1.9659016173814101 0.6950511823979734 1.3901023647958122 1.3901023647958648 1.3901023647957829 1.3901023647959903 0.6950511823978293 0.0 0.6950511823979385 0.6950511823980583 0.0 0.6950511823979668 1.390102364795969 1.3901023647959427 2.8657694402373726 0.6950511823979564 2.865769440237254 1.3901023647958357 1.3901023647958415 1.390102364795883 0.6950511823978935 1.5541816916835662 2.8657694402372753 1.3901023647959445 1.3901023647959285 1.3901023647960222 1.3901023647959752 1.39010236479586 1.3901023647959663 1.5541816916835216 1.3901023647959696 1.3901023647958353 2.8657694402373917 1.5541816916834374 1.390102364795842 1.5541816916835185 1.390102364795874 2.8657694402373304 2.865769440237231 4.170307094387823 0.0 488.57330947959684 320.52114986834255 241.01097465546073 -633.6950495417534 494.9881492617079 357.1783543884977 282.93987095201396 -668.137048987684 473.41326524228816 322.1508169613916 284.27800951475706 -674.41679158322 477.95998704759927 297.2853004154012 291.0352562414524 -682.5652784149325 462.42697225128626 260.90513532024875 295.14662753233455 -670.9683117604715 468.32124878052866 319.76797090788517 250.87747383382762 -626.6301986414741 484.32595054580287 323.98829060477385 221.64210963417742 -605.3274334323571 475.71068259885106 338.1556379767509 283.29770816728245 -689.8355140860195 471.7313819464334 263.944905469431 260.91460362675235 -661.637568643916 476.554386339281 268.67586940601825 277.6692429797109 -693.2251182898374 490.0059924301476 328.08783379697127 265.2900947451184 -640.4790542293347 469.1741496552919 306.34202782983095 234.67303704878157 -594.1753184086633 478.0707269234934 317.02248666467136 250.43859176220064 -614.8408415251253 467.2975097668204 279.712147535946 278.1799372904732 -653.9254633392428 484.1687517285158 314.2529714479803 229.7827660125437 -617.6647342536236 471.80578372872264 243.31906481008835 243.01423019425684 -618.4923213305291 470.92472327744713 250.07986389575368 283.70356541157264 -656.9137214567824 472.2790593980034 287.8459731574622 273.2790343638645 -641.1809015702784 467.00572224731013 259.7450290369744 276.93097528920265 -647.5076519339082 475.99942615457576 261.49393767388483 256.11657361848626 -643.2225408798631 473.91927926660287 308.23533282969635 255.385496727219 -661.3309876437567 461.16414496538624 287.42890000630587 240.6316793130324 -607.6280321091181 483.7053457288674 301.84079528282376 269.70980501548877 -650.4922491203472 487.8879827021933 356.3749938042182 275.34147853955415 -674.6827151222728 477.0836485753073 290.1544801437179 285.25642740038467 -685.7656897560993 463.33133793247816 281.64163572202006 275.8920590777063 -657.9063507947671 466.03207719887723 292.05840402737044 263.9341123525061 -650.9197423077817 457.8362618144528 264.35702209815673 224.1496572018206 -611.8222757545263 478.2760162595103 283.4393779971946 262.4080515770166 -655.5263736056652 488.4869607510275 292.16133098131456 262.3188051965748 -629.099363682758 486.40718006875835 297.78170708320636 254.8830047728367 -636.6552133712863 467.73400677676295 286.7289461530897 249.5047001250878 -620.0360668877937 488.47434876289196 334.37248900504517 256.5561669462772 -627.2811865078415 472.20936477744965 272.14157568162364 248.72953758687464 -633.3268201580875 477.1111557324994 275.5974154401601 243.74950029388665 -624.7214530807587 475.75747381022154 302.7345546198596 265.4813947799973 -675.1271126750344 463.0023039271776 274.38551381051843 276.27768737635404 -663.847629639468 478.37798374454115 325.2199910106575 284.60428089490017 -695.9957036119724 468.15500768326217 273.9516169666141 269.98787146204205 -662.0156498024171 462.13156168875116 267.572699573926 255.12709422551458 -620.8197503643732 481.65382539966936 353.5777527071835 244.57096217630485 -613.6134751706705 468.5175617598405 313.41823358441167 283.7287964778121 -701.3351762918048 488.5669510482538 311.7141852074975 232.04621463878766 -625.856794172503 476.04826444513196 254.3973437328788 256.021781484496 -655.3742777371222 477.0933675374428 332.0165984021095 267.59237207272605 -635.9144848190521 464.8410486546094 306.1375291305074 282.3067333918027 -662.098349464619 466.58850402431256 252.4989681154064 261.0882867032065 -634.4142186043307 462.59071095321406 245.63202492779848 229.16580443331048 -597.7569898964967 470.3855936934491 299.74215977494816 262.1371449464452 -644.0391054624746 482.00965166460213 294.8833141396435 271.2069308461242 -645.8812701423072 480.96272802747285 341.1856995331257 240.0217117259329 -601.3417781416165 473.1359652966284 315.24051558392694 268.74606167903664 -667.7910841442248 473.2362847073642 280.3004147121027 288.88480524564903 -669.7588383775399 479.90115316413363 311.73182797963517 246.63236467188392 -641.790423161727 480.30427362530907 266.48900503038305 263.6861745825545 -668.0874373270017 472.77368627633814 329.3018621827987 240.64415554944304 -639.1964109645751 483.9333507555639 285.84462943452127 270.2403162201299 -656.429211156152 484.93233162842296 361.2938476075868 277.3726625630513 -670.344615257718 483.52774117663694 336.1620742388675 236.45342782201647 -613.042489134347 466.92032624893284 266.7055732786166 238.9578784116032 -626.835261356423 478.6638203058045 346.26971406073557 246.30110931715146 -608.5464065930788 495.84111741977836 347.3834487083813 277.0350085665866 -681.5231975124951 471.7244743748664 294.42893092583574 236.57479383448072 -620.2400653606804 465.8221233949821 299.12516628636496 254.79840901500512 -648.9160409284005 492.7702904650548 336.96667249183133 296.872350093702 -685.5872048315711 483.15214756317175 277.8791360531554 290.4784282642654 -676.4189755364248 461.5834333938117 294.8811441367984 248.45486904648868 -649.1312879140504 462.2876001212277 252.6064010912259 273.8733524382815 -685.5385508934959 480.3475396016536 304.5947974745944 287.93890951391586 -663.5068085788309 471.34355322709035 256.4791181734344 284.8792673764911 -680.2448907816578
460.0048855897958 0.6950511823979145 1.3901023647960415 0.6950511823980381 1.3901023647959418 1.5541816916834832 0.6950511823979506 0.6950511823979358 1.3901023647960673 1.9659016173812496 1.9659016173813666 1.3901023647958506 0.6950511823980587 0.6950511823979635 1.39010236479596 1.5541816916835556 0.6950511823979643 0.6950511823979668 2.8657694402371674 2.8657694402373197 1.3901023647958928 1.3901023647960096 0.6950511823979263 0.6950511823979248 1.390102364795971 1.3901023647959556 1.554181691683532 1.390102364796041 1.3901023647959507 1.390102364795835 1.3901023647959372 2.8657694402372638 2.86576944023719 2.8657694402372167 2.8657694402373153 0.6950511823979142 1.9659016173813002 1.3901023647959323 2.865769440237311 2.865769440237283 1.3901023647958606 1.9659016173813537 1.390102364795988 0.0 1.3901023647958095 1.3901023647958406 0.6950511823979927 1.390102364795908 2.8657694402372917 1.3901023647958515 1.9659016173814101 1.3901023647960213 0.69505118239809 1.3901023647959976 1.390102364796117 0.0 0.6950511823979437 0.6950511823979626 1.5541816916835094 1.5541816916834466 1.554181691683412 1.3901023647960238 1.3901023647960424 0.6950511823979743 0.6950511823979001 0.695051182397957 1.3901023647959059 1.3901023647959632 1.3901023647958253 1.3901023647958766 0.6950511823978883 1.39010236479604 1.3901023647959283 2.8657694402372758 1.3901023647958919 0.6950511823979456 0.6950511823981411 1.965901617381319 0.6950511823979234 1.3901023647959225 1.390102364795976 1.3901023647959565 0.6950511823981204 1.3901023647959536 1.390102364795803 1.3901023647960047 1.3901023647959099 1.3901023647959827 1.3901023647958766 1.3901023647959854 0.6950511823980416 1.5541816916835536 0.695051182398012 0.6950511823979525 1.390102364796103 1.5541816916834805 1.3901023647958766 0.0 0.6950511823980573 0.6950511823980285 0.6950511823978308 1.3901023647958648 1.5541816916836393 2.8657694402372886 0.695051182397923 0.6950511823979485 2.865769440237204 1.390102364795923 0.6950511823980874 1.5541816916834446 0.6950511823979963 1.3901023647959405 0.6950511823979387 1.3901023647958752 0.69505118239794 0.0 1.3901023647959394 0.6950511823980056 1.3901023647959443 1.5541816916834288 0.6950511823980146 1.3901023647958899 2.865769440237399 1.3901023647959245 1.390102364795829 1.5541816916834306 0.6950511823980671 0.6950511823978933 1.3901023647960153 1.39010236479593 1.965901617381317 0.695051182397953 0.695051182397901 2.8657694402373295 1.3901023647959645 1.5541816916835116 0.6950511823980752 0.695051182397913 2.8657694402373526 1.5541816916834863 0.6950511823980622 487.4152105953219 318.47933150004116 242.36473377367963 -635.5849961463829 494.10796324652716 355.85083875709233 285.0125219849264 -670.4243018287402 473.1557308234994 319.77482133080935 285.556756603721 -676.3840089559745 477.5466462821394 294.5510463098063 293.5626941674715 -685.4948028827138 462.2055208001089 257.251038124011 296.67413977299253 -673.7526345585292 468.8719104668151 317.9165248799251 251.09868996621503 -628.9757240584768 483.43206314178974 322.6698451943884 223.82535223977985 -607.0233110167856 475.1508143486831 335.4822748546602 284.44697009561804 -692.4664853252885 471.3022799016725 260.78858645389477 263.49649984782474 -663.9984432604316 475.6017389051564 265.73231498767467 278.85545778163225 -694.7594137413221 488.85090478119565 326.0442226509904 266.9064889650235 -642.6521415450101 469.39976599231954 304.1935410029278 236.2178913396483 -596.911710689091 477.26537041425314 314.8484632802628 252.1397909932227 -617.44692322199 465.79547442037216 275.3252993923769 280.73553197762794 -656.8255095484006 482.9543302826461 312.644504162181 231.3790951484328 -619.8543762965113 469.6444966981461 239.61692751158296 244.818884687965 -621.5184649842937 469.64771483928115 246.43044632977788 286.6701882259639 -659.9609245779269 471.1739520897368 284.9657327715311 273.9556346163679 -643.1441485807279 466.2102174327312 255.69697751447717 279.21663591092374 -650.1249237753946 474.56833216761106 257.9079189261491 257.26678230574356 -644.2686061965369 474.14844709033355 306.0867293139347 257.2031375621116 -662.8231615774434 461.7746840622689 284.7103037084784 242.37541895722597 -609.6937800530054 482.666766340751 298.5202252219452 271.12152981087553 -653.8785897591464 487.36700091962626 354.9215274530419 276.4925327086083 -676.2310513789639 475.8041963229256 287.340253659615 287.07928910856106 -688.8244685413182 462.3293630936286 277.4705965526324 278.70149655882744 -661.094170358959 465.8840019624768 290.0484873650923 265.7453418947984 -652.4161248726922 457.62143668430303 262.77808404266847 225.5412734001329 -613.1747270886301 476.8065452859132 280.69604018860724 263.59655012069095 -658.0698359296003 487.8496941894474 289.92969464502437 263.78079460856264 -631.4070587108511 485.8219398906498 295.11737668529753 256.2862000598515 -637.9967201986371 466.62977069574424 283.8452987004877 250.55900378734364 -622.1778842721268 487.37390757807685 331.89619085683444 257.86635603327295 -629.7146943333333 471.23374983950856 267.54587697165357 250.42428529636982 -634.4209933792116 476.62958694951544 273.2983071074021 245.05495535509488 -627.158752545707 474.9895868213417 300.13578405738195 266.45175684970906 -677.3675024497497 461.1997149647549 270.32006979362853 278.5899816758329 -666.4370918195154 477.8961762849239 323.3417893658749 286.4805543444686 -699.0230681761842 467.8246080706164 269.9342182483151 270.36379298461304 -664.7785837997732 462.1056323049734 263.8439249799139 256.97774913526297 -623.2988736732789 481.44503115302155 352.4232883135404 245.8739971628254 -616.0521466763049 467.80185954709293 310.38814233932436 286.3481263810547 -705.1154013764789 487.666094020393 310.39941681225554 233.4405990107325 -627.2060224149847 474.39200829822715 251.32014164526964 256.88742676421816 -656.6710137399228 476.8444183139059 329.63957045416714 268.2667822671545 -637.8827747922779 464.79409870180285 303.26551777704833 284.3664474548716 -664.3976401618814 465.63708972329323 249.13340763082905 262.7009733964721 -636.5944433846482 461.64693436915485 241.84313177700392 230.30719337988967 -598.8146152005551 469.38540572138743 297.6427833516055 262.9569182750717 -645.8798873758749 480.964522896808 291.56309199366257 273.303059118206 -649.1797838887262 479.86381312612366 338.7087846961052 241.51554575477817 -603.1125533243882 472.73730801848995 312.50557787159784 271.3165136454494 -670.6741959866055 472.07769881501093 277.8519418754134 290.94920349236884 -672.5784038692385 478.5773700646461 308.7215486258293 248.13804117588316 -643.5519007679222 479.4945520837516 263.90432940902383 265.4776545959637 -670.1097402576303 472.6057574467237 327.71436871215303 241.80767272834092 -641.7569843711569 482.50851853126005 282.6688961736078 272.3556733808491 -659.7112325369859 483.8697667415576 360.0328515281369 279.31954619913347 -672.2168191487241 482.9509907749374 335.14081373338735 238.24344579670193 -614.5640986952408 466.35614283579 262.15438726157834 240.45500792621124 -628.6033894126905 478.765730618026 345.4125122764598 248.24916705387648 -611.4502621805852 495.05948947275533 345.2020326315215 277.80233999236225 -682.92058230197 470.1724473630553 290.8898298802415 238.46725870914798 -622.1794482902321 465.0460585234571 296.5277438184075 256.8948284875246 -650.1667260162596 491.6200998487717 334.91947558367866 299.4446780948601 -687.3871119451449 481.9934436598459 275.4275942849623 291.8975681902369 -678.798209976878 460.2508569382109 290.84251910907454 250.0669295746676 -651.309148756461 460.97830047669305 249.38676369643622 274.5184182216811 -686.5221335850815 479.3581703334393 302.49313028582776 290.7867651407472 -666.652686799479 470.0434322123432 253.25532203594392 287.099194486322 -682.9282373845392
470.0048855897958 1.3901023647959305 0.6950511823980966 0.6950511823978874 1.3901023647958581 0.6950511823980239 1.3901023647961464 0.695051182398076 0.6950511823978284 1.5541816916835045 1.9659016173813675 1.3901023647959796 2.865769440237233 1.3901023647958455 1.390102364796111 1.3901023647959347 0.6950511823979505 1.3901023647959807 0.6950511823978458 1.9659016173813761 0.6950511823978567 2.8657694402372704 1.3901023647959092 0.6950511823979963 1.3901023647958073 1.3901023647959376 1.3901023647959843 0.695051182398028 1.9659016173812642 0.695051182398003 0.6950511823978687 1.3901023647959292 1.3901023647961257 1.3901023647959265 1.5541816916833406 1.3901023647958823 1.3901023647958821 1.9659016173813955 2.865769440237355 2.865769440237317 0.6950511823980776 1.9659016173814234 1.390102364795791 1.554181691683433 1.3901023647958286 2.8657694402373846 2.8657694402373437 1.3901023647958841 1.3901023647958415 0.6950511823978588 2.8657694402371363 1.5541816916834805 1.390102364796073 1.3901023647960136 1.3901023647960924 1.554181691683562 1.3901023647958384 2.8657694402373135 1.390102364795929 2.865769440237248 0.0 0.0 1.5541816916833704 2.86576944023732 1.5541816916833413 1.3901023647960404 4.170307094387713 0.6950511823978925 1.390102364795825 2.8657694402372207 1.3901023647957755 1.390102364795992 1.554181691683587 2.8657694402372926 1.5541816916835844 1.3901023647959692 1.3901023647959585 0.6950511823979393 1.3901023647958792 1.3901023647958843 1.5541816916834326 1.3901023647959652 1.3901023647959059 1.390102364795831 1.737627955994807 0.695051182397853 1.390102364796069 1.9659016173812736 0.695051182398016 0.695051182397925 0.0 1.5541816916834095 1.5541816916834754 2.8657694402372624 2.865769440237225 2.8657694402372846 0.6950511823980096 0.695051182397951 1.9659016173812986 0.6950511823979505 2.8657694402373655 1.5541816916835645 1.3901023647958486 2.8657694402373406 1.3901023647958757 1.3901023647959665 2.8657694402372678 0.6950511823980596 0.6950511823978958 0.6950511823978823 0.6950511823979628 1.3901023647960482 2.8657694402372744 1.3901023647960455 1.9659016173813142 0.6950511823979595 1.5541816916833495 0.695051182397991 0.6950511823979444 0.0 0.6950511823980304 0.6950511823979373 0.0 0.6950511823979029 2.865769440237372 1.3901023647959836 1.390102364796087 0.6950511823980267 1.3901023647959363 1.390102364795873 2.8657694402372895 1.3901023647960304 1.3901023647959037 1.39010236479594 0.6950511823980142 1.9659016173813317 0.6950511823981468 1.3901023647959845 1.3901023647958557 1.3901023647959214 1.390102364795917 487.95512303871794 316.626745787515 243.1511795549239 -637.9710676775182 493.5829848864401 354.39890831874476 287.72870834659506 -673.5708416537666 472.3822940767892 317.18120928612717 287.557665176572 -678.4756479861106 476.6027408804548 291.60181411124336 295.0446630593433 -688.3719702358605 460.53131107696527 254.18147083359338 299.22257236088143 -676.1207155224656 468.18258719283153 314.4622601459627 253.37919260942894 -631.6003334947563 482.97828469003196 320.36504274443257 224.57462316440447 -607.9070913179692 474.52717392701857 333.24540259170277 285.2524214640447 -693.8417838777658 468.476626083345 255.89446519505583 265.85756862828794 -666.0251599518784 473.8970850316052 261.00495757626715 280.6135352705017 -695.7376110686896 488.40257824695783 323.74028929751995 269.4178585082045 -646.355728706609 467.9677677865688 301.02165816620715 237.77404335315862 -599.6413804661454 476.4410817866743 312.68323107160404 253.77823516727884 -621.1319775071436 465.7557749604108 273.6772623041983 282.66535587704 -659.778691918895 481.5991714592843 312.33524595263265 233.4676024835051 -621.1168535023605 469.0271417427853 236.11083379416218 246.83073412435087 -623.8629761327431 468.5330952822584 242.71392541101864 288.87828710063263 -663.1843149936815 469.7903448064941 280.9454393890142 275.26439245652085 -646.6294491993561 464.1695061659742 251.7343795248224 281.0989078144577 -653.6194074963597 473.28817772955335 254.25971567367063 258.680163329134 -645.5920195669568 473.0388043746953 303.2020225099607 258.7499721958805 -664.5463923218726 459.9924346696831 280.2222581789356 244.27596158325989 -611.6258449915866 482.6876650189671 296.4430113672122 273.9670379421796 -657.2963700349459 486.57340823804304 352.74427790109485 278.19291947289554 -678.8719175164368 475.35228937184837 284.6120500193732 289.248990088352 -690.4852483761117 461.46390858859786 273.2395961178602 281.7066920933852 -664.6303626086789 464.47044601995543 286.45304710025016 267.0077201670796 -654.39513321151 456.3080262145059 259.5610300442198 227.04070821403047 -614.9409753693169 476.1658258434503 278.042774893698 264.5158713457797 -658.7996049468828 486.3455464744855 285.54360754211353 264.5386498060313 -634.3310322160648 485.88759159732075 292.607222933374 259.009314986308 -640.2270951464641 465.2064929792305 280.2564435461762 252.7452280700139 -625.9029961902576 486.2990943522813 328.9995803009464 259.3475374886451 -634.0519197087787 470.4718192217988 264.10487033072343 251.65583164534047 -636.4219910829906 476.12291045152523 271.00445511161007 246.88347382147782 -630.1687079860654 474.41505588441964 297.0457920266979 267.77038721022035 -678.7783892203939 460.14615082885007 266.16498586650164 281.8616839020259 -670.7852648010927 477.53249922333345 320.17911750619686 287.29084597301056 -699.8411325804165 466.4896018461334 267.14255745224267 272.7243531724449 -667.3285363370583 460.8282402652539 260.1942167359498 258.8384411455804 -627.8118962346969 481.1083431114544 349.2581163508778 247.2333016771038 -617.937929554748 467.4172052310375 307.2289379319133 287.7289038991989 -705.173130237798 487.1594969221358 308.5242866259168 234.25492711303832 -629.0505055310597 473.46394232557356 247.52762973005605 258.7182101233742 -658.1425673487059 476.84881649707825 327.99242926891657 270.13579354397973 -640.868464021841 463.7209080038024 299.95546868843326 287.6615775390465 -668.193512573081 463.6571629850697 244.83339050518745 264.6401562868489 -640.5436585258742 460.0952840138141 237.5957245195336 232.24504901126627 -600.2101892324074 468.3077981703453 294.33374684027933 264.6362597775194 -647.4846204150423 480.48212091684513 289.2634632958638 275.4644817588678 -652.4243518106035 479.6508462388529 335.9059807868464 243.11903587046072 -605.294749888208 471.81579950191355 309.55163913771287 273.1438162629366 -673.1939845644866 471.286697530821 274.8413601587949 293.48123519604576 -675.4991049040719 477.25175759676085 306.3358916859366 249.7723128758477 -645.7147681854605 478.1657946680267 263.1913429411459 266.8760135573475 -672.4918068240574 472.4696176935528 325.7022470928409 243.0398991328042 -643.758808764247 480.86117275126855 281.6578576944701 274.3951479722559 -663.0819393650971 483.94052988714037 357.95545349699427 280.9931346926197 -675.9517115008723 482.28575158619344 331.68020237866494 240.03928755586983 -616.0762702117586 465.911052829319 260.04026412639536 241.33505628779253 -631.412325466015 478.378063604348 342.676720793632 250.35805832551696 -614.2182277700226 494.57639023415487 343.3226289746416 280.3494859394574 -685.2906374549632 469.0822750428933 287.58388620409744 239.68223325543968 -624.1883574312789 463.85466609843473 293.4690011494787 258.029595170844 -651.7353984885274 490.50002498708807 332.4516651580299 301.56144507363564 -689.6175669691545 481.0974105010556 273.70618061082484 294.58159776894996 -681.5751462973398 459.8393974213787 287.6841319468064 252.10743496468578 -653.6306594505804 459.3290991965238 245.8908865130359 275.46850490141776 -686.6774701498109 479.42648281375824 299.98534495164455 293.1611839502231 -669.7211741139713 468.25462207982736 249.39760010733514 289.257599002641 -684.6044667100462
480.0048855897958 0.6950511823979746 0.6950511823981408 1.3901023647959314 1.3901023647959545 0.6950511823980493 0.695051182398016 1.3901023647959518 0.6950511823979907 1.5541816916834437 1.554181691683485 0.0 1.3901023647959754 1.3901023647959556 1.3901023647958348 0.0 1.5541816916834634 1.3901023647959696 0.6950511823979721 1.390102364795825 0.6950511823981423 0.6950511823978701 0.0 1.5541816916833862 0.0 1.3901023647959463 1.5541816916834965 1.9659016173813115 0.6950511823980353 0.6950511823979718 1.3901023647959037 1.390102364795919 1.3901023647960535 0.6950511823978831 0.0 2.865769440237282 1.554181691683537 0.6950511823980392 1.9659016173814146 2.8657694402372624 0.6950511823978341 2.8657694402372336 1.3901023647960145 1.3901023647958628 0.6950511823978939 2.8657694402371887 1.390102364795779 0.6950511823980491 1.3901023647960975 1.3901023647959083 0.6950511823978122 1.554181691683519 1.5541816916834015 1.5541816916835063 0.6950511823979687 2.865769440237268 0.6950511823980232 1.3901023647959183 1.39010236479597 1.3901023647958979 1.3901023647960258 1.3901023647958284 1.390102364795909 0.6950511823978771 0.6950511823979595 2.865769440237251 1.3901023647959725 0.6950511823979618 1.390102364795869 1.3901023647959436 0.6950511823979565 0.6950511823980557 1.3901023647960058 0.6950511823978703 1.3901023647959039 0.695051182397868 1.3901023647959656 1.9659016173813855 0.6950511823979116 0.6950511823980676 0.6950511823981271 1.554181691683515 1.3901023647958002 1.3901023647958684 1.5541816916834987 0.6950511823979593 1.3901023647958932 2.8657694402372464 0.6950511823979578 0.6950511823978677 1.5541816916834392 1.5541816916834865 1.5541816916833622 0.6950511823980592 1.390102364795851 0.9730716553571143 2.7802047295918855 1.3901023647958632 0.6950511823980757 0.6950511823980257 2.865769440237281 1.3901023647959019 0.6950511823978837 1.9659016173813777 1.3901023647959612 2.865769440237211 1.390102364795854 0.6950511823979466 1.3901023647958204 1.3901023647958999 0.6950511823980559 0.0 0.6950511823979153 1.5541816916834812 1.390102364796017 1.5541816916834694 0.6950511823978659 1.3901023647960309 1.3901023647959574 1.9659016173813035 0.6950511823978776 0.6950511823979807 0.0 1.3901023647959483 0.6950511823978673 0.6950511823979922 0.6950511823980605 1.5541816916835212 1.3901023647959285 1.3901023647958657 1.965901617381323 1.3901023647958652 1.3901023647957829 2.865769440237317 0.6950511823980599 1.9659016173813786 1.3901023647958661 1.3901023647959634 1.3901023647959752 1.9659016173812862 1.3901023647959128 487.440614455157 314.7591442892836 245.23764339399912 -639.7366855482712 492.5104431752149 351.5021217975912 290.1763593141139 -676.5766290873298 472.5034178518089 315.8916742309216 290.0088959959765 -682.0234222322052 475.95700238833626 288.95006263790657 296.31163334921126 -689.8438254226546 459.1212474550822 249.75126234529017 302.2530702355858 -679.1019567898974 467.99802718958796 310.8023070447852 255.74353727056933 -635.7008987908815 481.8239875143461 317.91269381029826 226.08320355543864 -609.6670174786647 473.92530110874395 330.58210487557767 286.9196140978938 -695.4543822985479 467.62600632334164 253.32196029022154 267.58472165474376 -667.5801751424526 472.13612775356364 256.7181411192537 281.30589327850544 -696.6906415730781 488.2117868044003 322.15751383732413 272.0436649533797 -649.1912139509031 466.97694642216885 296.43004466877534 238.48970956404855 -601.0656410120204 475.99685529980417 309.9546427035008 255.78770011523707 -623.990223293288 464.9458032023409 270.67333249269575 284.3783390907976 -662.4043047375903 481.39946413695037 310.75569950384534 234.29962578012461 -622.9524057483227 467.01344586767704 232.7655554554549 248.0069605374649 -626.9447800351834 467.5000295441992 240.21635295735405 290.3523947605056 -664.9741492624997 468.6970327254364 277.2212202320236 277.73764803828857 -650.1284531501161 462.7286538454432 247.73453471609707 283.204892324788 -656.3988500706517 472.2057626605304 250.11182966030253 260.47275733739514 -648.1409824591688 472.2256378259745 300.615619396628 260.3413273912574 -666.2367089232349 459.69028836728813 277.4283823607891 245.57020497089096 -614.5965843751802 481.90554574096365 293.4294584207587 275.92973113426405 -660.220480908284 486.03181116091355 351.2975787325129 280.4816299660966 -683.1229083044874 474.52273301648887 282.0320944912326 291.07346896710396 -693.6021102658798 460.47366606915466 270.3066350606795 283.8163233350205 -668.4965623656717 463.42077622205863 283.3386269169531 268.99841173692784 -656.2393637219209 455.01553936692943 255.91731189553255 228.15700169610474 -616.530642889408 475.00657983787255 275.18018311270464 266.5028786016294 -660.6411922584521 484.1950766741877 284.32499234568655 266.58478240603125 -637.169460734255 485.3179764481509 291.1721784962125 260.02545031185866 -641.9152392305231 464.225952384293 277.3215319767072 254.20838626318005 -628.7310552389711 484.51993603347285 325.95760315251863 261.3882437120116 -636.8940567372614 469.95087575734846 261.81352177844053 253.13844902246822 -639.2408513590304 474.95689977428594 268.1448719354532 248.35601954266343 -632.9980211196165 474.24261514293636 295.03580460148385 268.15322339225764 -680.5606874232236 458.94236808395675 263.7370098506047 284.00687962650517 -674.0773582701239 477.1997911644581 318.23724469747526 288.9806702259192 -701.4258147964144 465.5302043736184 263.78032934023753 275.10815211927263 -670.383088301236 459.5068519698655 256.98085260662555 260.6063962159356 -630.3687662600672 480.29337306703695 347.0890130606177 249.70541892492184 -621.9311713161177 466.5414994297901 303.422347451099 289.523056257113 -707.2163361081748 486.23878127409114 307.22801883562636 235.78146594647907 -630.7933572963808 472.23060746716743 243.0236561181518 259.4894509677767 -659.5417035676256 476.0632016287614 325.3979148467952 271.92257304696994 -643.9489502899158 462.6516969122729 296.2217348120899 289.5441167537593 -670.9562123355234 462.59970047127945 240.2563360859911 266.41953797795134 -643.626152637865 457.69067592052664 233.827361037847 233.50371517235976 -601.6773759387112 467.95036588972243 290.31890004129923 266.84880044412165 -650.1719378781019 480.018147428768 286.53746055642097 277.42840333943786 -655.3420438187832 478.8715798469162 333.3078031135165 243.21099928062756 -607.7670328230903 471.32860711459256 307.2524966440858 275.2716095254316 -676.5068352842542 470.1870191109634 271.11903903996404 295.94460218362775 -677.4054820069699 476.8023540869837 303.60913745218073 251.61816534627437 -647.1679716607839 477.1428149600122 260.6898698615024 268.0738335571068 -674.0147637494354 471.4448619560305 321.9584386436118 245.41630932434234 -645.2608317731039 479.52558143615124 278.8665701290592 277.18963705203805 -666.282304709815 483.31681124170086 355.71650540089894 283.70027604120236 -679.241903760313 481.1838702492574 328.794855593246 240.86967085745638 -617.9121962172485 464.26373986317174 256.5419149718826 242.57643556848922 -633.4076660015479 477.7861725538258 340.0101441878126 252.05877769897057 -617.3440727456132 493.8952864379139 341.515518972318 282.41036999840355 -689.2507615014313 468.67982697460775 283.9992625662994 241.49918884133905 -625.6752632745174 463.1330968992079 289.59918563584785 260.0008648646777 -653.5952501951322 489.72806686952055 331.505307357354 302.60620104053913 -691.8991186042426 479.65524960112896 272.2083772321022 296.3728976237377 -683.6133993330998 458.899756866132 284.31603714581354 253.14221268193148 -654.7731587628782 458.03140114329426 242.2492931482691 276.56458734569276 -688.8538131767679 479.2564563316592 297.97499348362777 295.2018530646636 -672.0698072910305 467.4022259752031 246.8251362372008 290.2242591872369 -687.4590427478862
490.0048855897958 1.39010236479582 0.695051182397874 1.3901023647959931 1.3901023647957655 2.8657694402373877 1.3901023647960837 2.8657694402373166 1.5541816916833326 1.5541816916834283 2.865769440237373 2.865769440237282 1.3901023647959212 1.5541816916833602 0.6950511823980638 0.0 1.3901023647958306 1.9659016173813422 0.6950511823979583 0.6950511823980452 1.5541816916833702 0.6950511823979374 1.3901023647960136 1.5541816916834439 0.0 1.3901023647959025 1.5541816916833626 1.3901023647960613 0.6950511823979433 1.3901023647960202 0.6950511823980458 2.865769440237232 1.3901023647959754 2.8657694402372274 1.5541816916832807 1.3901023647959259 1.3901023647960595 0.6950511823979546 1.3901023647958686 0.0 1.3901023647958728 1.9659016173813717 0.6950511823980821 1.3901023647959945 1.3901023647957762 2.865769440237366 1.390102364796073 1.3901023647958877 0.6950511823979905 2.865769440237331 1.3901023647958968 1.5541816916834386 0.6950511823979454 0.0 1.3901023647958597 1.390102364795914 0.6950511823978994 0.6950511823979263 0.6950511823980112 0.0 1.554181691683377 1.3901023647959854 0.6950511823980432 1.5541816916834228 1.5541816916834361 1.39010236479593 1.3901023647959558 1.5541816916835463 0.6950511823980811 1.9659016173812898 0.695051182397901 1.3901023647958972 1.390102364795774 1.9659016173813495 0.6950511823980419 1.9659016173813482 1.3901023647959758 2.865769440237385 0.6950511823979122 1.5541816916834403 2.8657694402372464 1.390102364796033 1.3901023647960353 1.3901023647960156 2.8657694402374183 0.6950511823979934 1.3901023647958417 1.9659016173813297 1.390102364795877 0.695051182398066 1.9659016173812471 1.3901023647959379 2.865769440237212 1.390102364795954 1.3901023647960051 1.5541816916834448 0.6950511823980748 1.9659016173812942 0.6950511823978817 0.6950511823980177 2.865769440237258 0.6950511823979526 1.5541816916833318 2.865769440237192 1.3901023647958528 1.3901023647960185 1.3901023647959285 0.6950511823980132 0.6950511823978793 0.6950511823980449 0.6950511823979978 0.6950511823979846 0.6950511823980635 1.9659016173813622 0.6950511823980902 0.6950511823979543 1.390102364795779 1.3901023647959547 1.3901023647959825 1.390102364795937 1.3901023647959252 1.3901023647959379 1.5541816916834452 1.3901023647958775 0.6950511823979163 1.3901023647960047 0.6950511823980732 0.6950511823980645 1.390102364796057 1.3901023647958983 1.39010236479591 1.3901023647960045 0.695051182398037 1.5541816916833744 0.6950511823979615 1.3901023647959396 0.6950511823980953 0.0 1.9659016173812467 1.3901023647959185 0.695051182397854 486.62717451363915 312.17531344374237 246.92755660685575 -641.8534923337158 492.36505208892993 349.49168991609827 292.96750875318406 -679.2430668106099 471.18450391861063 311.0156896069134 291.98167496798686 -684.4314823230767 474.7909612836629 286.08918941519624 298.1890062238043 -692.3642476476496 457.6286513650723 246.19026143318553 305.49810222490976 -682.4069774905128 466.77638961226853 306.7177566968677 258.1139933491662 -638.2474123632426 480.3276423885693 315.1826161822597 227.39265323084 -610.5751992314251 473.0811242970216 328.4254975825717 288.3691065798435 -697.8649864025555 466.88514346966366 249.02806777039814 269.0794792723186 -668.8121022609893 471.5753425654161 254.8601692114111 283.27642174770483 -698.5423312884071 487.4428416528187 319.14133804216226 274.1771252046167 -651.9507083324895 466.2065644287196 292.99098197725505 239.83555689999065 -603.4816980343753 474.63594219220795 307.5883211931844 258.5153917264429 -627.24923867822 463.5338620397795 266.24219697691575 285.19643237012133 -664.3115244742436 480.54079565040047 308.60329043944205 235.61635773776032 -623.8498453466902 465.8798004359993 228.20806337671868 248.7600234905975 -628.3408242742194 466.0802349942792 235.3657315197446 291.60969996169973 -667.5532850386066 468.05970454940046 274.1427221896874 279.7643549887469 -652.4638513011453 462.01072083913886 245.52353035050504 285.9304470738727 -659.1307224906516 471.3448554499044 247.54254065825205 262.7413996600476 -650.2429038397036 471.3192462077164 296.81730380876706 261.2774914889381 -668.0195793653376 458.9048264070758 273.99204314887436 247.06049385436555 -617.4085242958599 480.20945033072877 290.78285589243154 277.4261991503143 -662.5441283047404 485.32875988184344 347.84621118314664 281.3268360187056 -684.4710113253344 473.0266964299118 278.8881378094549 292.9198071802701 -695.5867079785158 459.386862729071 266.15892596909333 285.1958295245582 -670.3856059973955 462.8195214867939 279.8298200865405 270.60899743187707 -658.4418015053661 455.16638055426637 253.76325581213808 229.06771759442023 -617.2674331786422 473.80094126010266 272.75256704463874 267.30780465932787 -662.0150560153879 482.9210807844501 280.67528944718754 269.7838605215131 -639.9920503287698 484.450587469565 289.0245216430596 260.91673073407804 -644.2608911290591 463.42999932202406 272.84703866409683 256.11294644735466 -632.2292937348265 484.1928367258677 321.94120991346733 263.9088259555813 -639.296930890496 469.3585640470183 260.3876226304521 254.1688378277183 -640.9160502095664 473.49487767622463 265.6151974509434 250.46787024708837 -634.7245150105781 473.4413060040287 292.02721226400354 269.65654167060137 -681.234525461456 459.0695021330894 259.5046965008039 286.49356851102533 -676.4971898015133 475.70210763235497 315.50893979864276 290.4516300768251 -703.822199786678 464.73449731739186 260.3482087971434 277.16703818579475 -673.2435391895546 459.4197350634072 253.25374054055072 262.8328818824543 -633.0438322306072 480.3228343026736 345.0098586889642 252.90647787157815 -626.3211659335997 465.27723315159943 299.7692364600571 292.30146644083885 -709.9587086054115 486.45498780771084 304.6477419686878 237.7388685967632 -632.6699825085175 471.6908764208316 240.7379027158341 261.63420002550566 -661.7629136429781 476.4351227848551 323.1761478249313 273.5160503130847 -646.1673055599051 462.0281485000838 293.1398160609149 291.77553578200695 -673.3696891457488 461.3977598337339 237.411840786066 268.1467909513131 -645.7090016790999 457.15301312514805 231.49328778738305 234.37119355307857 -602.9671616008413 468.29492064505075 288.09453089611253 268.57922298878066 -652.2502257430953 479.6499468962073 284.60412453482377 279.87180332774597 -658.086457076295 477.6722655321797 331.2898587277758 244.1419884287856 -610.5581524680607 469.78248190603847 302.88092049440684 276.8019743221162 -678.8056791082222 468.71445586693227 267.5494339380688 298.8903639732047 -680.4717874900504 475.90489095762723 301.89028966473484 253.4830423198264 -648.5901044742528 477.2656223315666 258.9676672448243 269.02632937567626 -674.6991445834234 472.0694878707791 318.80540027690984 246.82299410108672 -647.6394001636835 478.1768952862354 276.08077714556214 278.96892671684367 -668.3199275329349 483.3110172766537 354.0692303763349 285.79629624402963 -682.0690361660119 480.7778935749341 325.63900565636516 242.69932451885458 -619.385519396508 464.29405519655995 253.60348426676464 244.39989133765093 -635.407352351083 476.99191340129704 337.4200687839499 253.37712639060922 -620.8252048330361 493.1043226333416 338.92395301042717 283.940978630563 -690.4415767993537 468.5179615367512 281.563588509176 242.53534555484416 -626.821381298348 462.0002736435095 286.3078539325826 262.13859142936246 -655.8213382586584 488.8885458864015 329.34680157015856 303.90612664785453 -693.3376260598443 478.18736149342686 268.63672143457944 298.62482432270167 -685.7289097620264 457.5845504328587 281.0989217421288 254.7343127322449 -656.4487210885281 457.18571308638985 239.25668232803312 277.66875414159614 -689.3738512308981 477.70813143999726 295.6847506998076 297.69841716037365 -673.9262483852641 465.8553305624939 242.1355581523215 291.38228857000405 -689.6061972024246
500.0048855897958 0.6950511823980512 0.6950511823980376 1.3901023647959498 1.3901023647959276 1.3901023647960322 1.3901023647959745 2.197944826770822 2.8657694402373957 1.5541816916834965 0.0 1.965901617381449 0.6950511823978357 1.3901023647959905 0.6950511823980495 1.390102364795962 1.3901023647958823 1.3901023647958786 1.3901023647959072 1.3901023647959592 0.6950511823980594 1.3901023647960105 1.390102364795926 1.9659016173813801 1.390102364795919 1.3901023647959816 0.0 0.6950511823980107 1.9659016173814066 0.6950511823978918 1.3901023647960382 1.3901023647959982 1.3901023647958823 2.86576944023729 1.3901023647960578 0.6950511823979142 2.8657694402374094 0.0 1.9659016173812631 1.3901023647959645 0.0 2.8657694402372136 1.390102364796063 1.3901023647958701 1.3901023647960478 2.8657694402373477 0.6950511823980596 1.3901023647960202 1.3901023647960309 2.8657694402372846 0.6950511823978669 1.3901023647959725 1.3901023647958646 0.6950511823979226 0.6950511823979841 1.5541816916834452 0.6950511823979529 2.8657694402373584 1.5541816916834683 0.6950511823980232 2.8657694402374227 0.6950511823978619 0.6950511823980873 0.6950511823980894 1.3901023647960125 0.6950511823979864 0.6950511823980604 1.3901023647960113 1.3901023647958242 1.39010236479602 0.6950511823980573 0.6950511823979171 1.3901023647958446 0.6950511823979747 1.3901023647958808 0.6950511823979506 0.695051182397987 2.085153547193876 1.3901023647958886 0.6950511823978822 2.865769440237376 0.6950511823980174 0.695051182397981 2.8657694402372123 0.6950511823979774 1.3901023647959148 0.6950511823978176 0.0 1.3901023647958421 1.3901023647960424 0.6950511823979142 2.8657694402373193 0.6950511823979607 2.8657694402372043 2.865769440237143 1.9659016173813122 1.3901023647958286 1.3901023647958712 1.3901023647959314 0.0 2.8657694402372265 0.6950511823979262 0.6950511823981012 1.3901023647959825 0.6950511823981151 1.3901023647958841 1.3901023647959145 0.6950511823980329 1.3901023647959425 1.3901023647960347 0.695051182397882 0.6950511823980072 1.3901023647959514 1.3901023647959887 1.3901023647960384 0.6950511823980339 2.8657694402374676 0.6950511823979272 0.6950511823980522 1.5541816916834494 0.6950511823981033 1.3901023647958686 1.5541816916834545 0.6950511823979897 1.3901023647958934 2.8657694402372864 0.6950511823979959 0.6950511823979592 2.865769440237422 1.3901023647960165 0.0 0.6950511823979517 0.6950511823978515 1.554181691683566 1.390102364795842 1.3901023647959665 1.3901023647958661 0.6950511823978811 0.0 2.865769440237311 0.6950511823978892 486.15539114050546 309.45298783629966 248.8113983458477 -643.2526990999851 491.88275708173194 347.1948874867825 294.9897357444491 -681.6118947578078 469.2636035274399 306.7936851126551 294.83815909423043 -687.0305370060634 473.74946632381625 282.55109253892465 299.79987923434675 -694.0417417739707 456.44021498402935 241.45063182711962 307.8254707959807 -685.0162370660071 464.4579679895504 303.0756654689677 260.1134295369887 -641.6914947950136 478.92362960937515 313.2488793277156 228.31668764806136 -611.3052507706601 472.50816431649247 324.91166972082095 289.96735749295846 -699.5647217868935 465.75250592963494 244.89230735974672 270.880919116898 -670.2758701513684 470.61864027697845 253.5884852024696 284.47886528613355 -700.6723691035606 487.00911844103183 315.98725207668946 277.00630096247244 -654.9938978160881 465.8603470907438 290.6279342379681 241.31673687647444 -606.8421269181681 473.7627735744486 305.4417692426238 259.84234808825977 -628.9212969628845 462.8707738260053 263.1695493917288 287.03832833345984 -666.8593359505043 479.7029619922683 306.026939000481 237.19350918186097 -625.5469734615112 463.42967027007774 225.48478221740888 249.65329779256277 -630.6850369238877 465.05864191790454 232.020946508291 293.0545923204218 -669.9650724569294 467.02015245369813 271.6469030235528 282.9305742931796 -654.1858162083496 460.81971078452636 242.25362151776895 287.7493887277492 -661.1261241766658 470.46562849596125 244.97839944318457 264.7885845999622 -653.6580391484921 470.32571038640907 293.8857669700563 262.66823664798005 -669.9162271797892 457.7733993854951 270.2797523563363 248.89784724506794 -619.3862397238072 478.09024828518227 286.6431452285227 279.0942873524315 -664.1506566905067 485.12262475232615 346.2671617645682 283.4384678597999 -686.1665134220062 472.26017687759594 275.0257600146226 295.38549405963073 -698.0495091566327 458.57541322227775 262.7291550532879 287.59872800560447 -672.9067436270466 462.8237416036311 277.3197073739726 271.7219151596139 -660.0701266612134 453.5082883550087 249.85235032643484 230.51278239457434 -618.5668738586606 472.52526508979906 268.6821929793009 269.6622186265345 -664.5797065417032 482.60403068916503 277.8816991963064 271.95443364370925 -643.2756947404075 484.1898819331858 287.8794099464026 263.2130802549521 -647.4167881877561 461.9120821599999 269.71422255924415 258.368175165289 -635.4207305200783 483.9788886220189 320.3628843911996 265.9275068105217 -642.1819873835624 467.27005464985245 257.915830212488 255.35714222986 -643.5322119309441 472.0909947890188 260.76204796128707 252.33516343819826 -636.6828976360569 472.22763317875365 288.559805980716 271.88930170474396 -682.8109823602892 458.6084653572159 255.92546376342383 287.513383237471 -678.2320237193998 473.79800715544246 313.36357153364236 291.8126650687319 -705.7806369526414 462.67824252839534 255.9767982039339 279.6832412176324 -675.0815220191297 458.82864496317535 248.88969749623774 264.2881127677908 -635.9283903781663 479.2950408502409 342.9240719477941 254.46506492478284 -629.0975163959982 463.81451924872556 296.1958369591305 294.46933417883383 -711.9904545372947 485.97391599428187 301.92572691619347 238.75840075725077 -634.888528031546 469.79139479085745 237.77085973143136 263.42733046000745 -663.7972521189241 474.7838746911704 320.0941546110556 276.5973041377556 -649.2279986030707 459.84494781009647 289.86354190853143 294.19208424623497 -675.8757463461184 459.9194650062997 233.00279430166262 270.73778323204294 -648.5768352044223 455.30193741370203 227.24541019961893 235.52560768019063 -604.5318156476918 467.104234574288 284.20058492910243 270.63492712975454 -654.0153527033814 479.3659783826491 281.3805248832674 281.97928196423413 -660.9088930305405 476.7123347448677 328.3489439230166 244.85528545014094 -613.0456118016434 468.7930048622111 299.9478071214327 278.0779135466969 -680.2696006882386 467.8478405954823 264.98139594228644 301.7506505643345 -683.0673623159062 474.70566017965507 299.4612580198723 255.51955701988996 -650.3792836218789 477.022692462396 257.3946822067719 270.2908336423224 -676.1698793448957 470.0920632385426 315.4387181641446 248.98181199264744 -649.3129757919565 477.6753713560169 273.36238567579716 281.2097896238709 -670.4484826278713 483.15058747904817 352.06100832142937 288.0688551655778 -684.1637216771028 479.56110630992794 323.63041988776 244.27072802638892 -621.0844891969356 463.1943091275088 249.03486225939483 245.74776605467088 -636.2613278958319 476.0337088638675 334.47657458065027 254.5262220769913 -623.4531369288203 491.67932273173926 337.4104614912517 286.48434386981177 -692.2335386126813 468.0776569212142 277.98396289025504 243.30644505211944 -628.2132543162005 461.8302741183259 283.87156235412203 265.16135996429426 -659.3573027262117 488.0313236646052 327.19455421435276 305.8709465230021 -695.789787283353 477.2958018518929 266.4972653986167 300.81591143310845 -688.4916016710735 457.43919641307224 278.23176643703397 255.28464303747768 -656.9956745567247 455.88559131507975 234.77219378296172 278.7656705205887 -689.3286838536809 476.6850808722368 293.1834179816265 300.5643663709492 -677.0788923752114 464.53622493972233 238.0782873526564 293.12469471011826 -691.7088214494314
510.0048855897958 0.6950511823978628 0.6950511823978323 0.6950511823979052 1.3901023647958166 1.390102364795908 0.6950511823978506 0.6950511823979012 1.3901023647958501 2.865769440237247 2.865769440237207 2.865769440237156 2.8657694402372624 1.3901023647958655 1.3901023647959871 0.0 0.6950511823980516 1.390102364795928 2.865769440237405 0.6950511823978983 0.6950511823979414 0.6950511823979618 1.3901023647960293 1.5541816916835023 1.9659016173813262 1.5541816916835771 1.554181691683335 2.8657694402373703 2.8657694402373757 1.390102364795919 1.390102364795816 1.554181691683487 0.0 0.6950511823979889 0.0 1.9659016173813975 1.3901023647959172 1.5541816916834281 1.5541816916835685 0.695051182397949 2.8657694402373455 0.6950511823978703 1.3901023647958863 2.8657694402372917 1.3901023647958355 1.390102364795961 1.390102364795952 1.3901023647958757 0.6950511823980616 1.3901023647960415 0.695051182398025 1.965901617381385 0.6950511823979674 0.6950511823979841 0.6950511823979806 1.390102364795898 1.3901023647958108 2.8657694402372482 2.8657694402371603 0.6950511823979699 1.554181691683449 1.3901023647958433 0.6950511823979255 1.5541816916833606 1.3901023647957924 1.3901023647959916 2.8657694402373477 1.3901023647958783 1.3901023647960733 0.6950511823979777 1.3901023647960524 1.3901023647960011 0.6950511823980682 1.9659016173813237 1.3901023647959805 0.6950511823979028 0.6950511823980348 0.6950511823979073 1.5541816916833642 1.390102364795881 1.5541816916834252 1.390102364795846 0.6950511823980814 1.5541816916834792 1.5541816916835118 1.390102364795882 1.3901023647959105 0.6950511823979477 1.390102364795928 0.6950511823979552 0.6950511823979437 1.3901023647958424 0.6950511823978014 2.8657694402372207 1.3901023647960078 1.3901023647959392 1.3901023647960002 1.3901023647958668 1.3901023647958777 0.6950511823980287 2.865769440237394 1.3901023647959325 1.3901023647958555 1.390102364795911 1.3901023647957913 4.170307094387793 1.3901023647957602 0.6950511823980547 1.3901023647959445 0.0 1.9659016173814816 0.0 1.3901023647960182 1.3901023647958908 1.55418169168346 0.6950511823980805 0.6950511823978942 1.3901023647958846 1.390102364796063 1.5541816916834958 0.6950511823980727 1.39010236479598 1.9659016173812751 1.3901023647958817 0.6950511823980439 1.3901023647959867 1.3901023647961048 1.3901023647959663 1.5541816916833486 0.6950511823979372 1.3901023647960884 0.695051182397934 1.3901023647960387 2.865769440237202 0.6950511823980903 1.5541816916834326 1.3901023647960749 1.3901023647959616 1.3901023647959962 1.554181691683478 1.3901023647957884 486.172778644192 306.9420222499812 249.9053937936184 -643.8035459716157 491.2757586339256 346.1887677736535 297.60180337488754 -683.9012158761942 467.9068503444862 304.0119985932256 297.0403996188167 -689.2028034944847 472.2290976824338 279.41948440761803 301.31567018824745 -695.839359858091 455.7677834377611 237.95473612394488 311.05121113591065 -687.77660711107 463.18806080356114 299.0043673846053 262.60566207744154 -644.6638944973596 478.40107187038546 310.9606673473104 230.02740332396823 -613.4086893846212 471.4892986430033 322.4060652367794 291.1407712014779 -700.5723308206017 465.0596718366558 241.82603547222095 274.0277495325543 -673.7007626180759 469.7050355413414 251.4592758558237 286.02480795649194 -701.2465193782207 486.4267715768638 314.5572770978093 279.4096502337182 -657.5084326429474 464.07366483914944 286.3517409184123 243.9644061088318 -609.6430509660656 473.08674926273574 302.79650139823883 262.70628283246674 -632.6122621133102 462.1614623697816 260.533033322758 288.81587350662517 -669.5060299835627 478.4619891964802 304.0328717442229 238.41629211271098 -625.9768597480953 462.77219783515204 221.55922457603583 251.1486877231071 -631.3780829523737 464.53724464175946 228.87990200156287 294.8045620745385 -672.0590533003985 466.5544590911795 268.06854108225554 284.8210222405509 -657.2575762434907 460.2494021831276 238.50396873069943 288.94245247108745 -663.2627503195398 469.72628684991736 242.77379579236467 266.77259614925805 -656.6164232403041 468.7822129775449 291.1820328621789 263.6494354144231 -670.5636857607378 456.46816470700344 266.21825146023684 250.89567073304985 -622.8274834069613 477.34457410881447 284.8607499991071 281.7155393466895 -668.1456507831228 484.5835285596981 344.40447777733453 284.6628533397454 -688.2807806975936 471.06053464812453 272.17897827559005 296.7284330025535 -699.4530501333551 457.3868314457221 259.4582522479525 288.4844698397738 -674.2259693283792 462.66295510250603 274.453014528335 273.1552893293398 -661.9313022356575 453.0201866313547 246.27897754558055 232.2304575811623 -620.662142863235 472.1828900937484 265.89369163928893 272.2441139965468 -668.037196643101 481.73557808845976 275.31543635274244 273.77852657827844 -645.8359910526615 483.3304051959588 285.30934954347634 265.453043204462 -650.6526971595089 461.05918708242825 266.71921325665414 259.4673301287667 -638.1486500708357 483.28499667262156 318.14468519584676 267.87816672009444 -644.6071904384153 466.38366927511186 255.35462565960577 256.8704244574983 -644.7431759953902 471.5113995206639 258.9107537455711 253.70573539877265 -638.5888058871365 470.7399937833201 284.9962598236083 272.77355125750347 -684.1379166469311 456.5539181190282 252.6045277317758 290.3587591055878 -680.2547440285596 474.02297706498706 310.34985253380916 293.8352563064951 -706.9728896648968 461.10734112388445 253.28937135258272 282.60405499564416 -678.7581913929664 457.60746766568684 246.0510621288631 266.08671122403115 -638.5036611820124 478.9318785953408 340.98948149750714 256.77747669666627 -632.2489455150566 462.28691407205895 292.0222737566058 297.4641419338154 -713.2170926598516 485.12215753920384 299.35290035797004 240.38165616855656 -636.5481544468562 468.33991954116794 235.87507373929216 264.8473896983085 -665.6701418762764 473.7947334872586 317.16003976356575 278.7209494116864 -652.043747071078 458.59129837523597 285.36538297725957 296.0774712578284 -677.814441329354 459.0436748154562 230.0155698565139 272.5600772834803 -650.5877825829916 455.207074597285 224.12771546757136 237.68085683224464 -605.6922215709471 466.0872469999318 281.27725660663117 273.1597024124759 -656.4056952804834 478.6494928329372 279.16924161896645 283.59938388182724 -663.7121686057386 475.98746705906603 326.5593664530932 246.8278665421322 -616.5041380893937 466.9578108712931 296.5282600876301 280.53827333550487 -682.7314836210736 467.37290864578887 261.40730819529017 304.3729446504436 -685.3444072644835 474.356403011745 297.0983225816448 257.47129003616635 -652.7998508291636 476.06252539623796 256.12618054836565 271.74405337034324 -678.0199501349289 469.03565760729765 313.36716698341644 250.63347529648323 -650.9358192526695 476.8297956509897 270.36624282600525 282.45794229536176 -673.6676339701597 482.75857334846705 350.55196407106416 289.8008461153441 -685.7005939107569 479.0446919156048 321.3397531364103 245.33568339218138 -622.736866821732 461.97345016390625 246.19611860065447 247.24295145508222 -637.4996226568181 475.0969435173217 333.189662432116 256.82047117226386 -626.0704350362482 490.5622124742671 334.1137484524091 287.30652782040295 -694.2317440528263 467.2340821294 274.9860918429805 244.79108855185652 -629.4594530693777 461.01651822951237 280.4456720745625 267.83467320794637 -662.1495005077991 487.8435957291883 325.18607591091654 307.38584220823714 -698.8028176820579 476.8032743332532 263.35142817856513 303.8244177924035 -690.3236561431011 456.64942663080615 274.37726924122154 256.94524688839726 -658.6100538517132 454.8561984433684 231.4309556713439 280.08463224348253 -690.7477783445034 475.16959724358355 290.0489142811317 302.1265155325302 -679.9892317904314 463.50937044164226 234.73597326871436 294.03812622445884 -693.0072293463759
520.0048855897958 1.3901023647959898 1.3901023647960207 0.6950511823979989 2.8657694402373584 1.390102364796006 2.8657694402373997 1.3901023647958606 0.6950511823980685 1.554181691683441 1.5541816916833713 1.5541816916834164 1.3901023647959978 1.390102364795845 1.3901023647959143 2.8657694402372367 0.0 1.3901023647959687 1.390102364795919 1.3901023647958966 1.3901023647957955 0.6950511823980292 0.695051182398067 0.6950511823978969 0.0 0.6950511823979193 1.5541816916834932 2.8657694402371927 0.0 1.3901023647958548 0.6950511823980758 0.0 0.6950511823979403 0.0 1.3901023647959108 0.6950511823979493 1.3901023647960078 1.9659016173813038 1.5541816916834643 1.9659016173813755 0.6950511823979743 0.0 0.6950511823979907 1.390102364795931 0.6950511823980007 1.3901023647959232 1.3901023647958077 1.9659016173813098 1.390102364796007 1.3901023647960298 1.390102364796032 2.865769440237269 0.6950511823979325 0.695051182397843 1.390102364795839 1.5541816916834703 1.3901023647958244 2.8657694402372402 1.3901023647958772 1.3901023647959039 1.390102364795956 0.6950511823979239 1.3901023647961275 2.8657694402372633 2.1979448267707298 0.6950511823980025 0.6950511823981274 1.3901023647960216 2.865769440237322 1.5541816916834856 0.6950511823978587 0.6950511823980272 1.3901023647958686 0.6950511823978636 0.6950511823980585 1.9659016173813642 2.865769440237411 1.5541816916835167 0.6950511823978374 0.6950511823979482 2.8657694402372704 1.390102364796003 1.3901023647960133 2.865769440237245 2.865769440237256 1.3901023647958994 0.6950511823979598 2.865769440237294 1.3901023647959805 1.3901023647960025 1.3901023647960533 2.8657694402372487 1.390102364795909 2.865769440237224 0.6950511823980127 0.9730716553571542 0.6950511823978927 2.865769440237291 1.9659016173812232 1.3901023647959605 1.3901023647958684 1.390102364795929 2.865769440237181 1.3901023647959705 1.3901023647959425 1.3901023647960036 1.9659016173814474 0.6950511823979968 1.3901023647960213 1.3901023647959465 1.3901023647959425 1.3901023647958326 1.3901023647959925 0.6950511823979809 0.6950511823980041 1.554181691683457 0.695051182397817 0.6950511823979778 0.6950511823979281 0.6950511823979819 1.3901023647959745 0.6950511823979406 1.3901023647958803 0.6950511823978962 0.6950511823980482 0.6950511823979041 0.6950511823978314 0.69505118239792 1.3901023647959427 1.3901023647960165 1.5541816916833093 1.3901023647959405 2.1979448267706005 1.5541816916834603 1.3901023647961215 1.5541816916834845 1.3901023647958308 1.5541816916835594 1.5541816916833266 2.8657694402372633 0.6950511823980102 485.2820450609093 304.8039267117752 252.40104621648126 -645.6600356751386 491.0871416665375 344.18202161707444 299.85626068632143 -686.3163403995345 466.53451810052417 301.23844156753387 299.5241580684257 -691.0488470174331 471.4001007768546 275.9950877252455 302.4250580305772 -697.5234898148917 454.8665477727152 235.3989817141731 312.63261031045533 -690.0982980433761 462.0170566754503 295.7274549527803 264.16652014158825 -646.3868379568382 477.98680426626714 309.4617339957042 230.9712234386877 -614.0994754886949 470.0118177173641 318.83866014193353 293.8021656562003 -702.8085074405068 463.7825862714237 239.85479977616998 277.79084407646263 -677.0236431684018 468.92718589344247 246.74646216424597 288.09093646492516 -702.9889465512707 486.2541982337479 312.1199725705512 281.73258719379555 -660.1152557145479 463.40000472552606 283.28175801348925 244.08067615174573 -612.2441612990051 472.1913166473465 300.66017841315903 265.0813420182096 -634.6034658606243 460.70645494160436 257.16543720268913 291.0574966984302 -672.2258314155092 477.24040000943165 301.61389837758986 240.46533928315307 -627.7480720259782 460.47624724061575 219.19000856257264 253.20108364269217 -632.0289365148059 464.18956672321326 225.66234677880536 297.05827917183893 -674.7695432799309 465.5399918488793 264.7224608642952 286.83911135637 -659.0528399008174 459.1950650581793 235.59437063717195 291.7198498907698 -665.9561441839522 469.00426392433394 240.140242527178 268.47629539965794 -658.1817515726808 467.93756285919636 288.1864387732868 265.11422788506997 -672.3981787596659 455.77911529190914 263.15087575230757 252.68565543007585 -624.86445032053 476.4678873194772 282.2972034379414 283.06983220244825 -670.1174597400902 484.03148077972037 342.54347442721223 287.76372619131706 -691.1897908522666 469.8953603430535 268.47780541257384 299.0973046433467 -701.4364945946804 456.00825757170463 256.26884904344683 291.755241843469 -677.8210124177549 460.864868114609 271.23174608551847 276.0416481318989 -664.7885201294417 451.4598066302656 243.16787519240222 234.5365787356575 -623.2700371278106 471.01380580363093 262.193731832677 274.7045329171937 -670.4947213354225 480.55163046800794 272.04226684800904 276.33928008039226 -648.1939485692051 482.4015829354109 283.60606915922614 267.1730836902515 -652.7723080348931 460.01567058080155 263.80447543634585 261.00265021163733 -639.6076403827028 482.9039832602503 316.2131226362873 269.9849161881933 -646.312226567373 465.5460329325712 250.9846824968104 258.57346631452464 -646.8757529724076 469.8298095975312 255.00999826935168 255.52328097776837 -640.5940624914618 469.80875383473136 283.29497028035087 274.44769242640103 -684.5684207301334 455.8817750663111 249.10837547129114 293.2080064030716 -683.456442709689 473.5160420628078 307.63174525179517 296.45766923375675 -708.6508836530593 460.38738138339954 250.65563291172296 284.7232306298564 -681.6214587088855 456.22463914103633 242.86316513604538 267.38317742623974 -640.5048527729218 478.62377881358793 338.19489470291717 259.275679061114 -634.1107070708733 461.13871234257 288.315351186535 300.3355745596606 -714.5932796174781 483.9283193957294 296.50391434792914 240.94551310344983 -638.1792493147615 467.10710142132166 233.04241863279222 265.60416485015895 -667.1311466762438 472.6099824194856 314.3067008498091 281.30286009029896 -654.3747759528584 456.8766222989762 282.3184918430449 298.637478302776 -680.7568949800302 457.5473500907969 225.61298920483995 274.73146424427176 -653.3643667222797 452.90666684663995 220.32849541048165 238.05766933698317 -608.0275696326376 464.75174863619077 277.64913103143306 274.6410667031993 -658.7962803501107 477.29150555842637 275.970329017341 286.2359629575565 -666.5634204220905 474.8106258804677 323.7037735445474 247.92463814022054 -618.6858380834998 465.75972827514573 293.68168055740585 282.07500380022424 -685.084246353835 465.84568670496316 257.8608744157795 306.2358834567238 -687.9252506940966 472.85974866724126 293.53943411688823 259.69868350151313 -653.8101187431821 473.9283959655096 254.10189457204746 273.03196263488894 -678.8972467916603 467.9084907773349 309.6540316594301 252.61165126002848 -653.3396166126438 475.91936077928597 268.2361270250539 285.36899378914035 -676.2063802195539 482.4248634313111 348.18602570916806 291.8233802699796 -688.6883082034017 478.51629013804 319.05034521470014 246.8432956447567 -623.955445474269 461.7125017026667 244.62558786878637 249.4617210785919 -639.6466280038169 476.1191631228689 331.09980016614344 258.9019322542183 -628.3665985481466 489.6195637803159 332.83030624107596 289.45891709575744 -697.0671856724438 467.008388497206 272.983138282353 246.980433887677 -630.5324013033279 459.1730078822808 276.6135142047572 269.8587232873475 -664.5155849345248 486.6675708131612 322.3300333572956 309.74332356089775 -702.0097773267079 476.57376930081284 261.3488437085011 305.7169873050577 -693.1717532844443 454.59647836115414 271.05547594220116 259.62736897658937 -660.8312447628609 453.8228835940642 228.09091226472174 281.3439238496592 -691.0627970195756 474.32220027626454 287.0542292800303 304.6527617110758 -682.3786373520765 462.32216976101284 231.04157525479394 295.80588545496425 -694.5055647790297
530.0048855897958 0.6950511823980057 1.390102364795975 0.6950511823978475 1.3901023647960338 1.3901023647960478 1.3901023647959765 1.3901023647959665 0.6950511823979173 1.9659016173813242 1.5541816916834752 1.554181691683511 0.6950511823978375 0.6950511823978538 0.6950511823980619 1.5541816916835587 1.3901023647959547 2.865769440237278 0.6950511823979215 0.6950511823979253 1.3901023647958726 1.3901023647959516 1.5541816916834448 0.6950511823980282 0.0 1.3901023647958903 1.5541816916833224 2.8657694402372678 0.6950511823981201 0.6950511823980066 1.3901023647958408 1.390102364795862 1.3901023647959376 1.3901023647959323 2.865769440237272 2.197944826770778 1.390102364796043 2.8657694402372242 1.9659016173812642 1.3901023647959365 0.695051182397878 0.6950511823980823 1.390102364795948 1.5541816916833793 1.3901023647958735 0.6950511823978833 1.5541816916835476 1.3901023647960018 0.6950511823981418 1.3901023647958926 1.9659016173813577 2.8657694402372917 2.8657694402374467 2.8657694402372633 1.3901023647958566 1.3901023647958521 0.6950511823980284 0.6950511823978853 1.390102364795989 1.390102364795873 0.0 0.6950511823979918 1.3901023647958426 2.865769440237244 0.6950511823980082 1.3901023647959463 0.6950511823980396 1.5541816916834406 4.170307094387797 1.3901023647959958 1.3901023647959485 0.6950511823980536 1.3901023647959991 1.3901023647959514 1.5541816916834634 0.695051182397985 1.3901023647960284 4.170307094387841 1.3901023647959363 0.0 2.1979448267707196 1.3901023647960478 1.390102364795918 1.3901023647959556 0.4865358276784789 1.390102364795945 0.6950511823981113 1.554181691683407 1.3901023647959532 1.3901023647960056 1.9659016173813455 0.0 1.5541816916834519 4.170307094387847 0.6950511823979697 0.0 1.3901023647959556 1.3901023647959534 1.965901617381434 1.390102364795988 1.3901023647961186 1.965901617381343 1.3901023647959785 0.6950511823980497 1.3901023647960729 1.3901023647959239 1.9659016173814114 0.6950511823979932 1.39010236479589 1.5541816916834026 0.6950511823980349 0.6950511823979167 1.3901023647960191 1.9659016173812351 1.3901023647959183 0.0 1.3901023647957755 0.6950511823979681 2.865769440237336 1.3901023647959156 1.3901023647959225 1.3901023647959758 0.0 0.6950511823980088 1.3901023647959971 1.3901023647958273 0.6950511823978712 0.6950511823979527 1.3901023647958848 1.3901023647958823 1.965901617381447 0.6950511823979316 2.8657694402371643 1.5541816916834048 0.695051182397974 1.3901023647958854 0.6950511823980181 1.390102364795992 1.390102364796018 1.5541816916833826 0.6950511823980013 485.0099145367085 303.66309062405 253.84890226521006 -647.5090161646094 490.2372413340932 341.6096193011505 302.102393848577 -688.4459595395886 465.9293568456097 299.81812160088265 301.2761464644148 -693.7696819480102 470.9417491794343 274.9312233554816 305.34441592344535 -699.4478341508612 453.3803368702013 232.04591750961228 315.11243482734864 -693.1572083166616 461.08069854849333 294.02738387460414 266.3349893325821 -648.5984249982353 477.33075242763607 308.90023853470956 232.35524207256492 -615.4532596481783 469.6752237307897 316.04839550902386 296.0523054802313 -704.9338853700416 462.7368633176754 236.51975381791777 279.21354355696576 -677.7346653768786 467.6238886133827 245.20839413070166 290.2893635161108 -704.5724571647545 485.1493641862789 310.4904699867375 283.1455628793489 -662.6141255754941 462.4860262965859 281.1527164701678 245.33794398676469 -614.2771591001676 471.5425272167961 297.15954715508815 267.5519460181544 -637.634002006406 460.3561604656623 253.94769867866083 292.3224209434529 -674.3126989082773 476.3084015119847 299.9121343429217 242.26747148906955 -628.654663876496 458.4313513496445 216.0855747939276 254.75002096660342 -633.20342310148 462.0543919641825 223.2316962120793 298.7540135620571 -676.9530679072672 464.819332813029 262.0881419712072 288.1310451025602 -661.6975528412505 457.92506889052135 233.2017562621342 293.1916513498644 -667.2061044210982 467.72097681425316 238.17476099408657 270.9513728897314 -660.6278058316849 466.84852313836404 286.1332557232928 267.44776694262765 -674.4212743223253 454.59528128452615 259.45420360970724 255.06914278587453 -626.8400311356996 476.9494142362041 279.98983297795337 286.0056708922687 -672.6240001208569 484.2757876644326 339.0995473908467 288.8232648062941 -692.3324587724137 469.5080694167708 266.12116790171274 300.8791081687064 -702.9174954474091 455.48186139198793 253.1290555119597 294.0372472671878 -680.5050263025173 459.37858805573524 266.8244441287954 278.21341620833124 -666.4089147420967 450.96981324927634 239.16446261650552 235.38093837717628 -624.6204636585095 470.4704340027462 259.4833993410938 276.2062900116101 -672.3019234855514 479.5316494286983 268.69741286789395 278.49310009286114 -649.8381279195805 481.48992635998036 281.4765665899282 269.6438675661891 -655.2223699082622 459.16261235559585 260.38581508757704 263.55813863546194 -641.9547083600942 481.622526078427 314.65568029077195 272.3196494458837 -648.9145037845129 463.80211063334076 247.95358290545536 260.45115615731413 -648.8327811346185 468.9296556767219 252.45429110512094 256.9663815759678 -642.4517781839388 468.61605524918895 280.0256614503418 277.21855182958524 -686.6727148519105 454.157737050765 245.6475986078011 295.79258773427057 -686.3825481913203 472.3405704035099 304.354206223357 299.00968272169837 -711.0176877921881 459.1929278299573 246.96330120138228 286.86801174660553 -682.6733911747871 455.3405833562751 239.8785255164346 269.83767009650603 -642.972606194831 479.4870536744148 335.7449529594205 261.2803926376544 -636.4910041988306 460.1755578956107 287.04793706176696 302.5911112102016 -716.712824424436 483.35103367048345 294.65150993867553 241.80188159913092 -639.5264798683035 465.993441803082 231.00262011402685 266.637310777521 -668.2936496038576 472.1221063051904 311.16020984046185 282.63432214239185 -655.7844731550986 457.02507057823937 279.7322411002154 300.7575438835443 -683.0375757108627 456.69375249508255 221.33948778766765 276.2197353623054 -655.1830327420672 451.45899246655387 218.10485174952458 239.57287262390508 -609.241496221388 463.57873295873014 273.95037150647624 276.5520925235251 -660.7221627151458 476.27428058326393 272.6253249540232 288.0392881453192 -668.6141467055737 474.27170334450057 321.4170608039901 249.48511207161482 -620.967715488454 465.12696651805294 292.69187409227897 284.0925400716774 -686.283854655583 464.9664314795528 254.87363713958752 308.6592411179851 -690.4461851415276 471.6461339223402 290.6974075905301 261.5839108510781 -655.7511536807302 473.8436333832089 252.45476370827555 275.0416596183587 -680.1091127267824 467.33550827141835 307.79996944187536 253.49696577842678 -654.6675580642717 474.6940629059143 265.3995275604422 287.7274848634178 -678.2012195078979 483.2949825007197 345.7408290246206 295.03102818541703 -690.8722008754195 478.2457742798152 317.9058934313949 249.2438464804685 -626.4801077963516 460.30072648639083 240.92254911965523 250.59463564083742 -640.6891746333988 476.29468153762076 328.5172669261916 260.8711343770724 -630.2067638560743 489.71107698638144 331.5388496426504 291.238095659982 -698.5522529989898 465.60371423303496 268.75278611172956 248.25471469130864 -631.9918107419818 458.6575543254117 273.4704471332905 271.51615250060473 -666.7306300783946 486.75519595682783 321.0377192626362 309.80284476121307 -705.5693104367958 476.6688780363602 259.6246220729067 308.26576737543195 -695.5428875657702 454.4805278688701 266.89880967171223 260.61255801754993 -661.4584071533475 453.7621303116547 225.5803604973953 282.8502925907963 -691.0705254313949 473.61363937409425 284.4172916406177 306.6536117926313 -684.8046344625876 460.5399501301281 228.45323087802694 297.93030931081427 -696.7812510685412
540.0048855897958 0.6950511823978848 1.3901023647960145 1.3901023647958528 1.3901023647959445 0.6950511823979851 0.6950511823980197 0.6950511823979306 0.6950511823981661 1.3901023647960065 2.8657694402373672 0.0 2.865769440237317 1.9659016173812167 0.6950511823978571 1.3901023647959785 0.6950511823978387 0.6950511823980097 0.6950511823979739 1.3901023647959905 1.3901023647959998 1.3901023647959305 0.0 1.3901023647958564 1.3901023647957838 0.6950511823980168 1.390102364795902 1.390102364795951 1.5541816916834013 0.6950511823979223 0.6950511823980895 1.3901023647959412 1.3901023647958346 1.390102364795944 1.39010236479597 0.695051182398026 2.8657694402373477 1.390102364795962 2.865769440237225 1.3901023647959805 1.3901023647957729 2.865769440237176 0.6950511823979294 1.3901023647959794 1.3901023647958806 0.6950511823978626 1.390102364796005 1.390102364795833 1.390102364795899 1.390102364795866 1.3901023647960877 2.8657694402373703 0.695051182398006 1.3901023647959037 1.3901023647957576 1.5541816916834972 1.3901023647959192 1.3901023647959334 0.6950511823978094 1.3901023647959256 0.0 1.3901023647960205 1.3901023647959156 1.5541816916834645 1.390102364795789 1.5541816916835214 1.3901023647959798 0.6950511823980052 0.6950511823978777 0.6950511823980039 2.865769440237243 1.3901023647960082 1.3901023647960005 1.3901023647959174 1.3901023647959012 0.6950511823979402 0.6950511823979225 0.0 2.865769440237386 1.39010236479592 1.390102364795863 0.6950511823979612 0.6950511823980077 1.5541816916834243 1.554181691683488 1.3901023647959583 1.3901023647959894 1.5541816916835172 1.3901023647959414 1.3901023647959239 0.6950511823978914 2.865769440237212 0.0 1.390102364795924 1.3901023647959374 2.8657694402372247 1.3901023647957722 0.6950511823979162 1.390102364795982 0.6950511823979934 1.3901023647958888 0.6950511823980476 0.6950511823978206 0.6950511823980192 0.6950511823980702 0.6950511823979765 1.3901023647959359 0.6950511823980048 1.3901023647960216 0.6950511823979618 0.695051182397881 1.3901023647959252 0.6950511823980116 0.6950511823979635 1.5541816916834708 1.390102364795977 0.6950511823980801 1.390102364796027 0.6950511823978374 1.3901023647959074 0.6950511823981318 0.6950511823979452 1.5541816916834734 1.3901023647959465 0.6950511823980203 1.3901023647959367 0.6950511823980119 0.6950511823979441 1.3901023647960091 0.6950511823978863 1.3901023647959745 0.695051182398048 0.6950511823980874 1.3901023647958537 1.3901023647960065 1.5541816916834144 1.3901023647960158 0.6950511823978531 1.3901023647961281 1.390102364795891 0.6950511823979975 484.454737476761 301.38064807185117 254.91036484166173 -649.2206566826618 489.3141493931986 339.9033081963755 305.1753272960839 -690.4867431664014 464.6351690773286 298.27326078381464 304.3771920718011 -696.0801310480067 470.3710015416342 272.65289139057245 307.24715091081043 -702.0006181720183 451.9326339267701 229.31004673857478 318.22829888596044 -695.435988586289 460.87235821854495 291.5942162235575 268.34393965562515 -649.8219611969996 476.92821009491706 306.9735998345172 232.2410480861818 -616.1448502931668 468.9704859767147 313.40988712767796 298.3180706284047 -707.0446837791693 461.47569773238297 233.7006627012321 281.6709539705874 -680.8110710977305 466.91745012482 241.7194290725804 290.94018059846593 -705.6079805371506 484.5689495927565 308.6394832393515 285.16176585239594 -663.8185297059077 461.2784416892119 277.88834482173684 244.61433760672443 -616.7643613342931 470.95682138199777 295.30972791121496 269.45502570913396 -639.5648806531391 459.1045093550428 251.12521069507235 295.53336496834805 -676.4926903882578 476.0528232890533 298.34130949678877 244.3695432355738 -629.7886131557335 457.49677465391824 213.1160481973317 256.89274241133637 -634.8584396207686 460.7452723411307 221.2809507804534 301.5471299946343 -679.0271585771585 463.91084838725044 259.5346035730045 291.33498231574066 -663.8904918291206 456.79663106823267 231.16763466174567 296.57024556176725 -669.7860431167663 467.1641465830316 235.03895543731832 272.0406384950887 -662.3249095120161 466.45905378552794 283.7782004101698 268.3742093752892 -675.7143887860262 453.41102841131163 255.33438359143932 257.2061879208747 -628.510790950219 476.0049186360633 278.2953547582833 287.8267978161439 -674.6595063946664 483.9407968770058 336.3088013611704 291.62174830507377 -694.4042092769333 468.8893147105194 264.7054671709043 302.9142522051906 -704.0866418210494 454.2898333735295 249.013477673885 296.06426059963246 -681.6908208687748 459.176946096172 263.96203125992434 281.50295561455533 -669.6943105446807 448.8776072250664 235.44630862261724 237.64892392264963 -626.721968942812 468.8741609981158 256.80984356980855 278.6885263063445 -674.1490416204094 479.1357298815729 266.3428629044429 281.12704616861214 -652.1017473032791 480.90069244869 279.6287692299357 272.0732466404748 -656.5452060126664 457.94112402533256 257.1281823202802 265.8437419892806 -643.4467451935043 481.4259499326172 312.2220240443509 275.44616382362534 -652.3812687350686 463.4107053560783 245.17078953465293 262.57515816028484 -649.9219345800292 468.2121910543687 249.3943753052461 258.95538291379364 -643.6962354039343 467.69424040930414 277.9007949637812 278.3289460651689 -688.3557872908639 453.0952278970974 242.3157005856456 298.5397700713689 -687.9102600862177 471.78177720931205 302.0728006509531 300.80519761933533 -712.4787737508682 458.26916502380976 244.41507143939467 291.19230809577255 -686.5301391858833 454.44720490022974 236.47100046730296 272.6561678311041 -646.2000252329361 478.5603875322055 334.04187583632586 263.23711962118784 -637.1961260621844 460.34195897477014 284.03065730920054 304.2806462339459 -718.300155348546 482.4352974527206 292.5226230315336 243.78304515299845 -640.7928311151893 464.3877815115572 227.9138171165943 268.6499222085102 -669.5058335633545 471.56585655565567 308.87893828592547 284.61041750911284 -658.2264224159301 456.60054475684825 276.33888968451674 302.68861703309227 -684.6395127036952 455.68391761838717 218.1929571573792 278.65163670241105 -658.2776858264345 450.99827389044094 214.91833514373283 239.08382650293686 -610.8978038387127 462.82896899383644 271.74868092384236 279.11531895195935 -663.6696392722821 475.3278883418272 270.9317128512683 290.6043269472706 -669.7631268837216 473.0372426497137 319.0049215023478 250.77932183839766 -622.4144347409297 465.27325701247827 290.1056415843795 284.9821812179103 -687.025393186493 464.40462599563233 252.16741329255808 311.4616853501796 -692.5068436664724 471.2603524477278 288.34147767772726 262.9170785253821 -657.1622879787768 473.08693892440306 250.25678601403223 276.61291221501017 -682.4399125592203 467.2599304751101 306.15140328118196 255.32754577726698 -655.5088716700374 474.1199368315308 263.1228783658131 290.14745906845826 -680.7241450175087 483.1432576188213 342.8755993900068 296.9900357041422 -692.7451673138467 477.3133826558417 316.20437985803034 250.54113769203286 -627.9277844138843 459.197286817347 238.4557912129448 252.2885565782594 -641.6861808555991 475.33766496420253 327.2470682329246 264.0060422092815 -632.4973538580253 488.15546056732165 328.84236235942416 291.9380051521543 -700.1309365633052 464.5205586446791 266.2763404770932 250.803812332305 -633.7749222051202 457.7760302594531 270.4854956211342 274.53786268350007 -668.5420035187353 485.8786453396843 318.4739997755681 309.97797796365563 -708.4265071126106 475.7615277473963 257.07138751172454 310.67650326945767 -697.7795351256444 454.65599616465687 263.44980040269064 262.6976387788792 -663.7692815352437 453.844041172356 223.42395510219686 285.0768495715472 -692.9227169570845 472.6696890972875 282.7220071366177 308.78678467893866 -687.0725253439956 458.7210850607249 226.30829708045707 300.01558342225024 -698.5021258590197
550.0048855897958 1.3901023647959785 0.695051182397856 1.390102364796011 1.3901023647960515 1.3901023647960633 1.3901023647961122 1.965901617381303 1.3901023647959296 1.3901023647958688 1.9659016173814456 0.0 2.865769440237312 1.3901023647958812 1.3901023647960258 1.3901023647958868 1.3901023647959057 1.9659016173813535 1.3901023647958686 1.3901023647958621 1.3901023647959165 1.3901023647959905 1.5541816916835505 1.3901023647958892 1.5541816916835198 1.3901023647958763 2.8657694402373686 2.8657694402373046 1.3901023647958322 0.6950511823979693 1.3901023647960173 1.3901023647959485 0.6950511823978721 0.6950511823979304 1.3901023647957902 1.3901023647959192 1.9659016173812662 4.17030709438784 2.8657694402373437 1.3901023647959294 0.6950511823979167 0.695051182397973 0.6950511823981715 1.554181691683504 0.0 1.3901023647959125 1.390102364795912 1.3901023647960227 1.3901023647959638 1.390102364796013 1.9659016173814017 1.5541816916834785 1.3901023647959172 1.390102364795847 0.6950511823980998 1.3901023647959303 1.3901023647959998 1.3901023647959572 0.6950511823981046 1.3901023647959474 1.3901023647959665 1.3901023647959014 0.6950511823978813 1.390102364795928 1.965901617381533 1.3901023647959452 1.9659016173812052 1.3901023647958985 0.6950511823978842 1.3901023647959703 2.865769440237294 1.3901023647960444 0.6950511823979567 0.6950511823979995 0.6950511823978774 1.3901023647959623 0.695051182397845 2.8657694402372362 2.8657694402371496 1.5541816916834035 1.3901023647958455 1.3901023647959005 0.6950511823979595 1.3901023647959996 0.9730716553570691 1.3901023647960136 0.6950511823980927 1.965901617381389 1.3901023647958635 2.8657694402373544 1.3901023647959805 2.8657694402372886 0.6950511823980313 1.5541816916834494 0.6950511823979084 2.8657694402373557 1.5541816916835638 1.3901023647959585 0.6950511823978456 1.3901023647958812 1.3901023647958628 1.5541816916834548 1.3901023647958186 0.6950511823979356 1.3901023647958486 0.6950511823979926 1.9659016173812442 1.390102364796038 1.3901023647959707 1.3901023647958937 1.390102364795824 1.3901023647959239 1.390102364795933 0.695051182397992 1.5541816916834745 0.6950511823979845 0.6950511823978954 0.6950511823980228 2.8657694402372327 1.3901023647959792 1.3901023647958943 1.3901023647958217 1.5541816916834414 1.390102364795817 1.3901023647960298 1.3901023647958746 2.865769440237221 1.9659016173813426 0.6950511823981845 0.6950511823979773 2.865769440237216 0.6950511823979345 1.39010236479589 0.0 0.6950511823978879 1.5541816916834266 0.6950511823980265 2.8657694402372447 1.55418169168353 1.3901023647959723 1.5541816916836007 483.5100087244367 299.68461917810123 256.75310917497967 -650.0416746072701 488.71179594165636 338.4824238071209 307.3364920427311 -692.7263339177324 463.39991856960506 295.4416676059368 306.54031177355563 -698.3193984703928 469.72446271663233 271.6715279727737 309.8436899282773 -704.3192424711408 450.1578161628618 225.4524360842111 319.93152230602374 -698.2617283597315 460.16642110731794 288.53313890702685 270.62147265721666 -652.5100915204065 475.6783755838668 304.56865747109674 234.89453363210825 -617.2459915449228 468.9874766265395 310.03690449336943 299.64311601888346 -707.8622468852117 460.57277109582435 229.86567215122435 284.0541287526006 -682.778709742298 466.3309768430602 239.0174767028462 292.80635658057656 -706.3664960885891 482.8136288820001 306.0325775926439 287.16812928452623 -666.2385303885 461.3845635766798 275.73255921236677 245.95517007298065 -618.7365812037617 469.45945441595416 290.9069507365629 273.26910076356273 -642.8269112725725 458.06076143068185 246.9363888382074 297.5675879127918 -677.6667468759692 475.1299019407365 296.21679998157686 245.43373662751915 -631.4984997596102 456.02170580475627 209.97045913576406 258.64487362004735 -636.3741015936328 459.4774550918334 217.6083266033044 303.69679757745786 -681.2828127145052 462.51187827063535 255.92979227414457 293.21955360591284 -666.4552127615855 455.36052340684296 227.57564317569086 298.5831580139421 -672.197431931189 465.7101723673123 232.3080608637872 272.72802734266185 -663.9095827549668 465.6836937111502 282.00948862972604 269.7326200171575 -677.1031368771577 453.36044977029945 252.39366459313004 258.53441263176603 -629.9270388492952 474.7609832366656 275.4680850237207 290.6287948898557 -676.7234695771817 482.7293975195317 333.46672299924114 292.7535541866032 -696.072003071636 467.9289676828749 263.02077319767216 304.7786186919497 -706.0799888188841 453.0510098815142 245.3367794493697 297.76185752812296 -683.5833373751518 458.429288072926 261.3362277618085 283.3854862743584 -672.2643537342685 448.63181593568726 232.587841564026 239.12452985569413 -628.5474695362755 467.94925201145446 254.26339044654645 280.8156874941327 -676.4191884602711 477.51079352329805 264.1054683408665 283.2896181067801 -654.9318052707109 479.59447121731836 278.0935633494229 273.3470515786964 -658.6297896715453 458.06893512675424 254.10877421292318 268.0259511357577 -646.8359392940532 480.50941086854147 310.0933622390529 277.1406799942238 -654.5669846293841 462.5063801833837 241.76531123042656 263.8318322907785 -650.2315504280399 467.2788951067036 246.84956571688366 261.0483607843101 -644.224849671803 466.4281915862549 275.50547192935755 279.4513720606783 -690.0304642519636 452.7937158385478 238.8477015653864 299.49468819864495 -689.1859885465759 470.42161542116133 298.45438129856234 302.73785548894676 -713.7705591172033 457.2185260493651 240.22650972569107 292.7412376662809 -688.2939267935743 452.75338287519077 231.8320759999488 274.636259085803 -648.6402920548855 478.3361976649639 332.0375857985412 266.5321304352456 -641.0572373704861 460.1375939952364 281.1697703166315 306.4034388585782 -720.2859424358618 482.19647601675814 290.5205770801713 244.69072196636907 -642.1014999419341 462.6004006182474 224.48207248406538 270.67345833482784 -670.698212397562 471.22551259615767 305.66049625903634 286.1901972522253 -660.5491735022856 456.52557918618976 274.2615564636476 304.00055388289866 -686.7054914307221 454.2629618389217 215.12696769336708 279.9779275388316 -660.9024565347561 449.3685320469486 211.800182721208 239.45185990899674 -612.7918760174298 462.06775008718546 269.55267771343273 280.98916011471573 -666.2428477607968 474.3920517812478 268.8118739648035 292.73889803447486 -672.0284874142498 472.6536429172733 316.64821525426606 252.13251911001294 -624.3810735181158 464.67690874327974 288.25950769210095 286.52776927148744 -688.7946994897147 462.96532517048956 249.42802381841832 313.50443670794436 -694.8948087192169 470.04415474965657 285.0797591508359 264.17912883999145 -657.4683498940883 472.1398548934222 248.1425166455714 278.1526817501172 -684.2145292416855 466.7406960697469 303.0087904916481 256.75303891426574 -656.2201082199196 472.67230670523907 260.8087484259917 291.99228816583576 -682.7370908318882 482.5676613844741 341.0227822307411 298.6120334152532 -693.8094294252514 476.37315990588934 314.5076629509423 252.446429892456 -629.8541139333984 457.7885077433829 234.4294871837002 254.54455584737323 -642.620974127081 474.8304830725231 324.10234904837984 264.91184750999287 -635.5783341946818 487.2703852114595 326.2807550456813 293.8588210782516 -701.4391581743035 463.2667970150115 263.453778309896 252.67670213717125 -635.1504891489335 457.69939990243324 268.4087995063769 276.3149733989864 -670.0276390848853 484.6359221111273 316.0669405279413 311.6781429620675 -710.0124863010344 475.2720035658741 256.44523622519176 313.03008849267906 -700.4043029370232 453.73327859981913 260.9027056591707 264.2167334829247 -665.558893348061 452.3995830484377 219.83803979369975 286.2739616697417 -693.8998658506392 471.80403162800184 279.3071408802612 312.21186296680065 -689.5944448888192 457.1157486561796 222.3705051525131 302.29884070947605 -700.5923695270052
560.0048855897958 0.6950511823979563 1.3901023647958701 1.3901023647959163 1.3901023647960222 1.3901023647959625 0.6950511823979393 1.9659016173812631 1.3901023647959383 2.865769440237306 1.3901023647961033 1.5541816916834421 1.5541816916835585 1.3901023647958712 2.7802047295919503 1.5541816916834248 1.3901023647959903 1.3901023647958999 1.3901023647958544 1.390102364795959 0.6950511823979634 1.39010236479587 1.3901023647959039 1.3901023647959825 1.3901023647960717 2.8657694402372194 1.3901023647959494 1.965901617381428 1.390102364796079 0.6950511823978683 1.965901617381281 1.3901023647959292 0.6950511823979404 1.3901023647959876 1.5541816916833198 1.3901023647958985 1.5541816916835507 1.3901023647959796 1.390102364795841 1.3901023647959174 1.3901023647960151 0.6950511823980013 1.9659016173811599 1.3901023647960302 1.390102364795919 1.965901617381323 2.865769440237224 0.6950511823979142 0.6950511823979921 0.6950511823980573 0.6950511823980616 2.8657694402372957 0.6950511823977911 0.6950511823980299 1.3901023647959028 0.0 1.3901023647959125 1.390102364795908 1.3901023647959516 0.6950511823979473 2.865769440237323 0.6950511823979104 2.8657694402372655 1.390102364795931 0.6950511823979614 1.390102364795906 1.3901023647959803 2.8657694402373277 1.390102364796064 1.3901023647959911 0.6950511823978746 1.5541816916834286 0.6950511823978923 0.6950511823980524 0.6950511823978719 0.6950511823979623 0.6950511823981309 1.9659016173812687 2.865769440237419 0.6950511823980418 0.6950511823979305 1.554181691683384 0.6950511823979642 1.554181691683432 0.97307165535717 0.6950511823979587 0.6950511823979533 1.3901023647959814 1.39010236479596 2.865769440237241 1.390102364795842 0.0 1.3901023647957877 1.3901023647959665 1.3901023647957564 2.865769440237192 1.5541816916835147 0.695051182397956 2.865769440237251 0.6950511823980213 1.3901023647959037 0.6950511823979563 1.3901023647960122 0.6950511823980641 1.3901023647960828 1.5541816916834594 1.9659016173811503 1.390102364796065 0.6950511823977974 1.3901023647959485 1.3901023647960702 1.3901023647958681 1.3901023647958919 0.6950511823979945 1.3901023647959512 1.5541816916834668 1.3901023647959185 1.3901023647959758 1.3901023647960113 1.3901023647958954 0.6950511823979821 1.3901023647959505 1.3901023647960462 0.695051182398038 0.6950511823978968 0.6950511823980512 0.6950511823978985 1.3901023647958843 1.3901023647958917 1.3901023647958928 1.3901023647960589 1.390102364795938 1.9659016173813477 2.865769440237278 1.3901023647959916 1.5541816916833802 1.9659016173811958 1.9659016173813026 1.5541816916834221 1.3901023647959452 0.6950511823979902 482.91297183908137 297.83855021197786 257.6876990256883 -651.3305926936883 489.3198385146744 336.95925670010257 309.0915036200684 -694.8626683449878 461.79741819115327 292.77299499901414 308.95822885917255 -700.2425790853991 468.79387776907225 269.12542527179596 312.4487606783856 -706.6272467486715 449.5742128389296 221.03262838710174 322.0621676787821 -701.172114932024 459.44062273070455 285.4729870454984 273.6377791167854 -655.5222758480246 474.2170195818101 302.6792535926111 236.22037245811927 -618.664863425597 466.57701341955544 306.45353635603675 301.03478311175536 -709.2131537409215 460.1169878098035 227.5215303535713 286.0314950278516 -684.6294909865328 465.6970473520635 237.18400756198864 293.7743657193157 -707.6301165382449 482.52577754187735 304.89425198384413 290.03480455706597 -668.8306605016917 459.9658385331007 272.56022999969343 247.19788063600336 -620.8394046683113 469.57755887662904 288.32003332837934 275.73168852929916 -645.8970128736703 457.27978523940214 244.31919899960448 299.1272582121435 -679.4219510721895 474.15496760647744 294.9600142590788 248.44446505635943 -633.3261318142892 455.06882352574246 205.7201549674294 260.331506642089 -638.5701230178581 458.6919719182369 214.136441884478 305.44376521556313 -683.4255679516457 462.26963604667714 253.07037277543793 296.4477335612693 -669.8271026457007 454.9260550491006 224.3672915355999 300.55741675602303 -675.2865141112057 465.9350331829871 230.50243311309112 275.40682724100884 -666.1209033981755 464.41052397618324 279.6171455663134 270.575393371757 -677.2948050420655 452.4396692321644 248.99049508475474 259.5477011869271 -632.3124811405227 473.85347900864946 272.48933505259595 293.03333231947414 -678.6662785540728 482.8265159896698 331.7425289551276 294.68365071003865 -697.3679079074311 466.9246355942561 262.2031999460911 306.71826598834343 -708.6056350371589 452.1221758380432 241.93991957488515 300.1086756157839 -684.9763787077562 457.5354644342344 257.50131415998817 285.4141219574841 -674.6654304782091 446.477003138772 229.33307561764593 241.87827987854638 -630.676847257403 466.81469188975484 252.233735464474 282.96726024897083 -678.669803576135 476.4012218836852 261.6397681035095 285.72559817423365 -657.4401820526872 478.47762517750255 276.05566363775375 275.53036149199414 -661.4401843973002 456.8140288534279 250.43480040473054 269.8968397799164 -649.4136124382602 479.0049548046094 309.06237323733876 280.0456184659503 -657.7208809969366 461.19563103256866 239.39057596422936 264.94020171484027 -651.9141681686261 466.3127421629672 244.74301078031337 262.35201145456637 -645.0758860183895 465.1659624883159 272.68659903888744 281.4957266176192 -691.1865787151263 451.17423437827165 235.34029038758868 301.3635897234167 -691.1769215807795 470.03812175041384 295.66942141136786 304.37071133588233 -714.8181696776984 455.9197645003839 237.42130619324658 294.2441048874456 -690.7373530779995 450.94617422130375 228.41471410316672 277.23288316458644 -651.5578971178794 478.10097486898445 330.0351032189367 268.5196435526471 -643.493308474864 459.0349805106166 278.70140687056374 309.04482000623807 -721.1144829120183 482.23826636648323 289.65857157085696 247.0370216786616 -644.10990090651 461.62877011374127 221.95278873999604 271.49646028532624 -672.1261786281851 469.497786867115 302.20273023586105 288.3876346348295 -663.3493101049595 455.14008571349984 270.2285043665155 307.01866237626103 -689.1149337173572 453.31492157182885 210.87533370755892 282.7143869288942 -663.6553047669911 448.58102020970773 207.8986565834836 240.84687711458542 -615.2993169811263 461.1698384919228 266.1452563643628 284.0299572810441 -669.2338405837854 473.97527060770665 266.45985154922124 294.8949443556303 -674.2756442192008 470.7582142380129 313.2608525702699 252.80185557397516 -625.9772370529471 464.40328768805153 286.6915539390809 287.9683753921519 -690.6984712927833 462.20422341243096 246.3784883988275 316.0496118624041 -697.899895894212 470.0045528498096 282.14172341933227 266.13184369921083 -659.3468014520415 471.5140318915444 246.3070705159911 279.28738129185723 -685.8806108829019 465.2082906765189 299.0417807046839 258.3566204866044 -657.31369068133 471.0319654182005 258.58453805347693 293.43156908980995 -684.640538307195 481.550517060382 337.67678736343765 300.66450250336743 -696.1898944558747 475.246791886856 312.8914586386167 253.78947717589878 -631.2550523696452 457.17629759736934 231.7329147437177 256.3089383768233 -644.1186172725234 475.27768921878993 322.2250524070853 266.17983146249225 -637.6660221717372 487.0121645193123 324.7092484783464 295.67036708392243 -702.8824891140566 462.18760860422015 260.12886551834185 254.5235064122778 -637.7472288399628 455.8311201648646 263.32025015717153 278.28239412601476 -671.8881583406417 484.3498280475602 314.92804507594866 313.0191160933618 -712.0535457504325 474.68119318893474 253.744782399182 315.8181782968191 -703.1039182152573 451.4315826517182 257.70538026837824 265.70368126283176 -666.7916669469975 451.28395543391974 215.6663741724516 288.0180314153924 -696.0450539419633 471.0935178345347 275.8177561576846 313.48594358105066 -692.3327917005308 455.83269683415034 218.28021430916957 304.05034896855204 -701.4925102239257
570.0048855897958 1.3901023647959443 0.6950511823980012 1.3901023647959363 0.6950511823980553 0.0 1.3901023647959634 1.3901023647959743 0.6950511823980366 0.0 1.7376279559950825 2.865769440237271 1.3901023647959247 0.6950511823978822 1.390102364796059 0.6950511823980176 1.390102364795862 1.3901023647959314 1.39010236479602 0.6950511823980522 1.5541816916834805 1.3901023647959994 1.3901023647960133 1.3901023647958646 0.6950511823979931 1.3901023647958388 1.3901023647959292 1.965901617381309 1.39010236479592 1.3901023647959043 0.6950511823980078 0.0 1.3901023647958097 1.3901023647959323 0.0 0.6950511823979117 1.5541816916836102 2.865769440237277 2.865769440237196 0.6950511823978799 1.3901023647959803 1.3901023647959656 0.695051182398186 1.5541816916834783 1.3901023647959907 1.3901023647959592 0.6950511823980446 1.390102364796003 0.695051182398054 0.6950511823979657 1.3901023647958135 1.5541816916835152 0.0 1.3901023647959847 1.390102364795844 1.5541816916834823 1.3901023647960176 1.3901023647959556 1.3901023647959758 0.6950511823980153 0.0 0.6950511823980136 1.3901023647960584 1.5541816916835054 1.3901023647959887 1.3901023647958262 0.6950511823980235 0.6950511823980388 0.6950511823979199 1.3901023647959228 0.6950511823980507 2.8657694402373584 1.3901023647959778 1.3901023647959174 1.3901023647959265 0.6950511823980146 2.8657694402374267 2.86576944023724 0.6950511823980505 0.6950511823979275 0.6950511823979476 1.3901023647959605 1.3901023647960298 1.3901023647958946 1.9659016173812642 0.6950511823980111 1.3901023647960429 0.6950511823980136 0.6950511823980896 2.865769440237242 1.3901023647957493 2.865769440237315 1.3901023647959387 1.3901023647959552 2.8657694402374037 2.8657694402373424 0.6950511823978247 1.9659016173813662 1.3901023647959116 1.3901023647959876 0.6950511823981651 0.0 1.3901023647960298 1.3901023647958546 0.6950511823980615 0.6950511823980327 2.8657694402373326 2.865769440237203 0.6950511823979333 2.865769440237222 1.3901023647958848 1.390102364795908 0.6950511823981095 2.8657694402372957 0.6950511823978732 0.6950511823979443 2.8657694402373264 1.3901023647958684 1.9659016173813715 1.5541816916834514 1.390102364795963 1.3901023647959885 0.0 0.6950511823980589 1.5541816916833913 1.5541816916835167 1.3901023647960178 0.6950511823980032 2.8657694402373224 1.3901023647959163 0.6950511823977904 0.6950511823979075 2.8657694402371643 0.0 0.6950511823978852 0.0 0.6950511823978562 2.865769440237316 0.0 2.8657694402373024 1.3901023647958741 482.26602277345194 296.85804584092085 259.6466266154701 -653.2039375459491 488.61788478032054 333.89634593472346 311.5136906957366 -696.7801633860779 460.19788497470387 289.67951942479965 310.77571146604413 -701.6796084817186 467.0311105232592 265.261110084052 313.90033403569475 -707.2814479207592 448.95729966665016 217.47911642149603 325.5766431511448 -703.5749943046441 458.55281957674504 281.6385885006599 276.45163714497875 -657.5723406387449 474.078526810998 301.89421398946416 237.22618353897107 -621.0485471035579 466.6773619834281 304.29697634276806 302.8519114612933 -710.6505667080343 459.6598816152903 224.74820394691457 288.50296488079937 -687.1021677504964 465.5655612644408 235.53944755864117 296.5556586004933 -709.0933204572448 481.54662420278777 303.6389359619365 291.8990994299338 -670.8263588923123 458.37811342517347 268.61635862489675 248.0895920195885 -623.3656650111084 467.81670014890796 284.87845336967104 276.90938512385435 -648.110621389624 455.745337636495 240.1340154067053 301.57526195180196 -682.8552001872036 473.560426305919 292.68880720614675 250.46338689921942 -634.5228368372823 453.9328459461527 201.98446066058872 263.373906665951 -640.3467129886925 457.723977068086 210.7487083233789 307.55879190563496 -685.1069794174904 461.63405033228145 251.23681260665478 298.2541790995665 -672.5128246639644 453.6223275652324 220.71194499919739 303.0633435569677 -678.0282868930123 465.97557262158637 228.77482663464716 275.8754799176808 -667.9944437252757 463.79019232348264 277.77919082358375 272.3758039384406 -678.7519546516053 451.4936780510841 245.59531143509798 262.5125199122092 -634.7866600639463 472.43149236507634 268.89444704729556 295.2665758397103 -681.4403029172971 482.07532743515804 329.54111491274153 296.1960556922201 -698.5683772259216 466.1897304475628 258.29195436339387 309.1422280942126 -710.5208249669668 450.8203106559278 238.71324575171377 302.9530906245678 -688.2239452351827 455.57642013635456 253.7268417580013 288.182267859035 -677.3836642323156 445.3115702332949 227.3210969544377 243.896531000465 -631.877455043166 466.206056703132 249.53619796309383 285.1317176666295 -680.9069101335812 475.8018557512848 258.9426055554958 288.4875886264819 -658.9366603465904 477.8593431191489 274.21674685300627 277.80623962526266 -663.5407306695479 456.0479720984404 246.9571874427327 272.45917981423844 -651.7700971596037 478.39905016181154 307.2192099193449 283.04345376591215 -660.1573641349594 460.23585297440553 236.4291409348181 265.95893368966244 -652.5021235271727 466.03413734279155 242.31622771152487 264.8013336332267 -646.355638282127 464.73093115534095 270.34020740342334 283.48611760481185 -693.0253540171848 450.2089239121511 232.38074985003834 303.3039581302714 -693.701046580027 468.81407276590335 291.9858293294246 306.37205122122845 -716.6450823537559 455.32301002097586 233.4340470443431 296.6629367635659 -692.6596874042692 450.3161481315466 225.7241128964645 279.3800086143041 -653.8119964232335 477.21464182520515 327.05023135927127 270.6553304558643 -645.7552854282517 458.3024269985409 275.21680165517625 312.5659982111889 -721.0140300149172 481.5882239834943 288.6791088050428 248.56473508264696 -645.8924038041741 461.3358717639323 219.52874175089178 273.2957678883552 -673.5870514107875 468.61248431417613 298.7926725639008 290.67199274257047 -665.440554915246 453.5458950224831 266.2872530491199 309.3192966039025 -691.1846486975422 452.34530276548116 207.48825028187903 285.17488416023764 -666.1406817468926 447.2791369661601 203.81427934929408 241.43555965953067 -617.5809613119934 460.393754511312 263.5261125965716 285.77175000069553 -671.3807516479968 472.7404011464073 262.3549708690244 296.2199579635054 -676.3274319090921 469.64642395383436 311.21990084264525 254.16910379399087 -629.1470453386588 463.44767099469715 284.5803035266082 289.29859218767547 -692.746736057884 461.25154004861116 243.41471997511323 319.1111744058893 -700.5646955309408 469.26145150779854 279.08817440303295 267.14994710669697 -659.9307553834005 470.88717283250554 244.0427215961031 281.8790362931617 -686.9693167601309 463.5788624174272 296.80973509422364 258.460768762053 -658.4019012514875 470.10383034880766 255.18414142999643 296.2697524693285 -686.6552944849979 481.7722040161503 336.73739069174025 304.4795045858362 -699.458316422477 474.99652734118536 310.89179680868847 256.2978717485824 -634.8725881747785 456.7505361274482 227.66367699649115 258.2654612797464 -645.9947217773574 474.0130985404572 319.82930659451995 269.39668150417 -639.8326943841282 486.3708834887851 323.7255249054507 297.7891751828574 -704.5608746056027 460.73153521159793 256.97433740374055 257.5877668924642 -640.555981008129 455.2261692590675 260.62219661879533 280.68663098254916 -673.8281513447396 484.1010380872389 312.9281450431206 315.31652750061585 -712.8818277309738 473.88448879170124 251.56108105949593 319.30354393806 -705.8552698485228 450.64739069795223 255.09188323028346 267.4966051929249 -668.2571474919821 450.32441745753613 211.84716467256655 289.95466913864396 -698.5732682025664 469.49613583476184 272.30120779426113 316.5139223777111 -694.7286982511466 455.380137820405 215.0759015999004 306.3593821467672 -704.7969964166118
580.0048855897958 1.390102364795868 2.8657694402373504 2.780204729591946 0.6950511823979273 1.3901023647958475 1.9659016173814554 1.965901617381283 1.3901023647958428 1.3901023647959445 1.3901023647958566 0.0 1.5541816916835394 1.390102364795933 0.6950511823980788 1.3901023647958792 0.695051182398125 1.9659016173813175 1.3901023647960875 1.3901023647959552 1.390102364795822 1.3901023647958841 0.6950511823980362 1.390102364795961 1.390102364796042 2.8657694402372287 1.3901023647958717 1.3901023647959325 1.3901023647960404 1.3901023647959814 1.3901023647959763 0.4865358276785901 1.390102364795933 1.3901023647959816 1.554181691683255 4.170307094387845 0.0 0.6950511823979171 1.3901023647960495 0.6950511823979144 0.6950511823980852 1.9659016173812571 0.6950511823978783 0.0 1.3901023647960993 2.8657694402372864 1.3901023647959525 1.3901023647960258 0.6950511823980443 0.6950511823980531 2.8657694402371368 1.3901023647959259 1.3901023647959638 1.3901023647959445 0.6950511823980831 0.0 1.3901023647960828 2.8657694402372504 0.6950511823978469 1.3901023647959214 1.9659016173813895 0.6950511823980143 2.8657694402372806 1.390102364795974 0.6950511823978681 0.6950511823980213 1.3901023647959792 0.6950511823978954 1.3901023647959776 1.3901023647959494 2.8657694402371834 1.3901023647960367 1.3901023647960464 2.0851535471939084 1.3901023647959083 2.8657694402373357 0.0 0.6950511823979011 0.695051182397792 1.9659016173813175 1.3901023647960247 1.3901023647959243 1.3901023647960715 1.3901023647958655 1.3901023647959245 0.6950511823979423 0.6950511823979028 0.695051182397903 0.6950511823979482 4.170307094387745 0.0 1.390102364796028 1.3901023647959643 1.3901023647959267 1.3901023647960322 1.39010236479596 0.6950511823980358 1.3901023647959976 1.9659016173811377 0.0 1.5541816916833964 1.3901023647958817 1.3901023647959025 2.865769440237285 1.3901023647957937 2.865769440237286 1.390102364795953 2.865769440237231 0.6950511823978568 1.390102364796003 0.6950511823978431 1.9659016173813462 0.6950511823978555 1.39010236479598 1.39010236479586 1.5541816916835307 1.3901023647959685 1.3901023647959339 0.6950511823980613 0.0 2.865769440237433 0.6950511823980432 1.3901023647959327 0.6950511823979046 0.0 0.6950511823980403 1.3901023647958375 1.3901023647959803 0.695051182398025 0.6950511823979127 2.1979448267707924 0.695051182397969 1.3901023647959265 1.5541816916835116 1.3901023647959054 2.8657694402373077 2.8657694402372886 1.390102364795867 2.865769440237417 1.3901023647959323 0.0 480.6080360423408 295.06336772929217 261.51263816572384 -653.9732601410029 488.1497439466391 332.83775651909957 313.0928163719526 -698.5187693103107 460.8292503045868 286.416454428277 313.415693451864 -704.2558251785568 465.35510240973514 263.48655175968366 316.2697479525442 -709.8888596592125 447.3077388911 213.56025894110408 326.5590287493374 -706.0708493725431 457.27590617618483 278.4004879787544 278.9174497033539 -660.0508034456178 471.96064223724323 298.6133259460129 237.86615774840334 -622.0929232120349 466.2670131933654 301.515390431482 305.3323668078987 -711.870975674244 458.7015676195998 220.92859220803788 290.5000465893447 -688.9331642051735 465.4478799887442 233.0321424897101 298.8525000320423 -709.9233565483967 480.73569269675374 302.31068374221354 293.4133598114828 -673.2655145105327 457.77911328847375 265.4918025546801 249.92272399613668 -625.3926940142923 467.0841249400293 280.96510618075246 279.54854149918594 -650.9874053158014 454.590048529368 237.6906486189828 304.05964768756786 -685.3159262677065 472.28062084374136 289.8767321303171 252.25112020985765 -635.9970618116002 452.42120302998785 197.1446490077137 266.1218670951535 -643.0877055812119 456.57145823078855 207.87616365427098 310.82722082491495 -687.1996032933897 460.1989503175064 246.36560134848372 299.94806949916455 -674.1051253516248 452.1304162777158 217.57311358100148 304.15917347617517 -680.3755729707841 464.6437222689045 226.4150756409559 276.83709831792976 -669.2633586019091 463.19581646779824 274.6499899939045 272.7377135836675 -679.5363274944052 450.3598343948089 242.28736130722402 265.2552623933679 -637.5329604222735 471.32100784256517 265.5801441340668 296.90454876406045 -683.7248392887125 481.4685922567423 327.69807275007116 298.01358327076167 -700.0049161919463 466.24762827391464 256.134076651562 311.9662158141625 -713.4871885025141 449.52648249742816 234.62644810756547 306.27195908011316 -691.3412960814533 454.9528399913118 251.03333285537332 289.09221974618015 -679.3415599397018 444.675549717008 224.63105698677464 245.0876728735478 -632.8631919297987 464.72962252718025 246.39006098059733 285.5572955633248 -682.2329806860827 474.1615180716365 255.87414774225402 290.7172954313794 -661.7097479139836 477.21458740713155 272.8127312098298 279.97380174695036 -665.7754253766218 455.07053977514164 244.42977857559902 273.954141553484 -654.2226983689509 476.6226705902719 304.2080795164752 285.0309137867003 -661.9973511807017 459.42931583391777 233.82045053436386 268.35748656132296 -654.4479656679022 464.6339201806427 239.34769925824352 267.37665686125024 -648.6992142933681 463.2313439916336 268.4819791428312 284.6961760778275 -693.9848797847619 449.2612090759029 228.12959068727298 305.4318123954198 -696.613613355868 467.5603629480253 288.3126306409889 308.66926699853667 -717.4741796888977 453.8263502205652 230.72526302593937 298.47976246073534 -694.0967693631635 449.7060865557686 221.73919313386475 282.1458628381589 -656.5334980799804 476.62553536391493 324.7746615112556 273.4095361034709 -648.4875879921115 457.2099796026396 271.46932219197396 316.5545579623181 -722.1919201977727 480.9822566002446 286.4084826482238 250.10692319246604 -647.6635386414102 460.7253347201037 215.54376896889227 275.4051329133032 -674.0415861993413 467.52681255834165 295.4676652630575 292.7268999958953 -667.8194405693697 453.4067768091408 265.0757944776671 312.46916751332304 -693.4267980223632 451.8983053978628 203.85238078485904 286.74429516769544 -667.8884591947249 446.64085857843344 201.12463850766684 242.12467915956742 -619.1655813317228 459.28822093320775 259.78245701796885 287.52393734359043 -673.5194921179876 471.60353657222157 259.9035497239755 298.34167663285257 -679.2442881144142 469.3994592366616 308.78978663295425 255.88543131893664 -631.313336706503 462.0110644037484 280.98932375581677 292.1428159007692 -694.7532283655504 459.60359861182184 239.92262328417203 320.6350094540395 -702.9969791151159 468.5083778555881 275.60878994209344 268.53078590178643 -661.2938033437371 469.9114887950597 241.51454343566482 283.5098420834865 -688.0194074972898 462.6199624215795 294.70050520787066 260.2593989409353 -659.8628458265615 469.13509112453306 252.6543661247126 299.47900944510127 -689.4437187005256 481.01091291138016 334.5393679317896 306.84761792112954 -702.0669145512559 474.06423312442496 308.3489661973932 258.80475343561477 -636.6891629881471 455.4354310532253 224.44107687297878 260.8328425123336 -648.3449741635474 473.93018150847024 317.7503847588502 272.14261473657285 -642.5707728391296 486.03776456508797 323.45046977378365 300.2693629400917 -705.7820735913723 460.13222892582456 253.41897566695607 259.856269339887 -642.6612846959232 454.60687759745946 257.9280697914068 282.2570691940774 -675.5761828206968 483.5078974275168 310.6560456706549 317.95775559966864 -715.4566277471695 472.936520008129 248.16720476982587 322.51902567764984 -708.637265428431 450.3942156181981 251.37091747520364 269.2997649198362 -669.7099084576768 448.8484155085111 207.84566066343848 292.1943935559586 -700.0990707573009 469.0613278938956 269.5243888499885 318.643393447748 -697.6396805702601 453.71338989981456 212.02032064052165 309.1506065035907 -707.4929347823797
590.0048855897958 1.390102364795913 1.3901023647958937 1.3901023647958808 1.965901617381379 1.9659016173813075 4.1703070943878435 0.6950511823979655 1.3901023647959032 1.5541816916834903 1.554181691683574 1.9659016173812631 0.6950511823979658 1.390102364795851 2.780204729591955 1.3901023647959758 1.3901023647958386 2.865769440237248 0.6950511823980308 1.3901023647959054 1.9659016173811523 1.3901023647959785 4.170307094387945 1.390102364795962 0.6950511823981008 0.6950511823979274 0.0 0.6950511823979013 0.6950511823978336 1.3901023647959754 1.390102364795854 2.8657694402372793 1.9659016173811732 2.865769440237272 2.8657694402372735 1.390102364795957 1.3901023647960469 0.6950511823980424 1.2530213386039664 0.6950511823979956 1.5541816916833537 1.3901023647958757 1.3901023647958815 1.9659016173812958 0.0 1.3901023647960298 1.9659016173813197 0.6950511823979837 0.6950511823978314 1.3901023647959605 1.9659016173813615 1.390102364795997 1.3901023647959645 1.3901023647959236 1.3901023647959159 0.0 0.6950511823981447 1.3901023647959665 1.390102364795931 0.6950511823980383 1.3901023647958641 1.3901023647959867 1.5541816916833822 1.5541816916834963 0.6950511823978754 1.3901023647958666 0.0 0.6950511823979192 1.3901023647960522 2.86576944023728 1.3901023647958768 0.695051182398037 0.6950511823980488 1.9659016173812547 0.6950511823978534 0.6950511823979342 0.0 1.554181691683405 2.865769440237184 1.3901023647960056 0.6950511823978418 0.0 1.3901023647958204 2.865769440237345 1.5541816916834403 0.6950511823980261 1.3901023647959605 1.9659016173813217 2.865769440237127 1.3901023647959505 2.865769440237301 0.0 0.6950511823978632 2.8657694402372718 1.2530213386038476 4.170307094387858 2.865769440237256 2.865769440237336 0.6950511823980744 1.5541816916835096 1.390102364795906 1.390102364795941 1.3901023647959836 0.6950511823980748 0.6950511823979745 0.6950511823980383 2.8657694402373926 1.9659016173813695 0.6950511823980791 1.390102364795972 1.390102364796044 1.5541816916833977 0.6950511823979371 1.3901023647960065 2.8657694402372442 1.390102364795949 0.6950511823978823 0.6950511823979604 0.6950511823977664 0.0 1.390102364795991 1.390102364796023 1.5541816916836735 0.6950511823979432 0.6950511823980182 2.8657694402372957 0.6950511823978407 0.6950511823979212 0.6950511823981379 0.6950511823979024 1.9659016173812816 1.5541816916834141 2.865769440237273 0.0 1.3901023647959725 2.8657694402372123 1.3901023647961426 1.5541816916835194 1.390102364795801 0.6950511823980442 2.865769440237386 478.95621099144057 292.8478220198391 264.0998608570423 -656.3013054842364 487.92594538290234 329.97770353162116 315.03969783503965 -701.0385022455099 460.9032002727228 283.8264216623159 316.26371454720004 -706.2566774579825 463.75614903761544 258.2645164858069 319.06242079283356 -712.5833485769568 446.66958510862696 210.87058683509096 328.9292598453619 -708.6775473864785 456.1430094984652 275.52004026387965 280.67036062923006 -662.1881207543048 470.46751825823947 296.74844991211484 240.8656436136201 -623.3080332564623 465.8116181832838 299.6004315290046 307.93275683022677 -712.9388598514437 457.20062949158824 218.22174020106883 291.83832646801693 -690.9759959618914 464.8117712141997 230.3419721223068 301.1579391482691 -711.9884981759475 480.09182100970435 300.9066166957012 296.3837629748654 -676.3561840987735 456.8238298892868 262.1001995865113 252.31358146063636 -627.3475213649399 466.4559996807499 278.7005408686726 282.50544101213853 -652.8554735421762 453.78849185597596 234.65159070526315 305.8777056333792 -686.7519960349703 471.10559959232245 288.71875611834616 253.8725083777568 -637.0647897094526 450.4135119736886 193.8237070850386 267.8049731549214 -644.6919329378657 455.4355633305681 204.14044286820982 312.83722920980176 -690.2620427944519 459.2077345485719 244.27135729636228 301.8917938625276 -676.6268102529139 451.84113072509814 214.7175050648471 306.4436820241165 -681.6884816717346 464.0069100238624 223.72506398274675 278.34799257735176 -670.4649353615331 461.7365929987493 271.07026527204243 274.18727528841066 -680.1944287606882 449.393191600591 238.89918993125679 266.936449856887 -639.1388548774171 469.69126543922255 261.65230353437084 299.51113471625337 -686.0311755680225 480.67663953371664 325.93756004709127 300.4382839908242 -701.9188851682075 464.95872189313684 252.04523600542336 314.5111807489076 -715.248675202888 448.02637686301415 231.9192527992188 307.6676786511157 -692.6892452138027 454.4853768452732 248.69157153688164 291.3314349825897 -680.8682685677658 442.8430280732143 221.22674661574652 245.37298617529078 -634.3446049985556 463.5922868526601 243.0835215319222 287.1903640962599 -683.2802264107919 473.20571223365954 252.48320382706441 293.5004728421402 -664.4138608329824 476.2114382846687 271.57622779144134 282.604670675105 -668.3607723480173 454.4359852780735 241.7391534553324 276.7881370602626 -656.2439603957811 475.69015008051076 301.23780894007433 287.47952647497743 -664.1912618318628 458.8019092022415 230.69863148209242 270.3461852355286 -656.2883487271216 463.49350004480004 236.04232684645524 268.9397641986167 -650.4512137578304 462.29258098144754 264.6579015103482 286.63334830771856 -695.2707363792783 447.8522587058343 225.16518684229783 306.82768457287864 -697.9614113877637 466.5983259628996 285.77979625973757 311.2697190457197 -718.5418265978805 452.34337503124067 227.15480205682528 301.031800871746 -697.0958120645394 448.7281426575048 218.78362059369732 284.4416124351469 -658.610747394092 475.8483824596441 322.5835112553439 276.18095240512474 -651.2041911978985 456.7610766041838 268.69395896120227 319.16284132591016 -722.6259100029154 480.347998435635 284.57407745672356 251.7269523611247 -648.729354635461 459.8960620962671 213.80021623676996 277.583078804645 -676.2668604122226 465.54542752522553 292.5534531597243 294.85076965044277 -670.7337100934446 452.07161066874073 263.14408484255273 315.34901868454483 -695.6991326930483 450.75388820044327 200.54831935332004 288.7854085123838 -669.5078765755509 445.67922030214936 197.30599454647486 244.58138012083603 -620.4314683769304 458.6679400803824 256.659256963781 289.4592874446262 -674.8068483180476 469.97149928173656 255.97784486920835 300.6449762044226 -681.3115040498577 468.61183678149604 306.6015026934912 258.28509496694534 -633.2611533789366 461.0716180518917 277.5936452531857 294.3273943369996 -696.9713914233656 458.79451031267246 237.31467291670333 322.0398566998253 -705.5804442924544 466.8741752995974 272.1085583267544 269.4961086828974 -662.5609118953129 468.2679011788384 237.59355474778786 284.96088620372944 -688.6751698021475 460.84007921518753 290.8437245177462 260.3772649047921 -660.9487365122476 467.8550410465833 248.13447027487808 301.42452378883013 -691.964584728657 480.5908045522044 332.1885789326875 309.15309721174407 -704.1320278095255 473.78988147736254 306.35100769591446 260.7830395242608 -638.5403481561627 454.4407048124907 222.34866441235678 261.9717289494358 -650.0065189507989 472.65377945627915 314.93730298189644 274.1234529294063 -645.65117695417 485.05127581676527 322.2017466506137 302.9335753808519 -707.3926211529277 459.5009782407448 250.727673763111 259.728679690061 -644.0490226217212 453.62679421584545 255.40153876951663 284.49491618949247 -677.1049264016353 482.8542547369558 309.6819821067879 320.5670471871518 -717.7601608608547 471.62611995839245 244.94318883507617 324.8892143871149 -711.2439988142245 449.93653748229764 248.59759824162114 271.35197735924885 -670.8524589603213 447.8699115322548 204.89028359049468 293.9565975800224 -702.2288206729803 467.43353271410507 265.5949351217147 321.3162871959813 -700.4860559296307 452.9178257023583 208.55032015141293 311.75938306878373 -709.797017609701
600.0048855897958 0.6950511823980433 1.390102364795859 0.6950511823979083 1.5541816916834477 0.6950511823980684 0.6950511823979372 1.5541816916834315 0.695051182397827 1.5541816916834787 1.5541816916834983 0.0 2.8657694402372025 1.3901023647959472 2.780204729591845 0.6950511823980073 0.0 0.6950511823980371 1.3901023647958848 1.3901023647959405 1.965901617381291 1.3901023647959525 0.0 0.6950511823979909 0.0 0.0 1.5541816916834748 1.3901023647959652 2.8657694402373504 0.6950511823979284 0.6950511823978288 2.8657694402372322 1.3901023647959014 1.3901023647959736 0.0 1.390102364795916 1.9659016173814086 1.3901023647959434 1.5541816916833866 0.6950511823980287 1.3901023647959285 1.5541816916834708 0.6950511823980156 1.554181691683469 0.0 0.6950511823980106 1.3901023647959607 1.3901023647958326 1.3901023647960928 0.6950511823980243 1.3901023647958823 1.5541816916834945 0.6950511823979657 1.965901617381431 2.8657694402371754 2.86576944023729 1.3901023647959205 1.3901023647959425 0.6950511823979079 0.6950511823980585 1.9659016173813466 1.390102364795929 2.8657694402372447 1.3901023647959088 1.9659016173813226 1.3901023647959665 2.865769440237194 2.1979448267707067 0.695051182397974 0.6950511823978949 1.3901023647958173 1.3901023647959712 1.390102364796125 2.0851535471938423 0.6950511823980047 0.6950511823980613 1.5541816916835383 0.6950511823980454 0.6950511823979677 2.8657694402372678 2.8657694402373655 0.6950511823980701 0.6950511823979902 0.6950511823979754 1.9659016173813222 0.695051182397998 0.6950511823978887 1.390102364795863 0.6950511823981564 1.3901023647960538 2.8657694402372327 1.3901023647960227 1.3901023647959199 1.9659016173813062 2.8657694402372904 1.9659016173814106 1.554181691683529 0.6950511823979988 0.0 2.8657694402372114 1.3901023647959359 1.5541816916834148 0.695051182397836 1.2530213386038056 0.6950511823979023 0.695051182398002 2.8657694402372496 1.3901023647959037 0.6950511823980543 1.3901023647959545 1.3901023647958186 1.3901023647959452 0.695051182397776 1.9659016173812722 1.390102364795758 1.3901023647959874 0.6950511823979882 1.390102364795852 1.3901023647959656 0.6950511823980379 1.3901023647960322 0.6950511823980022 1.3901023647958026 1.3901023647959103 2.8657694402372624 2.865769440237238 0.6950511823978475 1.3901023647959736 1.390102364796099 1.3901023647959867 1.554181691683304 1.9659016173813582 4.170307094387712 1.3901023647959945 0.695051182398073 2.8657694402373295 1.965901617381428 2.865769440237268 1.554181691683342 0.6950511823979265 1.965901617381477 478.30547561792076 291.4480965037791 266.09439031426496 -658.1364699989521 486.96628267752914 327.86972565140155 316.73926397946394 -702.624841321312 459.77546241922977 280.5174848179306 318.38603125827944 -707.9305346934232 462.4530031273925 254.60889149712148 321.4239398367012 -713.9538934194711 446.73714810912765 207.4175135355865 331.2994792196644 -711.2842594855176 455.8434156674355 273.5271376720168 283.94184066692793 -665.5200977380385 469.8022346375404 295.7799447678188 242.90221038974676 -625.7030391681036 464.98629548548183 298.28245609012095 310.81305832172666 -715.2105077217915 456.3882016121218 215.61500343743333 293.41753733787084 -692.7147107527405 463.99998386812484 227.7351715159907 304.3093522303748 -714.2282616528427 479.4800577562486 298.2102466357129 298.0183813188297 -677.4016476650601 456.1909628997615 259.40937933270976 253.69571454918693 -628.7108952975186 464.9357192325888 277.2821190491722 285.5930286470753 -655.7981058311287 452.1217726816152 231.59591991002654 308.5502132098404 -689.5986398940186 470.09077043026787 287.9151353140266 255.0759210072619 -638.0318065697556 449.74825531899523 189.8640475460927 270.09901765754483 -646.7704813112297 454.1168128543827 200.91932879253224 314.3530612264175 -691.4578118969505 457.9003181847427 240.61754091009948 304.55549253486964 -678.2381977431119 451.1860040144669 212.89112046074342 310.1448981331115 -685.1014865169168 462.68018686310023 220.93538417026915 280.4099904024594 -672.8365301498 460.4388602009363 267.41327887219836 275.3982853917743 -681.152744778387 447.92682138418985 234.46565081241513 268.0826806613832 -640.7974709840742 468.5459065069212 258.7771891552427 301.393627279515 -688.0089195421632 479.72848351525806 323.4000439362692 302.20168278135424 -704.0476985378751 463.46954126792207 248.90497519931915 317.1204143768562 -717.5522712413806 446.9080387496955 227.32010752207654 310.5156769597073 -694.6901280307892 453.1604234624558 245.90106157423148 294.00279324446683 -683.7160346059013 441.7157055293666 217.05935915943942 248.0213197972528 -635.9831512300481 462.9475791139324 240.8248805566064 288.58570429077304 -684.6285110481105 472.8939509987325 250.9223967873237 295.43692810219653 -665.6996707639192 475.2344653017812 269.04821507700944 285.87820373490024 -671.6905628120473 452.5869701454701 239.19762685769552 279.8159884662334 -659.8817382003641 474.75244400831104 297.84107946860433 290.2992685485959 -667.1615477063817 458.26422812085093 227.3199347050645 272.58337922714804 -657.8190534905148 462.5077175661825 233.51832184788574 270.5121064434305 -652.195876658595 461.0009772270006 260.57048037415706 288.6353195924787 -697.0971836746165 446.0361729594677 220.8978411767276 309.37265229711227 -699.7230041066219 465.60477415381155 284.1121407658974 313.63984807690156 -721.148609938562 451.00800979363646 224.79676928572596 302.4919370092005 -698.9855894495965 447.252069067114 214.78213069815027 286.8059029398953 -661.2232430879642 474.8965274367061 320.04684989331054 278.72234863754267 -654.2120143442097 455.95598148413313 266.08489570608253 321.7634958360008 -723.6931933379623 479.02869210391844 282.20661740474264 252.93239724351338 -649.6954977323915 458.07132255179124 209.9646199392154 278.9203259024565 -678.3104340396992 464.21468226390016 290.6178635381614 297.5139140541057 -672.3458400283962 451.42949862883376 260.8845123106515 317.2321856553395 -697.6762304050307 449.6263498934615 196.38099092040918 292.4833176182669 -672.9239642583789 444.00333060492756 194.68242114449575 247.2175941317751 -623.3124311745896 458.04261203934664 253.53669711523406 292.31308197225 -678.0462397665588 468.33873752710167 251.62445614856023 303.67579784401323 -683.7041269114391 468.1234106620591 305.5498659992136 259.4272099902844 -634.9208351259383 460.42414729844626 273.9511209826881 295.4842430852805 -698.6221418312056 458.00023896002824 233.84441720870075 324.864796721175 -708.545896692682 466.5642056855277 270.54676972107416 271.07050770041076 -664.3042362196368 466.95097588885403 234.37191908631507 286.7791334297627 -690.1112967828974 459.56283139877115 286.7510794625044 262.1885844531895 -662.3936182549384 468.4408030797042 244.86449551867807 303.307322186021 -693.9419176990082 479.8045813179734 329.99986849322437 310.97223736000745 -705.5667937018352 472.6411993910079 304.3292042694898 262.1675361800091 -641.13417972344 453.7857048939537 220.52225432336255 263.6027314440014 -652.297392972589 472.3865722773512 312.5091457949015 276.2385556136758 -648.5733829285356 484.7737987200243 320.20481057573244 306.26856841704654 -710.0230778916713 458.20314666702626 246.64204754675532 261.65964971115017 -646.5824136900064 452.3027954136547 252.61027063315007 285.41070068104 -679.0596059256791 482.2058005417065 308.27946600715177 324.1093763222211 -719.8159023212332 471.3572696890028 241.223870040439 327.7462970853222 -714.4805162984702 448.97786935603705 244.7781650610497 273.34967205041465 -672.6838735761985 447.771545298748 201.08852291167204 295.9590040591693 -704.0547322500246 466.61837931366665 263.4172509179614 323.26362924914685 -703.0053811745333 452.9431624184865 207.2554184852417 313.0362272697517 -711.2957978073778
610.0048855897958 1.390102364795972 0.6950511823980039 1.39010236479593 0.6950511823980824 2.8657694402372713 1.390102364796003 1.3901023647959545 1.3901023647959103 0.0 2.8657694402373317 1.3901023647958946 1.3901023647958215 1.9659016173812587 2.780204729591921 2.865769440237321 1.390102364795829 1.3901023647959405 0.6950511823979629 1.3901023647959718 2.8657694402373664 1.3901023647959159 0.6950511823980213 1.3901023647958866 2.865769440237422 0.6950511823980042 1.5541816916835325 0.695051182398043 0.6950511823980765 1.3901023647960464 1.3901023647959714 1.3901023647959136 1.3901023647960573 1.3901023647959514 1.5541816916836517 0.6950511823980005 2.1979448267708412 1.5541816916834987 0.0 2.865769440237317 1.3901023647959398 0.6950511823980736 1.3901023647960498 1.3901023647959418 1.5541816916833724 0.6950511823979091 1.9659016173812907 1.390102364795967 1.5541816916834323 0.0 0.6950511823978666 1.3901023647959083 0.6950511823977661 1.3901023647959552 1.3901023647960964 1.5541816916834768 1.3901023647958304 0.6950511823980742 1.5541816916836402 0.6950511823979838 1.3901023647957946 1.3901023647958417 1.3901023647959427 0.6950511823979325 0.6950511823981262 1.3901023647959108 0.0 1.3901023647959745 0.6950511823978822 1.3901023647959205 2.865769440237222 0.6950511823979351 1.3901023647959174 1.3901023647958757 1.390102364795801 1.3901023647958493 1.5541816916834572 1.390102364795915 1.3901023647959032 1.3901023647959643 1.3901023647959894 1.9659016173814217 0.6950511823979805 1.554181691683472 1.5541816916835178 0.6950511823980113 0.6950511823979384 1.3901023647959014 0.6950511823978738 1.3901023647958837 1.5541816916836129 1.3901023647960569 1.554181691683588 0.6950511823980567 1.3901023647960384 2.8657694402372407 1.5541816916834668 1.3901023647959418 0.6950511823981239 1.3901023647959152 1.5541816916835163 1.5541816916833826 2.86576944023724 1.9659016173813462 1.3901023647961102 1.3901023647959698 1.5541816916834845 0.6950511823979743 1.3901023647958426 0.6950511823979316 1.390102364795895 1.3901023647959552 0.6950511823979845 1.3901023647959485 0.6950511823978431 0.6950511823980482 1.3901023647959962 0.6950511823979374 0.6950511823981425 1.3901023647958919 1.3901023647957462 0.6950511823978852 1.554181691683352 0.6950511823979661 1.5541816916834943 1.9659016173813486 1.3901023647959638 0.0 1.3901023647960866 0.6950511823979038 1.390102364795838 0.6950511823978802 1.390102364795937 1.3901023647958985 0.6950511823980918 1.390102364795937 0.6950511823979151 1.3901023647958302 1.5541816916833142 0.6950511823979061 0.6950511823978832 477.3203364761455 289.35133877590135 268.09248067600794 -659.9666881216824 484.95742366522455 325.8197077811642 318.68667156400403 -705.144094859193 458.63853527774967 277.2112048489898 321.178962155643 -710.6247867132028 462.14794905340966 252.61664477858457 324.520108148025 -716.8872202521184 446.69640860574617 205.08499825156906 333.78924830692046 -713.7393678848059 454.68566333553986 271.0843991152739 285.4640826252509 -667.9533651251508 468.4879145922598 292.98405293824374 246.33566559238074 -629.4469014687515 464.70877945444 295.4253269089612 314.2123862500433 -718.3829821998711 455.7415149824718 213.35698715357674 295.0528333620167 -693.7589633240502 463.7106279386836 224.87963250888563 307.3968277759547 -715.9254501630589 478.6603972424027 296.4620658264051 300.0289589581492 -680.4639314050089 455.0403554208102 256.5360622975627 255.8083150252312 -631.6328125567082 464.6526653652196 274.4257877799791 287.89654217409736 -657.865243269385 451.4667614806802 229.76950507843634 309.3487120401274 -691.7038508588902 469.43139998641266 286.51823805843105 256.46592131582406 -639.3858918579248 448.8920664662341 185.95246992093968 271.06900924622977 -648.0327476479039 453.12141004987177 198.82722279437527 316.4840159053214 -694.3678726918705 457.27976391631154 237.06455515389814 305.8085374276055 -680.7022817318142 450.3565140595316 211.14769418833149 311.36611134215775 -687.294233883493 462.0504764647557 217.81408235865948 282.10084464209825 -673.1879189523003 459.63027411269286 264.8056419453222 277.0968760917922 -682.7401894559118 447.1229218976703 231.42722640666355 269.8397551162773 -642.9319204768392 467.91059113172645 256.08701470098447 303.037511754396 -690.2893116448339 478.428476430711 320.59800147705016 305.5368111896524 -706.6779985520952 461.98672776092593 245.33443582525123 320.5111220570768 -719.4884925852551 445.58096174255036 224.5305772542816 312.1597453816299 -696.9703464295512 452.514247723072 243.64292130708904 295.76599793354296 -685.8450347862108 439.8908445914094 213.2238093859874 249.22881007437778 -636.9460778320496 463.3219282447187 239.36414378137502 290.165207425138 -686.3668993503118 471.8650280146788 250.55605971321896 297.1994697321327 -667.82937618766 473.90374260510936 266.6878063951153 288.4859391816171 -673.9959720045681 451.2431817563704 237.27124271220242 281.2736514347514 -661.7733507218189 473.08061137422953 295.64048322133294 292.42048965704294 -668.8369097943573 456.6223498982808 222.96972765778054 274.5259077018975 -660.3422102231123 460.4919872231085 230.62873688500014 272.32768122434175 -653.6350614493228 459.8423296738069 258.12864498063936 289.6087934870678 -698.3569923969845 444.7259363383753 217.24507005410246 310.6581028750253 -702.4580155176495 463.5968380174375 281.2170693121747 316.7360072301056 -724.081947410062 448.99197646662367 221.907382833638 304.5587757327497 -701.3533624308101 445.9417858363937 211.12937400916684 289.22953714076243 -663.138372193635 473.4438550098381 316.4651509423087 280.05971303664575 -656.2557946303782 455.14656599389355 263.47707865276675 324.1891573488007 -725.6059939168435 478.0212730180194 280.9744046935079 253.9590309036888 -650.2656879387869 457.08438627076134 207.44086992327047 280.7382399884057 -679.7469205471644 463.57577789524385 288.35746628928905 301.15124244570455 -675.2166649318731 450.9768610016329 257.67969271601885 319.0600155871294 -700.347095629257 448.32446888403297 192.29661299976684 294.9080338272004 -674.8380940345991 442.33588235818326 191.62721314250092 250.53124364363197 -625.9688941105692 457.0743915888064 250.14913322922013 293.8925390938757 -679.7847970183122 466.8479120519061 248.48516729517755 305.0164916002722 -685.7453567367055 467.50118798173156 302.85683000580025 261.1806086241684 -637.0575291584178 459.44202781550416 271.4254541388971 298.0292127113591 -700.3836659058471 456.10134226602554 229.40268601805016 327.1708908308782 -710.61031993341 466.26081716303133 268.5539312322803 272.6478669581317 -666.0444073366451 465.4414254798678 232.09675810201026 288.4782636053924 -691.6980263190202 458.92278773600077 284.49060911956803 264.2432324122064 -663.5308490274109 467.96942282735824 242.5234110119814 304.9513328755259 -696.2222127400454 478.83456167433667 327.89636674647693 313.7651309037804 -708.2610795966996 472.16199853450354 302.8483073974022 262.95406427048437 -642.0065711059486 451.7696235610519 217.63290461786582 265.7822379321497 -654.5206928826191 471.7691710279682 309.81429330232726 277.6316487099825 -649.9241685924609 483.80025942247494 318.10215482616434 309.5396825056153 -712.1109838654806 457.4000641553824 243.6033651518318 263.89616430520346 -648.1123226072046 451.31689516230676 250.0860131118152 288.4973759058409 -680.7584274865471 481.5654536169691 306.44762630717514 327.0219030883003 -722.3585070475077 470.397108304515 237.4048878215751 330.05240846226764 -716.5449208667889 447.98292697746007 242.6857436098925 273.7161188078462 -673.4655867490357 446.79302440511543 198.1331480070162 296.7489585126483 -704.9236890852851 466.139928088476 261.5073626528063 324.90785300466024 -705.2855120097698 451.77341990923605 205.24626202617512 315.40639582605405 -713.9025586732777
620.0048855897958 1.3901023647960107 1.390102364796096 0.695051182398028 1.9659016173815165 0.6950511823980847 0.6950511823979526 1.3901023647960038 1.390102364796103 1.5541816916834936 1.5541816916835867 1.5541816916834406 0.6950511823980787 0.6950511823979479 2.780204729591782 1.3901023647959425 0.6950511823978237 1.3901023647959876 2.865769440237265 0.6950511823980123 1.9659016173812331 1.39010236479586 1.3901023647959247 0.6950511823979753 1.390102364795878 0.0 1.9659016173812958 2.8657694402372824 1.390102364796048 1.3901023647960118 0.6950511823980622 1.554181691683527 1.3901023647959077 0.6950511823979696 1.9659016173812112 2.865769440237316 1.5541816916833384 1.9659016173813575 0.0 1.390102364795986 0.6950511823979609 1.3901023647958604 1.3901023647960025 1.3901023647959265 1.9659016173812527 1.390102364795912 1.3901023647960613 0.6950511823980006 1.9659016173813675 0.6950511823979203 0.6950511823979953 1.3901023647959778 1.390102364795912 2.865769440237242 1.3901023647958353 2.8657694402372815 0.695051182397876 0.6950511823979951 0.6950511823979352 0.6950511823980428 1.5541816916833284 1.3901023647959365 1.3901023647959434 2.8657694402372917 1.3901023647959803 1.3901023647959232 1.3901023647960464 0.6950511823980065 1.390102364796041 1.3901023647959239 2.8657694402374077 0.6950511823979374 1.3901023647959092 0.6950511823979635 1.3901023647960005 1.3901023647959152 1.5541816916835178 1.3901023647958808 0.6950511823979826 1.3901023647959196 0.695051182397795 1.3901023647959887 1.5541816916834845 1.3901023647959077 1.5541816916834206 0.6950511823979648 1.3901023647958426 0.6950511823979776 1.3901023647959645 1.3901023647958717 1.55418169168334 1.554181691683468 1.3901023647958373 0.6950511823979133 0.6950511823978831 0.0 2.86576944023724 0.6950511823979227 1.9659016173814157 1.3901023647958974 1.3901023647959339 0.6950511823979635 2.8657694402372558 1.390102364795959 0.6950511823978465 0.6950511823979733 0.0 0.6950511823978525 1.3901023647958193 2.865769440237244 1.3901023647960016 2.8657694402372704 1.390102364795892 1.9659016173813586 0.6950511823977839 0.0 2.8657694402373655 1.9659016173812676 0.6950511823980272 1.3901023647960196 1.390102364795897 1.3901023647958992 1.5541816916833102 0.6950511823980683 1.3901023647959294 1.3901023647959685 1.5541816916834228 1.9659016173813058 0.6950511823980362 1.3901023647959485 0.48653582767858583 1.9659016173813415 1.3901023647958541 2.8657694402372753 1.3901023647959296 1.390102364795934 1.3901023647958957 0.6950511823980168 0.6950511823980076 2.865769440237234 1.3901023647960185 476.6700755134561 287.5231042562806 270.3961991072524 -662.0335922507693 485.01564888453305 323.66226164786934 320.3950171674563 -707.9665285049417 458.3341639250102 275.218634658103 322.88731117547655 -713.4472191983824 460.82998630819696 249.39516632905753 326.7066660792336 -719.1032328954554 444.5120791017907 201.42076490712859 336.0953597347916 -715.8037723851065 453.89191012488345 267.6138445752996 286.8600445106951 -669.3010950820656 467.00305230016824 289.8420765967764 247.8465631981023 -630.6492787021024 463.0487531774986 292.36642464273893 315.55342050218803 -720.4240045047939 454.5770942757339 210.91796399707442 297.2392241944172 -695.9751305972417 464.08427038908627 223.41859929000356 309.10516182048156 -718.7478881696006 477.6708218426833 294.3671984671205 302.51847238999204 -682.9193445521898 454.6100947160639 254.28210587280336 257.32517338454267 -634.0694518929572 464.1736018506195 272.5158829815281 288.98905972597265 -658.9739163113633 449.12602390562324 225.75181234811026 311.71883762044666 -694.3106389110751 468.4578684538568 283.56124078086947 257.43572262043193 -640.6482296189859 448.25656080765253 184.19946173173543 273.6182119953736 -651.033976448889 452.13822492251154 195.44070135279 318.00866604592306 -696.7996171239064 456.30941749295636 233.6776227513374 309.02406118842464 -683.4842747023936 449.911239219145 207.0795800770592 313.185292688237 -688.72890404324 460.3568266180455 216.05452938571472 283.9751915542489 -673.9294367737981 459.0021424198896 261.6841126129516 278.25371389286585 -684.3908483917475 445.6207856816043 228.72115649389588 271.53627632773333 -644.5206793050024 466.93310176570236 253.13131396837278 304.68162397587713 -692.5695171902287 478.13339979445897 318.6036499313446 308.4492925056337 -709.2206587793045 461.00012832985317 242.81057768513753 321.8521631678414 -721.5295124913499 444.07822000399614 221.8248783198481 313.8680466860808 -699.7928039703286 450.68085202759863 240.2389386952363 297.34599268581593 -687.5830008471266 438.22630858153053 209.74082134005067 250.62088535604562 -638.2976600475288 462.33512695631964 236.84038569296712 291.3223413419449 -688.0173617846136 472.0651671579264 249.178337427068 299.87221678607307 -670.6759340371489 472.5522845095026 265.1922573894002 291.08628377359554 -675.0639935492369 450.2726516803332 233.884379539644 282.9723313360586 -663.3606887510138 472.2657971016211 293.4632326160557 294.3031560652047 -670.8144038345888 455.64268254282734 220.0145008030885 276.5274092497511 -662.1691999700066 458.96477778199477 229.217323107574 275.3006683397511 -656.7233501818774 459.3879451189591 254.92417210646073 292.0343169953097 -700.2699769192325 443.21460107876146 214.97097169215186 313.8096931949492 -704.6974638922527 463.3016853131829 278.79283637593636 320.42993676596285 -726.2572442372812 448.1866037366811 218.86884504516047 306.98439013814067 -703.2662187548223 444.2615956035464 208.50765684640768 292.1965273361422 -664.9884647950605 473.67210253554913 314.22455142328704 282.4840283225202 -658.1703923278276 453.820635926672 260.6871302499994 327.1571265847498 -727.4546869708827 476.67137111456896 279.47767948624653 255.9576812230638 -652.0955249022677 455.5787640274018 204.73710806880777 282.3178143376971 -681.485274506021 462.47851728225913 285.1385529670291 303.64065206693937 -677.6721149686285 449.51039953204753 253.2462001273098 320.46514388894786 -702.9304339760288 447.1375525089209 190.29538799158152 297.39733473469533 -677.2936915788733 441.49289087522135 189.46557958497024 251.7437419374769 -628.166163391866 455.39897469913905 247.5253246922339 296.0787742483263 -682.0011506823099 466.5418107079954 246.4928560276016 307.14742662020166 -688.6554019370843 466.5421694705381 299.46666856126535 262.88202028278664 -639.8838056104637 458.6402684167201 268.38654373445365 299.54519557306526 -701.5792441292386 454.0852433309173 226.51364087234805 329.4856592675284 -713.910949659138 465.59826113019625 267.1587278224984 274.2268391032333 -667.7832383038166 464.0802403473937 231.03387113609574 290.9036975013159 -693.611102840293 457.5988671392389 281.69938026841487 265.45468750556194 -664.4889028280805 467.6717324194027 240.09944578012275 307.37691644913804 -698.1351013649348 478.5547222150155 325.470800401691 315.5609680915206 -710.6607562156273 471.36839152473107 299.8068670043741 265.5011636354945 -645.0090671203745 450.2894957060113 213.63254923109966 268.3252195712061 -656.2855943872313 470.8142694235874 306.4229242107037 279.9992224970518 -652.5334744200178 483.49543444429577 316.5392978655112 311.487118044027 -714.6302209963217 455.7413093106939 240.11634480645145 266.9875419455452 -651.0508259143947 450.0069520964633 246.43303301135654 290.0686567281461 -681.2603854914042 480.59916511844983 303.4880967513328 331.2957435365619 -724.6714515606436 469.4187925081453 234.44938546379345 333.690900658695 -719.4141218650258 445.9751739309283 239.36481315920992 275.71792457201894 -675.292003813702 445.6196096800751 195.69757306455412 298.5681504749979 -706.3583567189506 465.65140652214296 260.02948784626506 326.6162008338197 -708.1079429930419 450.63586902395525 200.65366857562896 318.6455092257258 -715.7192163557954
630.0048855897958 0.69505118239792 2.865769440237371 0.6950511823979483 2.865769440237471 1.390102364795956 1.554181691683547 2.86576944023723 0.6950511823980536 1.9659016173813255 1.390102364796051 0.0 0.6950511823981071 2.8657694402372713 2.780204729591981 1.5541816916834452 1.9659016173813226 0.6950511823979313 0.6950511823978792 0.6950511823980329 1.3901023647958999 0.6950511823979341 1.3901023647958526 0.0 0.6950511823978558 1.3901023647959185 0.0 1.390102364795893 2.8657694402373797 1.3901023647960677 1.3901023647960367 2.8657694402373077 2.8657694402374285 0.695051182398014 2.8657694402372758 0.695051182397895 1.390102364796038 0.6950511823979473 2.1979448267708674 0.6950511823980161 1.3901023647958386 1.3901023647958985 1.3901023647960404 2.8657694402372624 0.0 1.3901023647959194 0.0 1.390102364795962 1.3901023647960915 2.8657694402372167 2.865769440237212 2.865769440237307 1.3901023647958684 0.0 1.390102364795974 1.390102364795917 0.6950511823979075 1.39010236479591 0.6950511823981833 1.3901023647959296 1.3901023647959363 0.6950511823979716 1.3901023647960529 0.6950511823978743 1.3901023647960575 2.8657694402373495 1.3901023647961084 1.3901023647960042 1.3901023647959978 1.3901023647958903 1.3901023647959772 2.8657694402373273 0.6950511823978722 1.5541816916834745 0.6950511823978754 1.390102364795883 2.8657694402374445 0.6950511823979653 1.3901023647958333 0.6950511823979121 1.965901617381473 1.3901023647959359 0.6950511823980099 0.6950511823979321 1.3901023647959583 1.3901023647959412 0.6950511823979051 1.390102364795907 1.3901023647959962 0.6950511823978425 1.554181691683531 1.3901023647959354 1.5541816916833076 1.5541816916835216 1.3901023647958766 0.0 1.5541816916833286 1.3901023647959188 0.6950511823979076 1.390102364795865 1.9659016173812212 0.6950511823979075 0.6950511823981578 0.6950511823980238 1.3901023647957984 1.390102364795956 1.3901023647959323 1.3901023647959003 2.865769440237204 0.6950511823979049 1.3901023647960404 1.3901023647960005 1.3901023647959914 1.3901023647959163 1.554181691683427 1.3901023647959354 1.390102364796117 1.3901023647959485 1.3901023647958932 1.3901023647959323 1.390102364796 0.6950511823980078 1.390102364795752 0.6950511823979997 1.5541816916836113 0.6950511823979735 0.6950511823979855 0.6950511823980282 0.695051182398144 1.3901023647960502 1.554181691683526 1.5541816916834672 1.3901023647960042 0.0 0.6950511823978184 0.6950511823979546 1.3901023647959345 2.8657694402373757 1.554181691683574 1.3901023647959652 1.5541816916833557 476.36578826870624 285.53026127182613 272.46212777552176 -664.402085105553 484.17349616848156 322.7783773183817 323.1238830824019 -710.1184335086654 457.5305834027317 272.18022706537994 325.3129702007484 -715.3600228308038 460.18903116122823 246.70616545401938 328.70956887447824 -720.9285385648185 443.66861311636546 198.39492465427296 338.28192112005996 -718.0197807293192 453.9340956264164 265.4556850933485 289.4049546503756 -671.0627322303948 466.340640310095 288.44682221052847 249.5478923611666 -633.4760985457882 462.2209709920303 290.6218944901277 318.3697835943273 -722.1531513371986 454.08077977657126 209.0146053815126 298.87478161720475 -697.0190759061317 463.07530313353413 221.76214925400967 312.13723226241854 -721.1388979370669 477.0095472833482 292.97119609786427 304.6408634166116 -684.593129556903 453.44784585365704 251.8419886718192 258.8392032777031 -635.2676072550664 463.7016717686679 270.17478686244215 291.4142925052708 -660.8872763413967 447.4500256390639 222.27443442822127 314.27268376670065 -697.3080808132173 467.11477681419075 281.6342443362793 259.2531944108415 -642.0851945064389 447.6914256428224 180.59816009801264 275.4366259478094 -652.4697816178323 451.4681130125105 191.89640971808075 320.61797142678137 -699.1031359435647 455.3096338867886 231.58675084985265 311.0355475784868 -686.5458585310558 448.3894200770179 203.9576712684719 316.28143177623156 -691.6622552589586 458.98960276631993 214.99817197612106 285.37144504306116 -675.2767923185402 458.18899053423735 259.07759149820026 280.1838561489979 -684.4378757361501 444.27983558914536 225.93800290439228 273.41797187999356 -646.4989858913176 465.5963382746512 250.7739754512877 306.4367442160877 -693.461842994033 478.69638738313324 316.63056686326274 311.29770244842257 -711.2209704882301 459.32833892692685 239.75785065923992 325.67431053348747 -724.7894200273905 442.7430247316938 218.18431417039582 316.6610066720918 -702.4870309556297 449.78819121634484 237.02827658451335 299.9552305806863 -689.8865986346226 438.08067309926366 206.80372414587782 252.62046871605762 -640.1262232581687 461.41146495879195 235.3562354917788 293.38061705280234 -689.1488640212683 471.74953481643854 247.6177070505875 301.9390273588955 -673.043732240743 471.86348124719973 265.09238866096655 292.8498704136548 -677.1927115333077 449.2947189790151 230.50068305735172 284.79117923853806 -664.7957058117 471.45625972040244 290.85546923574077 296.00270082506563 -672.4007659878195 455.6609832179218 218.72172128154367 278.71327751314607 -664.3858321432081 458.1373802101361 227.04401391535018 277.5420158162603 -658.2464289837454 458.39971483722934 252.40080561420615 293.19165839716584 -701.9203187981503 442.2192109199847 211.59179088458495 315.9407979258048 -707.607393423786 462.4815165078981 276.61741900497395 324.37163458408986 -729.3655477578528 447.1953937369294 215.48757693530118 309.5295881653391 -705.0274339566058 443.94001133868386 206.0853279889509 293.2341227847751 -666.7905445746892 473.21492134542336 311.45077556770457 284.60590810450424 -659.8448577660913 453.5140355693241 258.6947946144421 330.4049148623313 -730.5075456039433 476.0261589781577 277.2192615243559 256.5634337845306 -652.5742259671945 454.22609403411604 201.96151738765795 285.22151634728493 -682.791993755028 461.15335093114703 282.3479340678114 305.30824530830586 -678.9872497483078 448.8867398383065 249.69379213413657 323.1940069223058 -705.0823434458948 445.9426856133782 186.146579369 299.51967360012674 -678.9675579287541 439.9440758330295 185.92298943775643 253.08009109408167 -630.2112842116142 454.40127341420435 245.43472859647576 297.47517513669925 -683.3483585435741 465.71940362686746 244.31833310592282 310.81791496439854 -691.7958286263079 465.89012209943866 297.63934166602064 265.00235723556835 -641.5602304630629 458.5083117698426 266.3112769989953 301.0057642680022 -703.4686763718761 452.56738761748835 224.2452842214006 331.97542703339934 -716.366059329104 465.1345010022668 264.3860292540289 276.5963587157475 -670.3905821625385 463.4141891853005 229.6395491880891 291.87737573440137 -694.8707500596619 456.2901945335787 278.04578003684634 267.2731202058674 -665.9244654731617 466.5072269342819 237.65976302205615 310.225313219219 -700.1354288477355 479.10944895724265 323.9292448611998 317.77957673262716 -713.1479244981114 471.07402123175314 297.38266568663585 267.5020129716979 -646.8363093097915 449.6296320467727 210.94859592847232 271.3557412728886 -658.6786721296925 470.851332876296 304.69639676232566 282.6631479106358 -654.1442871162103 483.1857834271683 314.9776300419659 313.13136541182416 -716.91034158138 454.56896411302426 238.10960701207546 269.4117092866188 -652.9653757689059 449.54042232610243 243.66017672298096 291.46504429053374 -682.6076002525056 479.24969912189164 301.99077053470853 332.93999715519067 -726.9515675062962 468.2454433165156 232.4416310532703 336.1338924469761 -723.7993612737458 445.32537738924503 237.1076632691612 276.6913500210672 -676.5518658711954 444.60200865791114 191.89371248472665 301.6001989426487 -708.7493945815303 465.01248688179544 257.3400384054738 329.1059669508865 -710.563054398912 449.2789377174057 197.01875095390622 322.46765341753763 -718.9791264470115
640.0048855897958 1.3901023647960178 0.6950511823979962 1.3901023647959252 1.3901023647960407 1.3901023647959811 1.390102364795927 0.6950511823979805 1.3901023647957835 1.3901023647958608 1.5541816916835811 1.390102364795956 2.8657694402373357 1.3901023647959792 1.390102364796087 1.5541816916835445 0.6950511823981169 0.6950511823980381 1.3901023647958362 1.5541816916834659 1.3901023647960082 0.6950511823980052 1.3901023647959025 0.6950511823979783 1.5541816916833158 0.6950511823978863 1.5541816916836297 1.5541816916834479 1.5541816916834865 0.6950511823979952 0.6950511823979835 0.0 2.8657694402372718 1.3901023647959805 1.3901023647958848 1.5541816916834938 0.6950511823980837 1.5541816916834383 1.9659016173812662 1.3901023647959234 0.6950511823980258 2.8657694402373743 0.695051182398064 1.5541816916834617 1.3901023647958994 0.6950511823978753 1.5541816916835658 1.390102364795921 0.6950511823979514 0.6950511823979558 1.5541816916835147 4.17030709438788 0.695051182397837 1.390102364795959 0.6950511823978393 1.5541816916834645 0.6950511823979193 1.3901023647960042 0.6950511823979977 1.3901023647959205 1.5541816916835542 1.3901023647959212 1.9659016173813622 0.6950511823980077 2.8657694402373637 1.3901023647960165 0.6950511823980827 0.6950511823979776 1.3901023647958848 1.965901617381313 1.3901023647958848 0.6950511823979466 1.5541816916834754 1.9659016173812978 1.390102364796081 0.6950511823978939 0.0 0.6950511823980462 2.865769440237299 1.3901023647960058 1.3901023647959945 0.6950511823979177 1.3901023647957658 1.5541816916835025 2.8657694402372877 0.695051182397989 1.3901023647958435 0.6950511823980046 1.554181691683339 0.6950511823979363 1.5541816916833162 1.3901023647960007 1.3901023647958943 0.6950511823979818 1.3901023647959998 1.55418169168343 1.5541816916836027 1.390102364795977 0.6950511823979716 0.6950511823980222 0.6950511823980143 2.865769440237307 0.6950511823977832 1.3901023647960142 0.6950511823979332 2.0851535471939027 0.6950511823980492 2.8657694402371607 0.6950511823980214 0.6950511823978938 1.3901023647960025 1.5541816916835323 0.6950511823978678 1.3901023647959887 2.8657694402371328 0.6950511823980422 1.3901023647960067 1.3901023647959498 0.6950511823980563 1.3901023647958846 1.39010236479581 1.3901023647959516 0.6950511823980949 1.3901023647960564 1.390102364796099 1.3901023647959496 0.6950511823979812 1.9659016173814217 0.6950511823979634 0.6950511823979899 1.390102364796059 1.5541816916834685 0.6950511823978565 1.554181691683504 0.6950511823980752 1.390102364796002 0.6950511823980611 2.865769440237273 0.0 2.865769440237289 2.1979448267707125 475.36190097950475 283.8697986034001 274.46465948077207 -666.2277994214164 483.03642609423804 319.4718248642956 325.0713431686844 -712.6376505911194 456.1923402442658 269.8241095985627 328.7123611025474 -718.5324327926768 459.540047853457 244.01851338902887 331.4471026314576 -724.3166592496447 443.84818803758964 196.15082102842527 340.8912402298806 -720.3232853145394 453.4647412972785 262.6826892829335 291.77502855426116 -673.669591168332 465.1963127673866 285.14278558082793 250.7670572696428 -635.6700707141172 462.27118674972036 288.03209581147553 320.55634404747354 -724.3691606659246 452.3604513524398 207.7100395284393 300.51036163062616 -698.0629854049338 461.8887419862295 219.3337479069838 314.74654914582436 -723.4424046236351 476.3466638547727 291.5757549994119 306.5241923644825 -686.5700590458945 452.4642851734816 248.4587382235831 260.6654650095454 -637.9396499782075 463.3924536805652 268.18280586372305 293.17794044457156 -663.0159081120861 446.26709542012554 218.98288846491047 317.48840844615245 -700.0897954154143 466.1266372243087 279.11122560867665 261.6777679995727 -643.9994075144223 445.91763515648404 177.16779752913035 277.3834912637616 -654.9894028431654 450.7823266346091 189.64993644514655 323.34683595020493 -701.2550415600681 453.44849917106853 228.19722568791929 313.03843436062306 -688.3711770466562 448.22800480151534 201.02105615050365 319.7042029517381 -693.8696133541837 457.27453913877906 213.25768765219792 286.5842034354345 -676.2332668688426 457.2029813572604 256.12421561185636 281.1575208041614 -685.6975223967489 443.27295327081805 222.56149676015127 275.12542175340315 -649.3218553358425 464.9357971125661 248.94961835635704 309.16559925186607 -695.613758831373 477.71298098165306 314.10514334163156 311.6095726003749 -712.6962906287167 458.1554884886709 237.3228421544225 327.7413214698753 -727.1570326032654 441.124358679173 214.89178003718206 318.36936209305316 -705.3094581034807 448.0317600572189 232.51735666058443 302.1972175782558 -691.4087221578181 436.5429351271513 202.3930445041713 254.67779100479916 -641.2594080726933 459.9123990543581 231.36477466708973 295.0161796015208 -690.1927907591883 470.0797599014687 244.13601113710922 304.1896186730057 -675.8021201073162 470.17659464080987 262.9025971445895 293.7680924973918 -679.1462609756959 448.3061946610973 226.25928488141614 287.3447899279468 -667.7933622020563 470.4610427697058 288.76336256945103 297.58276330949883 -674.1386461634663 453.95024518654293 216.97960838068818 280.7159693250749 -666.211379201544 456.52531933020396 224.17844732376474 278.88272214723617 -660.2876800728079 457.4119225414006 249.44767229850882 294.707684893564 -703.1158336869773 440.8516612809998 209.2524161619725 317.9523626184773 -710.6689194638582 461.5009160628901 273.66277154776975 326.7418532808869 -731.9722603468905 445.48604585629033 212.88586608312895 310.7424167886627 -705.9838363214768 443.26280396086605 202.97421253360218 294.81416415475314 -668.5284691142991 472.552978995381 310.0550451863109 286.6726569701256 -662.2127137203225 452.18660400422766 255.4769043818378 334.4107223481358 -734.1581544439509 476.0512527667693 275.92423817697335 259.0440454046839 -653.7943077674016 453.1998866290031 199.88493575836597 287.04070700712765 -684.2266710598044 460.8460390009884 280.35562598227966 307.4393168655871 -681.8971999443553 447.56795357253 245.61430888586912 325.26101604871815 -707.4499576471054 445.4290168173895 183.3827524433555 301.21933166905046 -680.5537951644162 438.9139875564631 181.6906890578421 254.60229229306833 -632.6443405690385 452.55731886931335 241.60759242640287 299.8453397528365 -685.9551238226449 464.89119869242813 242.14677502547275 313.6663192418578 -693.7961446582136 465.25266719229455 294.94959978817735 267.6662619758489 -643.1711697024776 458.03934816782777 263.53990849850226 302.9999981747207 -704.0577723762731 451.64478348132985 221.04391378944803 334.1533231004672 -717.3458486799717 464.1422363794556 261.86417002332985 278.3599314641042 -672.5192889656668 461.9898468735419 226.25406624702413 294.06390290719764 -697.0867920267259 455.46731961186066 275.87153819629174 268.43014008111214 -667.57509228468 464.8182151720378 235.04493203088754 311.7413481531002 -701.3309332522808 478.46768554878963 321.6695968823909 320.3334511009114 -716.1453427286644 470.07957479506405 295.28994898334076 268.9616814211438 -648.7262924701895 447.921161734993 207.4848061959019 271.9703422647995 -660.3932342543843 470.2065835563804 302.4379305275 283.82021826577414 -655.7947933566551 482.20239738105255 312.4521408487746 314.8310599014868 -718.4965477759123 453.05698723093866 234.98061492462202 270.32933858014127 -654.9192344668729 447.61688418654694 239.23029048055605 292.43874650036446 -683.8672325614077 478.9186657077852 301.29331526167846 335.8525239484474 -729.49417217416 467.07536823471656 229.5759307482482 337.6499308642591 -724.9948616868111 443.4726687092104 233.28752620921838 278.3268683308429 -677.5959177040105 443.0545024105344 188.35080442014893 303.4194389474398 -710.1840029249007 464.3599756179614 255.08425698561675 331.0447626556115 -711.8460518893158 447.73274935278977 193.90634862091935 324.68626764869 -721.4662895308206
650.0048855897958 0.6950511823979006 1.3901023647958863 0.6950511823979224 2.865769440237338 2.865769440237352 1.3901023647959383 0.6950511823978806 1.9659016173813706 1.39010236479589 1.3901023647958335 0.0 1.390102364795873 2.865769440237334 0.6950511823978931 1.3901023647960251 2.8657694402372713 1.3901023647959891 1.39010236479593 1.3901023647959025 2.8657694402373877 0.695051182398036 1.3901023647958002 2.8657694402373 0.695051182397947 1.3901023647959867 0.0 0.6950511823980118 0.6950511823980664 1.3901023647958721 0.6950511823979361 2.865769440237281 1.3901023647960362 1.3901023647958621 0.0 1.3901023647958815 1.39010236479593 1.9659016173813295 1.3901023647958084 1.3901023647959316 1.3901023647958726 1.390102364795959 1.5541816916834836 1.554181691683498 1.3901023647958446 0.0 1.3901023647960615 1.3901023647960367 0.6950511823979848 1.390102364795925 1.9659016173811452 0.0 1.5541816916833946 1.3901023647959205 0.6950511823980552 1.390102364795942 1.965901617381299 0.6950511823979315 1.3901023647957678 1.3901023647959432 1.5541816916836033 1.390102364795918 1.390102364795873 1.3901023647959136 0.6950511823979045 0.6950511823979397 1.9659016173812842 1.9659016173812915 0.6950511823978534 1.3901023647958468 1.3901023647958919 1.3901023647959387 1.3901023647958284 1.5541816916834934 0.6950511823980162 0.6950511823980372 2.8657694402373615 1.3901023647959418 1.3901023647960806 1.3901023647960136 0.0 1.3901023647960273 1.390102364796074 4.170307094387813 0.6950511823980512 1.390102364795947 0.6950511823980363 0.6950511823980304 1.3901023647957906 1.3901023647959647 2.8657694402372274 1.5541816916835154 1.5541816916833187 2.8657694402372385 0.6950511823980172 2.8657694402372877 0.6950511823980846 1.3901023647959665 1.3901023647959887 1.3901023647959192 1.3901023647958493 1.5541816916834486 0.6950511823979846 1.3901023647959836 0.6950511823980335 0.6950511823979798 1.390102364796065 1.3901023647959587 0.6950511823979191 0.6950511823979386 0.6950511823978902 1.390102364795935 1.390102364795919 1.3901023647959745 1.9659016173814106 1.3901023647959525 1.3901023647960404 0.6950511823978589 1.3901023647959245 2.8657694402372975 1.9659016173814754 0.6950511823980215 0.6950511823980292 0.6950511823980057 0.6950511823979669 0.6950511823979482 1.390102364795939 1.3901023647959014 0.695051182397906 0.695051182398003 1.3901023647957809 1.3901023647958959 1.9659016173815116 1.9659016173813266 0.6950511823979731 1.3901023647960107 1.390102364796036 1.3901023647959707 1.5541816916835531 2.8657694402372877 1.554181691683452 474.36311475028884 281.7797397055368 276.4674295220366 -668.0532406841882 482.5396015268838 318.4253859714628 327.19379674647223 -714.3113514740294 455.0380563590276 266.09441827801976 330.1729569121649 -720.4218449049579 459.2160483674753 242.02828521588663 334.41507179615064 -726.1653524068983 442.99002815532697 193.12720531134235 342.2322861649571 -722.3643011779806 452.4733991256099 259.3029940099416 294.0170024547545 -675.1917327508347 464.9083669983686 281.8569636854783 252.5297488660625 -637.799395764433 461.27149212181695 285.94161108095 323.4047630255966 -726.3694578718406 450.9842626932361 205.8063209442412 302.51325962131835 -699.8882949617653 460.6936152701806 216.90930517242683 317.1722101374206 -725.3552057613945 475.34110175887673 289.9165854873053 308.6552987884388 -689.479988370699 451.11633122259445 245.24955784370349 261.82229029238493 -639.5904117085392 463.0704572883093 266.62429005204746 295.1807938849312 -664.8412711738367 445.5898942063551 215.8705063896351 318.820788395999 -700.8945931770659 465.32829228079424 275.2118752522599 263.6802250155177 -645.8252138878693 444.3514643364884 173.4614291233529 279.9285305405998 -656.7508560175875 450.0956882704123 186.97224493759188 325.2301885655627 -703.2319509835528 453.1157510727796 226.2094157806437 314.97722658634 -689.6541786146857 447.5459176353742 197.04785191062697 322.3135194604108 -696.1731213705293 455.9041592063112 210.48883760704987 288.40341565818875 -677.6679037741073 456.03053921897083 253.2599115890695 282.1312242134012 -686.9571538548485 442.58848012477074 221.17661883818332 277.6703950287637 -651.0834238957 463.75178381144735 246.94857007400253 310.7457417188089 -697.3515697147409 477.05812342843154 312.2789118898724 313.4288178737295 -714.1308919742895 457.66656440785374 234.12390253181104 330.17564797267323 -730.3060527618462 439.9219783255557 212.90128963014098 320.372264819468 -707.1347635743485 447.02038522302036 229.1426791613107 304.31966467599347 -693.0824311217077 437.4137695996885 198.50933101413347 257.04709536921547 -643.8670275997441 457.86671458483784 228.06737125910504 295.7507974463385 -691.7556122555351 469.41053472162656 242.31500017338675 306.623915599671 -678.9511643508478 469.159310104056 261.6782557389058 296.61648427355107 -681.1465937869914 447.8096803080164 222.62915068343435 289.16398519421983 -669.2280281942036 469.9852836167473 286.42331015747965 300.3436487939854 -676.5617439938043 452.24155062408045 213.08587289492553 282.71877168240815 -668.0367804062716 455.8535967208365 221.0655245951608 280.2236020233911 -662.3288012314293 456.23595797591184 246.5844132596056 296.64647664936814 -704.3988373719892 440.0847751307492 205.53724657265334 319.3488503966606 -712.016024398121 459.97604112713395 271.8254105959911 330.44445299882295 -735.3837692116414 445.15501120430156 208.74007926859983 312.6898759228976 -708.503053740024 441.88933255930175 199.34456440363934 295.9715125699687 -670.1788077903217 472.071265802404 308.1461915243526 288.91458913203815 -663.7349106245892 451.1967991931759 251.66591919197964 336.9645990174828 -737.1555706369868 474.8686068620401 274.35027167688224 260.4957603469462 -654.4478116652016 452.6871951651783 197.55224354336124 289.09904045584955 -685.358088926203 460.01765214076636 278.18288098115306 309.8415754993636 -684.7750764885463 446.3886173856441 242.75364126872066 326.8732154631211 -709.4589200986507 444.05213034463156 180.18606105769584 302.86356765504183 -682.8339238270273 438.9189088067548 178.23695548642144 255.2165119381348 -634.359038804132 451.5448265307323 239.0948417577439 302.0873350857517 -687.4772334882666 463.53565469191994 239.80084355701027 316.3310776844736 -695.4057431174961 464.60262224851715 292.6920928564859 269.42961899948506 -645.3000801771908 457.20749635338757 261.37064524735445 304.8192412950965 -705.4923759751108 451.13809506924923 218.70950573558252 335.9812342561163 -720.0166686283545 463.30944975753584 259.69302980730646 280.2986711529951 -673.8023636508593 460.96902554967886 224.17441514395082 295.63538014504206 -697.5883888399536 455.333411033057 273.3660902402226 269.64288209640995 -668.5316107364049 462.7726319395628 232.17649956169532 312.6596340355553 -703.2844541207637 477.98829471681074 319.76005620542304 322.09725432611344 -718.273855173997 469.58864910333347 293.81234396731435 271.6902059090227 -650.8786440271987 446.12100436554584 202.55835050611267 273.1275775056246 -662.0436535971475 469.027753149253 300.86144483012816 285.94255352230226 -657.4686484769429 482.5853946013489 310.55965037144904 316.76985565186067 -719.7795448924381 452.7274754395803 232.9918094805424 272.8743594566936 -656.6807352643327 446.61046918889315 235.85476120817196 295.3191949614619 -686.1387158353255 478.2707400044857 299.0349816992699 337.6804352095731 -732.1649920437006 466.2209288987873 228.27321232414067 340.4983500566796 -726.995158588592 442.2882056476952 229.9978636625998 279.96241164849744 -678.6398705432638 442.3677307644796 185.67313408469425 305.2386833542788 -711.618605643176 462.3196365079016 252.64013071395678 333.17588131548183 -714.7559721026496 446.8756980492091 190.01950368434075 327.93405557331346 -724.5191485005887
660.0048855897958 1.390102364795841 1.3901023647959052 0.695051182397971 1.3901023647960848 1.3901023647959032 1.5541816916835327 1.3901023647959572 1.5541816916834506 1.3901023647959225 1.554181691683317 2.865769440237248 0.6950511823978184 2.865769440237244 0.6950511823980916 0.695051182398077 0.6950511823978592 1.3901023647959263 1.3901023647959945 2.865769440237268 1.5541816916835356 1.3901023647959825 1.3901023647960506 0.6950511823979176 0.6950511823978688 1.39010236479596 0.0 1.9659016173813035 2.8657694402371985 0.6950511823978532 1.3901023647959347 0.0 2.865769440237283 1.3901023647959065 0.0 2.865769440237244 0.6950511823979544 0.0 1.5541816916833877 0.6950511823979628 0.6950511823981833 1.3901023647959414 1.3901023647960586 2.8657694402372953 1.3901023647958322 0.6950511823979628 0.695051182397807 0.6950511823979398 0.6950511823979821 0.6950511823980163 2.8657694402373144 2.1979448267706885 2.8657694402373464 1.390102364796002 0.6950511823981141 1.5541816916834714 1.3901023647958948 0.6950511823979881 0.6950511823980667 0.6950511823979475 0.0 1.3901023647959327 1.3901023647958608 2.865769440237238 1.3901023647960327 0.6950511823980349 0.695051182398014 0.6950511823978837 1.3901023647958903 1.390102364795908 1.5541816916834195 2.865769440237312 0.6950511823979117 0.0 2.8657694402373766 0.6950511823980363 1.5541816916834874 1.390102364795992 1.3901023647959285 1.554181691683516 1.9659016173812527 1.3901023647958928 1.3901023647960153 1.3901023647959163 1.9659016173813086 1.3901023647959827 0.6950511823980631 0.695051182397872 1.390102364795902 1.3901023647960316 1.9659016173813737 2.8657694402372678 1.9659016173813357 0.6950511823980526 1.3901023647959552 1.9659016173813446 0.6950511823981392 1.3901023647959625 1.9659016173812103 1.965901617381317 1.3901023647958293 1.3901023647959032 1.390102364796042 1.3901023647959045 0.695051182397879 0.0 0.6950511823977782 1.3901023647958686 2.8657694402373854 2.8657694402373064 1.5541816916834568 1.3901023647960364 1.3901023647958255 0.6950511823980072 1.390102364795862 0.6950511823980147 1.965901617381457 1.5541816916834275 0.6950511823978275 0.695051182398025 1.3901023647957687 1.3901023647959392 1.5541816916835558 0.6950511823980438 0.6950511823979906 1.965901617381309 0.6950511823980592 2.865769440237334 0.0 0.6950511823980304 1.9659016173813666 1.3901023647959436 1.5541816916834275 2.865769440237293 1.3901023647958328 0.0 0.6950511823979705 1.3901023647960213 1.9659016173812007 0.6950511823979226 4.170307094387785 473.5305652200824 279.61050104351835 278.653939439411 -670.2693084886018 481.53434271733073 316.7658927249966 329.3249155693035 -717.2212715152878 455.0695821622339 263.07273067867214 332.4790682978769 -722.4862494672867 457.84700757333803 240.11942997277512 338.22855646432726 -728.1890379824582 442.12891172237073 190.10388030667096 345.5675706790365 -724.9944020923119 451.4757181110145 255.06396863827166 296.1394445921956 -676.8654484717352 464.2414016930024 280.03453960547375 253.981457728957 -638.4529058419504 460.4504147357807 282.9068478168018 326.37273221648246 -728.2181510144674 450.99027941525225 202.3522835212434 303.96518997893924 -700.5414890707316 459.31867065155103 214.5737935331065 320.2597293137674 -727.0522951480099 474.163143353652 287.9121118667909 311.81558601820865 -692.955609247905 449.8465479821393 241.35574889557066 263.21859146022365 -640.9377040124616 462.39358044768574 265.23575296031606 296.5218178253554 -666.8823005485963 444.90608154042013 212.76049895916506 321.3746643062484 -703.8920099638957 464.65534661635513 273.82187741132185 265.73844889315484 -646.9568102931236 443.2904161603827 171.05689253151044 281.269502615424 -658.7919227318495 449.0587739597655 182.7408117903052 327.41674959446635 -705.4479595949342 451.22902641604213 222.83473765743813 317.3591379089953 -691.7783604247285 446.5146522571782 193.67904324076207 324.9782803736807 -697.7827153794175 455.3898675705166 209.01973736229854 290.88450825793336 -678.8868145167469 456.05366192423367 250.2391251859144 284.5482161971603 -687.6337540529366 441.21789480740534 217.11541477266053 279.9764039404427 -653.1479547330639 462.73722269842784 244.0055014104303 313.22684474973016 -698.5704604646845 476.3920665945214 310.8852588412839 315.24806373402475 -715.565492785383 456.98569863696184 232.30755124580372 333.2952210320066 -732.2742958950872 439.6677882670218 210.22462951759508 322.91747609161797 -708.8959607395727 446.5128904109114 226.37745438854043 306.68987992594674 -695.689146726528 436.3805626940122 195.5728275561473 258.68252129994914 -644.9111791221885 456.32860799365505 224.5203268787509 297.57003956581906 -693.1902176436128 468.0473486849986 239.97364329550834 309.3527771718555 -681.1030726183312 468.1452247840913 259.5946715994383 298.3802793224577 -683.2751117516459 446.2646114527163 219.5163593994142 291.70917411314707 -670.9892579493263 469.3150085531942 285.0324310625005 302.76929934104106 -678.4745557098305 450.5234156729147 209.62779401199728 284.9607501186289 -669.5589146009124 454.82989259700605 217.26293522829957 281.8037042785781 -664.0666554029247 454.5294471566011 243.5503108226011 297.43654838391774 -705.2677420722995 440.25988022165785 204.1561980117496 322.1972694087017 -714.0163215756173 459.14330405242765 269.22543373501804 334.13838763316147 -737.5590586116512 444.98603216027675 206.66774457713768 315.23508692437343 -710.2642512867749 441.02907364320333 196.32186814164808 298.2776054230742 -672.2432299271655 471.5927267215892 305.80601715583674 290.1915055708807 -665.2336368599541 450.87760121982046 248.38233399178014 340.4766090493552 -739.1873999709676 474.19089126363485 273.39196875408766 261.76399563348383 -654.7104038846173 453.03482817999736 196.08529458267267 291.5246921847759 -687.2709016378412 458.14991544701087 275.65438823280226 311.60537522523305 -686.9035913304674 444.6816329197887 239.28962616438642 329.6020844681172 -711.6108210024872 442.50042701251425 177.51114520438273 305.47288057159193 -685.1374359749434 437.3518724661574 174.706082784111 256.7878446782794 -634.8609780725931 451.046511209455 235.46629515337133 304.45754806643197 -690.0839514670741 462.517630138374 236.85814765457965 318.8208455964101 -697.8608528813442 464.28702536761466 290.7008172904276 271.9106288998565 -646.5191617176017 456.5555288628 257.39291501188217 305.13111312869063 -706.9676956212342 449.7654636541103 215.5104818531551 339.0774186545234 -722.9499772588903 462.12481496195306 257.2630951698613 282.7884079692465 -676.2575088016034 459.9430049508727 221.66610258733218 297.99693185631054 -698.9588860714534 453.8228145172875 269.80689722979196 270.8002033426949 -670.1819677960727 461.74772857542047 230.0981294033234 314.3593295592268 -704.8706590440402 477.5051581145925 317.85134994363057 323.9165003722118 -719.7084557645011 468.59866591790245 290.8609069386689 273.7570722728316 -653.2463859838722 446.1249062064575 200.3997504103218 275.73680781573654 -664.3472674963757 467.85047211285644 298.85621436519403 287.7617621444571 -658.9033047244063 482.60066716630945 309.6959884075844 318.35000153898983 -721.517353189602 452.3965564289559 229.7092538612623 273.7925511663725 -658.6343164667398 445.9319956348183 233.17579579369234 297.62529886383936 -688.2031299370404 477.62390343943076 296.3474802335441 339.3480774680027 -733.4800424988811 464.8484587503062 226.36702406929444 344.55959998212677 -729.9518558215266 441.26011494894226 227.92242482874772 282.1489437281369 -680.8559067249616 440.8131478353642 182.56531981392507 306.2124133914586 -712.8782140861845 461.3090413996134 249.69576087578525 334.8201348683072 -717.0360881037687 446.01283823437984 186.565092019041 331.9311978561469 -726.9335380547419
670.0048855897958 1.3901023647960624 1.3901023647960964 0.6950511823980144 1.9659016173813046 1.3901023647959037 1.3901023647960176 1.390102364795975 2.197944826770738 1.3901023647958972 0.0 1.3901023647959025 2.8657694402371705 1.3901023647958657 1.3901023647960686 1.55418169168357 0.6950511823979343 1.3901023647959347 1.3901023647959263 0.6950511823980129 1.3901023647959962 0.6950511823979542 0.6950511823978553 1.9659016173813222 1.390102364796025 0.6950511823979132 2.8657694402373313 1.390102364796006 1.3901023647960724 0.6950511823978687 1.390102364795998 0.0 0.6950511823979134 1.9659016173812978 0.0 0.6950511823979021 1.3901023647959405 2.8657694402372917 1.5541816916834148 0.6950511823979043 1.3901023647959787 2.8657694402373 1.3901023647958994 1.5541816916834839 1.554181691683555 0.6950511823979961 0.6950511823979553 1.390102364796015 0.6950511823980782 1.3901023647959132 2.8657694402374703 0.0 2.865769440237474 2.865769440237286 1.3901023647957864 1.5541816916835147 1.3901023647959765 0.6950511823980362 0.695051182397863 1.3901023647959285 0.0 0.6950511823979977 1.390102364796009 0.6950511823979372 1.9659016173813515 1.390102364795924 2.865769440237331 0.6950511823979475 0.6950511823980421 0.6950511823980247 0.6950511823979687 1.9659016173813217 1.3901023647959312 0.6950511823979614 0.6950511823978563 2.8657694402372322 2.865769440237139 2.8657694402372162 1.3901023647958117 1.3901023647959696 1.5541816916833922 1.3901023647959936 1.3901023647959403 2.8657694402372713 2.1979448267706125 1.3901023647959183 1.3901023647958874 0.69505118239793 0.6950511823978619 0.6950511823979305 0.0 1.3901023647959108 2.865769440237161 0.6950511823979922 0.6950511823980318 1.3901023647959077 1.3901023647959032 1.390102364795942 1.3901023647958013 0.6950511823980405 2.8657694402372 1.554181691683548 1.3901023647959116 1.5541816916834061 1.3901023647959765 1.3901023647959874 1.9659016173812343 1.39010236479595 0.6950511823979937 0.695051182397951 0.6950511823979848 1.3901023647959527 0.6950511823980319 0.6950511823980252 0.6950511823981096 1.5541816916834545 1.9659016173812698 1.3901023647958601 1.3901023647958137 0.6950511823980556 1.3901023647958635 1.3901023647959512 1.5541816916833269 1.3901023647959345 1.5541816916835363 1.3901023647958568 1.9659016173811323 1.5541816916834548 0.6950511823977669 0.6950511823979567 2.8657694402372473 0.0 1.3901023647957946 2.8657694402372407 1.3901023647960533 0.0 1.3901023647957953 1.3901023647960153 1.3901023647958848 2.865769440237254 2.085153547193971 473.5393390947032 278.74785463055906 280.4731715797706 -671.7039234483435 481.2209937388197 314.7753443542325 331.51147693231513 -719.4372798828776 454.91538735653444 260.1362028054826 334.968837350527 -724.9413579112729 457.16720011511495 237.00790601685603 341.8349948598292 -730.787085099956 440.54315435393244 186.57598784706857 347.63458202058047 -727.3620142802856 450.9711624190173 252.29895270333012 298.62920850449024 -679.320562002089 463.39477681315867 278.29867532785494 254.22912365670607 -639.3859552739992 459.6073344898774 280.7403173274383 328.97338616020414 -729.2854362472507 448.9095235632676 199.50894325545505 306.6299510618421 -702.1510830181007 458.4569661971844 212.4143894102273 323.2276985226821 -728.9009882493826 474.1790478500297 286.61591964112887 313.6348315750547 -694.39021028454 448.47494026584263 238.58756637139209 264.3759018965209 -642.5880746096426 461.7133721178704 263.84920968146 298.8279215458505 -668.9467137698127 442.9148735376692 209.2238270515113 323.32212543294236 -706.4112261238082 463.4719599397314 270.96209077638787 267.4380920044026 -648.5430691634486 441.25978294032353 168.46604620921195 282.6018655079561 -659.5967386656337 447.6534548836318 180.85571185058453 329.1164455916042 -707.0341640105286 450.36972694272697 220.24285889504563 319.79346370302585 -694.9273811216668 445.6284800386194 190.66305100252106 327.1093990062896 -700.6926355575134 453.3172303844901 206.6021886674853 293.07106322217214 -681.1028282727166 455.03023563982777 247.29884419327433 286.3674577801438 -689.068359369755 440.1802478306513 213.74915135084694 282.2183794644295 -654.6700927318591 462.0529749945379 242.62124792858535 314.80699041687444 -700.3082689439286 475.38052333990123 309.23003057400274 316.4695595330418 -717.7581125419239 455.95579586651485 229.80114732273486 336.15230537567624 -735.510812178654 438.2778671681309 206.17247632593626 326.13321045766037 -711.6776656212292 445.3071802116646 223.5265186384637 308.1504750480184 -697.5785593784158 434.28544258846296 192.30708447994877 259.47254188853265 -645.7801187395081 454.9508094625838 222.6184309933863 299.7565987691384 -695.4062282458403 467.02091336080105 237.89695355444707 311.72299359448795 -683.7097872581334 467.80486882015157 258.90139153175727 299.8963161809598 -684.4706138747013 445.4025035063731 216.92533477671805 294.3184836430883 -673.292773866015 468.48505709076176 282.00060738655594 305.80137273199745 -680.8655611117848 448.4503676168368 206.3493095792974 286.9081944831167 -672.0781444880321 453.4498521562911 215.36236340080106 283.9902430508437 -666.2826832941159 454.8834739866164 241.21944554925088 299.0166936157928 -707.0055510167153 438.8668149983853 200.10379009041338 324.26428067339833 -716.3839338370607 458.4655255757759 267.4078283569819 337.7214373902349 -741.1221712147858 443.33417821094434 202.52994071099266 317.18254802387787 -712.7834674783642 438.93646970475214 193.0537839224069 301.0705747818454 -674.9374454480908 470.2544467887819 302.5928030180498 292.13895143975145 -667.7528663697105 450.200570676543 245.27120980391064 343.8494916111485 -742.019263602571 473.3567996326816 270.3617174520932 263.1049738450236 -656.7514557090944 451.6452397792683 193.76184174927678 292.97662168679716 -687.9240969203091 457.8185493675827 274.09607201700544 313.82398934032705 -689.3907548336899 443.48299898051147 236.00480660175774 332.69826885028004 -714.5441296468472 442.29718724779354 175.44482343755647 306.4466100039233 -686.3970451528545 437.44941968959057 171.16856159329848 259.0937866026646 -636.9255555689588 450.3617588731417 233.22016583649912 306.69955078929587 -691.6060499145145 461.4872466661868 235.21417806744878 321.4942719057371 -700.7066656365556 462.93634924919434 287.9218782738685 272.8202272731996 -647.2364816422893 455.5808511684464 254.10712933614653 306.76670141239134 -708.0115925026944 448.03918221196307 212.92045473368975 340.90532990840205 -725.6207971343885 460.5836701257246 255.00898264616774 285.2695033044231 -677.4764122055128 458.5661394034602 218.90016701889354 300.23893465243157 -700.4809841490599 453.33363987971364 266.1749231423536 272.0684732065983 -670.4444792053948 460.37478642989765 227.3317003701723 314.9657448305784 -705.3488593124641 476.8432237630903 316.02737843758814 326.28671936306404 -722.315168069682 467.4179441981029 288.4293712924615 275.9990409898012 -654.7685365442271 443.8637184071775 196.3508069271686 277.37237909129215 -665.391185853634 467.3725611795651 295.6567405394288 289.35054262735343 -661.8773470449146 481.2614541689261 306.91261956222706 320.5365628827928 -723.7333615774282 450.675833251954 227.1147830115226 275.1890174002314 -659.9814473995226 444.9025996007631 230.23800355692146 299.4445432129289 -689.6377327971979 476.9399764089786 295.8199497659239 343.2897773507835 -736.5883435755622 464.5088588459261 224.37965616431907 347.5362343751042 -733.0367682564703 440.74726825290503 224.29537161221006 283.91273649395816 -682.984426108261 439.21498075683326 179.48254420734398 308.0316593275961 -714.3128147747805 460.2829662920646 247.61826833582546 337.91631928197353 -719.9693967197128 443.8970936828693 183.30934886301927 335.4063918802085 -730.1657217673611
680.0048855897958 1.390102364795977 0.6950511823978663 0.6950511823980213 1.390102364795849 0.6950511823980045 1.3901023647959436 2.8657694402372407 1.3901023647958264 1.3901023647960125 1.5541816916833013 1.55418169168347 1.3901023647958288 1.3901023647960191 2.7802047295918744 1.5541816916834894 1.3901023647959505 1.3901023647958848 0.6950511823980662 1.3901023647959927 0.6950511823979569 0.6950511823980202 1.3901023647959323 2.8657694402372833 1.3901023647961066 0.6950511823980015 1.5541816916835955 1.390102364795891 1.3901023647960584 1.3901023647958166 1.3901023647959443 1.3901023647959345 1.3901023647957746 0.6950511823979215 1.390102364795956 2.19794482677064 1.3901023647958268 0.0 1.965901617381401 1.3901023647959425 0.6950511823979412 0.6950511823979274 1.3901023647958846 1.5541816916834617 2.8657694402373486 0.6950511823980201 0.6950511823980638 0.6950511823979248 2.86576944023727 1.9659016173813475 0.695051182397841 0.0 0.6950511823979745 0.6950511823979912 0.6950511823980988 1.5541816916834625 0.6950511823980258 1.390102364795999 1.9659016173811472 1.3901023647959332 1.5541816916834887 0.6950511823979709 1.9659016173812622 0.6950511823980441 1.3901023647958448 1.390102364795988 0.6950511823979326 1.3901023647959954 2.865769440237285 0.6950511823979456 1.3901023647960384 1.9659016173813717 2.8657694402371168 1.9659016173813286 2.8657694402373877 1.3901023647960389 1.5541816916835134 2.865769440237253 0.6950511823979106 1.3901023647959783 2.86576944023736 0.6950511823980225 0.6950511823979453 1.3901023647959798 0.9730716553570004 0.6950511823978813 1.3901023647960877 1.3901023647959503 1.3901023647959079 0.6950511823979868 2.865769440237358 1.5541816916834892 1.5541816916835165 1.3901023647959865 0.6950511823981029 1.9659016173814075 2.865769440237264 0.695051182397938 0.6950511823977782 0.6950511823980416 0.6950511823979832 0.6950511823979432 1.965901617381295 1.3901023647959851 0.6950511823981111 1.3901023647958752 1.3901023647958985 1.3901023647960213 1.3901023647959538 0.695051182397917 1.965901617381422 1.9659016173813277 1.3901023647957902 1.3901023647959985 1.9659016173813735 1.5541816916833986 0.6950511823978756 0.6950511823979555 0.6950511823979449 1.3901023647958735 1.9659016173812212 0.6950511823980687 1.9659016173814357 1.390102364795952 1.5541816916836022 1.9659016173813426 0.6950511823980602 1.3901023647960244 0.6950511823981335 0.695051182397981 0.6950511823978339 2.8657694402372678 1.5541816916834568 1.3901023647959936 1.9659016173813637 1.9659016173812947 2.865769440237112 0.6950511823979972 0.0 1.390102364795888 0.6950511823978262 472.5212524175244 276.23678893027653 282.8988268526895 -673.6167318264243 481.07020348470184 313.1324386264051 333.39483062754414 -721.4141881510626 454.2339110883537 257.4563258755938 337.6977064971287 -727.0932586600738 455.43937164984897 231.82793119420606 344.7912697713929 -733.1183109080364 440.3000691863636 183.21313806343161 350.36345117042487 -729.5139150254162 449.08012571804466 248.06491891246947 301.54173352722336 -681.8631689596003 462.3775223518298 275.35607507268185 257.38066131773775 -641.6254657549895 458.7624198968176 277.71287784650707 331.87724778944846 -730.5918215483118 448.1822251003118 196.84016755112816 308.3937545036419 -704.2795953142465 458.0982858050953 209.99932154316465 325.2306022575403 -730.7262926778806 473.50044394237426 285.2277134116609 316.8505657931327 -697.1719153472137 448.2997088195387 234.35708397616656 266.80152509541546 -644.5009230607094 461.03371043134166 261.16919660935844 301.078587105129 -671.7050324059996 441.66801274950234 205.95469813379194 325.62823682071155 -708.4756306781225 462.1042129965426 268.1924068873003 269.25731596255275 -649.9776970022227 439.525914284596 164.27066786433917 284.7329686339673 -662.5066701060342 446.9415252101231 179.92122656253633 331.4225569944173 -709.0985685458774 448.96878961215833 216.62260264069337 322.64188276737025 -696.9276782260005 444.89936638723776 188.43048664774332 329.5350604127546 -702.6054362959368 452.08681274604396 204.19656929520661 294.52299338851907 -681.7560225305567 454.3442941392129 244.19041732179886 288.66490318893574 -689.8965467235676 438.4274435928104 210.7423042957999 284.40492507262513 -656.8861158666762 462.0574859809048 240.0297559887445 316.87400164184913 -702.6758812660776 474.0259184706976 306.8835441491951 318.28880561543286 -719.1927130635975 455.08654305787235 225.05444286505832 337.9802166340755 -738.1816320501465 436.5168547963105 203.17017495778586 328.3197718202215 -713.8936739864188 443.91324639268646 220.33760316203615 310.3370361657981 -699.7945679841368 433.0308608591724 189.90984464194437 261.47540186761995 -647.6054757782053 453.9025448674934 218.82313821805886 302.24636730835357 -697.8613373904507 466.67753007011936 235.47965697912062 314.8746198898535 -685.9491851880292 466.4281396625316 257.42759931039166 302.3306413669878 -687.6196350014333 443.3924297461574 213.39805586518136 297.11145659972385 -675.986986114067 467.8109161159563 279.75061366964826 308.22703318066215 -682.7783628756868 447.2124791370688 203.514490677031 289.33385202080325 -673.9909500507714 452.3927941039799 211.99951036080367 285.5703832319977 -668.0204963053657 453.67726954236457 237.07293715080624 301.19458977873387 -707.9853402565395 437.3511896638257 196.75556569116435 326.50628448471303 -717.9060305921465 457.09820607904567 264.2074716957007 339.9721063744497 -743.8804873265316 442.0885463768119 199.69776876213945 318.8181364576383 -713.8273640837773 437.8472446781556 190.13552785235646 303.7994420533822 -677.0893483958395 470.4492501355639 300.3497735631123 294.2614008555798 -669.426572095571 449.1686520721763 241.47053165235184 346.8760242007153 -744.47965559065 471.9813076389493 269.3170115079309 265.1078553008562 -658.576784080597 451.9606163413265 191.8580672900425 295.5859394401021 -690.2276030918738 456.97283284551884 271.0683937912764 315.587792703673 -691.5192671723986 442.7903723500775 232.46602455863072 334.7652801840249 -716.9117418412317 441.1567525234367 171.24150972357728 308.9363782877799 -688.8521542711995 435.98520343132896 168.01101010654142 261.5834783884606 -639.3807295887913 449.4920884208649 228.90269760713252 308.83066905446196 -694.5159703858528 460.2796697363424 233.22832702392586 323.19396790951123 -702.292870041399 462.0930013381633 285.32605639047785 275.0067598800924 -649.4525147991468 454.03585191401044 250.56368470107887 308.6500549964692 -709.9885008763438 446.9789760576069 209.99355772019214 343.99284918149834 -727.3178863563242 459.20659352908444 253.10605498387588 287.45606060530554 -679.6924245931405 458.2152378336591 216.9147318696353 301.76363779308946 -702.9127042026881 452.3094626239864 263.23610488002015 273.520400590606 -671.0976805483598 460.0272081422903 225.77748843017287 316.06769060373387 -707.6930828981801 476.8703696792906 313.86842371637897 328.05052301352265 -724.4436801826313 467.08616603019755 286.8735992651611 277.81827242950806 -656.2031540913325 443.1324971235194 193.6842558072672 279.13617016339515 -667.5197080449983 466.5295159817578 293.48981165759534 291.0502332012618 -663.4635570887665 479.9067617982412 304.5660810929832 322.59490905844575 -724.8647544034351 449.797101950599 222.7999224490312 277.6146652141414 -661.8942662235971 444.03158847770396 226.78666437259972 302.26957272999925 -692.6030962755566 475.5814306914215 293.47591041338774 346.01864650079995 -738.7402443204544 463.1218613507811 222.48323611229225 350.9356264927026 -736.2091769326524 439.7008611202041 221.79276109218426 286.1547385260399 -684.5065263868523 436.54347276334744 176.09082094668608 310.81597088819103 -715.7708040086809 459.9422566357866 245.1997712333721 339.68012293795357 -722.0979088269909 441.53993504994736 178.004609894676 337.744557103594 -732.5012801567923
690.0048855897958 1.3901023647960498 1.390102364796058 0.6950511823979071 0.6950511823981237 0.0 0.6950511823981331 2.8657694402373393 1.3901023647958468 2.8657694402372615 0.0 1.55418169168348 1.9659016173812132 1.9659016173812516 0.0 1.3901023647959287 2.865769440237153 0.695051182398059 0.6950511823978802 0.6950511823980482 1.3901023647958852 1.3901023647959072 1.3901023647958615 2.865769440237277 1.9659016173812798 1.3901023647959863 1.9659016173813122 1.3901023647958741 1.3901023647958632 1.9659016173812878 1.3901023647958548 0.0 1.3901023647960877 0.6950511823979443 2.8657694402372687 0.0 1.5541816916835214 1.3901023647959279 1.965901617381337 1.3901023647958923 0.6950511823981301 0.6950511823980089 0.695051182398115 1.5541816916835083 1.5541816916833906 1.3901023647959527 1.3901023647960467 1.9659016173812658 2.865769440237386 1.9659016173813697 2.8657694402373295 1.5541816916835007 0.6950511823978451 2.865769440237331 1.3901023647959694 1.9659016173813415 0.6950511823981214 2.865769440237289 1.390102364795961 1.3901023647960096 1.5541816916834545 0.6950511823980214 0.6950511823980722 0.6950511823979912 2.865769440237225 0.6950511823979764 0.6950511823980853 0.6950511823980245 1.3901023647959119 2.86576944023732 2.8657694402372207 2.8657694402372345 1.9659016173814896 1.3901023647959223 0.6950511823978895 0.0 2.8657694402373886 1.9659016173813155 1.3901023647958346 4.170307094387864 1.5541816916834694 1.3901023647958706 1.3901023647959128 1.55418169168351 1.9659016173815045 0.6950511823980259 0.69505118239812 1.3901023647959596 1.3901023647961324 2.8657694402373046 0.6950511823981015 2.865769440237303 0.0 0.6950511823979185 1.390102364795927 1.390102364795965 1.3901023647959663 1.9659016173813002 1.3901023647960271 1.3901023647959643 1.9659016173813417 1.5541816916835525 0.0 1.3901023647958937 1.3901023647959323 1.3901023647958946 1.3901023647958275 1.390102364795959 1.3901023647960233 0.6950511823979683 0.6950511823979584 1.3901023647960022 0.69505118239779 0.695051182398009 1.3901023647959403 2.865769440237342 2.865769440237295 1.3901023647959083 0.6950511823980788 2.8657694402373233 0.695051182398129 1.9659016173812498 0.6950511823979347 1.390102364795986 2.8657694402371034 1.3901023647959705 1.5541816916834894 0.0 1.390102364795873 1.390102364796011 2.865769440237108 0.6950511823979817 0.0 0.0 0.6950511823981252 1.5541816916834794 2.865769440237175 1.3901023647958788 1.3901023647959605 1.390102364795973 1.9659016173811592 471.49194159799555 274.5924954001568 284.53441432106814 -674.6606300610866 480.0610291266576 310.1868208977551 336.4910150595106 -724.3474967468323 453.19420648437006 253.65783542574468 340.5547908475947 -730.3297749379283 453.6821886468924 227.95523347830934 348.4938695720184 -736.5298196673159 438.1573579603467 180.415894935081 353.5150780452395 -731.7533120112925 448.89446162122573 244.69851815167627 302.81867157440627 -683.3618774003288 461.18242948506673 270.3446299323564 260.3572537158984 -644.7104218154698 458.25326169794573 274.518149951447 334.0638091726315 -732.8078298945591 446.39350863295414 193.85418080043837 311.18673116776387 -706.9738039171789 457.37057219517226 207.3308925651208 326.6270906317377 -732.0733969342095 472.814232039219 284.2747188703532 318.61436938892797 -699.3004275078699 446.37752822811774 231.4349125005621 269.05217220381496 -647.2592567204679 459.65316439984747 257.1113848341889 303.14559742224924 -674.0726453633504 440.0545477965479 202.87617286096918 327.69524814909977 -710.8432428768031 461.42064178839604 263.78637666175246 271.8111743816312 -652.9751267063082 438.10222842195003 161.35394124726065 285.2926029215269 -664.9150025180745 446.02454786658035 177.784359662984 333.79277601146276 -711.7052808239065 447.1174521021553 213.45161506919763 324.52523643243086 -698.9045865263362 443.26247790322435 184.92724246497252 331.60207173654516 -704.9730484970432 450.82826756786955 201.36986977850069 296.1585814350453 -682.7999196682766 453.6426094204621 241.08485755459472 290.8514639505958 -692.1125557824079 437.4973362560476 206.8719951491271 285.87417868072043 -660.0117508786344 460.3209769415264 237.87783436292708 317.91183985935754 -704.4777970669106 473.3553644237197 304.20074364609235 320.5949170332068 -721.2571175777757 453.66581541041916 221.007698578962 340.4058781007306 -740.094432712378 435.4049160882691 199.39310415162493 330.26723311429424 -716.4128900210899 442.82822706775653 216.55189099881653 311.67808202517887 -701.8355838978644 431.5949127057958 187.61315659829256 263.0000829502917 -650.0372086489043 452.3031597451929 214.86884216145904 304.24927087963465 -699.6866420171981 465.28529070822077 233.15476019876013 317.0611810832504 -688.1651936853059 465.736889685745 256.4779958099313 303.7271295232289 -688.9667395173248 442.47593629403724 209.9575379987214 299.6566675792879 -677.7481840098243 466.7801999692115 278.538417873577 309.93539401568256 -685.6007868465291 446.1147864430584 200.1669855476502 292.182269939492 -675.991248941163 450.9428949536716 207.53216635955056 287.5178417615328 -670.5397144509418 452.44778686311787 233.7975578025014 303.5648087111428 -710.5920526188713 435.548668699543 193.34054015872235 329.4829188689486 -720.9909430346286 455.8915033319073 260.925231205405 343.36283333207484 -745.8166766290332 440.99358171074294 196.78322576509387 320.4623900645002 -716.1074800390112 436.22008175901243 187.06511813225745 306.89562573230353 -680.0226577560428 469.08489422788057 297.5774487632059 296.6316181556718 -672.0332858934613 447.7713228670733 238.28047827961387 350.3040040546818 -747.4287304003072 470.60571053881006 267.4151731652943 266.08157927007153 -659.8363988347811 450.5471325563888 190.42050261963598 297.2769703323803 -690.5775883952692 456.115159882545 267.6142232504246 317.89390402819475 -693.5836717849982 441.5590200877762 229.62972563827392 337.4387068902805 -719.7575541967592 440.2153123876631 168.24290862065808 311.7293548233367 -691.5463630293839 435.20217101463766 164.49019250992953 263.77001334122747 -641.5967670735758 448.26251544946535 226.49365184985626 311.13678036060236 -696.5803750588004 458.7116865310251 230.99358853205302 325.07732158573685 -704.2697783255811 461.07488848185943 281.0908024870383 276.2836921051848 -650.9512270609882 453.85591107411165 247.6298155105408 310.65295870495555 -711.8138053308495 445.362118873464 206.04788580955284 347.3047450573196 -730.9130527578903 458.85460636085566 250.25872349129222 289.3948559117818 -680.9754225503401 457.1714693181656 216.14897389698598 303.5274413109576 -705.0412164561889 451.61930959356 260.5583611057107 274.5495726753885 -671.663379655109 458.8035338748517 224.23237584325526 318.9802173677463 -710.2356876006157 475.51638795691304 310.6612774194924 331.2662574862735 -727.2253849379645 465.8885456543578 284.4505134591533 278.60834290709136 -657.0720613160453 441.3282268995165 190.27014319168677 279.7425842629701 -667.9979094260586 465.15870554364244 291.5835698744292 291.6098683930442 -665.8718890804658 478.88327176244195 302.9178369462326 325.20422816422024 -727.1682589939215 448.55762853094024 219.9645623089816 279.55345928100473 -663.1772676487774 442.79002043318525 223.5193567294676 304.39202630114585 -694.2767971083887 475.244453804084 291.9193884926756 348.8757308522487 -741.9767605973057 463.4551336193737 221.01195917409075 354.57411869304235 -739.0783779254518 437.9278213066052 217.92925220448595 289.2422569826169 -686.2036173378219 435.60253021567127 173.09215098321485 312.39611688601786 -717.5086122041777 459.0734385560009 243.47419453277823 343.0474612539525 -724.999163621522 440.60039570858675 175.00557084199707 341.6862569866353 -735.609581233376
700.0048855897958 0.6950511823979583 1.390102364796076 2.780204729591898 1.5541816916834446 1.5541816916835165 2.8657694402371314 0.6950511823980322 0.6950511823979589 1.5541816916834859 0.0 1.554181691683506 1.5541816916833275 2.8657694402373197 1.3901023647959208 1.3901023647960067 0.6950511823979147 0.6950511823978803 1.3901023647959283 1.3901023647959465 1.3901023647958006 1.3901023647959827 1.9659016173814754 2.865769440237217 2.865769440237309 1.3901023647959558 1.5541816916832747 0.6950511823979424 2.8657694402374188 1.554181691683521 0.6950511823980148 0.9730716553571077 0.695051182397944 1.3901023647958954 1.3901023647959552 1.390102364795912 1.9659016173813177 0.6950511823979593 1.5541816916833326 1.390102364795969 2.86576944023725 2.8657694402372966 0.6950511823978299 1.3901023647958994 2.8657694402372322 0.6950511823980592 2.865769440237367 1.965901617381343 1.390102364796009 0.6950511823980754 1.3901023647958324 1.9659016173813657 0.6950511823980116 0.6950511823979033 1.3901023647960398 1.5541816916834965 1.390102364795967 1.3901023647958946 0.6950511823980651 0.6950511823979703 1.3901023647958837 1.3901023647959225 0.6950511823980942 1.3901023647959179 1.390102364795868 0.6950511823979555 1.5541816916835032 1.390102364795971 0.6950511823978741 2.865769440237322 0.6950511823980067 1.3901023647958777 1.3901023647961224 2.1979448267707733 1.5541816916833864 1.965901617381325 1.5541816916834619 1.3901023647958823 0.6950511823978788 0.6950511823978944 1.3901023647959105 1.3901023647958946 1.3901023647959616 2.8657694402372584 1.554181691683585 0.695051182397941 1.3901023647960333 0.695051182397903 0.6950511823979945 1.5541816916835067 2.197944826770712 1.5541816916834272 1.3901023647958752 1.3901023647959005 1.390102364795879 1.3901023647959443 1.554181691683337 1.3901023647959485 1.3901023647958617 0.695051182397916 2.1979448267707005 1.3901023647959228 1.5541816916836115 1.3901023647959798 1.39010236479586 1.3901023647960213 0.6950511823979442 1.3901023647958946 0.6950511823980021 2.86576944023725 0.6950511823980127 2.865769440237291 1.390102364795814 1.390102364795935 0.6950511823977787 1.3901023647960222 1.3901023647959054 0.6950511823979392 1.3901023647959103 1.390102364795911 1.3901023647958208 2.8657694402372713 0.6950511823977936 1.9659016173813146 2.865769440237192 1.3901023647959674 1.390102364796021 0.6950511823979463 1.3901023647958872 1.3901023647959003 0.695051182397878 0.6950511823979303 1.5541816916835849 1.9659016173813102 1.3901023647960151 1.9659016173813522 0.6950511823978576 1.390102364795929 2.197944826770801 1.3901023647959316 0.695051182397935 470.4559725788185 272.5199821387535 285.93090223518857 -676.0077348552813 478.35016190140215 307.15653888881667 338.8612340851747 -726.9542090168562 452.4753125862989 250.12175419783802 342.01538682350264 -732.2191869594692 452.09610253244335 225.73268456396073 350.3772232727653 -738.5067279298654 436.68195793210396 176.82651561843076 355.75708187010076 -733.2754087487998 447.3028725613417 241.17650920201768 304.94112523669816 -685.0355781280813 459.26798216177974 265.2558920749785 261.817840745119 -646.5998400259011 458.0738852139736 270.71973923340676 336.06671291455467 -734.6331343155784 445.4687161067167 191.28524502109735 313.4374001289729 -709.7321200473084 455.9498253388035 205.45973262665754 329.3005173403673 -734.919209287381 472.1256839499784 282.46087965611275 321.2877960759415 -702.1462398801289 444.94396740783975 227.82856222806276 271.2941721833703 -648.7813588335396 458.4227555757733 253.40481973585966 305.212608473644 -676.4402578346596 438.7705688074579 199.62410017449858 329.4590518051195 -712.9717549842153 460.5380032569107 259.47372825024166 272.67401482629214 -655.6225600134582 437.0144547507651 157.8207012675561 287.4791629286563 -667.1310123700899 445.638827158178 176.23982653839593 335.3261447446888 -715.3732199872926 445.15091050161226 210.12316956349605 327.3182131700952 -701.598795050321 441.9821037128517 182.1093645446557 333.31043294971766 -707.7954722119617 449.7075426595983 197.59459259318118 297.9223848240411 -684.9284320056229 452.57372465170573 238.16176721687827 292.43160978729037 -693.8503641222661 435.34183638517175 203.20621852271827 287.6379805982185 -662.1402640526871 458.73418950073017 234.78583383879788 321.12757431998403 -707.2595018353176 472.33222249324973 300.39726911593306 323.507443821732 -723.799722251286 452.76572352373216 218.86138083157067 343.13474725086905 -742.2463334571198 433.4707878341291 196.15727207801663 331.60827904735095 -718.4539058855572 442.62231388651725 214.9146780660298 313.0832355295766 -704.4189075468225 429.2579413223064 184.04504010623032 264.7638792016948 -652.1657254928259 450.5130572877301 211.44809367709513 305.03934385374686 -700.5555461273811 464.9223533544078 231.60458034545442 318.8336498152542 -691.5299252070253 464.346352086347 254.58589737095926 306.5114410423894 -690.4247287825497 440.17354278192505 207.2429903029421 301.595463521084 -679.031180956406 465.7447281728156 276.0342929289177 312.1860628753521 -688.3591030449971 443.7870179486278 196.59315393200524 295.3980036734582 -678.7729544922189 449.4937860706436 204.36836294632727 290.3108173798293 -673.2339241876507 451.04167218910493 231.91731618667635 305.6872624729971 -712.265753225808 433.6459251787302 189.76028194294935 332.15634557649975 -723.8367553886641 455.3529299243444 256.86881089536934 345.24618703283033 -747.7935848915614 438.6527536231525 192.7792212496432 321.38067827097683 -718.0609996625931 434.74714093164937 183.47475152960337 308.72353676472835 -682.6934777648601 467.3641316002927 294.9830914520019 298.7540715318187 -673.7069869852862 447.03842562823087 234.7514571597608 353.2186090270501 -749.407456158994 469.73892072304335 265.2578640829601 268.13992358643554 -660.9677956977284 449.10990478863596 188.12322326503119 298.61801612474824 -692.6186043509782 454.5460389090353 263.2155795121584 320.97839409677 -696.9995131608863 440.1339162666072 226.88763516991258 339.322060590519 -721.7344624597047 439.11324110392883 165.76733812483968 314.88098163205865 -693.7857600952152 434.2685939877361 161.92481410426348 265.23060087364576 -643.486186005268 446.99298081679785 222.80039394581377 313.681991824245 -698.3415719388763 457.6385217194842 228.0716258524247 326.81773659599975 -707.3633559253298 460.21112282354665 277.6365022013989 277.56929099441703 -653.6861566633506 452.2721983909256 244.5359425236591 313.8132507185604 -715.2894217106516 444.2610634550718 203.13524247156943 349.48264128153426 -731.8928417293713 458.31061713792997 247.0672863851907 290.97500154717983 -682.7132310870064 456.09654830616137 214.0962585620531 305.3466873766162 -706.4758169948826 449.7025749118372 257.6346318090502 276.05694576824624 -671.6226619510098 457.37387546805775 221.05876004283238 320.6244709778871 -712.5158035527041 473.80585222425685 307.2004234452785 334.5374344019382 -729.3131780829026 465.37174374491553 282.5504983846415 281.03400228863995 -658.9848647381983 440.21932941135447 187.36120120941993 281.9291441075445 -670.2139194074576 463.09138066673574 288.7317479079393 294.03552905445264 -667.7846908858912 478.20350612380753 300.23834768634237 328.1167549552613 -729.710863664445 447.4680666944715 217.047254921888 281.2531542001254 -664.7634733542374 442.058417996041 221.28558375376437 307.2404454235228 -696.2770941095368 474.55660757089 290.5365274679836 350.45587686967804 -743.7145687770737 462.41437670829737 220.68249360477276 357.4225378846644 -741.0786748283699 437.3647071970667 215.60948132465487 291.2451604135244 -688.0289221141658 435.34107129578376 169.73006759189323 314.10447809626606 -720.331035921185 457.31236358115643 240.03767630325302 344.659661071493 -727.0081256845034 440.2023330225182 173.0299163044075 343.928260811411 -737.1316779709878
710.0048855897958 0.6950511823979654 1.39010236479596 1.3901023647959678 0.6950511823980489 1.9659016173813046 1.3901023647959858 2.8657694402372567 0.6950511823980048 0.0 1.554181691683544 1.554181691683428 0.6950511823978635 0.6950511823980026 1.390102364795931 2.865769440237172 1.390102364795949 1.3901023647958652 0.6950511823981537 0.6950511823980103 2.86576944023706 1.390102364795884 1.3901023647957715 0.6950511823979656 1.3901023647960398 2.865769440237278 1.390102364795919 0.6950511823979755 2.86576944023733 1.3901023647960205 1.3901023647959103 2.8657694402372584 0.6950511823979246 0.695051182397908 1.5541816916832694 2.865769440237224 1.9659016173813277 0.6950511823978991 2.8657694402372247 1.390102364795928 0.6950511823978722 0.6950511823979848 1.3901023647958946 1.5541816916834936 0.0 0.6950511823979868 1.390102364795948 1.3901023647959867 1.3901023647960375 2.865769440237282 0.6950511823977917 1.9659016173812962 1.3901023647957906 1.3901023647959525 0.6950511823980301 1.965901617381397 2.8657694402374037 1.3901023647959017 0.6950511823978641 0.6950511823979247 1.5541816916836395 1.3901023647959312 1.3901023647958528 0.6950511823980194 0.6950511823979733 0.6950511823980012 2.8657694402373184 1.3901023647958854 1.9659016173813761 1.3901023647959356 2.8657694402374565 1.390102364795948 1.3901023647957844 1.5541816916834497 1.3901023647959168 0.6950511823980406 1.5541816916835784 1.3901023647959458 0.6950511823980762 1.9659016173813817 1.554181691683412 1.5541816916835154 0.6950511823980736 0.6950511823979902 1.3901023647960464 1.3901023647958666 0.6950511823979099 0.6950511823978944 0.6950511823979275 0.6950511823979637 1.5541816916835567 2.865769440237181 0.6950511823978212 1.965901617381331 2.8657694402374436 1.5541816916834845 1.9659016173813142 2.8657694402372496 0.6950511823978672 1.9659016173813118 2.865769440237383 1.554181691683369 0.0 0.695051182398034 0.6950511823979449 1.3901023647959463 1.3901023647959976 2.8657694402372615 0.6950511823980897 1.3901023647959487 1.3901023647957949 1.554181691683444 0.6950511823980373 1.9659016173813137 1.3901023647960782 0.6950511823979858 0.6950511823980433 1.9659016173813182 1.3901023647959159 1.554181691683498 2.8657694402373908 1.5541816916835287 1.3901023647960429 0.6950511823979054 1.390102364795836 2.865769440237252 0.6950511823978733 0.0 1.3901023647958337 0.6950511823979659 0.695051182398014 1.5541816916834463 0.0 1.3901023647960062 1.3901023647959312 1.5541816916835014 0.6950511823978994 1.3901023647959094 1.3901023647959425 1.3901023647959017 0.6950511823980452 469.75580645308133 270.70918067920906 287.8783632314439 -678.5269511096996 478.3541406529884 305.4293683815022 341.52599563473393 -728.5638019954888 451.5691487001786 247.11244676624293 343.6596404415125 -734.4993029053716 451.1452222716791 221.4343635109926 352.9224347810127 -740.2679247500694 436.58234526461416 173.8061524118496 358.1914084968635 -736.4244287845536 446.20098881008533 237.39500197554437 305.8594134056764 -686.9890977714228 458.0318740653259 261.985546367064 264.12394900024276 -648.664248534404 457.35880412374917 267.6180903353663 338.8042472245851 -738.0212544341321 444.4071560605259 187.255577685143 315.4403038658622 -711.5574244737059 454.8542050523145 202.9806583570156 332.3325941737885 -737.3102101149437 471.4257744447048 280.21909677629674 323.7775651376062 -704.6013483137818 444.52321820582387 224.12293417266056 272.699323204511 -651.3646838738662 458.1847230158194 248.31383063198643 308.005585116368 -679.1344664785488 437.33947147499634 197.7623441365541 331.2869630639906 -715.6425748553407 459.28595584413324 255.34145591304667 274.0705023934174 -656.9696649088016 435.60825232431273 154.1372040723569 289.37118126003526 -670.344140355911 443.86003530243323 174.56846211857712 337.27360604558527 -717.892436016431 444.4442376769191 205.90871032659254 329.4813859091279 -704.7798688894271 440.8728003182587 179.63804704346745 335.983859657526 -710.6412845658022 448.2539333859969 194.86831804778424 299.26343066712195 -686.969447929823 451.33111873778296 233.69092807399505 293.16624029841205 -695.4131798497949 433.71990545630007 200.57102041016998 289.46589112856475 -664.8110844450695 457.78192011097394 229.6195619520999 324.22375874996317 -710.1928104333298 471.98485820434604 297.9804321104643 326.1167629299217 -726.1032268383706 451.3857926222849 215.00413012349588 344.65945082753365 -744.6780532446818 432.6733566819939 192.20705413938438 333.55574034820006 -720.9731219145383 440.8143228934632 211.5022368604883 314.24062381763844 -706.0692194903135 426.9174486753514 180.9231365125736 267.6122964111252 -654.1660255765511 449.6590710570823 208.18631585005963 306.67493229914186 -701.5994427134996 464.20705452085 230.23393391068075 321.203868824918 -694.1366374937369 463.97306754421743 252.17331472158716 308.39479471277036 -692.4016370712667 439.07499355218755 204.76549638429367 303.1756094525262 -680.7689892242253 465.04390035030303 274.225515241089 314.85948955106034 -691.2049154293973 443.1732638649031 192.98133553564404 297.2900223103798 -681.986082274665 447.5213786820889 201.4808221401083 292.86469373664835 -676.2313406605994 449.73804600307375 226.9339801450047 305.8709201137411 -712.6564571504796 431.87530795824347 185.23491042228017 334.9493223269407 -726.5309638997808 453.7677366308903 254.21117670268367 348.27826386643153 -750.1845857189131 437.02582699147075 190.14676069922055 323.5672396541073 -720.2770080089133 433.94896551299945 179.9566627963454 311.0937557363125 -685.3001900908481 466.83972762342023 292.6524845935445 300.15055980739146 -675.0540913718511 445.5895898570656 231.1522205437567 354.63138498657406 -751.3575097171081 468.68494872979306 263.1946732651604 268.6908955407032 -662.139907970881 447.6187171255595 184.1044466926792 300.54814710616836 -692.6653816704841 453.13834976031734 260.46586063831023 324.0425247219277 -699.6616678809814 439.3765811566636 223.79478948724758 341.14130669056703 -723.1690629562604 438.66044875240647 162.93008639196847 317.6185159167053 -697.1738802326234 433.2545753419335 158.50871326351896 267.65625911268916 -645.3989910222913 445.25240255797917 218.26121843784273 315.9326607895195 -701.0998880665485 456.67648289549646 222.90751482523012 329.8818672277115 -710.0255106386194 459.15917232537026 274.7088033133081 279.3330933512247 -655.8146697131234 451.3436726900796 240.2316541195586 314.7315389251712 -717.2429413348508 442.43726257035934 199.29502093300516 351.43010258291906 -734.4120577579928 457.2008097460268 241.99034326448947 292.67469748960997 -684.2994355611988 454.9652049228899 209.88872261705845 307.58869119243974 -707.9979137472417 448.79143291916984 253.75986740317785 277.86752662083325 -671.8210437134537 456.7535752136001 216.14736428318463 323.53699776807554 -715.0584082241993 473.4622410177069 305.2136640320738 336.9076534278469 -731.9198903527276 464.66770699172736 279.87649740095753 283.16511988553003 -661.8947856411236 438.9286515517167 184.54865877429728 284.4189126076017 -672.669028468391 463.4272072345008 285.96840886461865 295.5515672890479 -668.9801914988777 476.82330828812997 297.9078440190283 329.8805586144416 -731.839375768829 445.8037606074049 212.24891516208004 282.89740712718736 -667.043589751265 439.90351413218207 217.61866487909612 309.48244923189054 -697.7991908712544 473.5175815496514 288.8981087962488 352.8174307359392 -745.0850616728509 461.50669852746734 218.54190986905604 359.30589158546326 -743.0555830908639 435.22509046905327 212.8095924635066 293.6708217788654 -689.9417229135472 433.55097665623845 165.65097371036725 316.05193939514373 -722.850251951995 457.24309059432943 235.72134006754143 347.98628042854034 -728.4020072207926 438.67747851722294 169.02339241944506 346.7853451628681 -740.3681942478279
720.0048855897958 0.695051182397925 0.6950511823980036 2.780204729591901 1.3901023647960655 1.9659016173813206 2.865769440237368 1.9659016173813797 0.695051182398082 2.865769440237255 0.0 2.8657694402373592 2.865769440237364 1.5541816916834281 1.3901023647959112 1.3901023647958806 2.865769440237265 0.6950511823979073 2.865769440237144 0.6950511823979508 1.965901617381493 1.3901023647960595 2.865769440237391 1.5541816916834463 2.8657694402373552 1.3901023647959359 1.3901023647958082 1.3901023647959412 1.554181691683515 1.3901023647959174 1.965901617381361 0.9730716553571077 1.390102364795929 1.3901023647959512 1.5541816916835176 1.554181691683398 0.0 1.3901023647959945 1.9659016173812731 1.3901023647959037 2.865769440237148 0.6950511823980489 1.5541816916835154 1.3901023647959572 1.3901023647958926 1.3901023647959916 1.5541816916833775 0.6950511823980241 0.6950511823979882 1.3901023647959327 0.695051182397946 1.554181691683494 1.965901617381377 0.6950511823980208 1.3901023647958173 0.0 1.5541816916834925 1.3901023647960213 1.390102364795941 1.3901023647960085 2.8657694402373624 1.3901023647960145 2.8657694402373957 1.965901617381339 1.390102364795837 1.3901023647958326 0.6950511823981402 4.170307094387881 1.3901023647957524 2.865769440237248 1.390102364795965 2.8657694402372575 0.6950511823978568 0.6950511823978981 1.965901617381461 2.1979448267706387 1.5541816916835163 0.6950511823979191 2.865769440237179 0.695051182398001 1.3901023647958848 0.0 0.695051182398061 0.6950511823979285 1.3901023647960464 1.3901023647959305 0.6950511823979832 2.8657694402372837 1.3901023647957547 1.3901023647959478 1.5541816916833777 1.390102364795887 1.3901023647958433 1.390102364795953 1.390102364795996 0.0 0.0 1.9659016173813582 2.865769440237419 0.6950511823979874 1.9659016173811652 0.0 1.3901023647959485 1.3901023647959163 2.8657694402371496 1.3901023647959039 1.3901023647960526 2.8657694402372944 0.6950511823979497 2.865769440237312 0.6950511823980475 1.5541816916834617 1.3901023647958752 1.3901023647959154 2.865769440237118 0.6950511823979695 1.3901023647959296 0.6950511823980188 1.3901023647960826 2.19794482677072 1.3901023647959294 1.554181691683522 1.9659016173813997 1.3901023647959323 0.695051182398126 0.6950511823979548 0.6950511823978418 0.6950511823979525 1.390102364795909 1.3901023647959074 1.3901023647959105 1.3901023647958708 2.8657694402371416 1.3901023647959667 2.8657694402373965 1.3901023647960005 1.3901023647960367 1.3901023647959372 0.0 1.3901023647959445 0.695051182397946 468.3576890100655 269.2583890663102 288.7966513641148 -680.480470770388 479.3782034671968 302.31642519195304 343.89621466085686 -731.1705142651557 450.9861390496464 243.9292776113612 346.54011343343427 -736.7707536913553 450.73822067413533 219.02515124191058 355.34809624790216 -742.1807254119402 434.74933980606363 171.2899814865729 359.35746194945625 -739.3109600971352 444.9264326002929 234.57471266394157 307.5591094539498 -688.5753021188114 456.9310652879118 257.7699370547614 265.22589328934515 -651.0084730687452 456.2743344215936 264.26604553960385 342.2911355832214 -740.770905385591 444.1161318697037 183.89564564148853 317.81052289023535 -714.1641367451555 454.4143532811012 199.71148105362263 335.4842210487304 -739.5496071006644 470.0231655600063 277.9013093737875 327.0574072120707 -707.9253608334732 443.413132716678 221.2139157676276 274.76633375813316 -653.7322966748371 456.5793928543067 245.66797628578345 309.76938875011723 -681.2629786007964 436.02630659937745 194.52188811842333 334.19948985596676 -718.1851795246724 458.19275504209946 251.99211874534794 276.7993710062818 -659.1215662589926 435.1464326608456 150.67587485719966 291.49363495434767 -672.0178410421835 442.9472762284518 173.30787681945242 340.1220252370955 -719.8927329195284 442.7761441813042 201.9844073723794 332.36185890027406 -707.0513196767278 439.38865988915967 176.92874274147096 339.0800440913313 -713.5745931596958 446.6283292406793 192.67426104634558 302.24006501521853 -690.0543604060083 450.5804713724009 231.0292667087607 295.288694064283 -697.0868804537541 433.31239941809804 198.59737421180347 291.58834479682645 -666.4847851901878 457.0201736117718 226.52896509765827 326.5939777752092 -712.7995227039276 470.9378328283871 296.34671417649747 328.1196666719282 -727.9285312593533 450.1018628602649 212.18778561541467 345.51363143687473 -746.0892651006591 431.1830692694347 189.06073805559922 336.0455094155768 -723.4282303426534 439.51469632422334 208.25692163225926 315.94898503357416 -708.8916432041408 425.6152119856287 178.55541368186627 270.28572209506854 -657.0118388920689 448.37074622994584 205.3716411678937 307.64866294529804 -702.8590507304625 463.4851470645213 228.86919403529848 323.1513301218087 -696.6558535258844 463.1007262321232 251.75510248769538 310.8204561714442 -694.3144377435455 438.2760924506814 201.2465036151748 305.05896312170785 -682.745897512609 463.9660755568033 270.4377784054054 316.80695084282354 -693.7241314644889 441.5938428913723 188.45765950646768 300.3220990923634 -684.3770831697759 446.0422900781222 198.33078312467993 294.6839397836788 -677.6659412303541 448.2784646292804 223.77307347256843 307.45106612848997 -714.3942653327433 430.5799618872281 182.86423144453985 335.7480604954657 -728.6360873635659 453.27242138632556 250.7680826819973 351.36578314078395 -751.8816749384747 436.2580899889426 187.9257343124749 326.05700872128654 -722.7321164372155 432.81721522971054 177.49411322663892 312.92166698046924 -687.9710099710018 466.1358393126235 290.8457570715844 301.2525055980989 -677.3983149583394 444.83713213049987 228.49354179871526 357.65618454413953 -753.5706578304436 467.6259989292417 261.5688407986848 270.56558379755876 -662.8805974026673 446.77338638246437 179.72767880468516 303.10202375370847 -695.6627978837275 452.3980707834076 257.3677499239387 326.5964013877695 -702.659084077068 438.76727529864473 220.18203372793153 343.63107575802974 -725.6241713842765 438.02325746437555 160.1920677586854 318.7845693632842 -700.060411548076 432.7734360143869 155.67927842885948 269.72326878601734 -647.7666044395328 444.84471771565563 215.85462138180645 319.0375103767652 -705.2694160388843 455.9114732470898 219.81636871841363 332.55529393667274 -712.8713229917 459.81599528456877 271.76383334027923 281.5196543701735 -658.0306784185327 450.0838579563819 237.84045130881353 316.734442666463 -719.06824575662 440.7789237620784 194.59867176194348 352.7711485176135 -736.4530736211218 456.10559190179447 239.07599456105507 294.3743935039815 -685.885639943578 453.828029064778 206.11938195080455 309.2797220903694 -708.3478987152579 448.89061244460777 249.78659356163533 279.68677256305654 -673.2556444393525 455.46113826521895 212.89804038360882 325.4203514683122 -717.0353164872413 473.10790740238394 303.22889382395914 339.3419800545648 -735.0689103885113 464.6399940247852 277.2866658138091 285.168023411078 -663.7200903154504 437.53570450650153 182.009184081327 286.23815859400395 -674.1036291045353 463.9239444747437 283.5451665348982 297.3794784130977 -671.6510114581815 475.94224929158753 294.8917567955262 330.79884682435596 -733.7928953909268 445.0296646735542 209.16105616010915 284.0547952848622 -668.6939017932527 437.891665254216 213.4405616698786 312.275425974024 -700.4933993902275 472.1202405105284 287.0090824874003 355.7299575281859 -747.6276663418677 460.77087394865254 216.74711218866946 361.8597682536141 -746.0529992849192 433.23011067222876 209.49672169263906 295.13141772268443 -691.8311349601802 432.5569210690744 162.66997907479748 319.075351068432 -724.0050334064066 456.6564852571894 232.5396925389111 349.56642644596315 -730.1398154005648 437.3654309356341 166.6606414032004 348.9077989463938 -742.0418948269706
730.0048855897958 1.390102364795991 1.3901023647959665 1.3901023647959516 1.39010236479596 1.390102364795889 0.695051182398082 1.9659016173813355 0.6950511823981499 1.9659016173814106 0.0 1.5541816916834845 1.5541816916833546 1.390102364795999 1.390102364795864 1.3901023647958883 1.3901023647958426 0.6950511823979042 0.6950511823978651 1.3901023647959803 1.5541816916834126 0.6950511823979473 1.5541816916835383 1.3901023647959365 0.695051182397946 2.865769440237304 2.865769440237313 1.9659016173813542 1.3901023647960353 0.6950511823980292 0.6950511823980662 1.3901023647959638 0.6950511823978803 1.3901023647959934 1.3901023647960316 0.695051182398012 1.5541816916835134 1.3901023647958697 1.5541816916834446 1.3901023647959505 1.5541816916834952 0.6950511823979255 1.3901023647958262 2.865769440237217 1.9659016173813757 1.5541816916835494 1.3901023647960022 1.5541816916835005 1.3901023647959858 0.6950511823979385 1.390102364796071 1.5541816916834248 1.3901023647959727 1.3901023647958524 0.6950511823979826 1.5541816916834685 0.6950511823978763 1.390102364795941 0.6950511823980426 0.695051182397953 2.8657694402371536 1.3901023647959994 1.3901023647957857 1.3901023647959256 0.0 1.3901023647960025 1.3901023647957935 0.6950511823980271 1.3901023647960755 2.8657694402373055 2.8657694402374037 1.3901023647958708 1.39010236479585 0.6950511823980042 1.3901023647959665 1.3901023647960105 1.3901023647958517 1.3901023647959507 0.6950511823980489 1.3901023647959327 1.5541816916835203 2.8657694402373117 1.3901023647959936 1.390102364795961 1.554181691683585 0.6950511823978754 0.6950511823979102 1.390102364795864 0.6950511823980475 1.3901023647959494 1.3901023647960884 1.965901617381425 1.3901023647958242 1.3901023647959847 1.3901023647960797 1.5541816916834414 0.6950511823981043 2.8657694402373006 1.390102364795873 1.3901023647959374 0.6950511823978266 1.5541816916834328 0.0 0.6950511823979777 0.695051182398058 1.3901023647958963 0.6950511823979553 2.8657694402373153 1.3901023647958886 0.6950511823980133 1.3901023647957993 2.865769440237204 0.6950511823980022 0.6950511823979875 0.6950511823980562 1.3901023647958373 1.39010236479596 0.6950511823979375 1.3901023647960165 1.3901023647959325 2.865769440237261 1.5541816916835074 1.5541816916835418 0.6950511823979084 0.6950511823979956 2.8657694402373366 0.6950511823980093 0.6950511823979303 1.3901023647959663 0.6950511823978707 0.6950511823980232 1.3901023647959956 1.5541816916835849 0.0 0.6950511823979513 2.865769440237255 2.865769440237374 1.390102364795926 2.8657694402373464 0.6950511823979533 1.9659016173812882 466.7707224971812 267.47292017946995 291.15820521222776 -681.8509636937764 477.9872318741456 301.29138933109164 345.71546076102015 -732.6051147615623 449.8538085864515 240.15773157693428 348.3593595336013 -738.2053541877589 449.65169267928246 217.41928308940268 357.4705500314328 -743.854425991074 433.74905340910124 168.31105199576973 361.663573374982 -741.3753646006829 443.2726814194187 231.0803302348797 309.6347859493652 -692.1791336839572 456.013955840582 255.1980401792763 266.98969639254824 -653.1369856839002 455.8696895200548 261.4243664296383 344.96456229273286 -743.6167177379718 443.03293441613886 182.7304963934696 318.96791118250235 -715.8144486841114 452.71700734638296 195.79784617889104 338.7640631249544 -742.8736196185225 468.96176799832097 276.27840724809 330.1535916458519 -710.8586694274322 441.8278753947856 217.462316508751 276.83334481410265 -656.0999091124944 455.0884391363529 241.21464997102277 311.8364000857729 -683.6305907946851 434.16559563784307 191.1408985926382 338.085747298804 -721.9873922081001 456.7303731309502 248.39720431532544 279.0500397716971 -661.879882556215 434.13958436717655 148.09678970156963 293.6801963048388 -674.233849426159 442.4570000644636 170.04520406019935 343.75185227752024 -721.5257145385164 441.64953550975963 199.51976563579174 334.6679703255852 -709.1157241805972 438.3757964136917 173.5166052829792 340.47653246673605 -714.9216974150825 445.46406692946573 189.34973367209133 303.88431862430906 -692.3344763593939 449.1114755663063 227.8733747560927 297.65891307928246 -699.6935927334667 431.25149363650723 194.44262413353505 293.7749061230333 -668.7007935942111 454.6745456629716 222.9681181598849 329.2032968838528 -715.1030272904616 469.86554333170375 293.42514385509685 330.0116855325288 -731.1416588957763 448.6608254512883 210.33451634746615 349.09668119647245 -749.6523777012379 429.4838051607904 185.58867019257391 339.2699090510177 -727.4461544683185 437.66904345437916 204.86720948882038 317.52046589096045 -709.3932320104681 424.44959365036624 175.6689081684258 272.04952545504193 -659.1403512419754 446.69444461007964 201.88668591851987 309.1005937609746 -703.5122433795981 462.0434987260152 226.57591471677904 325.7052067882527 -699.653269720997 461.34432146485415 250.49785207006317 314.10029824371156 -697.6384502651357 436.43879064379763 198.29059646207148 307.49328973291165 -685.8949175616932 461.6247998372145 265.12563070552585 318.6903045419006 -695.7010397286 439.76429806456093 185.93914586637038 301.9022450994489 -686.1148913579813 444.69473746435744 194.66641306244944 295.96954325264807 -680.4008687119277 446.98467087109333 220.96019793135673 309.2703122280016 -715.8288658299743 429.401681990908 179.54484305418723 338.54970240620213 -732.5665152481582 450.85283479344423 247.02532194626062 354.03920985030015 -754.7274872908507 434.5794615682062 184.88431721716094 328.00447002259335 -725.2513324658961 430.5442773569885 173.01364382574874 314.14316287070625 -690.1636296782018 464.7206390517284 288.5356454707305 303.62272460290984 -680.005027247751 444.05831169684836 225.4056336431502 360.81543384331485 -755.1767847449911 466.5742071530452 260.81145942340515 271.96207203245933 -664.2277017667021 445.09129224892723 176.68649852692013 305.52768521666815 -697.5755985504055 451.1203066724197 254.11223100283053 328.0015549224838 -705.2424077066443 437.1583761838573 218.41708573558563 345.2112217754563 -727.3619795640461 437.0194725549779 157.21371283825727 321.0265731874234 -701.5825082866509 431.9330731183849 152.60800674507993 270.88932156359544 -650.6531360264765 443.5155488401018 212.18374147578206 321.88592956764774 -707.269712942789 454.26641872109934 216.75674668280146 335.41237828798626 -716.1078392686583 458.71777020190996 268.4156288191614 284.1289733422789 -660.334183174038 448.4261065128194 233.9110843678704 318.6177963669127 -721.0451540193626 439.3076562004767 192.3235477934609 355.0131523425097 -737.9751703585761 454.4366467502481 234.71431644165213 295.29268169901985 -687.8391595730131 452.8797361551398 203.55985711560476 311.8890411978338 -710.6514033030946 445.84667117376586 245.28218548725752 281.13870334721946 -673.90883714851 453.8250694070291 210.27288150971708 327.1841551275115 -719.1638285915909 472.0509051491079 301.1686265540695 341.7763066813368 -738.2179304242586 463.7273314420461 274.2783780938565 287.1154846030803 -666.2393064335533 436.61933065699674 178.76354282861715 288.66382001089005 -676.0164298214672 464.2257083166974 280.77807321384614 299.59809356133565 -674.1381737195196 474.3736187938546 293.5280103657727 333.3527234924728 -736.7903115850121 443.5243262260709 205.58455469869298 285.21218352403633 -670.3442137705716 436.94376557853343 210.8802714378912 315.12384516412817 -702.4936962955471 471.06768857107636 285.81478288381743 357.0068958622606 -749.1263744388957 459.32114611612656 214.4576704391692 363.80722955504154 -748.5722153135083 432.1066185062154 207.02938483649703 295.86604828079084 -693.3939506632578 431.5529359788073 159.69121987687203 322.47474318573416 -727.1774420828784 455.1777144813998 228.95225424644408 351.7529878301177 -732.3558237457974 436.7199768767817 163.9244440243661 350.9107026885562 -743.8671992477873
740.0048855897958 1.3901023647960304 1.3901023647960022 0.69505118239805 1.3901023647960538 1.3901023647960145 1.9659016173811812 1.3901023647959634 1.3901023647959982 0.6950511823978913 1.3901023647959165 1.5541816916834668 1.9659016173813415 0.695051182398019 1.3901023647959514 1.3901023647959245 0.6950511823978192 1.9659016173813415 1.390102364795952 1.3901023647958932 1.3901023647960484 1.390102364795981 1.3901023647959345 0.6950511823980379 0.6950511823981574 1.3901023647959156 1.5541816916835802 0.6950511823979909 1.3901023647960133 1.9659016173812278 0.0 2.865769440237249 1.3901023647958906 1.3901023647959567 0.0 0.6950511823979104 1.5541816916834477 0.6950511823978922 1.390102364795893 1.3901023647958666 1.390102364796113 0.6950511823979115 0.6950511823979373 1.5541816916835043 1.9659016173813275 1.965901617381339 2.8657694402372615 2.8657694402372655 0.6950511823979809 0.6950511823980652 1.3901023647959665 2.865769440237246 0.0 1.3901023647959425 1.3901023647958606 0.0 0.6950511823978568 1.554181691683452 2.8657694402372895 0.695051182397934 1.5541816916836084 1.3901023647959747 1.3901023647960393 0.6950511823980342 1.5541816916834814 1.3901023647959823 0.6950511823979962 0.6950511823980392 1.390102364795874 1.3901023647959205 0.695051182398044 2.865769440237304 1.3901023647961344 1.9659016173813337 1.9659016173811388 2.865769440237183 1.3901023647960182 1.9659016173813522 1.390102364795888 1.3901023647958672 1.9659016173813266 1.5541816916834839 2.8657694402373184 1.3901023647959578 1.9659016173811488 1.3901023647958828 1.390102364795805 1.390102364795983 1.965901617381478 1.5541816916834197 1.5541816916835833 0.0 1.5541816916835447 1.3901023647959787 0.0 2.8657694402372877 0.0 1.3901023647959745 0.6950511823980188 0.6950511823978971 1.5541816916836084 0.0 1.390102364795976 1.390102364795992 1.390102364795888 0.6950511823980493 0.6950511823979306 1.3901023647960036 0.6950511823979166 0.6950511823980196 1.3901023647958812 1.5541816916834488 0.6950511823979414 1.3901023647958932 1.3901023647959478 1.3901023647959556 1.9659016173813695 1.3901023647959978 1.3901023647959245 1.390102364795902 1.9659016173811916 1.5541816916834865 1.5541816916834466 0.0 0.695051182398145 2.865769440237278 0.6950511823981577 0.6950511823979248 1.3901023647960415 1.3901023647959885 1.5541816916834112 1.390102364795966 2.8657694402372673 1.9659016173812958 0.6950511823980461 2.865769440237233 1.390102364795888 0.6950511823980295 1.3901023647957864 2.8657694402373437 2.8657694402372313 465.8685882182252 265.766898840922 292.86656745681404 -684.6733867332059 476.0409368776592 297.95131187722967 347.7329080541007 -735.6621137565143 449.2632641320892 237.84258701333175 350.8075767897046 -741.3463706612083 448.0140321683542 212.81405667315823 359.8549413844567 -746.4473194474539 432.97344175899497 166.53377828177574 363.02062596433916 -743.4079477573085 441.98349105502484 228.7047562958538 311.8767926760799 -693.7012143428611 454.9012805520187 252.29003558559776 269.66312286939564 -655.982798215635 455.1091714619141 258.7671193108202 347.57967946653866 -745.9135047659092 442.3315539732107 178.70018913732386 320.419921022798 -716.4675502449413 451.18511076458583 192.2319493069247 341.1277465990105 -744.239536838264 468.58372104494174 274.7333444285293 332.7077528279069 -713.8558585184537 440.3937934260411 216.04732108434308 279.3785562330058 -657.8611060294289 454.31645495941916 238.56048086532365 314.50983722806956 -686.4763968529214 433.130855239739 187.29817170508312 340.7605274762285 -724.8320301790575 455.10050617965635 245.7671700154788 280.99750102674204 -664.3990986381724 433.19694870598164 144.88792035179864 295.86675821934944 -676.4498571122851 440.9044980623911 166.48923863013096 345.8754398344966 -723.198012036164 440.30543526183 196.2917011880084 337.15811285699 -711.5706293240457 437.6202464489692 172.16901747045165 342.59946199529867 -716.5953626485576 444.8085287417642 186.1802017885099 306.07088526808326 -694.5504792486407 448.317712779388 224.7923046414375 298.8717479890878 -700.6499920751917 429.91870386871153 191.64883449159467 296.0810175295301 -670.7651977172721 454.38705013504205 219.60746010818895 332.97066226586685 -719.0561215045792 468.95685097736896 290.85031774221017 332.4927585301384 -732.3595276473502 448.15669073518205 206.20510202564233 351.83517194377305 -751.7904248654671 427.95858137827446 182.4609583254218 341.64157170613043 -730.0514856157066 435.59757724900373 200.717836414267 319.03658116775614 -710.5886256317634 422.89829185115013 172.11298369122426 273.15147120474927 -661.4845748357847 445.0334317993161 199.27522616141758 311.52627887171735 -705.425021693921 460.9826247459349 225.83211032281247 328.4428554727384 -703.0413158582834 460.4226558984445 248.3646078079851 316.6455118593565 -699.3996258431752 435.2229896081566 194.10751664800338 309.49619658079223 -687.7202195698649 460.8709968208935 262.4655039840834 322.14513760177914 -698.1795145234463 439.27220863332485 182.67666014897375 302.7009851660739 -688.2200131857148 443.57171978328614 192.6401284453495 297.9724474594221 -682.2261733942823 445.828464942621 217.63246513193434 310.9059258974609 -716.8727142191409 427.6112425632949 176.34468900918563 340.49963197100374 -735.0842357092826 450.4344845105348 244.61974561238466 356.00231658712966 -757.2380949401149 432.99514223246103 180.4612133793547 330.00794072488213 -727.076027682447 429.03262302475713 170.32139078478846 316.93614625464124 -692.8578218830617 463.9798812007065 285.8725946774532 305.57018962248753 -682.5242409293447 442.58333159891754 222.69297875748347 363.639896017326 -757.2194388801014 465.4767863554284 258.33342374572675 274.5159486064503 -667.2251180274828 443.92162948506586 173.80138310016412 306.9328526486056 -700.1589186128681 450.01637594708353 251.6368117490996 330.7393254715701 -708.6303465283837 435.86117908387973 216.04680275311918 347.4003877186561 -729.5745213129806 436.90811659267627 155.05930581414353 323.06152630111995 -703.6789399069107 431.44619945788986 150.2233629893041 272.82811760007223 -651.9361328575247 442.7212490634157 209.53705968528078 324.6789507737491 -709.9638253059017 453.28194139008576 213.33531106947666 338.93200294625854 -719.1279809148747 457.98487846629513 266.61847273113545 286.1405422427948 -663.3957070108823 447.2825835882416 230.57812480115166 320.2535270115392 -722.0888291726062 438.4832504813225 189.24866157361524 356.7314844394222 -740.7894136031183 452.25973212669805 231.50193517458504 297.47924311233663 -690.0551661487654 451.678758157168 199.37165324105757 313.8919914732593 -712.4766476008257 445.58633141455266 242.35290693764927 282.5906341435103 -674.562029774654 452.9871654063207 206.32798833826118 328.82889770124086 -721.4434186931629 471.3378061433488 299.79868707266706 344.03334431317603 -740.9718442031473 462.9586686890257 270.7558408030432 289.4857036763642 -668.8460186506256 434.1119576384427 175.07742655227204 290.9785970590278 -679.3170535474816 463.47059538294917 277.6845968714027 302.0878633137501 -676.5932818314894 473.6312633091252 290.43337637000303 334.69542959512495 -738.8316107205995 442.20157631127097 202.78633243641968 288.61157569703096 -673.5166222625045 435.9618584488612 207.89495593288535 317.31042589222517 -704.7096655010517 469.306958236069 284.1207962289156 359.3974251223622 -751.7144637850793 458.59657203311104 213.5329737455861 365.63036116479327 -751.9062845324918 430.44504243052756 204.4197935493438 295.6356141920287 -694.933378368172 430.7253990527113 157.05480467198177 324.05512620541793 -728.9148273898874 453.522854239147 225.89604282496148 353.1629874031025 -734.9353987364634 435.55392288464344 161.48029629222407 353.87068676013035 -746.6682569234679
750.0048855897958 0.6950511823980182 1.5541816916834394 1.3901023647958661 1.390102364795897 2.865769440237329 1.3901023647960815 0.6950511823980362 0.6950511823980392 1.390102364795985 0.0 2.865769440237348 1.3901023647960513 1.3901023647959536 0.6950511823981131 0.6950511823978681 1.3901023647958373 1.9659016173813761 2.8657694402373757 1.3901023647958946 1.3901023647958546 1.390102364795927 1.3901023647961328 1.3901023647959447 0.6950511823979523 0.6950511823979398 0.0 1.3901023647959792 2.1979448267707964 1.5541816916834263 0.6950511823978731 0.6950511823979855 1.5541816916833548 0.695051182397903 1.3901023647957949 1.3901023647958635 1.3901023647959583 1.3901023647959478 1.5541816916833069 0.6950511823979696 1.3901023647959572 2.8657694402372518 0.6950511823978583 1.5541816916834472 0.0 1.3901023647959903 1.3901023647959125 1.3901023647960293 1.3901023647960686 0.6950511823979851 0.6950511823977852 0.0 1.390102364795904 0.6950511823979677 1.3901023647960262 1.3901023647959225 1.390102364795983 1.390102364795997 0.6950511823979377 1.3901023647959496 1.9659016173813246 1.3901023647959634 2.8657694402372744 1.3901023647958854 1.9659016173813841 1.3901023647959854 1.3901023647959303 0.6950511823980065 1.3901023647959851 1.965901617381369 0.6950511823980369 1.3901023647960016 0.6950511823980596 1.390102364795945 2.865769440237385 1.390102364795918 2.8657694402373792 1.3901023647959496 0.6950511823978504 1.5541816916834603 0.0 1.3901023647958708 1.3901023647959374 0.6950511823980193 1.9659016173811938 1.3901023647959552 0.6950511823979264 0.6950511823980686 0.6950511823978783 2.8657694402373464 1.5541816916833384 1.5541816916834237 1.5541816916832787 1.3901023647959367 1.3901023647958526 1.5541816916834823 0.0 1.3901023647960034 1.390102364795944 1.9659016173813062 1.3901023647958788 0.0 1.3901023647958357 1.5541816916834843 0.6950511823979264 1.5541816916834557 1.9659016173815356 1.39010236479586 1.9659016173811938 0.6950511823978771 0.6950511823979014 1.554181691683458 1.390102364795875 1.5541816916834936 1.3901023647960218 0.0 2.865769440237276 1.9659016173813322 1.3901023647959108 1.3901023647959396 0.6950511823979075 1.554181691683565 1.3901023647960715 1.3901023647959543 1.9659016173813275 1.3901023647959592 0.6950511823979203 2.8657694402372846 1.3901023647959483 1.390102364796004 1.9659016173812662 1.3901023647959145 0.0 1.5541816916834867 1.3901023647960349 1.5541816916835114 1.3901023647958837 0.6950511823979982 1.3901023647958437 0.6950511823979156 1.9659016173812278 465.8426971286889 264.90356503121944 294.6304857838508 -686.8017159546278 474.77292255526385 295.12784581482293 349.5948104231218 -738.3057870891109 447.7490979775589 234.26944803584027 353.11553118263686 -744.0551947763828 446.8911859469231 210.78709591173816 362.91389720160686 -749.4479120698956 430.3553952424521 163.5868903876892 365.576785508916 -745.7951506567338 440.28955155274167 225.22978866155023 313.7608211067157 -695.6771737734027 453.78289046494206 249.82136876375804 271.6660287774103 -657.8081000985887 454.00735998837746 256.72943615898333 349.57541500515714 -748.3935100243231 441.32949162321273 176.15995086156025 322.8495012852306 -718.3756703136755 449.52448019307946 190.06398691456795 342.8457236536725 -745.7969274582987 467.8567118027669 273.3708484772048 335.2703519791723 -716.8456385037206 439.3664935953587 212.20175447599712 280.958707517905 -659.5989033967829 453.2222677057468 236.9581107251525 315.73188320996985 -688.6689058865475 431.8000319436576 184.9478432779945 342.38511433768963 -726.8264505998384 453.45484300468496 243.1465538984853 281.97125037125534 -665.6587092967895 432.4501339344186 142.0546721215868 296.9601268978345 -677.5577993129716 439.72551134641486 164.0500173738775 347.5365008320104 -725.4633431183329 438.9127842464333 194.19611374400665 338.9959339505778 -714.2359575954519 435.6232840321628 167.5281933097847 346.13425001287794 -719.5991703729084 444.7245484493152 184.45205223570755 307.7712087519641 -696.1361208320535 446.45509053718257 221.41033934757186 300.6359056451361 -702.7780074104329 428.4000905757714 188.95761510867112 298.8099680553505 -672.9169826515423 453.25003053166677 217.14701969258968 336.14590156232225 -722.5164968270142 468.0529093881906 289.1445335977572 335.4203353653073 -734.8831827538345 447.349150737154 203.55979162907232 353.4177412223149 -754.1872751316281 426.59755215051854 179.68449026683172 343.67968079304234 -733.1000568818637 434.84376165114566 199.3691776450849 321.108419630285 -712.9521097984764 422.00102100231476 168.6138579543218 275.760802725106 -663.7880699720724 444.22093629124697 196.63284148166767 314.37546785165944 -707.423900878408 459.8534626664185 223.36878111917378 331.83623902970857 -704.9726226850678 459.3062482465037 245.8953473617022 318.8335485513272 -701.6142962666037 433.5628955080578 191.93924799702586 310.90185118789555 -690.3034335630203 459.7615756915816 259.9941699092896 324.7560013477296 -700.4811165676806 438.08314995107764 179.7983189446432 304.0977185839223 -689.566885240652 442.2299220743458 189.8508959256214 300.0309123159595 -683.3574886618828 444.3530884426459 215.3600315975829 312.3579632586894 -717.5244033253055 426.64794870886055 173.11266253514015 342.4788884191983 -737.5771519923254 448.2484093315434 241.41361324488966 359.53226865179073 -759.5967182182267 431.4646044495451 177.77837787989935 331.4752334859217 -728.9571214124142 426.8884048630396 166.65398173572828 318.93973876097385 -694.682496475491 463.38150167153054 282.6928930563877 307.7571163943521 -684.7399085230784 441.7682461484265 219.61538397437775 365.88060914734615 -760.1662399146379 464.37729297361693 256.29397216208145 275.8570129977685 -669.2661267259144 442.73348080099066 170.9270761925412 308.6328690284675 -701.7448152893907 448.6996627132063 248.39835081770133 333.23725267714127 -711.0784153324144 434.1410660039316 212.1432552155827 349.4511549978865 -732.613897630954 435.69091101375426 152.641580582856 326.21572542815085 -705.9147335800338 430.4133038159502 146.77394641071737 272.95633317736656 -653.020746825109 441.23653757142984 207.26933133163845 326.68442395301224 -711.7853693806358 452.8184935218575 210.5032552294093 341.4347252790101 -721.5704740038788 457.398356805135 264.30481256244343 288.7498948523451 -665.6991700286528 445.62592834134375 227.96292115788864 320.8066073515488 -723.2591554806113 436.75541672163945 185.7908858127432 358.9698165311889 -742.9552769404494 450.99332718319516 229.9943190868218 299.1237501399168 -692.3351501384515 450.21385093055875 197.53531827942254 315.7120522279821 -713.909249574916 443.5349436287923 238.19263995702084 283.8034930918819 -675.5184028572992 452.0124191522574 203.7777393214715 330.7176528645087 -723.4129669036744 471.13225194903924 298.1629278826642 346.68246962144696 -743.2342071391571 462.7158753499763 268.2576576928912 292.3982828524329 -671.388558670239 433.4090514803607 171.92083978376712 293.8270827264224 -681.3172400327211 463.40043895875505 275.09524689308455 302.7672091114846 -678.8500259992227 473.4118429638748 288.36572786360455 335.8692358687694 -740.4709719634716 440.5665471584203 201.0457089191247 289.95264518180966 -675.5576288157065 434.8317138575361 205.87272422818083 320.6486505919898 -707.3363403934735 467.6962532186277 281.9145188896476 360.8451621286938 -754.9494725677523 457.47478885072 211.50582869738025 367.3225431494673 -754.5095888538799 430.1175277324804 201.06505810684195 298.0614635299561 -696.8458778567679 429.0523085289983 153.54440377210148 325.0870654858577 -729.475537464902 451.88351599106915 223.71231908789971 355.0401358433022 -737.5707968012836 433.8416709575631 159.3582383705679 356.6109544999701 -749.4550737591268
760.0048855897958 1.3901023647959108 0.695051182398095 1.3901023647959798 2.8657694402373197 1.3901023647959243 0.6950511823980108 1.9659016173813462 1.3901023647960151 2.865769440237315 1.3901023647958866 2.86576944023723 1.3901023647959756 1.3901023647958632 0.6950511823978466 2.8657694402372464 2.8657694402373948 0.6950511823980308 1.390102364795963 2.8657694402373237 1.3901023647959265 0.6950511823978903 1.3901023647960644 1.5541816916834321 1.5541816916834645 0.6950511823979529 1.554181691683432 0.0 0.6950511823979064 1.3901023647959345 1.3901023647958841 2.86576944023734 0.6950511823978667 0.6950511823980658 1.5541816916835476 1.3901023647959367 0.0 0.6950511823980328 1.5541816916835547 0.6950511823980077 0.6950511823980652 0.695051182398027 1.3901023647958222 1.5541816916835134 1.5541816916833122 0.6950511823980203 1.3901023647960815 1.3901023647958823 1.3901023647959247 1.3901023647959778 1.965901617381425 1.554181691683504 1.390102364796116 4.170307094387813 1.3901023647959732 2.865769440237233 0.0 1.3901023647959179 0.6950511823980428 0.6950511823979073 1.9659016173813821 1.390102364795956 0.0 1.3901023647959705 2.8657694402372895 1.3901023647959392 1.5541816916834554 1.3901023647959445 1.3901023647959303 1.390102364795938 1.3901023647959283 2.8657694402372593 0.0 0.6950511823980245 1.5541816916834834 1.390102364796002 1.3901023647959643 1.3901023647959139 1.3901023647959565 1.554181691683482 1.965901617381345 1.9659016173812336 1.3901023647958959 0.69505118239797 1.3901023647959205 1.3901023647959239 0.6950511823979342 0.6950511823979609 1.3901023647960749 2.8657694402372504 0.6950511823978774 1.5541816916834552 1.5541816916835705 1.3901023647959694 1.9659016173812802 1.5541816916834978 1.554181691683473 1.3901023647959148 2.1979448267706774 0.6950511823979226 2.8657694402372202 1.554181691683489 1.3901023647961204 1.3901023647959394 0.695051182398092 1.3901023647958661 0.6950511823980107 1.9659016173812955 0.6950511823979084 1.3901023647959763 1.3901023647959037 1.3901023647960191 0.6950511823979397 0.6950511823980517 1.390102364795841 3.108363383366945 1.3901023647959498 0.0 1.3901023647960273 1.965901617381323 1.3901023647957826 0.0 1.5541816916835711 1.3901023647959383 2.8657694402371603 1.3901023647958808 1.3901023647960251 2.8657694402373015 0.6950511823979139 0.6950511823979424 1.3901023647960113 0.6950511823980512 0.0 1.9659016173812407 1.3901023647958126 1.554181691683449 1.3901023647959216 0.6950511823979054 1.5541816916834226 1.3901023647959376 1.3901023647958257 465.0754798428466 262.6832582180763 296.22259441530633 -689.7745534542138 473.1121881248745 291.19916126686223 351.8944053726721 -739.7428145462293 445.89536604425246 231.32376893143123 355.7300209257058 -745.7116611027377 445.61932553204934 206.18127677491503 365.7541343778563 -751.452700155389 429.0991663968672 161.1883298483925 368.84539786784825 -747.8673323167494 438.9480239000496 222.4419365980041 316.44455877476565 -698.5124745289054 453.20800222434946 248.37554682538527 273.54947606531306 -659.784836725791 453.04563437377226 254.17471181605703 351.85067577245877 -750.5143336049122 439.68116684764993 174.89661937827734 325.4799838835363 -720.6529387417121 448.28807651567325 186.76586195705076 344.9136398076061 -747.5504071055302 466.58498779261606 271.4246134745996 336.52394430249996 -719.0156961618857 438.56649024509204 209.21480736865217 282.35553328657863 -660.9457241256564 452.6086096047735 234.6509045168724 318.1112367701083 -691.267804852566 429.93954247468594 180.6625570931132 344.9258073215824 -729.2245496271802 452.86000571390076 241.2698843540021 284.1494584894966 -666.638081864005 431.48167959144456 138.35110824631082 298.84472601850445 -679.5332279338903 439.2193433792759 162.10209066655733 350.630732444997 -727.775894337008 437.8695845132364 191.2312135129777 341.68558595273777 -715.8082118068867 434.42833709348184 165.55143172911605 348.79085590305226 -721.8422084968124 443.5627507206695 182.44833749236244 309.3552037729471 -697.8712525588776 444.9278556792205 218.28232382338788 303.6203147321441 -705.8559296604765 427.8128455803005 185.27636382291388 300.6396351936766 -675.5867313765777 451.7426103605621 214.45210234535764 338.795766673267 -724.7732031055596 467.2973147283147 286.9206106067458 337.4674134844464 -736.6586593611739 445.41600954417913 199.77341195843687 354.9607940414007 -756.0060634987358 424.7831791013961 176.27485453776356 345.0021420960109 -734.561775438822 433.6132869880766 196.06656871769832 322.8905437829653 -715.0683177172466 419.4066228340046 164.76189305811886 278.06722945034363 -665.8521142237512 442.85161883540064 193.8574818836417 315.6447484908414 -707.6812618001806 459.79791473486085 222.07362150708528 334.3449550788782 -707.4028301790455 458.2396105087202 245.1577112072506 321.3348629501793 -704.0577232628758 433.03810968051624 189.1174077409387 313.24605436680025 -692.6325771421722 458.2537184878546 256.4189248824521 327.02292204388306 -703.2251400792103 436.4060308490102 178.10073641456756 306.9498720285681 -691.5621784664531 441.04294427609744 187.41728020964473 303.3042688715575 -685.441582341155 443.6373256732197 211.33096262498736 313.38838966800535 -718.0852849961841 424.5206343933609 170.33586234850597 345.2788214963253 -739.6349314869562 447.9549748864783 238.4868165929589 362.0652665577064 -761.3660042592269 430.37592043457005 174.83024073031606 333.9383615194306 -730.8237965097387 426.40174438296265 165.1367242460694 321.8617267240366 -697.2127523675425 462.7926459638502 280.3788450086576 309.52477864813005 -686.8645005085915 439.88096694881125 216.24399960206924 368.5792236631875 -762.8601142622974 462.91209743992613 254.0133525898669 278.0992456559684 -670.7878773981341 441.8788751446041 168.7415867184399 309.7962912949286 -703.3899871521617 448.0555445886886 245.22804712311532 335.33499308286105 -713.4207578694444 434.00719161039444 209.55735992272494 351.28770277902913 -734.685556282569 434.1700032694315 151.32239907785615 328.7960774135295 -708.8896838063346 430.6062803617949 143.88460438783386 275.6299514771542 -655.8663126362416 440.02230614582896 203.9622973246144 329.2842218126761 -713.7945835815898 451.30694942811914 207.80883897571627 344.51165624241804 -723.8969557535407 456.42868314906815 261.3156058880115 289.90801525263805 -667.349314042258 444.158868571596 224.14124610972547 322.45224202189115 -724.2848037628607 435.44755800364953 184.3230555374938 361.9924068889765 -745.3628326120283 449.51039955909334 227.72471965492352 302.3434699690854 -695.1116822170977 448.97737103129265 193.79432776521446 317.30270721958027 -715.6356752815539 443.07191764742845 235.35772185971257 284.3547118194561 -676.6900696494179 450.8294908174044 200.9005081379853 332.7971462171754 -724.510079459856 470.6975533778907 294.89277806996034 349.71659276283606 -744.9747492615062 461.44135386761786 266.31327634582965 293.9791809554065 -673.1256218731527 432.52947056235644 169.73845522272626 296.38320150034025 -684.3130845896109 462.8216541393729 273.21323560092435 305.6498344834355 -681.1186349229241 472.60741227367475 284.4152438614489 338.35036025033986 -742.3163878744607 438.84332770994376 198.0267922232935 292.56320264203185 -677.8596352236905 433.08400492217936 202.42355863292354 322.9675828714088 -709.3856665281731 467.4609209728013 279.84931361761875 363.8932155923824 -757.3298477947632 457.0578390263125 209.9691699656434 369.6595099136491 -756.5659712027922 428.248011764476 198.5779234724325 301.0425029055957 -699.9264359503301 429.0062033278609 149.90270337235398 326.0814459346857 -730.713413994878 450.0626812000064 221.63417438257383 357.8510666665814 -739.6139454794242 432.6137352578467 157.3949520046147 359.2104969146767 -751.7966408619795
770.0048855897958 2.8657694402373015 2.865769440237437 1.3901023647958897 0.6950511823980551 1.390102364795987 2.865769440237168 0.6950511823979797 0.6950511823978974 1.3901023647959723 1.554181691683571 1.9659016173813855 0.6950511823979522 1.5541816916834421 1.3901023647958224 1.3901023647960054 1.390102364796053 1.390102364795951 0.6950511823980079 1.3901023647959179 0.6950511823979248 0.6950511823980079 0.6950511823981341 1.5541816916834534 0.6950511823979917 0.6950511823979183 1.9659016173813766 1.390102364795873 1.3901023647958313 1.3901023647959598 1.3901023647960187 2.86576944023734 1.3901023647959918 1.3901023647959014 1.5541816916836084 1.3901023647959394 1.3901023647957669 2.865769440237263 0.0 1.554181691683488 1.9659016173811819 0.6950511823979106 0.6950511823981821 0.0 1.554181691683412 1.3901023647959863 2.8657694402372536 2.8657694402372407 0.6950511823979851 0.6950511823980112 1.9659016173813635 1.3901023647959323 2.8657694402373317 1.3901023647960165 1.3901023647958475 2.865769440237315 1.5541816916834048 0.6950511823978962 1.3901023647958872 1.3901023647959323 1.9659016173813575 0.6950511823978796 0.6950511823979393 0.0 2.197944826770709 1.3901023647959259 1.9659016173811998 0.6950511823978892 1.3901023647959927 1.554181691683472 1.3901023647960762 2.8657694402372744 1.5541816916835471 2.865769440237346 1.3901023647959545 1.3901023647959396 1.3901023647958246 0.6950511823978883 0.6950511823979945 0.6950511823980042 1.5541816916836033 1.5541816916834246 2.8657694402374356 1.3901023647959347 0.9730716553570625 1.3901023647958923 1.3901023647958313 0.6950511823979044 0.6950511823979081 1.3901023647959845 0.0 0.0 1.3901023647959325 1.390102364795892 2.8657694402372798 0.0 2.780204729591733 0.6950511823980293 0.6950511823980892 1.390102364795975 1.3901023647960844 1.3901023647959172 0.0 1.5541816916834228 1.3901023647959865 1.9659016173813126 0.6950511823980059 1.3901023647958881 2.865769440237232 0.6950511823980098 0.6950511823978733 2.865769440237333 0.6950511823980381 1.3901023647958808 1.3901023647959865 1.5541816916833808 0.6950511823980892 1.390102364796047 2.8657694402373206 0.6950511823979473 0.6950511823981115 1.390102364795833 1.3901023647958761 1.3901023647960398 0.6950511823979183 1.390102364795913 1.390102364795974 1.3901023647959616 1.3901023647959436 1.3901023647959205 0.6950511823980129 1.390102364795973 1.5541816916834543 1.3901023647959867 0.695051182398054 1.5541816916834637 1.3901023647958177 0.6950511823979727 0.0 2.865769440237261 1.3901023647958706 463.60137162311224 260.40976650003137 298.6612659562836 -691.6728748394204 472.13787006473564 287.7755466077056 354.94037746088736 -742.1283198805216 443.9716789535221 227.53267353110434 359.12208570124756 -747.6029782225855 444.2073465867432 202.9850656762439 367.5557770159335 -752.9290187436687 426.8797899509338 156.6485337182034 372.1304471629912 -750.5884319294883 438.8261050755886 220.2879109695518 317.73774593343774 -699.9981094049433 451.70410324613596 245.67732992343238 276.1058109536616 -662.780130726621 452.99681292157203 252.09996806187615 355.0049103158005 -753.4193456318063 438.78547565585285 172.7257958626857 327.8011382813739 -723.3593957270234 446.42804065623045 185.17815725027 346.48790476819784 -748.6652840636818 466.8903895647506 270.37613202956675 338.61376196804866 -720.0843908539828 436.118841442839 206.1729855050855 283.395515393213 -662.7462061940882 452.503050149748 232.49290092252824 319.94586925573236 -692.6782920303938 427.70109524271885 177.0518599045786 347.0230048785416 -731.9249426540775 451.53994051374565 238.91152305899493 286.57850344126786 -668.5468017707792 429.571009550478 134.61774636137937 301.7144826303337 -682.758077424239 438.67363265259155 160.1617545356356 352.2397073354758 -730.8409238064061 436.07524457036874 188.25329902976102 344.37232810434136 -718.0262052674681 433.0171729140747 161.87563977733262 351.37244477065633 -724.1978416734528 441.1849600355797 178.92588926796898 311.37672358348226 -699.6784132248202 443.65133707828136 214.11846539059025 305.63990017076344 -707.6625265349039 425.99509769380313 182.31178813991954 302.90103669841466 -678.3359416277242 450.9207696245668 212.25165717961897 341.06231409009945 -726.9056359257618 466.4995233362959 283.83837715198274 338.4905844918722 -737.8780996898972 444.3230186107584 196.38471136779302 357.2681515611538 -758.7790751602485 423.0621067759503 172.79405651411918 348.23081961947463 -737.347780467839 432.32410011388896 192.78708163536615 326.4031776133821 -717.4687671158368 417.76813766807044 160.7732165968411 280.74424261606566 -668.6944240492522 442.17177331177993 189.32227968411132 317.95382435309347 -708.4768183359614 458.27409362153213 219.38758904518974 335.73189220488507 -709.4061268702447 457.1330569087109 243.566657969837 323.0139346560559 -706.3122569650916 431.13257099169226 185.97870557884076 314.8753956297603 -694.6240233812455 457.61967550886135 253.6796564707118 329.13550794226416 -705.5557070849437 435.145739012131 175.69903137064762 308.6821102876021 -694.3689839381782 438.7382516373954 182.4958967042904 305.8753828015778 -688.425107972615 442.36917981032275 207.60672760503752 314.38188262982044 -719.3246683429148 422.53418543857066 166.11397420203312 347.8646925254575 -742.6626582404552 446.39934467651784 234.93117183854275 364.93646909034186 -762.624616701066 427.9669435460847 171.32792123040613 335.89481241884437 -732.7256190200362 425.1409937175252 161.35871521446808 323.61254186023893 -700.0086075401382 461.4627765988494 277.1444112376041 312.91389516530995 -689.7412245407054 437.61595803339316 213.09318789509118 372.1094300455779 -764.3887259282441 461.7890922809551 251.98752883690818 280.6570567917555 -673.7821422596343 440.6915999853381 167.2100173640355 310.78318260899647 -704.6400866348894 446.86589584483 241.91146368171619 338.1614439745866 -714.7991933937416 431.70174563411376 205.98507857477037 354.12195359284516 -736.6951956651869 432.7931235048325 149.91273294312688 330.4887570287391 -711.1360080349685 431.0542669272683 141.74662440137936 276.55003766820926 -657.8189593320288 437.76595039070617 201.25573597461528 331.71050540004836 -716.3504445792051 449.94984030300424 205.4673111910425 346.35557316143564 -725.9539386287873 455.98310505349565 258.9125118421104 292.8249433091579 -669.8869432300094 443.80120343533673 220.78751626366733 323.6516131273603 -725.9010402447593 433.832970845654 181.68674552557053 365.1778562415669 -746.8684907773687 449.0170214580882 224.89706125339816 304.1249995168324 -697.2246382485952 447.66003421741203 192.32798623822865 318.9154768497901 -717.345748500892 441.1719571144303 231.99771127040654 285.88470813769305 -679.1174380863973 450.3504928982494 198.94121572789254 335.1707198384026 -726.493872490279 468.8325649423491 290.6332277007462 352.52572575450716 -748.3644739579739 460.6450589813132 263.66541440262046 296.23776287230027 -675.8775047718478 431.8297503853771 167.89438297190128 298.3941115631633 -686.1304007924392 462.0285025079632 270.5637978217928 307.91501011363346 -683.8657425055892 471.2893607698369 281.17760093937727 339.80822932673846 -743.5969025791032 437.73536772683167 194.64230580043562 294.94254809287247 -680.4576095684616 431.9783360114426 199.03580180573329 324.9613769277214 -711.8690763847748 465.97939360057336 277.1382658577949 365.2736114086741 -758.0441625437267 456.28812609224303 208.6345055937132 371.90398281546396 -759.4592281754805 426.96234287427416 195.292210718369 303.0572881547806 -701.7378781258236 427.64344436103556 147.10320853696314 327.12619519683517 -731.2436611130943 448.82016584051394 217.89778399727425 361.2363563251587 -741.511326252841 431.4775935732959 154.9105590826316 361.1269331899154 -752.4210417292192
780.0048855897958 1.390102364795837 0.6950511823978669 1.3901023647959065 1.3901023647960244 1.3901023647959188 0.0 0.6950511823979982 2.865769440237308 1.3901023647959754 1.3901023647957678 1.965901617381283 1.9659016173812638 2.8657694402373437 0.6950511823980046 1.3901023647959507 1.3901023647959052 0.6950511823979626 1.3901023647960833 2.865769440237289 1.3901023647958104 1.3901023647959478 4.170307094387711 2.8657694402372718 1.3901023647960917 1.5541816916834812 1.554181691683597 2.865769440237346 1.390102364795779 2.8657694402372655 0.6950511823980543 0.9730716553570781 0.6950511823979888 1.3901023647960147 1.5541816916835265 0.6950511823979112 2.865769440237295 1.3901023647960296 1.3901023647958561 0.6950511823978823 2.865769440237207 1.3901023647959134 1.9659016173812196 1.9659016173812578 1.3901023647959205 1.3901023647959736 1.3901023647958353 0.6950511823980317 1.390102364795902 0.695051182398025 1.5541816916834295 1.5541816916834226 1.390102364796054 0.6950511823980607 1.3901023647959208 2.8657694402373597 0.6950511823981161 0.6950511823979262 1.3901023647959359 1.3901023647958888 2.865769440237412 0.695051182398005 1.3901023647959938 2.8657694402373 1.3901023647958881 1.3901023647959447 2.8657694402374387 0.0 1.3901023647958843 1.5541816916834779 0.6950511823977942 0.0 1.390102364795919 1.3901023647959205 1.3901023647958357 0.0 1.390102364796059 2.8657694402373037 1.3901023647959385 0.695051182398062 0.0 0.0 0.6950511823981108 1.3901023647959874 1.3901023647959538 1.3901023647959625 1.390102364795895 1.3901023647960056 0.6950511823979943 0.6950511823979102 1.3901023647959054 2.8657694402372416 1.3901023647959365 0.6950511823979678 0.6950511823979574 0.6950511823979473 0.6950511823979098 2.8657694402372886 1.3901023647959305 1.3901023647960091 1.5541816916836015 2.8657694402372913 1.3901023647960618 0.0 1.3901023647959485 2.8657694402372367 1.3901023647959534 1.3901023647959467 1.39010236479603 1.390102364795953 1.3901023647960566 1.390102364795901 1.3901023647959967 0.695051182397978 1.9659016173813118 1.3901023647958526 0.6950511823980421 0.0 1.3901023647958382 2.8657694402373157 0.695051182397851 1.3901023647959887 2.865769440237268 1.3901023647959527 2.8657694402374267 0.6950511823980327 0.6950511823978063 1.3901023647960218 0.6950511823979217 1.3901023647958766 0.6950511823981601 0.6950511823979837 1.5541816916833517 2.865769440237277 1.9659016173815265 0.0 1.3901023647957647 1.3901023647960304 2.197944826770759 0.6950511823978888 0.6950511823978655 462.4273971396602 257.52839007113374 300.69040643891776 -693.4689460474757 470.5791888550933 283.3434717550369 357.7146865946418 -744.2293613841073 443.244956428875 224.38350209249717 361.58713588377077 -749.4779001695377 443.80203920133096 200.07421524952667 370.36918019372837 -754.9818313594183 425.5702537954565 154.27620180975202 375.06226504744944 -753.1726841113682 437.5810293188293 217.4347605620909 320.21414818231966 -702.8082153181394 450.59936489569594 241.41427446211128 277.26746696356554 -664.4266499398248 451.7584705189309 248.3580368537442 356.394472580022 -754.809447217206 437.6427571780114 168.4169537173922 330.5342087727445 -724.8510612487778 445.4895058844458 182.5770320721124 347.8676914459712 -750.0716169877807 465.4042711338334 268.1103978664264 341.96229104095977 -722.7011802128434 434.5083170354707 203.5325687648132 285.23569094291327 -665.4073353843274 450.7587459740238 229.487842286041 321.5668214944137 -694.3750376732108 425.8263034285747 174.12588941192166 349.4477259063795 -733.8461346196818 450.6141890440786 234.98766137707267 289.0484804843075 -670.7154823972129 429.2738924862613 133.70475382187803 304.7745738402882 -685.1082526583014 437.2716802001741 156.92982891592595 355.29684766097836 -733.8933699994849 435.3789788105357 184.58941318853445 347.2989016248529 -720.573031590291 432.2455782215374 159.61664001189828 354.31768607482314 -726.7206223010528 439.61627482362326 175.350868462938 313.68602566777577 -702.386552353007 442.0317123866293 211.03543132297918 308.06871055476296 -710.2194429626886 424.01718352205216 179.90940918903917 305.46453248001205 -680.0649173911872 450.0986095822829 210.49097183482976 343.36709227619554 -729.0016246237922 465.70056833149323 281.19133220484974 340.90798380367255 -739.8086680997653 443.53679688720837 193.24355766245316 359.73342483434163 -759.9491732590474 420.9758478283549 169.54241942753444 351.5243244060651 -739.3764505228676 430.8585344959184 190.06256910199778 328.13917093925465 -719.68035545815 415.38879895451976 158.17458147101405 282.5184036455507 -670.8141336696721 440.5484092875093 186.6950782569639 320.0080556632816 -710.2390875881114 456.77330972637736 217.5814530601817 338.3173933952854 -711.7544592084466 456.4168629476123 243.08465757564414 325.81121047997107 -708.373341392091 429.6062926613254 182.83011582542105 318.4568334242477 -697.5702635486736 456.43734990841574 250.8011009480307 331.5131150149898 -707.5354610650601 433.6013364243384 172.56118696710055 311.52573095688217 -697.0086576523337 436.8441339498612 179.1261069635921 308.28472322013795 -690.9950855924287 441.06860858528864 204.33382105411005 315.512706951619 -720.3967743093264 420.48539706414317 163.30062787194183 348.6091287347133 -742.9445617444865 445.16111379627586 231.63380809050736 367.95710722637375 -764.3443411801208 425.88122255071204 168.0780837175204 337.78630443773744 -734.059337573045 423.5561409060994 159.6245366587558 325.4377841063269 -702.0905393068983 459.605578076243 274.200977979008 315.0220743653472 -692.0716998552269 436.3881390121302 210.671202477585 375.0374736326293 -766.1729788711651 460.8620054714573 250.73887404551576 282.61832732780954 -676.2905864023701 439.9518686450097 163.5549574740602 312.367697365137 -707.0335104930031 445.64470974925854 238.6054007982891 340.6477834950029 -717.2951230203695 429.6300364130656 201.81772807308352 357.5228498283633 -739.2477735896093 432.17539348143777 147.54980161190505 332.98611865254725 -712.9518852595016 430.58195937587107 140.67135222421174 279.4728022831717 -660.3529935543315 435.78902373056866 198.39470669623609 334.83787396442386 -718.6131073858303 449.2200390466511 202.7499579321104 349.4074595173893 -728.3295352915007 454.0837544534038 255.54952035285854 295.33481491427193 -672.3231437565959 442.5625564996713 217.9301464243451 325.64229323212857 -727.1041207230438 431.467433515774 177.58650573316524 367.7603050708756 -749.2719820618919 447.8739734837208 223.32748683899837 306.4697149263282 -699.2463074773927 446.3704256521503 189.49099754077142 320.16196312000807 -718.2625930049552 440.4559671966161 228.84114528527476 288.08699707369965 -681.3164256225758 449.4413702470487 196.33061136403455 337.07937008307806 -727.1336922193149 468.39266318776674 288.2288587066185 353.59310587002915 -748.8553196962391 459.3033609349809 260.87735715020233 298.6849250461899 -677.7673923626243 430.52799843693737 165.51668932695642 299.993831445378 -687.8507696804528 459.64218470051463 267.47532517122147 311.47672273715887 -686.832785973182 469.34844465597905 276.07264296659844 342.3521804573067 -745.3495138908482 436.8102226306666 192.0347960790075 295.92849983213165 -681.704850735417 430.4828084727213 195.8748745123951 327.3383624593756 -713.8471680838529 464.08672852986894 273.3322995096195 368.18721136771944 -759.9491715307964 455.07158492269184 206.21075038114066 375.52868684663116 -761.67380351192 425.0879152214763 191.91243084227116 305.90120432732334 -704.3809279086946 426.2767581401339 144.30605693705294 328.9887949505691 -733.2900480135863 447.3380077744996 216.53032964464649 363.531902394957 -743.9777160445692 430.5881305243145 153.18605900828786 363.48584205704384 -754.4528452515683
790.0048855897958 1.5541816916834819 0.6950511823977598 1.3901023647959363 2.8657694402374134 0.695051182397912 1.3901023647959905 1.390102364795962 1.554181691683404 0.6950511823980364 1.9659016173812411 2.8657694402372935 2.865769440237213 0.6950511823979644 0.6950511823978844 1.965901617381365 0.6950511823977816 1.3901023647959005 2.865769440237376 1.965901617381335 1.3901023647959692 1.3901023647960327 0.6950511823979648 1.3901023647958928 0.6950511823978893 1.3901023647959103 1.5541816916832973 1.3901023647959305 0.6950511823978651 0.6950511823979806 1.3901023647959385 0.9730716553570781 1.3901023647959152 1.3901023647959212 1.9659016173813182 1.39010236479589 1.5541816916833973 0.6950511823979014 1.554181691683501 1.5541816916834035 1.9659016173813586 1.390102364795902 1.390102364796042 2.8657694402372567 2.8657694402372744 0.6950511823980213 1.5541816916836064 1.3901023647959372 0.6950511823981094 1.390102364795905 1.3901023647960054 1.3901023647959054 1.3901023647960495 1.3901023647959485 0.6950511823981161 1.9659016173813262 1.3901023647959467 2.8657694402373313 0.6950511823979886 0.6950511823980164 0.0 1.390102364795967 1.3901023647960253 2.8657694402373264 1.554181691683504 1.3901023647959303 0.6950511823979111 0.6950511823980241 0.695051182397922 0.6950511823980182 1.390102364796017 2.865769440237217 1.3901023647958903 0.6950511823978723 1.3901023647959707 1.3901023647959292 1.55418169168348 1.39010236479593 0.6950511823978716 1.5541816916835467 0.0 1.5541816916833775 1.3901023647958464 4.170307094387862 0.9730716553572092 2.86576944023732 1.3901023647957864 0.6950511823979848 1.3901023647960165 1.5541816916834612 1.3901023647958357 1.390102364795879 1.3901023647958697 0.6950511823980116 1.3901023647957746 0.6950511823978929 0.0 1.9659016173813155 0.695051182397861 0.695051182397983 1.3901023647959168 0.0 1.9659016173812682 2.8657694402372766 1.3901023647959205 0.0 1.554181691683278 1.3901023647959145 1.390102364796 1.5541816916833582 0.6950511823979825 2.8657694402372287 1.3901023647959443 1.3901023647959725 1.3901023647961024 0.0 1.3901023647958783 2.865769440237182 2.8657694402372305 0.6950511823980562 0.6950511823979454 1.5541816916835023 1.390102364796014 0.0 0.6950511823977972 0.6950511823979019 1.3901023647959365 0.6950511823979899 1.3901023647960882 2.865769440237272 1.5541816916835514 0.6950511823979488 1.965901617381407 1.554181691683493 1.3901023647959074 1.5541816916834557 0.6950511823978042 0.6950511823979139 4.170307094387786 0.0 2.865769440237269 461.7740718512731 255.23334095022688 302.97424516040735 -694.9294261192106 470.49598138081484 281.61809642898584 361.10593247503624 -746.8182788459976 442.14125663550874 221.43880443471275 364.24008882053886 -751.7982801705348 441.9571771922445 197.12821224737343 373.0189870822865 -756.5757583337505 423.9315948446151 152.11804339254593 378.2867658238222 -755.3120826078546 435.48148777103785 213.29065891688018 322.8968706049728 -705.6927176971208 449.395487186268 238.98634354150494 278.7954044166048 -665.6052105486242 449.66931571924164 245.54970023069106 357.7035598718182 -755.6355112131408 436.5457560179761 166.36767497104162 333.485142247132 -727.3682243487474 444.1498801758043 179.76422291270077 350.25354152255704 -752.0697337734833 464.882842168099 264.8533163355408 343.6570400097395 -724.3242662976442 432.9861848617305 200.38254581371635 288.1068157194047 -667.373945502151 449.0761755745786 225.5454685118074 324.01164159619725 -697.5815740427469 424.5744593071511 171.48567629624242 352.23606737268904 -735.9166164698509 448.8405676900093 231.99877262964037 291.3386617594331 -673.4374176953129 428.13894096399724 131.86325078380798 307.95297311154656 -687.9562365692841 435.21323702687414 154.12297989682943 358.41449750611065 -735.46637891064 433.015909130174 181.97544773343168 350.16815077249913 -723.9085013500937 431.3049556939099 157.46410287576865 357.0009931847303 -728.9660109411358 438.4767300650283 172.87079451211474 314.90571878471223 -703.9959657480921 440.5063512689438 208.57637802332863 309.94378851245705 -711.5825519068879 422.03648129701764 176.133615892985 308.7478986335473 -682.7611450743968 450.3158274683277 208.99912106115048 346.35752273139485 -730.7824275519388 464.2494212084974 279.79365787890976 342.8447542595467 -741.0906069554976 442.0929718520704 190.95715988706968 362.33731255329576 -760.8640354666538 419.17925640108524 167.48589949851072 354.01358837238985 -741.2199480782463 429.4321946625451 186.39181370010218 330.4544431574256 -721.7701962350583 414.23451624316414 155.70011875338713 284.5439152306135 -672.6133130598661 438.518970861068 183.86867086742035 321.6688325389967 -711.9017346935735 455.24689985327075 215.79551737121812 341.1581749625634 -713.7438802246334 455.60161336903474 241.32447648702515 328.7345364317945 -710.923290891024 427.6232890356059 179.74448953553065 319.8014181226495 -699.9817422792308 454.86132818409476 247.6961550124033 333.44891545253313 -709.1464366001404 432.02020692153064 170.82548925804323 312.7421650432001 -698.6226846886017 435.26650795169087 177.38767626582603 310.2302689353806 -692.9152570781423 440.16667557120485 202.16624636929393 316.5464431057925 -721.5991294491748 419.70617661219296 161.04290884818764 349.9102585492182 -744.4711318205597 443.3420615017145 228.22292118832735 371.5068557363711 -766.6778329536379 424.8454459104802 165.06812601376075 339.2780627457857 -735.300184818578 422.19270098675463 156.8262069694954 327.6306337206452 -703.673228787594 458.96405327202194 271.9038452570308 317.47760296584806 -694.5953715715905 435.17184389080785 206.88341813466846 378.36590788470403 -768.99819220819 459.67131415072856 248.3041162977496 285.4968856172095 -678.2487203863876 438.8528667168425 161.50601033610891 315.0927252543808 -708.538747937494 444.17649266315686 234.98563393886266 343.29276437127885 -719.5854233664211 427.6223738627428 198.9749765535109 360.19954255652925 -741.8806090036378 431.2814994484832 145.82774581223237 335.50072920856985 -715.4162893905318 429.3142694348955 138.7321002285118 280.88120795146847 -661.6885882871554 434.63091922409006 195.47060863617617 336.72709406543896 -720.6352644593399 448.115367108938 202.06832353263272 351.55306322466106 -729.9915397148587 452.8711360394875 252.6826892944335 297.6749154185272 -674.3465073151367 440.8736666182196 214.43656480080747 327.74941632431614 -728.8069541596668 429.792070359046 174.99095110445722 370.95493080987535 -751.4613389193479 446.27249637366657 218.43290728250707 308.1077164744618 -700.9290430453327 444.1407972823743 186.33231125780748 321.4207140782609 -719.156302675591 438.0990718592321 225.30271241445476 290.5444896253166 -683.1851282424518 448.9490144746779 194.81737654748292 340.1730458994871 -728.0709222127277 466.2053867118247 285.91166263816655 355.76132843855476 -749.7644467903274 458.4341246493317 257.8133462760493 301.8049667018196 -680.3634690156412 430.33454922067165 163.8003862761064 300.99749241430123 -689.0852864704137 459.66608592935097 264.79273489096585 313.72773476838574 -688.985198453601 468.71230537335003 273.7726152780666 344.07869402525944 -746.9412137592474 435.61251510874234 190.51038306622425 297.7789586898119 -683.0973102222509 429.19886837732736 193.4877797528038 328.9917217653213 -716.1917161497545 463.27893873855453 271.1308949748221 371.06857247617364 -761.9089970926287 453.8605413854887 204.23663551979791 377.8330493814062 -763.8715389495519 423.8679165409379 188.56928752227975 307.2292143817793 -705.8381840197486 425.8170983040251 141.83859991142356 330.90553442323227 -734.6025908628301 446.2792682887882 212.19953510562257 367.463593250155 -746.4364954887815 429.3858200148932 150.28223133798565 366.9099603120841 -757.0079011307341
800.0048855897958 0.6950511823979056 1.3901023647958826 0.6950511823979862 1.3901023647960304 2.865769440237331 1.3901023647959325 0.6950511823980569 0.6950511823978861 1.390102364795985 1.390102364795961 1.5541816916834175 0.6950511823980406 1.3901023647959232 1.3901023647958852 1.3901023647960133 0.6950511823979898 1.3901023647959112 0.6950511823978808 1.3901023647959447 1.3901023647958464 1.3901023647959025 2.8657694402372593 1.3901023647959925 1.3901023647960271 0.695051182397951 1.5541816916833018 1.9659016173812958 0.6950511823981338 0.6950511823979519 0.6950511823981084 1.9659016173813626 0.6950511823979196 2.86576944023724 1.554181691683401 1.3901023647958775 0.6950511823978164 2.865769440237298 1.3901023647961153 1.39010236479593 0.6950511823977741 2.865769440237246 1.3901023647959072 1.3901023647959023 1.5541816916833593 0.6950511823978762 1.390102364795899 0.69505118239793 0.6950511823977913 1.3901023647959443 1.3901023647959758 1.3901023647959305 1.5541816916835245 1.965901617381411 2.8657694402374703 1.390102364795992 0.6950511823978561 1.3901023647959303 2.865769440237202 0.6950511823978989 0.0 2.8657694402372504 0.6950511823979992 1.3901023647958528 1.9659016173813118 1.390102364795999 2.8657694402371727 0.6950511823979219 2.865769440237188 0.6950511823979129 1.3901023647959427 0.6950511823979226 0.6950511823980783 1.3901023647958948 1.39010236479586 1.9659016173812522 1.390102364795914 1.3901023647959323 0.6950511823980172 2.8657694402372513 1.9659016173812718 2.865769440237243 1.3901023647958937 1.3901023647958461 2.865769440237208 1.3901023647959667 0.6950511823978659 1.3901023647959152 1.9659016173811728 1.3901023647960005 1.390102364795961 1.3901023647960045 2.865769440237348 1.3901023647959265 2.865769440237272 1.3901023647959336 1.3901023647960264 1.3901023647959732 1.9659016173813755 1.390102364795937 1.9659016173813306 1.9659016173813122 1.3901023647960076 0.6950511823979661 1.3901023647959418 0.6950511823980191 2.865769440237243 0.6950511823979594 0.6950511823979045 1.390102364795959 1.3901023647959625 1.390102364795936 1.3901023647960702 0.695051182397988 1.5541816916835358 0.6950511823980647 1.9659016173813997 1.3901023647959956 0.6950511823979542 0.6950511823979035 0.6950511823979743 1.5541816916835451 1.3901023647959363 1.3901023647960484 0.6950511823979401 1.5541816916834943 1.3901023647959538 1.9659016173813122 2.8657694402372185 0.6950511823979932 1.3901023647958601 0.6950511823980089 1.3901023647959647 1.390102364795841 0.6950511823980522 1.5541816916834985 0.6950511823980067 1.3901023647959723 0.0 4.170307094387857 1.3901023647958795 460.1398752309069 251.7153894315599 304.20223580816713 -696.526902570596 470.03732150234134 279.65584726364824 364.03090291204416 -749.4601237784882 440.66565194108296 218.7182940223497 366.74726314650246 -754.3975229246095 441.4053263741595 195.18730363124152 375.83328588863924 -758.6467283087047 423.30448477466217 149.75833248253252 381.42321051936824 -757.9949096120845 434.0692931732493 209.61442394925285 325.110054207283 -707.9248804565407 448.6837616537168 236.71215475995186 281.4106256767395 -668.5479939148587 447.7101224031497 242.68073347699627 360.4217727969815 -756.3514828670476 435.2927825426002 163.03625453264002 335.31839001798147 -728.8090468114584 443.1187382818531 176.75087192008806 351.07358217787095 -753.6878570684893 464.09994691393035 263.52425138032766 346.052833099833 -726.3169573072959 432.2956567199793 197.1554041148873 290.30793413514317 -670.2320021178549 448.2251945083048 223.80483448828784 326.63529582112255 -700.5725084175112 423.32043813018447 168.15328575949087 353.2665650840444 -737.9218145865353 447.2608496459342 229.79623358731843 292.8175508596317 -675.9783473127263 427.21817482170593 129.49788343445132 310.2586423675514 -689.3811843247877 434.4858279708461 150.90517559011212 359.8825926474404 -737.4995792754664 431.00876718480674 179.59454909836955 352.66582886525555 -725.7290648818663 430.62940752849454 154.67484365089547 360.58778100213067 -730.5165639577257 436.79157903906304 170.2809589179671 316.570516784771 -706.340672730056 440.24495264387997 206.00022153316328 310.9739006200733 -713.4790301675324 420.7870294580164 172.7999561099349 310.8246344659048 -684.4965098737974 449.73476188640865 206.6264035337809 349.49888643650615 -732.313234380939 462.96770238403195 275.6306447182613 344.8089730738168 -742.3226372498073 441.65280893496447 188.48503896256713 363.90851669604626 -762.0057860547385 418.0851930269654 164.04866379323366 356.3511085156459 -743.3223361020115 428.7058697676978 184.56186730954806 332.2769462251353 -723.2114665660757 413.2953144364351 152.16011775628763 285.54394364156605 -673.84812718431 437.212233858963 181.4957098003816 323.7979979032099 -712.8909888629702 453.6551688647516 213.6028242232721 342.98348693169737 -715.8787335661908 456.01499670554966 237.91396241513945 331.5099935224686 -713.0312776664306 425.61501000527835 177.36491797723815 321.35130673329144 -702.4837174250841 453.3035419871165 244.3538126511302 337.0843914588046 -711.354722916524 430.1862142693507 166.95054348942153 314.8217706808492 -701.0272285517347 434.49055625488586 175.12989399194163 312.8350421301426 -695.2492174827415 438.7153516783156 199.88510394845238 318.2383367030313 -723.2259780979249 417.5892224124553 157.81311151601327 352.11337609829707 -746.0494641161921 441.8673023331085 225.84387386537583 375.4784432486336 -769.8447015058944 423.4774588332109 162.27219953230718 340.37373165274755 -736.4572209769366 420.44597785499514 153.81527818232283 330.1657075639944 -706.1178867704554 456.9892727776418 268.13901042356537 319.5540665945665 -697.0044637202701 432.72983768379567 203.40376139928014 382.63987441655195 -771.4028031394279 458.3513686192493 244.59582491189457 287.008825245404 -680.1030363502041 436.64109767588894 157.4159013850658 316.9642610462733 -711.2556199350644 443.25609774530005 232.38318758180722 345.4616437927726 -721.2156222940035 427.0931769742796 195.6433256463694 363.21067534150825 -744.3689500365957 429.53122827379576 142.82049197981647 338.56455163656136 -718.1342207321223 427.92401700226844 135.9470927351985 282.4976964953869 -663.3908647128333 433.1475966753113 191.3759184021959 338.2435549609585 -723.2552500295433 446.4581452928521 199.4611836564106 355.33158577878794 -731.2303751667052 451.4817877308854 250.3675013889947 299.81598317108205 -676.6414190924904 439.31479583331696 212.67992407568914 329.8919177047718 -729.7672741910837 428.52789558963053 173.0509295487013 373.1399574934915 -753.8525165804307 445.41619866535416 216.68874861161058 309.0296491453108 -702.296664754039 442.74454058246664 183.09863726539047 323.76971868635883 -720.5101888675194 437.3653633584026 223.02833441488195 293.2253077617123 -685.4072131252666 448.071155789836 193.08806360678952 342.8880081736263 -729.5706886674125 465.8961510411278 283.4219296798559 357.12020967045635 -751.2541746013579 456.7921955190369 254.29718665091193 303.8746911418942 -682.1149514218496 429.1916525666043 159.93330561839682 302.44257000322966 -690.3785312694775 458.371799594197 261.071978486768 316.75408606164217 -691.3956235280734 467.41098140323146 272.2947920759646 346.02029624210735 -747.4669449662242 434.18745014750147 185.45730079431954 300.2736507808321 -684.917934016245 427.8030029895984 190.25275022662802 331.9917305601749 -717.9652733759923 462.4479354890716 268.9336045242946 373.3999884974381 -764.8202735623607 453.4489675997689 203.58448706618182 380.0511375455306 -766.2284070027143 423.161717707983 185.34554275528762 308.67388112100156 -707.8066679814631 424.2166915531251 138.73076155171745 331.9861800434284 -735.7775239340297 445.5382167754704 209.92936508626562 369.83139377131073 -748.5085786700582 428.7554909426082 147.92256229960938 369.8578629886357 -759.6165215842991
810.0048855897958 0.6950511823979484 0.6950511823978677 0.6950511823979038 1.3901023647959698 1.3901023647959223 1.5541816916834097 1.3901023647959385 2.865769440237142 0.6950511823978951 1.3901023647959463 0.0 0.6950511823978587 1.3901023647959112 1.9659016173812411 1.5541816916834144 1.3901023647960544 1.3901023647959312 0.6950511823981729 0.6950511823979191 0.6950511823980111 0.6950511823979293 2.865769440237465 0.6950511823979522 0.0 2.8657694402372162 0.0 1.3901023647959885 1.9659016173812356 0.6950511823979306 1.3901023647959283 1.3901023647959523 1.3901023647958448 1.390102364795903 2.8657694402373535 0.6950511823979297 1.3901023647959463 0.6950511823979554 0.0 1.390102364795941 1.5541816916834206 2.8657694402373153 1.3901023647960706 1.3901023647959665 1.3901023647959443 0.6950511823980529 2.865769440237324 1.390102364796029 0.6950511823980436 1.5541816916835023 0.6950511823977484 0.0 2.8657694402373797 0.6950511823980057 1.3901023647958821 1.5541816916834372 0.695051182397914 1.3901023647959936 0.69505118239796 0.6950511823979052 2.8657694402372504 0.0 1.3901023647959567 1.3901023647959487 2.865769440237281 1.3901023647959356 2.86576944023732 0.6950511823978754 0.695051182397818 0.695051182397897 0.6950511823978266 1.3901023647959356 1.3901023647959483 2.8657694402372487 1.3901023647958612 0.6950511823979648 0.0 0.6950511823979328 0.6950511823980684 2.8657694402372544 1.5541816916835243 1.5541816916833793 0.695051182397859 1.3901023647959223 0.4865358276787302 0.6950511823978792 1.3901023647961044 1.3901023647958846 0.6950511823980322 1.5541816916834226 1.3901023647960455 0.0 1.5541816916835156 0.6950511823979482 1.3901023647959017 1.554181691683463 0.0 0.6950511823979068 1.3901023647960415 0.6950511823978843 0.6950511823980262 1.5541816916834295 2.8657694402371807 1.3901023647959458 1.3901023647959674 0.6950511823979699 0.6950511823978012 0.6950511823980579 0.0 0.6950511823980012 1.3901023647958484 2.8657694402373077 2.8657694402373264 1.3901023647959223 0.6950511823977713 1.3901023647960205 0.6950511823981734 1.3901023647959765 1.3901023647960637 0.6950511823979637 1.3901023647959156 2.8657694402373197 0.0 1.3901023647959974 0.6950511823979688 1.3901023647959314 1.3901023647958204 0.6950511823980015 2.8657694402372784 0.0 1.554181691683322 1.3901023647959962 1.965901617381391 1.554181691683488 0.6950511823980394 0.0 1.3901023647958886 0.6950511823980622 1.5541816916832927 1.3901023647959938 1.3901023647958928 459.39812219652754 249.00245932286376 305.46156303969775 -698.101729356269 469.41819481891196 278.22717754243524 366.18032907089287 -751.1429263436711 439.6992920814017 216.12907887892516 370.2897395243942 -755.9826910334648 439.625724132899 191.73788058918907 379.67194867601864 -761.2710137480577 422.3906434737603 148.04710452163766 384.1129217843914 -759.518225799584 432.6029786626336 207.34360421127099 326.94527959768675 -709.3574501785905 447.03883695724 234.0945191820793 283.3026309956991 -671.847049135292 446.6051304632167 240.1834645937571 363.0985509889309 -757.8947494154893 433.26850835902735 160.6704197692023 337.490288940475 -729.7107097165386 442.5470053192622 174.81866902999147 353.26772684264284 -754.5239708855294 463.10403559406313 261.871734457747 350.2434251914448 -729.0920777275602 430.8901242192085 193.92471323215773 291.443168349381 -671.2938561364354 446.6120868327514 221.62674242701115 328.6729897798672 -701.6869586231244 420.92063967850186 165.57279854470747 355.39798217787535 -739.6332498483316 445.4927256078436 227.7157421007281 295.1323646016744 -677.3915167144195 425.51663439283345 126.92035482710504 312.37979715614887 -690.3771633331061 433.898391254607 148.97684779987017 361.91901451273526 -739.3661981578634 429.8016069933765 176.69270340046313 355.1821207793708 -726.7962447244714 429.9368836680243 153.27908948164028 364.47495037922005 -733.0472325743461 435.41727204358 167.48814002965128 319.3495205034436 -707.7323930261455 439.26529516037914 203.41514343025537 313.3282229397082 -715.5177678358009 418.5523003420466 170.10891440503812 313.689155398292 -685.7825383864854 448.3667338315709 205.21044275678187 352.709903633058 -734.4654002265967 462.1436466638846 273.87526785168035 346.8592145048031 -742.6500428049789 440.5011140368017 186.00876043236227 365.72798921533786 -763.4929850972069 415.84511388948283 161.36245070826376 358.78037234022025 -744.5222840345839 427.1280329775065 181.44051095544202 334.8951967811773 -724.8503537450656 411.524456556349 149.15675721790427 288.32195914133655 -676.5852257427574 436.1067959359547 179.45042482525417 326.38543524948875 -714.5818509271033 452.8256404212899 212.30106546081703 346.7043007017299 -718.6565800432575 454.9985026395133 234.4541272661157 334.1187350986811 -714.6925832649667 423.8684415902455 174.35410231846524 324.14106614505494 -703.8690907595799 451.6375004979957 241.29707888429422 339.47928462913467 -713.3371017243802 429.4449075960682 165.12540101355773 316.9579997691552 -702.6960974367869 433.70573596282156 172.8745917484794 314.96517297841945 -696.2380625728316 437.84702636527214 196.76733317201462 320.61332574756716 -724.5335892136721 416.20019168023913 155.02585379037234 353.87666534223257 -746.860258438592 440.37456056618777 223.13210608389926 378.69296159543705 -771.2211152720737 422.20018769024296 160.34087361188 341.4609888050725 -736.8960189135935 418.8914212482113 151.13896280669485 332.33732274196245 -708.4544602298303 455.989339754693 264.23268607507674 322.06690333313384 -698.4645773190986 431.7490562673003 200.81870001660934 385.67428165621436 -773.1620898362756 457.3916849576205 241.56069009338378 289.9205936416609 -682.6705151634472 435.73711114295867 155.6971577367778 319.4172996620396 -712.4347763227889 441.81467558508746 230.0954730964438 348.57878774151465 -724.2631321296232 425.83116028352714 193.69900431212295 365.593761415113 -746.4179430090932 427.3770965535065 139.61413171618406 341.0762799113895 -719.9355166284322 425.74555387624866 132.75637200471814 282.3655637120142 -666.1741321330119 431.52779773703895 187.82203645416607 341.09082670758454 -725.2628866340171 446.47948273295344 198.06958602022473 358.0768708707962 -732.6485964240401 450.8443065988036 247.13228446181537 301.795528696963 -678.5143818059837 437.76500395262434 209.54826126966788 331.6270126250431 -730.6328593235488 427.05139691243403 169.39978189673496 376.3986095854593 -755.9349987532627 444.54147056948915 214.95918141883791 311.47803002248247 -703.502766729113 441.59169027015315 180.622409388283 324.64319350128284 -721.303625050628 434.76016673498594 219.65040815481018 295.07665677532293 -688.1358098984157 447.18290855438323 191.3644985179424 345.6262683933 -731.0128047435238 465.8833358682865 280.7371955492548 358.50208593888243 -752.7253122601485 455.82428059655774 253.0836602190014 307.0491561144231 -683.6414199755072 427.9634796012835 158.42921004327297 304.12141629117923 -692.0257793401508 457.85929241552145 259.1248290466876 319.19828412454814 -692.6046696066508 466.2556630662186 270.73528104531107 348.01361761880736 -748.6527809346182 433.03177611684526 182.98376416999383 303.0248400803916 -686.3757533020698 426.4398418287111 187.45298378636193 334.50215127164904 -719.7772050112812 461.0269606589133 266.18270545289914 375.22438973821323 -766.3010332285371 452.1955604260644 201.63537327930194 381.97414372204736 -767.5312076861698 421.48369685290766 181.36691917630125 310.16743795989845 -709.0486417855755 421.9423118018366 136.07034770550672 333.50250435859675 -736.2663934518765 444.984872881799 207.9907027711396 372.7971980074061 -751.0986064210981 427.24938663054314 145.67601256505435 372.7330593287401 -760.8126040305075
820.0048855897958 1.3901023647959507 1.3901023647958217 0.6950511823978774 0.6950511823981067 1.3901023647960118 0.695051182397846 0.6950511823980338 0.6950511823981174 0.6950511823979033 1.3901023647958126 1.554181691683499 2.865769440237212 2.8657694402373153 1.5541816916834672 1.3901023647960116 0.6950511823980217 0.6950511823980629 0.6950511823980517 1.390102364796007 1.3901023647959196 2.8657694402373437 1.3901023647959658 1.3901023647959425 0.6950511823978773 1.3901023647959225 2.865769440237227 1.3901023647959299 1.3901023647958985 2.8657694402373295 0.6950511823979911 0.4865358276786066 0.6950511823980084 1.3901023647958857 1.3901023647959045 0.6950511823979189 2.865769440237278 2.8657694402372917 0.0 1.3901023647959154 1.3901023647960609 0.6950511823979366 1.3901023647958566 2.865769440237324 0.0 1.3901023647959099 1.9659016173813237 1.3901023647958979 1.3901023647958117 0.6950511823979085 1.390102364795908 1.554181691683449 1.3901023647959145 1.3901023647958806 0.6950511823981402 1.9659016173813157 0.6950511823978232 0.6950511823980154 1.3901023647959054 0.695051182398027 1.554181691683367 2.8657694402372553 1.3901023647960924 1.5541816916834297 2.8657694402372624 0.6950511823978938 1.9659016173813342 0.6950511823980262 0.6950511823978466 1.390102364795969 1.3901023647959476 1.3901023647960264 1.3901023647959028 1.5541816916834286 1.3901023647958362 1.390102364795911 1.965901617381391 0.6950511823979774 0.695051182397939 1.3901023647960065 1.5541816916836089 0.0 1.3901023647959547 0.6950511823980421 0.48653582767838927 0.6950511823979425 0.6950511823978603 1.3901023647958637 0.695051182397956 0.0 0.6950511823979304 1.3901023647959816 0.0 1.5541816916834426 1.390102364795901 1.3901023647959085 1.3901023647960582 2.8657694402372607 1.3901023647958999 1.3901023647958497 0.6950511823979081 0.0 1.5541816916835909 1.3901023647959427 0.6950511823980441 2.8657694402373073 0.6950511823980399 0.6950511823978823 1.3901023647958346 0.6950511823979227 1.3901023647960957 2.865769440237352 0.6950511823981199 1.390102364795952 0.6950511823981518 0.0 1.390102364796033 1.965901617381387 1.3901023647959032 1.390102364795953 1.390102364795977 2.8657694402374063 0.0 1.3901023647958979 0.6950511823981511 0.6950511823979707 1.3901023647958612 0.6950511823979943 0.6950511823981084 1.9659016173813182 2.8657694402373526 0.6950511823980182 1.9659016173812656 1.5541816916835025 1.3901023647959798 2.8657694402373313 1.390102364795829 1.3901023647959494 1.5541816916833373 0.6950511823979618 1.9659016173812331 459.27169495021775 247.7129487694525 307.40165882543283 -699.3728578153916 468.1159986918196 274.9544432876005 368.3445796802904 -752.8080566077973 438.6020851555407 214.08072517610094 372.6991862547335 -757.9986533081416 437.5571398294983 188.93964721187095 382.09538360516956 -763.270959323502 421.2871938859419 145.06111387724803 386.73652503003797 -761.1718100148732 431.23809540607533 204.5448477806899 330.0249248874613 -711.7239683565374 445.85903995085994 231.18031470691693 286.371244246945 -673.5240010733065 445.9671511887219 237.38354436165832 364.5895515123049 -759.1786427404568 432.186827998553 157.67674749855186 339.94264571009353 -731.6249517074556 441.0571948996752 171.1727175161043 355.28015735061445 -755.6732098583913 461.8006226670727 259.0429111680023 353.3108784643675 -731.1142613359355 429.67482432149313 191.02734637142945 292.80875821168996 -672.7132171275429 445.6786202848767 219.4722805232838 332.1696938160827 -704.1044087391864 419.0811531785989 162.1546706679344 357.54811734708557 -741.3136260449835 444.26362289914425 224.37398047842638 297.4844873444617 -678.0634476125957 423.9786862010226 124.2212655840771 313.7774755787283 -691.7602600756453 432.59578927566423 147.0617175481305 363.25930502372006 -740.130917579913 428.73640628974147 173.69368947883123 357.75493137679075 -728.5155247377315 428.57829159501006 150.93340027504328 366.96009432490786 -734.919817904464 434.34544798086444 164.4876667065247 321.9561777644488 -709.384857442858 437.83794631626944 201.57979138096434 314.20267205285023 -716.2999115915746 417.74234494025984 167.86088280814 315.9475617988195 -687.9720282662187 447.5743587039105 204.34443558944378 355.09142990966194 -736.5171384804867 461.1893734610502 270.83226592369476 348.4298470538495 -743.7876619741554 439.7122747117689 183.753589513469 367.7506194236337 -764.6235173869783 413.89799551124923 158.4836948504003 361.17594548612885 -746.5597342351564 425.6351934867821 177.79455012830985 336.682565691043 -726.3766128085178 411.49005948258133 146.3717422968295 290.7399933658108 -678.5112572112936 434.726291053314 176.65985304979694 328.78919366281417 -715.8384961156803 452.36096879579736 211.22290022536302 348.72572652561036 -720.5368472584815 453.9142691097055 232.39645874144028 336.4281104254611 -716.0998940121779 423.11677320793405 171.14141047544865 326.7770210925391 -706.2146305401997 451.4613397449948 239.57946704008435 342.4789707855695 -715.8375356708724 427.9396906438034 162.88095708369084 319.7488283592108 -703.3469772789134 432.3701129437106 169.12508368210996 317.02450407920156 -698.035060827549 436.15345665638006 194.1850585485748 322.25693605157545 -725.5461057974763 414.6206376143498 152.36640292371004 356.4617129767313 -748.564356435116 438.70045305264296 220.53641173347464 382.2423851507562 -773.5994476556843 420.67816962275276 156.70631688422682 341.9353866254755 -737.6229417463602 418.00646732452094 148.47398988895154 335.5234316716157 -710.6520729438801 454.65224920312835 260.96969547502476 325.11327735498304 -700.8657852417543 431.4508214488585 198.24527397326415 389.4749064564222 -773.695799608758 456.4784529660561 239.39668335033485 291.401124500046 -683.9240663938338 435.0809027133088 153.34551835711932 320.95974110360373 -714.3320700294692 440.51714411607946 227.71495393663923 350.474347882968 -725.6041776768042 424.24590450032656 190.58529049870586 367.7064156411993 -747.3932198466171 425.7849604281022 136.96030473039406 343.2986767587112 -721.4843890094648 424.1432007021895 130.1078565067502 286.82119704298793 -667.8994899546373 429.7734290548775 184.81514816801396 343.7045517910158 -726.1517080671471 444.8897240518136 196.34167984769138 360.1795559328856 -733.6411548301305 449.4459521346976 245.27399018899865 304.14431904100087 -679.8681819140814 436.6642532295998 207.5001527188179 332.7497743426647 -731.7626375661637 425.2776290761678 166.40416649418302 380.0187748951111 -758.170026632225 443.9774325538524 213.02299824861436 314.0657883716609 -704.4841021431847 440.48533487809476 177.1866601843919 326.41177508015664 -722.8422770040237 433.3112431439729 215.99062316795406 295.9157781661147 -689.6446711475088 445.9130176324545 189.42585717832404 347.331568848182 -732.6889327582707 464.245058529466 277.6677439070907 360.94990356279885 -753.8886287804513 455.123627328389 249.41809873753886 309.40218670678235 -684.9824728774879 425.9152145480326 156.08544484379098 306.69622657206423 -693.7316406064784 456.5506073381506 256.29987582706696 321.15137988180663 -695.2555243314489 464.9736879934777 267.8990692775583 349.54191736597875 -749.0904846028393 431.4893620846353 180.30117821047824 305.69396823081 -687.9366368744347 424.5266334218609 184.55318773331982 335.9536180872767 -721.1050264095712 459.4385194425552 263.98265355543435 378.94784668414013 -768.350141102944 451.35514579972613 200.34029470562777 385.57811185877273 -768.1687777202759 419.506257286739 178.0439224767968 312.3158555024824 -709.2823349804505 420.05756444599774 132.6783126239722 335.4901103717831 -737.4525280731365 443.18554142763264 205.93501988296373 375.45226126420016 -753.4700560118272 426.4786491438951 143.86211267048878 375.7353491285758 -763.3623547755171
830.0048855897958 0.6950511823979204 0.6950511823978471 1.3901023647959925 0.6950511823978559 1.3901023647959223 1.3901023647959154 1.3901023647959005 1.5541816916833933 1.3901023647959405 1.965901617381436 1.5541816916834612 1.9659016173813915 0.6950511823978839 1.390102364795984 1.3901023647959534 0.6950511823979126 1.3901023647958968 0.6950511823980272 1.390102364795871 1.3901023647959512 0.6950511823980607 1.5541816916834543 1.965901617381363 1.3901023647959583 0.6950511823979713 1.3901023647958226 0.6950511823980627 0.6950511823978943 1.3901023647958664 0.6950511823980023 0.48653582767863307 0.6950511823978723 1.3901023647958943 0.6950511823978548 1.3901023647959605 1.554181691683375 2.8657694402372726 1.5541816916835225 1.3901023647959665 1.3901023647959998 1.390102364795913 1.3901023647959314 2.8657694402372846 1.9659016173813242 1.5541816916834972 1.9659016173812822 0.6950511823979879 1.3901023647959894 1.3901023647959636 1.5541816916834241 2.8657694402372673 0.6950511823978034 1.3901023647959931 0.6950511823978587 1.5541816916834708 1.9659016173813202 1.5541816916833555 0.695051182398102 1.390102364795976 2.8657694402372798 2.865769440237235 1.3901023647959765 1.5541816916834186 4.17030709438794 0.6950511823979163 1.5541816916834101 0.6950511823979587 1.390102364796043 2.8657694402372536 1.3901023647959285 1.3901023647959017 1.3901023647958646 1.5541816916835471 1.3901023647960196 1.5541816916834836 2.865769440237265 0.6950511823979262 0.6950511823980147 0.6950511823980411 1.5541816916834161 1.5541816916834668 1.3901023647958959 1.3901023647960185 0.9730716553571525 0.695051182397892 1.3901023647959743 1.3901023647959143 1.3901023647960236 1.965901617381429 1.3901023647960105 1.9659016173814297 1.5541816916833968 1.390102364795963 2.865769440237225 1.3901023647958948 0.0 0.6950511823980074 1.3901023647958108 0.6950511823978918 1.390102364796043 1.3901023647959185 1.5541816916833138 1.390102364795874 1.3901023647960358 0.695051182398043 1.5541816916833389 0.6950511823978752 0.6950511823979116 0.6950511823980103 0.69505118239812 1.9659016173814017 1.3901023647961068 0.6950511823979021 1.3901023647959547 1.5541816916835307 0.6950511823981849 1.390102364795913 0.0 0.6950511823980134 0.6950511823978178 1.3901023647959239 0.0 0.6950511823978403 1.3901023647958124 1.9659016173813182 1.3901023647958854 0.6950511823980186 1.554181691683562 1.390102364795878 1.9659016173813781 1.390102364795916 1.5541816916835194 0.0 1.3901023647960862 1.9659016173813857 1.3901023647958706 1.390102364795924 1.3901023647960624 1.3901023647959612 2.8657694402372322 457.95750668942554 243.5099018262465 309.7951190477954 -700.6488127218455 467.30155761095017 271.821578073467 370.1348056990783 -753.5555407185309 437.6540746169813 211.931466861264 375.33162516158757 -759.6283619716467 435.8431214343961 186.37114271832468 384.66073696945034 -765.0404972189567 419.84741103243437 142.30041711438906 389.4863179500392 -763.0154325087378 429.9059986322284 202.1843133778935 331.5878760879917 -712.8796549844751 445.3562406836512 228.2838780600677 288.50864272002036 -675.1913246303626 444.93735908540424 234.3695512409118 365.5099853548102 -759.9018883943485 430.7632213246523 154.90769486994688 341.70970330470055 -732.4236891249368 440.45669400360117 169.24930712760454 357.12441910518737 -757.1287146586328 461.6244943352562 257.3261245421704 356.1464839726153 -733.1626294774571 428.1716399246394 188.77858549914765 295.2765642505142 -675.9720699994657 444.21271998775575 215.8164840511828 335.1864323459223 -706.5835132540353 418.0891895388079 160.02548502594772 360.0544344038564 -743.1567231864304 442.3161601785793 221.03554045003597 300.28590368671166 -680.8279101008425 422.29580665665554 121.24233728360889 316.302332558578 -694.269723846436 430.78355828070437 144.09054233780284 364.4251693279783 -741.2208508151851 427.37476229446276 170.6532814962406 360.40026133725735 -730.8998589226861 427.46420333038935 147.95095332193608 370.5435118351449 -738.0142813300175 432.5524833895546 161.5054705809173 324.16834247404535 -710.9511689761055 435.331120938791 198.1454127987444 316.2075099808621 -718.204963416251 416.1621135736115 165.20125339913702 318.7796805345983 -689.9832047153202 446.18897679751973 202.94479954524152 357.44893956694426 -737.8433695417186 460.0828246651597 268.335860113037 349.77362901317343 -744.5476115578858 438.04823262848015 181.614040495049 370.56529975294154 -765.908263652589 412.345673895931 154.86566223697008 364.30858218210403 -748.0740890387034 424.65827415239966 175.6609513042803 338.3496486570118 -727.3494664565324 411.03474215587744 141.9881484122288 292.2414653122633 -680.4419219290809 432.94781198261376 173.66933295483534 330.58307508673596 -717.3610565152325 451.415024432482 209.07247558975075 352.11903556334414 -723.1598322173029 452.23453987338723 229.80210574275534 338.1333306160336 -717.7687723551662 421.7579988233791 168.79710695274758 329.95586627919175 -707.6724383211318 449.92747438645387 238.2706549966459 344.66084397004045 -718.226220809206 426.08475111856205 159.4728373659956 322.84158839703906 -705.6851823671846 431.5484126651933 166.88435689092833 318.78552980147475 -699.5827691975471 434.06812640107904 191.3982227134759 323.780424172726 -726.0046566455684 413.4428225149017 148.95786041727092 357.32735262246723 -748.6004751503715 436.7969946921983 217.6310944891958 385.8682544042913 -774.1394543320022 419.36579390611865 154.79660707677695 344.5726204328678 -738.4614469538393 416.1904854782523 145.50490020518652 338.3155289607246 -712.7542866566472 453.1150698002117 257.8257267541969 327.7554619771013 -702.4740507691245 430.0614555483018 195.4624663561661 393.01084929031015 -775.0575294823532 455.500550699311 236.80772207739324 293.3405141509823 -685.8916585152778 433.0151915575193 151.01568635023614 322.51060481077724 -715.4893379752558 439.57780347167807 225.56585126391624 353.3530784949647 -728.3504517988296 422.5827402527135 188.44698567363025 371.3544566745649 -749.5942139634582 424.4631182646248 135.05817312766155 346.11713158145153 -723.5546997615616 423.6068138063266 127.65470905358656 289.5867515848754 -670.0144380042188 428.6451880662229 182.78147161746364 345.51614044380364 -727.6452052574516 443.81820742650285 196.123993245636 363.45460746614407 -735.7003890784626 448.88871954321485 243.33649709923404 307.50251859001986 -682.4952257980235 435.1240813032386 204.81543561748845 334.1255350374336 -733.2351014897456 423.6404760696595 163.31354056781495 382.41628274425767 -759.427370697194 442.9879924582378 209.05276374446825 316.4681124767433 -705.736705921391 439.3044096519784 176.11868037906046 328.5644974383781 -722.9944866160764 432.21181583045745 212.55745687475138 296.78877979214 -691.1367840532573 444.30927354473505 187.7093487038927 349.72937390988034 -733.1609628557102 463.59490346478236 274.43378292916833 362.73220690838684 -754.640270422353 454.6863910056808 246.94730337988287 312.12291407077566 -687.1759506038455 424.36765541029865 152.46485754173725 307.99898179069135 -694.5577544857127 455.37956972948257 253.38326903959373 323.0157880587358 -696.6386598116115 463.6567915603656 265.07846144328465 351.37407984830645 -750.5561341551482 430.40439774480694 177.30818569913635 307.21563000805685 -689.1352044997088 423.2865714355407 181.66466541292164 338.2873772961608 -722.4670005831775 458.23208697512507 260.631705967159 381.4388779387299 -769.426007027708 449.602830156647 197.33288928671 388.68092282255867 -770.1643979880996 418.0488111053204 176.23573779745192 314.5169920630232 -710.8643373870993 418.9254126851841 129.705643492549 338.59687097959426 -739.0220763085152 441.06124809830726 202.01444532255275 376.63648464838934 -754.5362847633397 424.721120633994 141.3223595181167 377.7022884960762 -764.6075767447003
840.0048855897958 0.6950511823978704 0.6950511823981538 1.3901023647960085 1.3901023647958506 1.5541816916834086 0.6950511823979356 1.390102364795917 0.6950511823978435 1.3901023647959094 0.0 0.0 1.3901023647958708 0.6950511823979885 0.6950511823980614 1.5541816916833966 0.6950511823981285 1.3901023647959097 0.6950511823980035 0.6950511823979753 0.6950511823981467 0.6950511823979922 1.3901023647958688 1.3901023647959245 0.6950511823979303 0.6950511823979506 0.0 1.5541816916834257 1.3901023647959596 1.3901023647959971 1.390102364796051 0.973071655357102 0.6950511823980209 0.6950511823979587 1.3901023647959525 1.390102364795905 1.554181691683346 1.390102364795945 2.865769440237261 0.6950511823979446 1.3901023647958823 2.865769440237335 0.6950511823980048 0.0 1.554181691683451 0.6950511823980456 2.865769440237373 1.3901023647959372 0.6950511823980579 1.3901023647959505 0.6950511823978935 0.0 2.8657694402371696 0.6950511823979673 2.865769440237321 2.8657694402372083 0.6950511823979573 1.3901023647959503 1.9659016173812687 1.3901023647959365 1.5541816916835303 2.865769440237294 1.3901023647960733 0.6950511823979243 0.6950511823980453 1.3901023647959372 1.3901023647958544 2.865769440237286 1.3901023647958748 1.5541816916834756 1.3901023647958402 1.3901023647960231 1.3901023647960187 1.5541816916834914 0.6950511823979152 0.6950511823979385 1.5541816916833706 0.6950511823978739 1.390102364795941 2.8657694402372034 1.9659016173812631 2.8657694402373384 0.6950511823978256 0.6950511823980234 1.965901617381359 0.6950511823978976 1.554181691683534 1.390102364795974 0.6950511823979337 0.6950511823979213 1.390102364795995 1.5541816916835023 2.86576944023725 2.8657694402372242 1.3901023647958848 1.3901023647959823 1.5541816916832987 0.6950511823979473 0.6950511823980987 1.3901023647959818 1.3901023647960336 1.5541816916834583 0.6950511823980221 0.6950511823979679 0.6950511823979117 1.3901023647960102 0.6950511823980586 0.6950511823979832 0.6950511823980254 0.6950511823979353 1.3901023647958661 1.5541816916834335 0.6950511823977925 1.3901023647958712 0.6950511823978395 1.3901023647959883 1.3901023647958781 1.3901023647958883 1.390102364795813 2.865769440237283 0.6950511823980492 0.0 0.0 1.3901023647960165 1.3901023647958441 1.5541816916834246 1.390102364796088 1.9659016173813197 1.5541816916832787 2.8657694402372242 0.6950511823978643 1.3901023647959736 1.3901023647960338 1.5541816916834406 0.6950511823978593 1.3901023647959145 1.3901023647958715 1.3901023647958988 1.3901023647960735 1.3901023647958903 0.6950511823981247 457.0185608042817 241.35709174151916 311.12054644620866 -701.4444628779382 466.17454589399745 269.3349063738386 372.5152985383594 -756.5229965763002 435.5143066969165 208.7192370072983 377.478902751045 -761.3714674984888 434.32500458037606 184.13614064616638 387.25004534562925 -765.9060776287934 419.1089787906242 140.9332788810736 392.77031312702576 -764.21674853136 428.4531024169259 200.371242992717 334.3107027489847 -715.1134679373546 444.5651357493133 226.0304434478618 290.9008382763936 -677.1899740672914 443.3509757781939 231.25457075662825 367.56623455569684 -760.9666680809911 428.52351770640576 152.70064962208204 343.7887952614154 -734.2470504864219 439.5845960022964 167.97392192381875 357.78720606844996 -758.359339545868 461.0190627080134 254.95981463388688 359.1038610638264 -734.9953870735376 426.85725233595997 185.47010867286505 298.2131239639523 -677.8364496468018 442.50339860945735 213.24254044591166 339.10331991716953 -709.0653086013137 416.1956422012437 156.64008681410016 362.6876661833632 -744.7827151545936 440.3987117248464 218.13871865847275 303.35624017548594 -683.1994001710772 421.3972433345988 119.94323749652092 318.48377514738223 -695.1336408204792 429.06687708265883 141.99677732132093 368.20224923994965 -742.3512027201193 425.67102536487397 167.84071589210473 363.4563346423929 -732.5579829791999 425.81799163312644 146.27822609048206 373.52186472974364 -739.8081939718734 431.61497530656845 159.80754194884028 325.9312174142294 -711.7616872490989 433.1731979519143 194.94503874292664 317.69667128674405 -717.958501307704 414.5027949218944 162.12790530952572 322.0609210276663 -691.2827869168823 444.2594873631772 201.4488783699176 361.0024174762895 -740.2009249306749 458.32834676592853 264.8763921952463 351.18969348407495 -745.9842603101398 436.74597623257426 179.69818705844472 372.5499694184295 -766.2651371938737 410.85869109737826 153.08484142714434 366.42987887337296 -749.841269421356 422.5917702910284 173.33535726072512 341.77386075169477 -729.9327187205329 408.1675638132388 138.3514557576941 294.8490471672362 -682.0978989873674 431.30325165961887 170.58378601417232 331.48773436632064 -718.1008712802528 449.7057577078393 206.49966656741697 355.4426031157408 -724.3401771046445 451.23173261243994 227.22551450535363 341.01841486952947 -720.5113234570358 420.0655093639115 166.68351198966096 332.38737022896777 -708.8625752115473 448.9444500998251 234.3007868976352 347.2600910977085 -719.9070451191544 424.1983455803151 156.08283728626884 324.1766083239145 -706.4681458504208 429.0393354413141 163.9238043574432 320.14563570037734 -701.067872965042 432.7136258794344 189.0533825847949 325.11632315750217 -726.7770043532097 412.2941129188674 145.99471428024475 358.3746757462173 -748.2848191663719 434.9286871691189 215.16550992342752 389.58620412760195 -776.2009650693976 418.28981020213456 152.25243318766027 348.38768038865464 -740.341764045955 413.62732145202847 140.5862917843822 340.3712046546116 -714.5926083427385 451.38865492359764 254.80269222003753 329.4197102579456 -703.4464443546598 428.3344120356496 192.901770176845 396.6958287537146 -776.2742484245742 454.3446690962619 234.33501444145145 296.05919727047694 -687.3689071128555 431.62507852562624 148.68686959339263 324.70524581204216 -716.3219866949502 439.1595258085378 223.5301273495411 355.144627212304 -729.1065744174289 421.7015098670102 185.7793473331167 373.65435349768785 -751.8645816829819 422.96330665029956 132.3318252874234 349.34191649703206 -724.9103855339274 423.2193656427457 126.49320247484289 292.84099502116175 -672.7980700206052 427.3837547245725 179.90344931992945 348.304326102574 -728.9823373943078 442.09555145451884 193.5604978464951 366.85737506959555 -737.5278599736371 448.6551760621458 239.7997321619512 309.6000326600444 -684.2458365409823 434.1553936179125 202.67678588291798 335.8986544902262 -734.0163560923195 422.63539949561056 161.18910103213912 384.65733438070106 -760.989965271783 441.27580265036005 206.48123106838082 317.6006282791071 -706.8563730716018 439.1326578575742 174.83615212306324 330.1433541317635 -724.1206649710479 429.8538194223294 209.0232767413309 298.32503291543344 -692.3214575680896 443.06805743551837 186.21821430925598 351.48097639459866 -734.7857955678323 462.6762180330483 272.2711965347409 364.8602687377654 -756.3992056820757 454.07108711371615 244.58271707600323 314.78035465373193 -689.4847997799504 422.6889235734977 149.39860424853316 310.40606438482297 -695.8012511787225 454.4436706578301 251.22893638394413 325.4715713491298 -698.5480328627937 462.52749973082126 262.59352095082454 352.8011313670514 -751.9750953407881 428.6010210265566 174.33053688762607 309.318253280943 -690.8737292945705 422.13676509333106 179.64272964044574 341.5181136447412 -725.3915767696102 456.719128900966 257.9309504401933 383.5928454865387 -771.1574466775476 448.6879393701441 195.62386827525393 390.84561538978045 -771.8835294079624 417.21493958606527 174.0007783511818 315.61276541742905 -711.289129516648 417.9159078489503 127.07644690680695 340.5676079833119 -739.4534117529561 438.5896396073686 199.02220318908385 378.95210698120627 -756.806284931341 423.2366463947334 138.59525678120355 379.07677765095116 -766.1717906449707
850.0048855897958 0.6950511823980482 1.3901023647959032 2.865769440237204 1.3901023647959199 1.9659016173813626 1.3901023647959143 1.965901617381317 1.5541816916833335 0.6950511823979786 1.3901023647961048 1.5541816916834619 1.5541816916834703 0.6950511823979459 2.8657694402373406 1.5541816916835045 1.9659016173814465 2.865769440237247 1.3901023647959705 0.695051182398051 0.6950511823979441 1.3901023647959467 1.3901023647959205 1.390102364796009 2.865769440237283 0.6950511823978925 1.5541816916835098 0.6950511823979657 1.390102364795996 0.695051182398012 1.9659016173814257 1.5541816916834805 1.5541816916835538 0.6950511823980088 0.6950511823979403 2.8657694402372784 1.554181691683419 1.9659016173812898 1.39010236479578 1.3901023647959754 1.3901023647960595 1.3901023647959863 0.6950511823979219 2.865769440237361 0.0 1.390102364795952 1.3901023647960276 1.5541816916834161 0.6950511823980492 2.8657694402372744 1.3901023647957718 1.5541816916834423 0.6950511823979821 1.3901023647959376 0.6950511823979502 2.8657694402372638 0.6950511823979582 1.3901023647959931 1.3901023647960244 0.6950511823979466 1.3901023647960207 1.3901023647959827 1.3901023647960038 0.0 0.6950511823978313 1.3901023647959645 0.0 2.8657694402372966 1.3901023647960045 1.3901023647959487 1.3901023647960182 1.5541816916835458 1.3901023647959105 0.6950511823979612 0.6950511823980421 1.5541816916835163 2.8657694402371714 0.6950511823979767 0.6950511823979125 1.390102364796021 1.3901023647959434 1.554181691683413 1.554181691683564 0.6950511823980338 0.48653582767838927 1.3901023647960267 2.865769440237382 0.6950511823979162 0.6950511823980365 1.5541816916834716 1.3901023647959503 1.5541816916834263 0.0 1.3901023647959705 0.0 0.0 2.7802047295919743 0.6950511823978883 1.9659016173813741 1.3901023647959005 1.5541816916834665 0.0 1.3901023647960662 1.3901023647959605 1.3901023647959836 0.6950511823979426 2.8657694402371443 0.695051182397978 1.3901023647958703 1.5541816916835123 1.3901023647959352 2.19794482677078 1.3901023647959672 0.6950511823978989 1.3901023647960304 2.780204729591941 1.3901023647959758 1.9659016173813215 1.3901023647959831 0.695051182397905 0.695051182398011 1.5541816916835665 1.5541816916834017 0.6950511823979483 0.6950511823979674 1.3901023647959005 1.390102364795842 0.6950511823979478 1.3901023647958966 0.6950511823979613 1.3901023647958892 0.6950511823979856 2.8657694402371616 1.390102364796007 1.3901023647958128 1.39010236479597 1.390102364795984 1.3901023647959616 1.3901023647960065 1.3901023647958852 1.3901023647960864 455.80025107720064 238.4600021906815 313.12746580938534 -702.6088167072227 464.91207912074026 267.3906360636855 374.7586393534186 -758.0786270549249 435.1250739360654 207.11348244610284 379.20770633725675 -763.0972339056487 433.04381402040383 181.2674448162045 389.41717127923135 -768.4891302846111 417.5477948134842 140.18218057259608 394.59382814613457 -766.6263485930328 427.28202283025234 196.95998650849614 337.689062830578 -716.9884170862932 443.1153411746296 222.8208952979023 294.9095888242792 -680.9966028796076 441.6883938497036 227.72303500545326 370.06524007100944 -762.8718465420042 426.54205612598656 150.32273954391906 345.61600130752095 -736.5473655040796 438.3854529834793 166.93671007636289 359.43452133261724 -757.6805752126845 460.07442887619806 252.809407319511 360.9799583411355 -736.4106957669654 425.0651121608665 183.8963331646298 301.2130415378906 -680.3295800046263 441.90080131273186 211.3175003250525 342.1042907988101 -711.6099430197513 414.97157191595534 154.6565097957781 364.13959782752767 -746.1803180795158 439.15198417289326 215.25073025872422 304.7509750577093 -685.3817343188548 418.9980669599654 117.8984382718859 320.29551100003266 -696.6261503227244 427.5262321345058 141.23231240269044 370.1733270295776 -744.0076579670351 423.5839343844661 164.57817740908325 366.6999670360631 -734.6875152818266 424.2028025064161 144.1197885800899 375.7481551958328 -742.2459699093359 430.1228116067268 157.06993860853342 327.61132558574207 -712.7082356927842 432.0211523045397 192.92325593122047 319.03862600644067 -718.7195437770131 412.46355789025114 159.323372567139 324.48659737030107 -694.0226551664355 442.5790471191282 199.32305262254098 362.6300078607524 -741.2574898728146 457.43782955958716 263.15307664599044 352.99084857422025 -746.7066240250421 434.6401742949699 175.98917273709844 374.01838146895795 -767.6449240420574 409.15334360441267 149.53546737347517 368.75091596170614 -751.2375592605146 420.8732863450101 171.23924175039994 343.8088178615407 -731.0320880173261 405.2995370977959 135.71526023822474 298.00819327368777 -685.8257737823071 429.3946945735294 167.20209560645773 333.759387659669 -719.5805131513632 448.2015093885995 205.65190483478074 357.557617587365 -726.1276652115255 449.5683731348896 225.08477647938483 343.2078253641576 -722.144273935557 418.20534440340595 163.7433133481119 335.231376465503 -710.8963170478992 447.18132165355763 231.3007970951389 349.0217281457808 -721.5225077363256 423.52124571097113 154.18517826648747 326.52494253161944 -707.8027086793588 426.88121327252776 160.2425528126169 322.29848808693293 -702.751364071368 431.120470670361 186.4029205748048 326.89940391579313 -727.543127488367 411.5807265909467 143.15833470955627 360.00094489667674 -749.3424365177115 433.14122542421967 212.1774388672473 392.96612986615975 -778.0806094550978 416.0710920516966 149.57845268900604 350.07854560039556 -742.1055025360274 410.9722426656885 136.29175351476152 343.4966670915299 -716.5263529004865 450.2856729216014 251.36946388571823 331.8743812571969 -706.1634539613518 425.89201253399574 190.3630181441835 399.58089559894734 -777.7690479937334 453.33238134971987 231.76240402661875 298.8068662812695 -691.0400752421032 429.869005286206 147.59237445668802 326.38645451851835 -717.2720285559315 437.7557255702474 220.75044211630055 358.21094287948273 -730.7299850382769 419.87284704529907 182.81803181181132 375.80797327318476 -753.5947231713443 421.42515392189176 130.0996584796863 351.62746585035154 -726.3622443565426 421.1085638433354 124.23419440843068 294.89655664758305 -676.0856101216725 425.90377145035495 178.11276781988877 351.434001488818 -731.3161912723101 441.22369994251045 192.28473263289675 369.425216493481 -739.286390727966 447.00186983808175 237.65203869552872 311.43460181663204 -686.4595782571797 433.0112595129737 200.65413160916907 337.25806582770633 -734.7521810646527 420.6791577594482 157.8264276989014 387.77213014703983 -763.3988735393011 439.9756411042609 204.56332765287226 320.09019348662525 -708.7234634791666 437.90725601632624 172.395951650835 331.7429520004629 -725.2186145182134 430.0410261261902 205.86088925731755 301.60955007162784 -695.8492671846974 442.51342742941387 184.72593634007612 354.03349415374913 -736.5639152036368 461.5592109088067 271.61511825141184 367.52897615859865 -757.9651381960207 452.42600805910877 241.04004562999484 317.3492160659011 -691.2120925537877 421.29611138540474 147.53633775525745 313.30761320375166 -697.7254478596318 452.75432166931705 247.25715719245028 327.00877509073166 -700.5339129012342 461.2639231139194 260.6528068335859 353.91821020061275 -752.3360432741839 426.5394054801255 171.05759101274572 311.4151500747396 -691.8788662220952 420.5205549287814 176.99794053697815 345.00667645328343 -727.0633195856508 456.0470913567452 255.14099768075 386.88051720248467 -773.2195116437933 447.7600067720526 193.91833834708896 393.7004569169342 -773.0784389031766 415.6815814289936 170.82498075862023 316.9534118693401 -712.0549583469051 415.6974563549687 123.35529931059592 342.11422630940524 -739.8366464821219 437.2256395490246 196.68247986269364 381.37243401022937 -758.8762004573817 421.2492723792612 135.73485583091895 382.0167254765861 -768.0655933896018
860.0048855897958 1.3901023647959656 0.6950511823979313 0.695051182397978 1.3901023647958546 0.6950511823979942 2.865769440237364 1.3901023647959465 1.3901023647958672 2.865769440237302 1.9659016173814146 1.5541816916834426 1.390102364795978 1.3901023647959345 0.6950511823981204 1.5541816916834827 0.6950511823980167 2.8657694402373166 0.6950511823980401 0.6950511823979032 0.6950511823979731 0.6950511823979664 1.3901023647959485 1.3901023647959656 1.3901023647960864 1.3901023647958857 0.0 0.695051182398068 0.6950511823979529 1.3901023647960038 1.3901023647959787 0.6950511823979257 1.3901023647960722 1.3901023647958968 1.3901023647958572 2.865769440237231 1.5541816916835214 1.390102364795933 1.5541816916835003 2.865769440237221 1.3901023647960926 1.3901023647959234 1.3901023647959692 2.865769440237246 1.5541816916834656 1.3901023647959814 2.865769440237279 1.3901023647959334 0.6950511823980721 0.0 1.965901617381473 1.5541816916834545 1.3901023647960353 0.0 0.6950511823978082 0.0 1.965901617381493 0.6950511823979589 0.6950511823981147 0.6950511823979243 1.5541816916836335 0.6950511823980471 1.3901023647958566 1.3901023647958828 0.6950511823979882 0.6950511823979884 1.3901023647960191 0.6950511823980235 1.5541816916833808 0.6950511823979273 0.6950511823980152 1.390102364795872 0.6950511823979106 0.6950511823979887 0.6950511823980369 2.8657694402373344 1.5541816916834799 0.6950511823979468 0.6950511823978336 0.6950511823979945 1.9659016173813302 1.5541816916834281 1.5541816916835256 2.0851535471939293 2.865769440237312 1.39010236479587 1.390102364795859 0.6950511823979304 0.6950511823979268 2.865769440237353 2.8657694402371736 2.8657694402373437 1.5541816916835938 1.3901023647958741 2.865769440237097 1.3901023647958926 2.780204729591841 1.3901023647959112 0.6950511823980349 0.6950511823979846 0.0 0.0 2.8657694402372265 1.3901023647959265 0.6950511823980045 0.6950511823978853 1.3901023647960136 1.9659016173813115 0.6950511823979145 0.6950511823979968 1.3901023647960224 0.0 2.8657694402371785 1.3901023647959323 0.6950511823980535 2.7802047295920014 1.390102364795827 2.8657694402372176 1.5541816916834013 1.5541816916835096 1.390102364795833 2.8657694402373406 0.0 2.8657694402372784 1.3901023647960447 0.6950511823978818 2.8657694402372793 1.3901023647958917 1.3901023647958959 2.8657694402373366 1.5541816916833702 1.3901023647958843 1.39010236479603 1.5541816916834594 1.554181691683509 1.3901023647958994 0.695051182397991 1.3901023647959811 1.5541816916834517 1.390102364795989 2.8657694402374077 455.15085876378396 236.10741995787575 314.6669526289082 -703.0261349361048 464.335175059201 265.458540692699 377.7035358982084 -759.964461828429 434.2584643822773 203.48245296024047 381.3781871673709 -764.8075739233631 431.92966072699596 178.7345154448647 392.0226535925001 -770.1936373288156 415.5538067176805 137.82602081869595 397.89564720945987 -768.6639691536479 425.9666096709921 194.10452600694325 341.19128274072824 -718.6229338818083 441.47705788889607 219.7339890543122 297.22363023309265 -683.9206758646162 441.02200468432625 225.37201327430404 371.62430566842113 -764.076108656683 423.37952342169393 146.6698023272476 347.4985127903088 -737.951479349574 436.39205757397804 163.60400968137114 360.039201941675 -759.0639222404614 459.16741637386457 251.09325120055664 363.30247102566676 -737.8066010103287 423.17131843948096 181.93601096888918 304.73521406486117 -683.4924835129839 440.3404358240327 207.70159429060138 343.9442501094982 -713.9011764196883 413.3301097856562 152.00075388074387 367.15760979039857 -747.9115339787205 438.2583710789533 212.5857439090297 308.7205828233384 -688.5442916320237 416.40119780695346 116.41339472878886 322.8051653273842 -698.4641170973755 425.9685371651485 139.0200959227127 372.07342703960404 -745.3879619872032 421.79344308447776 162.54602659421292 368.0790448697713 -735.3837100401076 421.66799852078066 140.7076087366784 378.7754019816713 -743.9702594580947 428.6253008723961 154.81784549229636 329.52281397664285 -714.8475822421344 429.63213593443385 189.8822564138177 320.5826492882833 -719.1193040698439 410.1518507946991 156.72498723667354 328.1610563307345 -696.9454548757908 441.35000099360343 196.88669365558914 365.2131406637924 -742.9930940306883 457.3395636541967 260.90464388967024 354.1032830204837 -747.9242816436864 433.36235827681924 173.5755603722945 376.2720540354764 -769.1868608336756 407.4279777135767 145.95245949892364 371.25766008979167 -753.1333340964214 418.5469500630037 167.1903943669725 345.8588074888566 -732.1043163350597 403.6565572577622 133.5680921387378 301.5288654710114 -688.9892843225632 427.99804243115284 165.3440442152041 335.71074835265716 -720.8403103629328 446.19354429569836 203.75491747490824 360.38611740118336 -728.236965225118 448.64562762361567 223.38158992416018 346.03204145257024 -723.4069291157891 416.15618383879513 161.41726235245758 336.967902102537 -713.3709224994134 446.6348672056675 229.80381411225991 352.3485121634416 -723.9135519775893 421.63239562361474 151.74777519524653 329.02192649479923 -710.4839057971652 425.94899979825 159.01561550926266 323.3668186993052 -704.0115087316241 429.70722585892287 184.09313429009856 328.26064362048186 -728.2713823199572 410.72512775632646 140.34625245570297 362.06989980719874 -750.3847107401394 432.8763529717067 209.07811547559083 396.3332818820189 -778.2048691952393 414.5779818492911 146.81206456747827 352.4935816470045 -742.4713304706272 409.08932352181324 133.84459080532378 347.4196872379502 -718.5928722920015 448.9944331030393 248.0520502462081 334.0375810161265 -708.6546893529711 424.36196019151396 187.89312567281246 403.4148437625598 -779.0309076663472 451.9811151692856 229.4135186994142 303.20180629891325 -694.24167680701 428.90456231090377 146.3816849834257 329.1645247149838 -719.4377121131813 436.0528265158514 217.23964538678692 361.2994048686639 -733.1685310815033 417.6831897522373 179.15297182668883 378.581257136014 -755.8276995378147 419.650548634445 128.05906989796324 354.6156828874056 -728.9943754495583 420.00665776739845 122.11727499334098 298.3022706723872 -679.428978658705 424.60748322563956 176.67397846389548 353.05353793800253 -733.2354438608911 439.8872347802247 190.38961413492825 371.84139152554576 -740.4992334753517 445.49100239512063 235.41082756342175 315.12454744641127 -688.5512388279278 431.5246360067689 196.50737169636182 338.9876306024114 -734.786336391487 418.8667863303726 155.82457647512388 389.77576668603814 -765.456973624486 438.8437245571567 201.58672347938383 322.1191300277458 -709.8420558838653 436.78470010247884 170.8282673472716 333.7858067732503 -726.3083183665827 428.69402919557064 202.56341328180036 304.9611563057742 -699.3208656900418 440.7195924782419 182.21077137647677 356.3533455391363 -737.9678118471174 461.952684112561 269.04453508891413 368.3937554157795 -758.8263821333175 450.75438149022614 237.5125002930325 319.47009097902264 -693.7321264485679 418.1014934275022 143.91334007848894 315.70698716604625 -698.1853792181566 451.4643603951271 243.94054100510948 329.0977255614779 -702.347173835055 459.4063809194582 256.7906128976604 356.4193726065715 -753.3798828774213 424.6128047013949 169.11369055826913 312.71812051765255 -693.491905589346 418.4462061252748 173.2450030934593 347.1472409485707 -727.9644710867171 453.7999192689384 252.46231453774203 388.4453485548166 -774.4152922378959 446.43314637864154 192.0211938332614 397.0789997073855 -774.0748228174991 413.435580041064 167.19865140209728 318.8890654630455 -713.3420058982442 414.1600381845037 121.0957677278363 343.3063305625574 -740.8875350993414 435.6721408465268 194.4694169204378 384.7507978699709 -760.7547178599265 419.19552090250374 133.9308501168064 383.9260005341167 -769.4325835381225
870.0048855897958 0.6950511823978845 1.39010236479598 1.3901023647960329 1.554181691683554 2.8657694402372087 0.6950511823978975 1.3901023647959352 1.3901023647960793 0.6950511823980021 1.5541816916834637 1.3901023647959354 1.3901023647959232 1.3901023647960278 0.6950511823979835 1.5541816916834161 0.6950511823980592 1.3901023647960224 0.6950511823979846 1.3901023647959843 0.6950511823978489 1.3901023647959827 1.5541816916833648 1.9659016173812758 0.6950511823979362 1.3901023647959707 1.965901617381323 1.5541816916835205 2.865769440237394 0.0 0.6950511823980736 1.5541816916834819 1.390102364796002 0.695051182397934 1.3901023647958382 1.3901023647958697 1.390102364796149 1.3901023647959527 1.554181691683668 0.6950511823980194 0.6950511823978823 1.3901023647958608 1.3901023647960107 0.0 2.8657694402372935 0.6950511823979915 1.3901023647957993 1.3901023647958675 0.6950511823979723 1.3901023647959334 1.3901023647960244 0.0 1.3901023647957897 0.6950511823980234 0.6950511823981657 2.8657694402373175 1.3901023647960271 0.6950511823979628 0.6950511823979002 1.3901023647958848 1.3901023647961164 1.3901023647959045 1.3901023647958486 0.6950511823978893 2.865769440237295 0.6950511823978945 1.5541816916832891 0.6950511823979776 1.3901023647960065 0.6950511823979709 0.6950511823978643 1.3901023647960222 1.3901023647960133 1.9659016173813122 1.390102364796033 1.390102364795916 1.3901023647957573 1.390102364795909 1.5541816916833977 1.3901023647959547 0.0 1.5541816916834723 1.9659016173814634 2.8657694402372695 0.48653582767838927 0.6950511823979902 2.8657694402371927 0.6950511823980118 0.6950511823980139 1.5541816916834617 1.3901023647960609 1.5541816916834639 1.5541816916835496 0.0 2.085153547193907 1.3901023647960162 0.0 0.6950511823979924 1.9659016173813122 1.3901023647958881 2.1979448267705317 1.5541816916835005 2.8657694402373703 1.3901023647959425 0.6950511823981316 1.3901023647959225 2.8657694402371 0.6950511823980117 1.3901023647958972 0.6950511823979778 0.6950511823980311 1.5541816916834834 0.6950511823978356 1.390102364795952 1.3901023647958786 1.3901023647959623 1.390102364795943 0.6950511823979063 0.6950511823979423 1.390102364796021 1.3901023647960695 0.6950511823979627 1.3901023647959072 4.170307094387795 0.6950511823980792 1.3901023647959332 1.390102364795786 1.3901023647960113 2.865769440237228 0.6950511823979073 0.6950511823979554 0.6950511823980138 1.3901023647959145 2.8657694402372225 1.3901023647958992 1.3901023647959583 1.3901023647959083 0.6950511823979894 1.5541816916835252 0.6950511823980076 1.3901023647960107 454.43891269270375 234.72129635909306 317.4479225768894 -705.1882301783878 462.239848645407 259.89339818851 381.0901804736476 -761.8283316253934 432.2974802110747 200.13320279474914 384.07173381259577 -766.3283878135634 430.60016129274123 177.33115870197352 395.0817110538806 -772.7403257003474 413.369640421573 135.3723579177676 400.350729615375 -770.6902970343634 424.89154216523343 191.04284392244276 344.02605775777533 -719.8606328954968 440.0162841739348 216.98830435205852 298.19163133033726 -685.3490352245987 439.6300414070457 223.04603518272367 373.01194488955605 -764.7533990645628 422.3052230938208 144.54159199680606 349.221659758111 -738.8214065971335 434.85062511720497 161.37306804659553 361.8569966382944 -759.744682829308 456.9477312159748 247.46800081768137 366.06953913634493 -740.0475075616919 421.8796069994101 178.04939473774036 306.3257678401764 -684.603956352245 438.8298051776042 205.93480059324 346.4216893754329 -715.8264776942497 410.93964385667823 148.9599432628012 370.619977189962 -749.6202356443584 436.6945965854478 210.37949154973978 310.3744760005726 -690.3407767994091 414.6963391454074 113.935532043133 325.59071047749416 -700.6229235640545 425.13986519428556 137.18666456304373 375.4540327731326 -747.2663570710315 420.62358762015737 160.51427282095833 370.2446481650638 -737.9702396273486 419.27883719708404 137.66971046558555 381.03131198498147 -745.50609530405 427.4486166848117 152.79380761717917 331.3951997090079 -716.268384190301 428.46962671347035 187.38167724520753 322.0211472323287 -720.5315235416491 408.8910436416958 153.7436791079928 330.70379161787133 -698.7430744140543 440.05857089584 195.44141718579684 368.4166976500576 -745.227712968622 455.82944004435643 258.66132584252455 355.48498222000495 -748.6123685170271 431.3199463157716 171.25890743527714 378.8737661331782 -770.0209934829854 407.7397261494553 143.10346561056494 374.29276796671496 -754.836830810589 417.33054363139 165.7004638148897 346.5466831756833 -732.4534902178079 400.91456046564775 130.32090018842771 303.3654308241898 -690.4562138041854 427.1259595453978 164.55813765785194 338.20137281361315 -721.9092362361581 445.3635432754412 202.92659427814604 362.89082614674055 -729.2780253542653 447.19889307528405 220.6263048995008 347.8312466640347 -724.9773403981421 414.4956827136342 158.79598410329905 339.44348592074886 -715.3077477421232 445.4128316301368 227.3586900929953 356.65388514525995 -726.5277609721594 420.5268645165264 150.15348047881116 331.50757235395946 -711.5695887726871 424.77707692320524 156.9838851282064 325.49827769279295 -704.9362140282823 428.1430481178998 181.40416315576763 330.7481273154205 -729.3453402690927 409.35059738551115 137.94867959902246 364.0582685141481 -750.7216897144046 431.4784221188261 205.79771716084107 400.7260978026009 -781.5518599019408 413.852610966583 145.39290885590214 354.3051438829276 -744.0264892751434 406.98115054845607 132.11299302161095 350.5030821993183 -721.0444610696119 446.282386757845 244.7587398155298 337.2062366221837 -710.0974021688191 422.5504152084337 184.54169476318765 407.2287313647687 -781.5728534816477 451.36135418376404 227.49399575907177 305.90670265157866 -695.7355234749141 428.0507146249738 145.07837604005667 331.03914463121004 -720.8509763842989 434.6440540251681 214.92634988511463 364.06552515179004 -735.4090620523426 416.08394099584063 176.47572927650944 381.620999282923 -757.522239849923 419.3277180664791 126.26204426630254 358.5828114165401 -731.4186964324366 418.581578736795 120.28368670476682 299.4578215102775 -680.5228983277259 423.46952451373033 173.64125363416025 354.69117713705754 -735.140460675401 438.1286606684672 188.3287817964361 373.14810354419654 -742.6504559287549 443.1956553288484 232.76920328412547 317.5581268084365 -690.5405579709724 430.307623277624 194.5198894847893 339.83685475132154 -736.5220208591626 417.26626614334435 153.64296520744568 392.91784397339416 -767.8287858346157 437.48907692196076 199.7074754295808 323.91090082497027 -710.5788272927364 434.35493554190884 167.34847932221382 335.16146864852055 -727.0166945603414 426.96606678289163 198.5693994539707 306.99041463829076 -700.438685794678 439.40755620408385 180.77840316137684 358.77070769234916 -740.0388401407869 461.30815604445013 266.69356059452787 370.304038916631 -760.1917431605533 448.5822473784333 235.02549095142768 321.13747306825616 -695.5170493576134 416.35826352357765 141.33517316147874 318.30082527114064 -700.6902246936954 449.8437675280752 242.24391028884602 331.96588781782214 -705.1802350176897 457.03049418280597 253.27034014911143 357.1982949379207 -754.4141904224864 423.3067985866953 167.18796712232228 314.6263127361598 -695.6345117666264 417.3841534043116 171.62417869437388 351.44979557906805 -730.1489434796374 451.8056013726064 250.5481741732165 391.4059283927245 -776.2733466263027 445.14194221652565 190.56739378508425 400.75657761941983 -777.1121597230202 411.9687233560605 165.41065746631196 320.8403677326273 -714.6055929697775 412.6157212002895 118.31121224144633 343.99652915164194 -741.2347134325465 434.6071841257016 192.36904822817593 388.3200442017668 -763.1286316439011 418.1125403189305 131.27233621682547 387.5810287209487 -771.629011131048
880.0048855897958 1.3901023647959863 0.6950511823978384 0.6950511823979516 2.865769440237189 1.3901023647958646 1.390102364795959 1.3901023647960244 2.197944826770828 1.3901023647959005 2.865769440237175 1.5541816916834423 1.3901023647958697 0.6950511823978878 0.6950511823981235 1.3901023647960264 1.3901023647959614 1.3901023647959296 0.695051182397916 0.6950511823979636 1.5541816916834426 0.6950511823979093 2.8657694402372034 1.5541816916834326 1.3901023647959836 1.3901023647958812 1.3901023647959845 1.5541816916835314 0.6950511823978613 0.6950511823979643 1.5541816916834568 0.48653582767863807 2.8657694402371487 1.3901023647958766 0.6950511823980592 0.6950511823979466 2.865769440237205 1.3901023647959576 0.0 0.695051182398021 0.6950511823980693 0.69505118239791 1.3901023647958106 1.5541816916834836 0.0 0.6950511823980757 1.9659016173811918 0.6950511823980516 1.9659016173811807 0.6950511823979313 1.3901023647958755 4.170307094387758 1.3901023647959743 2.8657694402372744 0.0 1.3901023647959716 0.6950511823978401 0.695051182397889 1.3901023647960402 1.390102364795948 1.5541816916832687 1.3901023647959945 0.6950511823977973 0.6950511823980002 2.8657694402372402 1.3901023647959252 1.3901023647958493 0.6950511823979303 0.6950511823980358 0.6950511823979314 1.3901023647958393 1.3901023647958943 1.3901023647959079 1.554181691683473 0.6950511823979961 0.0 1.9659016173812818 1.965901617381321 1.3901023647959665 1.5541816916834499 0.0 0.0 1.554181691683484 4.170307094387843 0.48653582767838827 0.6950511823979769 1.3901023647958544 1.3901023647959183 1.3901023647958601 1.5541816916834448 1.3901023647959687 1.390102364795959 1.390102364795847 0.6950511823979464 0.695051182397779 1.3901023647959219 3.108363383366969 0.0 2.865769440237231 1.3901023647958715 1.3901023647958726 1.5541816916834263 1.3901023647960395 1.390102364795963 0.6950511823980177 0.6950511823980444 1.5541816916834075 1.390102364795965 1.3901023647959847 1.3901023647959623 0.6950511823979696 1.9659016173812498 1.390102364796064 0.6950511823980291 2.865769440237374 2.78020472959197 1.3901023647958932 1.3901023647959805 2.8657694402373233 1.3901023647959074 1.3901023647958881 1.390102364795898 0.0 0.6950511823979275 1.3901023647959134 2.865769440237251 0.6950511823980128 1.3901023647959905 1.9659016173811616 0.6950511823979509 2.8657694402372367 1.3901023647959403 1.5541816916832727 1.554181691683513 0.6950511823979997 0.6950511823980217 0.6950511823980879 0.6950511823979798 1.5541816916836195 1.5541816916835514 2.865769440237322 453.7919037689049 232.8152347267383 318.63471554514604 -706.2501380995132 462.0615072251352 258.61145619088796 385.04714177342834 -765.2001966103028 431.3365307931482 197.9495211088653 388.38559521557903 -769.8560770727356 428.20178192993274 173.80874869745608 397.360736721689 -773.7863423367346 411.6933402074148 132.70886969080703 403.62186132496134 -772.8067705381193 422.07132131722375 187.84886422560234 347.4745412264956 -722.4584834803633 439.4221921510015 214.5475262514657 300.78468803089226 -687.8584296140326 438.5787637933968 219.9954721565717 376.2298500402209 -766.0787736315389 420.2081866032708 142.8002269787234 351.4726118682052 -740.3671861140504 434.24868792491077 160.36726538324177 363.41540779258247 -760.0693294832898 455.5047160682013 244.7100363103692 368.9381434531583 -742.0906005622561 420.68336894539743 176.02730875353436 307.81690047693223 -686.7223742636861 437.7400518990156 203.85149412281308 349.7860902314344 -718.5943094422433 407.9655013755679 145.40592766703546 373.84259580347145 -751.8272072930688 434.77037919904285 208.45201270149028 313.0118260585927 -691.9649802032393 411.6196662431743 112.23405875620155 328.49606252326726 -702.5683128740187 423.19835126255174 134.7764645515338 377.80271559398574 -748.6174899517241 419.0578082667135 159.31068563016183 374.4000840242894 -739.1382421814154 418.5168518838413 136.27533824364394 383.4649774509488 -746.6757545934254 426.20567882466815 150.79608650845228 332.075546227683 -717.4832085604156 426.9273987623759 185.15639929071142 324.3364473148942 -721.9371666945779 407.8231345456088 150.55037032029455 333.35602103716093 -700.3359657520211 439.4143688187657 193.0142600162715 370.94302533219536 -747.1013271445681 454.3580819207235 256.8628892636616 357.6575618772245 -750.3209792002275 429.73870509172457 169.05326183767176 381.6664549843176 -771.3445579028304 404.2131638623659 139.0055943559048 377.3410427010009 -756.5155044143496 415.0796921766021 162.53625865957022 349.22610316157255 -734.0029778565774 399.9116568965554 127.01461380473191 306.06100188977206 -692.784450619343 426.1687991057955 162.8439010107947 340.7041147328461 -722.952465044805 444.36199737937494 201.26607159620156 366.96262702984797 -731.5021527095527 447.2957019345327 219.12952826600338 350.85678531707435 -727.5646254981002 412.9574662000225 157.0629220455344 343.3171581578759 -717.9139726271122 444.2996092725558 224.83495803439195 357.61176569298254 -728.508612120501 419.09854815634094 148.84219386940484 333.049474348744 -712.7944744414608 423.5064608739088 155.53049848016374 327.97245628407006 -706.872008755367 427.272873257538 179.13182041362265 331.34570250862663 -730.7283474171884 407.41159146093133 135.0019651647515 365.8779464011869 -751.3940514870294 429.68729896487025 202.78835686587877 403.66996746666734 -783.4866096606479 410.4692748115444 141.68801423210388 356.215057133541 -745.3948538278856 405.4604928355194 128.2393410348923 354.56245000715643 -723.2875667048548 444.7944405576665 242.97373545308858 340.8959197091731 -713.0588340910791 420.58466277928284 181.5371983027728 409.4435745352037 -782.031579122393 451.1607219247044 226.2107239423854 309.13266969917294 -697.8940877990116 426.5039365043695 143.35129248018285 333.6188487838691 -722.5950703477259 433.10707070041093 213.18325853863678 367.79641284744093 -737.4485078901652 415.37619839061057 175.044156822477 383.49907339979666 -760.769571950298 418.0096537167914 124.85191969815993 362.04741987329845 -733.1256271462403 416.4616494651675 118.03721896758887 300.7530085821449 -682.9846241449972 421.7814768310728 171.02814597401775 357.6377417969996 -737.0237544859211 436.69772899405984 186.51183220171356 376.01117417707553 -743.8251501790206 442.5614845239457 229.89264138541571 319.316077334296 -693.0023208847136 428.565905644053 191.9619463336406 341.13109690716163 -737.3873692233012 415.6979208378375 152.46088990544837 395.210580506322 -769.3160697299331 435.9883018640962 196.48385921764617 325.2842725218401 -711.2859861702269 432.13263996189227 164.68089109282155 336.36530550883367 -728.057531945157 425.61934959796605 196.20157058462897 310.2209948852205 -702.5906414581939 438.0421932723495 179.39498701511374 361.2051275556794 -742.0903645877303 460.51523086868986 263.491681934293 372.9924919618763 -760.8398221589517 448.0253404846663 232.5764352960507 324.2872796750833 -697.8269999486685 414.271245991519 139.06037915325643 320.94734387541655 -702.2958519414638 448.9875295980419 240.01317374108532 334.5269470270253 -707.8002355859795 456.4095007136861 251.35166839650844 359.281252404193 -755.429529817898 422.0863163700096 165.18140063598787 316.6729108802898 -696.7161338982424 416.35826055260674 168.9358361428009 354.3946095506726 -732.4703626634707 450.20446912473113 247.89875433984142 395.12766264850325 -779.2717727604374 444.025376237012 188.5009380705595 402.4694076574118 -778.9359971466263 409.64778238409315 161.28525682757405 321.60096477919683 -715.6545938537449 409.6350359661021 117.41422599970147 345.4666411026775 -742.6110956807635 432.61956954446464 189.50788252460345 391.2048684137795 -764.2649490126715 416.5367531389072 129.57458779095182 390.5963367632687 -774.3049981648516
890.0048855897958 1.3901023647959405 0.6950511823980029 1.3901023647959172 1.5541816916836215 1.3901023647959723 0.6950511823980761 1.965901617381369 1.3901023647959572 0.6950511823979719 2.8657694402373153 2.8657694402372793 1.390102364796135 0.6950511823979441 0.695051182397813 0.0 1.3901023647960122 0.6950511823979151 1.3901023647960185 0.6950511823979143 0.6950511823977612 0.6950511823979163 1.3901023647959485 0.6950511823979201 1.5541816916833584 1.3901023647960367 0.0 1.5541816916834656 2.8657694402371967 0.6950511823979411 1.9659016173814845 0.973071655357163 1.5541816916834112 1.390102364795934 2.1979448267707173 2.865769440237299 1.3901023647958393 1.3901023647959485 1.965901617381377 1.3901023647959305 1.3901023647959336 0.6950511823979729 1.3901023647959074 2.8657694402372704 1.9659016173812218 0.6950511823980136 1.3901023647959323 1.3901023647959745 0.6950511823979466 1.9659016173813446 1.3901023647959032 0.0 2.8657694402373672 1.3901023647959567 1.3901023647960338 1.5541816916834739 0.6950511823981151 1.5541816916834958 0.6950511823977792 0.6950511823978998 1.5541816916834823 1.3901023647960071 0.6950511823977806 2.8657694402372873 0.6950511823979892 2.865769440237269 0.6950511823978384 0.6950511823979001 1.390102364796045 1.3901023647959676 1.3901023647959827 2.865769440237351 0.6950511823978751 0.6950511823980082 1.3901023647958273 0.0 1.5541816916834026 0.6950511823980042 1.3901023647959256 1.3901023647959296 1.5541816916834463 1.9659016173813098 1.3901023647959216 0.0 2.8657694402372536 0.6950511823979358 2.865769440237387 0.6950511823980052 1.3901023647958783 1.5541816916834534 0.695051182398141 1.5541816916834181 1.3901023647958224 1.3901023647959003 0.6950511823980812 0.6950511823979573 3.1083633833669158 1.3901023647959436 0.6950511823980192 1.3901023647960173 0.0 1.5541816916834401 1.3901023647959374 1.5541816916835198 0.6950511823980272 1.9659016173813386 1.554181691683386 0.6950511823980761 1.554181691683532 0.6950511823979493 1.390102364795833 1.5541816916834519 1.390102364795946 0.6950511823980008 1.390102364796037 1.390102364795934 0.6950511823979089 0.6950511823980224 2.865769440237152 0.6950511823979549 1.390102364796038 1.3901023647958841 1.3901023647960007 1.390102364795949 0.6950511823977923 1.3901023647958988 1.3901023647959165 1.9659016173813002 1.3901023647959838 0.6950511823979132 1.390102364795837 1.390102364795976 1.9659016173812531 1.3901023647959556 1.3901023647959025 0.6950511823979638 1.3901023647958786 1.3901023647959871 1.3901023647959625 1.3901023647959314 0.6950511823981383 452.7982817732878 231.15679400436696 320.01030634491775 -706.9529131232096 460.53057247849455 255.44013556432463 388.28514985306083 -767.4485689515164 429.1794449561561 194.7228108839351 391.4973404272922 -771.4042529158479 425.80573807566174 170.77164678049218 400.3867359568448 -775.6011980983378 410.38325009029904 130.76201092916213 407.0282143695788 -774.6996523031372 420.1983557886359 185.38680286472132 350.2475749266156 -724.2507618245443 437.975811063967 211.74923840210934 301.4354888054665 -689.9464581121026 437.8562219541684 218.11194174924756 378.66239098538557 -766.3251246962444 419.45531292483065 140.8608031951364 353.2030701563097 -740.3450026281731 431.79551685544766 157.9050817748815 365.61920154520817 -761.7443429508975 454.4591886054162 242.6066279944121 371.31358231062535 -744.2910184614707 419.18965577433846 173.74151724226954 310.2901150048729 -688.6645271037182 436.09661881956896 201.1986969393392 352.9903332392426 -719.9565892818598 405.36248624855847 141.4971613232265 377.1037680014346 -753.9761057555072 433.509119137543 205.00707359115978 314.8038222558588 -693.545204821773 409.87982457482394 110.43329840637881 329.95083783221355 -704.821028691996 421.8600675908821 133.91278097716906 380.67642027451996 -749.3125487816674 416.86446493358017 156.61145363740286 377.19715642530906 -740.4650498204057 416.1368618502817 133.7427565225741 386.42889507205376 -747.6092425471688 424.9244431099946 148.8282361925024 333.8033089773069 -719.2099351733468 426.0036361121255 182.89555188828973 326.14922684933146 -722.6300851001135 407.11060645301285 147.51956405849538 334.9020774545686 -702.4099820329982 437.7594496322572 190.37231158815527 374.27197101110744 -749.0934336167954 452.50175414481777 253.92469843016627 359.8291035919588 -751.1462213524333 429.04127004658017 167.09662504357718 383.50962906894017 -771.9333066513958 401.31487035917195 135.3671948530637 380.5359975929006 -758.8126785338922 413.5431844167861 160.27625359414083 350.3533003130816 -734.3369626773725 398.0539390795874 124.51418847574605 307.32681305326423 -694.5337210556758 424.91209783644246 160.8614937890365 343.04063379267757 -724.3216588394624 442.83229332389334 199.02479111073228 371.0564275603209 -733.6844998863104 445.9689570295942 217.71668390453618 353.4612607893419 -729.2706447616426 411.1758915198042 153.9828312108721 346.2625671717155 -719.8018661552788 443.42330899645015 222.09703871870752 361.25365786528454 -729.8496797766891 418.3316658310472 147.44599371648368 334.34665661630606 -714.52069590061 421.2563503655404 153.92483410718575 330.8962331635437 -709.6479495042443 425.391872243338 176.67556087746945 333.5913877822136 -731.4140494678264 404.930885529929 130.96986097107907 368.40254379831913 -752.3766448948357 427.8946782236063 200.26631189325803 405.9695429881948 -783.8476118482854 407.05855717951863 137.47815774339702 358.30420887213165 -746.3962709726154 403.6344363860513 124.64395539164809 357.00011856695056 -725.3355696041714 442.9653700135466 240.4929282249483 342.5410814489905 -714.9535224511254 420.1536896939631 179.86607347123504 413.2245666162835 -782.9280114465599 450.1562567320121 224.54912420194506 312.13165229179594 -699.6619173711193 425.2141928661814 141.39145504371766 335.953363499669 -723.9712086819469 432.0390020096293 210.58645330624054 370.169835538771 -739.6551585393985 412.9930406832293 171.47677587559667 386.00978698527405 -762.7104229554509 417.5088640803419 123.1996645755758 365.4375798743338 -734.7589325446165 414.5861480260653 116.62669988167423 303.12977725571477 -685.1035324909741 419.64623884408985 167.75584255959348 360.94368059111434 -739.0526873733171 435.40574147819524 184.06571195035818 378.5420120921545 -744.8035765506701 441.6199984646926 226.7239819688762 321.4583601938278 -694.75707139201 426.25823402325324 188.60217554282445 342.68607853037673 -737.7214366497451 414.692464161396 150.2337609288529 398.3661796778109 -770.793170068945 435.70117440016253 195.22249476566338 327.5249564247629 -712.8450345227942 431.91531715099023 163.84966647697047 338.87577473409567 -729.0796754496444 423.54872938248576 193.40950148216618 312.7890463789786 -704.3495953402681 436.45703710820567 178.72682691873132 364.7852673060816 -744.4482383378071 457.5573136017873 258.95690094206043 374.6056746818807 -760.0973359789245 447.41406845024375 230.13809534556373 326.86534036869483 -699.5751027048495 412.4230902259044 137.08969079185937 323.0128476423096 -703.3469478363393 447.84216730930626 238.4541330996765 337.54799503889996 -709.5312140866006 454.1507543707022 248.21846895185953 361.55954795158726 -756.9388567675995 420.4468471235547 162.50144186374553 318.4690678196449 -698.287704203518 413.9123257349936 165.93203973417138 358.56398801479094 -734.4947707003791 448.54950303831447 245.28835056242303 398.4146977023233 -780.3952608161603 442.5566790866605 186.70543668351695 405.1192717593012 -779.5198110831234 408.1315615501336 158.47965907651198 323.411845325161 -716.354590979374 408.72157153257234 115.6169659598644 347.1173132392427 -743.6294216350836 431.2235487467251 188.16120990685275 394.1014066491848 -766.3584570121255 415.2234484210832 127.62861280743115 391.85818064408795 -776.3083687150322
900.0048855897958 1.390102364795921 0.6950511823979836 1.9659016173813006 1.3901023647958837 1.3901023647958926 2.8657694402371745 0.6950511823979533 2.865769440237225 0.6950511823979104 1.5541816916834086 1.390102364795985 1.390102364796086 1.3901023647959818 0.6950511823979151 1.3901023647959085 1.3901023647959814 0.6950511823980593 1.3901023647960875 0.6950511823979495 0.6950511823981544 2.8657694402372633 0.6950511823980693 1.3901023647959603 1.554181691683556 1.3901023647959645 2.8657694402373757 1.554181691683495 1.3901023647959365 1.3901023647958684 1.3901023647958446 1.554181691683389 0.6950511823980882 0.6950511823979783 0.6950511823981107 1.9659016173813075 1.5541816916836293 2.8657694402373264 1.5541816916834836 1.3901023647958943 1.39010236479602 2.865769440237331 1.390102364795828 1.5541816916834852 1.3901023647958612 0.6950511823980287 0.6950511823978623 0.0 0.6950511823980093 0.6950511823979358 0.6950511823978722 1.3901023647960353 1.3901023647959707 1.390102364795887 1.3901023647958612 1.554181691683435 1.3901023647957755 1.3901023647959734 1.3901023647960866 1.3901023647958495 1.3901023647959316 0.6950511823979095 0.6950511823980129 1.9659016173812363 1.5541816916834965 1.390102364795918 1.3901023647959878 1.3901023647959658 0.6950511823981436 1.3901023647958846 1.3901023647959063 0.695051182397927 0.6950511823978712 1.3901023647959978 0.6950511823978636 0.0 1.5541816916834543 1.39010236479591 1.3901023647958644 1.390102364795864 2.8657694402373 1.5541816916834095 1.554181691683465 2.8657694402373046 2.8657694402372536 0.695051182398052 0.695051182397834 0.6950511823979832 1.9659016173812687 1.9659016173814126 0.6950511823979681 0.0 1.5541816916833644 2.8657694402372837 1.5541816916834925 2.86576944023732 3.108363383366892 1.3901023647958914 1.3901023647960309 0.6950511823979001 1.9659016173812975 1.554181691683428 0.0 1.3901023647960222 0.6950511823977812 1.390102364795941 0.0 1.5541816916834787 1.3901023647959834 0.695051182397978 1.3901023647958899 1.5541816916834865 0.6950511823980972 1.390102364795907 0.6950511823979828 2.7802047295919374 1.390102364796097 1.3901023647959925 0.6950511823978593 0.6950511823978687 1.9659016173813897 0.6950511823979916 1.5541816916836022 0.6950511823980562 0.695051182398074 1.3901023647959785 0.6950511823979765 1.5541816916835094 1.3901023647958075 0.69505118239793 0.6950511823980126 1.3901023647959707 1.390102364796024 1.5541816916834907 0.69505118239807 1.3901023647959223 0.6950511823980203 2.865769440237295 0.0 1.39010236479599 1.390102364795969 451.4520401318054 229.7511779874185 322.1697091667439 -707.8125321807078 459.31590078164834 252.495503868192 390.51340750003345 -769.2868399771809 428.23559055821806 192.47255912525742 395.19334622714774 -773.6827356161554 423.6077234455652 168.07066239241482 402.0052316183272 -776.903813226015 409.19768019744646 128.68721196812595 409.51265073987145 -775.8108677860517 418.1538558366213 182.54619065636916 352.5264955132531 -726.191091660803 435.6954980068101 209.62191430685604 303.24526598225367 -690.6532921909358 436.72519028435227 215.53051102665196 380.52639977657867 -766.8403755720503 418.1404608852792 138.9120734392325 354.4403241975297 -741.3529023912995 430.1057533168254 155.78702798803408 367.59691603580853 -763.0208928152657 453.36264187913457 240.53117280609783 374.68331852278743 -746.2065075563046 417.0068183242985 170.50590035807213 311.66649537890805 -690.2261784697348 433.45026620086406 198.3844734079718 355.7140104730205 -722.3165340310344 403.25499551533875 138.17053900827358 381.2517249425766 -756.1026350302278 432.0014101101106 203.24055085127083 317.5634739953635 -694.9371216835096 408.3995728756535 108.80207823238817 332.11581296368803 -706.5394541106418 421.32814077478287 133.35511893098854 383.8365993540054 -751.2856728049107 414.2272784911484 153.79278181196977 379.87532383557385 -742.0515174607756 415.3630337188063 131.81357654689864 389.8584252331678 -749.4147976851615 422.81225969048256 146.5735012264019 335.63283288983865 -720.746954848074 423.1618997130648 179.7363215405507 328.22928046504154 -723.6492299266198 406.10195757531267 144.21867204210176 337.15982549704177 -704.8128139343094 435.4466810457883 188.29000677480875 376.7263353044543 -751.2098658072538 451.72783912694683 251.60585244559527 360.9206149891528 -752.4872962465579 427.45786205491004 165.9288391444446 385.5156319089535 -772.0858733788651 398.6401043706453 132.58097096134102 384.0767453592449 -760.4172633447532 412.11980503099267 157.90716602230748 352.12036263630273 -736.0195014025536 397.27240058945335 122.04529444208869 309.4804491407921 -695.4123216380785 423.7428551987994 159.31286528773165 345.6570691335563 -726.007601261071 441.44029744290435 197.67167952304936 373.71491359049617 -735.3121061216746 443.92469177468644 214.89621721710685 356.08784500570573 -730.9432512551764 408.51636207457574 151.7162304952183 348.44996160694035 -721.4917942811779 442.5112812221323 220.35159814409786 364.0710987715221 -732.0234861352551 416.8804675493747 145.62963206628118 336.1780823434034 -716.4936155948961 419.63792112139066 153.3252259259158 334.0140306548804 -711.1816759874586 424.1211233246674 174.70082306596134 336.3699669543256 -732.7616076916693 402.94854031248764 127.51688018519219 369.9751861880166 -752.6432623199345 426.7216469986895 197.71736126381353 409.5757463428756 -783.7682328552459 403.8809602354097 133.03752567658205 360.3321754680757 -747.5367141072737 403.2728212574392 121.77071981135545 359.6302771006679 -726.9966611525736 441.0575940483135 237.08691695619004 344.2082971220072 -716.8335264455466 417.44692564111614 176.58701005509755 416.62740205839634 -783.132601613368 448.6298118007724 222.31435258810572 314.28932124554154 -700.5340742371225 424.311258244197 139.58801462838912 337.2707837158185 -725.6846549840867 429.90952531912416 208.34886632070965 372.599194598274 -741.8054977084553 411.5663378070406 169.64405904468364 389.2371730752743 -765.1314102456605 415.37860828319043 120.42794547938657 368.3512659863469 -736.7316600977351 412.8460583827396 114.54964505298003 304.67371980916187 -686.3264025943683 417.0257674043562 164.9178944559577 363.5839128171117 -740.6915234248218 434.44939240378585 181.81021984712885 381.71848924649566 -746.1633166761259 439.8374365748835 224.18328284775436 324.0455731521199 -696.4869791868384 423.94873781442146 186.00557895958468 343.38225677539094 -738.0548745778102 412.0440559952888 147.42316090957794 401.2306191240594 -771.9124316377918 433.4320531037884 192.59596197127874 329.0857153630966 -714.0447913819164 430.38070654301276 161.5914293489465 341.49401529599135 -730.7677779084927 422.4546255717675 191.28519973458202 315.28989919273107 -705.3908825554958 434.67965695854826 176.16927347428543 365.5990314180356 -745.4567930472831 456.5621822742185 256.3308117870631 376.59796469717844 -761.341488995238 445.52936308882664 228.66960131824405 329.8910889883037 -701.2978958927278 411.7884195974017 135.0257739476468 325.3469420621712 -704.7233204734794 447.1262836982763 236.5672273134845 340.6686395795759 -711.0571838153473 452.905433926206 246.24951611711833 363.51686935826217 -758.2277924872352 418.6280208308696 159.97308443853115 320.7991111221583 -699.6724332811688 411.27861053348926 163.1044914535461 360.9325352223168 -735.8098699045971 447.06671594619706 243.01754075152954 401.09659866880065 -780.8470986352958 440.93145836300874 184.5334558972896 408.66732022649586 -779.7678406827048 406.1792044776257 155.54710258259885 326.17971208512137 -717.7257681297936 407.1081132109896 113.9538577316466 348.67872520833754 -743.934623380211 429.3197622650657 185.72274357065913 396.4798369900415 -767.8302064639763 413.77049148441574 125.27755034777273 393.923731354674 -777.4158813351596
910.0048855897958 0.6950511823979967 1.9659016173812502 0.6950511823979403 0.695051182397923 0.0 2.8657694402373624 1.3901023647959452 0.6950511823979046 0.6950511823979273 1.5541816916833002 1.5541816916834852 1.390102364795882 2.8657694402372833 1.390102364795982 2.8657694402371954 0.6950511823981335 0.6950511823980186 1.3901023647958186 1.3901023647959903 0.6950511823980312 0.6950511823980482 2.8657694402373073 1.3901023647959585 0.0 0.6950511823979958 1.554181691683315 2.8657694402372633 0.6950511823978756 2.865769440237266 1.3901023647959339 1.3901023647959576 1.3901023647960797 0.6950511823979694 1.3901023647958313 1.3901023647959705 1.3901023647959045 0.6950511823979999 1.5541816916832623 1.3901023647959125 0.695051182397854 1.9659016173812867 1.390102364796021 2.8657694402371816 0.0 0.6950511823979393 1.3901023647959327 1.5541816916834865 0.6950511823979664 0.695051182397928 0.695051182397974 1.3901023647959285 0.6950511823979126 0.6950511823979414 0.6950511823981821 1.3901023647959407 2.8657694402373957 2.865769440237287 1.5541816916835463 1.3901023647959094 2.8657694402372202 2.8657694402372846 1.3901023647958783 2.86576944023725 1.390102364796093 2.8657694402372473 1.3901023647958326 1.3901023647959292 2.86576944023737 1.390102364795977 2.8657694402373974 1.3901023647959339 0.0 1.965901617381335 0.6950511823977729 0.0 1.3901023647960662 0.0 0.695051182397856 1.3901023647959267 1.5541816916835864 1.3901023647959825 0.0 1.3901023647959956 2.865769440237333 1.39010236479594 1.3901023647959703 0.6950511823979683 1.3901023647959945 1.554181691683459 0.695051182397987 0.0 1.3901023647959287 1.5541816916834181 0.6950511823980102 2.8657694402372993 1.3901023647960793 2.8657694402373277 0.6950511823978542 1.965901617381323 2.8657694402373406 1.554181691683429 1.9659016173812398 1.9659016173813426 1.390102364796012 1.3901023647959863 1.3901023647960107 0.6950511823979353 1.3901023647958006 1.390102364795883 0.695051182397981 1.3901023647958803 1.3901023647960455 2.8657694402372758 0.6950511823978468 0.0 1.3901023647959245 1.3901023647959372 0.6950511823980992 0.6950511823980068 2.865769440237349 1.3901023647958406 1.3901023647959898 1.3901023647959192 0.6950511823981265 1.39010236479589 0.6950511823979975 1.3901023647959734 1.5541816916834865 1.5541816916835207 0.6950511823978931 1.3901023647959623 1.5541816916834243 1.5541816916834594 1.3901023647959612 1.3901023647959354 0.6950511823979639 0.6950511823979514 1.3901023647957553 0.6950511823979383 0.6950511823977996 450.3748146731712 228.14065151250543 324.92745029194253 -707.4268263685518 458.1095634592689 250.01328769629797 394.11438160686765 -770.7349872316246 425.78367419070094 189.4856770071611 398.9653540042437 -774.5393154458759 421.3384918661579 166.49167840151958 404.8046355923243 -778.4324216284656 407.8648878260596 126.75336034464341 411.9822161577604 -777.1585874997108 415.6692670678933 179.587020037719 355.0253871267444 -728.161250755215 433.8411183116808 206.62575502782332 306.0988170275669 -692.7171772810916 434.18596918888215 212.62365064123387 381.14338641988985 -767.4550301648101 416.66328635302716 137.6541446577058 356.575244868488 -742.2508466768228 427.98340923769666 153.5415455208395 368.9040081160344 -763.9417762209005 452.9948741911806 238.84912388591704 375.6388214844846 -748.0010258024558 414.9038662302627 167.70995336836802 313.65707850759117 -691.4280588821 431.59665417250164 194.86107006203494 357.63732050631717 -724.6548625611377 401.006999375121 133.89925858457312 384.23263793548466 -756.9185871288461 431.21225684931477 200.32657005451114 320.33782507073164 -696.2962385730849 406.39258368222244 105.90641225266951 337.0752803972739 -708.6979343245023 420.1285246550423 131.82994084654553 387.4904489711534 -752.5318426151288 411.04385175559554 149.89332133178456 381.7087261471241 -743.7615182114781 414.01298107915517 130.9703625459096 393.3520667471236 -751.1374641174317 421.2135089649722 144.89594363845038 337.9929281632017 -722.0789882260835 420.67510795638134 176.77377588175543 330.0587055292331 -724.2969616720334 402.9021482840492 140.06341620989352 340.45152992923335 -705.5304068426375 433.9734497855449 184.93176567154 379.50121753220674 -752.6445946998535 450.113767919552 248.93524542833455 361.7826161427786 -753.4588854412816 427.07150576841286 165.23192337625937 387.84616699039873 -772.3964551087597 395.5375304284919 130.210581814052 386.474667030526 -761.8195171082776 410.13432554280047 155.53526727727473 353.3756736007768 -736.9864550318163 395.5353106942164 119.4259733076066 311.65084909455646 -697.1295792445536 422.55596757047334 157.77955600316272 347.30409778923746 -726.123631093833 439.3883161305435 195.3620598552199 377.44397491873804 -737.4211561488526 441.39811156333377 211.9734130336666 358.1750473799782 -732.9138619303009 404.94250435317565 146.58430075522236 350.39739934119336 -722.8038830868453 440.1516161556334 217.28995949314177 367.0499406199971 -733.9148153909603 415.2664487558497 144.50177038637509 339.40786854730413 -717.7929438630487 417.9174348479256 151.23237679829543 337.3352831199672 -713.1881918788856 422.0154172087433 172.4422551227901 337.8792093249526 -734.0887781238541 401.09339240426874 123.93763766315291 371.8597127032105 -753.151084899426 425.7209118714056 196.02522990476106 413.6162721701219 -785.1732074019876 402.4369069341688 129.59901348808705 361.3331557349219 -748.1537135287925 402.62096904843463 119.71300712841196 362.9454412844319 -729.071721293989 440.0351209993325 234.93235327590932 345.6083312024137 -717.4759240257305 414.9552880534301 173.62905980336123 420.53379443668365 -783.4452013552635 447.02966971279255 220.12852570361858 316.80164914962194 -701.5533743760831 423.1146784994575 138.06006289756277 339.6375132261852 -726.9992469451207 428.34327532788507 205.10035260564723 374.62783100838163 -742.9822794089424 409.4506469562617 167.39228205197463 390.86070098503944 -766.4089331345909 413.77647921957447 118.21720200678867 370.56546809934025 -738.4668376026167 410.5644419700201 111.92129879281977 306.5720893208254 -687.705990292365 414.7780724565254 162.2589539972748 366.8608690094075 -741.8490519658591 433.8805429870658 179.1855579316642 384.6514219164945 -748.2471838984391 438.3837025270672 221.87201701816406 327.1698749155794 -698.0072397276433 422.0198522231294 183.05829497444768 344.5191594575925 -738.3490605268868 408.98706836881144 143.40041706314585 405.0094585601917 -772.7100941718326 431.9644962344502 189.23839020107022 330.4147895646466 -715.7458830487715 428.93824155272563 159.7684531094446 342.5794695093117 -732.1125291397968 420.16184623508093 187.6307976800449 317.9805796324256 -706.9185071697973 433.55169035637533 173.53044771865777 368.259728969073 -747.1322035196621 455.7493360661738 254.02888577824163 379.21729134139616 -762.0335446786702 444.33295642900924 226.65009365263492 333.4508064973565 -702.8013747235647 410.42846933534094 134.72910433149724 330.111970873959 -705.9526938294474 445.21273877631495 235.13694400423563 343.38636672175727 -712.545467583597 451.12362782729747 243.72083172264163 365.65563699594014 -758.0301715518049 417.31404085209607 158.0255994107422 323.4047914500719 -701.3785418270676 409.029770880742 160.45020046684454 362.6867480509901 -737.5872821776932 445.4524467321331 241.3431197656482 404.3149015930731 -782.283623539234 439.49766046037763 183.22966708372473 412.2462502933981 -781.3964652589883 404.19777632982976 152.6349096224107 327.23951928745174 -719.0835220523763 405.3473618667168 112.9725880033294 351.1141461535169 -744.1515003680015 427.80364792107235 182.9220646327703 400.52845918925584 -769.1607697715357 413.23430287917415 124.72234020490879 396.14383733357363 -778.0504559664031
920.0048855897958 1.3901023647959458 0.6950511823978134 0.6950511823979899 1.3901023647959514 1.390102364795924 1.3901023647959183 2.8657694402372744 1.390102364795963 1.3901023647959965 1.3901023647959887 1.5541816916834805 1.3901023647958928 1.3901023647959234 1.3901023647958977 1.5541816916834748 0.6950511823979124 1.3901023647959718 0.6950511823980098 1.3901023647959607 0.6950511823980531 1.965901617381379 0.6950511823979965 2.865769440237293 1.390102364796094 1.390102364796006 1.3901023647958695 1.3901023647959623 0.6950511823980455 0.6950511823979085 1.9659016173812678 1.965901617381337 2.8657694402370963 0.695051182397932 1.3901023647959259 0.6950511823979986 1.554181691683592 1.390102364795911 1.5541816916832771 1.3901023647959772 1.390102364795989 0.6950511823980272 1.3901023647960769 1.3901023647959365 1.5541816916835973 0.6950511823979493 1.3901023647959356 1.5541816916834015 1.39010236479593 0.6950511823980182 1.3901023647959567 0.0 0.6950511823978467 0.6950511823979503 0.6950511823978266 0.0 2.865769440237232 0.6950511823980311 1.390102364795958 0.6950511823980043 0.0 0.6950511823980193 0.6950511823979326 0.0 0.6950511823979117 1.3901023647959112 0.6950511823978195 1.3901023647959427 1.5541816916835267 1.390102364795938 0.6950511823979361 2.865769440237244 1.3901023647959452 2.865769440237227 0.6950511823980483 2.865769440237224 1.5541816916833944 1.3901023647958957 0.6950511823979812 1.3901023647959632 1.3901023647957906 2.8657694402372154 1.3901023647960602 1.3901023647959663 1.3901023647958564 0.6950511823980533 1.3901023647960635 0.6950511823979582 0.6950511823979907 1.554181691683484 0.6950511823980335 2.8657694402373104 0.6950511823980947 0.6950511823979421 0.6950511823981581 1.5541816916834945 2.7802047295918797 1.390102364795877 1.390102364795917 0.6950511823979976 1.5541816916834645 1.5541816916834577 1.5541816916836189 2.865769440237241 1.390102364795956 1.3901023647960156 2.8657694402373255 0.6950511823979516 1.3901023647958723 1.390102364795873 1.3901023647960005 1.5541816916835436 1.3901023647960216 0.6950511823979549 1.3901023647958533 1.3901023647959156 1.3901023647958428 0.6950511823979383 0.0 0.6950511823978989 2.865769440237286 0.695051182398013 2.865769440237385 1.3901023647959556 1.3901023647960302 1.3901023647959505 0.695051182397831 0.0 1.390102364795851 1.3901023647959385 0.6950511823980857 0.6950511823979633 1.5541816916834499 0.0 1.3901023647959283 1.3901023647958677 1.3901023647960793 0.6950511823979757 2.8657694402373557 0.6950511823979896 1.3901023647959667 448.8597180742419 226.3947919145355 328.3221442938805 -708.3461889251316 457.44453030277504 247.05813114446337 397.0958535504072 -771.5848768300389 423.532457428401 187.3613627668457 401.9973160781587 -775.1688895815432 418.82480246595713 163.01733722901045 406.3528938293548 -778.5221058938191 406.5119011239758 125.91393982445045 414.7252307033562 -777.0192211990413 414.53988100282623 175.86934767152033 356.8221649394763 -728.8771084138123 432.2848102899995 204.9114311691723 309.4965037694121 -694.562392413321 431.97199492712093 210.4622331012223 382.5425617327919 -768.2362769077693 415.200267166175 135.30884098634164 359.4664886127656 -743.3409884864533 425.5671834737013 151.57813918704892 370.4898632469815 -764.0398368951782 450.8961789693499 236.06956457582822 376.801821418258 -748.1784937632798 413.1932866857977 164.80462891813647 316.28265450837614 -693.110945889812 430.30530422267304 192.89805187517246 360.5156229093513 -725.789309838084 399.13327646642745 131.41300334703817 385.6231067265567 -757.7179053693573 429.2639163166886 197.9175572716935 322.2772676846994 -697.6347733342051 403.6202928297533 104.99311082891799 340.33324647928526 -709.9323221031941 419.6092623887558 130.18317111897545 390.36473316892875 -753.7170977257992 409.45448986416176 147.13336293050807 384.00942444222204 -745.456915046904 413.21513039755223 129.59295814039473 397.3167105044186 -752.7630471328811 419.73524460619706 143.63958300985624 339.61014087830756 -723.2009776031769 419.76705053026797 174.97023189969204 332.0239614063731 -725.5801282396257 401.7062293841425 137.99648136086395 344.68818295694564 -707.4144062737912 433.0821570801253 183.12556981588034 381.83470033548605 -752.9318445155104 448.42833050550763 246.32111163110474 363.6727589659722 -753.9220375981633 425.7286470245824 164.37847551674318 390.15507670441036 -772.7458593246399 393.10857742968426 128.2633365788574 388.8044922952956 -762.0453039051188 408.01273891822666 152.21730491492448 354.5284160501584 -738.2535039624762 392.9747386470527 117.06838768716412 314.457125708056 -699.3189701607008 420.6639953202916 156.91932277482465 348.6612749225507 -726.8956160481098 437.82298104262725 193.65405184665298 379.626839941497 -738.1246515442293 439.9093734443061 209.1553075922844 360.477864467276 -733.3658002839135 403.20203047679695 144.50731475641365 352.90021465294467 -723.835872385714 437.8385329355003 214.69692643286314 369.2910710120607 -734.5376495888815 413.3790502519604 143.10383273496106 342.171448638002 -719.1912601242641 415.77490823509794 149.00680265924373 340.31599033213 -714.0907796498525 419.36890750573184 169.09701891887715 340.1582119962081 -734.6241745092743 398.4193998247637 120.07539954799316 373.99214173257747 -752.8239956109105 422.97433701061465 192.77679580377952 417.9441052220196 -784.7558029342241 399.2178941056143 125.72788597751736 361.6702317919275 -749.5051879682718 400.2232236366548 115.58222020137389 364.10728987555484 -730.3322559278357 438.59276392720017 232.0979119096574 348.51054710989655 -719.546459679492 412.8549964369172 170.2969990487213 424.46198991996624 -783.3015288477911 445.89541345143783 218.55498463093693 319.5287351499828 -703.9145382471936 423.41163698761477 136.69934863202144 339.7668603977045 -727.6891117834218 426.5699765380121 202.0102761504351 375.9719852597998 -743.8284068707023 407.47704967649025 163.93565037103744 393.94953847899427 -766.7537983700911 412.03235717747447 116.14317656176776 373.0560690564102 -738.9034718053882 409.08859864321 110.12500255515891 309.711629445796 -690.0821388791292 413.1983534872973 159.49420598158977 368.77427779679834 -743.3370243916333 431.7691786580789 176.9295468085793 386.2253843666997 -749.7076434607574 436.47784058337555 219.43335003631617 329.11661730965363 -699.3325836386551 420.30637510910964 180.96068607046067 346.3696354521722 -738.8958737017693 407.53298372046913 140.5085226153397 409.4270442032652 -774.1547266215314 430.66913638568496 187.27555228878043 333.54863431500735 -716.3026970049611 428.15296554052406 158.38388948117444 345.58294746963816 -732.9350190456586 417.9231283150571 184.96452993768122 321.4006041581699 -708.7225172920598 431.84009025784184 171.43214711906788 369.60270592061227 -747.9713679399846 455.4758973646177 251.2416142039406 381.4422668359351 -762.6606700679868 442.62746613198425 225.58083141126673 337.20676466660007 -703.8786788464307 408.81625482221904 133.06562304957404 333.67834563581965 -706.5122616860939 444.6476693924257 233.59534744563433 347.9141842640864 -714.7152151921005 449.68185647846076 241.40845498703766 367.1358357021565 -758.505142189263 414.5118418485639 154.8271336039249 325.58733778129107 -702.1856582157652 407.5755282045888 158.09886173849378 365.59855314665646 -738.6363523089432 444.03306678769866 238.48806112191204 406.992403424293 -782.6196932036817 438.7268832837999 181.83629866746975 415.03910337622415 -781.063785273724 401.7855235037055 150.13455528223147 329.9515748394251 -719.6593725920386 403.309543154903 112.26070808748146 353.06639177445845 -744.4742934831824 426.3581517879161 181.10097079695777 404.2343871640874 -770.3001630030654 412.02852003160154 123.20188846896889 397.57754132682936 -778.7426015987376
930.0048855897958 0.6950511823979076 0.6950511823980047 1.3901023647959079 0.6950511823980328 0.6950511823979066 0.6950511823980128 1.9659016173813795 1.3901023647958954 0.6950511823979351 1.5541816916835265 0.0 1.3901023647960011 1.3901023647958684 2.865769440237275 0.0 0.6950511823979123 1.3901023647958803 0.6950511823980609 1.390102364795931 1.3901023647959925 1.3901023647959847 0.6950511823980866 1.39010236479594 0.0 0.695051182397932 1.9659016173813395 0.695051182397895 0.6950511823978652 2.8657694402373304 0.6950511823979043 0.0 0.6950511823978163 0.6950511823979089 1.3901023647959705 1.3901023647960358 1.390102364796107 0.6950511823979341 0.0 0.695051182397972 0.6950511823981685 2.86576944023729 0.6950511823978575 1.5541816916834306 1.39010236479588 1.3901023647959443 0.6950511823981514 2.865769440237252 1.3901023647959914 1.3901023647959425 1.3901023647958626 0.0 1.3901023647959372 0.6950511823979686 1.3901023647960409 0.0 0.6950511823978492 0.695051182397951 0.6950511823977956 1.390102364796011 1.9659016173813397 0.6950511823980191 0.6950511823977807 1.3901023647959534 2.1979448267707657 1.9659016173813555 1.3901023647960569 1.9659016173812902 0.6950511823978822 1.554181691683503 0.6950511823981118 1.9659016173813475 0.6950511823977624 1.3901023647959212 0.6950511823979373 1.3901023647959911 0.0 1.5541816916834799 1.9659016173814856 2.8657694402372997 1.5541816916835478 1.3901023647959612 1.5541816916835205 0.6950511823979584 0.6950511823981392 0.6950511823980086 1.3901023647960382 0.6950511823979564 0.6950511823977492 1.3901023647958823 1.3901023647958919 1.390102364795916 0.6950511823980146 0.6950511823980133 1.3901023647958846 1.5541816916834315 1.3901023647957949 1.3901023647958388 0.6950511823978435 1.9659016173813078 1.5541816916834654 1.3901023647960424 0.0 0.6950511823979253 1.3901023647958581 1.3901023647959765 1.5541816916836095 0.6950511823980101 1.3901023647960393 0.695051182397914 1.390102364796018 1.9659016173813706 0.6950511823980502 1.39010236479599 0.6950511823980291 0.6950511823979948 0.6950511823978496 1.390102364795961 1.390102364795904 1.3901023647959725 0.0 1.3901023647959534 0.0 0.6950511823980499 0.6950511823979268 0.0 1.3901023647960133 1.390102364796004 2.8657694402373175 1.5541816916834454 2.865769440237422 1.3901023647959136 1.3901023647959276 2.8657694402373046 1.3901023647959432 1.3901023647959185 1.3901023647959652 0.695051182397962 1.5541816916835114 0.6950511823980234 1.3901023647958646 448.1132446009111 224.9849282100241 330.0930686224394 -709.092085384273 455.3169201756292 244.3103277616204 399.4921566176085 -771.2030139749295 421.5832564124451 183.35236996324576 403.56923025397674 -775.0287776080094 416.9677030552196 159.97892786628165 410.13247403536326 -779.4061085852362 405.0282399600012 124.66356249207556 417.66604323432347 -778.6725604664814 412.2735928410504 173.2291593841634 359.3265358450664 -729.9204476240169 430.0319434920194 202.78942387913855 311.4481201094035 -695.8671395313555 430.129234794253 208.482612477705 384.3890965687304 -768.8212684326995 413.99456519048357 133.78854430370725 361.37262556098983 -743.7470796890336 423.8287496729862 149.49974574731198 373.06916613485464 -764.880942433199 449.1337010360199 233.50236925728092 378.1977150637914 -748.9344633734994 411.06878103057045 161.490460331899 319.0260271052762 -694.555120902944 428.83710265965425 191.6278075325798 364.4853916706263 -727.3070926662441 398.34990087153415 128.94395694228808 388.29076458577794 -758.0854647278629 427.12643784440235 196.2150985748656 323.8078791440934 -698.9368192659905 400.5020209823667 103.44680547507102 342.41450796983435 -710.9685155159193 418.2566808618762 129.34336402550403 393.31300266831437 -754.7246706745485 407.5817425774174 144.64688615548638 385.9749914965247 -747.1398868734534 412.0247741129327 126.98125189954581 399.55805961883175 -753.387660526438 419.475310069195 142.8162714929159 341.042118629089 -723.7702147195175 417.25369943220693 170.95935159212655 334.04868149527863 -725.7444646266401 399.83947683055754 134.96495714106496 346.7072309634555 -708.6269496607362 431.48669416704695 181.4446875372228 383.16175593457183 -754.0482226169489 446.53157856338373 243.8799725864033 366.1194286764156 -753.8206397332002 424.65813567073604 163.2657634396347 392.4396548209225 -773.1422472398938 392.0400542366122 126.60957978032388 390.7235615482381 -762.200374764565 406.0024826035346 149.86410523585835 357.33995413874874 -739.5708002817911 390.82951850972563 114.30713109681533 316.8758898340556 -699.5708890496214 419.7397095003616 155.12790598536648 350.9569979358716 -727.3275972487625 436.1123582359484 191.55265816948727 383.4496560222835 -738.7202263555849 439.54876313514484 207.9137902488943 362.0749176714076 -734.6920704029613 401.88242072023667 141.48368002026055 356.65692682612 -725.3627147928656 436.31042571824906 211.90029040735578 373.13709704694156 -736.4796835587772 412.5978461936668 140.63411809850365 344.0317456880824 -719.6985703202013 413.36551833980735 145.96416561025416 341.9524974242113 -715.1685113774774 417.38743173337605 165.64445174046193 341.70085674015615 -736.0264998362164 396.4051330279715 117.72543235204473 375.92234276620957 -753.1276499303058 421.7052465165281 189.19234844133996 420.9853709366674 -785.7258113584612 396.3886734871249 123.09292201725773 362.5295538312384 -749.3505674449781 397.93967553578557 112.955443155304 367.0197065552472 -732.6586410698758 438.04239529335007 229.4706562664065 352.3698896970495 -721.3656503219906 410.59719144671374 167.11190644602723 427.5915364449246 -783.1831118349352 444.9742767373059 217.83039077005313 322.0372430560069 -705.8643076445903 421.6521326023387 135.71631906029776 342.3563705085047 -728.4685493264979 424.70323571008686 200.58503158548618 378.9616924784899 -744.6180979467289 405.20229028213527 161.30108675961435 395.45161563934647 -767.0171494464137 410.4178473200974 114.48149637752365 377.4556163956859 -740.3329394311311 406.38192701812767 108.44776724164703 311.6567894683657 -691.4019174630937 410.3961707724589 155.75864978053298 370.4636881640457 -743.0187130801579 431.3881091132169 175.69290435193008 389.4417241336028 -751.2025465588188 436.2838130790206 217.50959440140323 330.9361455790172 -700.9645544525083 418.47446676216623 177.36808842574408 348.4284116746922 -740.0211757994374 405.51226009598906 138.70303387019888 411.2218792632097 -775.5486449427576 428.5295779484572 185.57914164809733 334.9843277294699 -716.876501841818 426.5465982406472 156.71475221622094 348.1985587715954 -733.6483060587894 415.5107535503959 182.99662190230745 323.77644548886053 -711.0130222869552 429.57758194762164 168.78753280522017 371.0972618921529 -748.380931423079 452.5087386831136 248.70533987242692 382.9611417717375 -762.9899950616099 441.5871822550346 224.43914164288918 339.7856141212063 -704.7470599671587 407.88676498821377 131.2769542695102 335.53668445942594 -707.0726251499486 443.5339975327495 231.48367876424555 349.10268418783215 -717.0295740070243 447.926841614793 238.83587682338998 369.89008614388314 -758.6483007650905 412.9292473336655 151.52301917470757 328.8184572492583 -704.4177490340289 404.76555259154827 154.63792194658734 367.0741388959507 -739.0612064432609 441.5664200365516 236.02332293335724 410.42259427411284 -783.2306013507198 437.82058061757454 180.03729102261613 418.0433865992152 -782.141190104249 400.0509406954044 147.51390380288657 331.087840996539 -720.9480027908702 400.4877428153699 109.08011253089293 355.8800035159356 -745.8034462266668 425.03859479968656 179.15959905803436 407.27672357986563 -770.9178772760675 410.28371405619555 121.12851325542216 400.21544515298854 -779.334924329634
940.0048855897958 1.3901023647959372 2.865769440237371 1.3901023647958992 2.865769440237213 2.865769440237277 1.3901023647959918 1.3901023647959212 1.3901023647958388 0.6950511823979423 1.5541816916835072 0.0 1.3901023647959543 0.6950511823979121 0.6950511823979794 0.0 1.3901023647959287 1.9659016173813442 2.865769440237213 0.6950511823979543 1.3901023647959452 0.6950511823979842 1.390102364795831 1.390102364795891 1.5541816916834763 1.9659016173813735 0.0 1.3901023647959074 0.6950511823978471 0.6950511823980055 1.390102364795977 1.5541816916834723 1.5541816916832827 0.6950511823979693 1.3901023647959705 0.6950511823979503 1.5541816916835454 0.6950511823978867 2.8657694402373117 0.6950511823979646 1.3901023647959898 1.3901023647959267 1.3901023647959987 1.5541816916834497 1.3901023647958026 2.865769440237281 0.6950511823980061 2.8657694402372385 0.6950511823980425 0.6950511823979868 0.6950511823978486 1.390102364795912 0.6950511823979449 1.9659016173813537 0.6950511823980201 1.3901023647959583 1.390102364796075 0.6950511823979779 1.390102364796072 0.695051182397923 2.865769440237377 1.3901023647959188 1.3901023647960413 1.9659016173812862 1.965901617381385 1.5541816916833924 1.9659016173815385 2.8657694402372904 1.9659016173813326 1.3901023647959192 0.6950511823979171 1.3901023647959498 0.6950511823980331 1.390102364795881 0.695051182397784 1.9659016173813737 1.390102364795912 1.9659016173813066 0.6950511823978288 1.9659016173813446 1.5541816916836022 1.3901023647958377 1.554181691683511 1.5541816916834308 0.4865358276784958 0.6950511823980171 1.3901023647958644 0.6950511823978889 0.6950511823979973 2.865769440237333 0.6950511823978297 2.8657694402373517 0.6950511823981321 1.390102364795889 1.965901617381424 1.5541816916835225 1.5541816916833613 1.5541816916834534 0.6950511823980141 0.6950511823979404 0.0 1.9659016173813315 0.0 0.6950511823979394 0.6950511823978703 1.3901023647959454 0.0 1.3901023647959116 0.6950511823979695 1.3901023647959354 1.3901023647958002 1.5541816916834879 0.6950511823978044 1.390102364796021 0.6950511823978862 0.6950511823980194 0.6950511823979996 2.865769440237308 1.3901023647959887 2.865769440237254 1.5541816916835205 2.8657694402372975 1.5541816916833706 1.554181691683524 1.390102364795883 1.3901023647959325 1.3901023647960675 1.5541816916834548 1.554181691683386 2.8657694402371834 1.3901023647960011 1.3901023647959545 1.3901023647959254 0.0 1.3901023647959925 1.9659016173812376 0.6950511823981618 1.3901023647958737 1.390102364796002 1.3901023647959718 0.6950511823980852 445.7287063660204 222.98193356172987 332.3859249349123 -710.1215300347851 454.4548381594503 242.48857200574625 401.87993802705785 -770.6387029001247 419.45229976480977 180.5786452405086 405.8840967180469 -775.2145914764019 413.89169443952693 155.97009274517526 412.4325337656694 -779.7377580010261 404.50568893188864 123.01763842414671 420.3359796941412 -779.5389649611169 411.0896744447134 170.61497779107515 361.4150935897784 -731.0885594917761 428.1687563181951 200.83137189954536 312.7943363906266 -696.6533985569066 428.81457764322107 206.53506702309784 386.2731348908474 -769.3048677017704 412.64135694223455 132.9496658998267 364.04510662379323 -744.1993959509597 423.585637595206 147.5840306675606 374.08952656743264 -765.6482385482632 447.59172587593474 231.250513002449 380.8623085718895 -749.4485329516468 409.07458348022635 158.04598161660968 322.2523858200444 -696.8918885808097 427.6649369749391 189.00693125784656 368.3881797016772 -729.9207476096077 397.02780110698126 125.92127491504952 390.65571251968373 -757.8602640145434 425.0049469017448 193.43466413182944 327.5483909612233 -701.0182623838901 397.5183115731735 102.03895185166246 344.3626649906628 -712.4457674264867 417.04994207169983 127.82401944747255 397.02541482848073 -756.0100546088424 405.70681978780226 142.16170216018708 388.0663471017895 -748.6762518221166 411.0869435022873 125.73891686569465 403.70559356531334 -754.4481980552466 417.9923238111414 141.5652748937197 343.35371248226147 -724.1438203235925 416.1992372559746 168.75692371768525 336.5485628650425 -726.8013751320786 397.01795085108853 131.78405914388733 348.9841179668784 -710.4240045269034 429.4737931254677 179.62920180321055 384.6689915272807 -754.516848449746 444.18955075398645 241.31763131234197 368.0348301537258 -754.0515864660096 422.6592350311485 160.36471874982536 393.59433853408444 -773.0918603502374 391.11764796222104 124.27531987119505 392.2929272020587 -762.029696006653 404.14409443883574 146.28645779492373 359.26125062653875 -739.8778886158384 388.2845003923362 110.85750505551552 320.2952615797258 -701.3842286753104 418.38742319654904 154.28761081620732 353.60061380863635 -727.9069766805271 433.9545820590654 190.40872571706578 387.4681744430038 -740.2630111981283 437.6764881647719 206.49539072623517 364.3203669272433 -735.2649991365006 399.73003573248565 139.26783873106515 360.63901886995814 -726.9134184914694 435.0006585847029 209.94973825974907 375.53261595350403 -738.2064067795818 410.0544922673553 137.1832940642448 346.7847236819756 -721.2215065796182 411.6296813601932 143.34420072768188 343.8949091322462 -716.6508789291573 415.79512256458736 162.88769998788544 343.1153109193942 -736.6768582110557 394.1293179142622 114.55265059546717 377.6645843134026 -754.2710752426527 420.65834690630726 186.98612882512973 424.4568306566523 -785.944459596506 394.52046054253964 120.062459295654 364.441806741823 -749.6118798515629 395.39468822940097 109.50579274783948 370.64870107420893 -734.1501359258158 435.41254821172265 226.64262968751495 354.57014216448886 -723.4482391279546 409.2899438694767 163.5403565604905 429.04960954176454 -782.4438193054585 443.79653511866275 216.29212881751778 324.98422671428926 -706.8133501553996 420.44573116313626 134.1966251725228 343.47339650203384 -730.0434378513409 422.16599936015615 198.20376678709977 381.57917979342176 -745.3428023814066 403.48470193096773 157.58821455069614 398.1663644119363 -767.1172818640065 408.53406281715434 112.54310876956526 380.70448870051746 -741.7800329309108 404.49809631287854 106.50940602628722 315.0752608364761 -693.2630240126587 407.99322858475654 152.17190540439955 372.19611323648473 -744.0051982076673 429.78214981287636 174.02227602791595 391.5316593724781 -752.6966486296651 435.8025209143244 215.30741538797008 334.54481355498535 -702.3609265872667 417.42246423596595 175.1640417817883 349.1680306102287 -740.2397640546747 403.37567104710513 135.39517276418547 415.03518466975555 -776.3680272821591 426.7961809877751 183.49575184338903 336.6205074309068 -718.0695671080332 424.9350024458927 155.04981030108237 348.9214224639447 -735.2613947861952 413.78530419210745 180.36971654427495 325.5921564506433 -711.7017793939208 427.432523767332 166.5647060538714 372.62594109595756 -748.7156807768238 450.46636155795375 245.86331120514865 384.78629908932044 -763.8722088704668 439.63695397741884 221.503328461064 342.2610745223737 -705.8511983211819 406.27221677945437 129.61531872556236 338.23741039043466 -708.6702384774527 441.158873396853 227.49833006590873 351.5043261051858 -718.4015739344007 446.6744147577147 236.31947459061735 371.48475925829916 -758.5711273002398 411.87048540372905 149.32230279974618 331.285634803942 -705.5489016231824 401.6771748336299 151.1780911793626 369.68349364802606 -739.8617040236077 440.3214499719663 232.9690627372597 413.10342702555573 -783.5980425350016 435.6826222029793 177.80709573948948 421.0928885411054 -783.0320034596369 398.16793254525805 145.5746905366929 333.2667664731974 -721.7234779921293 399.8188288757968 108.1148364265772 357.64938490243134 -746.6766025947335 423.3024423816247 177.07907033238317 409.5039901368837 -772.2414521177876 409.4998759926765 118.65964857885953 402.0927716325296 -780.0977775965933
950.0048855897958 0.6950511823980381 0.6950511823980042 0.6950511823980166 0.6950511823977993 1.3901023647959039 1.3901023647960018 0.6950511823980187 1.3901023647959077 0.6950511823979498 0.0 2.8657694402372567 1.9659016173811616 1.390102364795927 1.390102364795974 1.3901023647959752 0.6950511823980815 1.3901023647958666 1.3901023647959672 0.6950511823979744 0.6950511823980842 0.6950511823979763 0.6950511823979165 1.3901023647959179 1.5541816916835502 1.3901023647959168 1.5541816916833817 0.6950511823980059 1.3901023647958874 1.390102364795902 1.390102364795867 0.0 1.5541816916835307 0.6950511823979133 0.6950511823978877 1.3901023647959332 0.6950511823980694 1.3901023647959232 1.3901023647959685 1.390102364795878 1.390102364795856 0.6950511823980152 1.3901023647960842 0.0 1.9659016173812607 1.390102364795918 0.6950511823980348 1.5541816916834503 0.6950511823978227 1.3901023647959594 0.6950511823979676 2.865769440237244 1.3901023647958732 1.5541816916834674 1.3901023647958957 1.554181691683459 1.390102364795989 1.3901023647959638 1.3901023647958966 0.6950511823980077 2.865769440237336 0.6950511823980036 2.8657694402372917 0.0 1.5541816916834776 0.6950511823979303 1.3901023647957702 1.3901023647959434 0.6950511823981018 1.3901023647959185 1.3901023647959283 1.3901023647958972 1.3901023647959925 1.3901023647959139 0.6950511823979116 1.5541816916835165 1.3901023647959774 2.8657694402372917 1.3901023647959363 1.9659016173813397 1.3901023647960258 1.3901023647959763 1.5541816916834017 2.1979448267708053 1.390102364795921 0.6950511823979839 0.6950511823980795 1.3901023647958664 0.6950511823978344 1.5541816916834534 1.3901023647960005 0.0 1.3901023647959596 0.6950511823979953 0.6950511823980936 1.3901023647958708 2.865769440237294 0.6950511823980161 0.6950511823979404 1.3901023647960236 1.5541816916836257 1.5541816916834876 2.865769440237196 1.3901023647959678 0.6950511823979968 1.9659016173813326 0.0 2.865769440237295 1.3901023647959956 1.3901023647959918 1.3901023647958977 1.3901023647959505 0.6950511823980202 0.6950511823979443 1.390102364795974 0.6950511823980003 1.390102364795989 1.3901023647959825 1.9659016173815154 1.390102364795873 0.6950511823979043 1.390102364796042 1.5541816916834008 0.6950511823979533 1.3901023647958504 1.390102364795947 0.6950511823977914 2.8657694402373015 1.3901023647961035 1.5541816916835307 2.8657694402372895 0.6950511823979946 1.5541816916835056 1.390102364795956 0.6950511823980214 1.3901023647960165 0.6950511823980676 2.8657694402371896 1.5541816916835005 0.6950511823980152 1.3901023647959285 443.98368910146775 221.97451231025147 334.68790893962364 -711.8720091691912 453.0016337485455 241.2036058985095 404.5800519674497 -770.9189648558244 417.5725645175724 178.63603840631933 408.5412615297302 -776.4141037328473 411.3325654546191 153.61080482943285 415.1438720819781 -780.1143955685937 403.4136400813343 123.00206093088272 422.2694787405866 -779.0958167572063 408.67875815026 167.57429354740106 365.7672523928527 -732.9773925918504 426.57413943586516 198.61509815403352 314.7919031488712 -699.044961857215 426.2680574254402 204.16074078376246 388.6119342932454 -769.1455809104959 411.972539464167 131.9843320171346 366.67235719525854 -744.869959463281 421.9718032400982 145.92164585314848 376.3418485383935 -766.3323379060092 446.28996505703986 229.29633419285986 381.97264787708576 -749.7732943942854 406.38482242950016 155.27555140550433 324.0479435570353 -698.7408301943146 425.3909507223361 186.37125045329043 372.5268672933892 -730.8749383315914 394.7441695005784 123.29454968251017 393.3914611672996 -757.5232828503387 423.943439232125 191.7768356824059 331.0104014340496 -702.1802839825763 394.96551478681755 99.13535418909991 347.1249239810931 -714.0281319109957 416.65805665940235 126.58958723520588 400.1272385738575 -755.8370110073424 403.7083989518001 138.71956867821604 389.1665073066396 -749.194661547111 409.73357053667974 124.90037187439992 407.15919304131086 -754.6110003320355 416.3781407080571 139.90337637475233 345.80561627853905 -725.4139108171879 414.1960499337442 165.85864193506515 338.0442468801798 -727.2029114277183 395.6879820985684 129.30743580665765 351.59486782841816 -711.1431310754233 428.5493081925091 177.83823264548724 386.55769754351496 -755.1261980346844 443.5788622529629 239.24629193804228 369.6794774677709 -753.5504162505889 421.5840859953184 159.2558100862981 394.6959543794543 -774.1370702550839 388.70333175430835 121.23714132863546 395.3794145792917 -762.2318103603691 402.41483590995176 143.12116200028274 361.9477271590669 -740.2201237158065 386.1392802225542 108.09624848905919 323.9329139614643 -702.6746888441469 416.64343104385165 152.2134182915677 354.4837083189374 -729.2961265398504 432.4767423113914 189.1508780308567 390.4884405138885 -741.0108115123622 436.50576038499395 203.8734712394952 367.56032599188853 -736.8422148859568 398.00042055000876 136.1027659415351 363.3678942934172 -728.8898248313152 431.93771468936 206.4674344541246 378.986247306308 -738.7421428926671 407.90182274489234 134.9677763163862 349.007911138557 -721.8343961765337 409.8847202669896 141.27089107710947 347.13337385071145 -717.9665296333862 413.10640380557453 160.1162482597062 344.60769222555314 -737.0485502820047 391.9841136523946 111.7913814251305 379.22627618363293 -754.2841834442322 419.46479100085764 184.91807592500072 428.6330985377895 -785.2800343388323 392.6521692000779 117.03205913665948 367.9309197533547 -749.8296957237125 391.48071383349514 106.30972950902449 373.2564301102563 -734.9983051205845 433.1758882826775 223.4409690488553 356.7664698374138 -725.9590547999865 407.8108692422872 162.01644482478076 431.432848020268 -781.6719408623876 442.6071540199192 214.75792102387473 326.02748559878916 -707.3571929484133 419.5157641653422 132.40827500958102 345.6195791632522 -731.0167897307928 420.8379775905369 196.2669845310364 384.1917857932697 -746.2492775456753 400.9253374263069 155.22946128986288 400.48430667787125 -767.2107210674518 406.6579966917766 110.05872991073362 382.9632190135583 -742.4782217172797 401.6606310428756 104.42094729115705 317.9996565659332 -695.3516935419759 405.50876908401335 149.33641535010165 374.1866628778179 -743.751019074581 427.0974128237967 171.24717415338057 394.15246189084814 -753.6961728360266 433.55500537758644 212.1112537982457 338.95026319237104 -703.7671934801369 415.01328574064684 172.121858121165 350.9130894375438 -741.239939425339 402.05359268496073 132.37246521478352 417.3649875855083 -776.3343028543757 424.7980245025572 180.59413743742093 338.2019268642064 -718.1209812117305 423.59903934374097 153.117879050888 351.5090922484977 -736.0884599912911 411.93185481673333 176.78920661188158 326.92633600384926 -712.5516684589253 426.3580388228769 165.45548234377932 375.2747968728742 -749.2811204748125 449.5572756845763 244.60206373148912 386.2442367520493 -764.7948657423158 436.5749943393877 218.55455782550501 345.5863376271576 -706.8587438558804 404.9188504144541 128.77677483462125 341.46602393565837 -709.6719334311503 438.91686536718095 224.8373669110791 354.72703995564063 -719.7948976223594 445.6344611479699 234.64564582020202 372.9552310575531 -759.1695658075573 409.84884461399173 147.51781599066052 334.2696955087048 -706.3192317263034 399.12512398942545 148.27392720802737 372.43008602251996 -739.7398722172431 438.90738598291426 230.06088339951887 415.81651251077346 -783.7705904561136 433.79590357736583 176.4081321978758 423.79215374093735 -782.7411488994932 396.71150720091566 142.41343664088055 334.5318489807207 -722.9202462653635 396.72001414442155 105.20345037121736 360.07508470577733 -746.3812624247197 420.6170974138817 174.30418374628724 412.1913932972985 -773.028660458852 407.4775980845699 116.85583564762696 404.41413868581844 -779.7726741963947
960.0048855897958 0.6950511823979473 0.6950511823977871 1.3901023647958597 0.6950511823978558 2.8657694402372416 1.554181691683375 0.6950511823979569 0.0 1.3901023647959425 1.554181691683506 1.9659016173813666 2.8657694402373575 0.6950511823978865 2.7802047295918304 1.5541816916834894 0.6950511823978828 1.3901023647960147 1.3901023647959092 0.6950511823980122 1.390102364795969 1.554181691683493 0.695051182397879 2.8657694402372957 1.3901023647960644 0.6950511823979816 1.9659016173814825 2.8657694402372935 0.6950511823978341 1.3901023647958968 2.865769440237282 1.5541816916834996 1.3901023647959263 0.6950511823980225 1.3901023647960256 1.390102364795912 0.6950511823977816 1.3901023647959736 1.5541816916834188 0.6950511823980046 0.6950511823978345 1.390102364795975 1.3901023647959485 0.0 2.8657694402372798 0.6950511823980313 0.6950511823981392 1.5541816916835018 0.6950511823977923 1.3901023647958977 1.390102364795978 1.965901617381361 1.3901023647958906 0.6950511823979361 0.6950511823979821 1.554181691683481 1.5541816916834226 0.6950511823980016 0.6950511823979557 1.3901023647960171 0.0 1.390102364796022 1.5541816916835585 1.390102364795938 1.5541816916833728 1.3901023647958917 2.8657694402372575 1.3901023647958675 0.6950511823978313 1.3901023647959392 0.6950511823980852 1.390102364795933 1.3901023647960427 1.3901023647959219 0.6950511823978825 1.5541816916834559 0.0 0.6950511823979145 1.3901023647959485 1.3901023647958695 1.3901023647958795 2.8657694402373695 0.6950511823978197 1.965901617381365 0.9730716553572546 1.3901023647959663 2.865769440237287 1.3901023647959672 0.6950511823977659 1.5541816916835065 0.6950511823979988 1.9659016173813002 1.3901023647959496 0.6950511823979859 2.8657694402373153 0.0 1.9659016173812907 1.390102364795978 1.3901023647958384 0.6950511823980045 1.5541816916834057 2.865769440237243 1.3901023647960284 2.8657694402373455 0.695051182398181 1.390102364795894 0.0 1.3901023647959745 1.3901023647959008 1.3901023647959636 1.3901023647959365 1.9659016173814134 1.390102364795905 0.69505118239795 1.3901023647959412 1.3901023647959425 0.6950511823981614 1.5541816916835531 1.9659016173813777 0.6950511823979756 0.6950511823979626 1.3901023647958897 2.8657694402372806 1.3901023647959365 1.3901023647959903 0.6950511823979248 0.6950511823978611 1.390102364795991 1.3901023647960216 1.3901023647958735 2.8657694402373797 1.3901023647959887 1.9659016173812702 1.5541816916834241 1.3901023647960034 0.6950511823980392 0.6950511823977995 2.865769440237243 2.8657694402373792 0.6950511823978911 1.3901023647958966 442.7790562761307 220.99050750670906 337.04211160382994 -712.0677569257443 451.8161425438369 239.6679183160475 406.0948326257277 -770.4742392189102 415.5683536990429 175.73860737041804 411.6243945370429 -776.0495316107985 409.4569069193177 151.12606075141312 417.13943482574166 -780.7333745171627 401.5375654770191 120.51769329532851 426.23502100078287 -779.8413320913602 406.3882177377738 165.49271546590256 369.5581832735499 -733.8232081671443 424.7050186585699 196.1251950406325 318.769488362094 -699.2613717583284 423.17805479667913 201.23949578072853 389.7349833469508 -769.753727640409 409.95030918211404 130.18047135670443 369.06770691683397 -744.370587563905 421.4494398685231 144.2757118768077 379.04323856736653 -766.2879236131004 444.57939335024287 226.65998476992522 384.2662210198866 -750.3146748021302 404.7781955024409 153.067849748052 326.7524549914694 -700.5481760526263 425.0010336271491 185.13667583330124 375.5316543178892 -731.5886563944659 392.19138405532476 120.39094187353216 394.931772242121 -758.1191607340535 422.8864272932778 189.5749950094464 333.78754097462803 -703.7254035528562 392.52783384507904 97.7352791131949 350.57599948045595 -714.5673396221018 415.45095852521774 125.07044557174892 403.2074974665899 -756.5979242482534 401.36929710865 135.2045040037488 393.61071838099065 -749.7644497434861 408.1188555568905 123.23891678899378 410.66647692880684 -755.0427570291887 414.61730048407793 138.92232813565528 346.89629401130816 -725.8343415213163 412.7285392503847 163.51606353495933 339.6224576462349 -727.1490754670074 392.58918630916224 126.39602912762201 356.1311733060538 -712.0548126757561 427.20557470796336 176.45223828039235 388.85953737540206 -755.8073396643872 443.7901099306022 236.3823798315841 371.2206426592254 -753.7075373487378 420.93151339403846 157.19823575740955 397.7834319881367 -774.1163681692548 386.55811897597016 118.47587946251144 397.2951339974881 -762.4090239462812 401.6231521326787 141.1983456843578 363.87599586099327 -740.2790549963656 383.7327139852649 104.51205995643653 326.63630187257814 -704.4543133016443 414.8985257530136 150.14012713913138 355.4033245505543 -730.8120631926535 431.1342586452621 187.76312021447933 392.68479153214906 -743.0592006069105 434.8967833294487 202.20621929796937 369.03903676695415 -737.426313987218 396.1399634562216 132.52631120048025 366.3238447357971 -730.0966400616835 429.13938228579195 202.73006059405964 382.4155054355349 -739.2382872990203 405.73333768781254 133.844503770097 352.79314478476016 -722.5859423110755 408.67765987358274 139.75170991901658 348.60452720797474 -718.4892545797175 411.2310205958243 157.63132133711972 345.8581594168831 -736.7105205768258 389.43132116699593 108.88778016040763 381.143123297273 -754.6127593622693 418.0078820282341 182.02827070495536 431.4510435787982 -785.8554054446001 391.31432835322096 115.10150981491059 369.50146052112154 -749.7905959441795 388.52811985510976 102.71776173524698 376.25042606019593 -736.1022693248605 431.60559198071354 220.13249705131537 358.87698175591345 -727.4765820722628 406.2125405280559 159.26237748788463 433.52821306198325 -779.9849376354227 440.72404856571495 213.35328779948924 329.66147020791715 -708.7533024774957 417.7548513139107 131.42733407052629 347.54846667078453 -731.2074139018979 418.29168754772684 193.3574620644482 388.0384723733326 -746.6632576782894 399.45717784303616 152.88725267009332 402.78311017506934 -766.761233068815 404.89702122633315 109.07789438900583 385.8326747181187 -742.6377993072964 399.8996532813562 103.4401147911082 321.1233878287552 -695.6908330484805 403.0791321249827 147.38997368189118 378.7753876882859 -744.5484841033289 426.98378797334345 169.74313769403145 397.9997581131862 -754.322152911084 430.75869383171835 208.37171264272988 341.1012681407592 -704.7358391905898 412.46232449655355 169.21651418220023 351.3951693277563 -740.7274782484492 398.82417598350565 129.0495441703392 421.2983898944198 -776.933030995254 422.77820515203297 178.78773006347436 340.63587255532417 -717.8839822751431 421.5773073137114 151.31341389550485 353.37062358112206 -736.6117964453097 409.7968535899102 173.4802918391487 329.26188279973843 -712.7779360584584 425.151978823048 163.93562437029874 376.8852140839449 -748.6288136347492 448.7915831438724 242.66696167967626 388.20808554047676 -763.8914941345512 435.017022093019 214.69804943154557 349.56217923127736 -708.3865287228487 404.11149817788805 127.94604559902554 343.90345794926156 -711.0498070094461 437.8883263441035 222.08350625243705 358.9056006790556 -720.5342617072062 443.26555693568923 231.0371175306088 376.02836072164877 -759.4067457876936 409.1957139908393 145.46038501976872 337.3918978879158 -708.1385682006844 397.11856256517007 145.37796809453937 375.4102593866371 -740.8169557759888 437.3215980170986 227.84020303866006 420.10286390434254 -783.9742373849845 432.3138651000758 175.1558894863473 426.99064748893284 -783.5342265123006 395.38932094322786 139.39079266944344 337.31029912249807 -722.9788455786969 394.4130071818696 104.21483890136452 362.048425947345 -746.2650045543943 419.28085619383546 172.37229883323667 416.7900375220323 -772.4792840514416 406.1242008639865 116.01733505391556 405.9224737051516 -778.9406940119582
970.0048855897958 2.8657694402373273 1.390102364795991 1.3901023647959336 0.6950511823978813 1.3901023647959305 0.6950511823980282 1.3901023647959199 1.3901023647959845 2.8657694402372544 1.5541816916835038 0.0 1.5541816916834736 1.3901023647959925 0.6950511823981071 1.3901023647959616 0.6950511823980252 1.390102364795889 1.3901023647959043 0.6950511823980069 0.695051182398174 0.6950511823979831 0.695051182398012 1.3901023647958752 1.5541816916836322 1.3901023647960078 1.5541816916833762 0.0 1.3901023647960062 1.3901023647959707 2.197944826770749 1.390102364795894 0.6950511823980886 1.3901023647959785 1.3901023647960065 0.6950511823980485 1.390102364795983 0.6950511823979152 1.390102364795959 1.3901023647959945 0.6950511823979614 2.8657694402372464 1.3901023647959463 1.9659016173813662 1.5541816916834745 0.6950511823979914 0.6950511823981697 1.5541816916834934 0.6950511823977885 1.3901023647959831 0.6950511823978074 1.9659016173812298 1.3901023647960067 1.3901023647959543 0.6950511823981693 2.8657694402373464 2.865769440237218 0.6950511823979111 1.3901023647959125 0.6950511823979572 1.5541816916834585 0.6950511823979628 1.390102364795887 1.5541816916834794 0.6950511823981054 1.3901023647958828 1.55418169168347 0.6950511823980072 1.390102364795952 0.6950511823979335 1.3901023647959485 1.3901023647959527 0.6950511823978565 1.3901023647959525 1.3901023647958997 0.6950511823979061 2.865769440237281 1.3901023647959785 0.695051182397953 1.3901023647959199 0.6950511823980667 0.0 1.9659016173811612 0.695051182397937 1.3901023647959077 2.8657694402373073 1.965901617381438 1.390102364795989 0.6950511823979207 1.3901023647958928 1.3901023647959125 0.0 1.3901023647959148 1.3901023647959891 2.8657694402372615 1.3901023647959345 0.0 1.390102364796018 0.6950511823980776 1.3901023647959547 1.965901617381502 0.6950511823979354 1.3901023647959234 1.3901023647959787 1.3901023647958939 1.3901023647959618 1.5541816916834397 0.6950511823979264 1.3901023647959694 0.695051182397974 0.6950511823977726 1.3901023647959916 0.6950511823978357 1.3901023647960127 1.390102364795922 2.780204729591832 1.390102364795944 0.6950511823979552 1.390102364796042 1.3901023647960078 0.6950511823979183 1.3901023647958886 2.865769440237337 1.3901023647959805 1.3901023647959105 1.3901023647959618 0.0 1.554181691683509 0.6950511823977866 1.5541816916834388 0.6950511823981287 0.6950511823979675 1.3901023647959625 0.0 0.6950511823980678 1.3901023647958994 0.6950511823977841 1.390102364795875 1.5541816916834352 0.6950511823979613 1.3901023647958426 439.9921495976573 216.70588320802437 340.00746019233475 -713.0251461204426 449.04462856370503 235.37192976777084 407.9598219964353 -769.6904013245721 413.83964396373693 172.57310182632375 414.64492276091136 -775.2837633983335 407.3118387920638 148.36467599485593 418.952749919524 -779.8778369256071 399.7921472722643 118.44480267974669 429.0971038565329 -780.4783454551878 403.8358173319654 162.5887933405732 374.5524530182747 -734.3352856584991 423.9239636435323 193.6552119636009 321.26539978343015 -702.0525109339119 421.9814261951395 199.17261098319915 391.2934009448635 -769.7142680556542 408.8738249518123 129.07284378334165 372.16864268492463 -744.1652344241919 420.51929678895317 142.48744751490506 380.5961762411505 -766.274179735915 442.73941089509856 223.07285975677934 386.20964459511595 -750.8913525889391 403.5789170219208 151.00266659046338 329.2259546916994 -701.8994898971258 422.1813717356624 181.95414405076772 379.02762156726413 -731.3415108943972 389.89993546157393 118.31027388841468 397.64467523564247 -758.1651977604417 421.55031190195893 187.64327774753937 336.6945133617227 -703.9009899730808 390.2208259853142 96.74666992715866 352.7586696181073 -715.6813144977679 414.7820494010734 124.10516343395146 407.1166328391972 -757.055013212794 399.3547775788782 132.85468412223625 396.70751431538315 -750.0189488573562 407.44993867114914 122.27363832036013 413.75485922784105 -754.9001555485482 412.5950505384019 137.11848931744504 348.589763090366 -724.9287538769553 410.5837210418037 160.75448669891702 341.97417196039686 -727.1312152267343 390.9822205526786 124.18857694801287 359.1205620169796 -713.0042993540139 425.31484295233315 175.05900940396307 390.7698074361575 -754.7989446345175 442.4867955518859 233.3521074161775 372.77972359352293 -753.3668788263969 419.3170143463938 155.53659135902933 399.3562349352238 -774.4036763354565 384.2744488250028 115.84918369919897 399.5774858604746 -761.8785836935667 400.1546798250437 138.856303946289 365.3866532845777 -740.7628176236786 381.8741968903237 102.7106311831343 329.93671183446384 -705.5810207229107 413.41457609466926 148.89004202493228 357.3678357579618 -730.4368561036874 429.79010041020075 186.37706812190743 396.98041856718936 -744.6960030303467 434.0999640715378 200.82835595056596 371.6961402246879 -738.1593919691106 393.0333723916345 130.1609425366102 367.35136231384143 -731.9317053353196 427.4063291796098 200.1083210151692 385.8864680776408 -740.2544699037037 404.0035215551741 130.67953247778303 355.0842119647022 -722.8687288040428 406.6709687391053 136.85583253243138 350.8399980944759 -719.2413486198581 409.7627409832613 155.28916777251692 346.3011188333581 -736.1950385165294 387.83213011192447 106.13430180913623 382.2890553411882 -755.5653784840263 416.5327843624614 180.23154155644443 436.55069622816114 -785.7350912478516 389.8458112964654 112.75949689876073 370.6637041591866 -749.6617131236252 385.97532330411747 99.81416386028756 378.90392904238144 -737.3897057215607 430.0250888089474 216.827794903785 361.97947420254997 -727.3571172224822 405.00550015839497 157.74318586611233 435.91203348470435 -781.6907701104211 437.9120931759586 210.16364106797403 332.2232324885729 -709.691786212812 417.2244061367781 130.32748348843708 350.24992170586154 -731.4055767183405 418.0475522046336 191.44217702562253 390.35659397652887 -747.0117843896061 397.4427411235583 150.5373597300678 405.45522064414837 -766.2942283745724 403.12826372669923 108.64309083029579 389.3067550063827 -743.5660960024398 397.8539917300608 103.27443692020547 322.96069861748276 -697.9372842001334 400.3879822926465 144.62084381363016 381.0882454643562 -744.6038485828749 424.67717259179005 168.753631251343 401.07216374024495 -754.3321564529001 429.55473250963433 206.84987507393393 344.7201733637446 -706.3850603306539 409.9101368904079 166.3123782947947 353.73415884559205 -740.5811640498033 396.9480939099703 126.5651824949123 423.95826932062243 -776.4776806092814 420.088324564261 176.01744473364323 343.6768631069437 -718.3891871825635 420.37033366253536 149.7941620820764 354.5663890866686 -736.5503112551588 408.1824986561877 171.8185026551345 331.3657231077183 -714.0330649284556 423.27650953493895 161.450795691689 379.59408410502317 -748.4734323421944 447.21378487284676 239.90027041369066 390.9173808693581 -764.0040079223376 434.220901933815 213.31947043781273 353.2345278218158 -709.7591227493209 401.8434058409613 124.22728056617068 347.30563200738436 -711.6488635835558 436.0226575671119 219.59106702039156 362.2667600088132 -721.6514466007716 440.8694612997011 227.98549179354995 378.731642603729 -759.6306771142026 406.50458338444844 142.6912349063894 339.6265023941344 -708.7608972836736 394.4351688148704 142.06284762793783 376.9452118999415 -741.0674866197005 434.92084905160675 224.79056157633616 422.35916121152565 -783.4433515716252 431.9227396543034 173.92117991324093 429.9171167726855 -784.5881521580875 394.4746438796646 136.51052129623304 340.44240835157785 -722.9567476497928 392.5213547799839 102.82254214657709 364.7349144179593 -746.639330105261 417.6824884881261 169.61832176181733 420.1996964939505 -771.7617145875446 404.50945502737284 114.35591054154077 408.9871837179804 -778.5687685457758
980.0048855897958 1.3901023647959576 1.3901023647959505 1.9659016173813282 1.3901023647959094 1.3901023647959796 0.6950511823980045 1.3901023647959145 0.695051182398094 1.3901023647959918 1.5541816916834534 1.3901023647959265 1.3901023647959534 1.390102364795911 1.39010236479606 1.5541816916834899 1.3901023647958566 1.3901023647958852 1.5541816916834474 1.3901023647959214 1.3901023647959656 0.6950511823978737 0.6950511823980875 1.3901023647958928 1.5541816916835725 2.8657694402373193 1.5541816916835463 0.6950511823980063 1.3901023647958586 0.6950511823979354 1.5541816916833782 0.0 2.8657694402372207 1.3901023647959023 2.865769440237211 2.865769440237255 0.6950511823979342 1.3901023647959245 1.5541816916834725 0.6950511823979073 1.3901023647958737 1.9659016173813397 0.6950511823981717 1.554181691683466 2.8657694402372043 1.3901023647959776 1.390102364795868 1.5541816916834543 1.3901023647960111 1.3901023647959847 1.3901023647960231 2.8657694402372313 0.6950511823980761 2.8657694402373317 1.3901023647958912 0.6950511823979401 2.86576944023721 0.6950511823979733 0.695051182397922 1.3901023647959245 2.8657694402373117 1.3901023647960165 1.3901023647959527 2.865769440237308 1.3901023647959019 1.390102364795884 1.5541816916834068 2.865769440237294 1.390102364795854 0.6950511823980458 0.6950511823979362 1.3901023647959359 0.6950511823978094 1.3901023647959714 1.390102364795878 1.390102364795946 2.8657694402372833 2.8657694402372997 1.3901023647959871 2.865769440237258 1.3901023647959887 1.9659016173814041 1.3901023647959607 1.3901023647959225 0.0 0.6950511823979647 0.6950511823980452 1.3901023647959554 0.6950511823980814 2.865769440237335 1.5541816916835727 1.390102364795908 1.390102364795937 1.5541816916833804 1.5541816916835944 2.8657694402373597 0.0 2.8657694402372518 1.3901023647960007 1.3901023647959083 0.0 2.8657694402372487 2.8657694402373077 0.0 1.3901023647959758 1.965901617381349 0.0 2.8657694402373215 1.390102364795964 1.3901023647959172 1.3901023647958946 1.5541816916834894 1.390102364796009 1.3901023647959023 1.3901023647959763 3.108363383366977 0.6950511823977866 1.554181691683472 1.5541816916834816 0.6950511823980037 1.390102364795951 1.9659016173813575 1.9659016173813881 1.5541816916834843 1.3901023647960185 1.3901023647959285 1.3901023647958766 2.86576944023727 2.8657694402374103 2.865769440237228 0.6950511823979743 1.3901023647959634 1.3901023647959234 1.3901023647960271 0.6950511823981347 1.9659016173812918 1.3901023647959458 1.390102364795877 1.5541816916835336 0.6950511823979644 1.3901023647959665 437.8524007612445 213.94012166179104 342.31049498533986 -713.298524210646 446.1253985586553 230.67609620472973 410.37213168983175 -770.0674158306092 411.8174957835802 170.76910397695318 417.2734357799761 -774.6026069819009 405.4280323347035 146.4262538643564 420.2351740196189 -780.4061850521003 398.1947698641999 115.6902822233042 431.48625363853535 -780.5503530612432 403.88265320398045 159.3126361849164 376.4792447049164 -733.9056549770044 422.58713813449015 191.7240472834989 322.00611955882664 -702.3675666944946 419.84594568540405 195.8640394279014 393.1881642692724 -769.3144002915309 406.98240086275825 127.68021913750587 374.1073539744536 -743.9283865375717 419.4584537993723 140.2877156109242 384.0507306331473 -765.8375360518751 440.8701478114572 220.58297053044961 387.33932353473693 -750.624255880187 400.3574181889449 147.13360361555232 330.6240332455102 -702.8900440715507 419.62925514165113 179.04989416998208 382.1330629245683 -731.0289464582501 388.86055591666593 115.01679705494257 399.6188468403897 -758.5038832535791 420.35965963880443 185.03160459280457 339.7444391289528 -704.2892949038388 387.5271030493702 94.5120954079397 357.0711660332876 -715.0542384714316 413.16747777176755 122.44349450399079 410.643717571995 -757.0693563366845 396.533893343964 129.6734688513383 398.18487613187466 -749.4756959299909 406.1124262401766 120.3428469972772 417.2684699855226 -754.8588287938927 412.6106707672793 136.02647673386898 351.63412098278855 -725.5593819409672 409.1075139066713 158.95842658864595 343.1054779224025 -727.424931762095 388.0363845261251 120.32174127826488 363.742901140686 -712.8449725173692 423.5541360546427 174.07780042632083 393.08327663353447 -754.5963556082696 440.0821079160784 230.30658828503223 375.47644279847424 -753.1022325763591 417.7023626578164 153.87507561351842 401.25038652697185 -773.9474300093935 382.55202308379853 112.68089193265 401.564352917171 -762.2223429026168 397.6103581281705 135.40626024184328 367.7094916741417 -741.1448645765663 379.30391337704594 99.82747667593077 333.68343599152496 -706.5596919077942 411.9461452231022 146.54798804416433 360.06386693189756 -730.3566870577148 429.13764084316483 184.31942875164518 400.0491906112036 -744.5385738467924 432.35625876079433 198.75391886229187 374.002138745449 -738.1062395818749 390.75866302183493 126.986766750691 369.67052968006885 -732.1411400446002 425.800910507833 197.89986611747509 387.82330826229855 -740.2998271829864 401.72061872258627 128.0523414375715 357.046818343405 -722.3982810373128 404.52598588941794 134.09442817735658 353.6138053543252 -718.5237013039431 408.01741944609665 153.2161926977165 347.3969409931542 -736.8587848956628 386.10056477000325 103.51204306993506 384.553974935549 -754.6315767988779 414.11905785374546 177.19288006470626 439.18652851112415 -785.135900434098 387.99215799491236 109.17858815823688 372.2024547166135 -749.2505818071214 383.15597963895476 97.16710131828339 381.58188789300846 -736.7003042422334 428.0227730593235 213.9289066759229 364.3026919746088 -726.9973354434885 402.0647423083517 153.33206000981366 438.9241555614629 -781.0055504115019 436.44730735742763 207.81903496244993 334.07837543361063 -710.1864645963003 416.01740409540116 128.8082540461316 352.5826951374864 -731.1913225624257 416.4575016301329 188.1420442688705 393.4389567516964 -746.9184076436065 395.4361045198859 147.6414551342536 407.38944964552206 -766.1751007765081 400.70068820721644 106.69414543357912 391.6117906522504 -743.3566449469926 394.7431766956031 101.4471695941145 325.91845881067013 -698.8808925415359 398.79696047575317 141.32116793267443 383.0402794286613 -745.0761957225205 422.93204323885345 166.68049798031092 404.2798617238836 -755.0641647615932 427.8192715104695 204.22944252396968 348.1581891717555 -706.9488720721693 409.1106345535363 164.93559571358207 355.2954286038039 -740.2589963960422 395.488814416112 123.67700080527646 426.092246972722 -777.2203065503944 417.5320911241894 173.38640925619063 346.75421803246525 -718.6800684851238 418.886322426893 148.54412622098275 356.1265470821662 -736.2354715701401 406.04534693635475 168.51102939862693 334.0137841482244 -714.5997382784603 421.9309872582289 160.06613482288847 381.5319238976294 -748.7554169842056 445.11038765864834 235.49253936494034 392.8428709805844 -764.0176724063294 431.5335804555899 210.5461673603775 356.65892650809394 -710.4541163134495 400.3757334913944 121.88514791844656 349.60878198867175 -711.8749483801669 434.16005363176333 216.5569286582029 365.2892194207641 -723.4740465718146 438.1959412791201 224.66282313474215 380.6714061767985 -760.0896292434675 404.0904398357343 139.65289304158853 342.3159637073135 -709.0642149617371 392.97482262868 139.17456414299588 379.6353451531961 -740.7780806052729 431.9765905649797 221.1917803444428 424.86638680986596 -784.116793034741 430.84652665777577 172.81321163987732 432.34797604830294 -784.8524591253795 392.19943613040704 133.33742611615548 342.4173724881732 -722.5871961005914 389.54752097615807 100.86166046522546 367.0463751800093 -746.2615857287863 415.93730625072845 167.5452153409734 423.68712039722175 -771.4514983274928 402.6189037627097 112.96328207001609 410.580010140298 -778.679177203737
990.0048855897958 0.6950511823979002 1.3901023647959578 1.3901023647958821 0.695051182398007 1.390102364795867 0.6950511823981466 1.5541816916835396 0.695051182397927 1.3901023647959736 1.3901023647960438 1.5541816916834899 1.3901023647959303 0.6950511823979408 1.3901023647959028 1.3901023647959134 1.3901023647959345 0.6950511823979882 0.695051182397917 1.3901023647959687 1.3901023647958766 0.6950511823980035 0.6950511823979205 2.8657694402372886 1.5541816916834084 1.3901023647959647 1.5541816916834514 0.6950511823978824 0.6950511823980867 0.0 1.554181691683385 1.390102364795963 1.965901617381353 1.3901023647959285 1.3901023647959134 2.8657694402372216 2.8657694402372997 0.6950511823980012 1.5541816916835296 0.6950511823979502 1.3901023647959125 0.6950511823980122 1.3901023647960422 1.3901023647958926 0.0 1.3901023647958726 0.6950511823979716 1.5541816916834494 1.3901023647959745 0.695051182397944 1.3901023647959283 0.0 0.6950511823977835 1.5541816916834963 1.390102364795901 1.9659016173813098 1.390102364795896 0.6950511823979743 0.6950511823980655 1.3901023647959132 2.865769440237267 0.6950511823980007 1.390102364795806 2.8657694402372855 1.3901023647958812 0.6950511823979915 1.5541816916834685 0.6950511823980455 0.6950511823978323 1.390102364795959 0.0 1.3901023647959245 0.695051182398011 2.8657694402373135 0.6950511823980867 1.5541816916834303 2.86576944023724 0.695051182398 1.390102364795968 2.1979448267707244 1.3901023647958972 0.0 0.6950511823981399 2.86576944023725 1.5541816916835092 0.695051182397951 1.5541816916835145 0.6950511823980322 0.6950511823981294 1.5541816916833706 2.8657694402371794 1.9659016173813455 0.6950511823980673 1.5541816916833766 1.5541816916835167 1.5541816916835312 0.0 1.390102364795963 0.6950511823980359 1.3901023647958894 2.8657694402373797 1.9659016173813306 2.8657694402373273 0.6950511823978752 1.3901023647958983 1.9659016173813162 1.3901023647959465 0.6950511823979972 0.6950511823979577 1.3901023647959232 0.6950511823981671 1.5541816916834548 1.3901023647958783 1.3901023647959732 1.554181691683377 1.3901023647959085 0.6950511823978262 2.0851535471939076 1.554181691683601 0.6950511823980012 2.8657694402373886 1.9659016173813015 0.6950511823978288 1.3901023647959443 1.3901023647958657 1.3901023647958801 1.39010236479589 0.0 0.6950511823981291 1.5541816916834823 1.3901023647959145 1.390102364795977 1.3901023647959287 1.3901023647959536 1.3901023647958715 0.0 1.3901023647960367 0.6950511823979293 1.5541816916835092 0.6950511823980364 0.6950511823979396 436.3776775329604 212.1426674378439 345.023193502023 -713.2337041217313 444.5317859573183 227.9194563177149 410.78691550952766 -770.1814168066232 408.70340245226174 168.9492679403905 418.62109857150705 -773.5276674820539 403.0166989963807 143.3855958726227 421.66082086174663 -779.6983350853754 396.20061965897315 112.78456403411604 434.3357373078171 -780.8990555911006 402.1461419872299 156.6930759996809 379.20548313452986 -734.0378448826731 420.8501050452933 189.10472380764222 325.0076582230113 -703.474090957424 417.8399314275483 192.9677325697862 395.7674164503055 -768.3137462199328 405.91707867638223 126.02495849633688 375.70767899811835 -744.3864166792249 417.1601434588164 138.75170068718103 386.6986312999011 -765.2955956437658 438.7200536748073 218.36499499930702 390.39540180951434 -750.2388288650144 397.4085933135066 143.5385109707565 332.504990832284 -703.4508124653704 418.6913882618 177.80755877922485 385.2513563316473 -731.0913372488658 386.3356390791992 111.55196694641259 401.52183144964613 -758.1821979597456 418.4761166379629 183.09296222175115 342.803612094497 -705.0479570138193 384.6945033705567 92.94662370337265 359.7725856895327 -715.0798771662277 411.55597791141713 120.77893302217745 413.0279124492022 -757.1723697505328 394.13559363525957 126.08315298307106 402.5900313633941 -750.0887229423903 404.7601646199667 119.50067780762099 420.9124966695398 -755.2764175304227 411.5352446678298 134.91782214733485 352.7893656541924 -725.7672017743017 407.64779360389747 156.06996054806118 345.03394692918687 -727.2939160836211 387.819912823211 117.31377634736054 366.8754101654158 -713.9465677919585 421.8090348781304 172.00463441463046 395.3092679633981 -753.8716938083106 436.4416015158509 227.38147018300816 378.5502429788804 -752.8135966896442 415.8112216488893 152.4820458896231 403.8707423264607 -773.27848316277 380.70285148410863 109.6387506662012 403.493225254705 -762.0744547604413 395.07154972267244 131.95191130888435 370.03860736497757 -741.3772943975164 375.799518752917 97.83505715600138 335.96764948702344 -706.9644635925629 410.7397274136746 145.02816782251526 362.02733050017014 -730.885870099739 428.20771874489657 182.53103584561563 404.6120518559859 -743.7347762102002 430.8727298767926 197.5034367102515 376.3144203815543 -738.1127982472495 388.2251891696445 123.5279798084866 370.8550772614089 -732.6265432466435 424.0639885706288 195.2804050485666 391.01557048696634 -740.8606194749755 399.97919130669914 125.97599022941004 359.38073164826534 -722.3917980892579 403.321675610947 132.57353377853934 355.93591754353963 -718.7528469365772 405.4741569720142 149.76527699042077 349.7206293254109 -736.1107325269091 381.68042131088976 99.45808468109546 386.1264306738714 -754.8268818700075 412.78147757016757 175.2621400361733 445.3393908676741 -784.33071120825 386.1541045469937 105.5901109485536 374.91980936420737 -749.2206134184796 379.55976276380096 93.12614869363044 383.92495983886045 -736.8471719860065 425.06455986179003 210.88087264769453 367.02046725248624 -727.0877939056796 399.9293477538695 150.02323085727286 442.5269549419926 -781.1762493309274 434.42632259674167 206.01390502434663 335.5456308525639 -711.0618920582459 414.8115950016234 127.28751824653077 354.114123604955 -731.5837348061845 415.1200170304139 186.21126040463608 399.3087892938059 -746.975932983148 392.6084944029173 145.00409944046905 409.813345919569 -766.4871764319057 398.82664665118733 104.7457590302786 395.23845302211697 -744.189407410581 392.5712272727239 100.85642577191939 328.5559696611661 -699.5520182582808 396.1177280483745 138.00261524698132 385.68112689955154 -744.4002761879663 421.7251371103652 165.1611804857456 407.7348798993385 -754.6231294694248 425.95210993598715 201.19828668529308 352.3895340991435 -707.4744694133777 408.46559822164977 162.33217376518147 357.21522487765327 -739.6058853613509 393.6398806041543 120.09447254684737 429.2340942925353 -777.1141046999278 415.2409135827264 171.30542845333025 348.6790239994398 -718.9116826530501 416.99547452917255 147.15114749872535 357.67133305608047 -735.8139959016405 402.9629443993443 164.50707300374233 336.33170854209266 -714.7469463359064 421.00113148096034 158.2777080906938 384.6135077573135 -748.6032609706824 442.4253107576889 232.71763261817392 394.494527207418 -764.5467994056637 429.4023638975242 206.96450532812528 359.3625812383989 -711.633789844555 399.3215770504704 119.6825356566223 351.92924299081506 -711.9388519953327 431.0721783252762 213.09643517202161 367.97513631340536 -722.9739514024512 436.3232409077691 222.17595661905807 382.66765807945023 -760.4447999561238 402.4779656074586 137.98979958304383 345.0617079491953 -708.5956570786605 390.42728321350705 136.26676403676893 381.577609430701 -740.7906337758112 430.24999679544675 218.0251253039724 426.79245568415774 -783.8867805337178 430.0471526659557 171.43633839399345 434.27414642300107 -784.6163936090379 389.6624883649425 129.88307544588852 343.9566524572921 -722.6509571388614 387.1313630396559 98.89900946281391 368.97965825288287 -746.3224860782672 414.74615980131796 164.9339270212246 427.2897621952633 -771.6424971870682 401.010150442779 111.29545753838823 412.0170810648438 -777.9867724209366
1000.0048855897958 1.965901617381341 0.6950511823978442 0.6950511823980684 1.3901023647958173 0.695051182398048 1.3901023647959065 1.3901023647958402 0.6950511823980811 1.3901023647959687 1.554181691683553 0.0 0.695051182397787 2.8657694402372837 1.3901023647958606 1.3901023647959774 1.3901023647959536 0.695051182397941 0.6950511823977928 1.3901023647959494 1.390102364795948 1.3901023647959647 1.39010236479587 1.3901023647959172 2.8657694402372886 1.3901023647959796 1.5541816916835283 0.6950511823980033 0.6950511823980555 0.6950511823979563 1.9659016173813406 1.9659016173813246 1.3901023647959994 0.6950511823980042 1.5541816916834383 0.6950511823979278 0.695051182397954 1.3901023647958934 1.5541816916834315 0.6950511823979102 1.3901023647958455 1.3901023647959108 0.6950511823980435 1.5541816916834728 1.5541816916835465 0.6950511823978884 0.6950511823980712 1.9659016173813217 0.6950511823978583 0.6950511823980432 1.3901023647959665 0.0 0.6950511823978016 1.3901023647959279 1.554181691683434 1.3901023647959259 1.3901023647960329 1.3901023647958632 0.6950511823977794 1.3901023647958792 2.865769440237262 1.965901617381333 0.0 1.3901023647959205 1.3901023647959425 0.6950511823979203 0.0 1.3901023647959745 1.390102364795893 1.3901023647958524 1.9659016173813797 1.5541816916834528 0.695051182398111 1.3901023647959139 1.3901023647960085 1.5541816916834108 0.6950511823979114 1.3901023647959565 1.55418169168342 0.0 1.390102364796043 1.9659016173813695 0.6950511823978778 0.6950511823979304 1.3901023647959354 1.3901023647960096 1.3901023647958484 1.3901023647959188 0.695051182397815 1.5541816916834303 1.390102364795995 1.5541816916835007 0.6950511823977986 1.5541816916834843 1.3901023647958453 2.865769440237359 1.3901023647959898 1.3901023647959092 1.3901023647959805 0.6950511823979543 1.3901023647958342 1.5541816916834672 2.865769440237282 0.6950511823978798 1.554181691683377 0.6950511823979695 0.6950511823979797 1.390102364795908 0.6950511823978704 0.6950511823979898 0.6950511823979695 1.5541816916834608 0.0 1.390102364795938 1.390102364795971 2.7802047295919077 1.5541816916834987 1.554181691683425 1.5541816916833247 0.6950511823979268 2.865769440237246 0.6950511823979676 0.6950511823978884 1.3901023647959625 0.6950511823981212 1.9659016173813326 0.6950511823979295 2.8657694402371825 0.6950511823980812 0.0 1.3901023647959683 0.6950511823979862 0.6950511823979715 2.8657694402373277 1.3901023647959654 2.8657694402372424 1.3901023647960227 1.3901023647959585 1.3901023647958268 1.3901023647959918 1.3901023647960504 434.8038506245313 207.7502873652942 347.7188079567155 -713.3880187951055 442.9348196701328 225.1645222244773 412.7947171271111 -770.3383001455943 407.49774141985944 167.4285432096753 421.55174124290266 -772.4783650126047 401.0197619852131 140.4834521421619 423.25245034405776 -779.7362856682327 393.65628688525015 110.40912135902101 438.27235409565986 -780.7975675957225 401.2200943395859 154.90273171918793 381.5412553543072 -733.8975610755513 418.5753130184693 185.931153114409 328.13812985072315 -702.4578559560546 417.1952710184463 190.36426836250385 399.2134219192201 -767.8342822165757 404.9949438658923 124.23218194837513 376.35967056275985 -743.5208357169968 415.2902034396793 136.26271776334 387.7979466929964 -764.8938080058556 435.378368857839 213.53660228434936 391.98665525513286 -750.3433550922366 395.6601324082094 142.00581675446134 335.59142115274983 -703.9171775292709 418.32446403332915 174.9349925146795 388.41444091792243 -731.1718957096183 384.490780278722 108.50713686380185 403.0343672422683 -757.8770692532879 416.20160868786536 179.91910562599043 345.8830553317653 -705.5995744178631 382.43300079718256 90.30080153257222 363.6652643996735 -715.5768452790549 409.5414481430469 118.96638837434628 415.49893561096513 -757.6172418572041 392.5513458370155 123.3208216060171 405.7731292278887 -750.2313985950144 403.15433944209025 117.8305447485235 423.59453929580354 -756.6573478673682 409.24048452400206 133.37617289768946 355.4645710655086 -725.0449049766511 406.98955253166076 154.5578535575656 346.5883718572448 -727.2694856562686 385.4276427936335 114.25859116854059 371.1833756527544 -714.3303656433152 420.60281642588706 170.48494923036174 396.8246583127535 -753.5870684387609 435.9526923535776 223.55120596120872 379.61950160121927 -752.0716912561429 414.2076484076494 150.27228536313226 405.4573930724192 -773.3384054296567 378.59151865908547 106.31475505596484 406.6782909189887 -762.2134811648449 392.8107851189987 128.76794049845688 371.539374815722 -740.9892384297531 373.27138973657935 94.90995379542777 338.66570590088793 -707.0117610475048 408.444014337419 143.48783994489338 364.3928046658485 -731.2576884199291 426.593649874249 180.86890868767412 408.0177502165502 -743.0228906590249 428.9815076429109 196.11062019200264 378.5775605674789 -737.5864568855646 386.7824369628425 120.63118687814534 372.37222623499764 -732.4334870002058 423.00358593747677 193.0804093394898 394.47649882501105 -740.4315696831029 398.3936547705885 123.21518387790344 361.6901661134889 -722.2475667856988 401.9912962520833 130.6378647713993 357.8876513089413 -719.029701149118 403.4745605112825 146.8645330534989 352.0662596790936 -736.3854969223913 378.3266611611 96.78797429217367 388.75479710072597 -754.1742001198342 411.99128292974353 173.33878528370747 448.47751470779286 -784.5476819312875 383.50914515708916 101.70810052920757 377.1605620321118 -748.5001149355675 376.8796314581417 90.88040137411787 386.56977028234576 -736.229536769033 423.0587799338788 207.98432916102308 368.588510824968 -727.3071018897778 399.1334011096147 148.6446751000634 445.29107716745534 -781.14167144031 431.206013330747 202.14384608746272 338.6465055028886 -710.907020117917 413.18339890127135 126.71184090455081 356.0105411294571 -730.8981547122872 412.5687388919993 183.30659012898363 402.79277513014165 -746.6855067838653 390.0750077145458 141.5459144876792 412.41260934918137 -765.7302890892602 396.24818790959426 104.00726691221521 396.1726010518403 -744.9871097777764 390.2843208795446 99.30380305149528 332.01698005758016 -700.0620506783226 394.2512456625751 135.51022071294946 388.7395406641109 -743.8948388626917 420.3721904764541 164.3217037022306 409.5074642823234 -753.6571710999289 424.7612749819882 198.58678290714212 356.63441512598473 -707.7042874617326 406.8446160017415 161.21453884145257 359.57917573025514 -739.9723179871518 391.244591527466 117.04126948579005 430.740970360658 -776.7736537266156 413.9131254292823 168.82768195671156 350.60836064859143 -719.0221833055629 414.71709098525815 144.52039524906465 359.65403664975963 -736.2507656800598 401.7748867452529 161.89365200544432 337.88038400456054 -714.3905964271243 419.2579387176811 156.20317664052087 385.7070929751494 -748.0235637762516 441.25270045723283 229.01296346147166 396.8054733934438 -764.2984868604417 426.97313847952984 205.01753723014184 361.7036539502913 -712.0715662991653 397.1818747166113 117.4542581737425 355.028100488908 -711.8256900772858 429.4581755610677 211.4343035261054 369.91087798840744 -722.9648752189956 433.9271450676225 218.04415544651292 383.65657966808726 -759.3071407658451 400.62082759327427 134.95311572866584 349.32435855317254 -709.5041816033565 388.16627881010356 133.08329683301338 383.8680283671216 -740.4415089862807 427.69061590403396 215.66627532419895 429.3868165171606 -783.1040866143725 428.2866260784606 170.45450161922597 435.99399281515747 -785.2163917306764 386.71814646378215 126.82093475107 346.27834446267167 -722.971210497781 384.0443252770315 96.5083638738852 370.5421593627382 -746.5070449953688 413.0030098071719 162.8589377834179 428.96666367711373 -772.0551814948982 400.08039971026807 110.04731020090613 414.78069966870066 -777.975140203549
1010.0048855897958 0.6950511823979363 0.6950511823979769 0.695051182397981 1.3901023647958837 1.3901023647959982 1.3901023647959094 1.3901023647959774 1.3901023647959432 1.390102364795891 1.5541816916834768 1.9659016173812502 1.3901023647958852 1.390102364795865 1.390102364796029 0.0 0.6950511823980722 1.390102364795968 1.3901023647958874 0.6950511823980485 1.3901023647959407 1.3901023647959805 1.390102364796009 1.390102364795959 1.9659016173814556 0.6950511823980561 1.965901617381478 1.5541816916834685 1.3901023647959163 1.3901023647959685 0.0 1.965901617381333 1.5541816916833986 1.390102364795963 0.0 1.3901023647960036 1.390102364795903 2.8657694402372536 1.3901023647960205 1.390102364796005 0.6950511823979396 2.865769440237297 1.3901023647959072 2.8657694402372456 1.9659016173812311 1.3901023647959099 0.695051182398083 0.6950511823980127 0.6950511823979014 1.3901023647958661 1.3901023647958641 1.3901023647958657 0.6950511823981291 1.3901023647959516 1.3901023647960657 0.0 1.3901023647959692 0.6950511823980143 0.6950511823981685 1.390102364796029 2.865769440237237 0.6950511823980028 0.6950511823979508 1.5541816916834361 0.6950511823979152 1.3901023647959005 1.5541816916833977 0.6950511823979765 1.3901023647960107 1.390102364795883 2.8657694402372442 0.6950511823979683 1.3901023647959185 0.6950511823979852 0.6950511823978615 1.5541816916834328 2.86576944023724 1.3901023647959572 0.6950511823978032 1.554181691683439 2.8657694402372087 1.390102364795984 1.3901023647958246 2.865769440237189 1.390102364795959 1.9659016173813002 0.6950511823979716 0.6950511823978901 0.6950511823978545 1.3901023647958761 1.3901023647960202 0.0 1.3901023647959514 0.0 1.3901023647958386 0.6950511823979482 1.3901023647957682 1.3901023647959965 1.3901023647960302 0.695051182398035 0.6950511823980839 1.390102364795973 2.865769440237321 0.6950511823979012 1.5541816916835165 0.6950511823980224 1.3901023647960156 2.8657694402372718 1.3901023647958206 1.3901023647959225 0.6950511823981141 1.554181691683434 1.3901023647958792 1.390102364795981 0.695051182397823 0.6950511823979392 1.390102364796087 1.3901023647959443 1.3901023647957835 2.865769440237212 0.6950511823980567 2.8657694402372367 0.6950511823981673 0.6950511823979685 0.6950511823977914 1.390102364795895 2.8657694402372895 1.5541816916834368 1.3901023647958741 0.0 0.6950511823980866 1.3901023647960258 1.3901023647959898 0.0 0.6950511823979622 1.3901023647958788 0.6950511823978347 2.8657694402372713 1.5541816916833762 0.6950511823979344 0.6950511823980312 433.4911320981099 204.18100335598388 349.7121207467159 -714.1865218201297 441.7284809018264 223.64479600904517 414.30217750747056 -770.0004762727774 405.638439392941 164.39290149123275 424.6498824407682 -772.1733680265777 400.099783442169 138.68994970562125 426.3505152924985 -779.4304866578583 392.334042532001 108.46775031872058 441.2932458526336 -781.8927314482497 399.3603233160814 152.13611256414165 384.9223697078697 -733.0730882027148 416.8497010178365 182.76442347335242 333.53349247726857 -703.4822129152813 414.36889501880387 187.72621010480395 400.978687378674 -766.8628936115972 403.9258728694176 123.11761948525405 380.23433530357397 -743.227671299935 414.19839389276086 136.24149151540593 390.06766207813064 -764.4333913811279 433.25060685583605 209.6822197404386 394.2557319658971 -749.8721166427287 394.34442889577065 139.5215774734911 340.29370256029705 -705.2515174709055 416.5828479599706 172.85904392244245 391.71172384997226 -729.9309209601878 382.10173654276764 105.44905700448768 406.4294732409719 -757.1399401310954 413.93098835735555 176.74232306044436 350.0446776578289 -704.1334510220375 379.89242843886245 87.9216915808188 367.6023921490789 -716.0509723133941 407.49669502362775 118.78701578920405 418.51783242893737 -758.7190011367079 390.9722457447718 120.55571876415861 407.78384395401895 -750.3847360542815 401.55133083031274 116.15764123335617 426.3654913339997 -758.4058075383076 407.6350315359816 131.70538709115232 356.63645806130086 -725.119828868976 405.2523788481238 152.4776682270755 347.75547820013634 -727.3654879364036 383.69916923065625 112.17161861640938 374.25429911521985 -714.0203318409456 419.39913984760267 168.96313961464858 398.4139266749962 -753.6464646309465 433.65417131026504 222.01542952297652 382.31739070756316 -751.7662236577679 412.4603581364451 148.7381762082405 407.84439636654446 -773.4083512663127 376.7609149228402 102.7229685857267 407.2691122324608 -761.2944485121773 391.4860298401643 126.8281453071793 375.00154727596197 -740.6069750215938 370.3492909318562 91.29313434598382 344.7870603669009 -707.6620619791616 407.6509728690786 142.10763107870685 365.16498389994393 -731.1543045966887 425.518600134999 179.7599454182847 411.0762361482536 -742.5451808515242 426.99376491832413 192.12127194924287 380.0274607746562 -736.9143818196079 384.7861989059456 118.26579489993915 373.4843764660785 -732.0619183451803 420.32351727457416 189.7624543985902 397.4612429049069 -739.6076417895612 396.9180493276256 121.95501737591613 363.18037208970395 -721.6685676476171 400.4088924658626 127.87487735480425 360.53767579929166 -718.3264364774352 402.5315475388345 146.163993034538 354.72550521564955 -735.8970257410368 376.44680319918524 95.37978272343433 391.0598619023837 -753.9097328047166 410.26922482525487 170.1697995827791 452.59296088582386 -785.0572021621515 382.1750956480843 100.31243415378462 377.92319745658006 -748.3639994412189 373.7931508094227 88.4888546321494 390.4323909830169 -735.8772352890123 421.18440567479064 205.49874674577765 370.08144872740434 -726.883663092813 396.7344055329945 145.59458270717246 448.3120712213425 -782.2366735071264 429.49455545192853 197.88572926036775 339.8322941376329 -711.234481298175 412.5201778269737 125.74300375727397 356.78244621760297 -730.8139210730574 410.8524764476519 179.59325692845246 405.01608732550073 -746.0094916819592 388.6199213352565 139.19523497603487 414.50574861983534 -764.471915042869 393.68240907785764 102.72082792144546 398.1006589352952 -744.776211429915 387.7187901373235 98.01695038721097 335.1286173842674 -700.5458717743752 392.1127375963639 133.28120698866357 391.3169573088421 -742.9808361857102 418.7619242054047 162.65657070979313 411.85385081165447 -753.5350833661303 423.29486552758794 196.24380888391434 359.00268477134506 -708.2203084533525 404.98685386332863 158.17810988368325 361.622597884968 -740.6600480321032 390.07314882358605 114.42098524583027 434.3865613342096 -777.1338555326101 412.19158912944516 165.65817537013567 353.2800835794378 -718.5500455555015 413.24868278996945 142.7184402870925 362.2683987548913 -736.8743535997429 399.77895598737393 158.9905181077516 340.9986059703221 -714.9962818698708 418.0556450632696 154.67995021904943 388.77585864171004 -747.6221287221666 439.0847917661272 227.88851266702488 399.2874334829079 -762.9836229440187 424.82148744427434 202.8009386928382 365.23279839423554 -712.446680820091 395.46376284004265 114.82237236080185 356.97790955585435 -712.0137717432657 427.4449732350252 209.08343165604066 371.85196123037343 -722.8696959463144 432.0522176557163 215.5588309838589 384.833339354969 -759.270907641038 398.48129154655817 132.72512426672498 351.6653231968647 -709.4732047930897 386.434808132967 130.99852057293552 387.316521854586 -739.9777348439094 425.9382527886402 214.1385314243725 430.1399716041347 -782.9332854524774 426.2676832291917 168.6471888921479 438.13342405617675 -785.9181499353286 385.661649385141 125.15950160725555 348.5553542183593 -722.4030464502005 381.5036726299941 94.1293283865001 371.9338283617974 -745.4897014936718 411.0147643331155 159.41103637214795 431.610620028469 -773.2369497848135 398.32701688022985 109.0528237483439 415.8688179973971 -777.5333497182937
1020.0048855897958 0.6950511823979845 0.6950511823979413 0.6950511823979401 1.3901023647960338 1.965901617381293 0.6950511823978989 1.3901023647959279 1.390102364795904 0.6950511823979526 1.3901023647958266 1.5541816916835007 1.3901023647959094 0.6950511823979423 1.3901023647958168 1.5541816916834459 1.3901023647959498 0.6950511823978859 0.6950511823978278 1.3901023647958546 1.3901023647959243 0.6950511823979334 0.6950511823979113 2.8657694402372877 0.0 2.1979448267708164 0.0 1.5541816916834914 1.3901023647958777 1.5541816916834323 1.3901023647957615 0.0 1.3901023647960127 0.6950511823980261 1.5541816916834037 0.695051182398027 0.6950511823980247 1.390102364795961 1.5541816916835358 0.695051182397969 0.6950511823981441 2.8657694402373317 1.3901023647958641 0.0 1.3901023647958701 1.5541816916833884 1.3901023647959208 1.3901023647959005 0.6950511823977793 1.390102364795977 1.3901023647960005 1.9659016173814194 0.6950511823978086 1.9659016173813155 1.390102364795933 1.9659016173812802 1.390102364795908 1.3901023647959427 1.3901023647958304 0.6950511823979855 1.390102364795856 2.8657694402372673 1.3901023647958792 0.0 1.390102364795992 0.6950511823979384 1.390102364795852 0.6950511823979985 1.3901023647959125 0.6950511823980486 0.6950511823977996 1.3901023647959974 1.3901023647960744 1.9659016173813595 0.6950511823979073 1.390102364795873 1.3901023647960224 1.3901023647959112 1.3901023647958486 1.5541816916834348 1.3901023647959572 0.0 0.6950511823979243 2.8657694402372873 1.3901023647960917 0.6950511823979356 0.6950511823979756 1.3901023647958959 1.3901023647959236 0.0 0.6950511823981554 2.86576944023719 1.390102364796037 1.3901023647959854 0.6950511823979718 0.6950511823980424 1.9659016173812536 1.3901023647959654 1.5541816916834839 0.6950511823978708 0.6950511823980815 1.3901023647959976 2.8657694402373117 0.0 0.6950511823979101 1.390102364795935 1.5541816916835396 1.9659016173813326 0.6950511823981464 1.3901023647959831 1.3901023647959152 0.0 1.9659016173813761 1.3901023647959785 1.3901023647958166 1.390102364795851 0.6950511823980804 1.3901023647959263 1.5541816916835265 0.695051182397927 0.6950511823979004 1.3901023647959618 1.3901023647958823 0.6950511823978875 0.6950511823978591 1.39010236479585 1.5541816916834645 1.3901023647958575 0.6950511823979588 1.5541816916834177 1.3901023647960595 0.6950511823979381 1.390102364795773 2.8657694402372837 1.3901023647959339 0.6950511823979612 0.6950511823977937 1.3901023647959445 1.5541816916834923 0.695051182397932 0.695051182398005 433.10068610166195 202.94581705737411 351.1461791484916 -713.2176837190707 439.837896898835 222.25094637202318 416.22793711809146 -769.7631030905669 403.64620750179944 161.4868653948035 426.57541576401167 -771.9340606241938 398.91510445190437 136.61642191887645 427.94228381651953 -779.4650205469111 390.8850956027546 106.11357554552987 444.5195179746696 -782.1490826581313 397.79048694978025 148.8261127474503 387.5270721097452 -732.334084970148 415.37856743377927 180.96405244605583 336.70390649438383 -704.3837426552702 412.64872623387134 184.55592097090494 403.658815027576 -766.4652884804722 403.39167775136485 122.55968559950674 381.8242542697815 -743.2924272595237 412.8506309494056 135.39419330169216 393.50594345851664 -763.8890772817177 432.5828288084483 208.71622585203895 396.9367590923849 -749.4870931124498 392.49830158506336 136.47738236047937 344.1969496519005 -705.4357694824188 414.323831634302 169.4043575510733 394.8931640511092 -730.0308143707631 379.58587949335606 101.97810158046123 407.8529157444125 -756.4252086304135 413.1557552293125 174.270470446467 352.9296420355326 -705.3189174496076 377.643455659205 84.72983056434956 370.594285018851 -716.3241455278709 406.0223007900843 117.52586903036507 421.53814754110266 -759.8157253245403 389.23142018564073 119.01465653605607 408.87228476299157 -749.943096409713 399.3917188387952 115.01739760339429 428.80411159636674 -760.4256606695816 407.3793627922601 130.88052910288124 358.63961437210384 -725.4050330862843 403.65874227762515 150.26042618234092 350.0559085227199 -727.0640378223337 381.3226760775302 108.56738101666572 376.89482220687904 -713.3741179808818 418.20772631958266 166.89298972039188 401.26116768737546 -754.005284320029 432.17968566774863 220.21792826270027 384.2493552596397 -751.5607435250088 410.8554932838168 147.06733118432854 409.3519905309921 -773.0695808779177 374.09312823863246 99.93131964724115 409.6145791608103 -761.1645169298796 390.3031831047005 124.75347323764501 376.89585954076915 -740.2308655592612 367.8087534619978 88.91398555852115 348.3714223060733 -708.4342462178779 405.4898910172794 140.9703645237706 367.8595413556295 -730.8693616507979 425.00036951200326 178.1127716127381 414.3442968198687 -742.9967479994885 424.71611608170883 189.4895696214436 381.79985839250213 -735.9578412689228 383.6162020491808 115.64486178017025 375.75853186128694 -731.618855342482 419.12017857306563 188.24047628238904 399.80815883510553 -739.4878654247792 396.28075431450395 119.89261421458583 365.8715558092537 -721.4189205090845 398.8066466841341 126.2013678720047 362.3887581014531 -717.6563128573046 400.2423247682988 144.61448274971278 357.01318319425775 -735.5326064536661 374.03344524277605 93.41320200599844 393.1512781205787 -754.447062300399 408.5432140654167 167.54276733689872 456.7502315372304 -784.7058158116228 379.79884936240205 96.70807787368457 380.60864271144993 -748.0090030478094 371.78615826790013 86.66804696223716 392.2789500930832 -735.2838233943191 418.9049567726164 202.86855800603044 372.1181308726163 -727.2875696567891 394.0622464073489 142.8072137097805 451.9576825610849 -782.5956377834734 428.0210995933081 196.0873200543292 341.0565496705567 -711.6864402310323 410.48768074342735 125.01659278644861 359.0679500570308 -730.4547281384544 409.3916916456414 177.24661706518293 407.27798978251207 -745.5040929205852 387.02910528329204 136.97569105688038 417.18482778323107 -764.0642604346577 392.0816173156622 101.04591356416306 400.40625973365735 -744.4659521213185 385.58453819758967 95.78365464853137 339.32922629624807 -699.9596522801849 390.5344027964016 130.5155113667678 394.04168864008915 -742.786708647144 416.8762406077998 161.25611649860693 414.11397238515724 -753.0262131773515 421.9610870555994 194.3103617136027 363.14861475304065 -707.1896779002886 402.98504975396406 155.817617069493 365.1147205224511 -740.4372697123298 387.12581596246633 111.89662071813788 437.45026797363056 -778.4173416177528 409.6626032054901 162.1969281163439 354.3368194564231 -717.8098533901436 412.58578696369136 141.74880385497227 364.1039300580008 -736.1659981623956 397.91650435750137 156.49580821975732 343.7566350016956 -715.2563090375046 416.4497424840061 153.0100802437073 390.62369321551984 -747.0312710639483 436.9251993328254 226.21733030114387 401.12952112167807 -762.3784510390993 422.542189060666 200.1704259202338 367.5853680312354 -712.4603603931267 393.3044380255688 113.68157159302154 359.7327390287194 -712.1831785508601 425.3035612522441 206.31938923097397 373.85471940839034 -723.0770921456865 430.3005082688158 214.03015196893955 386.1684792311331 -759.9774027619007 396.2172480126379 130.08150750292825 355.8919312204165 -709.1005093648126 385.1241303556459 128.51168113907852 388.7876247027837 -739.4733436165827 424.0737011095903 211.10583517543353 433.1522606467166 -782.2486487036444 424.9163922672591 167.80397072574664 441.31688438896555 -785.9862947380698 384.23641613062244 121.71379943299681 350.1897818435708 -722.9631459652865 379.6610415137102 91.08326410045983 373.866519953509 -745.3113213456426 409.30127304629434 156.23713946301817 433.8784297348949 -774.503381823236 396.7382519369175 106.83223605299763 417.46056126367483 -777.5694174223208
1030.0048855897958 0.6950511823979308 1.3901023647958994 0.6950511823980129 0.6950511823980348 0.6950511823979126 1.3901023647958999 1.3901023647959687 0.6950511823978428 0.6950511823980225 1.5541816916836049 1.3901023647960298 0.0 1.554181691683534 1.390102364795955 1.554181691683479 1.3901023647958966 1.3901023647959518 0.6950511823981338 0.6950511823979193 0.6950511823980754 0.6950511823979801 2.865769440237348 0.6950511823979183 1.390102364795761 2.865769440237298 1.9659016173813857 0.6950511823979473 0.6950511823981598 1.3901023647959545 0.0 1.5541816916834985 2.86576944023718 1.3901023647959945 0.0 0.6950511823980327 2.8657694402373686 0.6950511823979986 1.5541816916833604 1.3901023647959119 1.390102364795894 1.3901023647959074 0.6950511823979397 0.6950511823978985 1.737627955994897 1.3901023647959498 0.6950511823978753 0.6950511823980225 0.6950511823980514 0.6950511823980173 1.3901023647958726 1.5541816916834588 1.3901023647958923 1.9659016173813546 1.3901023647959827 0.48653582767857645 1.3901023647959825 0.6950511823979473 1.3901023647959494 1.3901023647959958 0.0 1.3901023647959534 0.6950511823980436 1.5541816916834483 1.3901023647959685 1.390102364795967 0.0 1.3901023647958834 1.390102364796016 0.695051182398052 1.390102364795929 0.6950511823978766 1.3901023647959125 1.3901023647959936 0.6950511823978415 1.3901023647959398 0.9730716553572294 1.5541816916835087 0.6950511823978611 1.5541816916834847 0.6950511823980253 1.554181691683445 1.3901023647958892 1.3901023647959057 1.3901023647959394 0.6950511823979789 1.3901023647960211 0.6950511823980158 0.6950511823980428 1.3901023647959379 1.5541816916836055 2.865769440237298 0.6950511823981386 1.390102364795969 0.6950511823980537 1.3901023647959194 1.965901617381132 1.9659016173813346 1.3901023647959698 1.3901023647959543 1.3901023647960264 0.6950511823980062 1.5541816916835065 2.865769440237332 0.6950511823978431 0.6950511823979078 1.5541816916834492 2.8657694402372593 0.6950511823981512 1.3901023647959432 0.6950511823977771 2.8657694402373233 1.3901023647959911 1.3901023647958644 0.6950511823980373 2.7802047295918504 1.3901023647958564 0.6950511823979137 1.554181691683563 1.9659016173813546 2.8657694402372185 2.86576944023732 0.6950511823981498 0.0 0.695051182397937 1.3901023647959765 0.0 1.5541816916834563 0.6950511823979105 1.5541816916834872 0.6950511823978983 1.3901023647959678 1.3901023647960193 1.9659016173812591 1.5541816916835114 1.3901023647959487 1.390102364795996 1.965901617381367 1.5541816916834 0.69505118239793 0.6950511823978905 432.8414708756365 202.12218881724334 354.2282862570419 -712.8881800903621 438.13101122837907 217.99115244521028 418.48746581949734 -769.250522121677 401.6474030583917 159.12378527306512 429.33954929446776 -771.9013896835347 397.44102406061023 135.3547668891231 429.02914456722584 -779.0201678873136 389.2720214702077 104.98455048691294 447.66731758203883 -782.0533816206513 395.25959359105525 145.9034868466653 389.12056813729686 -732.377956538135 413.51440413693894 178.47091034675222 340.60838478170535 -704.4317780224038 410.2492881853732 181.50651448658425 405.83398318891375 -765.5789268075035 401.3596587420814 121.83142589339265 383.6686767491817 -742.6950277087573 411.2483738435361 133.72064314414163 394.2612274132043 -763.7208624492425 431.10177300579346 207.46259640608008 398.94663440149947 -749.6301593633494 391.2003852738352 133.44423932184804 347.9080405099251 -706.6122277009509 412.3231835342953 167.04286013678524 397.363703134679 -730.4673277212868 377.87043682623545 99.34458953579211 409.0255888729433 -756.35787895213 411.96788311201414 172.19921455319474 355.3120864611103 -705.4955752594486 375.6488608236103 82.36308016938065 374.9484301844102 -716.4213240633876 404.82760703248607 115.99701516409863 424.38780524371725 -760.1583460989691 388.87436028423537 116.685179253503 410.88308201232695 -750.0817754462822 398.32435346296506 113.90091541241023 431.40531892947183 -761.4197560325387 405.37112558785464 129.06119657283793 361.67726180324837 -724.8468959176913 401.5333822743472 147.48379944840835 352.3340295393841 -726.6791767455388 380.2927296591734 105.81289700769207 379.9706523400226 -713.1327135025751 416.7417443848104 165.08861689623927 402.59838106841966 -752.9128888319669 430.863237281187 217.1926490984088 385.339314342128 -751.126312486042 410.4720614857108 145.8301177718617 411.5263560312238 -772.1810701388404 371.70456535128824 96.87284932771706 410.95065591210357 -760.070748640727 388.726804989253 121.98689194218221 379.1596436540867 -739.7463741181454 364.78990661473034 87.15213287159362 351.6266124718803 -709.2558862563261 404.42185483361254 139.85484492801382 370.9242084344741 -730.4556735674329 423.39357240342576 176.44393161509402 417.031018499892 -744.3668574744789 422.978865798949 187.40992761219343 382.9739423213848 -735.8994809455113 382.16742877063456 113.29061440943534 378.1849101846111 -731.8929785150611 416.7186995322105 185.192506620546 402.8212843113959 -738.8094233339617 394.56486140491575 117.25947602346912 368.15068767760596 -720.984598470991 397.0779465552322 124.11452271754479 364.24942228356423 -717.1109316813792 399.62817869163393 141.46042750320245 358.52907508789696 -735.2472743806995 372.02645195439027 91.59239555486349 394.9518355553701 -753.6512684139872 406.9498186503802 165.32566322409022 460.4167485283969 -784.4686027177162 377.81664045455267 93.79539118593691 381.9541573392166 -746.9294434795523 369.22082460649995 85.38078423196013 394.5391362215895 -734.7818855154471 417.3047348114355 200.65567772212847 375.06607283764754 -726.2884342880462 391.54417488015963 139.3379693483122 454.6399420205833 -782.2108603729084 427.63310923043423 194.85161295829656 342.0848812594449 -710.7501398555992 408.2006327766582 123.46382354413237 362.4459080929423 -729.6250323038926 407.0043013150325 173.64960628978773 409.41652756038815 -746.208185737122 385.2761803042205 135.98058977852662 418.64844495315054 -763.5342107825243 389.6558380154708 99.62530907867294 403.1285467997447 -744.2497887446066 384.26305862899716 93.84186891423948 341.71975386618345 -700.4062378296657 388.6909053787639 127.4700118314957 397.0968835363026 -742.3028634360473 414.7369246427056 159.02756824436946 416.3735375826719 -752.5138475596187 420.7791750350478 191.69444021298168 366.8094981579873 -707.87088829443 400.85882144710774 153.0412188206442 365.83505168347665 -740.0965505044443 386.19824987197717 110.64660911622344 440.72101284509233 -778.874739597451 406.98966238058296 159.410471310687 355.7246279019866 -716.776793271035 410.576667879709 139.93044430165912 366.86846513174805 -736.2063485823722 395.38450336560265 153.57361902102932 346.04409437171284 -714.8952439738929 414.5677051793291 151.60509366189171 391.46079309186445 -747.2433678900517 435.6165414634096 222.64617614171377 403.6392357353094 -761.2194100885469 420.9418083125709 197.95732175714073 370.1560974089419 -713.5303939615602 391.7283536124821 110.9147746448186 363.1849820238026 -711.7286196835976 423.4343962669008 203.8296505953942 376.0415468278974 -722.2235853211057 428.7077642512259 211.27304728048452 388.0961811284705 -759.7507740534218 394.74321670341993 128.81964016083444 359.1574623221346 -708.7053481523038 382.7349396746128 125.45382503443392 390.67160915819807 -739.0571316008026 422.4729456100813 208.89400401328464 433.95035984619375 -782.2654555957201 423.31030668286957 166.1338545118513 443.3689534270143 -786.3214183922854 382.50829934426014 119.62639476397156 351.7387361240793 -722.8917603364233 377.53305773037863 88.57693007814831 375.63646141207937 -744.3418763363853 407.0358274821479 153.5950459802415 436.5639546304075 -775.8790722829893 395.1251462701497 105.70324944120517 419.38593288689816 -777.3304011985704
1040.0048855897958 0.6950511823979418 1.5541816916835025 0.6950511823979848 1.390102364795935 0.6950511823980109 0.6950511823978062 1.3901023647959267 0.6950511823981719 0.695051182397976 2.865769440237229 1.9659016173814106 1.965901617381468 1.390102364795998 1.3901023647958144 0.0 1.3901023647960307 0.6950511823980241 0.6950511823978374 1.3901023647960056 0.6950511823981534 0.6950511823980494 1.5541816916833953 1.390102364795894 1.3901023647959705 1.3901023647959347 1.5541816916835007 1.3901023647959125 0.6950511823980564 1.3901023647959567 1.5541816916834867 1.554181691683507 1.3901023647959942 0.6950511823979234 1.3901023647961352 2.865769440237318 1.3901023647959654 0.6950511823979216 1.3901023647960538 2.8657694402373624 0.6950511823978391 1.3901023647960231 1.390102364795939 1.5541816916834668 1.3901023647959225 2.865769440237368 1.3901023647958997 0.6950511823979826 1.390102364795938 0.6950511823979652 0.6950511823980534 2.8657694402372567 0.6950511823978893 0.695051182398016 0.6950511823979333 1.9659016173814037 1.390102364796027 1.3901023647959008 1.390102364795918 0.6950511823979529 0.0 1.3901023647958743 2.865769440237303 2.865769440237265 0.6950511823980311 2.865769440237301 1.5541816916835225 0.6950511823979083 1.3901023647959827 1.554181691683493 1.3901023647958455 0.6950511823979693 1.3901023647958897 1.3901023647958832 0.6950511823978288 1.5541816916835243 0.486535827678514 1.3901023647958966 0.6950511823978843 1.9659016173813255 1.3901023647959936 2.8657694402373437 1.3901023647959385 1.965901617381307 1.5541816916835944 1.3901023647959414 1.3901023647959423 0.6950511823980429 1.3901023647960296 0.0 1.3901023647958375 1.3901023647958752 1.3901023647960433 0.6950511823979341 0.6950511823980535 1.3901023647960038 1.5541816916833617 1.3901023647958823 1.3901023647958533 0.695051182397976 0.6950511823980917 1.3901023647959971 1.965901617381467 1.3901023647959272 1.390102364795926 0.6950511823979427 1.3901023647959054 2.865769440237224 1.3901023647958433 1.3901023647959823 1.9659016173812371 2.8657694402371887 0.6950511823977852 1.390102364796019 0.6950511823978404 1.3901023647959745 0.6950511823981651 0.6950511823980092 1.554181691683387 0.6950511823980118 1.390102364795876 1.5541816916835123 0.6950511823980556 1.3901023647959116 1.3901023647960424 0.6950511823979482 1.3901023647959723 1.5541816916834748 1.3901023647959125 0.0 0.6950511823979983 1.3901023647958985 1.3901023647958288 0.0 0.695051182397949 0.6950511823979997 0.695051182397803 2.865769440237223 1.554181691683475 0.6950511823978941 1.3901023647960515 431.10499881838916 200.0420642005567 358.31483247043474 -713.6506395623974 436.65107312866456 216.7363860479348 420.2460970443826 -768.269204298775 399.51121946470334 156.89234964902613 431.26798831505715 -771.6835628526838 395.5854540032321 132.85506175711353 430.1998376596446 -778.9674435557063 387.67137216434463 103.30954113548715 450.01894138297087 -781.9939554842981 393.264173769825 143.53738629004903 392.3040291605434 -732.4559796534372 411.94421209057685 175.1609873984815 342.8234429272434 -705.8065825484276 408.79559636520946 179.154808239916 408.84766132614783 -764.900679802337 400.5592426485707 120.99400613208961 385.84531983942145 -741.8141122617309 408.8343253113895 131.75495981125513 395.76818087860755 -763.3816627301936 429.7812454494298 204.98092975545586 401.8753149930062 -748.574295321242 389.34496918822356 130.94442625731128 349.87368567150503 -706.6256169417724 409.4079355417665 162.8840349595606 401.7196158721696 -730.4747353701746 376.0154242619469 96.84445574302565 410.53122595536286 -756.0180253862445 409.99275809374296 168.74369239186254 357.8498982183631 -706.3704037783258 372.9811361103582 79.57137463956805 378.4660551169907 -716.2529745580147 403.48124631847907 115.14726270835466 427.6892517397555 -760.8169873099971 386.0793448245579 113.48101127545284 412.6819135872271 -749.2815346634693 397.53632256423157 112.51753315174263 433.3998892842474 -763.3596446910412 402.93275371715356 128.1870559624505 363.4529470195978 -723.8934825624488 399.3980713211416 145.25151559909415 356.6495265114758 -726.6197175686913 377.76458085987446 102.88781294008982 384.2438881900284 -712.7914036559865 415.02236959786035 162.45748127524894 404.0201716041765 -752.196502062888 429.1249480782516 215.11394573625103 387.60003571520474 -750.6203989593271 408.87030442097114 144.15626464318433 413.9557292318412 -772.4282029010732 370.01393539283254 93.14744116334843 413.2123920577957 -759.5630959856448 386.4652560171996 119.34112976495985 381.3390502545897 -738.868774557625 363.7352148367313 85.48950762292822 353.7773124243562 -710.2222464372619 402.9601493439586 138.04700711485015 372.7710736133818 -729.859840560369 423.0090759232024 175.20723927455518 420.0494605231061 -745.4710659132301 421.51284716586224 185.6052911603913 385.82027569681037 -734.4716307297924 380.1851998719618 110.37793842022157 379.6930989559322 -731.559734130531 414.7297614608308 182.2842642304904 406.8426106690028 -739.0894667349762 392.81218138772726 116.26390155019753 370.3362344112924 -720.1259900968383 395.4894525440991 121.89374697683127 366.39981083204964 -716.070830198214 397.89967425439056 139.37344037930902 359.6997987827347 -735.1979706177241 369.6564945338861 87.71500324870921 396.28916740769364 -752.5584917200949 404.266981333471 163.08309731931948 464.30017148377004 -784.0303152550529 375.415686482851 91.28285814032607 384.71901307349805 -746.907566206049 368.21572518096974 81.53438688814148 398.43351797337874 -734.4987021064975 415.5804305972338 198.0275665290943 377.2880680753087 -725.6055059733762 390.76816599487984 137.4087526881232 457.232686452091 -783.4933530125547 425.3412356397072 193.30565814871818 345.1255083735996 -710.1967367791136 407.3878165420409 123.17247411633942 364.7141502364793 -729.1540163031964 405.42378419819545 170.88516309951208 413.2251556889475 -745.5489817489515 384.7918016734434 133.2385815855518 421.41323483350925 -763.5138698042265 387.5092525097628 97.93789670210904 404.63537341311917 -743.9094165227702 382.25606306038173 92.0210646807995 344.65774485322964 -701.4407693431906 386.56888192267644 124.69085973289512 399.31472442212527 -741.605531750849 413.00663661111145 156.94211368707937 417.8786896937745 -752.1766472787683 417.7073967386547 188.21984843655474 370.36722416686587 -707.913229078559 399.1295792712462 150.9546852411 367.225647412188 -739.2092034328192 383.9616329548905 106.90883025306643 444.09130457600094 -779.9598082756388 405.8180427103243 156.79021542612315 359.39868601558123 -717.4206188690241 409.533251979321 137.72239098285976 368.97338942045826 -734.966113366711 393.139874521246 150.10982416472217 347.2159305009624 -714.8698089140389 412.6868212371655 150.19841869633692 393.97116559285894 -746.0852533085691 434.4233854054346 220.57754735386217 405.6491883077246 -761.3595988203664 419.5060860079021 194.516193671308 373.3784279224301 -713.8300228368292 390.5340442403123 109.3855740284336 366.8218408733511 -712.1565648299436 421.7090111636555 201.20239498591653 378.6401121132377 -721.4602939308619 426.57355278976667 208.503165905486 390.1071354051874 -759.8946173850459 393.7005906775801 126.61122759578346 361.7333495228768 -709.7608380457663 380.86742646400097 123.49972390603158 393.01700752287115 -738.9266415248793 420.4685220474022 206.53523687355795 435.1240145760813 -782.2124395302038 421.1496379439603 164.99603175458364 445.2591325905955 -785.9442386853028 380.5136352991768 117.25970367651522 353.74334929448213 -723.0892025750007 376.09680373835226 85.6766347802164 377.81658625380135 -743.4659891318735 405.45818542330517 150.82921867482818 438.5466760133535 -777.8402114825047 394.45200929350904 105.27830766252833 420.98063192042565 -777.3781526047363
1050.0048855897958 1.3901023647958721 1.390102364795955 1.3901023647959718 1.3901023647959543 1.3901023647958963 0.6950511823979867 2.86576944023732 1.3901023647959363 0.6950511823980282 0.0 0.0 1.3901023647959412 1.390102364795877 3.1083633833668602 1.390102364795877 0.6950511823981349 1.390102364795865 0.6950511823978792 1.3901023647959663 0.6950511823980142 0.695051182397908 1.3901023647958306 0.0 1.9659016173813142 1.3901023647959263 0.0 1.3901023647959458 1.3901023647959192 0.695051182397865 2.8657694402372424 1.9659016173813086 4.170307094387746 0.6950511823979718 1.5541816916834281 1.3901023647959811 0.6950511823978084 1.390102364796009 1.5541816916834084 1.3901023647959303 0.6950511823980982 0.695051182397986 1.390102364796039 2.8657694402373144 1.3901023647958413 0.6950511823978881 0.6950511823980262 2.8657694402372202 0.6950511823977942 1.39010236479596 0.6950511823979606 2.865769440237237 1.3901023647958393 0.6950511823980151 1.3901023647958586 1.3901023647959814 1.9659016173814496 1.55418169168348 0.6950511823981121 1.3901023647958908 1.5541816916834121 0.6950511823979086 1.390102364795991 1.9659016173812458 1.3901023647960304 1.3901023647959332 0.0 0.6950511823979005 0.6950511823980283 1.3901023647958946 0.6950511823978384 1.965901617381333 1.3901023647959356 1.554181691683509 1.390102364795961 1.965901617381417 0.9730716553572294 2.865769440237248 0.0 2.865769440237289 0.6950511823978783 1.3901023647958954 0.69505118239813 1.3901023647959168 1.5541816916834164 0.6950511823979308 2.865769440237248 0.6950511823979247 0.6950511823979102 2.865769440237334 0.0 1.5541816916834734 1.3901023647958692 1.9659016173813242 1.3901023647959816 0.6950511823979549 0.0 1.3901023647958834 1.3901023647958541 0.6950511823978911 0.6950511823980853 1.3901023647958866 1.3901023647957584 2.865769440237277 1.3901023647958695 0.6950511823980171 1.5541816916834026 1.3901023647958746 0.6950511823979239 1.3901023647959336 1.390102364795898 2.8657694402373446 0.6950511823980605 1.3901023647959905 0.6950511823979373 1.3901023647959196 1.3901023647959385 1.9659016173812938 1.5541816916835376 0.6950511823980374 2.1979448267706783 2.865769440237244 0.0 1.3901023647959871 1.390102364795928 0.6950511823979107 1.5541816916835145 1.3901023647959405 0.6950511823979464 1.5541816916833986 1.3901023647959756 1.390102364795897 2.8657694402372105 1.3901023647959747 1.3901023647959585 1.9659016173813495 0.6950511823979155 1.3901023647958775 0.0 1.3901023647959534 1.390102364795952 429.499798666398 198.37153317403985 360.87848443609164 -712.7138473870883 434.27132277797017 212.59512670705007 422.59343882306763 -768.1772508166421 397.9343717920295 154.1259704080149 434.3705212622897 -771.4607602819992 393.3238813074693 130.20930821390084 432.05666740937596 -778.4055645336606 386.22271540584234 100.95519184872622 454.05933943184596 -782.6336518968438 391.26925603888225 141.17087780245322 395.3998193970116 -732.1597670970182 410.88771819245653 173.49962797811867 345.665338521456 -706.2172363222935 408.02979521231543 176.68037240915908 409.9409573115039 -764.4681256798111 399.23769554023636 119.05226314409973 386.26422785195217 -741.9180142610139 407.1062212472489 129.6676498612155 396.9409125179081 -763.3203372009178 428.8501600758269 203.73381884309705 404.097275671535 -747.8892763490948 387.4898377377706 128.44438022595563 353.3146300537062 -706.1067568030354 407.4119076627939 160.51841819534076 405.11319647355214 -731.5053819201579 373.62686941653686 93.78597832295236 412.46174654812984 -755.8003735350486 408.79728830088294 167.21516557732895 361.12376241063555 -706.4610566332005 370.3134114309212 76.77966908255091 383.0522294860566 -716.4218107390594 401.72858200224516 114.15163128529045 430.48798319650786 -761.0379090627994 384.363898497233 110.84750223901284 415.0257403371784 -749.1687211828214 395.5292922148376 110.69676786213681 436.1898886658538 -765.5666319723845 400.5192151218172 126.2206837668179 364.79951087325367 -722.812053074326 397.26344313220477 143.01859387637674 358.57766705281574 -726.4066677762121 375.64279774311643 100.10850648179171 386.9673786757687 -712.5826840110464 413.42051749100796 160.78372436997185 406.2831900468342 -751.6987562471992 424.93902430352665 212.71099352807522 390.196145332431 -749.8431363953168 407.14195272661834 142.0691397139822 415.8048599463711 -771.8360862880917 367.72777217393764 91.59340613813504 416.05763730122834 -759.940337603852 385.96886873291237 117.14496735372968 383.0973722366682 -737.8833352685459 360.92790488293014 82.83118829634107 355.7432956222141 -710.2024789206533 401.62609780450475 136.6513539151429 374.19620576575824 -729.1492738924765 421.12781208477213 173.80110598308363 423.8482986452667 -746.6452774069709 420.5950066101527 183.81094962493688 387.5782790281538 -733.4849488603928 378.4449747376295 108.83630501951956 380.6975534097826 -730.7424312359545 413.54507379700476 180.21049368782164 409.3544694694577 -739.7244170339094 391.24248377539243 113.22404390725734 372.5992558394183 -719.6292587921182 393.5071592834954 118.98111716130492 369.20342406466443 -716.2505127562234 396.32351308828123 136.60672378802323 362.4635819092194 -735.1917232627017 366.44282680269833 84.91089963963441 398.6349362721634 -752.4340843179632 401.86469342339666 160.57176536820717 467.48101390125464 -784.0508556920946 372.49358701152113 87.66603939698552 387.06404432824127 -746.7789689428777 365.5480005039712 78.74268132884094 401.0729634841941 -735.6914058856657 414.9513643807978 195.4202518601804 378.6284158485927 -724.5166135220675 389.19208862303583 134.64199902520826 460.19993313532507 -784.7271130788271 423.8646649673589 192.04667014227158 347.85081898942195 -710.0321230095489 405.65982290352696 121.08504245209356 366.38745981651033 -729.5819312911134 404.24026483208917 168.81076365931568 415.4867315813733 -745.0594138978056 382.68225622518884 129.91343422525213 423.34295092925623 -763.3088305676808 385.26028090095434 94.74603453612876 406.6016324626219 -743.874508146789 379.7155247720595 89.64191671010396 347.1186376045633 -701.927683645556 385.10778994157675 122.88249364406289 401.91083157554795 -740.8332186197692 411.2776434321641 154.85531216764525 419.12806074577105 -752.5048585445231 416.25510782097047 185.86809029857227 373.6330929704235 -708.3817664732305 396.6006630305288 148.0302415306497 369.02893549290957 -738.4175215505334 381.68786186037966 104.80885776311007 446.41582235167886 -781.8825490427523 403.83474112375217 153.87834032968266 361.7466208146296 -717.3117068224961 407.9200230176414 136.5936815707505 370.7339364116662 -733.9833191472192 390.86568585253934 148.01024706399576 349.7455161437042 -713.7611663421302 410.27277953585354 148.23270481659745 396.73475805084286 -746.0633194801032 430.96243911933504 215.86919196442304 407.9131354669208 -760.8647405541368 418.7269974443507 192.588508917606 377.39827981026394 -714.1290496917462 388.5394326796502 107.01883792130138 370.15130846851304 -712.0234781190524 420.6617136421905 198.9958078179713 381.1947071238637 -720.4971483000262 424.82917579344894 206.96640118021293 391.1126470806332 -759.0776628341597 393.0645587051137 124.5484632760151 366.87101254234153 -708.851115588491 379.5583211045602 121.01201595554572 395.48788677396624 -739.3643070999485 418.8970935964329 203.22616103609047 436.9813485175606 -781.6548200908699 419.26854114237943 163.5894289257454 447.95189843880786 -785.6398925744041 379.31934541864337 115.73047183855527 356.38668196578845 -722.5299167367481 374.2417944596973 83.17649796221004 378.9051648559992 -743.0251648292274 404.8216627334658 148.76653534429835 441.3109019114569 -777.9108171949841 392.9909473836634 103.46990863630435 422.5731243481931 -777.4498654668737
1060.0048855897958 1.3901023647959547 1.3901023647959054 0.6950511823979867 1.3901023647959683 1.5541816916835038 0.6950511823978416 1.390102364795918 1.3901023647958672 1.3901023647959985 1.3901023647958966 1.3901023647959092 1.5541816916833855 2.865769440237258 1.5541816916836024 0.0 2.865769440237297 0.6950511823980227 1.3901023647959005 1.3901023647958906 1.3901023647959039 1.3901023647958728 1.3901023647958537 2.0851535471938756 0.0 0.695051182398068 1.5541816916834832 1.3901023647959254 0.6950511823978467 1.3901023647959294 1.5541816916834372 2.86576944023722 1.3901023647959603 1.3901023647958648 0.0 1.3901023647958648 1.3901023647958641 1.3901023647958888 1.3901023647958766 0.6950511823978884 1.3901023647959085 1.390102364795962 0.6950511823979393 1.5541816916834557 2.8657694402371647 1.3901023647959745 1.3901023647959527 0.0 0.6950511823979003 0.6950511823980273 1.3901023647959299 1.554181691683496 0.6950511823981074 0.6950511823979819 1.3901023647958168 1.554181691683466 0.695051182397861 1.390102364795978 1.39010236479597 1.3901023647959685 1.5541816916834703 0.6950511823978793 1.3901023647958808 1.5541816916834923 1.3901023647960187 0.6950511823980432 1.9659016173813038 1.3901023647960042 1.3901023647958397 2.865769440237207 1.9659016173813675 0.6950511823980183 1.3901023647959043 1.3901023647959672 0.6950511823977996 1.965901617381411 0.48653582767840187 1.390102364795922 0.6950511823979442 0.6950511823980312 1.3901023647960025 1.5541816916834565 1.3901023647959219 1.9659016173813395 1.3901023647959825 1.9659016173813018 0.6950511823978313 1.3901023647959554 0.6950511823980449 1.965901617381389 1.5541816916833597 1.5541816916835018 0.695051182397981 1.9659016173813317 2.86576944023729 0.6950511823979174 1.965901617381482 2.8657694402373055 0.6950511823979623 0.6950511823979387 1.3901023647959685 1.3901023647959645 0.0 1.390102364795989 0.695051182397949 1.3901023647959312 1.3901023647961275 0.6950511823979982 1.3901023647959116 0.6950511823979841 0.6950511823977997 0.0 1.3901023647957829 0.6950511823979543 1.3901023647959532 0.0 0.695051182397915 1.3901023647959212 1.390102364795821 1.3901023647958985 0.6950511823980466 0.0 0.6950511823979494 1.55418169168341 0.6950511823981657 1.3901023647959931 1.5541816916835876 1.3901023647959345 1.3901023647960118 2.8657694402372105 0.6950511823978922 0.6950511823980012 2.8657694402372984 1.5541816916834725 0.6950511823979743 1.5541816916834796 1.39010236479589 2.8657694402372935 1.3901023647958344 1.39010236479591 1.3901023647960011 427.23438191538764 195.72919197666516 363.2656395726637 -712.7831654852044 431.9815661331347 211.04631337056006 424.528736324335 -768.002071635795 395.533112075633 151.6137114619392 435.2706524290489 -772.0784513533285 391.45642826001495 128.25516019119328 433.1608014646579 -778.0033617529194 384.1009321891868 98.17588541713005 456.09075732908286 -783.0540663877557 388.880567670192 138.11251116614255 398.4079784839015 -733.2925343674711 408.6370845473805 170.30884751507762 348.18765097827065 -705.0823435313796 406.16122782522206 174.72721651624983 412.2888071654735 -764.3834168746436 397.61225376270284 118.46914392923287 387.7752724103999 -741.5889730119394 405.5055076357093 127.99270140562182 399.20617414886897 -762.8416953693344 427.3973681017612 201.38217061486426 405.987136823484 -747.4965664801348 385.3618176407038 125.93808134101668 356.4140972068035 -705.8271157936822 405.0103630368477 158.0064470084091 409.05080085919707 -731.4714523998266 372.5969736626344 91.03146708346222 414.31545494527705 -755.2246921281923 407.09317629574986 164.0362028533676 364.8083085488329 -707.036188348257 367.3789142862105 73.70879296755055 385.8176249277782 -716.4076139803636 400.94064764651654 112.76818235650447 432.56256269501574 -761.6299764220164 382.22971391319413 108.61414187778068 416.91720762703665 -748.7908484388001 393.64947860647567 109.28852873269372 438.05866504932453 -767.1868686269064 398.9185248523255 124.54570981935224 367.56392291902426 -722.7961498875119 394.72272196450854 140.6396263886871 360.5877292754096 -726.5599852467161 374.06695876870174 97.34159728349253 390.9463072893444 -712.684666359551 411.69209335739737 158.696695220875 408.55145637750445 -751.22909495583 423.90389972084455 209.95843103323753 393.5930173153613 -749.1064510201867 405.9475100505192 140.54001151351616 418.07778464072067 -771.3856441602865 366.2915187731758 88.69311054505657 418.0670611483528 -760.1311257766686 385.47250804813496 114.94879994133422 384.18778719200435 -737.449119559876 358.6665379517849 80.18526705902607 357.7535654881219 -710.3573829043514 399.8981590020388 134.56386963683792 376.9186639068569 -728.9424773187845 419.8051716856565 171.8601062087749 426.4174329914034 -747.7210059537249 419.80579228531724 182.42819717492856 390.09623184345696 -732.3448542107619 376.5899638703041 106.33616900602178 383.4623799135551 -730.7268083417232 412.1189813740972 176.76510848981243 412.83837010567294 -739.4021194965674 388.7019327432463 110.84490855477465 374.52643837076886 -719.4009830757727 391.65212960227706 116.48099624214812 371.2550989298815 -716.5879904305725 394.18923615150914 134.37345819747506 364.2245672780579 -734.2110846118832 364.44823233597026 82.54414896085957 400.4834469870276 -751.8448142031924 399.0568509357598 157.91396100318522 470.4048888987338 -784.088890316506 370.91774832423283 84.89913005435314 388.1534466951388 -746.3449273846227 363.4138207624626 76.50931688143453 403.7564653832868 -735.3184363449536 411.72293283544946 193.16559881251234 380.6396098072996 -724.6653493850002 387.8829599262883 132.1542907541832 462.69193204876285 -785.4625911365456 422.69209257627165 189.42697374074524 349.57550931947975 -708.8728281515324 403.62801357696577 120.35617510300776 368.3978018196045 -729.7315431553541 402.66346278015243 166.0442578376075 419.0079953121378 -744.9426269277067 380.57282806346325 126.58821313753141 424.860899872335 -763.0144172764058 383.8116291116715 92.39168220228981 410.04385374707266 -743.358691902765 377.2773782328645 88.76721092640162 351.68841274979724 -701.1415286821308 383.8110996178841 119.84882044123697 403.91821842819814 -740.9971139905091 412.2668221324534 153.37544674858984 421.66598739870386 -751.4151646406098 414.41012263086304 182.82334955004154 377.1930974664966 -708.3843727858454 394.04754553198484 146.19729920110612 371.2084462420765 -737.5407812892518 379.8328511103525 102.30872202910055 448.5543923248088 -782.868577619702 402.5129456349015 151.936796190345 364.4277380485035 -716.9193197860757 405.65845946898116 133.9479515357516 372.9963158806503 -733.4832165048091 388.4521986334362 146.04382498340723 351.7149533024275 -713.7312428821904 409.7637646622651 146.58254642543724 399.75719659959964 -745.4210790676705 429.7538386213718 214.8885628079363 408.32905582198566 -760.975099588191 415.8011173667258 188.9749047297281 379.4926437119175 -714.6544838114525 386.9635879010878 104.25193196021927 374.21330754225653 -712.5096508020899 418.0136727155849 195.11578563203418 383.9193969539537 -720.2930734955327 423.52744472758513 203.9348954216617 393.6341485456503 -757.9410042310017 390.7783673630014 122.99446849825675 370.2204700854855 -709.6939115530381 378.2616403316456 117.97834120868585 397.8346493123594 -739.2555926234498 417.31755949032777 200.46129124199373 438.9504511202105 -781.6825550605429 418.2130930598044 161.92730905002244 450.4376109650032 -786.3724171947031 378.7081967423113 112.57580400787995 357.058894803513 -721.9882867879443 371.7260531288368 79.70546316201892 379.57759314561565 -742.4820452231919 403.77911551539705 146.55805002754187 443.7614372066457 -778.4465571459372 391.3903092382628 101.79488815389188 424.92173727877525 -777.3904978612899
1070.0048855897958 2.865769440237278 0.6950511823981638 1.390102364795993 1.3901023647959665 1.3901023647960216 1.5541816916834965 1.3901023647958846 0.6950511823979999 1.5541816916835176 1.3901023647961017 1.5541816916834519 0.6950511823981496 1.965901617381341 1.3901023647957838 2.8657694402373144 1.3901023647960178 1.3901023647959774 1.390102364795882 0.6950511823979965 0.6950511823977762 0.6950511823980021 1.5541816916833693 0.6950511823980389 1.3901023647958026 1.5541816916834805 0.0 1.3901023647959365 0.6950511823980191 2.8657694402372997 1.390102364795744 0.0 1.390102364795903 0.6950511823980439 1.55418169168336 1.390102364795886 0.6950511823977928 1.390102364795869 1.3901023647959405 1.3901023647959405 1.3901023647960276 1.3901023647959165 1.3901023647958946 1.9659016173813622 1.7376279559950303 1.3901023647959982 0.6950511823980221 0.0 0.6950511823981155 1.3901023647960042 0.6950511823981478 1.3901023647959718 0.6950511823980561 4.170307094387826 0.6950511823979255 0.0 1.3901023647959247 0.6950511823980116 1.3901023647958677 0.6950511823980475 1.5541816916833926 0.6950511823979867 1.3901023647959945 1.3901023647959234 0.6950511823981149 2.8657694402372598 0.0 2.8657694402372664 0.6950511823978307 2.8657694402372464 0.0 1.3901023647959334 1.3901023647960422 0.6950511823979183 1.3901023647959796 1.3901023647958728 1.3901023647959332 0.695051182397974 1.3901023647958666 1.3901023647959383 2.8657694402372402 1.390102364795926 0.6950511823981042 1.3901023647960262 1.3901023647958761 1.3901023647959605 1.3901023647957897 1.3901023647959065 1.3901023647959638 0.0 1.5541816916835043 0.0 0.6950511823977856 1.390102364795956 1.3901023647958666 0.6950511823980262 0.0 0.6950511823979125 2.8657694402373175 0.6950511823979407 1.3901023647958992 1.3901023647959316 2.865769440237236 1.9659016173813397 0.6950511823980412 1.554181691683471 1.3901023647957726 2.8657694402372127 0.6950511823980986 1.3901023647959978 0.695051182398062 1.554181691683509 0.6950511823981691 0.6950511823978947 1.3901023647958477 0.6950511823978825 1.3901023647959512 1.3901023647959205 1.3901023647959017 1.39010236479586 1.9659016173814476 2.8657694402373255 0.6950511823979488 1.3901023647958657 1.39010236479593 1.390102364795974 1.3901023647957587 1.3901023647959527 0.6950511823980844 1.5541816916834603 0.6950511823981151 1.3901023647959128 0.6950511823978861 1.5541816916834295 0.6950511823980796 1.3901023647959656 1.390102364795883 1.9659016173813182 1.554181691683512 0.6950511823979934 1.390102364796033 425.0983803746587 193.49743824119298 365.8649607599154 -712.0155320797372 430.1231625202438 208.5486262685873 427.56682999076696 -767.4469270554067 394.49072817572534 149.40517598632468 437.65030231233726 -772.2528290916918 389.7533838933081 125.07570261774278 435.4414461334509 -777.5979181324104 382.919203030773 96.10054464572343 459.69215917162245 -783.6810195247261 386.3523945648805 135.18745693117026 399.8476613143485 -734.5752526804342 406.9211702008928 167.67561811750218 349.6555117794318 -704.5637047397655 404.83929683086916 172.7856985781186 414.6352017601764 -764.3249994496443 395.4656730311902 116.78172228073485 390.3802576790156 -740.8514587468862 403.7776441724729 125.90515850411914 400.86859103720127 -763.2942388004467 426.74761716022607 199.86584692196993 408.22144153589346 -746.8597584735132 383.9131602894507 123.5837370393631 358.8835403238965 -706.2737918733487 402.4819914662709 155.08155674020205 411.1319876683401 -732.0442871891223 370.87083322553383 88.94250388709487 415.14786652903103 -755.4583845324278 405.923371213583 161.41520795686662 367.695119812099 -707.5897494316856 365.94494857905863 70.80556742057762 390.17143439484573 -716.4732990755609 399.6191784221173 110.82639462954303 434.73420876281887 -762.8190733408755 379.70168523109714 105.68893280358328 418.27026712073985 -749.7114226872815 392.4676170614357 107.213337030017 440.64122397527444 -768.5105900912714 397.31787783607456 122.87070114173547 369.90950802267326 -722.6792886573152 392.3340898822104 137.58120847087943 362.0959456213442 -726.2305347003536 371.65393982833785 95.37412229830177 395.3021228865156 -712.7026251970074 409.41805836933804 156.59701769327057 410.9015986759644 -751.163364525556 420.9306079522615 208.52850374606535 395.8648320653753 -748.6394540586826 404.2196235296757 138.45249458788308 420.69705090675967 -770.7004408070445 364.5915666305369 85.51171378411091 419.93045960494595 -759.5836064909149 382.67768476756754 111.74443873330756 386.0394543866818 -736.8596367684357 356.775173774825 77.35028738131324 360.72985520497525 -709.5071508692802 398.83104839243606 133.44721142542002 378.76508034132604 -728.3458064468504 418.331377200087 170.59805756987424 429.73207729182326 -748.6830584360097 417.93761236571515 180.4747195463282 393.20130148061986 -732.0991022254558 374.3412079221655 103.14426271004638 385.64724177456037 -729.8648960869895 410.82154920924745 173.73173459316007 415.49168736867824 -738.8876203383041 386.84698851922303 108.34472972655625 377.7074975128057 -719.4994488678994 388.9844471015345 113.68926803760316 373.8546863244077 -715.824037496739 391.94022673446995 131.1816231466711 365.9877365064779 -733.2351311310078 362.61058159159677 79.4974156466721 401.99644020372585 -751.5438387044244 397.60803233391675 155.55969843772147 473.0585238490203 -783.2365248645107 370.00303555000147 83.10248514499482 390.4228752239013 -745.8730775732733 361.56494254496783 74.00400334609583 406.5963587193705 -735.7338794663928 409.4481912145482 191.06669800946364 382.56581465573294 -724.4490332890589 386.4342904699207 129.7999482953148 466.5147564109246 -784.933727131002 420.429090663692 186.7824125821926 352.3810879182053 -709.0499081161812 401.7481995713111 118.94793734128709 370.57866855471866 -728.8623315763175 401.2268293232213 163.14413587204734 421.0129287909818 -745.1564253015816 378.0570765681718 123.1171848014124 426.7933439646965 -762.8536848696541 382.35060104426043 90.58306680164654 412.73293317023354 -743.0331412021637 376.0835995499258 87.23784979763703 354.78849518047775 -700.8576184344685 381.96849670003934 116.80274852919207 406.6467263206838 -740.8512251048655 410.94517525026737 151.4337816720378 423.8119361806585 -752.3874018800645 412.4269788750513 179.9113157050738 381.46705044426886 -708.0515514002157 392.61118968577983 143.2970511873068 372.08640483961955 -737.9421182640498 377.43223907566176 99.79600787905177 449.72822871479394 -782.877675025391 400.39102143320383 149.15760524422365 366.27207153071464 -716.3183288603631 404.4641421907902 132.4187389987197 374.8443644485458 -732.8851696879955 386.88867363715974 142.73100906573922 353.8957722680888 -712.8586315142851 408.5694057494189 145.05338682676913 402.0291681413758 -744.9685551807813 427.0587938881749 213.19233606676164 410.52773885300854 -760.1507499862871 412.9924954329156 186.31793555623452 382.6763480612718 -714.754267491484 384.81706169696383 102.56440727046447 378.1081134185515 -712.2548400768937 415.3442330814202 192.32578792570115 386.3051361554293 -720.3776128066601 422.3079940767848 203.49859079290883 396.0580100626622 -758.2362118031941 388.1354322244979 119.11088214196666 374.1158933705664 -709.439212132704 376.2670858532215 115.61157272723506 400.1440883313949 -738.9857684883989 416.2738262002371 198.25335537883544 440.7047468036803 -782.7523938361484 416.6121406195166 160.25256119346778 453.1090198257939 -785.9500915561127 377.39917568480365 110.08802726517118 359.5755232198794 -720.8434615690514 368.92038504236046 77.04473864372983 381.4261179860321 -741.8935188078993 402.05121323526487 144.47054654484737 446.6476564849923 -779.3484099811897 389.66251893790746 99.70731498747364 426.78617599057793 -776.8583006706632
1080.0048855897958 1.3901023647958841 0.695051182397949 1.3901023647959683 1.3901023647959494 0.6950511823979931 1.5541816916835598 0.0 0.6950511823978333 0.6950511823979318 1.390102364795988 0.0 2.865769440237263 1.3901023647959494 2.7802047295918646 1.554181691683401 0.6950511823980793 0.6950511823979721 1.9659016173813326 1.3901023647958772 0.6950511823981237 1.3901023647960389 1.3901023647959725 1.3901023647959487 2.865769440237236 0.6950511823979852 1.5541816916835416 0.6950511823979764 0.6950511823977711 2.8657694402372615 0.0 2.865769440237303 1.3901023647959723 1.3901023647958892 1.554181691683397 1.3901023647959452 0.6950511823979676 1.3901023647960056 1.390102364795744 0.69505118239798 0.6950511823978683 1.390102364795868 0.6950511823980322 1.5541816916834599 2.8657694402371647 0.6950511823979701 1.3901023647960484 1.3901023647959265 1.3901023647958806 0.695051182397967 1.3901023647960165 1.3901023647959134 0.6950511823979092 2.8657694402372558 0.6950511823979244 1.5541816916834439 0.6950511823980408 1.3901023647959163 1.3901023647959605 1.3901023647959825 1.5541816916833506 0.6950511823979296 0.6950511823977933 0.0 0.6950511823981131 1.9659016173813302 1.3901023647959252 1.3901023647959332 1.3901023647958881 1.3901023647959265 1.3901023647959636 0.695051182397907 1.3901023647958266 0.0 1.3901023647960162 1.9659016173814285 1.3901023647958521 1.3901023647960058 0.6950511823981157 2.86576944023724 0.6950511823981491 1.5541816916834197 0.6950511823980781 1.390102364795913 1.554181691683378 0.0 1.390102364795916 0.6950511823980161 0.6950511823980022 1.9659016173813841 1.5541816916834859 1.9659016173812915 1.3901023647959099 2.865769440237273 1.390102364796076 0.6950511823979707 0.0 0.0 1.390102364795899 0.6950511823979433 0.6950511823980109 1.3901023647959605 0.0 1.3901023647960093 0.6950511823981311 2.865769440237292 1.3901023647959985 2.8657694402372638 1.3901023647958333 0.6950511823979679 0.6950511823980018 0.0 1.3901023647958946 0.6950511823979761 1.390102364795832 1.554181691683473 0.695051182397805 1.3901023647959148 0.6950511823981216 0.0 0.6950511823979668 1.3901023647960111 0.695051182398075 1.3901023647959578 1.3901023647959057 1.39010236479598 1.5541816916833657 1.3901023647959925 1.3901023647959247 0.6950511823979632 1.3901023647959931 0.6950511823979069 1.39010236479603 1.5541816916834694 0.6950511823980793 2.865769440237285 0.6950511823978544 1.9659016173813142 1.3901023647959971 1.3901023647958843 1.3901023647960113 423.7761687044155 191.55610354230026 370.2192653662716 -712.0784680009383 428.3939475700898 206.46221021569636 429.91284876631664 -767.4430426603993 392.7753092139394 146.77164616406745 438.76531695658315 -771.8886174109222 387.75975067957467 122.70828138086725 437.2598928840012 -776.7303834264299 380.53802704251456 93.03584202563175 463.11925388874346 -783.0417550397391 384.23101688985287 132.40768758171416 402.84796135248064 -733.8090331190092 404.4051928769362 164.204750028528 351.32894885722845 -704.992916259591 402.996419882977 169.73978672823873 415.39353656471945 -764.1897693575323 394.55121951857006 114.9855980835826 392.65252208692453 -740.4058802930448 402.58356166725133 124.37571786693208 401.5560581609229 -762.7687664556818 425.2978633962838 197.51219581114825 410.9126419476722 -746.5540589580141 381.39878789949347 120.11162713995034 361.5662380144655 -705.8970229512986 401.04573402062823 152.18130097905117 415.03207407005254 -731.915113677516 368.7495883873871 86.69747555765449 416.2567050696224 -755.0596156914139 403.4075131281406 157.9442375437531 371.84824012218644 -706.7085351425545 363.58084016311295 67.72900807928075 393.57966002701005 -715.7964199920862 397.87940219477355 109.28399238415106 437.32377366680515 -764.3620555954918 378.2706786450295 102.78552153858632 421.09943910457423 -750.1851697656648 391.28758443044563 105.13734400881178 442.54844292559596 -768.2167345913023 396.37810400362883 122.1664324775846 372.4358764837756 -721.5521975451343 390.35215569329586 134.6682653052142 363.52652010112996 -725.5301853276035 369.8084394667764 92.86539819729012 399.9718078339959 -712.3538952857187 407.79261814800725 156.01394279617236 412.83676330919735 -751.0056106189585 419.0864028832049 205.48342481034834 396.77183364591957 -749.2517366118283 403.02537848715787 136.9232211627995 422.6336806673324 -770.5661317109262 363.15736512559243 83.14858294688632 421.5867879352279 -760.0757192897853 380.4323975009277 108.5502347872744 388.0474461181141 -737.0498340863663 354.3802487991372 75.36072550860953 364.3286438239591 -709.7224073712484 396.4178754875255 131.4804596594804 380.19976693484847 -727.6562216722261 417.94968333215087 169.36038811683775 433.38466596961354 -749.4419871932688 417.0098294209303 179.22481737596613 395.81990922911547 -731.3902436112553 372.21295708150404 100.9055395741294 388.33399901175306 -729.5198016513688 409.11821341036847 170.5524757790492 418.1841151139489 -738.594186972208 385.02068253548987 104.75048152879081 379.5589266406838 -718.9190774732286 386.7248863109673 111.0422181959285 376.12319278606174 -715.3507692775448 389.9334585886621 129.3605085051202 367.5008911588607 -732.9190698862224 360.210634069472 77.51473887512144 403.5837591590297 -751.6363748401839 395.3466254352296 152.91380254307083 476.8957771546618 -781.3884677815474 367.4927065878772 80.16218234532248 390.6146218532621 -744.8511138350971 358.51352376540115 71.04197017860787 408.8368649277924 -735.1159475670563 407.74447736458745 187.8875708292023 385.2516058460193 -724.0963719976203 384.05886302769636 126.19517527699477 471.0693189351388 -783.9915963847033 418.96759726024305 184.9743657791911 354.7270670984617 -708.9375385340986 401.5190397104986 117.03106973969658 372.00949543194 -728.1635435613562 398.40701802322064 161.03185337654088 423.56504604986674 -746.279972835121 375.8096211870934 119.92407556305211 429.48773196989436 -762.5941930008497 379.7209487961033 86.69098721595128 415.38816825688747 -742.550271773249 374.0855905507204 85.40804251335103 357.3784896408979 -701.8783909803241 379.44252404581084 113.8761868470497 408.091337150089 -740.1895833581498 411.09713904486887 150.75445319477024 426.5709369731873 -752.4969573521264 409.91079137216406 176.44062453993632 384.3760715032568 -706.8613927269188 390.629134541302 140.3842419068573 374.0146723684709 -737.7375858607942 375.4719538022133 96.33108308512483 453.2513778447673 -782.9757668153236 398.8277108402585 145.84468826783714 368.2002284572688 -716.1088520086621 403.14274831678364 130.47685910351305 376.28041210780185 -732.1909625541626 385.02138277748253 140.77665959082609 356.6596750911978 -712.8551374696133 407.5023124038322 143.9367245867613 404.035584459599 -745.181407955102 424.40120276778043 209.8565316718385 412.46080318245595 -759.9914591501873 411.5678993552099 182.87198959662024 386.1970748342697 -714.6178850799067 382.8594757860811 98.82866157315007 382.60495418183416 -711.1178769731681 413.64027357476954 189.14675216245863 388.158809519577 -719.807674790855 421.39200501081416 201.70304042155306 398.74840072595697 -757.9148296842158 386.9548032790083 117.03480560985918 377.5590919441808 -708.9181854244802 373.8626319275182 113.37004099678043 401.89551391622183 -737.8662540981063 415.6493657052924 195.64485630227492 442.6703693551542 -782.8498006252288 414.8594703018774 159.25698555135406 456.61187899542864 -785.8702995585666 374.88829397591184 106.61477510099755 361.0061550637645 -720.1420532251881 366.818228204066 74.25112486849993 383.3560258321919 -741.701472669176 399.68765520817493 140.32010993560414 449.1278565328405 -780.3626066059745 388.3173767033685 98.85524111133675 429.20096588967016 -777.2479271287797
1090.0048855897958 0.6950511823979945 1.390102364795908 0.6950511823980482 0.6950511823979918 2.86576944023722 1.3901023647959116 1.9659016173813226 1.3901023647959503 1.3901023647959778 1.390102364795884 1.554181691683409 1.554181691683416 0.6950511823978813 1.3901023647959665 2.86576944023723 0.6950511823981493 1.3901023647959725 1.3901023647960014 0.6950511823979709 0.6950511823981785 1.390102364795985 0.695051182398141 0.6950511823980334 1.390102364795814 0.6950511823979653 1.3901023647961022 2.865769440237331 1.3901023647958486 0.6950511823979503 0.0 1.5541816916834457 0.6950511823978229 0.6950511823980118 1.3901023647959858 0.6950511823979251 0.6950511823980132 1.3901023647958923 2.8657694402374134 0.695051182398 1.390102364796021 0.6950511823979713 1.3901023647960404 1.5541816916834745 1.7376279559950303 0.6950511823978852 0.695051182397784 1.5541816916835147 0.6950511823981774 1.554181691683459 1.3901023647960045 1.9659016173812596 0.6950511823980526 1.3901023647958721 0.6950511823981201 0.0 1.390102364796013 0.6950511823979105 0.6950511823978827 1.3901023647959474 1.5541816916834454 0.6950511823979542 0.6950511823980485 2.865769440237359 1.3901023647958801 0.6950511823978808 0.695051182398089 1.3901023647959516 1.390102364795856 1.3901023647959065 1.965901617381434 1.3901023647958963 0.6950511823977794 1.390102364795996 1.3901023647959556 1.9659016173812363 1.3901023647958521 1.3901023647959005 0.6950511823979463 0.6950511823980019 1.3901023647959074 1.390102364795989 1.3901023647959794 2.8657694402372598 1.3901023647960775 0.6950511823979403 0.6950511823978001 1.3901023647959356 0.695051182397971 1.3901023647958635 1.5541816916835607 1.3901023647959745 0.6950511823980172 2.8657694402373446 1.3901023647958406 2.8657694402373153 1.3901023647959825 1.3901023647959285 0.6950511823979519 1.390102364795953 1.3901023647960333 1.3901023647959216 1.3901023647960662 2.865769440237326 0.695051182397969 2.8657694402372407 2.8657694402373144 1.3901023647958652 0.6950511823978335 1.3901023647959283 0.6950511823980405 1.3901023647959094 1.3901023647960093 0.695051182397959 1.3901023647958786 1.3901023647959143 1.3901023647959745 1.3901023647958857 1.9659016173812958 1.554181691683472 0.6950511823979203 1.9659016173812842 1.3901023647959765 0.6950511823979516 0.6950511823978102 1.3901023647959385 2.8657694402371727 1.3901023647959874 0.6950511823979573 1.3901023647960167 1.3901023647959712 0.6950511823980206 1.9659016173812967 1.5541816916834563 1.3901023647959372 0.6950511823980233 1.3901023647958406 0.6950511823980154 1.5541816916833358 1.3901023647959134 1.3901023647960162 423.13989753576845 189.49344633282684 373.5885538047657 -711.2017834812934 426.5136004218461 205.05459606650518 431.0858764291143 -767.4683353916131 390.6678949142877 143.44480688940425 440.4286908658551 -772.6415758116576 385.5037378400056 120.05811715426394 439.5561343545523 -776.4268288542864 378.71270470839187 89.97924080265248 465.750767590289 -782.2103536158934 382.6592680423743 129.6383174285032 406.40237784018564 -733.9612961027049 403.76954494837764 162.1418310146471 355.7049526414095 -703.2889061203397 401.5355536257787 167.9311441779549 417.3280628520611 -764.0622370059353 393.23426900340127 113.0401797486594 394.5900596023263 -740.2518273216741 400.59167625705993 122.00646212443137 403.0762637894185 -762.5060759761528 423.4177919878442 196.1043515288153 412.85091444989706 -746.4152722304277 379.697251934209 117.20117382243282 363.9910576464388 -706.1879517819021 399.597930894837 149.8261667481389 418.6821921602322 -732.665737980363 365.0284186070222 83.30604921876946 418.3186883742268 -755.7012153621471 400.7279403901037 155.69776777736374 374.7299029448876 -707.3106972650795 361.04337983246114 65.87445241351114 396.2041164905083 -715.1107203775372 396.2965873590463 107.05917305156308 439.3703301119228 -765.0531015180654 376.83327028445115 100.42382512204648 423.85695855280505 -750.3238202263842 389.5669444154585 103.04378221043686 444.996269564409 -769.0750509010074 394.9331577240935 119.8098320397712 373.9511382009927 -721.2507826775832 388.90576041340336 132.3121747802367 366.21147300423803 -725.1772441862379 368.938275573088 89.9717742655223 404.07677171414434 -713.021208109617 405.9130444529963 154.60530997409526 414.4186803500336 -751.1277539878934 417.509897165225 202.7169337976943 398.2931069721257 -748.9764094842185 402.22561737639757 136.08525921748225 424.10227237117317 -769.951770924547 359.54388784033586 80.7161269298566 423.4653223859487 -759.5837410993156 379.52404693736855 106.75028024037194 390.3243587533006 -736.6203693411618 353.25001924567607 72.1839647417259 366.7520835206416 -710.016541494205 395.0463247731387 131.72124675326998 382.05623856797524 -727.0953414013615 416.7554496713196 167.8311223783024 436.7197280387363 -750.9028070498642 415.4090202281707 177.54990440361158 398.16751438578416 -731.3555010013672 370.4034182109788 97.30208830722569 389.92468326356686 -729.6085175367323 407.390504943365 168.46478205009657 419.7655611194153 -738.7230617188768 383.18983606570623 101.69648848243133 380.9988678989147 -718.241009645317 385.5774311705628 107.87150374225457 377.2195679171931 -714.9341286571326 387.688438734186 126.16571892545839 367.6127851834268 -731.5169321806565 358.79822261035264 74.60270014669923 405.9314173417072 -751.6169741968905 394.17809300058747 150.2919856666332 480.1027138023021 -780.8124953399512 364.7064502065222 77.48186481946368 392.135109360768 -744.568851923966 356.9610101460546 68.2619027738433 412.84277771651534 -735.5963488493236 406.981222188759 185.41233517979026 388.1361317658807 -722.7488522373801 381.80263811800785 123.5449367664812 472.8403685942951 -782.0913789085575 417.49402973566225 183.71204252619944 356.65538993464463 -708.730352111053 399.38823878951285 114.7945490371921 373.10821104254853 -727.7483995149746 397.5171840241909 158.14379600283095 428.29173286195316 -746.5114749651843 374.2410054009459 117.15290736459302 432.5407429290566 -762.1434890083353 376.5259591707282 83.8653037832267 417.3238668797818 -742.4272822575657 370.47110905932345 82.97736127983218 361.3770681316191 -700.2595645443898 377.861447435218 111.64959350185478 410.3728126049778 -739.7940739018205 408.6841624981276 148.787395365757 428.98067885755216 -752.9122245258995 408.85614964881034 174.777972716068 387.93057046357393 -706.9523902957804 388.64961409283444 137.4696361666585 376.28865209585945 -737.2876640028387 374.5829838561865 93.98373806024422 458.2854921063379 -782.8134104791461 396.55506407658913 143.74344551302877 369.9788548087578 -715.1595375800064 402.50847165434124 128.41366432460165 378.9716861224865 -731.8598279558283 384.78092485601877 139.40549260645696 359.3439918507447 -712.4938095552365 405.9023504920782 142.26087974516267 405.9033484054562 -744.6539651075864 423.99479769028284 209.71086888442494 414.11431662357086 -760.5005305478994 409.15447310601746 180.9055108839627 388.2407400635011 -715.0046197816794 380.3611465405528 95.34569648749552 386.1668982226837 -711.1987640766112 412.7373904897041 186.80492044375657 389.8716543021718 -718.4955652738828 419.6882428840628 198.52398304611722 400.8166924736152 -758.5246482691343 384.85391998654546 113.70374251416575 381.34771610746515 -709.1518318098377 372.437587366805 110.46471918435353 403.82812153518785 -737.7164250693038 413.66682879139483 192.732467470979 444.9953342621658 -782.7624605740962 414.1989103431569 158.28600911174507 460.9569538883312 -786.5731895186609 373.5912755357098 104.12114645506368 363.2753404734617 -719.6728903883644 365.51254483367705 72.29869663824857 384.7283435216588 -740.6517925586454 398.0881104287658 138.6440419158289 452.28368433669294 -780.7794806486398 386.5989443307108 96.7599619716663 431.1400348320031 -777.159553396816
1100.0048855897958 1.3901023647959112 0.69505118239816 1.3901023647958362 1.3901023647958701 0.6950511823979797 1.3901023647959263 1.5541816916834776 1.3901023647959854 1.3901023647959316 0.6950511823981081 1.554181691683455 1.3901023647960045 0.0 1.3901023647959554 1.390102364795941 1.9659016173812816 0.6950511823979757 0.6950511823979613 2.865769440237242 0.6950511823978927 0.6950511823979143 1.3901023647960402 1.5541816916834446 0.6950511823979969 1.3901023647959327 1.9659016173811659 4.170307094387828 1.3901023647960191 1.5541816916834614 2.8657694402373557 1.965901617381313 1.9659016173813646 1.3901023647959303 0.0 2.8657694402372917 1.390102364795866 0.6950511823979261 1.5541816916834266 1.3901023647959525 1.3901023647959208 2.865769440237296 0.6950511823978235 2.86576944023721 1.5541816916835125 0.6950511823979302 1.390102364795828 1.965901617381297 0.6950511823980356 1.9659016173813515 0.6950511823979153 1.5541816916833853 1.3901023647959863 1.3901023647959867 1.390102364795891 1.554181691683479 0.69505118239784 1.390102364795939 0.6950511823978444 1.390102364795984 1.5541816916833848 0.695051182397919 0.6950511823978656 0.0 1.3901023647959858 0.6950511823979014 1.3901023647958666 0.6950511823980446 0.6950511823981587 0.6950511823979831 0.6950511823981538 1.3901023647959183 1.390102364795912 0.6950511823979775 0.6950511823978123 0.0 0.48653582767877906 1.5541816916834286 0.6950511823978786 2.865769440237331 1.3901023647958217 1.3901023647958624 2.8657694402373224 1.3901023647958843 1.5541816916832836 1.5541816916834423 0.695051182397969 1.3901023647960118 1.3901023647958914 1.390102364796002 1.5541816916834623 1.3901023647959891 1.3901023647958972 1.5541816916835518 0.6950511823980049 2.8657694402373144 2.8657694402372904 0.6950511823980366 1.3901023647959243 0.6950511823980489 0.6950511823979754 1.9659016173813062 1.3901023647958757 1.390102364795882 1.3901023647960125 0.6950511823979656 0.6950511823980732 1.3901023647959647 0.6950511823980542 1.3901023647959199 0.6950511823979553 2.865769440237344 1.3901023647958806 0.6950511823979859 1.3901023647958846 1.5541816916833926 0.6950511823981204 1.5541816916834108 0.6950511823981633 1.3901023647959971 1.3901023647960262 1.3901023647959405 1.3901023647959758 1.3901023647960322 1.3901023647959574 1.3901023647959274 0.6950511823977775 1.5541816916834437 0.6950511823980439 0.6950511823979435 1.3901023647960136 1.3901023647959425 1.5541816916833782 1.3901023647959247 1.3901023647959234 1.39010236479587 0.6950511823978688 1.3901023647959199 0.0 1.390102364795925 1.3901023647958894 422.3520894490027 188.10992120909407 375.4845638510509 -710.8372511276253 424.65841343906584 202.55460325427123 433.74615000459704 -766.9446052739524 388.79096583014723 142.03274463487304 442.75082739920714 -772.579304504656 382.8637345548659 116.70846121581404 442.30773974296943 -776.7067215119176 376.90951853802954 86.37342855753742 468.4258354292848 -781.8153458412933 380.67400032690307 127.26362162176036 408.68543883259474 -733.5899803912015 401.38361558667174 159.08130767369437 357.86286944292686 -702.2697784503011 400.49492714832905 165.72199747903758 420.4380134943509 -764.0059841689217 391.92208891573887 111.09202533279529 396.87365465501426 -739.86731558273 398.87140932000347 119.91341862207665 406.186191380379 -762.4059353982036 422.61752379193587 195.26685059636412 414.37908173053364 -746.183597279031 376.8880655756274 115.07498412324158 366.2635822718148 -705.7438198861001 397.6210911056069 146.91025998982255 422.15165367249733 -732.3417562163045 362.5246441484005 80.36000597437622 420.2606239785545 -755.6264993307548 398.60997294180436 152.91564409559925 379.3537386759761 -706.8265808453259 358.0668609340178 64.96226654167432 398.9346860190171 -715.0261705380101 394.70409287959063 105.37627942483324 442.0986024273108 -765.1218946270302 375.2936074949814 97.09956982131652 425.71926365058704 -749.6782106640852 387.975900256309 101.35957188355309 447.33643860414605 -769.2303152225048 393.0302429395308 119.48674881791185 376.4085579083389 -721.7653114531237 386.7928688064158 129.52570647227458 368.6310586843555 -725.4911662600655 366.0285714952196 86.87746201974994 407.0863478870055 -714.4511263485557 404.4540138555368 152.79541368348282 416.4136405126382 -751.415901797065 418.1055383213493 200.54559126672 400.6384001668671 -748.9778762149291 401.59429590360907 134.0213331445029 424.4537511162435 -769.7104971229121 356.7757154196091 77.48865936605245 426.8833070396214 -758.9227539285304 378.386965206552 103.57669225106 392.64157866430355 -736.4116236615267 350.8703054457087 69.6513040030838 368.951924966045 -709.1936086796827 394.82238505808886 129.80287680492617 384.33697740761227 -726.6756104409045 416.0952275035523 166.85973564752732 439.60782410101996 -752.3042183994156 414.0879922059834 175.6077870275319 400.3906717194734 -730.5922424272236 369.9232637413654 95.10227470873289 392.6178525789718 -729.3211018355865 405.96873892124614 165.0179131655915 422.76331750378677 -737.8869006246723 381.6153684863666 99.4653736419106 382.2426533367047 -718.5971465815209 385.88914096518107 106.51457356217173 379.9107311082425 -714.6212251029631 386.5138744125066 124.0862765634903 369.5467345083202 -731.341718323342 356.559153067308 71.9378834352323 408.219786947032 -751.2457438475285 392.4534554014511 148.2017800756095 481.9998889477908 -779.7237669569967 362.3264428774992 74.94946475599852 393.5915044006825 -743.9259091289135 352.5557102029966 64.98324969382274 415.514979049535 -735.1873002048682 405.26655919384785 182.77860597433354 390.1414825414691 -722.9727803274482 380.08418114185054 121.45006347723685 475.9450839851434 -782.28042734289 415.34780812614935 182.02425252743433 358.58652434950875 -708.5406557931441 397.6543915554262 113.24588191889161 375.3853185655152 -727.3167533856728 395.3859168708793 155.9084527475017 431.83842950505243 -746.8206766183556 371.7287070239188 114.21492857332363 435.29057866851747 -762.3881689692998 373.8972922716057 80.50657864729413 418.52141573711623 -742.641919366194 368.3552870781375 80.72651081213597 364.3297834331637 -699.2847081303427 376.16071220407696 109.00642608213576 411.90024694215515 -739.5578536029794 407.7191409078546 149.1739547767311 431.68340970291035 -752.7458109196144 407.18014829995394 170.50580407989867 391.071445678937 -706.9610546679816 387.739302829469 135.67137802464705 377.3928165341381 -736.886306101714 372.2177570759355 90.90697764138696 461.01595742830574 -782.9610426663177 394.2998272971822 141.09299914643688 371.53061908064274 -715.0578627948706 401.1921472596746 126.46848389528184 379.9698468576912 -730.8881349043633 382.54102025403415 136.20792156749988 361.2749082157493 -712.307356746046 404.3044804889777 140.58301522545264 408.1299057384022 -743.9116762170675 422.02474307745507 206.25238875110836 416.0843675709552 -760.598409316283 408.02360644629766 176.64628081146844 390.1395392392222 -714.6546606726546 378.523845033382 92.83226078811701 391.5876332640258 -710.7781631226518 410.50149103853136 183.06672807905338 392.5999276517552 -718.3890016165748 416.76633655470374 194.90719846861185 403.04171307127524 -757.7804304162663 383.0120705200573 111.19388664686014 384.1821038627752 -709.6034344782586 370.0682789414065 107.39171043230193 405.7656490067178 -737.603733821001 411.8370324812401 189.1401969507474 446.57582558523706 -782.9930960417666 413.285318403192 156.48909132529442 465.55703047172926 -786.0051920882903 372.4231651728806 102.03834268140426 366.30684313806995 -719.0780778174767 363.80225240914723 70.1967309107198 386.3147014158198 -740.7582685980801 397.1771871773719 136.8455539259844 453.9639333866994 -782.1749701643892 385.2901611351308 94.80947254982732 433.0833134742653 -777.1186171975309
1110.0048855897958 0.6950511823979836 0.6950511823979233 1.3901023647959028 0.6950511823981431 0.6950511823979635 1.3901023647959136 1.3901023647958841 1.3901023647960224 0.6950511823979716 1.39010236479588 1.5541816916834301 1.3901023647959032 1.390102364795927 0.6950511823981762 0.0 0.6950511823980494 1.390102364795859 1.3901023647960205 1.390102364795971 1.3901023647959465 1.3901023647958644 0.6950511823978304 0.6950511823979479 1.3901023647959212 1.5541816916835323 1.3901023647960544 1.3901023647959585 0.6950511823981561 2.8657694402372957 1.5541816916834206 2.8657694402372447 2.865769440237138 0.6950511823979528 1.390102364795953 1.9659016173812396 0.6950511823979896 0.0 1.5541816916833282 1.3901023647958757 1.390102364795822 0.0 1.390102364795978 1.3901023647959627 1.5541816916834386 1.3901023647959563 0.6950511823981821 0.0 0.6950511823981477 1.390102364796024 1.3901023647958604 1.5541816916834297 1.3901023647959265 1.390102364796011 0.6950511823978043 1.3901023647959225 0.6950511823980278 2.865769440237315 1.3901023647959738 0.6950511823979316 1.390102364795762 0.6950511823979867 1.3901023647959345 1.5541816916834468 1.3901023647958755 1.9659016173813098 1.3901023647959165 2.865769440237358 1.3901023647958615 1.3901023647959287 1.3901023647958939 0.69505118239802 1.3901023647958568 1.390102364795923 0.6950511823980525 0.0 0.973071655357232 1.390102364795901 1.3901023647959108 1.965901617381317 0.6950511823979338 1.5541816916834366 0.6950511823981338 0.695051182397908 1.9659016173812276 0.6950511823979635 1.390102364795836 1.3901023647959614 0.695051182397976 2.8657694402373495 1.554181691683436 2.865769440237339 1.3901023647958566 1.3901023647958752 0.6950511823979455 2.865769440237304 1.3901023647959099 1.965901617381343 1.3901023647958521 1.3901023647959911 1.3901023647958624 2.8657694402372815 1.9659016173813342 0.6950511823979761 1.3901023647959594 2.86576944023726 0.6950511823981377 1.3901023647958743 0.6950511823980264 0.6950511823980094 1.3901023647960111 1.5541816916834663 1.3901023647958883 1.3901023647959962 0.6950511823980853 3.108363383367025 0.6950511823978939 1.9659016173812927 1.390102364795944 1.3901023647958937 1.390102364795985 2.8657694402373233 1.5541816916833833 2.86576944023724 1.390102364795924 1.3901023647959228 1.9659016173812862 1.3901023647958624 0.6950511823978804 2.8657694402373033 0.6950511823978373 1.3901023647958903 1.5541816916834135 1.5541816916834892 0.6950511823977907 0.0 0.6950511823980532 2.865769440237327 0.6950511823978927 0.6950511823979909 0.6950511823977691 421.56492262419164 186.72608466720223 377.8006887617656 -710.6199127970405 423.3623388305542 199.52054441683478 436.8230833494113 -766.6283160235587 388.0090254330702 140.64619888934888 445.492587134294 -772.9136983841219 381.41488068815926 114.8904132194376 444.2418424181407 -776.7288829812511 375.3058659867992 85.23125473615015 471.10682649073937 -781.1200740464536 378.14825439158767 124.86929967627765 410.56913181798126 -733.1306358207307 399.982058906007 155.08558338952693 359.9034203224543 -702.6660261503896 399.06499361502273 162.81814325493278 423.10081342574284 -763.4875658538722 390.332796703762 109.40641858059934 399.9280576952642 -739.4136042913829 397.6858303200681 118.3774540165411 407.3087257276657 -762.0593390920568 420.8907038622555 193.17847685268075 416.77773046809534 -746.6365968548474 375.050749657861 112.56204987566682 367.2277357888875 -704.5851818214197 396.0843453151122 143.04513714050884 425.354855089148 -733.1016202534302 359.9894948473465 78.50287725411611 421.8351893046339 -755.8174511992399 396.94522404507677 148.6390389946785 382.91164419059453 -706.9862363674209 354.97401913472817 63.63152364968428 402.1080258123881 -715.323081732951 393.1144552109467 103.69080514709707 444.8904472525026 -766.0307632484266 374.1115486653174 95.56070686471402 426.8079779807992 -748.9654906450523 386.5279320843289 99.54049252699063 450.4736199273442 -769.7672038442058 391.158416326578 118.06743084192162 377.99691054037436 -721.8753505385896 384.4051067056857 127.00052188927083 370.56546692784855 -725.334044154361 363.9135729400492 84.62583845935401 409.6746478274835 -716.1266254608934 403.1241211054442 151.39571826010652 417.5371361606999 -751.0679621176847 417.3562243699045 197.52406041892453 402.1664197368535 -748.7525573080559 400.68699115369293 132.22095091506344 427.0749311129605 -768.837495912467 354.2586967425764 75.08531243520949 429.54609478723603 -758.4243596880982 376.3771959603345 102.28645531745971 395.01942187632665 -736.6214439743086 348.92138751677 66.72227327439637 370.9221390775234 -709.2265238541165 392.8551397424158 126.88042589606125 386.6195539126467 -726.2873504116338 415.8419696289564 166.03448869028279 442.0578834314456 -753.6195078468846 413.7077191829341 174.3699053846179 402.2136211502542 -729.7362970732416 368.105732683062 92.04129092119939 393.91943923611495 -730.0904782360461 404.2855518486974 161.28944348314567 424.7583949371339 -738.225310747093 380.30871621864713 97.51340913235092 384.4581948366942 -717.8167766784624 384.17622811073693 104.41463016153688 382.16156351422916 -714.0307991793532 384.53232519655637 121.70770672417905 371.4814401042431 -731.1937498875184 354.59522666856697 69.28184626619692 410.15640253892826 -751.1692990905182 391.53071975395966 146.94820139514673 485.392028834054 -779.3013071147336 360.4947793834513 72.43282917128205 395.0582057618582 -743.3138758186774 349.2243250897788 60.88743996679427 417.3812567739995 -734.5393087258597 403.694249465657 180.00989525766354 392.0771361888434 -722.8413181689202 377.96459882446885 119.20309006487217 478.2082067075417 -780.4721946474895 414.8406119652747 180.37333461761386 361.2802643902068 -708.2305795743009 396.73415000092416 111.98973299150488 378.01199885781466 -726.6534961087742 394.0979816700107 152.87114538191256 434.6480755127543 -747.6787128222354 368.8000732416457 111.66910463516706 437.63959908831674 -762.5498171154314 371.6242629971699 78.93327017481394 420.09980714471277 -742.8214032441111 365.57162056567313 78.04300314288754 367.6125914463376 -700.0463996365916 374.85371044004853 107.0550793017176 414.25310037295236 -739.6297503426715 406.5291848375258 147.6414841617155 433.94316790620775 -752.1144557845635 405.09047193216804 166.63103258369995 393.0099545830416 -706.833619902871 386.161170005198 133.44346998167353 378.9805148085083 -737.0078361892952 369.60754158947384 87.00140293573276 464.1531149188346 -783.7485864811534 393.17044220958655 137.37511252082987 372.98336725341346 -714.4013041059142 400.1300758933814 125.34709837286832 382.5354265266413 -729.8628951759355 380.57383546088874 133.28545306101392 364.3818948092797 -712.1203527450925 402.4296022599261 139.1680707530718 410.09003740468285 -744.0255605104287 420.72913742528283 203.21785126149157 418.7892685031923 -760.453766643814 406.0721168246788 172.63879975922637 391.761744857248 -714.9663207404705 376.53172234535754 90.99518120430318 393.90642061280903 -710.5814693128935 408.5485622525748 179.05974661204132 395.7409154258475 -718.4511831346418 414.2593593540455 191.16143880680855 405.33526627087946 -757.457088879949 382.10947722095113 109.39130338390916 387.0422584451377 -710.2885836128122 368.9021433918317 105.30750146378807 407.6546358628855 -737.1349563948673 409.6166529276092 184.85452132778926 449.7102791570711 -783.5233504464779 411.68829398908287 154.8106549182637 469.8169052675268 -786.1779046625884 370.60473192629803 98.97779244883674 367.8243149449261 -718.7981028661774 362.2343517599837 67.96222484999444 387.71346171546435 -739.7479633035313 395.2368496793289 132.83291060252316 457.417013065981 -781.756241981959 383.17310051321664 92.55975693713407 433.96813008702514 -778.1997554804711
1120.0048855897958 0.6950511823980136 1.5541816916835152 2.8657694402373437 0.6950511823978035 1.3901023647960147 1.5541816916833806 1.3901023647959398 1.5541816916833675 1.390102364795976 0.6950511823981178 1.5541816916834543 1.3901023647958832 1.39010236479597 1.3901023647960822 1.3901023647959823 0.6950511823977953 1.3901023647959758 0.695051182398002 1.5541816916834867 0.6950511823980695 1.3901023647958566 1.3901023647959279 1.3901023647959514 1.3901023647958977 1.9659016173813317 1.5541816916834228 1.390102364795899 0.6950511823979277 1.9659016173813506 1.3901023647959696 1.5541816916834732 0.0 0.6950511823980212 1.5541816916834508 2.1979448267707733 0.6950511823980474 2.865769440237359 1.3901023647957715 1.390102364795984 0.6950511823977727 1.3901023647959125 0.6950511823981408 1.3901023647959978 1.554181691683463 0.6950511823979786 0.6950511823979296 2.197944826770701 0.6950511823979765 1.3901023647959578 0.6950511823977843 1.390102364795945 1.3901023647959978 0.0 1.3901023647959916 1.96590161738143 1.3901023647959945 0.6950511823979048 1.3901023647960442 0.6950511823979562 1.39010236479593 1.390102364795913 0.695051182398058 2.8657694402373397 0.6950511823979626 1.3901023647959518 0.6950511823979421 1.3901023647959156 0.6950511823978915 0.6950511823979795 1.390102364795901 0.6950511823979796 1.390102364795854 0.6950511823978923 0.6950511823978347 1.3901023647959705 0.973071655357232 1.5541816916835445 0.6950511823979493 1.9659016173813737 1.3901023647959525 0.0 1.3901023647959394 1.3901023647960007 1.3901023647957784 1.3901023647959039 0.6950511823981377 2.8657694402372815 0.0 1.3901023647959403 0.0 1.5541816916834994 1.390102364795973 1.3901023647958608 2.865769440237322 1.3901023647959605 0.0 1.3901023647959887 1.5541816916833584 1.3901023647958757 1.390102364795856 1.3901023647958726 1.554181691683595 0.6950511823980219 1.3901023647959942 0.6950511823979555 1.3901023647959085 0.0 1.3901023647958668 1.390102364795909 1.39010236479595 1.5541816916834388 1.3901023647959485 1.3901023647960031 1.3901023647959507 3.10836338336694 0.6950511823979154 1.554181691683481 0.6950511823980839 1.5541816916834494 1.390102364795913 1.3901023647958786 0.6950511823979616 1.5541816916834703 1.3901023647959403 0.6950511823978909 1.5541816916835796 1.5541816916834506 0.6950511823977964 2.8657694402373055 0.6950511823978496 1.3901023647959174 1.5541816916835747 1.3901023647959942 1.3901023647960025 1.3901023647959678 1.3901023647960151 1.390102364795959 1.3901023647959985 0.6950511823980342 1.3901023647959598 419.5880853010277 183.8100819427188 380.9095020486112 -710.5120285125822 421.26956690123797 195.64701991372448 438.6883712765189 -765.712098540985 386.0446338608487 137.7214617566113 447.43056281765956 -773.1888391413767 379.01749518663905 112.90349859106875 446.9439014321718 -776.7657268221373 373.60496168855644 83.1211184677695 472.2575384778415 -780.5268459551114 376.7177837757826 122.50343574615795 412.460664072168 -732.7079465993813 397.7618793337328 151.3378590420806 362.25095182972484 -702.6459611116827 397.8917906060585 160.7387488804714 425.0355941230338 -763.4955243804371 388.86981847609667 108.13187504223879 402.94356473297796 -738.6378897789014 395.67598791935995 117.08793069498029 408.43888511128955 -761.739320847682 419.751208153967 189.4639099655515 418.27459891216176 -746.0857540380974 373.20065967452916 110.59184431724903 370.3678657920514 -704.6408228705398 393.7285950194671 139.42781588426618 427.7235820627425 -733.450733916944 357.26710436654986 75.23540072199103 424.0631388652717 -754.8281929288297 394.58790213721545 145.0231484170002 385.63934935928705 -706.9454261361255 352.2897091558896 60.33686961139391 405.5809314858217 -715.0567312803236 391.10591073456555 102.39935840951449 447.71718950966766 -767.9904352524466 371.77123815625487 92.20222508395992 428.3436413552577 -748.8219172349073 385.0667522063327 98.26367210289476 453.2303586972474 -771.1772482522987 389.4464014820784 115.96717435051781 381.0486810281255 -721.3840276640406 382.9568891546695 125.18156704900238 370.98055251625266 -725.4594193606471 361.292877839422 81.79026942392551 413.00515899477716 -717.8596995439497 401.4344930932789 148.20928938423418 420.20585822597786 -750.5749417210806 415.11823817190265 194.0559515786755 404.1105680210377 -748.7069923991344 399.51736614899363 130.13872881050338 427.51010312416656 -769.3796123374821 351.8041634592595 72.09782866797802 432.25109731558706 -758.3838192340713 375.33822342122255 100.61382935592782 397.3678175393122 -736.6881836019904 347.12582196956464 64.70460369211229 373.62204976263075 -708.9724700768076 391.17305151122883 123.68944127544181 390.0551682009405 -725.7647565739286 414.2465516181008 164.35453297256063 444.15914340646077 -755.9907626449356 412.3911380503575 172.4249496584285 403.79226268045966 -729.9186638368797 365.89974135480503 88.81778056913308 395.5051590609396 -730.2559151220489 401.2517758945382 157.2482833380973 427.0645321374 -737.9883058902213 378.3197775094185 95.67206401622131 385.57765198459475 -717.4490505943447 383.11864309167134 103.28900157068891 384.4235532432796 -713.4798487865945 382.5550725660983 119.32644805457504 373.76620737923423 -730.8177591674496 353.21454978105425 66.89257804541101 412.0543780138937 -750.7491006945119 388.4725738694701 143.99446528657495 487.0943791525513 -779.0113444113317 358.67688477180457 70.43383592522602 396.9903388457399 -743.2469132631988 346.3802194136534 58.49455509913126 420.13021635079485 -734.8136424166038 401.56639065179456 177.77060349895956 395.0801038247475 -722.0110990400982 376.39380701954883 116.96962625409266 479.75931031169733 -779.5110602653418 413.11763175629955 178.28116341738382 363.62545986430376 -708.2062932802293 396.2052921749861 111.4269822096474 379.62838450299864 -726.9817753719096 392.41058475061425 149.6837567057809 436.67668709131124 -748.6648048216524 367.12550920048574 108.47398113822918 441.46966754113595 -761.8941239971747 370.5925747576891 77.25483394370636 422.7259168049253 -741.971207086271 364.4088750816408 76.48899998586603 369.3612533455895 -701.1196929531073 372.6175887278195 104.38776801495267 416.94247212871426 -739.3230108182761 406.02820047932624 145.9892911953982 436.68297900995185 -752.4610032967379 403.3986200006645 163.44576718398093 395.76854166329525 -707.0087100681635 384.8367186848552 132.03857032176197 380.9806956801596 -737.2880067741763 368.19151872816 84.62515859404677 466.45651829119976 -783.12316954605 390.8159721991112 133.75634760180614 374.7951005586888 -713.5176664801237 399.2264854998441 123.54523303356163 385.1784575512486 -729.2669182253784 378.8765611782413 130.63985187439263 366.3199113120244 -711.9844913810762 401.24373300710744 137.63232408938384 411.67068937843743 -744.2336819665218 418.77650104516823 199.21093651999246 419.53381244080964 -760.1806750213982 405.87653482855006 169.62931104493651 392.73511002584075 -713.6517501262663 375.21454908573565 89.58403654335409 398.54831404899926 -710.2974110994021 406.44796184502127 175.72894261026363 399.20538905637505 -718.1438272566049 412.15619067356937 187.83202647397988 407.5873786634842 -756.80109684177 381.05178216529214 108.2654452148997 390.15077371551456 -710.2041167241946 366.94867755685215 102.37402000997203 409.9123512089379 -736.4714295209926 407.2353192389721 181.790352490706 451.67301126770917 -784.0219462322173 410.0947382837589 153.12894756017485 472.8919651020653 -785.1662305656534 369.87017202005507 96.49730620573335 370.8711280686103 -718.2853001206066 359.7519325587391 65.5233721514586 389.18673377677317 -739.1448236648909 392.60191459864996 129.47880095328125 458.5767484712186 -781.7300083097406 381.9932817504185 91.02048453432369 436.28377250709644 -778.0391155706602
1130.0048855897958 1.9659016173813035 1.3901023647958448 1.9659016173813637 1.3901023647959765 1.3901023647959476 1.5541816916834592 1.3901023647959758 0.6950511823979212 1.3901023647959407 1.3901023647958946 0.0 1.390102364795944 0.0 0.6950511823980372 1.390102364795926 0.695051182398125 1.3901023647959505 1.390102364796028 0.695051182398027 1.3901023647959485 1.9659016173813555 1.3901023647959905 0.6950511823980182 1.390102364795847 1.965901617381299 1.5541816916835411 0.6950511823979966 0.6950511823977836 1.390102364795981 1.5541816916835383 1.3901023647959128 1.5541816916835214 0.6950511823979586 0.0 1.3901023647959911 1.3901023647958552 0.695051182397914 1.3901023647960253 2.865769440237243 1.3901023647958626 1.5541816916834368 0.6950511823980525 1.3901023647959645 1.5541816916834421 0.6950511823979912 0.6950511823978094 1.5541816916835316 1.3901023647959865 0.695051182398017 0.6950511823981745 1.5541816916834768 1.3901023647959094 0.6950511823979213 0.6950511823979423 2.865769440237204 1.554181691683459 0.695051182397932 0.6950511823981356 1.3901023647959958 1.5541816916833764 0.6950511823979051 0.6950511823981587 1.5541816916834479 0.6950511823978464 1.3901023647960051 1.3901023647958606 0.695051182398009 0.6950511823981059 1.3901023647958943 2.8657694402373766 1.39010236479588 0.6950511823980334 1.3901023647958972 1.3901023647960498 1.9659016173812922 0.4865358276787182 2.865769440237235 1.3901023647960202 1.965901617381317 0.695051182398036 1.5541816916834623 1.3901023647958712 1.3901023647958715 1.3901023647960584 1.3901023647959074 1.390102364796013 0.6950511823979901 0.6950511823979773 1.5541816916835347 1.5541816916833537 1.9659016173813466 0.6950511823979213 1.554181691683373 1.390102364795834 1.3901023647959427 0.0 1.3901023647959478 0.6950511823979303 1.3901023647958521 1.5541816916834141 0.6950511823979995 1.965901617381343 1.5541816916834787 1.3901023647958815 0.0 0.6950511823980943 2.8657694402372877 1.3901023647959738 0.6950511823979852 0.0 1.5541816916835074 1.3901023647960224 0.6950511823979505 0.6950511823978195 1.5541816916834212 1.3901023647959283 1.3901023647958612 0.6950511823979914 1.3901023647958757 0.0 1.3901023647958926 0.6950511823981338 2.8657694402373006 1.3901023647960116 0.6950511823979355 0.6950511823977704 1.5541816916834486 1.3901023647959954 1.3901023647959325 1.3901023647960287 1.3901023647959345 1.5541816916834224 0.695051182397942 0.6950511823980576 1.554181691683387 1.3901023647959985 1.39010236479587 0.6950511823978965 1.390102364796006 1.3901023647959931 417.86796287826354 181.7165652042399 384.3508948982895 -710.0415268731094 419.015246727679 192.99552239023527 441.0233474592519 -766.1836985183131 384.3844698493761 133.9818732860073 450.90548653245594 -773.1011962355695 377.0543072027619 110.50894840640741 448.1084441146614 -776.9185885324313 371.38557969650617 80.96262582629004 474.18914286425985 -779.9510552035251 375.7202460207692 119.73675149734302 414.03083474206557 -732.9388597994274 395.5335664018418 148.13194377605967 364.8934641094948 -702.0292323945012 396.4881360202296 157.2853213519633 425.77317096404886 -763.0632759852813 387.29078072419446 106.4370800830662 405.6960549971971 -738.928955418382 393.68693274810227 115.24742389100759 410.7103078390575 -761.147276549637 418.0444268295268 186.82553007051806 420.1871085459115 -745.7325201501292 370.72713451369214 107.35825547630401 373.4834280376445 -704.5659463013044 392.1740851294441 136.649435412096 431.63960276854914 -733.940334192505 356.3038874709141 72.99160249409313 426.3749005156194 -754.6601839392475 392.345921272306 142.3610872421774 389.49361508817276 -706.6270375152957 349.303175460971 57.82185672823028 409.20177599251235 -716.223662909202 390.90143702561244 100.4786178394351 449.30995254165913 -769.4844218712798 369.6982259417435 89.64897986421971 431.3986221861064 -748.2311803349743 383.4899579522387 96.56594839855956 457.0945470902625 -771.3180942601077 387.6206954428332 113.4454145939336 382.9356203038787 -720.9302741155387 381.5687712059165 121.7208423259829 371.2742460874701 -724.8298653818642 358.97604256969 79.20361776837798 415.5007744442592 -719.5567282699474 400.6559415230044 146.82078182139801 422.1103522600495 -750.2213711567039 412.7529039113688 190.44419330106075 406.41470992064376 -748.4654436245487 398.3354229527795 128.60021176382162 429.48581908375195 -770.2251881431173 349.93060312057673 69.11477901668296 434.18767893534255 -758.4668532369278 374.3155118189311 98.9340536699593 398.8541145296226 -736.1242569021205 345.11973518363004 61.840676571371 376.26831263618703 -708.4008034777346 388.97074371234135 119.93109587362072 391.99335495314034 -725.7078498397777 412.4988592849659 163.35038738803436 446.56628385354946 -758.2242518525716 411.07789017795756 170.47749519033212 404.9643051544467 -729.9884783564476 363.5928333180063 85.69688381358566 396.58778218092215 -729.5369592187153 399.56806493245233 154.05907162756523 428.5802356796955 -737.4916100305235 376.7071050522297 95.0593664241579 387.46970090591606 -716.9934592912588 380.6171428764727 100.8723040413765 388.2772424433921 -713.1545581394552 380.2021638673962 116.24113809046223 375.4083150071238 -731.3581159722207 350.93022033330203 64.0160927157728 414.43524925983786 -751.3067545462692 386.6690057739952 140.38860121239912 489.96023886725476 -778.2709496680577 356.6544909810607 67.58066991014364 399.65514425270845 -742.7614411518541 343.62966761574063 55.41051275854877 422.05650218376127 -734.6422168956176 400.26900689861526 175.27743927790453 397.7424943002456 -721.4967109111896 373.781133273249 113.59792262096617 482.47159189800703 -778.5733432866224 411.6345771224258 177.55871947358943 365.62519702897947 -708.4826739052764 394.745678522403 110.1473617787849 381.8685538313596 -726.2740196816044 389.4812453459993 147.1390220510494 440.22566137078604 -750.0115084901361 364.4811579745644 106.18344030329112 443.0266637609996 -762.2128978084978 368.5242367963366 74.95939137765087 425.0050471740275 -741.4017268707847 362.578508709916 75.01925812210364 372.4134030241608 -700.6563641649211 369.88185880465 101.13502183441378 417.74455457783756 -739.6417342002719 404.31368162818535 143.89070659827175 438.66675580605005 -753.5170180880348 401.97794356300574 160.5376961831873 399.6530083515144 -706.9169314417882 382.6512889952419 127.73540349155259 383.68757834201875 -737.12337704937 367.29751725976723 83.34821652207569 468.3835449067516 -783.5071266376771 388.99910339718764 130.69451810650344 378.64473550743355 -713.162869725781 398.57293788532786 122.56839171992989 387.4788114698817 -728.9640278604297 377.59226995793284 128.13975953160488 370.13644545575323 -711.403130008503 399.90322783412773 136.77251569434443 413.9397522744193 -743.6270647431102 416.2424923617797 196.82524613123076 421.8115053669111 -759.6199787410859 403.5032709037702 166.55870076383812 394.7501094035551 -714.1714533272415 374.48221731594634 87.63725127281066 400.9705324688018 -710.9723382506428 404.75865372947436 172.54252148186885 400.6967294918212 -717.574707933732 410.198932605556 184.36629824892236 409.05050272171377 -755.8924655660626 379.6181999535727 106.43502947991723 393.1917000675458 -709.6136074172739 364.36087492542424 98.98408427424867 413.4238196884755 -736.708844299666 406.09095768821464 178.61874944256283 453.1913955288191 -782.6525810505331 409.1591405421006 152.419162701501 475.9860678615872 -784.0166698445265 368.13691190363136 95.46528187504391 373.10543529743876 -717.5562413860025 357.07425594833416 62.21838609208669 391.8468907957157 -738.6256621967175 390.1163501000603 125.98580612242166 460.8941869343 -781.3268000490468 380.5912819679654 88.63796652380692 437.811257628844 -777.5847220653831
1140.0048855897958 1.39010236479591 1.5541816916835305 1.5541816916834372 0.6950511823978835 1.3901023647959017 0.0 1.965901617381323 0.695051182397776 0.6950511823979275 0.0 1.3901023647959265 1.3901023647958783 2.865769440237276 1.3901023647960367 1.5541816916834568 1.39010236479603 1.3901023647959683 1.3901023647959372 1.390102364795908 0.6950511823980019 1.9659016173812942 0.6950511823978329 1.3901023647959463 1.5541816916833917 0.6950511823980211 0.0 0.695051182397953 1.3901023647959863 1.5541816916834426 0.0 2.8657694402372864 1.5541816916834859 1.390102364795887 1.5541816916834108 1.3901023647959294 0.6950511823977691 0.6950511823980523 1.3901023647959256 0.6950511823979075 1.390102364795986 0.6950511823979195 0.6950511823978113 1.3901023647959145 1.5541816916835527 1.3901023647958655 1.3901023647959811 2.865769440237244 1.3901023647958715 1.3901023647960016 1.3901023647960256 1.3901023647959962 0.6950511823978879 0.6950511823980149 0.6950511823977714 1.5541816916834381 0.6950511823977825 1.390102364795944 0.6950511823978334 0.6950511823980242 1.5541816916835853 1.3901023647959332 1.3901023647959305 1.5541816916834585 0.695051182397901 1.554181691683504 0.695051182398047 1.3901023647959776 2.8657694402372362 1.3901023647959512 0.6950511823977803 1.390102364796007 1.390102364795917 2.865769440237298 1.3901023647958792 1.5541816916834408 0.9730716553570993 1.9659016173813486 0.6950511823978262 2.8657694402372362 0.6950511823978861 1.5541816916834663 0.6950511823981296 0.6950511823979495 1.390102364796132 1.3901023647958959 1.390102364795959 0.6950511823979862 1.3901023647959438 2.865769440237223 1.5541816916834155 1.5541816916834748 0.6950511823979014 0.69505118239799 0.695051182397783 2.8657694402372638 1.5541816916836055 1.3901023647958908 0.6950511823980239 1.3901023647959427 1.390102364796039 1.3901023647958926 2.86576944023724 1.390102364795971 1.3901023647959556 1.3901023647959612 1.5541816916835296 0.6950511823979936 0.6950511823978777 0.6950511823979714 0.6950511823980539 1.9659016173812796 1.3901023647960353 0.695051182397932 0.695051182398049 2.7802047295918775 1.3901023647960296 1.5541816916834923 1.5541816916835804 1.3901023647958841 1.5541816916834295 1.3901023647959605 0.6950511823978276 1.3901023647958566 0.6950511823978457 0.6950511823979936 1.3901023647958608 0.0 0.6950511823980385 0.6950511823979922 1.3901023647959578 0.6950511823980107 1.55418169168334 1.3901023647960091 1.390102364795969 0.0 1.390102364795935 2.8657694402372966 1.3901023647959385 1.3901023647958661 0.6950511823978742 416.86752960411854 178.41025887127844 386.7206487767654 -710.3525616740582 415.98375943579134 188.95236795237855 442.56689182098097 -766.1462377293124 382.5642312027082 131.45619210117079 454.7664605961567 -773.2813846107911 374.09202482578684 106.41113872035328 449.6563564852525 -777.2925509382418 370.39023256396104 79.2644487528451 476.5165472176157 -779.4165900103151 374.8385942437178 117.92531671317859 417.85396008225763 -732.2926034079005 393.4574195895647 144.7857199949738 367.322540793738 -702.6762678436093 394.109030107398 154.75345794616157 428.49671158000234 -763.536387393984 386.13018203989355 104.8826665343014 407.1752597163912 -738.045912341024 391.567637190933 113.5262759839315 411.9048947969865 -761.651211914486 416.23234117301627 183.2243483733534 423.29098397729393 -745.9476516579599 368.36108089192584 105.33180152790466 377.02814702971517 -704.8925669475605 389.96095886795837 133.4324833452191 433.5808495651325 -734.2365003306747 354.54890069518495 70.42014915379082 428.7130030827753 -754.9556411298572 389.4635612305474 138.71151360465217 390.9822412428124 -706.0693597955483 347.0426095246739 54.66755679857887 410.9048010630789 -718.0214885483489 389.5749163499407 99.59806715111584 451.62949279428426 -769.8604769871909 368.5561373855993 88.08093472512823 433.7167764234146 -748.1388915622481 381.4123088501196 94.28032249430623 460.5668807191927 -771.3284212095622 385.2898988288876 110.34273598694146 386.00648326876296 -720.5800168589585 380.98949590942556 119.10530558386796 372.9035666650103 -725.3960931720272 358.2737528982589 77.24726994359692 419.0908004318995 -721.0423637054685 399.07131321994774 145.13073622970745 423.63149549320434 -749.75825500955 410.0989152928236 187.6385394528468 408.6669863562241 -747.5211516785398 396.7554869231442 126.90575069963724 432.1808377865983 -769.9644133715884 348.9779015990998 66.86624520751853 435.7678466182981 -759.5830560745846 373.39587823897926 98.2058666112498 400.35598295756927 -735.6007773584308 342.7894344486043 59.77633446802715 380.1234049560232 -708.121638895598 386.5110168406444 116.41946332276471 393.463435254345 -724.962046428221 410.62802013389455 161.9294785942391 448.8950937070715 -758.9672854914911 409.76911893346664 168.52685768975587 407.2757818496914 -729.8092780538163 362.1956224694362 83.83816927240487 397.0374220880599 -730.0724864465018 397.892776733445 150.86517688405317 430.1541911910033 -738.1885752489173 374.65935975785834 92.21986435673521 389.76983360963595 -716.738350382671 378.7071992663225 97.90971759218182 392.0967261684251 -712.5303508813226 377.7528537372567 112.72315218829338 378.1164365177054 -731.2272511649235 348.12394812870434 60.82751257691404 415.52833947073185 -750.2742432222107 384.0153647293502 138.1118614753793 491.6460017620232 -778.4337876685805 354.6790751508445 64.17423599732176 401.219184764839 -743.0126438021814 340.9402963780049 52.782931831168256 424.39000444948175 -734.8888774771888 398.5715520708898 172.6326130981666 399.73826688604044 -722.0774200592235 371.81060531357474 111.7356033584085 484.01530698819687 -778.2317558180316 410.29313758882813 176.7006749194111 368.22488340576297 -707.5437771582825 393.57729523813117 108.59748451911642 384.1242212353126 -725.6181348957952 387.79442941001207 144.48639704460322 442.95511953327184 -750.9107378852443 362.744140667177 102.54406839218237 444.5695622895377 -761.9973948196904 366.9876253041555 73.22518422091983 426.17172197715826 -741.5411472890344 361.4453659337496 73.44478562224629 374.8613934927545 -701.5124738832898 367.43465614948093 98.14130035807221 420.401717920813 -738.8976916944471 401.7958522395015 141.4875715864836 441.0138199778218 -754.4176494649129 400.0526926087922 156.51781450957793 402.73186474835705 -706.6181697935906 380.8337720264313 125.206158686577 386.03675543850744 -737.2559139767388 364.9051430581103 79.79071833756286 470.7144914914162 -782.5725194037942 387.0746365917352 127.21044905516895 379.86296791503474 -713.5958692417441 397.2763106829684 120.60986517805581 389.8228029210031 -729.0939279616892 375.22923790869334 125.58790345058217 372.3844854818676 -710.7164501650809 398.7274644002547 135.22982706448386 415.47460322244103 -743.5293267928729 415.4899041234838 194.34640850077258 424.4799882314086 -758.9176681157519 401.4350143002551 162.6723251147548 398.2958183290076 -714.5813281197057 372.5345884466363 85.75384659032457 404.84305285522953 -710.9986811999671 403.21673932244016 169.21851691520988 401.5080970981023 -717.8773465601054 407.6868000691279 181.4276949195157 410.17230921920446 -755.2310916800914 378.3660997949981 103.91511666292558 396.4358842700003 -709.084286988728 362.0373900600154 96.39988285185711 414.9530249249826 -736.6007843425942 404.5466662950252 175.29650632601312 454.34859156651606 -782.4634092964279 407.53832225150137 151.8231093738529 479.29437188146636 -782.7502234825519 365.73068198601675 91.91793749882883 374.99477039597843 -717.1218951308595 354.8445804371164 58.5215587253538 393.78728805842366 -738.6349666583609 389.14626017611795 122.66997078904154 463.20924646046836 -781.7382436575148 378.8984528286484 87.04404083287393 439.3468222236481 -777.1714011277512
1150.0048855897958 1.390102364795895 2.865769440237191 1.390102364796006 0.0 1.3901023647959025 0.6950511823978147 0.6950511823979375 0.6950511823978208 0.6950511823980122 1.3901023647959718 1.5541816916834856 1.5541816916835194 2.865769440237347 0.0 1.3901023647958652 1.3901023647958424 1.3901023647959005 1.3901023647958601 1.3901023647958874 1.390102364795914 1.3901023647959319 0.6950511823981405 2.8657694402372496 1.5541816916833913 0.6950511823980502 1.5541816916835578 1.3901023647959116 1.3901023647960216 2.865769440237247 0.0 0.0 1.3901023647959287 0.6950511823979455 1.5541816916834101 2.865769440237269 1.3901023647960344 1.3901023647959383 0.0 0.6950511823978991 1.3901023647958872 1.3901023647959725 1.3901023647958806 1.3901023647958977 1.5541816916836215 1.3901023647959285 1.9659016173815154 1.5541816916834637 0.6950511823980672 0.6950511823979814 1.3901023647959607 1.5541816916834466 1.3901023647959538 1.3901023647959674 0.6950511823980141 1.5541816916834816 1.9659016173814796 1.3901023647959798 1.390102364796014 0.6950511823979303 0.0 1.3901023647959319 0.69505118239801 1.9659016173812578 0.6950511823977933 1.390102364795896 1.390102364795943 1.390102364795935 1.3901023647958581 1.3901023647959245 1.3901023647960369 1.3901023647959267 0.6950511823979129 0.6950511823979473 1.3901023647958486 1.554181691683482 0.4865358276786518 1.390102364795965 0.6950511823979778 0.9730716553571467 0.6950511823977888 1.5541816916834938 0.6950511823980323 1.3901023647959698 1.3901023647960802 1.9659016173813382 0.6950511823979093 0.6950511823979423 0.6950511823978704 1.3901023647959017 1.5541816916836237 1.5541816916835045 2.865769440237319 1.5541816916835265 0.6950511823978391 0.6950511823979224 1.5541816916834386 0.0 1.3901023647959028 2.8657694402372917 1.3901023647959627 2.865769440237196 0.0 1.5541816916834426 0.6950511823980606 0.6950511823980416 1.390102364796117 2.865769440237299 2.8657694402371825 0.6950511823980298 0.6950511823980265 0.0 0.6950511823981116 1.3901023647958415 1.3901023647958766 2.780204729591899 1.390102364795968 1.5541816916834477 1.3901023647959811 1.9659016173813066 1.3901023647958195 1.390102364795961 4.170307094387757 1.3901023647959685 1.3901023647959545 1.3901023647958701 1.3901023647958641 0.0 1.390102364795856 1.9659016173813082 1.3901023647958146 0.695051182397981 0.0 0.6950511823980152 0.0 2.8657694402373055 1.3901023647958966 1.3901023647960118 1.3901023647960489 0.6950511823980335 0.6950511823979775 415.1880983940941 175.21892925728343 391.0195092638294 -710.7416387922891 414.9892674641433 185.64406062537356 444.48935974763265 -766.5389400573373 380.9309416780932 128.23753822404638 457.44488329110476 -774.6782701589289 371.8541062483148 104.78461824277058 450.4429551373412 -776.5331273908879 370.0162990681371 76.50627712047977 479.2785557180128 -778.1847524423113 373.9181836137119 114.59708279214952 421.3407354901624 -732.5432138927711 389.8843188955379 141.77867219128063 368.8763921427512 -702.6877033119769 393.2782845250796 151.30854909993792 431.58637347519283 -763.4954285598676 384.06145550504715 102.58806433686787 409.07011992194947 -737.3675290185279 390.0091324863915 111.81092871647795 414.2388670730418 -761.9534799371344 413.74283615822753 179.73445266365488 425.6147600323928 -746.2710346815448 365.7888240293624 102.4534746734836 379.87222228469824 -706.1515202578994 387.65608388273716 129.7843284579952 435.9166579238658 -734.9739574754354 353.02470912673584 68.67779034726681 431.03595664452786 -755.3019644196451 387.5595919506171 135.21659374662113 394.17885513007815 -707.1503042907977 345.75278555685895 51.697908898292205 412.940261468256 -719.8551711043128 388.4261095901667 98.03614881210316 453.93792314004594 -770.65959049964 366.3962748143076 85.35095218471778 435.64803472766584 -748.3089817287156 380.15397007015963 92.29524023146871 463.63038619222954 -772.1868235939603 384.56643687172675 108.39274167816042 388.36715167743597 -720.9565008016283 379.7172970765005 117.13074283589464 374.8450212997409 -725.3853584192073 357.2903250957997 75.5413926212232 419.9381849964897 -722.940957584057 396.73183282553487 142.03496568159588 426.3372604777004 -750.076701944611 409.1055223282591 184.3307514972375 411.33162626660476 -746.6158654719858 397.0861994620536 125.55622099871613 434.4984768618865 -769.955440237065 346.7323411208006 63.70234841679271 437.3080208163353 -759.5798193766719 371.34034165855985 95.90003690421199 401.109205357366 -735.1595105560854 340.2965182075428 56.31788357223548 384.4832380577339 -709.0442771647813 385.64061451085314 114.60143028350309 395.37847940838066 -724.6145019745292 408.9212584244084 159.8249135162551 451.19749208952555 -760.1389876049976 407.77859110003277 166.6878547199827 409.23533961734887 -730.2803001496533 361.06275682870626 82.2614315214051 399.34740840021885 -729.9050324939393 395.8290119766623 147.50894413675928 432.0924808857201 -738.3383280813193 372.5230090265936 88.95169280028476 391.74507924195706 -717.1460880151786 377.27615520040194 96.59974935203329 396.7845392355055 -712.9134133438903 376.60214091406124 111.15944522400414 380.7875870255539 -730.7737225369334 346.3862494718463 58.246701823350584 417.4173096745776 -749.242122290163 382.25276808317295 134.4877423928766 494.26395882133886 -778.6440565797911 353.5581750300138 62.590302224569584 403.946369390707 -743.4307928242641 339.14717942848745 50.00867155144522 426.33738251629177 -735.4051844879677 396.0554290713936 170.22847201093705 401.6383762206286 -721.5550917794025 369.23129378338956 108.8634502819958 486.3807738435093 -777.3954957046939 407.68513744442157 172.79510323350766 369.3903573236088 -707.6015686464222 392.1348486596868 107.2971025323013 386.3618244015067 -724.6342117977127 384.7897760624558 140.9520814544945 444.49936343872156 -752.0672019855282 360.3188055618021 99.53637640041386 447.64907087740715 -762.9937118699692 364.8375212315301 70.48771581576199 428.12478821259634 -742.2719141507774 359.40567668454696 71.12310240154179 377.2625714324859 -702.2357439717432 366.2944928592823 96.57118316561845 422.3442524194168 -739.0220929196975 399.33569870830996 137.9778575884076 442.9468329477155 -755.381797240104 398.6742135307693 153.05329518368552 405.8400191824157 -706.5814531348959 379.46874724101195 122.27235732665294 387.1710499347433 -736.9613540140602 364.0615920501731 77.95902537818242 472.70910841989325 -781.1045946912299 385.0648917369622 123.29421217367357 382.16879563855156 -713.3801801881925 395.82914910375047 119.31777407963192 391.7281900859459 -728.7331056513104 374.61712171961796 124.05694193081935 373.96036551677884 -710.9361461539555 397.08106870626045 132.02168779266836 416.6278789030699 -743.2883620633409 415.057477857449 190.50892376550053 427.1838922773267 -759.049472230337 400.7196392647003 159.64277222653033 402.59246878140465 -715.036741694679 370.4075091421535 82.48050451867458 407.1906216405856 -711.431247762439 401.262974269087 166.28703582099936 405.99149481366396 -718.353673600874 406.83823127888013 177.98570386676 412.1071770409947 -755.3371322771027 376.5324834880053 102.44694899471158 400.71845292584277 -709.33680248297 360.30685528300745 93.28893099298365 416.85553590861144 -735.9449375759373 401.9217371445058 171.93593959382412 455.91921257756 -781.3363121337094 406.486281382933 150.6920633937284 482.4388049974909 -781.7409390534143 364.3045289110201 90.60106373463725 376.5116848026649 -716.7685393706577 352.66968774568966 56.32425439020423 395.72659875064727 -738.6863766761754 388.0389094918336 120.02109985518372 464.79100257175276 -780.834512785874 377.4714938587951 85.72950652318985 441.27861466212727 -776.9767017948409
1160.0048855897958 0.6950511823980607 1.3901023647958848 1.3901023647959154 1.3901023647959312 1.9659016173813235 0.0 0.6950511823979314 0.6950511823979406 2.865769440237236 0.6950511823981221 1.390102364795923 0.6950511823978879 0.6950511823979135 1.5541816916834474 2.865769440237316 0.6950511823979363 1.3901023647958834 1.3901023647958928 1.3901023647958914 1.3901023647959336 2.8657694402372655 0.6950511823981301 0.6950511823980092 1.5541816916834057 1.3901023647959956 1.3901023647959854 0.6950511823979726 1.3901023647960065 1.3901023647959325 1.5541816916833817 1.390102364795932 0.0 0.6950511823979466 0.0 1.3901023647959354 1.3901023647959156 1.3901023647958644 1.390102364795955 1.9659016173813155 1.3901023647958448 1.554181691683463 0.6950511823978192 1.3901023647959876 0.0 0.6950511823980363 2.8657694402372065 1.3901023647959 0.695051182397876 0.695051182397881 1.3901023647958775 1.5541816916834603 1.5541816916836035 1.3901023647958854 0.6950511823980092 0.0 1.3901023647959354 2.8657694402372917 0.6950511823980285 1.3901023647959587 1.390102364795933 0.6950511823980533 1.3901023647959116 1.5541816916834843 0.6950511823981121 0.0 1.5541816916834525 1.3901023647959447 1.390102364795913 1.3901023647958686 1.3901023647958828 0.6950511823979156 1.3901023647959525 1.3901023647959854 0.6950511823980903 4.17030709438773 0.4865358276787728 1.3901023647959405 1.390102364796021 0.486535827678602 0.6950511823981178 1.3901023647960056 1.390102364795972 1.3901023647958823 1.39010236479581 1.5541816916834474 2.780204729591804 0.6950511823980018 1.3901023647959911 1.5541816916834867 1.9659016173813515 1.9659016173812407 0.0 0.6950511823979942 1.3901023647958406 0.6950511823980192 1.5541816916834756 1.5541816916834763 1.3901023647959316 1.3901023647959656 2.8657694402372003 1.3901023647959712 1.3901023647960107 1.3901023647959765 1.390102364795917 2.8657694402372718 0.0 1.5541816916835232 1.3901023647959205 1.3901023647959345 1.3901023647958597 1.5541816916834559 0.6950511823977911 0.6950511823979543 1.3901023647959605 0.0 1.3901023647958626 0.6950511823980021 1.5541816916834466 0.695051182397899 1.9659016173813206 2.8657694402372353 1.3901023647958712 1.5541816916834716 0.6950511823980722 0.695051182397961 2.8657694402372704 2.8657694402373637 1.3901023647960316 4.170307094387841 1.554181691683511 0.6950511823979353 1.3901023647957431 0.6950511823979348 1.390102364795917 1.5541816916835367 0.6950511823980206 0.6950511823978842 1.390102364796019 1.3901023647959212 1.3901023647960078 412.2247565994623 170.06280771103238 395.33083612416095 -711.6411838164372 413.3368479034512 181.90069587641952 446.4108303869542 -767.1705496656647 379.0645282753813 124.72435324424563 460.07799815537186 -776.1521069555761 369.58281045257917 101.63775575530812 451.58186769774284 -777.1507375293719 367.3010957099313 74.26464814521312 481.2810083822926 -777.3576495190862 372.2655028267266 112.45115192821072 422.89371743940734 -733.2952306031157 389.1784157605823 139.28652383709593 371.28361577834056 -703.6440234782799 390.29111900277843 147.76230017772144 433.5170401917576 -762.9365639688331 382.36125795780725 98.93182433761226 410.213897263576 -736.7607043326274 388.0621928085401 109.92729724079561 416.16962523259133 -762.1263423353339 412.1137057840045 175.44428298275523 427.155929824561 -746.453304580618 363.19793375491025 100.1012076428473 382.3266803935924 -707.9056112355196 385.8701674871906 127.23425164804918 438.9947851972988 -735.959015854291 350.9751272488137 66.87404441146504 433.3561920166297 -755.3213331599978 385.48444206714737 132.92714489755613 397.6873224470677 -707.719773295944 343.9562134243694 48.65244953547155 417.21900830817384 -721.0968236897738 386.59810597857165 96.56180905390026 455.79875744702724 -772.4678730110838 365.27134826659335 83.76924322557265 436.8093044629601 -748.5229570157617 378.7316408208286 90.97595603127291 465.8476667406589 -774.0405159235859 382.68482341329405 105.41558944942145 391.0453972301293 -720.5862078202487 377.97574430937493 114.02605838789142 375.5274058901025 -724.17084871038 355.52339184236865 73.49333025813576 421.89155869604025 -724.6459595144149 395.07469822643503 139.3634894655914 429.4229900598932 -750.0837979568184 407.29794523117823 181.26306235963156 414.03460347258493 -746.7516972494615 394.8980522914039 122.85046530617647 435.65380762934603 -770.5575184467225 344.8859721440361 61.21089648967604 440.3992963917183 -759.4368248769999 369.84433664837206 93.6158363308129 403.4053780301976 -734.6887872764728 339.6396736444134 54.34168141786978 389.1472523491752 -709.3075514219477 383.09277250231304 111.18084625851198 397.70435075934796 -724.6760410669056 407.22658782638274 157.71131124091067 453.4990314742541 -760.5939547811982 406.201137334323 164.99055648988494 411.5736572516028 -730.9908963137499 359.621479789429 79.42439394866979 400.15436974766675 -730.6455338104537 394.2849935254201 145.25578197918765 435.1817859911381 -738.7311683564395 371.6842729444611 87.11780615167845 393.6340907281518 -716.4534155173213 375.9967500605945 95.1533924587673 401.4542014366815 -713.4350747620217 374.03259751697044 108.27567714489203 383.8944137235075 -730.9474650745582 345.0212914995766 54.843167021669444 418.97095337428135 -749.9866298238501 379.4309000727884 130.79380365514044 496.1112866607113 -778.8517212215171 351.6264488963565 61.1941338806966 405.4732728252162 -743.006674496532 337.72989347226564 47.49134812670293 428.6609249054836 -735.5775716371018 395.04725532240366 168.002950228936 404.74597642381775 -721.8099017292781 367.3246604521235 106.42401320023501 488.69483429551934 -777.780438806209 405.84315364832133 170.8162175375373 370.5075955744459 -707.1230923449622 391.1051522804416 106.14638034432086 388.2979762785244 -724.7030025328096 382.7637802544644 137.57570012227913 447.19706654264036 -752.702047053252 357.43991762994176 97.43648360134698 449.5706545077065 -763.4432793007594 362.4887352906392 68.95096507057686 430.43742736912753 -742.6613198643101 356.9066609023747 67.9266443297347 379.6881475168718 -703.5982032481635 363.85405616061047 94.08830678443069 424.66742078342315 -739.3891467602502 397.5639721517156 134.88993054761278 446.0175455298545 -756.6022111520517 396.96441902582615 151.47874524934068 408.9479971290537 -707.0172149719679 376.6330945769937 119.11113051052011 390.2500529831113 -736.7750956932176 362.4380882495821 75.78951176224747 474.6703087399667 -780.6380253967618 382.5671930351366 121.38707809365454 384.48099407349684 -713.2257140916508 394.4491910893883 116.92171402571817 393.6645492410015 -728.8238082761943 372.3266483418212 120.92321067624421 375.5053549044531 -710.8061588746459 395.45876201033565 128.8007353570367 420.1045293750795 -743.4345450358287 412.6993317292493 187.42823343093386 429.115441195142 -758.8628102577575 400.78504708510246 158.0062103233695 406.8711660679253 -715.6107431890196 369.42823275562614 80.77459354717107 410.30465176107276 -711.8917007725462 399.3255896625784 163.34364086347045 410.2539285462306 -718.5607903888066 405.4203003058678 175.61372687782065 413.2616728293504 -754.7348870538281 375.10714478243125 101.13156096677548 404.2254263880106 -709.9334586999381 358.1979224663137 90.00211480734632 418.4057732283443 -736.3103653925533 399.98357885515424 168.99304016217627 457.5146302455457 -780.2489538029882 404.8704363754756 150.07911814579745 485.53204902221574 -781.6036249823998 362.8127917789723 88.31299035622959 379.22478842810517 -716.7526985818748 350.59038584436496 55.05661126089359 397.642829292086 -738.3997941721418 385.2817008291868 117.82612337791565 467.1555107594073 -780.009575924234 375.3989549091706 83.9516731003772 442.4139527187524 -777.9669054487339
1170.0048855897958 1.3901023647959332 1.3901023647960247 1.390102364795984 0.6950511823981551 1.5541816916833775 1.3901023647958903 0.6950511823979795 1.3901023647958437 0.0 0.0 2.8657694402372313 1.3901023647958857 1.3901023647959168 1.3901023647959398 1.3901023647959931 1.3901023647959778 2.8657694402373437 1.3901023647958763 0.6950511823980172 1.3901023647959223 1.3901023647958766 0.6950511823981684 1.9659016173812995 1.3901023647959883 1.3901023647958959 1.5541816916835582 1.3901023647959911 1.3901023647959518 1.390102364795922 0.6950511823978268 1.3901023647960231 0.0 1.5541816916833895 1.3901023647959538 0.6950511823979567 1.3901023647958408 0.6950511823980113 1.965901617381399 1.3901023647959105 0.6950511823979081 1.3901023647959305 1.3901023647960085 1.3901023647959425 1.5541816916835443 0.6950511823979802 0.6950511823980514 1.554181691683466 1.390102364796022 0.6950511823980101 0.6950511823979713 2.8657694402372327 0.6950511823978246 1.3901023647959825 1.3901023647958697 1.3901023647959612 1.3901023647959387 0.6950511823979186 0.6950511823980392 1.3901023647959672 2.865769440237242 1.3901023647958946 0.6950511823981639 1.3901023647958617 1.3901023647959145 0.6950511823979446 0.6950511823979816 1.55418169168343 0.6950511823981098 1.390102364795966 2.865769440237167 0.6950511823979807 1.390102364795979 0.0 0.6950511823978344 1.5541816916834745 0.4865358276787728 0.0 1.3901023647959905 1.3901023647958848 0.6950511823977964 1.5541816916834321 1.3901023647960358 0.0 2.8657694402373317 0.6950511823979316 0.0 1.3901023647958985 0.6950511823978873 2.865769440237188 2.8657694402373406 1.9659016173813266 1.3901023647960082 0.0 0.6950511823979005 1.965901617381423 1.5541816916833036 1.5541816916834452 1.390102364796014 0.695051182397949 0.0 0.6950511823980153 2.8657694402372407 1.5541816916834603 0.6950511823978583 1.3901023647959985 1.3901023647959894 1.3901023647959825 1.3901023647960364 0.6950511823978893 0.6950511823979819 2.865769440237233 1.3901023647958544 0.0 0.6950511823978834 2.78020472959198 0.6950511823980641 2.8657694402373144 1.5541816916835491 1.3901023647959174 2.865769440237187 0.6950511823980454 0.6950511823978289 2.865769440237243 0.6950511823980224 1.3901023647959005 2.8657694402372917 1.965901617381422 1.5541816916834148 1.9659016173814314 0.0 1.3901023647959179 1.3901023647960788 1.3901023647959139 1.3901023647959934 1.390102364795926 1.3901023647958566 0.6950511823979735 0.0 1.5541816916833708 0.6950511823980424 410.69839120498943 167.26676988987703 398.43561302195627 -711.9319472467431 411.39848650413387 178.9590845022681 447.9822358760035 -766.8629020546668 376.790132439641 121.57873492252261 465.13621247243526 -775.9998431203381 366.9785674610626 97.76192087314361 452.4246737633545 -776.0560691695049 364.9686398432721 72.69832968114169 483.9224206352909 -778.08530525942 369.50355693421017 108.71123763772906 425.59070368488153 -733.9000570618667 387.11515809332406 136.98690412219628 374.02416984520505 -704.2415218438313 389.4287579066835 145.94064824594952 436.2355856102682 -762.4547729327655 379.3820612584803 96.40532539111777 412.5283507972522 -736.7588224398686 386.46094123813606 109.28005668594896 418.09780870443234 -761.9641490155869 410.18111501901035 172.4989231181499 428.3214531784169 -746.2831980657404 361.6548675959009 96.84299704588483 384.30355656595987 -708.7703938783832 385.0203301587323 125.40518184565606 443.22691752384515 -736.3122495349637 348.01553630188414 63.81484605465764 434.90026551115085 -755.3756388717952 383.8284444718264 130.78127593685448 400.01375058380194 -708.0307623630918 341.6333485083255 45.559265241293325 419.14866218734426 -722.8320861126817 384.23694678851973 95.0366844742247 458.4729716834557 -773.0461279803335 363.91415516390555 81.87327138393064 439.5007509435626 -748.81192503687 376.6276780654567 89.73301848149401 469.81093632047657 -773.2490543336553 380.64543566077094 103.09752357506513 392.96604790431417 -720.3220705502382 376.11122945583895 111.03583345896777 377.84379863828684 -724.0458747344732 354.19212811095787 71.5799818483227 424.18457377437124 -726.7947636994769 393.29612466916814 136.80975594627867 432.10357687282954 -751.1018425377512 402.92192831339275 177.94565068536681 416.35221740644386 -747.1579867016446 393.98112179487276 122.11325217567816 436.8487689593618 -769.6438551288525 342.939661881415 57.80938931016455 441.9084525535707 -760.2679521899898 367.64281796504866 91.94707851727024 405.7165225313536 -734.2732057795649 338.8221713961057 51.0669736739751 392.2613663561628 -709.7650851252224 381.15876915765256 109.28341132114508 398.4955579127906 -725.4247214985545 406.1852711086073 156.57013736532812 457.7254839301142 -761.064712317959 403.4955342649944 161.18708514460027 413.51115984972216 -731.1779729433264 358.62922930680156 78.24647292334114 403.2423453544279 -730.5860509629061 393.19117807597513 142.60276743108352 437.8737123555804 -739.1944056383373 370.02607933425065 85.48237743416358 394.79273053217014 -716.5978534415121 373.5386491043566 93.20008405640671 405.32384594212357 -713.7242166212103 372.2098712233252 104.7350769994788 385.8110951001538 -730.6720970776473 343.8520736790057 52.07988694325339 420.89695036577325 -750.5854358258715 378.24159222435276 127.71632038276222 499.36816774899694 -780.5420368293009 349.31142370465733 58.61260673669536 407.78865288926875 -742.6132376263004 336.4464268478125 44.133601090273054 431.74772999322994 -736.0052856643445 391.2340485348987 164.6912032652026 405.9072085030436 -721.9816912233667 365.7661860319955 103.16964822944755 492.86862519642386 -778.5814574466409 403.5353809881005 167.16756121408574 372.86365230063444 -707.5511240104768 390.0830514763438 104.98685268191237 389.46643002120817 -724.8510189190018 381.36325485638287 135.71764658321933 451.0431518214607 -753.2742217466874 355.67103286810806 95.38879133510935 451.1525589284355 -762.9643123488441 359.3799093169973 67.02002901389915 432.3732555016721 -742.5175807380068 353.48864463687914 64.98398017973518 382.45844796660384 -704.8150722276839 361.3188467560579 91.43094355147358 426.60341519666696 -739.226258717204 397.73751092870185 134.21617518623322 448.32494451417847 -756.8981998659241 395.3211325446802 148.80009458611127 412.4204544807687 -706.9495848535989 373.72561918411367 115.23828573489494 391.79148686193497 -736.7244674977613 359.4229399278464 72.77882632306857 477.0738404350233 -779.9343344270956 379.4938296447956 117.92039994360012 386.38512959417193 -712.5674976096378 393.4195658498951 115.76900931098267 395.22130651097706 -729.1632974585854 369.40309443461945 117.32196952580617 378.20884831285474 -710.8546223104016 393.8827703863223 127.62006748122964 421.649627692578 -743.4480203177536 408.64089672342516 182.76539285979553 431.4139950614784 -759.5042675733334 397.90224402185453 155.4079684485118 410.36032934830115 -716.1253114313857 367.130318634823 78.66988112673332 414.17742270094067 -712.6127495850853 397.6425953062293 161.21855212717406 414.13110976251295 -719.282504164564 402.4229489458894 172.07415727328083 415.5816583141103 -754.751460739038 373.5875652851486 99.38283002596204 407.31093777164335 -709.8577276142528 355.8962521599762 87.89897477841755 421.10167224175626 -736.7208070642922 396.78068467137547 167.21473944997157 459.9385511410861 -778.8899630088165 404.23586512569153 149.09040519641988 487.8995756065931 -781.3239320314033 361.89345559345185 86.04772315557042 381.1144721638978 -715.8804573477295 348.91434689252736 52.933759798390284 398.0463512353392 -739.3611099192872 384.8346744629109 116.16041878457665 469.12617867969277 -779.6156388254105 372.7970671003767 82.1076208377666 444.363946770625 -777.490050731479
1180.0048855897958 0.6950511823979619 1.5541816916834215 1.3901023647959945 1.3901023647958546 0.6950511823979428 1.9659016173812482 0.69505118239795 1.3901023647960122 1.5541816916834368 2.865769440237255 1.3901023647959179 2.8657694402373197 1.3901023647959891 2.865769440237248 1.5541816916835005 0.6950511823980782 1.3901023647958883 0.6950511823981311 0.0 0.6950511823981341 0.6950511823979909 0.695051182398029 1.3901023647958823 1.3901023647958475 1.3901023647959725 1.5541816916833497 1.3901023647959216 2.8657694402373672 0.6950511823980443 1.3901023647959014 1.3901023647958786 0.0 1.3901023647959778 0.6950511823980475 1.3901023647959436 1.3901023647959934 1.3901023647959956 1.9659016173811712 0.6950511823979522 1.3901023647959991 2.8657694402373153 1.3901023647960147 0.6950511823979281 1.5541816916836073 2.8657694402373193 1.3901023647958883 2.865769440237221 0.6950511823981322 1.390102364795954 0.6950511823978723 1.3901023647959123 0.6950511823979947 0.6950511823980062 0.6950511823980737 1.5541816916834503 2.8657694402373792 1.3901023647959423 1.3901023647959316 1.3901023647958741 1.5541816916834823 1.390102364795912 0.6950511823980956 1.5541816916834599 0.695051182397919 0.0 1.9659016173813175 0.6950511823979586 1.3901023647959332 1.5541816916834166 1.3901023647960413 1.9659016173813086 1.390102364795845 1.390102364795893 1.3901023647958466 1.3901023647959996 0.4865358276785224 2.8657694402372917 1.390102364795978 0.48653582767852954 0.6950511823981028 1.5541816916834343 0.695051182398056 0.6950511823980348 0.0 0.6950511823979796 1.3901023647960564 1.3901023647959632 1.3901023647958426 1.5541816916834286 1.554181691683537 1.5541816916834656 1.3901023647960398 1.5541816916834885 0.6950511823980846 2.8657694402372638 2.86576944023739 0.6950511823980059 0.6950511823977725 0.6950511823980152 1.3901023647960244 0.6950511823979709 1.965901617381347 1.3901023647959445 1.3901023647958453 1.3901023647959245 2.8657694402373 0.6950511823979253 1.3901023647959803 1.3901023647959814 1.5541816916835858 1.5541816916834685 0.6950511823979322 0.6950511823979956 0.6950511823977807 3.108363383366933 0.6950511823979968 1.3901023647959225 1.390102364795817 0.6950511823979288 1.5541816916834792 1.3901023647959485 1.5541816916834479 1.3901023647959436 1.3901023647960065 2.8657694402372673 0.6950511823981312 2.8657694402373437 1.3901023647959283 1.3901023647959325 0.0 1.3901023647959645 1.5541816916834346 1.5541816916835225 0.6950511823977745 1.5541816916833868 0.6950511823978016 1.3901023647959343 1.3901023647957795 0.6950511823979392 0.0 409.8278148888888 165.45000692463842 402.29654058212463 -712.4832970713145 409.03032300155223 176.93884283229204 450.2563894899307 -767.45776539708 375.0528534937368 118.9948645352344 467.77920189261016 -776.71755008726 365.0837052502117 95.81941078995656 453.8426599932143 -777.3765558458149 363.19580849684354 70.15769696163733 487.09068291267056 -777.7702590015322 368.0867960522575 105.85726561868367 429.4128354356877 -735.0174693460224 384.92291027389683 134.79943177960106 378.6672072928421 -704.2796041940823 388.3574780976732 143.2785691304416 438.4950727169743 -763.3742328946241 377.2933791046613 95.13970223080264 413.70318259317173 -736.2004849123335 386.03023357188914 107.6083970770837 420.0229086727447 -762.230127742237 408.6225567994285 170.78596256878734 429.8501615492004 -746.5367133649701 358.85168851493205 94.39881497654437 389.3177942711334 -708.4686936865897 384.76692957776226 123.06125724145781 445.478252759497 -737.2528539732189 346.4709777641947 61.10579222441633 436.0637552143553 -755.2685955449487 383.31321284504133 128.1490508712914 402.32826124438145 -707.8238767899643 339.15376053045384 42.10854151623327 421.03736651551395 -724.6208651613947 382.3949098237384 94.06729566954839 459.15259107352824 -773.8972391434464 361.0618820821009 78.34282965831105 442.21372104503564 -748.8041066537357 373.9954420553365 86.898562718273 472.77959659311284 -774.4121244459235 379.6391415354542 101.9277378635218 396.05639292357574 -720.6659754080996 374.1362297485143 108.14790493749014 379.7773870577363 -724.193304710301 352.75635303731445 68.78470546497037 426.0324704508553 -728.993257792618 391.53799285294076 134.24063079129118 434.40885893384603 -751.4125633423033 401.67552578561424 175.42526735500326 418.26432878388187 -747.7956844393879 392.74144297824705 120.11713593055299 438.38575800349474 -769.745714208375 341.7870198956993 55.28815204961602 444.5634322187633 -760.852708422935 365.66702595384305 89.57327584186756 406.87823762633707 -734.0934681211376 336.4065942098571 47.0980290906309 395.7498661158307 -710.5026832374649 379.8582109530221 108.36432569537558 401.97004492594994 -725.6057147835162 404.74934648595604 155.26500051265447 459.5969055051166 -761.8420051906959 401.9708244549285 158.92216955601887 415.04779884347323 -731.595360598279 355.78275736772457 75.5878521832018 404.78520828797457 -730.2084714601677 392.08664174089995 140.4853758016103 440.9082987347964 -740.1438817999815 368.0030975609918 83.65082232242055 397.1052527190188 -716.1978808442021 371.30193597937176 90.5397149109058 408.4151718107363 -713.9212535680007 371.18889073022336 102.05137351923958 387.3530380133449 -730.650165665967 341.6458517395209 48.43188054868482 423.578443867526 -751.2709393639475 377.5905950504546 125.21375186494693 502.30501756035596 -782.7496149206216 348.23155195004523 55.56408575924807 410.8805402336856 -742.6827902064646 333.9460207973867 40.367616709296335 435.9668306817951 -736.7630665293755 388.9386523610785 161.56239593229714 407.8409744426189 -721.7976815410425 362.9696292922349 100.47644231564794 495.8644563835269 -779.4281090805734 401.89227033077975 164.48785657114732 374.41920773646234 -707.4996482775314 388.27547176170214 103.48476267430266 391.01592964152684 -725.217518096124 379.35576399536694 132.85530390202626 453.20438047100123 -755.2134900487761 352.96050035929426 92.11711915922113 452.65380344311376 -763.5004773637162 357.9355268932827 64.22539724397231 435.06585219192357 -742.8422082928256 352.0819360568912 62.168829767150235 385.1818748559157 -705.5269604920901 359.2489380392844 88.63180386706803 428.8704716276943 -740.4696354102404 396.82592153247776 133.47769350453487 450.11914125809375 -758.5982465068419 394.21300056711857 146.68432126967866 415.12846101924964 -707.544742870354 371.8898653750343 112.23314763811618 393.7197597815023 -736.5176652883275 357.9755172256079 69.98524983696082 480.9782302957166 -779.9073786266375 377.68867236064915 114.37506677869543 387.92659992268153 -712.3526363177023 393.27420175522866 113.84295311752604 398.3113085262283 -728.9625087743676 367.71911420297386 114.18667372551208 380.9053187187823 -710.7795075176673 392.46252907306535 126.29688714041089 423.19667678640695 -743.4980499337704 406.4189407037069 180.61356301174214 432.98804960358797 -759.0047012252527 396.81800741431795 152.7531260431098 412.65865871036016 -717.872450531926 365.518146992563 76.98770485681624 416.0827419577462 -714.3754456078083 395.57575636978885 158.9217604937552 417.5795076446875 -720.8777797650379 400.4909263695811 169.65608491527988 418.2778141831636 -755.0394983107749 370.9970201048572 96.010297215301 408.86067570874775 -709.86277006941 353.5531578551261 85.32921431623785 423.0289513241549 -736.9789478288475 394.5387701449932 165.59774740177218 461.4914753367622 -778.8780537546525 403.0319720434111 148.61258259647286 490.5458515070828 -781.9149226171851 358.97165342506224 82.45604353991888 383.0517432509277 -716.0151628076175 346.75250200249343 49.724465411940265 400.74979452249903 -739.558760934983 384.4040940893647 114.48999265700472 473.34537620617994 -780.1682969009646 371.7189772256151 80.49438322700448 445.53933713129015 -777.3902433366397
1190.0048855897958 0.6950511823979918 2.8657694402373046 0.6950511823979683 1.390102364795873 0.6950511823978981 1.5541816916835294 0.695051182397985 1.3901023647960444 1.3901023647960005 1.3901023647959336 0.6950511823979183 1.5541816916833098 0.6950511823980275 1.5541816916835305 1.3901023647959612 0.6950511823979232 1.3901023647959658 0.6950511823981582 1.39010236479593 1.3901023647960116 1.390102364795969 0.695051182398114 1.3901023647958988 2.1979448267707946 1.390102364795981 1.3901023647958246 2.8657694402372167 0.6950511823980731 0.6950511823980277 1.3901023647957509 1.3901023647960162 0.0 0.6950511823979412 1.3901023647960233 4.170307094387814 0.6950511823977622 1.390102364795948 1.3901023647960344 1.390102364795917 0.6950511823981698 2.8657694402372624 0.6950511823978844 1.3901023647958677 1.3901023647961204 1.3901023647958883 0.6950511823980862 1.5541816916835702 1.3901023647959136 0.6950511823979876 1.3901023647960313 0.6950511823980121 1.3901023647958988 0.6950511823980505 0.6950511823980644 1.390102364795998 2.865769440237276 1.3901023647959245 1.390102364796021 0.0 1.5541816916834117 0.6950511823979814 1.390102364795851 1.9659016173812627 1.3901023647959636 0.6950511823979005 1.3901023647959359 1.3901023647959427 1.3901023647959327 0.6950511823978867 2.865769440237195 1.390102364795986 1.390102364796 1.3901023647959567 1.390102364796006 0.6950511823979185 0.9730716553572454 0.6950511823980138 1.3901023647958446 1.9659016173813402 0.6950511823981743 1.5541816916834352 0.6950511823981387 1.390102364795951 1.5541816916833662 1.390102364795923 2.780204729591886 1.3901023647959239 0.695051182397849 1.554181691683463 1.3901023647958282 2.865769440237273 0.6950511823979567 1.554181691683384 1.3901023647960162 2.8657694402373246 1.55418169168344 1.3901023647959656 0.6950511823977716 1.390102364795941 0.6950511823980945 1.3901023647959456 1.3901023647960133 1.554181691683451 0.695051182397874 4.17030709438777 1.3901023647960977 0.0 1.9659016173813255 1.390102364795999 0.6950511823978461 2.86576944023729 2.865769440237369 0.6950511823979877 1.390102364795991 0.6950511823979381 1.3901023647958346 0.6950511823979154 2.865769440237322 0.6950511823980355 2.865769440237321 0.6950511823978871 1.5541816916833808 1.3901023647958823 0.6950511823979434 0.6950511823979494 1.5541816916834146 2.86576944023727 1.3901023647960356 1.3901023647959763 0.6950511823981231 0.6950511823979336 0.0 1.5541816916833668 0.6950511823979396 2.8657694402373055 0.6950511823979293 1.390102364795924 0.0 2.8657694402372282 0.0 407.9437015508234 162.47338393916468 406.527327848423 -712.7722079874856 408.453821744901 174.85777509527745 452.6257157465205 -767.1571819780742 373.8511908966887 116.97767462222909 470.7752226238268 -777.5440467329094 362.76791180469195 93.22025815996962 456.5496985238241 -777.546982989753 361.18682650054313 67.8018619080512 490.23994606276295 -777.724972829647 366.27349414095295 103.3466169001744 432.47902506319406 -735.4399186462595 384.1644699649891 133.92216084050222 380.98645871309185 -705.8023508239133 386.6604227652224 140.15044165296104 439.6693354791559 -763.3004514646755 375.53401019086033 93.58309274261312 415.23512389834116 -736.6723644593974 383.89566056777056 105.36616449490842 423.10149183174843 -762.4601086959066 407.134999099629 167.96984346406384 431.36342712747773 -747.0377561535736 356.66775594486046 90.69920171407267 393.5648685822656 -709.4745867896074 383.56140197750506 121.04221755406488 448.11478932241744 -737.9152652054952 345.18360321581304 59.6537683683191 438.74454691700856 -755.7170705377779 382.0119632580402 127.22493726937307 405.01822125427117 -708.4532484943145 337.89628231565416 39.6800533909685 423.2726659946322 -726.0967503198085 381.1129772402869 93.12014827335257 459.91930590628533 -774.0038549037749 357.7269846046305 73.9644519369299 443.7847983895802 -748.5699028308284 372.6687408201082 84.00487722424596 476.1160906968511 -775.5043962197763 378.36135427501546 100.9829495439384 397.59140726102555 -721.0750900696002 371.5757797988547 104.7505498236511 382.0949274990673 -723.8037386421325 350.4587544697284 65.68256000427904 427.411661151453 -731.4082042824335 389.3020437665893 131.0666490792569 435.9370433572024 -751.542977110086 399.2125551519185 172.96808467065557 419.8292519224269 -747.5110562780086 390.8300473820592 118.19188022572897 441.4563729669624 -770.0764097379132 340.6741692022931 52.76005399277131 446.5465402603528 -760.4941629633278 363.45040079408346 87.38755597011688 408.8247961636783 -733.777456836786 333.9163123138707 44.60721082709805 399.987664962269 -710.7604029473239 377.88411075939183 107.50214327206459 403.1501803598758 -724.6664180641804 403.35563291514256 153.40347007631712 462.5355040711182 -763.212743546339 399.6946128073238 155.7808552818266 417.7410415807031 -731.9260138092953 352.9933143720956 72.85712207484319 408.2730168720357 -729.9246859268312 390.9300065075242 137.39808006408356 443.93826027703136 -740.818834862185 366.01832148459783 80.79762715491853 398.6557625735851 -715.8383126018779 369.03749904215516 87.40509482186216 412.63084870608805 -715.0112864932372 368.59290918862894 99.1833912532552 389.2819461087572 -730.0996008863651 338.76693559805034 45.744715731416846 425.52049251867 -751.218459696605 376.385598523988 123.2010994510105 503.88367423171434 -782.9300098782708 346.4192122082666 53.059948515093254 413.17002331454705 -743.1869204632352 332.7922041414016 37.93383349702666 439.0139120171775 -737.3859878373082 387.0717721164523 158.57533003920864 410.18084989223036 -721.0948628827882 360.54123142312307 97.47562632905392 499.0053533545127 -779.4277174738955 400.0127456694445 161.50968923623415 379.0711645314087 -709.3742955714894 387.27816328400917 100.79378159061258 392.94907413459225 -725.4308866732694 378.4721207613701 130.0525715540301 455.4750581317125 -755.673945891221 351.02779254102165 88.7139990437963 455.02835092793964 -763.2087306534414 356.0231329900098 61.31444949567891 438.51717730625955 -743.3170515943677 350.1864298479521 59.243843670514906 388.65062708129307 -706.88132356896 357.7130031470037 85.41223958613423 431.17949338479 -740.6338929056337 396.31986627164997 132.89085004788615 453.1830329702961 -758.9484643802028 392.251258803626 143.26862039625053 418.5708172970495 -708.6276304459064 370.30753472975204 110.02993059380627 395.6378222842145 -737.1367099533055 355.67369711346794 66.88480143326154 483.7731269145313 -779.5854234925904 376.3943390315193 111.93401912806249 391.01133847132854 -713.1475306085624 392.859586157007 112.16093981895068 399.10868028366417 -728.204867320203 365.2997724741145 110.66932231708944 384.3813517807793 -711.7394203164267 392.2497546870161 125.45639283737246 425.50649331763043 -743.660605487095 405.041291300913 178.2171227406045 436.0305644693801 -759.6707367772059 394.66528909566307 150.01745836274773 414.5736781865754 -718.336379044922 363.16632747157513 73.92735504440923 419.1969470412476 -713.9239547941894 394.3295218050244 156.93133392111906 420.23019275001053 -721.9712930829429 398.57710493293797 167.2224554527494 420.2654647052852 -754.1965343401465 369.36220483176754 93.36796895549972 412.70328565188674 -710.5476322442327 352.12956473201893 82.52062149247355 425.75116949665147 -736.7685908676643 392.31095730545206 163.96222534521496 463.48155299058374 -778.5767310191425 401.50122616892423 146.87425677158328 493.71939414736624 -781.6921512241444 356.76797757873356 79.28307231532432 384.2103201346342 -715.4352359839258 343.729468587672 46.19012226760454 401.1192407429682 -740.1443119175759 383.0131871606944 113.13442483850457 476.78024764937686 -780.6966407637534 369.10310668384136 77.15310863178341 447.58651701780616 -776.4571316231927
1200.0048855897958 0.6950511823979573 1.9659016173812078 1.3901023647958586 0.6950511823978714 2.8657694402372957 0.6950511823979992 2.8657694402373037 1.3901023647959703 1.9659016173813486 2.8657694402372957 0.6950511823980322 2.8657694402372726 0.6950511823979523 1.5541816916835318 1.390102364795887 1.3901023647959494 0.6950511823979146 2.86576944023727 0.6950511823979942 1.3901023647959705 0.6950511823979301 1.390102364795872 0.695051182397942 1.3901023647960788 1.3901023647959143 0.0 1.3901023647959612 0.6950511823977822 1.390102364795889 1.9659016173812183 2.1979448267707133 0.0 1.390102364795927 1.9659016173813897 1.390102364795938 0.6950511823980572 1.3901023647959752 0.6950511823980277 1.3901023647959445 1.3901023647958732 0.6950511823979426 1.3901023647958886 0.6950511823979783 1.5541816916834155 1.3901023647959558 0.6950511823978492 0.6950511823979428 0.6950511823980392 0.6950511823979549 1.3901023647959527 0.6950511823980268 1.3901023647959565 0.6950511823980366 1.3901023647960058 1.3901023647959065 1.5541816916834945 2.8657694402372957 0.695051182397828 1.3901023647958743 1.965901617381447 2.865769440237226 0.695051182397833 2.865769440237338 1.3901023647959152 1.3901023647959938 2.865769440237208 1.3901023647959607 1.3901023647958735 0.6950511823980419 2.865769440237293 2.8657694402372615 0.6950511823981609 1.390102364795995 0.6950511823978763 2.8657694402372442 0.4865358276785224 2.8657694402372953 0.6950511823978377 1.3901023647959678 1.390102364796121 1.5541816916834155 0.6950511823979133 1.390102364795902 1.3901023647957957 1.3901023647959199 3.108363383366885 2.8657694402372416 1.3901023647959059 1.5541816916834592 1.5541816916835822 0.0 1.3901023647958493 1.3901023647959256 1.3901023647958302 2.8657694402372456 1.3901023647959827 0.6950511823980278 1.3901023647959514 0.6950511823979366 1.3901023647960056 0.0 1.5541816916835605 0.6950511823979199 1.390102364795841 1.55418169168352 2.8657694402372687 2.8657694402372327 0.6950511823979691 1.3901023647960056 0.6950511823981631 1.5541816916834637 0.6950511823980393 1.3901023647959792 0.6950511823978083 0.6950511823980173 1.3901023647960173 2.8657694402372242 1.9659016173812158 2.8657694402372917 1.5541816916835298 1.9659016173813237 1.3901023647958606 0.6950511823979865 1.3901023647959005 0.6950511823979968 2.865769440237389 0.0 0.6950511823980741 1.3901023647959787 1.3901023647960244 1.3901023647959574 0.6950511823981318 1.3901023647959514 0.695051182397946 1.5541816916835263 1.3901023647959911 1.3901023647959148 1.5541816916834512 1.3901023647958934 1.554181691683414 407.9041428302888 160.96637225708858 410.3017493460131 -714.5052787536367 407.49783894770616 172.6080380316257 453.8524867645858 -766.7507254664554 372.26522651947505 113.7931775973825 472.77831971082435 -777.3033498603321 361.2021007885754 90.5258075247124 458.95976945814766 -777.1491592296361 359.3909756390556 64.3421178409492 493.69041784297434 -778.1959904636782 363.6767890893861 100.96850651300527 435.1084724094768 -736.3042627351986 382.4771823802987 131.31097430254417 384.44869715303213 -706.0585690632465 385.25691157158417 137.29711829356484 443.49796972167803 -763.7934452860204 374.8097082920594 91.69745072883599 417.90984942151357 -737.0780716983645 383.4380690756866 103.25865820901546 424.2709899186819 -762.3863411086712 406.6929734215668 166.30221029602706 433.66556961105596 -747.2929448047768 355.5030643091171 88.194893305216 398.20217394374487 -709.6382725812298 381.31189277533974 118.89380949133113 451.42845749641725 -739.337291275361 342.39559277035625 57.371683976267306 440.9494242452728 -756.7702876008138 381.6746846466775 124.99454642695046 408.1212989334301 -708.2175598408386 335.99601950631387 37.93523028807384 425.01725992566116 -728.3837846540973 379.94821863619586 92.55824760422388 462.3294143173956 -773.6161545032702 356.3900518483706 70.15944974336838 446.9003424892886 -748.5769605365359 371.0258899007922 80.88975990464893 479.5741616081641 -775.9219275690185 376.8738832640228 98.46848818126938 399.87624882131496 -721.9473073947896 369.4209292357332 102.02305619653751 384.4175923905591 -723.4824803232025 348.50400943150566 63.28792063376631 429.16530392592205 -733.327010040321 387.56704906570775 127.48774722276444 438.69387108090365 -751.2726103852646 397.9702705678377 170.97076738704476 421.3703409857507 -747.6505866650616 389.54907458188353 117.24731673967806 442.93418718578465 -770.6627827345638 339.4062290866342 51.28566669962416 449.1720419009411 -761.2528407924436 362.81845057174087 84.95888273174427 412.2622796151676 -734.4088606694448 330.9281880879842 41.98014021370669 404.2046106120855 -711.7141741775696 376.1897397914321 105.39277187944961 405.0695518305767 -724.9619083079111 402.12768378618784 151.39764731153798 465.52915636088574 -764.0900035939178 397.1635555328083 152.86395245966642 419.254775920553 -732.4279719152656 350.5675028002844 69.84302836396213 410.1600571578098 -730.6199901220571 389.4231630681981 134.11713560202318 447.2676214957615 -742.2089680868911 364.39550056143463 77.67135667743088 400.9472332362206 -716.3195025405596 367.53598614151684 84.17320169155327 417.21821934328864 -715.8591171654328 366.98221747208424 95.5403256404615 391.5948636797586 -730.1734216653417 335.8939062795418 43.97696801023265 428.1554343457355 -752.0652733508671 374.2519241449899 119.96066484124394 506.56937210384814 -784.6531819375926 344.4302093294796 50.21363941913369 414.64475741907034 -744.0699515465678 330.75097099375955 34.942083122559396 441.99322016282645 -738.4877107882489 384.90384419963914 156.3580657397839 411.68599144262095 -721.7630523816657 358.4216059772426 94.72225999534108 503.13303654660825 -780.4501654844277 397.87607692747486 158.76211332343834 381.3783742944727 -709.4161023105455 385.59162922719906 98.68049404384283 395.27750309743675 -725.1327897005789 376.0580372371997 126.5348936153415 458.85980809610055 -756.5671820264978 349.71429748357286 85.35314397334271 458.46458548970907 -763.7281082147974 354.3125101309461 58.26325146814551 440.7969567792889 -743.7703606307792 348.4052547882214 56.72223987680246 391.324562013093 -707.9259189434902 356.4000810945564 83.01488158671894 434.24492939740435 -740.9586322070975 395.50983707377253 131.0481846623987 455.8087475286923 -759.7151249942156 390.9857943817068 140.2912622768744 422.36816199648837 -709.6469415563976 369.01188034379203 108.09410835153253 398.725409285766 -737.286486511447 353.5754196910789 63.63950234803882 486.9505114042436 -779.4070961700088 374.3151642897248 109.64228274348365 394.09960796335065 -713.2416365477715 390.7034429161479 110.43893838866234 400.65101241550195 -728.2784045637208 363.83527575202913 107.88640005100285 386.99560466946525 -711.4035048515576 390.37540825479965 123.504978874433 427.84888482223664 -743.4955212539046 403.39417551197243 176.06352550230628 437.517158842525 -760.2344408901234 392.8888004099265 146.45929935294586 419.736121368246 -719.2450528394593 361.3514374223514 70.46698458642544 423.4485398599195 -714.0136577119267 392.04200496155994 156.35629795719865 423.29452027971183 -722.4078964982897 397.3757526541789 164.6771698065767 422.5910631814704 -754.2266255749298 368.47510133467875 90.63957731088611 415.000790339896 -710.8783057596813 350.830017640505 80.11862417320269 427.9644626727075 -737.9480337822401 390.32099422557826 161.0857859591663 465.8679509075624 -778.3872706626529 400.2843606018416 144.8639732352575 496.29682835804954 -782.5892153373887 355.3290479220213 76.02312199283817 387.29463113980427 -715.5122404868491 340.95686518621096 43.88856781364121 404.18060231819584 -740.7153001072418 381.6516784576683 111.75207499280248 479.99363738307517 -780.2968977558601 367.02396981955303 74.36676758114656 451.1080255609234 -776.3761793428048
1210.0048855897958 0.6950511823978853 0.6950511823981634 1.390102364795932 1.3901023647960526 0.6950511823979723 1.3901023647960848 2.8657694402373117 1.390102364795867 1.5541816916834468 1.5541816916833875 1.965901617381393 1.3901023647959352 0.695051182398057 0.0 1.390102364795961 0.695051182397831 1.39010236479591 0.6950511823980403 1.3901023647958852 1.3901023647959192 1.3901023647959607 1.3901023647958586 1.9659016173812531 1.3901023647958899 0.6950511823979943 0.0 2.8657694402373144 1.3901023647959438 1.5541816916834752 1.3901023647960233 1.390102364795991 1.3901023647958946 0.0 1.390102364795888 1.390102364795994 1.3901023647959205 0.695051182397962 1.390102364796123 1.3901023647959565 0.6950511823980111 2.865769440237273 1.3901023647959745 1.5541816916834645 1.3901023647958788 1.3901023647959485 1.3901023647959156 0.6950511823978902 0.6950511823979724 1.3901023647959867 1.3901023647958664 0.6950511823979435 0.695051182398058 1.3901023647959327 0.6950511823980806 1.390102364795981 1.5541816916834796 0.6950511823979995 0.6950511823981667 1.3901023647958946 1.390102364795932 1.9659016173813135 0.6950511823979453 1.554181691683468 1.3901023647959365 1.3901023647959634 0.6950511823978768 1.3901023647959168 0.6950511823978318 0.0 1.9659016173813926 1.5541816916834688 0.695051182397905 1.390102364796 1.390102364795962 0.695051182397902 1.3901023647959152 2.8657694402372833 0.6950511823980945 1.9659016173812576 1.3901023647960806 1.3901023647959543 1.3901023647959077 1.3901023647959325 0.0 1.3901023647959634 3.108363383367081 1.3901023647958646 1.3901023647959256 1.3901023647959299 1.3901023647960644 1.5541816916834719 2.865769440237164 1.3901023647959572 0.6950511823979072 1.390102364795952 0.0 0.6950511823979743 0.0 1.390102364795857 1.5541816916835378 1.3901023647959267 1.3901023647957682 1.3901023647959179 0.6950511823979281 1.5541816916835436 0.6950511823979992 0.0 1.9659016173814026 1.3901023647959845 1.3901023647958928 0.0 1.3901023647959398 2.865769440237311 1.39010236479595 0.6950511823979303 0.6950511823979802 2.8657694402372367 1.3901023647959054 0.6950511823978968 1.5541816916836255 1.3901023647960236 0.6950511823980541 1.3901023647959232 1.3901023647960644 1.9659016173813306 1.9659016173811468 1.9659016173813282 1.390102364795781 1.5541816916833855 1.5541816916833995 0.69505118239793 1.9659016173812875 1.3901023647958695 1.3901023647959885 0.0 1.3901023647958708 0.6950511823980017 1.965901617381339 2.865769440237269 1.5541816916834992 407.48540326125163 159.28666315469218 414.02569768031964 -716.363713839027 406.88705977261435 171.6064211762643 457.2503538913423 -767.5178324790604 370.6755293524672 111.11992038263698 476.6405437056043 -777.6460282734934 359.22471231099786 88.14323514628617 460.64953919783034 -776.4742306691488 357.5544971085438 61.38478474617946 497.78035627319815 -779.4062194405177 361.05928711158543 99.06314692194994 438.374541200267 -738.110765071947 380.3543837734043 128.06728115893654 387.4685519689048 -707.551291599965 383.51669909959406 134.2420346164339 445.3834058763733 -764.2859776858002 372.5076058240704 88.59899547957168 420.21976132293224 -737.322385562807 381.0226332533174 101.70420340020907 426.61992505642064 -762.3064398285946 405.58230887886094 164.7098567426332 436.0139811300287 -747.2205581566125 353.8283281967679 86.5402868715764 402.3784708461618 -710.8847672294858 379.7127031656424 116.22616926507146 454.736128182544 -740.646527166747 341.56938101309754 55.12964567298514 442.93897633256256 -756.4883036050043 378.7657981213691 121.63575100316274 410.33802226419806 -709.5650203249397 333.09179431411565 35.00178168920573 427.23499706485967 -729.4262887539895 378.4003081421324 90.81983355993033 465.4727012110002 -773.6051353575049 353.79172291027095 66.79512939032074 449.5387620073056 -749.1789173000248 370.56960195016353 80.26396040380939 483.40046030836004 -776.4651059990852 375.71312928324664 95.96384473562333 402.15628229279025 -722.493157359918 367.25627684152 97.85135454325679 387.1226321498468 -723.432583438245 347.1973289062373 59.026508962035216 431.6069444679121 -735.5762122121392 384.27466969877395 123.69392210519835 440.9817301948294 -751.609455554045 396.39924716116417 168.24896009882153 423.2682551006319 -748.0704927491079 387.9331423164047 114.5859380017238 445.16405039376605 -771.4126855857868 338.0450291056961 48.940887675019894 451.402233300896 -762.0043594507292 361.39430947343413 82.65767171610321 413.3597199070256 -735.1034935145462 328.5559756251537 38.45646182829554 408.7570666567856 -713.019985019491 374.45930238363695 101.85500841492814 407.74354214038135 -725.3655529507085 401.23338892699707 150.63581464294205 469.0129831909489 -766.4971819798523 395.07950733149767 150.0805124476475 421.5982892053756 -732.2894664026245 348.54395945012067 65.60083219737014 412.51192560388887 -730.2532082145042 387.37803588988857 131.29607337465845 449.8224611292491 -743.3739962672645 362.835678383153 74.51133427550974 404.37074078295535 -717.1508635158006 365.50038785442797 80.40368218867772 421.1714627817996 -715.0557447065115 365.0711562339458 91.66536886503906 393.55605755366923 -729.719408992512 333.57453191472564 40.883499035067025 430.08940779464183 -752.123389824952 372.738988290798 117.71221551120053 508.34721989218565 -785.7994195845793 343.75070164332953 46.469926667675345 416.1840613850346 -744.2364144305923 327.6582779283127 31.701403428805573 444.96966500549274 -739.4803367592814 384.5033871747498 153.1749910598726 413.62225550546833 -721.7400305786206 356.8939031181664 92.9719089696109 505.17550072417487 -782.0432701837004 395.48764132023524 156.23489587496164 385.9051272956973 -711.9481896923959 383.2672078688851 97.54012096540369 397.19550121239513 -725.457971410084 374.98256102221274 123.93774306201249 461.3610968218927 -757.9799639428462 348.93452870795835 81.62943481694205 462.5852927309054 -764.8483180310919 352.9668662317179 54.966049395609765 442.56851171299513 -745.0026636320545 347.0712391687984 53.420831696145704 395.1717930073189 -708.3362644462844 354.3648502563171 80.19591020136734 436.48246776045903 -741.6399162534403 393.5634916385242 128.65137619550927 458.73125518455043 -760.9940483087342 389.2291904043382 137.23279363487995 423.76344245935485 -711.3278832387114 366.8148207640476 103.94061676262187 401.09808847370977 -736.6936249563921 352.063020731241 60.10256535039212 490.26297842472144 -779.0805930897402 373.0410063569668 106.72778127555912 398.26941263206385 -714.6608171706007 390.0565229659464 108.98670054556753 403.70148864526834 -728.9043407688231 362.5873577190689 105.92331984946108 392.003065451358 -711.8444821796821 389.17745756715766 121.99429979305248 429.7351584336921 -743.9311829264523 402.6399941464901 175.1895029982976 439.04162195111354 -760.459083816291 391.12698326273625 143.40977104622993 423.15498221385394 -719.9564379391538 359.56554977813454 67.94717488049757 428.5904693412708 -714.9327266888408 389.7618217317577 154.23772575017554 425.8643535472252 -723.8390632216014 394.47944468641066 161.56674519867408 424.8432770461977 -754.8989821556977 367.1188189469205 86.8415088957115 417.2209468937083 -712.0457062999418 348.96917574359713 75.51364324877137 428.98951709476535 -739.0459983725204 388.4317501149564 159.14421150707184 468.81043457890723 -777.3640473563408 398.60095764754806 143.74884877223175 497.7350779167571 -783.2711723034897 354.2394232653313 73.4865667069295 388.43623754594506 -715.7706766675205 338.95870642869306 41.97632672510906 406.85808024475244 -741.1392021667065 381.87176777804814 111.090144867051 483.4390163669285 -780.7702243447156 364.72416002573084 69.83626396067167 453.6775462257717 -775.0517958710775
1220.0048855897958 1.3901023647959474 1.3901023647959123 1.3901023647959179 0.6950511823979469 2.8657694402372957 1.3901023647959099 0.6950511823979123 0.6950511823981211 1.5541816916834559 1.554181691683558 0.69505118239791 1.3901023647960504 1.3901023647958943 1.3901023647959228 1.3901023647959554 0.6950511823979618 2.865769440237334 1.3901023647960344 0.6950511823978982 0.6950511823980251 0.6950511823979629 0.6950511823978177 1.3901023647959585 1.3901023647958781 0.6950511823979237 2.865769440237273 1.390102364795985 0.695051182397816 0.695051182398018 1.5541816916833955 1.5541816916835414 1.3901023647959134 1.3901023647959136 0.6950511823980567 2.865769440237282 0.6950511823979386 1.3901023647959556 1.3901023647959125 0.6950511823979003 1.3901023647959594 2.865769440237299 1.3901023647958628 0.6950511823979327 2.865769440237221 1.3901023647959674 0.6950511823981361 1.390102364795936 0.6950511823981687 1.3901023647959085 1.3901023647958732 1.3901023647959059 1.3901023647959385 1.390102364795876 0.6950511823978879 1.5541816916834748 2.865769440237313 0.6950511823980446 0.6950511823980877 1.3901023647959214 0.0 1.9659016173813235 1.3901023647959314 0.0 0.6950511823980514 2.8657694402372713 1.3901023647959834 1.3901023647959474 0.6950511823980688 1.965901617381313 0.6950511823981439 1.39010236479592 1.3901023647960526 0.6950511823979559 0.6950511823980127 2.86576944023727 0.9730716553572454 1.554181691683468 1.39010236479593 1.9659016173812576 1.3901023647958926 2.8657694402373095 0.69505118239805 2.8657694402373246 2.8657694402373717 1.3901023647958946 2.780204729591937 0.6950511823980052 0.6950511823980489 2.8657694402372424 2.8657694402373677 1.3901023647959425 1.5541816916833942 1.3901023647959372 1.3901023647958521 0.6950511823979553 2.8657694402371643 2.865769440237274 1.554181691683441 0.6950511823980383 1.390102364795981 0.6950511823979468 1.3901023647959545 1.3901023647960007 1.390102364795959 1.5541816916834639 0.6950511823978635 1.3901023647959665 0.6950511823979216 1.3901023647959485 1.5541816916835491 1.9659016173813975 1.3901023647959625 0.6950511823980382 0.6950511823977884 1.3901023647959212 0.6950511823978314 1.3901023647959754 1.390102364795994 0.6950511823979426 1.7376279559947514 1.3901023647958834 1.3901023647960107 0.6950511823980078 1.3901023647960096 1.3901023647959931 0.6950511823980731 1.5541816916834532 1.3901023647959827 1.390102364795895 1.3901023647958823 1.3901023647959494 0.6950511823978316 1.3901023647959865 1.3901023647959823 2.8657694402372567 0.6950511823980252 0.6950511823979706 1.5541816916834026 1.3901023647959787 1.5541816916834597 405.31402368733325 157.5763795352676 418.1855736908736 -717.4176417289332 405.3939105695827 169.83291452697256 458.00760209660746 -767.658107075886 367.5746954041351 106.92917037193237 478.15576112543135 -777.9467165674941 358.64668994383874 86.660657171458 462.69158634231417 -776.0758616090992 355.6949401931145 57.97748275346304 500.43013698643995 -779.939288541924 359.6633005917695 95.79035492015629 441.68094378013603 -739.4157183688835 379.3289257857062 126.41456562094089 390.09399413058185 -708.7329981985342 382.0993463769381 132.41452488116425 446.4930400670859 -764.6731725205389 370.7117958061844 86.08374822520348 422.00099320416956 -738.5405217845071 378.4829560183013 100.21941194184052 428.09053739385394 -762.9260813080614 404.4975985835192 163.10584073289243 437.4203372556423 -748.2248336759883 351.81314141510717 83.00127627951541 406.5842270886966 -711.490117422545 378.17018309035086 113.52321817629308 457.2954752182962 -741.7061001154183 339.9447578111836 52.03439964686346 443.70499632705577 -756.6148267962178 377.12921078746353 119.48817831312348 413.7356089038913 -710.511607007666 330.6746004910985 32.438507336482836 429.93782714931945 -729.6187940838881 376.41828794493324 89.39634034765301 468.3114191022923 -773.1734752262114 351.7272563813471 64.4642066259944 450.9239013403822 -750.2068317944617 368.9156877892432 78.59639897018015 485.29468567495024 -776.8429161980935 374.2776998866359 93.66633074988519 403.74972766586217 -722.0685104016275 366.44011357390855 96.05679056425477 389.42919990632896 -723.6312377176326 345.7815399797213 56.256298843557474 435.28409086450927 -737.114641985654 383.3983115667501 120.96360556119545 442.91855652277326 -751.7350909495981 395.75926401303406 166.27089721619825 424.496910271529 -747.6694208726607 386.9968317317505 112.39011023786063 446.68448612875846 -771.6892971953502 336.74568900742366 45.62640356385879 452.9225929927099 -762.2815756586051 359.45869633529435 80.24205693919221 415.65311126934296 -735.393097338091 325.8687062865228 35.14447901093483 412.0929763988203 -714.5362092538297 373.399603607214 99.7597616808599 409.6399371093821 -725.763915983807 399.3702074837791 148.6648911055873 472.8123115343793 -769.2056002654515 393.8339986454776 147.6133538859752 422.71789703373906 -732.6397173544624 346.6419937029641 63.15769415724368 414.0524575107811 -730.4382245897029 386.22835992165244 127.29801611235763 453.05072689879825 -745.112954157651 361.5402864764028 71.64596305972488 407.36634677236225 -718.2251533057785 363.6603823808963 77.4538438191366 425.665937844514 -716.5482457754497 363.81427615855677 89.24145530728919 396.22866383226153 -730.1645445387019 331.2662346927232 39.1776589461343 432.375782735936 -752.4755784230125 370.2749710100756 113.76763001767785 510.8448699047018 -786.6968634596409 342.2351411551526 42.834921705163616 418.0729148679577 -744.6975997284705 325.2468379672977 28.80117606737307 449.79936654046287 -741.0549385804699 381.99947334990156 149.73458377793517 415.9722190048384 -721.6116752428762 354.18293022534465 90.16200034274345 507.8251787841948 -782.5774248345238 393.833627367016 153.59882426915206 388.9072095382717 -713.3469568928807 381.11489390544637 96.24487597227476 398.7139838019797 -725.7922898425554 372.7982692213806 120.75488374317193 465.42693900560926 -759.3364994288355 346.5677232991774 78.58007460456298 466.1958360541489 -766.51916610471 351.0119363562974 52.09087700236726 445.6813230596351 -745.1227168490728 345.7075773046355 49.68104954957241 399.7579942627916 -709.1373734519857 352.91626198410876 77.43822112836189 439.0265842505783 -742.8296215577769 391.3595760216943 126.45202500452102 460.8332070405909 -762.3667554466216 387.92810952438407 134.32166328913775 425.9901911602972 -712.1710489052114 365.15396905895807 101.32827364201214 403.07927456281124 -736.3219795884809 350.80527707776895 57.22190910546387 492.79922457646296 -780.180448529577 372.3548105861044 105.7924851511676 401.30788584666425 -715.3335647996063 388.9678220355389 106.90481365805216 406.7920284476652 -729.0354710333364 360.2411988277678 102.37316398495923 395.4493213119619 -712.3339260789132 389.15081867980433 120.06269811413225 431.6715523302844 -744.0315072349316 401.84428558778774 173.3375303297326 441.32640326444414 -760.8414143017521 389.5168751260712 140.74192279520503 425.8124438324514 -720.4795929551065 357.4322868930981 65.19736414761437 432.7397723739212 -715.953094772363 387.7802720466883 150.8691679621438 427.70251538786425 -724.671109815447 393.45709573686315 159.41048597883025 426.77845785656103 -754.9951322344152 364.79348713797884 84.23005205015524 419.3439208556794 -713.843678539694 347.5343081107613 72.74950926758513 431.1725338437178 -740.1546275154985 387.80512651239707 157.1611727290263 470.7427928929777 -777.5471916937868 397.15646668519395 141.93549695046335 500.76354656139455 -783.8805656102467 353.2441160102101 71.35808253736495 392.59553419734726 -717.0826583372126 336.5400142416584 39.41515051636231 408.8466890187771 -740.7866218595199 380.87494392040907 109.42307099837949 486.50581124416 -781.1857685902937 363.2782169152551 67.07576091069177 455.33922193742603 -774.572113898822
1230.0048855897958 1.3901023647959458 0.6950511823978514 1.3901023647959858 1.3901023647959454 1.3901023647958808 1.3901023647959323 0.695051182397974 0.69505118239792 2.865769440237267 1.390102364795935 1.390102364795967 1.554181691683525 0.6950511823979965 0.6950511823978509 0.6950511823979953 1.3901023647958524 0.6950511823980088 1.39010236479596 0.6950511823979174 1.5541816916834474 1.3901023647959365 1.39010236479606 1.3901023647959074 1.5541816916835707 0.6950511823979795 2.8657694402373544 1.9659016173814066 0.6950511823979383 1.3901023647959705 1.3901023647959627 1.9659016173813102 0.6950511823977558 1.5541816916834332 0.6950511823979506 1.3901023647959005 1.3901023647959379 0.6950511823980381 2.865769440237273 0.6950511823979613 0.6950511823981534 1.554181691683527 0.6950511823981703 1.3901023647959656 1.5541816916835647 0.6950511823979227 1.3901023647958508 1.3901023647959392 1.3901023647959005 0.6950511823979721 1.3901023647959059 0.6950511823980242 0.6950511823980574 2.865769440237238 0.6950511823979441 1.5541816916834768 1.390102364795846 0.6950511823980282 1.3901023647958388 0.6950511823979106 0.0 1.3901023647959927 0.6950511823979287 1.5541816916834716 0.6950511823978417 1.3901023647958968 1.3901023647959228 1.3901023647959625 1.3901023647960031 1.9659016173813262 2.8657694402372713 1.3901023647959925 0.6950511823977874 1.554181691683471 0.6950511823978727 1.3901023647959905 0.9730716553570448 1.3901023647959014 1.3901023647959243 1.3901023647959678 2.8657694402371465 1.5541816916834357 1.390102364795911 1.9659016173814285 2.86576944023717 1.3901023647958415 1.39010236479587 2.8657694402372442 1.3901023647959074 0.0 1.554181691683558 1.390102364795869 0.69505118239804 1.5541816916835283 0.695051182398008 0.6950511823980525 1.9659016173812238 1.3901023647959572 0.6950511823979107 1.3901023647958968 1.3901023647959911 0.6950511823978639 2.865769440237343 1.390102364795955 0.6950511823978586 1.3901023647958923 1.9659016173812631 1.3901023647959072 1.3901023647959112 0.6950511823979907 1.390102364796028 1.9659016173812578 1.5541816916834306 0.6950511823980201 1.3901023647960176 0.6950511823980239 0.6950511823980203 1.3901023647959778 1.9659016173814405 2.8657694402372895 2.8657694402372496 0.6950511823979557 2.86576944023728 0.695051182397973 0.6950511823980406 2.86576944023725 2.1979448267707604 1.5541816916834565 0.695051182398076 1.5541816916834725 1.3901023647959925 0.6950511823980055 1.3901023647959145 0.6950511823979392 1.3901023647959574 1.3901023647960065 0.6950511823981511 1.3901023647960011 0.6950511823978223 2.8657694402373037 1.5541816916834006 404.17152168442476 155.52133420154516 421.4745452507641 -719.0532621316776 403.5459327480888 167.85512588827845 461.11347175171846 -767.8712627337475 364.86322711189433 104.12154857856417 481.67677022736393 -778.0626120445093 356.2913897905163 83.59548610904473 464.6237660731862 -776.2588306033339 354.12687743006103 55.30851613193867 503.2295587587547 -781.6849700563953 358.2787637609267 93.45951354749522 446.46723233782535 -740.0754991040728 377.87021869637056 124.13155950126017 391.6735221544921 -708.5139496993597 380.9384603641952 130.87234195700134 448.76944408343087 -765.1074094925882 368.3774123811214 84.41599203417307 425.1130968131965 -738.6408583012179 378.28394854990165 98.9395365967506 430.02845700828277 -763.0711357970504 403.0483215019049 161.29563041832336 439.73584044230444 -748.4398494088197 350.2850467627079 80.76927185698133 410.31744253572555 -712.7364041820645 376.96880357034587 111.53459938016461 460.67391989828155 -742.5550467857666 337.4202054229611 50.00864618719102 445.9841806708723 -757.0333239658007 375.6889310516835 117.18937929612889 417.04900049257503 -711.9260404290841 328.4728948493698 30.19561807625533 430.9881899334669 -730.373736256819 373.8173751117169 86.03190530929895 470.65967487122475 -773.2468699464348 349.78101360170274 61.58481314154501 452.78375699345935 -750.7564642393334 367.7190257185611 77.54623683838838 488.7399340742796 -777.3387449776458 373.7696128688498 92.60518424402755 405.3272449333004 -721.8783392061517 363.876473999845 91.71962208083583 391.3608933045578 -723.6517451296571 343.089441929325 52.94859307615658 439.01961756164246 -738.1568226486935 383.33840806430584 118.61113725124041 443.95702352711476 -752.516035301572 394.0694763863034 164.15572953347814 427.1279935365667 -748.3025905579084 385.3204147043968 110.7484258602535 448.9593818924295 -772.124301556867 334.75816065344725 43.70492812143739 454.0243472364702 -762.6895707849866 357.28635816526514 77.75074351809502 417.1808344309603 -735.6190202295217 324.03854712913596 31.7224825074384 416.22687489227883 -715.6702601220545 372.0590708583304 97.86781907535746 412.7006882781759 -726.1735388795671 398.34882631707137 147.99158898648867 475.2749257429595 -770.6815986360773 392.6351413407174 145.12211299495732 425.41680086415903 -732.8558265735894 344.2667388291769 59.636565854575544 415.7762035205219 -732.044481060579 385.15806815476725 125.20550383028399 455.525949975948 -746.5645591187962 360.16115980236464 67.91246852850102 410.02171980015174 -718.7602526079538 361.6864450008093 73.89597647137911 430.00372108158047 -717.5585473732149 361.39487472412026 85.7514678205864 399.2458335026662 -730.9162339234011 328.8493044595337 36.6141655692511 433.61886227039713 -752.1035966732659 368.49542889363073 110.29097818988889 512.8075569821442 -788.2939693325951 340.8888043793252 40.483077379313706 420.71368413768266 -745.3202062340989 322.7161685343339 25.149745086133187 453.4545636069863 -742.5165818228626 380.65061697962824 146.3914209699145 417.39663025340155 -722.5941856423921 353.17939024213797 88.03324270031818 511.4196410231877 -784.2868463312275 393.09392933828406 151.72902212142463 391.1926504945817 -713.7841202934953 379.03962067282464 92.98319522088866 400.653208891833 -725.8360918503747 370.8296120905463 117.41288595811426 469.1411729948207 -760.4606617659684 345.4633215423233 75.59298579503816 467.9773482840508 -767.4620376888811 349.01505438887807 48.77986448471114 448.3051926200044 -745.8017684389707 343.6634530833703 47.33295994855671 403.2582396842377 -709.1548811120942 351.11618458653476 74.45967021232646 441.30483134586086 -743.2361675338184 389.82082404200105 123.74530539025734 463.5225396783408 -762.6969211335595 387.4587903790571 131.77126157583038 429.70726860955955 -713.4881346196936 363.71514548499533 97.61463519964923 404.60973307836457 -736.5188330207164 348.75879405784417 54.876122144260194 495.9037951710776 -780.4117399138603 371.39408946341 104.1099332422275 403.19867891917056 -715.7634518889735 387.59132525028485 105.9985210935328 408.6572246659173 -729.6677334609673 359.44267600594696 100.5683602043757 397.8333382679858 -711.8287708222841 387.93019272975425 117.1260031219247 435.0630649048402 -744.8179440815584 400.6876970271429 171.29448886358378 442.81256642737236 -761.3156564433255 388.3463903366344 138.23593446406568 427.89756170147734 -722.1609926437307 355.20955496592194 61.571982906365044 436.63073970692545 -716.0141087238208 386.20501814374705 149.15994502899616 430.27512294084295 -725.6759358322804 392.411259995876 157.7775158464221 429.3459084076296 -756.0218848919092 362.7475801996934 80.24443773779014 423.30549216209323 -714.794104340793 346.16356827009815 69.0132988170743 432.44342724079064 -739.5873625774841 386.828584825512 154.9889390736744 473.43126795450405 -777.8868358029783 396.4408251973162 140.05013381251234 504.39630067798845 -785.4003755187965 351.45059170382916 68.37547161892458 395.26082824429767 -717.5758020703239 334.1775391259987 37.280145357879654 409.9173117777581 -741.5205755059144 379.0703677191814 106.91481125552774 489.1938204418227 -781.5296304441638 361.0940609461126 62.4892716276794 457.27062988410444 -774.7515023667971
1240.0048855897958 0.6950511823979354 2.8657694402373184 0.6950511823980536 1.3901023647959392 1.9659016173813066 1.3901023647960151 1.9659016173813477 1.3901023647958883 1.3901023647959736 1.5541816916834448 0.6950511823979533 1.390102364795912 0.6950511823978893 0.6950511823981244 1.3901023647959587 1.390102364795949 0.6950511823980328 1.3901023647959085 1.9659016173813262 1.5541816916835625 0.6950511823979648 1.3901023647959538 0.6950511823979804 0.6950511823979465 0.6950511823980119 0.0 1.5541816916834785 1.3901023647959254 0.6950511823979254 1.3901023647959112 1.9659016173813402 1.39010236479598 1.3901023647959616 1.3901023647959316 0.6950511823979862 1.3901023647959083 0.6950511823980182 0.0 1.3901023647959887 1.3901023647959747 0.6950511823978935 1.39010236479589 0.6950511823979536 1.3901023647958672 0.6950511823979593 1.3901023647958688 1.3901023647959674 1.390102364796036 0.6950511823979423 1.3901023647960706 1.3901023647959156 1.3901023647960582 0.6950511823979645 2.8657694402372136 1.965901617381429 1.3901023647960227 0.6950511823979558 1.390102364795859 0.6950511823979824 2.8657694402372034 0.6950511823980359 1.3901023647960438 0.6950511823979005 0.6950511823977994 1.3901023647959898 0.6950511823978461 2.865769440237307 1.3901023647960575 1.9659016173813335 1.9659016173812591 1.3901023647958894 0.6950511823978496 1.3901023647959394 0.6950511823981268 2.865769440237299 2.865769440237129 2.8657694402372496 0.6950511823979476 0.973071655357186 1.390102364795982 1.554181691683484 1.3901023647958726 1.5541816916834568 1.9659016173811492 2.8657694402372322 0.6950511823979547 2.8657694402372247 0.6950511823979659 1.5541816916834426 1.965901617381514 2.8657694402372407 0.6950511823981271 2.8657694402372926 0.6950511823979163 1.3901023647959776 1.965901617381451 1.3901023647959512 0.6950511823978038 1.3901023647959219 0.6950511823978454 1.3901023647959927 0.0 1.3901023647959716 0.6950511823977908 1.5541816916834625 0.695051182397881 1.3901023647959703 1.3901023647959485 0.0 0.6950511823981118 1.5541816916834905 1.3901023647959296 1.5541816916834368 1.3901023647958684 0.6950511823980537 0.695051182397901 1.390102364795927 0.6950511823978514 1.3901023647959811 1.7376279559949213 1.9659016173813397 1.9659016173812682 1.3901023647958741 0.6950511823978911 2.8657694402373077 0.6950511823980267 1.5541816916834492 1.5541816916833666 1.5541816916835074 1.390102364796024 1.3901023647959454 1.5541816916834565 0.6950511823980239 0.6950511823981298 1.5541816916835094 0.695051182398172 1.3901023647959798 0.6950511823977967 1.5541816916834434 0.6950511823981133 403.5424868608632 154.06285846910293 424.7551181444088 -720.5625836123932 401.7929161623726 165.29973285269693 463.34800503219185 -768.5135838217174 363.73670135836153 101.14130933628162 484.2884013016436 -778.785420849514 354.23511620680273 81.25819024661759 467.38829286811864 -776.2201537673536 351.7072306224813 52.747138129523954 506.18146990772607 -782.6738996563495 355.8968790775526 91.34558319125641 449.08561908310696 -740.7725914993196 376.2058565797867 122.47131188591617 394.3529420038839 -708.8704929376152 380.18889618798244 129.50422473580159 450.21065995128487 -765.7853493748426 366.48966856286376 83.3670528020057 427.73909438191765 -739.3018279932188 376.64669976025453 97.25728052324537 432.1420462547858 -762.2897362842762 401.08091432081017 158.4275758112731 441.5984668973564 -748.9911845460595 348.5532050182171 78.21092597906026 412.11796555858956 -713.7875673742514 375.6990079624049 110.06199031633483 464.006844869308 -743.608737864641 335.594078225863 47.97876441992325 448.2594299716443 -757.47511834926 374.0979899075605 115.9457682666809 418.95931668247795 -712.2206748435323 326.60065684126243 27.73582545297827 432.44182101075825 -731.0280336020335 371.4314782487449 83.92185859213392 472.85515363281894 -774.0816059483528 348.1680130898663 59.8775969060041 456.5730691801434 -751.4990660998909 366.1526672602688 76.27530829814071 490.8967515605005 -778.3640872749775 371.31929372473905 90.07146599674726 407.37807091169196 -721.2062322506655 363.3031260162808 88.8364036569653 392.8425123597549 -724.2453096992955 341.52804753719164 50.276265557549124 441.11919819676365 -739.5390743315394 382.2437026634224 116.07330145339802 446.91736486266484 -753.4777816743808 393.6721825527657 163.00171966797228 429.8215173986778 -748.5975495200867 384.20329623709506 109.17083204345815 450.4385838200324 -772.6134251299244 333.09336906470924 41.56639851610967 456.3721861073719 -762.7610828906875 355.23312194665795 75.41015412608645 420.57633232796053 -736.3883038327497 321.6310087474635 29.149862033177264 419.1623755718373 -716.9141055644008 371.17836754994113 96.59714857135548 415.0451940161934 -726.1551990811673 397.4188465094097 146.76018113964608 478.5297189690584 -772.1235807398828 391.2547991372906 143.26900969462733 426.94272543994674 -733.1171347374054 343.2949038920566 57.49842826899392 418.4727192243559 -732.2892698129835 382.6608467326238 122.71864209013117 458.7825433876287 -747.0076860465505 358.424144780918 63.96019883895535 412.4284715228131 -718.3494786948493 359.4088595735521 69.84329450633255 432.57876823254765 -718.5686449396219 359.5379876704537 82.34268288868572 401.54046339888475 -731.2501415330295 326.65047415872374 34.368040151402546 436.6557810448904 -752.6706542555597 366.50929968348964 107.44076824900208 515.5968827713406 -789.1123481240513 339.8640564456823 36.521996074681496 421.9561278981886 -744.9504927469017 321.19080373488777 22.41126195006001 456.21823195563 -742.4625750297565 379.211647342582 143.13907631067573 418.5085048906466 -722.9698836011097 351.00749471955885 84.84055035723 514.1074636045031 -784.6317664149797 392.01021634524056 149.64381587521152 393.8202378074331 -714.5103132110487 376.6499297554364 90.8825299382036 403.3598106750393 -726.0233042349043 368.76374064396316 114.14360872115795 472.5117877199053 -761.3305283516096 343.4063637886479 71.85665025568188 470.66576885411047 -767.8028237752648 346.3318919196469 46.860542938589 451.23010948746355 -746.9542905987092 340.8144845590139 43.43188851338344 406.6222581403829 -710.2208643057157 349.49930709932863 72.75581489909513 444.34090528835054 -743.810353200456 387.839721261806 122.31669325226765 465.5296863210035 -762.5058742447146 385.87080073108774 129.58436778095316 433.5209072304072 -714.1119814048952 361.30606243145803 94.11612043581574 407.6602463962027 -736.9912347641456 346.61093309688005 53.06263576476918 498.4390328462732 -781.513601835559 370.4488883688689 102.41358852651008 404.72936289109936 -715.9863666274107 386.47940326968757 104.4207721513316 410.0657675456823 -730.6662962407423 358.229159517844 98.121726057891 400.18247250332854 -711.7683621314803 386.5857781200962 115.23600870747605 437.7906724026039 -744.9367004062518 398.63019866185925 168.97981730921623 445.0875334221305 -761.7558544424426 387.36219351750356 136.55891446205644 431.3568695526923 -722.5427572951899 352.78886019010497 59.01216966001101 439.5144540593001 -717.6879485622602 384.9010895274457 145.80003590408205 432.0084685916051 -726.962089528051 391.6288857054002 155.45962323220002 430.7235511328901 -757.0616847698006 360.5192018078876 76.62281825519362 426.32698242916683 -715.4760388402442 345.02699949101844 66.28787014062938 434.7874826886391 -741.7898488317823 386.12743325913647 152.13166053736157 475.70266915562945 -778.3437437498902 394.5220736400744 139.07161773300007 508.4074727206748 -786.9967693288303 351.0677437927316 66.77129379922886 396.6322956137475 -718.9311581494222 331.8166491635954 35.1418903288661 412.61882045442746 -741.7540023017964 377.9316060056962 103.94192838270837 491.010235373709 -782.2895107446265 358.01699690898414 57.57799539677531 459.2772752586329 -774.5598567768395
1250.0048855897958 0.6950511823980225 1.9659016173812627 0.6950511823979653 1.3901023647959085 1.3901023647959605 0.6950511823981192 2.865769440237244 1.3901023647960074 1.554181691683459 1.390102364795948 1.3901023647959163 1.3901023647958453 0.6950511823979543 0.6950511823978134 0.6950511823979145 0.6950511823979896 0.6950511823980209 0.6950511823981436 1.3901023647959463 1.3901023647959776 1.5541816916835371 2.8657694402372504 1.3901023647959319 1.3901023647959108 1.390102364795981 0.0 2.8657694402372775 1.3901023647958906 1.3901023647959558 0.6950511823978082 1.5541816916835023 0.6950511823980036 1.9659016173813146 0.6950511823978489 1.3901023647958912 1.3901023647959077 0.6950511823979644 1.5541816916833413 1.3901023647959867 1.3901023647959951 1.3901023647959934 1.390102364795916 1.3901023647959005 1.390102364795955 0.6950511823980294 1.3901023647958923 0.6950511823980221 0.6950511823979032 0.6950511823978892 0.6950511823981705 1.3901023647959077 1.39010236479602 1.3901023647959223 1.3901023647958888 0.0 1.390102364795844 2.197944826770733 1.3901023647959647 1.3901023647960096 0.0 0.6950511823979771 0.6950511823979513 0.6950511823979896 0.6950511823980428 0.6950511823978883 2.8657694402372758 1.390102364795895 1.3901023647959643 1.3901023647958928 1.3901023647960082 2.865769440237302 1.3901023647959383 1.3901023647959496 0.6950511823981608 1.390102364795977 1.9659016173812955 1.3901023647959174 0.6950511823978384 1.3901023647959094 1.3901023647960717 1.9659016173812796 0.695051182397877 1.3901023647959303 1.3901023647960733 1.3901023647958701 1.3901023647960042 1.3901023647959674 1.390102364795974 2.865769440237208 1.5541816916833617 1.554181691683477 0.69505118239812 0.6950511823980478 0.6950511823977958 0.6950511823980494 0.0 0.6950511823979599 0.695051182397894 0.6950511823979615 1.3901023647959152 1.3901023647958872 2.8657694402373366 2.8657694402372655 1.3901023647959072 0.6950511823979841 1.554181691683404 1.390102364795906 0.6950511823980198 1.9659016173813217 0.6950511823979346 0.0 0.6950511823978711 0.6950511823979285 0.6950511823979766 1.3901023647959059 1.554181691683446 0.6950511823979239 1.3901023647958297 1.3901023647959245 4.1703070943878116 1.3901023647959199 1.3901023647959072 1.3901023647959905 0.0 0.6950511823980042 0.6950511823977865 1.390102364795969 1.390102364796043 1.5541816916834486 0.6950511823979637 1.3901023647959838 0.6950511823978264 1.3901023647960045 1.3901023647958715 0.0 0.6950511823979375 0.0 0.6950511823981136 1.3901023647959858 1.3901023647960569 401.39373701489023 151.80956528382526 427.38279784595585 -721.223902280194 400.39696318985 163.45111961434938 465.35492061974793 -768.325906070233 362.1993849028303 97.51531013306374 486.29548077012015 -778.5990565993652 352.82937688341 78.48012972786206 469.3189793412294 -776.4114169612232 349.0303872866173 50.819142449417306 509.01889106374585 -784.2306895190003 354.0550177570246 87.93009609179562 452.38276928065034 -742.0127001435786 374.9448889987392 120.99978438756848 396.582938862148 -709.598541935983 378.98519675608776 128.4605578561314 452.0660888524532 -766.3520469833521 364.5437276959442 80.48809652618372 430.0162048089935 -739.7296866150681 374.8594680730368 95.66998112384438 434.2578975620695 -761.5220443155073 399.31838646627784 156.36676858646277 445.2015230420621 -750.6824076587618 347.47116273439286 75.21612704423355 413.96053592254293 -714.4890191038528 374.38688131485515 108.15317945929489 466.4674076120707 -746.0710167702254 333.31229807474375 44.85061926629628 449.6239732853726 -758.5334402655973 372.2415549091218 113.94243752760991 421.1784436021094 -712.9983811981351 324.2953468248795 25.538226759887653 434.7541337380527 -731.2706156341828 370.23571929757884 81.46792464748764 475.46681102249164 -774.8044089966838 347.09638223628076 58.26928905417826 458.4285300119054 -752.066512196248 365.6093726613526 74.77888986784357 493.69606702375313 -780.1100347507194 370.3377313867001 87.93691991449913 409.1224987641763 -722.4738724483567 362.3257745799845 86.70093385772759 394.3088598380379 -724.8702941043558 338.86186730842513 46.9462392593456 443.6597905596164 -740.6256060074309 380.222920654638 114.18383049588456 449.0776166519079 -754.4966652158618 392.98777266566526 160.13738630419627 430.65229922902665 -748.3645323482289 382.12522097920987 106.85004181462591 452.36967381173156 -772.8025064424975 331.89156836166256 38.66148804244787 458.79510607332924 -762.4587851130441 353.45415398273957 72.41798188953916 422.78582096848 -737.1842243353265 320.1464974581615 26.432817772401776 422.6204274975923 -717.3184940679837 369.9249387098329 94.41488600137772 416.5682929372708 -726.4243280887819 396.36667866329543 144.65927358794798 482.20068129701804 -773.4539408876718 390.97659904271865 141.56942319093582 428.4257901259034 -733.5884394518448 341.6356483092379 55.354656063537234 420.7520451274649 -732.69838732087 381.3315259263647 120.82103325315241 460.86542548517644 -748.4079118310298 358.0409898349112 60.96178255154095 415.124219357786 -718.6175764995004 358.7041028146156 67.06049365020739 436.6915062112713 -719.697331649419 358.72316068281924 80.09739672541444 403.76531622034867 -732.0080686555727 324.69994048833036 32.407229632827125 439.34685494453464 -752.9982989973291 364.2279188330724 104.79179622373921 517.9680113337422 -791.0281424047445 338.18286713251854 33.934360770468984 423.06119703257406 -745.3555691515112 319.6998597720313 19.519749724647177 458.98415640820076 -744.3894516342526 377.95847985490474 140.70607208483455 420.23116072014807 -722.0951947568182 349.7608896162125 81.9556786317709 516.5663507498452 -786.1122582741151 389.64964863427906 147.0631602708455 395.6937099174813 -714.9927853185562 375.62030094882635 89.71366547627498 405.64467181667874 -726.3970588930474 366.69511208278567 111.81899160788197 474.5547377413631 -762.9231246941844 342.59347240688095 68.21699566763026 473.6561837284342 -768.6009343680236 344.3049554534657 44.49951324744785 453.38945721087316 -747.9723461529832 338.90588760035234 40.53054230945945 408.9420660884194 -710.4027550726969 347.8281317513914 69.2271108116092 447.0302826060253 -744.141391260406 386.63538296197095 121.2718257946293 467.3086528451964 -763.4539811788577 383.7768899154299 127.28123327441216 436.7731369281319 -715.6804330945716 359.83647324514305 90.91470903128098 408.7669051303128 -737.3774483820907 344.41913681283404 50.8119225151297 501.3527683353574 -782.6918512311167 369.8383799718901 100.49299229623087 407.4286373065348 -716.2318120623946 383.9688412282196 101.46243482892108 412.3486169495424 -731.0587429574683 356.971087305552 95.24093896695588 402.7942044654929 -712.5743272408632 386.11638733695276 113.21023075967344 440.94282841292437 -746.9273839753025 396.5457690157948 166.19696183004362 448.1171261620212 -762.3566008609348 386.6499243516631 134.22285095013245 434.70880711263226 -723.5435550366875 352.0906062272689 57.61886463740863 443.2976286798202 -718.5136818912581 383.703390054557 143.80494297666866 435.8039873957113 -727.6697253682928 389.87502885988016 153.39073388807802 431.37159145676924 -757.7760000782149 359.1694538392049 74.27300119402977 429.40449769696005 -715.8271921952587 344.53991090223917 62.43166519494969 437.7453555871463 -742.7565386999593 384.5406727613216 149.94850547943992 476.72391167403634 -779.1402986667126 392.72347018752356 136.5622376395082 511.2830427237515 -788.3643037135539 350.4757076029899 64.84477139105032 398.2166956825333 -718.7924396495448 329.9326263360189 32.22554299804057 413.5842698076793 -740.7484991428857 375.9236015364445 102.0401359942669 493.3928710122823 -784.1484423975357 356.4048716841595 54.474324595831604 460.79159836093277 -774.8637540254151
1260.0048855897958 2.8657694402372877 1.3901023647958748 1.3901023647958886 0.6950511823981304 1.3901023647959636 1.5541816916834956 0.6950511823980262 0.6950511823979846 1.5541816916834528 1.3901023647958115 1.9659016173813206 1.3901023647959423 1.3901023647959394 0.6950511823979096 0.0 0.6950511823979704 1.5541816916834748 1.390102364796 0.695051182397945 1.3901023647959962 1.3901023647959754 1.3901023647959805 0.0 1.390102364795898 1.5541816916834295 2.865769440237269 0.6950511823979892 0.6950511823981793 1.3901023647959305 1.5541816916834206 2.8657694402373397 1.3901023647960293 1.3901023647959683 0.6950511823979296 1.3901023647958928 1.3901023647959463 0.6950511823980444 1.3901023647960604 1.3901023647959407 2.86576944023729 0.6950511823979023 0.6950511823980702 1.3901023647959416 1.554181691683618 1.9659016173813786 0.695051182397894 1.3901023647960065 1.3901023647960218 0.6950511823979203 0.6950511823980213 1.3901023647959443 1.3901023647959503 0.6950511823980171 0.695051182397818 1.9659016173813375 1.5541816916835114 0.695051182398014 0.6950511823980905 1.3901023647959658 2.8657694402372793 0.6950511823979262 0.6950511823981678 1.3901023647959667 0.6950511823978217 1.3901023647959105 1.5541816916835327 0.695051182397927 0.6950511823979404 1.5541816916834466 2.8657694402372877 0.6950511823980186 0.6950511823979697 2.865769440237322 1.3901023647959454 1.390102364795963 2.865769440237129 1.5541816916835358 1.390102364796011 1.9659016173812298 1.9659016173813917 1.965901617381351 1.3901023647959314 0.0 1.5541816916834905 1.3901023647958717 1.3901023647960347 0.0 0.6950511823980029 1.5541816916834656 1.5541816916835416 1.3901023647959674 0.6950511823979459 2.865769440237264 1.3901023647960125 1.9659016173813426 0.0 0.6950511823980435 0.6950511823981321 1.390102364795925 1.3901023647958597 1.3901023647959134 1.3901023647958628 1.3901023647959074 1.3901023647959387 0.6950511823979746 0.0 1.390102364795952 1.3901023647958675 0.6950511823979713 0.6950511823977945 1.554181691683454 1.3901023647959607 0.6950511823980092 1.9659016173812232 1.3901023647959592 1.3901023647959032 0.6950511823980343 1.390102364795968 1.3901023647959867 1.7376279559949213 1.965901617381311 1.3901023647959574 1.3901023647959467 1.3901023647958546 1.3901023647959707 1.3901023647958808 1.3901023647959503 1.3901023647958928 0.0 0.695051182397925 1.3901023647958946 1.390102364795814 0.6950511823979466 0.6950511823979764 1.5541816916834514 1.3901023647960276 0.6950511823980142 0.6950511823981561 1.5541816916835205 1.3901023647960067 400.3622470786757 149.7001261290772 431.21373941340386 -721.7469423872517 399.27718992601683 160.92577798961514 467.20952883280626 -768.8961894862105 360.36949717854384 95.48927226921137 488.33771718946525 -780.192472192151 351.8667613661825 76.33853457493915 471.66646226942095 -776.4903545259613 347.72671992181705 48.44479593841971 510.75888791228874 -785.3692944740056 353.6239935246956 84.50464416202804 455.2606276885485 -743.3748529988142 373.6381352545346 119.08643437741131 398.8667204317561 -709.9881353430434 378.30721575940015 126.11587923723468 453.8450745596053 -767.2999063185783 362.98826259180476 77.81176306330485 432.2902850045588 -740.1717588331002 374.6902086766034 94.38722098889993 436.3799186998953 -762.7307710212892 397.90142929543237 154.05847478174556 447.8897716064875 -751.0218986329426 346.0846598871339 72.42752028571323 416.2406791832949 -714.9047057784193 373.6785639830408 106.76660301858175 470.93384103403605 -747.3637435762139 331.3747482067679 42.874837171238475 452.5770848866226 -759.5187137687742 371.57665098501656 111.5919961932839 423.35255784500066 -713.9896849270287 322.1993720459337 23.198286344012946 436.9918037688541 -731.9017449083775 368.7857273958407 79.65073459309549 477.7761207802392 -775.0728814125691 345.63838184627855 54.61160327324622 461.04050783178957 -752.7878456558713 364.2675934985239 72.42538118382636 494.90493171314824 -781.9293620672918 368.6160540731074 85.37312693252444 410.921295360408 -723.3911826562212 360.97993958300407 84.34736987336281 396.1800392228624 -725.3892545712505 336.8765082229843 44.54906789771424 445.0988640981854 -741.3062946522643 379.49513945713517 111.40733704997679 451.2358847245422 -755.51828273223 390.6449538803502 157.53881803765282 432.999674735397 -748.4335026306443 380.4000088055869 105.68918141263215 454.22438561916385 -773.3722095982382 331.27610958284913 35.85378380051622 459.89273509153736 -762.8762568031372 352.4941574082362 70.2752019310159 425.06155490292025 -737.6204904437122 317.65367763102034 23.428548651692164 426.8322153097358 -717.9058950595819 368.3581579854721 91.74684610573789 417.7450311436586 -726.4461400231775 395.4351486149802 142.0050209821193 485.49297244170253 -774.708440924898 390.02437593472655 139.87775867459385 429.9417127942199 -733.8775208804982 339.7912592369056 52.8671417133218 421.9987140945832 -732.3442506648212 379.84333945548906 117.62723377114493 464.9916828959795 -749.4340745043216 356.38895808248037 58.81130723055221 416.95336774343815 -719.3414388215289 357.05166015700377 64.91157002473417 440.0721511244436 -720.5315224379015 358.0253327641637 77.31528417085964 406.4621491542792 -732.2940081843103 322.4320548572987 30.175629094168166 440.8617023659173 -753.300197732177 363.19402614549244 102.22880270312629 521.7396779285871 -793.2262902597442 337.1171361558477 31.866833725075946 424.23539718084874 -745.3871997317864 318.00902391845204 17.28853034654626 462.35369914386655 -745.2616690212514 376.98897219430484 137.61372817000026 424.02666570783094 -722.8028209859584 348.1013266774664 79.81572125619961 518.761181728869 -786.9486527226934 388.0264361140238 144.42885864529654 396.5227693846136 -714.7387861914004 374.8614759526919 87.89806253299675 407.1658410421127 -726.6681691844198 366.452788823467 108.71541214863862 477.3542362911792 -764.6688550020608 341.64997309168155 64.67708426357099 474.677412162648 -769.3974864676455 343.12450300787424 41.58742219475647 456.3424695447898 -748.9578466792535 337.83036873994774 38.471684469319264 410.8110368628901 -710.9288873807452 346.65672356237906 66.75795314611618 449.2274624932295 -744.9724139832899 386.0796847046923 119.7797439693111 469.6560974700925 -763.5327620153098 382.6597770572028 124.3012857498233 438.49238715570084 -716.9849345116652 359.2411528655167 88.98872177730395 410.77131697089345 -737.1589878476484 342.9690411338901 47.84952054703789 503.1690768212213 -783.4519294651873 368.86187205217664 98.35491577385885 409.92220657671584 -717.65782646315 382.08423644421777 100.40935286320057 414.282257008532 -731.2158310990819 355.24353035779524 91.28553346806156 405.35557264937347 -713.6143109853573 384.7087223281042 111.83511338187672 442.79814376506437 -747.4941711831146 395.72443101863166 164.40583416897042 450.3132373191849 -763.1900035651009 386.14745988674645 133.162885811634 437.7083248098832 -724.3128487862351 350.72277862482645 54.824639995877895 446.6849695225096 -719.3811087862067 382.5792206048273 141.52450553710517 439.5947544620885 -728.4042207874091 388.0882648922681 150.8717671580516 434.780326358688 -758.4510622857291 357.7787996660291 71.48451783454637 431.82418014814414 -715.4943088980345 343.4936754145962 59.42572006331094 439.9424236254628 -743.5861485250044 382.8231341552214 147.85569134457324 478.23801262780506 -779.4454854571846 391.65214953400766 134.01476442621177 515.2560254787155 -790.1500416437314 349.4209587276175 61.842043779016585 399.2598132372816 -719.5593159724829 326.9110699665152 29.548194346321385 415.8613604062147 -741.174158832453 374.4175891382927 101.19317227692238 496.1921413119558 -785.894488050888 354.712297549763 51.88936212595226 463.13907547143833 -774.9423438189569
1270.0048855897958 1.3901023647959965 1.3901023647959192 1.3901023647959425 1.3901023647958695 1.3901023647958726 2.8657694402372917 1.390102364795914 0.0 1.5541816916834146 2.8657694402374987 1.3901023647959336 1.5541816916836089 2.865769440237225 0.695051182397977 1.3901023647959105 0.6950511823981614 2.865769440237251 1.3901023647959179 1.3901023647958886 1.3901023647960085 1.3901023647959507 2.865769440237313 1.390102364795965 1.3901023647958288 1.390102364795962 1.554181691683455 1.3901023647959667 1.3901023647960182 1.3901023647960056 2.8657694402372758 0.69505118239798 1.3901023647958353 2.8657694402372886 0.0 2.8657694402372487 1.3901023647958244 1.3901023647959743 1.5541816916835856 1.3901023647960078 1.3901023647960085 1.3901023647959125 1.3901023647959285 1.3901023647958928 1.5541816916833386 1.3901023647959188 1.390102364795824 1.3901023647958815 1.3901023647959112 1.3901023647959376 1.5541816916834506 1.3901023647959059 1.390102364795855 1.39010236479592 1.3901023647959565 2.8657694402373406 2.8657694402372274 1.390102364795925 1.390102364796037 1.3901023647959183 1.3901023647959785 1.5541816916833764 1.3901023647960664 1.3901023647959534 1.3901023647958686 0.6950511823979667 1.9659016173813695 1.39010236479599 1.3901023647959212 1.9659016173813286 1.3901023647959405 1.390102364795924 0.6950511823979855 0.6950511823979508 0.695051182398046 0.6950511823979141 0.9730716553572566 0.0 0.6950511823981329 0.4865358276785175 0.6950511823981298 2.865769440237208 0.6950511823978813 0.0 1.5541816916834716 0.6950511823979904 0.6950511823978339 1.9659016173813182 1.390102364795874 0.6950511823979321 1.390102364795775 1.390102364795978 0.6950511823981212 0.0 0.6950511823978085 0.6950511823980041 0.695051182397966 1.9659016173813655 0.6950511823981378 0.6950511823979728 0.6950511823980934 0.6950511823979013 1.390102364795852 1.9659016173813058 0.6950511823980648 1.390102364795938 1.3901023647959692 0.6950511823979213 0.6950511823980083 0.6950511823980362 0.6950511823978647 1.390102364795901 0.6950511823979333 0.6950511823979174 1.3901023647959796 0.6950511823979738 0.6950511823980642 1.390102364795934 1.3901023647959472 0.6950511823979477 1.7376279559948347 1.390102364795905 0.6950511823978807 0.6950511823979049 0.6950511823981455 0.0 0.0 1.9659016173813006 1.3901023647960147 1.554181691683475 1.3901023647959665 1.3901023647959305 1.3901023647959936 2.865769440237283 1.3901023647959878 1.554181691683399 1.39010236479603 2.8657694402373024 1.3901023647959359 1.5541816916834823 0.6950511823980243 398.65900656314096 147.59429513019774 434.0999649025913 -723.0945068241315 397.5645226584251 158.82725551561052 469.1403003858762 -769.0888866803949 359.25448058868284 92.05967681533505 490.4547596165356 -781.4122793883722 350.8662159634092 75.14628420778773 473.9757144517554 -776.7593867864108 345.3146547873103 44.94015234070428 513.1195832774146 -787.2688806868031 352.30090661435196 82.13765041847907 458.1369424099073 -744.7404591645862 372.8780856913489 117.26898049649242 399.9715622424833 -710.3843149750809 377.2126711195345 123.1254131690824 456.19266139293904 -767.3784757750308 361.4601709766483 75.12121873262907 434.56291829354114 -740.6227862242164 374.102942877132 92.45861114076139 438.65152877245345 -763.1861504653195 396.5776624289497 152.1580442577468 451.29693918080017 -751.7061146609941 345.05718319410266 69.41179633706953 419.5829257083074 -715.9315343827043 371.9048216814791 103.77126959980744 474.30238448915844 -748.2397481200367 330.20144003225454 41.32708537832485 455.26504534841365 -759.8624160375996 370.9812399428071 109.6648914131117 426.4219817889738 -714.3841745860103 320.51906235273117 21.500464942191787 439.64401703271807 -732.425062467353 367.19748226129104 76.53421279794523 480.42498818684976 -775.6083259314116 344.01990339712637 51.29580658899485 463.6521173900632 -753.510741247971 363.69829775991934 70.49085859710986 497.43592592382385 -783.0372851489236 367.1252633299982 83.11912194493945 414.3358141436019 -724.0388700738805 359.2400102834474 79.94391833918304 398.1147693180942 -725.5467565994597 335.2942140224619 42.346511938549554 448.05168896558706 -742.2923690039587 377.49740898312587 108.09710859033922 453.96192911899186 -755.6725975867156 388.94117814286443 155.4322049439336 435.3472993114431 -748.5077939820644 379.3720501005298 103.12196982307891 456.57184801601534 -773.4511506105582 330.40889439623834 33.67173146670785 462.4281449748067 -763.9778130655196 349.79700131335494 67.88034911569761 427.33520922141366 -738.0674307050895 314.940566469908 19.200642061726004 428.69155722894044 -718.463451557039 366.32867043310677 89.3870660285509 419.53226856591596 -727.3810187625583 394.1775442497138 140.52685022893434 487.7207965053471 -777.3288449278566 388.1165599922708 137.44042208250258 432.14087525332013 -734.703065706621 337.46014304233154 50.22470219716556 424.68883395194257 -732.6702647841336 378.80836830928035 115.06437168297259 469.3815616727948 -751.1061284450319 354.7930050424109 55.24872515467167 419.9164113175344 -720.3003338625053 354.86863382820025 60.80874210730014 445.1170805052461 -722.8991927284633 356.07747610967135 73.97830083544557 407.97923858809935 -732.5793844067099 320.9760827082798 29.24675962446962 442.4520995172494 -753.2251078703454 361.10157302098764 99.4458300514884 524.0953018427135 -794.5151032419559 334.6222239581544 28.863342828846648 425.06826146892564 -745.1578258514324 316.6517388120648 14.100196174720786 465.1536114948368 -747.0067417706138 375.1336271522216 134.20371530566112 426.3012081021599 -723.2425543702998 346.52280144978903 76.69184536156274 520.8585900901344 -788.2082687614436 387.08754655581333 142.73199515450676 398.76331181565376 -715.3422343314209 374.2786048113338 85.97034694871292 408.4115015742592 -726.311435026805 365.4804009125612 106.5767094454153 479.92637563380043 -765.5819160330132 339.5713011251562 61.42299534188397 476.7611365100066 -768.8330597102971 341.35511564550757 38.712494520004014 457.93286455054675 -748.8838129085759 335.88743679666055 36.03649185353495 412.4979694977208 -712.4213536459839 344.85064011638104 62.869620708602035 450.96852900682467 -746.1093479970236 384.7772269197246 117.86200203879416 472.2676435030186 -764.2560881242623 381.77964562331425 121.63280790836525 441.2670016598673 -718.9008378428806 358.6691046660475 85.66566131561049 412.21564686880436 -737.8286852216181 340.4419057816461 44.873497170685866 505.61546671869434 -784.9570190970268 367.2545081454003 96.64123448887753 413.02922224955535 -717.8489584512357 381.48936660834966 98.48074044508255 415.87226942726454 -731.1257660234014 354.28547182932715 89.14258320551292 406.2813164947231 -714.9645459276276 383.14826235401404 110.558891929993 444.99385824536336 -748.3284217647424 394.3929628661858 162.5148675953709 451.44911607419385 -763.4183792884576 384.4643913590214 131.03933485968815 440.59265237813406 -725.6646514510094 349.92848961972976 52.13261258201666 450.0049399198965 -720.726485292118 380.8309297032357 138.9769964104567 444.4059393823673 -729.9482956445297 386.0084483650249 148.55307786366473 436.6736328155287 -758.8298921170665 355.9531874265444 67.6087462544874 434.4414150311285 -716.1975963901979 342.3325716035541 56.50467788111016 441.83523513802925 -743.9653957973358 380.4091784195028 144.3620534729885 481.34216610084496 -779.6799749388784 391.09784413444623 132.52187846270962 517.7361449081963 -791.4777715644078 348.1335650477928 59.4577962242165 401.261432411886 -719.3427162826772 325.02626787740024 27.52580222487139 418.6257790939531 -741.1200303779482 372.59222385237 97.7691206319187 498.7222622640871 -787.0118397153187 352.80970024004023 48.52474988761144 465.4103158894127 -775.4001761151293
1280.0048855897958 1.3901023647959445 0.6950511823978112 0.6950511823979095 0.6950511823979759 2.8657694402372877 2.865769440237233 1.3901023647959108 0.6950511823978044 1.5541816916833824 0.6950511823979608 1.554181691683381 1.5541816916833835 1.3901023647958963 0.6950511823977904 0.6950511823980403 0.6950511823980489 1.5541816916834632 0.695051182398026 1.3901023647959025 0.6950511823978138 0.6950511823980202 1.390102364795989 1.9659016173812396 0.6950511823978611 0.6950511823979789 1.3901023647957589 2.8657694402372957 1.390102364795886 0.6950511823980169 1.5541816916834048 1.3901023647959088 0.6950511823977863 1.39010236479594 1.965901617381345 1.3901023647959594 1.3901023647960178 0.6950511823979295 1.5541816916833973 1.9659016173813217 0.6950511823980067 1.3901023647959376 0.6950511823977807 2.865769440237326 1.554181691683286 0.6950511823980583 1.3901023647958857 0.695051182397895 0.6950511823978712 2.8657694402372758 0.6950511823981795 2.8657694402373304 1.390102364795892 1.3901023647959576 1.3901023647958273 2.865769440237315 1.3901023647958046 1.3901023647959945 0.6950511823980399 1.3901023647959745 1.5541816916835514 0.6950511823979431 1.390102364795864 0.6950511823979632 0.695051182397889 1.3901023647959765 1.3901023647958386 2.8657694402372904 1.3901023647958126 0.6950511823979406 1.39010236479607 1.965901617381323 0.6950511823981435 1.3901023647959305 0.6950511823977734 1.5541816916835212 0.9730716553571607 1.3901023647960038 0.695051182397929 2.8657694402373006 1.9659016173813941 1.390102364795959 0.6950511823979775 1.3901023647959274 1.554181691683434 1.3901023647959077 0.6950511823978915 0.6950511823978864 0.6950511823980774 1.5541816916834799 0.0 1.554181691683473 1.5541816916833222 0.0 1.3901023647958621 1.9659016173812602 0.695051182398043 1.390102364795913 1.9659016173811277 2.865769440237283 1.39010236479597 0.6950511823979901 2.8657694402373717 0.6950511823980262 0.6950511823978074 1.3901023647959785 0.6950511823978123 1.3901023647959305 1.3901023647959205 0.6950511823979022 1.3901023647959876 0.695051182397981 0.6950511823980932 1.3901023647959632 0.6950511823981006 0.6950511823980435 1.3901023647959436 1.9659016173813086 1.3901023647958477 0.6950511823979078 1.7376279559948347 1.3901023647959192 0.6950511823980385 1.3901023647959652 1.3901023647958826 0.6950511823979019 1.554181691683559 1.5541816916834628 0.6950511823981316 1.5541816916835125 1.390102364795913 1.3901023647958841 1.3901023647961097 1.965901617381343 1.3901023647958446 0.0 0.6950511823981758 1.39010236479598 1.965901617381428 2.865769440237295 0.6950511823979347 398.42411674704226 145.88362964448714 435.61546952499185 -723.3941684146432 397.223118946781 157.65635938265487 470.1575013307864 -769.8880942437265 358.0516160185057 90.54349903026277 493.721580133145 -782.7308825367071 349.05820343809916 72.63712338960393 475.1908200535165 -776.6180853821925 343.2910159652566 43.45483232391355 515.1511561362812 -788.5874694287546 350.0200463444253 78.55320027294499 461.0877363379762 -745.7316950179569 371.1661425991278 114.69769148040939 401.183312574618 -710.2193293412865 376.1928423046265 120.5564749193795 457.3671737973747 -767.4190622697085 359.9208279817815 71.98191477195661 435.66099612169285 -741.0392717964797 372.531114793341 89.33697101223143 440.84622313901144 -764.022480197929 396.02257270977657 150.6663305738694 453.1510233816054 -752.2774716008158 343.62747865443237 67.11597141002918 422.54112166700935 -716.9022162174222 370.7913229405643 101.7307134613874 476.3765459565612 -749.6497728294445 327.92490721235237 38.637581786352804 459.0494071030601 -760.6295078648661 369.54193874549827 107.83602094117187 429.37909768604044 -715.3605211789873 317.70333684422286 18.228322111873332 441.4239035884122 -733.3709871579387 365.9036812112803 74.1538514313771 481.9812474183177 -775.7402381935611 342.8179572059458 49.3143799183673 466.56346970852366 -754.6939374605658 363.43273713640303 67.9170356272951 500.7027620416456 -784.3743263544523 366.0129570871952 82.45972561721277 415.5090579575738 -724.0723633571753 357.899692159871 77.13141607199557 399.28821281125573 -725.5752799528782 333.177937023976 39.563422703392135 450.6626962192503 -743.0166714690844 376.3807226021867 106.05658745057218 456.5731431189658 -756.398316449129 387.7909494833097 153.41041810084667 437.6189789456855 -748.9634929396871 378.25773109928724 101.07938532002782 458.04633939075813 -773.9475973316707 328.89678993790466 31.873997806424487 464.69921980602317 -764.4391986580582 348.40559874356063 66.01663269845831 428.84994714194164 -738.3691326088673 312.65914147698663 16.059696019159915 430.8902393286556 -719.2915780361164 365.00370271868917 88.40313624749345 422.56381116863275 -727.9763283458938 393.13572198814666 137.96479003142397 489.39956206128954 -778.6891881555596 387.0221275836153 134.4506383910887 435.5114295717895 -735.5718443188387 335.8617584248587 47.58250123518415 426.54477713210156 -733.2338161158178 377.4711524226426 112.70775790625578 471.23482557409875 -751.6812453497548 353.7059957826654 50.92482095943478 423.2521021455175 -721.3478588365575 354.05403165390993 57.678939818338115 447.72940952585327 -723.6195355005635 355.07205224750373 70.96027475312219 409.83772083940596 -733.1379803627324 320.2227196144502 28.345534409558834 444.6469569205031 -754.0610641031792 360.69674560352894 97.4045361563377 526.3056732552742 -795.8123311033378 332.35342864743495 26.16765613116671 426.9993737890976 -745.346757839525 315.4768346402591 10.904656846967844 467.68681287711644 -748.1115662252374 373.6218450951002 130.56798618122104 428.348888374449 -724.8281649113405 345.1984505965863 73.87711266534406 522.4836485154964 -789.5058883780916 386.16128452486447 141.0259281485461 400.80500456746194 -714.9443747821507 372.97015950689354 83.59850924707482 409.1696477612963 -726.458225405833 364.31939180853396 104.10458544149047 482.3337372721944 -767.2717912127687 338.5755537236068 57.956946397520895 479.168507979741 -770.5229383029539 339.40145523330847 36.95715868367365 461.64058817659173 -750.0294293474226 333.94286548830394 33.147903505705855 414.3933494955339 -712.7893809953586 343.75966651760984 60.36861909136732 454.3366305469331 -746.9857936155292 383.8653459087683 116.14946135814854 472.94414727344423 -764.7909380424728 380.91950107986355 120.34918565043417 443.8424829259135 -719.8074820067644 357.46078559513705 84.1427308743838 414.563826918901 -737.8946350701012 338.15361818573916 42.194546983871156 507.7820520267807 -785.8762026591365 365.34437312234803 95.12280267965437 415.1561194772769 -719.0495419526345 380.9093047408145 96.55057772785288 418.4876965651685 -731.8359230548223 353.05362949268925 85.80554400429463 407.9077088985561 -714.6887739456772 382.18694488669485 108.41438681145148 445.41047904729925 -748.2154514115991 393.07413691642597 160.61119200743494 453.53258490608675 -762.856053228269 383.3243220269051 127.61769755945699 443.1300759862016 -726.7606602954944 348.75428680707745 50.59016019854237 454.08962969482377 -722.1796545105135 378.71415667475713 134.81362797506011 447.0178380387283 -730.669115412411 385.18283989429295 146.31387763655317 439.28542059097475 -759.5529395497415 354.4310784949033 64.45864761759849 437.2838974555971 -717.7457867514902 340.1535002254886 53.31197923795423 443.42567484997863 -743.8915128915582 379.7916398774259 141.04798798888748 483.19228535506386 -780.2740250333526 389.36913249274426 129.96195619852793 519.310942514112 -793.09218823294 346.8396508233723 56.628940464199 404.7111174651681 -719.8082203527382 323.0631303893066 24.200671533254496 420.06597355397525 -741.7977992327874 371.43462361221316 95.29729478444551 501.88242740330946 -788.745224508915 350.5195607715504 44.03604444591482 467.6033050046822 -776.241562349436
1290.0048855897958 0.6950511823979773 1.3901023647959365 2.7802047295918144 1.3901023647959139 1.5541816916834705 0.6950511823981608 0.6950511823980531 0.6950511823980435 1.3901023647959374 1.3901023647958102 1.3901023647958977 2.8657694402371994 1.3901023647959745 0.0 0.695051182398039 1.3901023647959385 1.3901023647959494 0.6950511823978922 1.3901023647959283 0.6950511823981311 0.6950511823978703 1.3901023647959927 1.554181691683457 0.6950511823981278 1.3901023647959998 1.5541816916835265 0.6950511823979758 0.6950511823980162 2.8657694402372575 1.5541816916835982 0.6950511823980337 1.3901023647959752 1.3901023647959145 0.6950511823979565 0.6950511823979503 0.6950511823980572 0.6950511823980516 1.3901023647959807 1.390102364795908 1.3901023647959894 1.3901023647959274 1.3901023647960589 0.6950511823979472 0.6950511823978515 1.3901023647959077 1.3901023647959385 1.3901023647958812 0.6950511823979648 0.6950511823979578 1.3901023647958737 1.3901023647959512 2.86576944023735 1.390102364795932 0.6950511823981772 1.3901023647959563 0.6950511823979976 0.6950511823979073 1.3901023647959678 1.3901023647959738 1.5541816916834439 1.3901023647958723 0.6950511823981489 0.6950511823979822 1.3901023647959103 1.3901023647959752 0.695051182398177 1.5541816916834272 1.3901023647959647 0.6950511823979636 1.3901023647958104 1.390102364795921 1.3901023647958566 1.3901023647959225 0.6950511823978233 0.6950511823980059 0.9730716553572146 1.3901023647959811 1.390102364795905 1.5541816916835354 0.6950511823979992 2.865769440237264 1.3901023647958826 2.865769440237234 1.9659016173812198 1.390102364795946 0.6950511823980842 0.6950511823979777 0.695051182398072 0.6950511823980124 2.8657694402371807 2.8657694402372593 1.390102364795973 2.8657694402372753 0.6950511823977895 0.6950511823978949 1.3901023647957786 1.9659016173813517 1.5541816916836186 1.3901023647959032 2.8657694402372615 1.3901023647959598 0.0 0.6950511823979845 0.6950511823979232 0.6950511823979393 1.3901023647958972 1.390102364795942 1.3901023647959239 1.3901023647959925 0.6950511823980385 1.390102364795943 1.3901023647959305 1.3901023647958903 0.6950511823981191 2.8657694402372744 1.390102364796011 0.695051182397962 1.390102364795893 1.3901023647958919 1.5541816916834306 1.5541816916834879 0.6950511823980929 0.6950511823979506 0.6950511823978597 0.6950511823979743 1.5541816916835753 1.5541816916834839 0.6950511823979713 1.3901023647959836 0.6950511823979454 0.6950511823980444 2.8657694402370097 1.3901023647959572 0.6950511823979224 0.695051182398018 0.6950511823980677 0.6950511823980206 2.865769440237255 2.8657694402372926 1.3901023647959567 397.1871620215745 144.3908830170067 438.0385960421802 -724.0787781593625 395.97959203370107 156.16631773114528 472.08085091598355 -770.1244899017119 356.57624526337804 87.82431165504366 495.88081345197116 -783.7008491929945 348.30268991335464 69.92745488877146 476.4554756219061 -776.3090437789758 342.1865997105879 40.06824836035159 518.2770262220487 -790.2146536604492 348.7698420715885 76.1492037574044 464.4108080642385 -746.8258471879639 370.1799984531043 112.11468971799829 402.73651867110806 -710.3245389261457 374.92537887155726 118.61815048800811 459.9718283151288 -768.1705236426594 359.0700083233649 70.23705463427966 437.85450572552014 -741.876884368606 371.12362100151205 87.48604175620258 441.2661695871932 -763.9115234650983 394.4599465534365 149.3909890066428 456.17472480898107 -752.9043821784738 341.91989290415927 63.18546721995344 425.22988895296953 -717.239488642251 369.5377113545612 99.78203697345964 479.60295844773043 -751.1604953318118 326.1153110339062 37.45324760932099 462.44839206978867 -761.3445981597263 368.72995005675284 105.14403083519986 432.71083672231487 -716.4209492565515 316.21308141203673 15.96323852622618 444.0348190728816 -734.0978144842993 364.5177302496586 72.28776431738979 483.7620575617602 -776.5617114943735 341.37163235122347 46.128823229648866 468.1149333842779 -754.8275190071106 362.5449808250817 65.74446817986308 503.77500912606075 -784.8518336605725 364.7408086433402 80.06758416096372 418.53915070525056 -724.6744431563799 356.8793748463452 75.48953113819853 400.73026034898044 -726.2517560794822 331.4792291230147 37.425387707799096 452.5511795672409 -743.4078373195243 374.9134356906796 103.78495438024656 459.17816294629966 -757.1444169891317 387.24099680375156 150.52135748700138 439.6272910693387 -748.7803832772597 376.9542304523797 98.7061352427692 459.59610737258475 -774.0807992296021 327.0225133286679 29.393883849682158 468.133012183132 -764.9896901221781 347.09671185391466 62.742638764870684 430.36452775855105 -738.6738368338117 311.4877217841161 12.304074560237122 433.0863578112694 -720.124780787729 364.13353502848634 86.6681198361157 424.4946179580171 -728.1653811992946 392.22447912340994 136.2515234237844 492.7292916369718 -779.7587698549677 385.7407193901862 132.52025951952427 437.7448476199318 -736.2188366491914 334.0897850798641 44.594947444088355 428.05927901243143 -733.5375819553984 376.8548948227001 110.34190472661459 475.05778129001504 -754.0939677729103 352.28148011382706 48.17415303744336 425.18350405622795 -721.5363759107854 352.9499559846002 54.73421984376259 450.866344345308 -725.6358880498467 352.72119277743485 67.87290929653946 410.8611955490701 -733.9321108543619 319.99627816898396 27.150659028004974 446.23727067346886 -753.991861218704 359.0824912466997 95.2282581965044 528.6499184977223 -796.8247144925556 329.6441413842874 24.165184623728727 430.1035639642678 -745.5803155123533 314.6723153844982 8.971965466229555 470.50979002049763 -749.6944465793554 371.92856485913813 126.59650530676846 431.75637808354287 -725.5113407058469 343.14398027405775 70.15218052455477 525.286271395014 -790.8989768598314 384.5492824946938 137.92289565880415 402.5896635493755 -715.8833523719384 371.7301382034818 81.637541841649 410.7595691646362 -726.3788255455016 363.55347900686166 101.8428438675716 487.2185902820863 -768.4512004414343 336.9545082927271 54.87845048017601 481.849232310247 -770.9529658408468 336.9787588922188 34.34846246010892 463.4928362159286 -750.6180868386372 331.91780255777735 31.199109630750463 416.66578067134236 -713.2385153057971 341.9363530306461 56.962092309216935 457.36050233710733 -747.612982532438 382.919784319485 114.00217748787335 475.62166816033573 -765.2099465498419 380.021599330646 118.62770866140346 447.437042193785 -721.5157360116821 357.66441239788986 82.65003039141335 416.4953865426552 -738.0827720064202 336.8133725216039 40.29789987650746 511.15745011517146 -786.715589657973 363.7311157117658 92.94558125428854 417.7698593046933 -719.76498777306 379.65506811711913 94.6026480686888 420.26853771759323 -732.7823079566965 351.6630071897434 83.9419463475051 410.25559567365264 -714.7577909896075 381.5716208141047 106.0492693930006 446.50585217099507 -748.6372394038002 391.22668905022937 157.1958713713686 455.3433273393222 -763.6313400647705 381.4041378632776 126.10961404346897 444.90785606041817 -727.7105948977165 347.2351561408479 48.79874032485228 456.9657990199593 -723.878972549642 377.3849474101328 131.06112384667043 449.5503536420729 -731.7738583562208 384.0532031352674 144.28168107735607 440.45846141732943 -759.5948351885468 352.7853101397588 61.38933064317322 440.1596086503911 -719.1111754053611 338.8708530188366 50.02906329555607 445.4335159063835 -743.7110308816423 378.98934191872615 138.79879714457667 485.8079906527129 -780.9384299916182 388.41244352408586 127.81867808216046 521.3245889864722 -794.3775643862007 345.2830324580993 54.41304937015634 406.6425304570643 -719.9920808540697 322.2915530141164 22.43114069414183 421.92144203012623 -742.3657967282011 370.3501692956918 93.24034494418925 504.52145171999814 -789.3522593312678 349.8037907832901 41.31570207932579 468.7715165210011 -776.3125730174291
1300.0048855897958 1.390102364795893 1.39010236479593 1.39010236479589 0.6950511823977683 0.6950511823980379 1.390102364795928 0.6950511823979578 1.3901023647958612 1.5541816916834212 1.390102364795944 1.3901023647959605 0.0 0.6950511823979723 1.3901023647960424 0.6950511823979412 1.3901023647959898 1.3901023647959476 1.3901023647958586 2.8657694402372846 1.3901023647958455 0.6950511823979183 0.6950511823981357 1.3901023647959563 0.6950511823980111 0.6950511823980178 2.86576944023725 1.3901023647959172 0.6950511823979263 0.6950511823979288 0.0 0.6950511823979776 1.3901023647960256 1.3901023647959418 1.390102364795984 1.3901023647959574 0.6950511823979885 0.0 1.3901023647957824 1.3901023647959438 1.3901023647960027 1.3901023647959652 1.3901023647958943 1.5541816916834752 1.390102364795895 1.9659016173813595 0.6950511823977874 0.6950511823980182 1.3901023647959283 1.390102364795896 1.554181691683445 1.3901023647959607 1.965901617381433 0.6950511823979226 0.6950511823980047 1.5541816916834634 2.8657694402372274 1.3901023647959085 1.3901023647959532 1.3901023647959907 1.3901023647959545 1.965901617381355 0.6950511823978575 0.695051182397974 0.6950511823978802 1.3901023647959434 1.3901023647959856 1.5541816916834565 0.6950511823977781 0.6950511823979685 1.9659016173812771 0.6950511823979683 1.3901023647959652 2.8657694402372753 1.390102364795934 2.8657694402372518 0.48653582767841774 1.3901023647959776 0.6950511823978973 0.973071655357125 1.3901023647958808 1.3901023647959505 1.3901023647959685 1.554181691683474 1.9659016173814157 0.6950511823980052 1.3901023647959354 1.9659016173813395 1.39010236479597 1.3901023647959831 1.5541816916834856 1.3901023647960122 0.6950511823979922 1.3901023647959116 1.9659016173813562 0.69505118239798 2.8657694402373437 1.5541816916834108 1.3901023647960091 1.3901023647959048 0.6950511823981219 0.695051182397982 0.6950511823980495 0.6950511823978999 1.3901023647959998 1.554181691683521 1.3901023647958488 2.8657694402372567 0.695051182398079 1.3901023647960136 0.6950511823978885 1.3901023647959625 1.3901023647960684 1.3901023647959256 2.865769440237295 0.6950511823980191 0.6950511823979845 1.3901023647959763 1.9659016173813255 0.6950511823979149 2.865769440237354 1.3901023647959212 2.8657694402373535 1.3901023647959279 0.6950511823979165 0.6950511823979888 1.3901023647958006 0.6950511823980527 1.3901023647959945 1.5541816916834412 1.3901023647960629 2.865769440237312 1.3901023647958284 1.3901023647959037 1.3901023647960025 0.0 1.3901023647959692 2.8657694402372784 1.5541816916833595 1.5541816916834026 0.6950511823978679 395.85832639314884 142.03043039367296 441.39763017296207 -725.9547270418599 395.06823677962166 153.06082356510674 472.8201655617735 -770.3107608181497 355.0032675592884 85.62008215039903 498.2661768126636 -785.1126000968884 346.85159295470845 66.74557386350536 477.8399623604431 -777.0858153600981 339.37278826136054 35.89716558796452 520.1815684270259 -791.7479277528455 348.86994912622566 72.93766034830216 466.24422768936375 -747.4432296879634 369.2673320011104 109.95295439028281 404.8580153046506 -711.5331634366257 373.72211905172685 117.09319035084926 462.642132652417 -768.6069163281203 358.17926411670925 67.6193431707846 440.0421160272623 -742.7294767262923 369.46745359876337 84.42464887276584 444.2847677791104 -764.5723482835689 392.69983858623954 146.38686595011276 458.5245609064081 -753.0318157501545 340.68637402950037 60.322336956325806 427.08424780060426 -717.8130112989139 368.024913244098 96.63030212307767 482.5972010931805 -751.945028058331 324.78354712950534 34.659060183351606 464.5670511872464 -762.4411426999961 368.35703990666156 103.10252474027713 434.3713783216314 -717.9430442401283 315.14329777002314 14.783094570206666 447.13604050706226 -734.35613421512 364.0848569928453 71.1962942929428 485.98391060767864 -777.1921906735953 339.95167186695994 42.49258910985001 470.2786976677056 -755.7373887837134 361.38727390688507 64.1884484145362 505.7965435904375 -784.9160814160848 363.90100705285585 78.31554824477432 420.5460633952827 -724.4894502458001 355.9460490101785 72.44406305095828 403.07811780045756 -726.3269419935694 329.44816285325595 34.58247629112589 455.5661333943636 -744.0826177526644 373.26673037684037 101.1722038063017 461.1121870764121 -757.3889291465763 386.4982477429526 148.69915149112484 441.0196917827656 -749.6730679877381 376.0902129637766 96.96939349737356 461.32047336477143 -773.5049919575171 323.92728547718104 25.36835283877575 471.0737233348877 -765.9209486605591 346.35604047963795 59.59510169573465 431.800094739524 -739.3651433793942 310.0483308467357 9.575804399948343 437.05425362466997 -721.9243176507207 362.84964291019867 83.83319217626304 427.0277723077208 -729.2725863713015 390.9033437029597 133.88399600148063 494.8020105261721 -780.8336071537007 384.3803188428698 129.72153199323128 438.9216990658861 -736.266077236845 331.69722118657234 41.957137750957926 430.4847422599672 -733.2446321921651 375.56799801062067 107.95532832890797 478.0548755519292 -754.8422184980207 350.36546399680617 45.2711263535321 426.2044451414394 -722.3336123812737 350.7180871274936 52.46060037305056 453.68743103844275 -727.2196826877553 352.2620246697418 66.3461920951259 412.7917827505691 -734.124180656694 319.0691037256537 25.014068174714566 448.58225357770294 -754.1139903410959 357.70110766218886 93.35999067881679 532.044574670561 -797.4983713861777 327.789910354657 20.771276133878484 431.9537914243864 -746.1625280540806 313.0044196324695 5.88696085033382 473.8964604439622 -750.4972807105422 371.7646333868633 123.48481961813764 434.0261784703543 -725.9773282690488 342.03238084106994 66.76893360638691 527.5963940140383 -792.4129140168301 383.06983126023266 135.65891761750717 404.8623771889701 -716.335044984315 370.44245538921035 78.80398977501449 411.3652982183158 -727.2891216069239 362.32704558805426 99.87888298750401 489.2158355017358 -769.8575047684014 336.176299787499 53.547196643735184 483.33166818428816 -771.3797226949534 334.05072821048697 31.116813952056077 466.40924963745806 -751.6994123173121 328.99144534720125 27.522598970239095 420.75363380324046 -714.4559355363042 340.707143751457 54.100410224456006 459.195539353555 -748.2193669753275 381.2591449780924 111.39824348543347 477.73204763691405 -764.7676650198997 379.09600676368933 116.46708079979656 449.4696635987474 -723.122043826971 356.7524859794977 80.04307373803778 417.5163372741126 -738.881716331379 334.2397375585833 37.315278935149266 513.3203399383262 -787.5010198651796 362.8059830886105 90.33799108865608 419.02025785383336 -719.4265389732311 377.8513072209759 92.08685371716106 420.76139288934246 -732.2913900640793 350.2823986408635 79.81525546994212 413.3223077700792 -715.1755052173115 380.2860444024621 103.66232483644632 448.4301723136055 -748.8610632014488 390.85112888507746 155.58931937852626 456.7230517308758 -764.5361771866442 378.7583916403287 124.14115479868265 447.3141485412639 -729.3977713909678 345.9949790391064 45.50320287803315 459.5276293866022 -724.826104968948 376.8232655595729 129.121571944532 453.32429996131555 -732.5817886659883 382.5212171616492 141.59446415672627 441.9711297709315 -759.9183950310676 351.60336463973465 59.39473042287645 442.3116101697613 -720.1461794203968 337.1130428598331 46.58887368468426 447.6614821116058 -744.3881647134717 377.41629190479637 135.67629374329405 487.47881205726975 -782.0512159650663 387.5742707635466 126.52082798592133 524.8717042462865 -795.919148623717 343.4676447471177 50.55149342599646 409.3315177363093 -720.3335251219726 319.9433081539589 18.870754017699955 424.9476567634584 -742.9863712509427 368.7251619214735 90.61548734342128 507.3891060212736 -789.3439799946416 347.3787919462317 38.25668135784753 470.13387678478534 -775.668663691206
1310.0048855897958 0.695051182397935 1.3901023647960717 0.6950511823980193 1.3901023647959305 0.6950511823979643 1.3901023647959425 1.3901023647959674 0.6950511823979821 0.0 1.3901023647960893 1.3901023647959043 0.0 0.6950511823980338 2.780204729591766 1.3901023647958723 0.6950511823981301 1.554181691683489 1.3901023647959956 1.390102364795925 0.6950511823979046 0.6950511823980369 1.3901023647959565 2.8657694402372957 1.3901023647958726 0.6950511823980235 0.0 2.865769440237234 0.6950511823979519 2.8657694402372846 1.3901023647959418 1.390102364795959 0.6950511823980168 0.6950511823980187 1.390102364795837 1.39010236479599 0.695051182397813 1.3901023647959199 1.3901023647959643 1.3901023647959052 0.6950511823981206 0.6950511823979821 1.390102364795904 1.5541816916834694 0.6950511823981175 0.0 1.390102364795981 1.5541816916834241 0.0 0.6950511823980221 1.3901023647959823 2.8657694402372873 0.6950511823978943 1.9659016173813075 1.3901023647960102 1.554181691683468 0.6950511823980073 0.6950511823980037 1.3901023647959443 1.3901023647959372 0.6950511823978217 0.6950511823980079 1.3901023647958952 1.3901023647959705 1.3901023647958874 1.390102364795994 0.6950511823980284 0.6950511823979201 1.3901023647959472 1.3901023647959097 1.3901023647959116 0.6950511823980268 1.3901023647960302 1.3901023647959025 0.6950511823979317 1.9659016173813166 4.17030709438772 1.5541816916834985 2.8657694402373464 2.8657694402372953 0.6950511823977874 1.5541816916834668 1.3901023647960744 1.9659016173813477 1.9659016173811703 1.554181691683419 0.6950511823979317 1.3901023647959827 1.3901023647959274 1.3901023647959765 1.965901617381393 1.3901023647959574 1.5541816916834725 1.5541816916835411 0.6950511823979906 1.5541816916834716 0.0 1.5541816916834592 0.6950511823981379 0.6950511823979116 1.3901023647959885 1.3901023647958786 1.3901023647959905 0.6950511823979332 1.3901023647958939 1.3901023647959285 1.3901023647961537 0.6950511823979666 1.3901023647958586 2.8657694402373077 0.6950511823981188 1.9659016173813855 1.3901023647959119 1.3901023647959208 1.390102364795906 0.0 1.3901023647959208 1.390102364795974 1.965901617381281 1.554181691683467 2.865769440237282 1.3901023647959154 0.6950511823979916 0.6950511823979145 1.5541816916834914 1.3901023647959785 0.0 1.3901023647959763 2.86576944023723 2.8657694402373313 0.0 0.6950511823980087 1.5541816916833886 2.8657694402372718 1.3901023647959239 0.6950511823980422 1.3901023647958686 2.865769440237277 0.6950511823981081 1.3901023647959725 1.390102364795942 395.3930609226537 140.95323624058767 445.00289323939546 -727.5446283969313 393.5435494606945 150.36696736518613 475.6641526743861 -771.5866371794501 353.519200150713 84.25503237560764 501.69597265379167 -786.9812707877854 345.42617695171634 63.10847987067293 478.6481924014713 -778.3635984553538 338.7471752287906 32.72204498125437 521.6347246593556 -793.343016438641 347.37059123352896 71.13024319217611 468.758296424714 -748.5150283529615 368.05210726129627 107.98097703359922 406.2522142352548 -712.4082469726776 372.05705961392175 114.03581819525597 465.20191535781487 -769.5038231929473 356.59789981224264 64.52102395610429 442.6343729966454 -743.5220979206966 367.1879475202755 81.73920897697612 446.29927929203853 -764.47856261411 391.8374959382156 143.26622754446984 460.4372469527803 -753.3272304190036 339.6246063060251 56.48903761586241 428.77415436728256 -719.158128592319 366.0940449614111 94.18739772589613 484.9583771337111 -753.4762835605352 322.7935936342522 31.346564158583703 465.83589566821564 -762.1910713301645 367.48051443892564 100.92160913088844 436.77040185382106 -719.6393108608969 312.847522347029 10.754547571857552 449.7261609071009 -735.1465382379613 362.54854404504584 68.96506243303926 488.1756837852683 -777.940253692389 338.42808501159664 38.92624351478431 472.2995028704203 -757.0965067876278 359.3048712451563 61.37902161432741 508.0337495312297 -785.5519612528271 362.82479075087923 75.3630199679786 421.9799136598332 -725.180800615778 355.63776993577784 70.38994109847836 405.8420716221903 -726.3019180665528 327.82073400938043 31.953283606287357 457.34611535541796 -743.3378746834055 372.09385116626964 99.62569918858073 461.8094965153054 -757.7845901525341 385.8242980085396 147.29485283363977 443.23381557823166 -750.381536645543 374.02310098175184 95.06503430830463 462.5314500839807 -773.445124793613 321.6182438780852 22.21912950397697 472.72167012366936 -765.7929186518083 345.1412026111499 56.28836234476349 434.22436371903416 -739.1137299075509 308.29251393318 6.570691454986835 439.0294029931016 -723.7355296597763 361.4632255018676 81.51286527644984 428.9167763293153 -729.6777783454742 389.425011700453 132.99784331192663 496.787037803967 -782.1636175944823 382.23679873957235 127.42357291855245 440.7626002872887 -736.8754572108081 330.2457880923125 40.10773014491249 433.50242169731735 -733.8954382689939 374.3904730907229 106.41158415738683 479.42766123338185 -755.6523058937452 349.2335878772677 43.24923476172844 429.144453279101 -723.3525373902697 349.19823087523946 49.76977710192087 457.0306915115909 -728.1836793412695 350.741247591915 64.10707677872759 414.6423647975023 -734.7082186956358 317.2938486818412 22.454197365704026 450.0808483299882 -754.4799264637611 356.47398609126185 90.94077021519975 535.6101125278734 -798.3666975811217 325.31002421878907 17.277879763719525 434.46208796608306 -747.3316711963305 312.22536911030846 3.509968200366819 476.23869685512994 -750.7338265029829 372.00648963682255 120.59766314087172 435.36765409729867 -727.0563806998767 340.9981164757015 63.79860663831833 530.4061861657726 -793.7111159219471 381.36787949936394 132.6252799741459 407.093363011725 -716.9857167629247 368.00156874835596 76.21228562993389 414.05130331478074 -727.6476091093654 360.72384564742487 97.23662413590914 491.4615590508516 -771.6396559948768 334.9813397491221 50.23610210810742 484.92179750750506 -772.7182880981956 331.736156084145 28.852725014557876 467.86381409718837 -752.2826782235381 326.84725115029465 24.29211021899101 422.1461124498408 -715.3381982326341 339.47078806228205 49.92703394843937 461.39350747398225 -748.9710233488687 380.52768536465777 109.12720307081311 479.32241857363044 -764.8542794007396 378.2785869568214 115.15541714071678 452.3615525911241 -724.361435562806 355.6048367245586 78.48072199505602 419.6250019278335 -740.1154599686389 332.9826977367183 35.80106228871091 516.0662066947016 -788.9666531385682 361.24617995657263 88.12095268439765 421.2090279943429 -720.2812308875365 376.4871620469603 90.20560828950077 422.19477000663744 -732.9873946214431 348.8041086463449 78.44439331738481 414.83447213549954 -715.4874026548039 379.07047703969874 101.68767225534796 450.1626773268952 -749.8747673440755 390.44654901050876 153.5479586192607 458.5435685589732 -765.2216709145033 376.91026031971666 121.19891135893059 450.4911932684371 -731.1030848174831 343.5637784208248 41.11359464495297 462.39663142843773 -726.1130963839803 376.1222699925734 127.28128509382375 456.58092984844893 -733.9396206070377 382.17489825974013 139.98085101359752 444.603921434987 -760.5598378508583 350.4325182077866 56.95304926212488 445.58414077208533 -721.4505507849035 335.79086343856994 43.790084719395836 450.248795251074 -745.2198868945226 376.87320075018556 133.7350999103837 488.5648432542399 -782.4326353514616 386.5858607097283 125.32108864686941 528.3319563230041 -797.6759790461942 342.0484925159402 46.03572196711813 412.43548897046867 -720.5768741501248 318.3412486831028 15.78857433896112 427.4689033231948 -744.1244901650801 366.77130541707896 87.73614505016414 509.4871380093407 -790.3435259859685 345.04478002617986 36.02130808969258 471.4143901020616 -775.4612663963545
1320.0048855897958 0.6950511823979547 1.390102364796024 0.695051182398014 0.6950511823978903 0.6950511823979536 2.865769440237228 1.5541816916834623 1.3901023647960145 1.5541816916834124 1.3901023647961408 0.6950511823980255 1.3901023647959014 1.390102364795991 0.6950511823978566 1.9659016173813342 2.865769440237199 2.8657694402372633 0.695051182398051 0.6950511823979243 0.6950511823980872 1.3901023647959785 0.6950511823981046 0.695051182397987 1.5541816916833866 1.3901023647959043 1.5541816916834141 1.3901023647959125 0.695051182397998 1.3901023647959354 2.8657694402372584 0.6950511823978841 1.3901023647960078 2.8657694402373486 0.6950511823979598 1.3901023647959456 1.3901023647958917 1.5541816916835252 0.6950511823979982 0.6950511823980433 0.6950511823978403 0.6950511823980371 1.3901023647959185 1.390102364795918 0.6950511823979911 1.3901023647959074 1.390102364795825 1.390102364795917 0.6950511823979718 1.5541816916834725 1.5541816916835502 1.3901023647959805 0.6950511823977892 0.695051182398041 1.3901023647959998 2.8657694402373406 1.390102364795921 1.3901023647959372 0.6950511823981683 0.6950511823979234 1.3901023647959143 1.3901023647959414 0.695051182397932 0.6950511823979398 0.6950511823981718 0.6950511823979245 1.390102364795981 2.8657694402372784 0.6950511823978545 0.6950511823978799 1.554181691683364 2.8657694402372567 1.390102364796019 0.6950511823979322 0.6950511823979765 0.6950511823979608 0.9730716553570903 1.5541816916835232 0.6950511823979844 1.5541816916835236 0.0 1.5541816916834688 0.6950511823981511 1.3901023647959796 0.0 1.554181691683443 1.3901023647959687 0.6950511823980235 0.6950511823979593 0.6950511823979311 1.5541816916832913 2.865769440237324 0.0 1.9659016173813015 1.3901023647959228 0.6950511823979159 1.5541816916835984 1.9659016173813455 0.6950511823980072 0.6950511823979619 1.3901023647958686 1.3901023647959638 1.3901023647959883 0.6950511823980313 0.6950511823980647 0.6950511823979274 1.3901023647959654 1.390102364795988 0.695051182398008 1.3901023647959803 1.3901023647959059 1.5541816916834446 0.6950511823980411 0.6950511823980402 1.3901023647959052 0.0 0.6950511823977878 2.197944826770726 2.8657694402372034 2.865769440237296 0.347525591198967 1.3901023647959412 0.6950511823981279 0.6950511823980194 1.3901023647959274 1.390102364795924 0.6950511823978127 0.6950511823979043 1.3901023647958297 1.5541816916834188 0.0 0.6950511823978766 1.554181691683555 1.390102364795908 0.6950511823979598 1.390102364795956 0.6950511823978803 0.6950511823979277 1.554181691683645 2.8657694402372638 0.6950511823979352 394.2650989816732 136.64413282929056 449.451174990226 -728.8605508422829 392.5344993750518 147.34727870937974 476.517769285529 -771.4692575852818 351.63556055605756 81.76887029819596 503.4977083872544 -787.6740067009549 344.847702826141 61.66169163917471 480.53342798163914 -778.8336251600481 337.31234399172126 29.98565519055699 523.9338025717834 -793.8258455895096 345.5412242612795 69.05643023958476 472.13063539447046 -749.3694406721172 365.77150083159586 105.29934686829849 408.47578951247004 -713.0865424190051 371.4573400026936 110.79656557953531 468.44769260306583 -770.7646695157385 356.499711621448 62.358903213973015 444.77875309258735 -744.4742148647449 366.69249251057533 79.34967648843234 448.63043996892105 -766.1409661546836 390.8455990619886 140.23815229654403 462.40562518673516 -753.516363698124 338.83917325340985 53.83555149457963 431.4095898434356 -719.7611810689956 364.17001530138526 91.28676998260104 487.8538435477703 -755.726791920053 321.3717048908039 28.603305726364656 465.9130998836981 -763.2248172298226 366.66021974146884 99.16400224883643 438.7592064141691 -721.3042609060101 311.2728306739347 8.523988947998003 451.99731685075693 -737.1246145567213 361.7191457560362 66.32637053950407 488.8985684646216 -778.2046945037895 337.3330138443047 36.446872966055466 474.92631492591823 -757.7613426987438 357.8833548678046 56.8593408354857 510.48737506932724 -786.7036229132262 361.4840513127117 73.01876635040622 424.07100651603406 -726.4404755306916 354.51876408606864 68.8030786898667 407.43422898871506 -726.2544694585716 326.4083566991567 30.077026578280968 458.41137872133856 -743.8486421901744 370.9100793433919 97.63187567794685 464.02445956325823 -758.4721590754361 384.4615328419251 144.0472765076621 445.0020104610043 -751.2508978674977 373.17347818688654 92.87409248834821 464.54440135482463 -773.491296415648 320.0213078883807 18.69842585079494 474.0618949422369 -766.6475988087261 344.04468060007434 54.687915412765165 435.7202874637242 -739.48470514232 306.3598319309567 2.7883256159722114 442.5053742714577 -725.3710320253331 361.05119081548054 80.41276446069192 430.0064243679081 -730.1206858129655 388.2807129921467 131.89199288473705 499.8093177122003 -782.90499924247 380.7024811929418 123.83290173758985 442.91850528056693 -737.815807129602 328.4925931121574 38.850387910897666 435.0073866105977 -734.2511698578439 373.03274842593845 104.52393370946439 481.80769786077894 -757.0633445101431 348.1048822258804 40.34800882778142 430.6984190508709 -723.5093467642215 347.9036877779345 47.39368441631068 459.96932759808294 -729.1609514313911 349.63435374163583 62.508108158102715 416.1535748357966 -735.0444279713499 315.8843007193088 20.13990969294824 451.0473215719782 -755.3551881225344 355.3057889644059 88.93840332091615 537.7756441656512 -799.6789877570848 322.8633763957234 14.62780571835221 436.09537585372834 -748.7485732181127 310.4759431917278 0.934844484337191 478.86597682028525 -751.3873941361111 370.86481735875225 117.23164923564578 437.10608360850483 -728.0597843083002 340.17553224180085 60.72390429695749 534.2179753167462 -794.5812519241468 380.23591046878005 129.6955007607441 408.6043399573338 -717.308518904986 366.4028967906564 72.67276055163303 414.3082317272392 -728.2942197751676 359.5793721170515 95.67254908940703 494.049193625919 -774.6498027210008 332.4584745338237 46.77080122937721 486.53604000037734 -773.9177304642027 330.4826341946531 26.027723501193982 470.32629288702304 -753.4652024502082 325.2629444496086 22.069730426038024 425.8702998827602 -716.3682087426155 337.65125123224215 46.963829532066654 462.98702980626655 -749.03720732784 379.3626693352502 107.57489542182 481.32828292819215 -764.9484319621091 377.0078494982038 112.31435777487812 455.0267081582427 -724.8469711735383 354.81491266370654 76.71143379900433 421.7972089914047 -741.0017132855105 331.5506498604033 33.06635315395088 518.7252860985029 -789.5852874987823 359.16747972702876 85.30888819316897 423.4735284103749 -720.7802807797884 375.3099173895317 88.21107245383051 424.20435718038885 -732.8495547607595 346.94187824418924 75.95016506758456 417.8972378898255 -715.9520494346325 378.5753028071596 99.72996920068628 452.7138577540413 -750.8000183644492 388.99428038418165 151.2674608877673 459.795265551271 -766.4056719761242 375.8625462042605 117.99153769308474 453.9902700704158 -733.0013321675738 342.619937429283 38.115099019051236 465.3087464080259 -727.1911813427704 374.96348509055287 123.91337484925883 459.4780646505618 -736.5273925882118 381.6039784477003 137.6077468658485 445.99081348222376 -761.3568768584033 349.30061727124377 54.491987543549804 447.9883685273189 -723.0410466855288 333.2910306189404 40.74442296541804 452.47812304656657 -745.834021537702 375.66336867766404 129.9454107727736 490.8677537170946 -782.882889115894 386.3051804783229 124.13510213781362 531.1316580476603 -797.9447468831488 340.58741937189325 43.31614071958768 415.03692627076714 -721.3370959840905 316.40789770654396 12.44019287519648 430.1424424268058 -744.556525030437 366.3291666826426 86.20658836424185 512.9369921495314 -791.0594288439355 343.57153900394565 32.42833830071901 472.44658287863393 -776.0177717723045
1330.0048855897958 1.5541816916834232 1.390102364795941 1.3901023647959447 2.8657694402372154 1.3901023647959916 1.3901023647957946 0.6950511823980552 1.3901023647959432 2.8657694402372598 0.0 0.6950511823980412 1.3901023647958997 1.3901023647959574 0.6950511823981059 0.6950511823979297 2.8657694402371705 1.3901023647959825 0.6950511823978353 0.6950511823980365 0.6950511823978454 1.390102364795938 0.6950511823979149 0.6950511823980428 1.3901023647959212 1.390102364795959 1.3901023647957755 0.6950511823980032 1.3901023647958723 0.6950511823980432 1.3901023647960382 1.3901023647959436 1.3901023647960349 1.3901023647959305 1.9659016173814354 0.6950511823978853 1.3901023647959723 2.8657694402372846 0.0 1.9659016173813975 1.390102364796015 1.3901023647958979 0.6950511823979122 1.390102364795959 1.3901023647959376 2.8657694402372846 0.6950511823979515 1.390102364795968 1.3901023647960533 1.3901023647959803 0.6950511823978743 0.6950511823980074 1.39010236479599 1.3901023647959598 0.6950511823978762 1.3901023647959179 1.390102364795886 1.39010236479592 0.6950511823980681 1.390102364795941 1.3901023647958444 1.3901023647959223 0.6950511823978714 0.6950511823978951 1.3901023647959858 2.8657694402372176 0.6950511823978124 0.6950511823979852 1.3901023647959956 1.390102364795949 0.6950511823978032 0.6950511823980502 1.3901023647959503 1.3901023647959725 0.6950511823978234 0.6950511823980502 0.9730716553570903 2.865769440237288 0.6950511823979001 1.3901023647960085 1.5541816916834477 1.3901023647959059 0.695051182397886 0.0 1.390102364795871 1.5541816916834812 1.390102364795871 0.6950511823979868 1.3901023647959883 1.3901023647959208 1.9659016173812371 0.6950511823979643 1.3901023647960005 2.8657694402372678 0.6950511823979802 0.6950511823980079 1.5541816916835152 1.5541816916835052 0.6950511823977844 1.9659016173813542 1.39010236479586 1.390102364795911 0.6950511823979856 0.6950511823979558 1.3901023647960338 1.390102364795969 0.6950511823981862 0.69505118239796 1.554181691683416 2.8657694402372575 0.6950511823978929 0.6950511823979977 1.3901023647958282 1.3901023647959845 0.6950511823980079 3.108363383366945 1.3901023647959432 1.3901023647959745 0.695051182397956 0.6950511823978807 1.737627955995031 1.3901023647959605 0.6950511823978215 0.0 1.3901023647959283 1.3901023647959503 0.6950511823980414 0.6950511823980094 1.3901023647957953 2.8657694402372957 2.8657694402371487 1.3901023647959136 0.6950511823979123 0.695051182397883 2.8657694402372464 1.5541816916835065 0.6950511823980438 0.6950511823979507 1.5541816916835824 1.5541816916834523 0.6950511823980802 392.5293090694767 134.5423889998717 451.3593393210979 -729.2128013470085 391.80707749630585 145.0723384342859 479.6827774629655 -771.8240496845881 351.22272769579484 80.23145433965912 507.0889229895495 -788.0595336212054 343.4141236211974 59.80321391268624 482.97071904015377 -778.9358884349449 335.53826557396684 26.121817668882887 525.9982731805349 -794.903554279298 343.9218921861587 67.29650856294295 473.62678602850724 -750.9255948212208 364.2545437497155 103.05264763809222 411.02641650447805 -714.079801715903 369.53704231407966 107.89332455645655 472.33877383655215 -771.3420243185346 355.2002245339068 59.548566574344186 446.1530300624043 -745.269462170598 366.4259682184072 77.28911785619538 449.79737216220974 -766.3093576110844 389.10748666412735 138.13342674636147 465.1538865452578 -753.8320809490867 337.75601793297267 51.78898462258137 434.5428963720398 -720.7673275423892 362.6681442408014 89.03073363686516 491.1934893172564 -757.8117476263893 319.63149342239154 27.325991031192586 468.5194434191986 -763.9391873170548 365.5063587267286 97.15400510488071 441.83290222155716 -721.7350232600023 309.1756488459025 5.692962194435971 454.7000313354757 -737.5288742105902 360.5760212252941 63.42837671068621 491.71229903052426 -779.4934196813464 336.24653355768953 33.09526641010827 478.42846435832223 -759.428233353955 356.05390710966833 53.45961611053503 512.7790751885867 -787.2113095327733 360.75640117101665 72.09886392923431 425.242593700278 -726.5341039858347 353.74721863564724 66.58491319914415 409.3626882801709 -726.5056844873959 325.0011134916063 27.761242418006628 460.54384942693946 -743.5317667206162 370.2132748429108 94.46985554621403 465.550028491837 -758.7942838652904 384.4034044963484 141.36883066566358 446.59123772053937 -751.3292793136419 371.9572432930962 89.56704039685475 466.62203003556226 -773.4010053495875 318.7896475670333 16.29231533317184 475.77732985124544 -766.4479071869872 344.00625307253074 52.960802336760224 438.27130696436234 -740.3935233727582 303.73568887231903 -1.0743543311684123 444.73785677815454 -725.9967797682696 359.92265885786674 78.38970446626097 431.1315187036098 -730.4156933418423 387.44488579024943 130.14451732152165 501.5369863490858 -783.7973162136949 378.68922078105805 120.08681100770966 444.52404414993845 -737.8741192176288 327.77634396624677 37.04825218968012 436.7144388513989 -735.3256032338469 371.64913562520456 101.75086531086971 484.5103926097483 -758.666282736543 346.1708897663394 38.74625872707955 432.3236238670957 -724.9373930740562 347.5245860939459 45.844835255417124 461.95166451718865 -730.5771673425221 348.1810757523507 60.21905957916687 418.0697280621374 -735.3189631340251 314.1291205618106 17.134218599760725 452.28715502400166 -756.5546727985312 354.5281607688883 87.16212073334725 540.2416802093502 -800.9699059492455 320.92906280420164 10.84642550970073 438.00594330096874 -749.1046450541784 308.2145073815962 -0.945029357362054 481.3157246724001 -753.6954666891334 368.9637393579908 114.7655114584865 438.16934646542603 -728.5530212010046 338.2287991578652 59.13732153305668 538.3354812006405 -795.7689597981647 380.0001809414996 126.68222720854753 411.1065803777425 -718.4859827411786 365.11011827949034 70.73824612585162 416.89336930256854 -729.1028699199899 358.0992859097126 93.84846381167038 496.2934795291268 -776.3515190531764 331.0420943974178 44.89860711086461 489.0589974492769 -774.8830110532916 329.2572474794096 24.48649645764566 473.1155003932991 -754.8510934903923 324.55849616832546 20.695514981111117 427.1833989266775 -717.4940696484869 336.566991365523 44.47923967530406 464.1524775830703 -749.2247983755566 378.6002353109366 103.9948726986528 483.06886038337655 -765.8058720206965 375.4905197234389 107.82751320024094 457.6323871360559 -725.6017637592417 353.71156263037057 75.1158547531249 424.044411806306 -741.570257449915 329.6259029859009 31.01724920834563 520.8672857891474 -790.466002308467 357.3626656758099 83.66612989560674 425.71711276179985 -721.3390757968108 373.7360317027541 84.66552891155297 426.44854074969146 -733.4241934048017 346.35279123423413 74.07233969022742 419.22199503604327 -717.0655901404035 377.71945727381484 97.09994680622592 454.924043715732 -751.511268680058 388.5198255386323 147.9300711923881 461.6819964590083 -766.8467871146983 374.16671098783115 113.60959901524689 456.70403329466956 -733.4039501432646 341.5362420746571 35.198211073788 468.03911642137655 -728.9288861348113 373.6235586879767 119.76363443479863 461.8826962325597 -737.8817983467894 380.1641847498334 134.86655829073186 448.3073260950751 -761.7021190154435 348.74848949526387 53.038871152198915 450.0550785054767 -724.2206280231358 332.39181047631865 38.599402109839346 454.6832916267581 -746.5355193760836 374.8724715978328 126.36650206650978 493.7480233163927 -784.0007393369797 385.1458097233786 122.58095679629392 533.0773056880603 -797.3179743092871 338.7961379430924 39.894437237617005 418.12990595082425 -721.6797197903849 314.14232139934404 10.128990122825407 432.43381187585504 -744.9618796750409 366.24227569747524 84.48085416129581 515.5146294349421 -791.9024431374629 341.26662633974075 28.403782628611335 475.1891009353907 -776.405886464161
1340.0048855897958 1.554181691683493 0.695051182398018 0.6950511823979042 0.6950511823978749 0.6950511823979534 1.554181691683541 1.390102364795911 1.3901023647958937 2.8657694402372584 0.6950511823979881 0.6950511823979143 1.3901023647958968 0.6950511823980084 1.3901023647960142 1.390102364795974 0.6950511823977823 0.6950511823979333 1.3901023647960107 1.390102364795903 1.3901023647958959 1.3901023647958937 0.6950511823978343 1.965901617381309 0.6950511823977648 0.6950511823979196 1.5541816916834983 1.3901023647959334 1.390102364795834 2.8657694402372704 0.0 1.3901023647959043 1.390102364795926 2.8657694402372185 0.6950511823978859 1.9659016173814206 0.6950511823977985 1.9659016173813322 1.3901023647958906 2.8657694402372984 1.390102364795816 2.8657694402373037 0.6950511823978365 0.6950511823980393 0.695051182398155 1.390102364795896 1.3901023647959705 1.3901023647959432 0.695051182398151 1.3901023647959314 1.3901023647960182 1.3901023647959687 1.3901023647959272 1.390102364795904 0.6950511823980396 2.8657694402372758 0.6950511823980101 0.6950511823980143 1.3901023647959765 1.3901023647959145 1.3901023647959134 1.3901023647959432 0.6950511823980408 0.6950511823979385 1.3901023647959876 1.5541816916833735 0.6950511823978812 0.6950511823979655 0.695051182397772 0.6950511823980411 1.3901023647959698 1.390102364795988 1.3901023647959336 2.8657694402373406 0.695051182397811 0.6950511823979331 0.6950511823978184 1.3901023647958908 1.390102364795883 1.390102364795981 0.6950511823978575 0.0 1.3901023647960726 2.865769440237286 1.390102364795825 1.390102364795964 1.3901023647960187 0.6950511823978758 0.6950511823978299 0.695051182398018 2.8657694402371345 1.3901023647959865 1.5541816916835411 1.5541816916834408 0.6950511823977562 0.6950511823979795 0.6950511823979759 1.3901023647959259 0.6950511823979797 0.6950511823980265 0.695051182398128 0.0 1.3901023647958792 1.3901023647959136 1.3901023647958963 1.3901023647959567 0.6950511823977423 0.6950511823979323 1.390102364796014 1.3901023647959216 1.3901023647960336 1.3901023647959911 0.6950511823978162 0.6950511823978945 2.8657694402372114 0.6950511823979398 1.3901023647959538 1.3901023647959065 0.695051182397919 0.6950511823979013 1.9659016173812243 0.6950511823980596 1.3901023647960447 1.3901023647959105 1.3901023647959925 1.3901023647959014 0.6950511823979969 0.6950511823979807 1.3901023647960478 1.554181691683487 0.0 0.6950511823979955 0.0 0.6950511823980319 2.8657694402373197 1.5541816916835332 1.390102364795916 1.3901023647959792 1.3901023647961146 1.9659016173813506 0.6950511823980657 391.3755144378593 132.98387199184978 453.3203914125063 -730.6565716899469 391.59991108585365 142.49386118715825 482.40958560294797 -772.2729322895632 350.12333186719695 78.19177224006481 509.529405482943 -788.2675709841582 341.8054922341452 56.72228769153966 485.1181731198485 -779.7965310192889 332.75247052748523 23.64381167981467 528.8991159687939 -795.995543217766 344.55503681061646 64.779655648944 474.5077977832939 -751.8680143552405 362.4475837906763 101.40589425524944 412.2776761052927 -715.41217936314 367.5175418472044 105.48788251974383 474.5730214866246 -771.9806260244509 352.8959718311619 56.83384524388013 448.66023916207695 -746.307144064734 364.45904127302833 75.28135175139452 451.748257066641 -766.594896006106 387.49728687484975 135.0466508389344 467.7581908711921 -754.5824353969439 337.38188466350687 49.80935923629127 436.5619980240053 -720.75208000211 361.5559209566086 86.99885697413761 494.99586240099467 -759.7380187427184 318.23191294877455 25.004933420637517 469.9689116919565 -764.4830455436768 363.30140651668086 93.96140521267216 444.78430721665137 -722.6418479097023 307.78637909331826 3.7978852403678665 456.77597223065584 -738.6327808159733 358.6286650879526 61.39996419420701 493.1364341459179 -781.1048601566787 334.23675953044943 30.87061780381965 481.3878691013076 -760.343870309856 353.9275364868878 50.65333207557743 515.9278679276217 -787.7239154695911 358.150409918328 68.45593509886947 426.622563786553 -727.3341028728173 353.00488202043255 64.35256654710673 409.79603756276083 -726.4196457644349 323.2447656799656 24.322743403006786 461.8736379417407 -744.4136050272919 368.56539028799995 92.29254348233907 466.86473232828496 -759.6973137378208 383.15798665949586 138.51351347799726 448.17988047202044 -751.4573295209584 370.3084437126871 87.38647600915081 468.76320235636456 -773.1793544834934 317.3991735577381 14.833005812545045 477.3532559170132 -766.6362947400158 342.58436765018575 50.219304952759636 440.59862954113385 -740.7271777393711 302.0184521562737 -4.094458641650342 446.9580654402061 -726.6940587678265 359.147606855972 75.73643735815001 433.7741081809605 -731.0050852825539 384.98522768580654 127.11113449403005 503.694096644472 -783.6564111577775 378.0076880374238 117.36056901151142 445.8733027764858 -738.7167440735385 326.025019204176 34.90837758834554 438.7300707554522 -735.3440343746946 368.5596394765753 98.61532195990391 487.8588635465432 -760.1645056268563 344.2483043248769 37.12997328611887 434.39761764848384 -724.7337596353765 347.14996240051704 43.864275091197335 464.92987791897855 -732.6263839202207 346.92973938575676 58.2576201144264 420.6251359672756 -736.2413073927883 312.5617797850692 14.465216977448629 453.92262200225525 -757.7429400573523 353.60326978240556 85.4664712885024 541.6495491206301 -802.9126812300559 319.02422455298296 9.645216850486216 440.2089271258133 -749.8329639500748 306.3048439795432 -3.4514810136948064 481.49186363715637 -755.4143214715409 367.3140370451078 113.04292598842436 439.9608312522668 -729.304039608341 337.1514142081516 56.64964058663945 541.592887948638 -797.9167111407787 378.6393118927739 124.34552868088299 414.46647768083983 -719.3718971785977 362.95378245766807 67.95200630362231 419.1360801635378 -729.7070333814524 358.21367547891714 92.46081320856382 498.8421901177444 -779.28288085666 329.9808147280018 42.839069773855734 492.07263095831985 -775.6788137840967 327.5016560112325 21.04727482117159 475.01891981300173 -756.3766758208156 322.46099661013966 17.429932684433062 429.3640783558063 -718.3055412213965 335.1621225967319 42.59715067137415 466.6247006849741 -750.326164901294 376.7638757325775 101.92951038977544 484.7913400085188 -765.6468761784913 373.79387529252347 105.23770484729363 460.1416007076798 -727.863267529482 352.95986423577847 72.88878969246797 427.1174710068244 -742.0673674755291 327.8677194734366 27.57948682338473 524.709856703375 -791.3318199257548 355.8538793967884 80.09010929506381 426.6241588056856 -722.399181264856 371.1758999804986 81.22480208410778 428.35237542949665 -733.7810401400984 345.43387592429855 71.93531137121637 420.93440494288274 -718.1180887848957 376.60266299317965 95.51079426509985 457.53828989372045 -752.2264015617576 386.92937269667857 145.28493691928202 463.72156230241075 -768.0111915721843 372.8240374148139 111.26023506404061 459.2099998845096 -734.4392123053462 339.4316987037241 32.373005069329324 469.6745019766845 -730.1298270344472 372.82282103868596 117.9955603176235 463.93700362960146 -739.0137106316856 378.7938279673958 132.5357931174172 449.88941223183446 -761.8570977490027 347.6789679016807 50.9831608573747 452.37627518955225 -724.5632841822654 330.9844765297259 36.283331831706384 456.32014509655767 -747.7243459648333 374.0726761611919 124.59833920600524 496.8161421895937 -785.6748743621838 383.95568850398143 120.14347390711673 535.539394821102 -798.4391257358726 338.2643020738683 38.86480935322676 420.0637437168836 -723.4135996195437 312.7512457683717 7.8026280135945125 435.18738435491935 -745.2014819959195 365.1637459676344 83.31070753834821 518.8176197996232 -792.0833783022168 339.1657141065537 25.57679812464805 477.13997545646924 -777.7790215620297
1350.0048855897958 1.3901023647959296 0.6950511823979194 0.695051182397892 1.3901023647960418 0.6950511823979452 2.865769440237092 0.0 0.6950511823979202 2.8657694402373024 0.6950511823980388 1.3901023647959225 1.3901023647959174 0.6950511823979333 1.3901023647960793 0.6950511823980327 0.6950511823980619 1.3901023647959645 0.6950511823979396 1.554181691683484 0.6950511823979058 0.6950511823980008 1.3901023647959527 0.6950511823980293 1.390102364795944 1.390102364795926 1.3901023647958142 1.3901023647959807 1.3901023647958846 1.3901023647959205 1.3901023647958497 1.3901023647959605 0.6950511823980303 1.3901023647959814 1.3901023647959765 1.3901023647959663 1.390102364796027 1.9659016173813517 1.3901023647960544 2.8657694402372678 0.6950511823981085 2.8657694402372496 0.6950511823978494 1.3901023647959299 1.390102364796 0.6950511823979063 1.3901023647959605 0.6950511823980522 0.6950511823981407 1.3901023647959827 0.0 2.8657694402372145 1.3901023647959105 0.6950511823980112 1.3901023647959616 0.9730716553571235 0.695051182397937 1.3901023647959139 0.6950511823978984 0.6950511823980252 1.3901023647959063 0.6950511823980449 0.695051182397899 0.6950511823980328 2.8657694402373033 0.695051182397943 1.3901023647957969 0.0 0.695051182398087 1.3901023647959605 0.0 1.3901023647959745 1.3901023647957909 1.390102364795936 1.3901023647959445 0.6950511823979072 0.9730716553572439 2.8657694402372837 0.6950511823977933 2.865769440237275 1.965901617381429 2.8657694402372758 2.865769440237312 1.390102364795944 2.8657694402370586 0.6950511823979635 0.6950511823981026 2.8657694402372744 1.3901023647960296 0.6950511823980244 1.3901023647959394 0.6950511823978973 0.6950511823981134 1.5541816916835245 1.390102364796076 1.554181691683467 1.3901023647958366 0.6950511823980521 1.3901023647960622 0.6950511823980536 0.6950511823979871 1.390102364795986 0.695051182397851 1.3901023647959116 1.3901023647960085 0.6950511823979041 1.390102364796016 0.6950511823979281 0.695051182397967 2.8657694402372655 0.6950511823979133 1.3901023647959887 1.3901023647959485 0.6950511823979837 1.3901023647959931 1.3901023647959527 0.6950511823977962 1.3901023647959594 0.6950511823980882 1.3901023647959314 1.554181691683592 0.0 2.8657694402373517 0.6950511823978874 0.695051182397811 1.3901023647959365 1.965901617381289 1.3901023647959379 1.3901023647959216 1.3901023647959991 2.8657694402374005 0.6950511823980287 0.0 1.3901023647959465 0.6950511823979663 1.5541816916834523 1.3901023647960646 0.6950511823979811 1.3901023647958783 1.3901023647960067 1.390102364795848 389.88840032510416 131.1665684213029 456.0367418107479 -732.2333738043211 390.06506444408376 140.25808090653666 484.2658454011814 -772.8397857221364 349.04747906351156 76.14048447969967 512.2644213588022 -790.6131044638915 340.9249742127126 55.438255816453406 486.7233628105623 -779.0106354014173 331.36541087771815 20.88488496538761 531.4756862231031 -797.7255785844714 343.48310108149303 62.291319770309826 476.38501763768147 -753.4417170824332 360.9708553381202 98.69289533636702 413.98870829747403 -713.6999851574875 365.72441911433054 103.82607437645046 476.29851236346997 -771.8342308307073 351.6542450401823 54.433056133935736 450.57874723187723 -747.8238025966527 363.2184471819753 73.75324300435223 453.7563690456569 -766.7365785481915 385.64816098297064 132.99486803136324 469.4889346751828 -755.4636258246853 336.67409270577946 48.0033760190337 438.52233727180294 -722.2174160097475 359.7596543200506 84.45435007556488 497.3266446237658 -761.1525169649234 317.71225895458747 22.674462038382654 472.4137583767331 -765.6546936137536 362.1914403808457 91.48934921830856 446.60566146867876 -723.2675712160569 306.2706950007496 1.5240135185811303 457.3711954917508 -739.2641271347208 356.8642243342372 58.83728343325341 494.16856777750684 -782.6063549995424 332.32256043139023 28.377376640274434 484.1028209420319 -761.8603872163454 352.17396912299 48.51783379894912 517.8378992499258 -788.1937507286653 356.0220849834814 65.21012562338846 429.25497903082146 -727.9706746952317 350.8911902290098 61.533659573618664 411.7019526267601 -726.7732373703319 322.2048105525283 21.82275873439205 463.31899420909434 -744.9581575359178 368.1553259249658 90.32218278682454 468.3018571384434 -760.2600154679374 381.80493869775705 136.17196806065934 449.6345420062606 -751.9868980225372 368.4799206002747 83.98359065914934 469.4872185807967 -773.4636033089299 315.6880863175802 12.23076280660001 480.0761139585528 -767.1085497168233 342.22256005047205 48.669238133572854 441.99367464746166 -741.4251952037637 300.3791053119376 -5.339852464522079 449.81503669989894 -727.8839775897798 358.4111443648985 73.50411309854651 435.9720231191894 -731.7301415783049 384.1763882891211 124.90660760248505 506.62558257634305 -785.6154053391904 377.58600709936263 115.82695185094036 447.873178211868 -739.4316484503217 324.62906043641397 32.58582595672247 441.28516283669444 -736.2181343766923 367.4957878665567 97.87653206495128 490.79198651634556 -761.1575795493352 342.49628518383554 34.123661802550075 435.9881899733496 -726.0770750882529 345.56693081178196 40.77040799046142 466.6104709535895 -733.653520785749 346.2205600291887 56.88499725943701 422.5207273409861 -736.6391628374815 311.19393164190234 11.688590745705156 456.8152400390287 -758.8290746381166 351.99523598101973 83.26033586825504 543.746765154198 -804.9759495586001 316.9834501938184 6.3455126951916725 442.22362569428253 -749.9315717005118 304.81323617897704 -5.738362943171438 483.07133665626026 -755.6321870327184 367.03986061050836 110.5459285800458 442.70878137966537 -729.6328953971591 336.25888169361826 54.07008964573229 544.9736156152721 -799.7794105587064 377.6696454717923 122.23343551887808 416.5195376407074 -720.5872415112071 361.03415022542055 66.77721288238602 421.7809542021043 -730.316134009789 357.1158214675092 90.41969693569517 501.438001836961 -781.0669339629669 329.62014635531875 40.85676192806165 493.1616973195196 -778.0305266124496 325.76862325086785 18.02514469069503 477.75168449230057 -757.8794619701163 320.73345968911354 14.833790107193416 431.4549039569525 -719.3822828626553 334.11317028738324 40.96466604667853 468.5626556654873 -750.657333469868 376.2735985537746 98.2337796506738 486.50297051119304 -766.5649674097367 373.33842208499175 102.40518316753622 461.89772505919217 -728.7009005144504 351.53409280439666 70.5846453893877 428.8931364454901 -742.8551629492331 327.16925540758433 25.767790957879807 526.8736779002113 -792.176575001157 354.76870443586984 78.04272796570861 428.713040754485 -723.4596496304451 369.3564095056282 77.81728490224519 430.4884592296235 -733.4597671395878 344.356535411456 69.44913850024474 423.3670969042964 -718.0594192998211 375.41660523635835 91.31726824863823 459.5691223380299 -753.401404017268 385.2621541211367 143.57224423451834 464.4470177108383 -769.3282101551938 371.4777449087475 108.0340717925781 461.4273133105133 -736.2733967069033 337.17233602674924 30.05751993584965 472.51785306509186 -732.4399719469285 372.1959397664754 115.69108790756883 466.55629204752654 -740.8223966234859 377.4517845374266 130.1910319879724 451.83235960908087 -762.1652547307833 347.3061543324958 48.56992465635212 455.28830722159563 -725.5976782544333 329.5896346983736 33.961048264428214 458.9903684469443 -748.303986049543 373.08625335507537 122.0559829974892 500.34488764751126 -787.2340205345159 383.17682827737815 118.36835179279305 538.2881191769793 -799.8525840983593 337.5597053648739 37.05692876745964 422.47331126909785 -724.7560021174584 311.0674388069541 4.325256711476364 437.9311166846533 -745.5241175622173 363.72179960616654 81.01693333232875 521.1800342410784 -793.4215198069566 336.0476900447911 23.692280421137376 479.734781066298 -776.5423372180948
1360.0048855897958 1.5541816916834028 1.390102364795969 0.6950511823980028 1.3901023647958781 1.3901023647959145 2.8657694402373024 1.390102364795918 1.5541816916834177 2.8657694402372798 1.5541816916835056 1.3901023647959343 1.3901023647958544 2.865769440237284 1.390102364796051 1.3901023647959498 0.6950511823977514 0.6950511823979417 0.6950511823977724 0.6950511823979449 1.554181691683444 0.6950511823979714 0.695051182397873 1.9659016173814137 0.6950511823980359 0.6950511823979529 1.3901023647960176 0.6950511823979655 0.6950511823980879 0.6950511823979727 0.6950511823981176 0.6950511823980252 0.6950511823978931 1.9659016173813635 0.0 1.9659016173813666 0.6950511823978642 1.3901023647959967 0.0 1.3901023647959383 0.6950511823980078 1.390102364795938 0.6950511823978565 1.3901023647959077 0.0 0.6950511823980466 0.6950511823977884 0.6950511823980225 1.3901023647960662 1.3901023647958954 0.0 1.3901023647959818 1.3901023647959208 2.865769440237281 1.3901023647959925 2.865769440237244 1.3901023647960018 1.3901023647959185 1.3901023647959467 1.3901023647959558 2.8657694402372407 1.390102364795941 2.8657694402373073 1.3901023647959307 1.3901023647960864 0.6950511823979615 0.6950511823979457 1.9659016173813466 0.6950511823979233 1.3901023647958886 0.6950511823978042 0.6950511823979489 0.6950511823978532 0.6950511823979624 0.6950511823978083 1.3901023647959152 1.5541816916835525 0.0 0.695051182398068 1.5541816916834221 1.5541816916833746 1.3901023647959805 1.3901023647960302 2.865769440237276 1.554181691683574 1.390102364795919 1.3901023647958666 1.5541816916834439 1.3901023647959527 1.3901023647959387 1.390102364795827 1.3901023647959223 2.865769440237149 2.865769440237317 1.3901023647959436 1.5541816916834827 0.6950511823979899 1.390102364795955 1.3901023647960504 1.3901023647958826 1.3901023647958044 1.3901023647959188 1.3901023647959965 0.6950511823979488 1.3901023647958894 1.3901023647959125 1.3901023647957607 1.3901023647959552 1.3901023647960407 2.8657694402373024 1.3901023647959494 1.3901023647959339 0.6950511823979634 1.390102364795941 0.695051182398157 1.3901023647959663 0.6950511823981028 0.6950511823979173 0.6950511823978555 1.9659016173813637 0.0 1.9659016173813182 0.6950511823979564 0.6950511823979729 1.5541816916835443 1.965901617381315 0.6950511823978474 0.6950511823980282 1.3901023647960309 2.8657694402372518 0.0 2.865769440237292 1.3901023647959745 1.3901023647959527 0.6950511823980359 1.5541816916834923 1.3901023647959072 1.390102364795912 2.8657694402370875 2.865769440237276 1.3901023647959327 388.90728559712875 128.61718490014104 457.92753124935166 -733.787987778241 390.0409432495627 139.82494201455873 486.0655521328918 -774.4960516044338 347.64136700237475 74.25970676543304 515.7307766201832 -792.2729685822528 339.3544031407083 52.7696642793367 490.45975438261337 -780.1050781589162 328.4588850112786 18.86496118650275 534.5071153063263 -798.7008420787496 342.2560010691569 59.882269660980796 478.0923436684001 -754.36879544907 359.1733428000741 95.71358201907722 416.81363391065105 -715.0234021570714 364.2464693702756 100.23748531633257 477.21022131209736 -772.6491257173265 349.91762722038476 53.14871368246904 451.95028467414284 -748.5565705677328 362.15026452717746 71.69777274399934 456.2650544153879 -767.7522118142623 384.83905311625983 130.3536679451663 471.04935846542116 -756.7385413850164 334.9403409672596 44.548993365715525 440.40263772645443 -722.6826858673179 359.38698248822124 82.90684521764423 499.36260296819887 -763.1464452072343 316.3566916410323 20.75335791290242 473.68119644725823 -766.6112116354916 361.47281071865143 90.12234499525606 448.0601113009307 -723.8041447776772 304.6248361277324 -0.6953512849422566 458.59201090658934 -739.3260087430937 355.4649057848235 56.95079878617005 495.9984244032993 -784.11835280436 330.60320157986627 26.638581112203433 486.8268408535999 -764.3123356445697 349.39349593514504 46.03088881186192 519.1407748075345 -788.232905765689 354.9627228752328 63.14956768216066 430.7637591309463 -729.5231579663154 349.48915337850116 59.21506623399529 412.8641333438126 -726.9440273780872 321.37407181731794 19.65403121078157 465.2505001451029 -745.3145506005555 367.0671444945031 87.84048446105236 468.99840936355685 -761.5934544319007 381.0297409605809 134.3901396988011 452.80341223194716 -753.426511134867 366.86680254399107 80.90621674115587 471.77591354985975 -774.0115101382581 313.3228146814292 10.353468642429144 481.76960126976473 -768.0575259132165 339.9653739924744 45.04897261708564 443.14653357106005 -741.649270535631 298.44996180166635 -8.580334862185387 452.5746842234302 -729.330232156413 356.64409770837835 70.5053318323079 438.74953222224906 -733.1457417577573 382.891189258493 122.97203744546675 510.57716114941445 -787.2346228313368 376.8061759091589 113.17575731663632 451.21017752427434 -741.526068216273 323.2566676804913 30.678710980636776 444.61419855686586 -737.2330238619504 366.3990204334132 95.39915016030503 492.12335698987937 -761.9507750229969 340.07796272209083 31.873558887682673 438.7657462203242 -727.4765717905444 343.8342026222274 38.609656903250894 469.490268520139 -734.7805415672339 344.82908374685024 55.42934520948262 424.71121073342783 -737.3893552287709 308.506193556856 9.101975807980683 458.1114735860612 -759.7570649211842 351.632265725406 82.14356422883029 546.3198647182735 -806.4647699958367 314.6261947766019 4.4545348560654885 444.40468835595317 -751.7902361795793 302.828851480566 -7.812755264989419 486.261408058257 -756.9929236821214 365.9030095191524 107.2128124658822 446.03759382375483 -730.6469526670377 334.5201305460342 51.48765932177454 547.8760325106206 -802.396426330628 376.74660252513496 120.53931448719707 418.4778493566068 -722.0557907169527 359.62469753054427 64.46208936013981 424.1009181514053 -730.6984994739665 356.0332333933887 87.93522213938073 503.86011625054243 -782.2657235090187 328.41224075308395 39.3037534382879 496.89282879540497 -779.1580196672068 323.75893473838227 15.141534749655966 481.0323660970327 -759.0548557017053 318.3738434974973 12.099284292774577 433.1669840642717 -719.1600517466374 333.0802547948052 37.596335510657276 470.9177720016093 -752.0387406117826 375.0050230965136 95.84771386789738 489.9786867727586 -769.1763270523942 372.58936777432893 100.17973543840769 464.64888943653256 -730.1609946134022 351.16930235904096 69.03503803200356 431.49969790946955 -743.5809717032944 325.81905501455446 22.990040921086297 529.7357292097182 -793.4110101805263 353.01899406074705 76.34081912885641 430.90374027556425 -724.2232481529882 368.09922634875784 74.99107244299165 432.9143808007811 -734.7248775649207 343.29878353290144 67.38589001618308 425.01612680881743 -719.2156638751171 374.33392198470517 89.27007850880666 461.29345138969376 -754.2932237391715 384.29343781765544 141.4576130308315 467.3907821901762 -769.2949072056051 370.8901113239018 105.71895137034328 464.09644876403615 -737.928390294929 335.1162933481845 27.192593714250883 475.3203613187785 -733.7627557013955 371.41637440947255 113.04051006575442 468.8493068470416 -742.3558556924488 376.6843788815212 128.40689446984723 454.70515229037375 -763.3091606160663 344.69995675226346 45.55980117954626 457.3228126721084 -726.7830092920116 328.5630913731923 32.316618698522554 460.8624773624407 -749.8717118443482 371.6106512003575 119.34268299391893 503.6374518797317 -786.7014612710378 382.0504717575711 115.90012204666249 541.1058488772239 -801.1652454583309 336.87045762378006 35.242239332557126 424.0599637717352 -726.1113890586192 309.0857019692824 1.8382980240808564 439.97528955251465 -746.6851658043274 361.59983017876704 78.20543243322658 523.7636331078218 -793.5714115179971 333.4908767777334 20.217011905934335 482.99093340552355 -777.7615853028617
1370.0048855897958 0.6950511823980037 0.6950511823980853 0.695051182397954 1.3901023647958772 1.390102364795927 1.554181691683382 2.8657694402372695 1.3901023647959296 2.8657694402372833 1.554181691683397 1.39010236479593 0.6950511823978387 0.6950511823979159 1.3901023647958484 0.6950511823979665 0.6950511823978213 0.6950511823979793 0.6950511823978064 0.695051182398002 1.5541816916834856 1.3901023647959323 1.390102364795987 1.390102364795917 1.390102364795956 1.3901023647959214 2.8657694402373295 1.3901023647959236 0.6950511823979064 0.6950511823979297 1.3901023647958644 0.6950511823980133 1.3901023647960034 1.554181691683493 2.8657694402372638 1.3901023647959585 1.390102364795899 0.0 0.6950511823978784 1.3901023647959425 0.6950511823980087 0.6950511823979127 0.6950511823979733 1.3901023647959654 1.3901023647960429 1.390102364795925 1.3901023647960327 1.3901023647958797 1.3901023647958015 1.3901023647959674 2.8657694402373517 1.3901023647959507 0.6950511823980782 0.6950511823980503 0.6950511823979596 1.5541816916834656 1.9659016173812855 0.6950511823980419 0.6950511823979222 0.6950511823979955 2.865769440237168 1.3901023647958926 1.3901023647960524 1.3901023647959703 1.390102364795806 2.8657694402372598 1.5541816916836364 2.865769440237274 0.0 0.6950511823979723 0.6950511823980728 1.9659016173813735 0.6950511823978943 1.3901023647959643 1.9659016173813841 1.390102364795931 1.3901023647958806 1.9659016173813322 0.6950511823978909 0.0 2.8657694402371825 1.3901023647959485 1.390102364795935 2.8657694402372624 1.5541816916835085 0.695051182397962 0.6950511823980833 0.0 0.6950511823980303 1.3901023647959931 0.6950511823981493 0.69505118239791 1.3901023647959976 2.865769440237281 1.3901023647959854 1.5541816916834346 1.390102364795927 1.390102364795928 0.6950511823980762 1.9659016173812895 1.3901023647959319 1.3901023647959685 1.3901023647958866 1.3901023647959003 1.390102364795877 2.865769440237272 1.3901023647959976 1.3901023647959112 0.695051182398094 0.0 0.0 1.9659016173813526 0.6950511823981069 1.3901023647959765 0.6950511823980379 0.6950511823979041 1.3901023647958797 2.86576944023729 1.390102364795937 2.8657694402372806 1.5541816916836426 2.8657694402372953 1.3901023647960065 1.5541816916834805 0.695051182397955 0.6950511823979366 0.0 0.69505118239804 1.3901023647960424 1.554181691683457 1.3901023647960382 1.390102364795973 0.695051182397833 1.9659016173813186 0.6950511823977913 1.390102364795914 0.6950511823979326 1.390102364795953 1.3901023647958473 0.0 1.5541816916834679 387.4225362125757 125.47133359559497 458.7883299617828 -734.7652716769286 388.90695593043614 137.36306825980054 488.9256552073626 -774.8316388915362 346.5951800892254 72.19208821201865 519.7767498530242 -794.542304948226 337.3027920275593 49.47353390915923 492.2653354252593 -780.8403319998654 326.15654652869057 15.249851114205631 536.5409501280046 -800.5239769654638 341.39810091045075 57.721425068195806 480.2036071828549 -755.3211561136288 357.415048982484 93.58013616393737 419.0596826849074 -715.6230831528692 362.8270778454851 97.9308274651958 480.1761662847724 -773.5970867872334 348.71396120012645 49.865135651259564 452.5234180396115 -749.2113771122258 360.5759794509564 68.60022252870301 459.525378884509 -768.9661936220238 383.73894449727965 128.31550847297993 474.1417552167236 -758.3294693742579 333.2501477237995 41.505577449201915 443.0053972497851 -724.5128131992325 358.1511667621715 80.06908397581816 500.9756773279802 -765.0931382452911 315.2063778942159 19.1547857543786 475.08944841415376 -767.2506120118748 359.7189960358785 87.98440583555757 449.6379821701066 -724.0046970474126 302.65624065755253 -2.7819861555848497 460.7344070533247 -740.2098425662682 353.2195797670845 53.75827239871757 500.65796954405675 -786.0504560079246 328.43711185482135 23.392222666671554 488.47996094567105 -765.3257781303872 348.19769590506326 43.17770904900623 520.3617277912022 -789.2334573425868 352.1926086685367 59.78993782620622 433.72653548944163 -730.420487352122 347.243641018499 56.44996721470937 415.0474076203801 -727.712464376854 319.39573115988463 16.738604257403875 466.800673428461 -746.6072534004284 365.47902549477834 85.18378327189662 470.254384307709 -762.584096667368 379.941763342367 132.78388458328084 454.36283617560264 -754.7021513724623 365.9808354475139 78.75816379880426 474.65014432585605 -775.1353171578947 311.3781585778745 7.4169475029136 482.995253535952 -769.056638738844 338.9464968789321 42.97125572025827 444.5871763259925 -742.2218249538441 297.4624697665894 -9.706992811861173 454.8005055882954 -730.0128320814179 355.5978644633721 68.86833696600462 440.6899408377835 -733.4774415066105 382.14678334834093 121.17984391915438 514.0873428695829 -788.90069546917 375.37163084718156 110.87598602520586 452.93125342849913 -742.4336888470461 322.2608519418599 29.009869556660803 447.3405917963734 -737.6852018868094 364.81047049225975 93.17824280705804 494.02297092229514 -763.3217662835577 338.58697180257076 28.311414631362922 440.6411010576902 -727.9852683462294 341.782298863662 36.59829280515744 471.47840512497595 -736.027425378394 342.4193315802577 51.881502973735536 426.0224560311095 -738.2892777027334 306.8980705881801 6.437444833563479 459.25007355060296 -760.0429140013873 350.2311437568307 80.2576749602082 549.2160298123886 -808.3859500123584 312.61755788811917 1.3352715782211444 446.40676993634014 -753.0158314232855 302.0881214441893 -10.01883730832521 488.9730567791936 -758.4912564312307 364.8203217132691 104.72800427652393 448.6906265630726 -731.2783525453799 332.81673174003623 48.45128814772921 550.7413506871101 -804.3636107417755 375.49616625917434 119.01810800431358 420.1035145259395 -723.2523165317318 357.88727317663535 61.45103144379239 426.73421310542926 -732.4850077948289 355.14308448517687 85.78841989526165 506.01091654331344 -782.3985244803222 327.39162435797107 38.07939358705596 499.07430038942033 -780.8075059928556 321.2948528018553 11.595061321260477 483.75907559919364 -760.5313815239929 316.0653607068907 9.325422450672278 436.357508205069 -720.5552997356803 332.2570957522955 34.99429218328081 473.2377318348577 -753.4815645834333 374.0976507762951 93.27356648503509 491.61734061630796 -770.2212150420283 371.5094000443881 97.69609192269377 466.3601998515622 -731.0840552442515 350.1288071217676 67.83096345085066 433.95034668984874 -744.733963031167 323.4922711807118 19.813307934748 533.5982132528065 -795.2660041037929 351.97159894139554 74.70810751097846 433.06870151439875 -725.0327804703237 366.52229639494743 72.76419035665563 435.5709736486401 -735.3294269712067 342.25974529392073 66.60850254101787 427.06608995141147 -720.3679453761819 373.77435784860205 86.51661461788798 463.8277672820004 -756.2188549108874 383.8900451480592 139.91779666224866 469.4956134021612 -770.2573104384799 369.97631065803586 103.14795978155477 467.0966815025269 -738.7603149943664 333.3030956568413 23.785880379173683 478.35111904321764 -735.4987125955071 370.30969403894966 109.69588875849362 471.68537044738775 -743.5755379691755 375.599748889377 126.79779150971038 456.8326821311375 -764.2162022230965 343.84933155651254 43.3999233392207 458.82201670437655 -727.1884999186664 326.8582579552566 30.98326540291469 463.1257199283376 -751.4579134750886 370.3278677769555 116.091096399093 507.4613889925456 -787.813963129429 380.77177202882876 113.083210763158 542.9187529207505 -801.9278871173923 335.37831769207617 31.251811878061392 426.1105711739985 -727.262023739789 307.11586066617576 -0.24746888121328142 441.4166647271756 -747.2465405821706 360.0158967886335 74.6783779030167 527.0911843624198 -794.1056586478023 331.4896752150929 17.74580274689233 485.15548771375916 -778.6145615678637
1380.0048855897958 0.0 1.3901023647958246 1.390102364795899 1.3901023647958761 1.3901023647959732 1.3901023647960173 0.6950511823979632 0.6950511823980148 1.3901023647960065 1.3901023647956716 1.3901023647959105 1.390102364795975 1.3901023647959014 0.6950511823979866 0.695051182397903 0.6950511823980201 1.3901023647959418 1.3901023647959472 1.3901023647959485 2.8657694402372265 1.390102364795892 0.6950511823977877 0.6950511823980104 1.965901617381451 0.6950511823979667 2.8657694402372242 1.3901023647959079 1.3901023647957733 1.390102364795895 0.6950511823981019 2.865769440237272 0.6950511823979917 1.3901023647959154 1.5541816916834699 1.3901023647959745 1.390102364795912 1.5541816916834006 1.3901023647956967 0.6950511823979548 0.6950511823979766 0.6950511823980373 1.3901023647959099 0.6950511823979748 1.3901023647958919 1.3901023647959165 0.6950511823979552 0.6950511823978833 0.695051182397861 1.3901023647959156 1.5541816916833797 1.3901023647959032 1.3901023647959783 1.3901023647959747 0.6950511823979443 1.5541816916834608 1.3901023647959105 0.69505118239798 1.3901023647960367 1.3901023647959634 0.6950511823978613 1.390102364795995 0.6950511823979364 0.6950511823980522 1.3901023647959363 1.390102364795951 0.6950511823978575 1.3901023647959574 1.3901023647959305 0.0 1.3901023647959858 1.3901023647959305 1.3901023647959752 2.865769440237234 0.6950511823979111 1.3901023647959405 1.9659016173812256 1.3901023647959043 1.3901023647957875 1.3901023647959887 1.3901023647958477 1.39010236479592 0.0 1.3901023647958979 1.390102364796029 0.6950511823979534 0.0 2.8657694402372678 1.3901023647959483 2.865769440237236 1.390102364795991 0.6950511823980486 0.6950511823978349 1.3901023647959683 2.8657694402371243 0.6950511823978859 0.6950511823981094 1.3901023647959527 0.6950511823979922 1.9659016173813317 0.6950511823979159 1.390102364795888 1.3901023647958943 1.3901023647959432 1.3901023647958595 1.5541816916834268 0.0 0.6950511823980037 1.3901023647959747 0.0 1.3901023647959616 1.3901023647959283 1.3901023647959656 2.8657694402373135 0.6950511823979684 2.78020472959186 0.695051182398016 1.3901023647959116 1.3901023647959314 2.86576944023724 2.8657694402373095 2.8657694402373277 0.6950511823978436 2.865769440237278 0.695051182398048 1.3901023647959383 1.5541816916833286 1.3901023647959068 1.3901023647959212 1.3901023647959372 1.3901023647958675 1.3901023647959112 1.3901023647961943 0.0 2.8657694402374183 2.865769440237305 1.3901023647959583 1.3901023647959245 1.9659016173813022 0.0 1.3901023647957556 385.46771306013943 123.00950541459807 461.4595315209789 -736.3639630568895 387.454145178024 134.63763823273925 491.56669068472166 -775.6615856643266 345.56843199253933 70.9792428390416 521.4883502522601 -795.4578983480592 335.94775789895016 47.97483286696826 495.08610362426396 -781.3865499514616 324.1992418788019 12.737529419001685 539.5260658978142 -801.6320934853708 340.0525392058921 55.37083033308349 482.5168005185353 -756.7219361104319 356.3628520221222 91.08304317520555 421.655862203069 -716.4017253609238 361.9448788379219 95.77751542815301 482.49701240580697 -774.1570546362625 347.0325373495989 47.249083664342 453.6282509076993 -750.5525581429405 359.5496166288676 65.23011363768781 463.4252176663026 -770.6347726652162 382.3258609287447 126.87688367229444 475.9600529568272 -759.0107360032254 332.43208926795825 39.75335555506233 445.5065830182756 -725.5502533762855 357.45594947398627 78.68772049595981 503.9304942105295 -766.1649434136242 314.541887061199 18.601053599604594 477.41127871740025 -768.6648403329303 357.98375037318885 84.96805467297166 452.4875447529445 -725.1870357604076 301.4431154406383 -5.622492852761176 462.5733064533734 -740.8285039183272 351.52285215300486 51.144644128697635 504.6626113963295 -787.6528480740163 327.3294989701956 20.927521304446092 491.0926011777985 -766.9871414790447 346.3475052401748 40.633555251993855 523.788502546858 -790.3597234271117 351.3412357962782 58.483260309310054 435.30211138770704 -730.6336264788351 346.56720956189514 55.48996260110046 416.6457291833682 -728.9490803409154 317.8170660112682 13.637915819840108 469.16571695429445 -747.922434461115 364.43297487759884 82.6846158905638 472.5029589795527 -763.2715012751815 378.3382917315658 130.57428345066185 456.4706692113004 -755.6502277428464 364.5929114347837 76.43093401918564 477.4097349542547 -775.7121368525882 308.9378472516843 4.685131272021642 484.10471547085325 -769.4392784872371 337.61031353400386 41.03784384714905 446.5947129888255 -742.4349885336793 297.08904170566996 -12.065671958022698 456.6469072683187 -730.5923566223013 355.2595084995309 66.88346189550258 443.12610261004966 -733.6479965337835 380.0383052475706 119.23172159366078 517.8504879563171 -790.2152589892044 373.9714793401865 109.42820297529339 454.6227268061742 -743.3769004365796 320.94836961507934 27.058820905275457 449.7499706558741 -738.9273238554434 363.05414832972707 89.30506641951825 496.7442970840977 -764.8014182961848 337.12518706991665 25.583013799479758 442.640352351708 -729.2304946965538 341.3604716267615 32.958485776249915 474.28265668875525 -737.3235415383155 341.4180709724079 49.791902525439404 427.7438941936448 -739.1812561541369 304.3557095309299 2.486340062137267 460.0490239703454 -761.0648808387813 348.5055163348677 78.10022411225441 552.3833280864767 -812.4359906300417 310.4858592438657 -0.6901950676172627 449.6607040748126 -754.2460436088144 301.5632092688495 -12.732861226747712 491.46642100516095 -759.5808082307404 363.76697772328635 103.09812428573935 451.0487820777318 -731.6424885450341 331.1446909426667 45.82570671554929 552.0945657330215 -807.1672763031103 374.9503950353927 117.56080771096623 421.903846070553 -723.9390033814105 357.054331727629 57.98851359880163 428.4591720487279 -733.3795795116114 353.06359268748423 83.37713594839553 508.409094137916 -784.3831016569393 326.73968104018394 36.681183499545014 501.6921842335589 -781.727492263786 319.5461174570597 8.56621864569585 486.4809520592278 -761.9822335854133 313.5921213363161 7.028099348385955 438.36507013587664 -720.7371432611807 330.46530038482314 31.56746504471476 474.9725703803718 -754.3307023001532 373.38389812038946 90.60317092017829 494.7373472953948 -771.760959952676 370.61935459578643 94.68126738071467 468.15336609656794 -732.7397739613597 349.10904736941205 65.3213078357037 435.51169067325236 -746.0056782417806 322.2151953079839 17.42185302092163 535.6277824286433 -795.716559860164 350.5967199475715 72.80486250777119 434.788478741589 -725.9385529125017 364.44476775684365 69.48539739034719 438.42604570744726 -736.50209129881 340.9055506562254 63.83408690458488 429.36404769368573 -720.8467813962965 372.54788259053635 83.67248195155643 465.58710334614415 -757.9003457974427 383.1521863793487 138.12185620847143 470.6259964592607 -770.6013908332116 368.55358845698714 99.53904834114026 468.66134945521276 -739.0549109689457 332.2098752829939 20.891053918227126 480.54862302695113 -737.2011767766759 368.88339915527763 106.0875107361199 473.68879758897197 -743.8649906609364 373.9958631151253 124.14992850249122 458.68167597086585 -765.716088750352 341.68539447034595 39.72246738313448 461.56421379991184 -728.6001148094724 325.56529845113675 28.597453093188694 465.2252980632341 -752.434868793923 369.07733597156096 113.25824405919188 511.2345176037966 -789.7887691352109 378.8428404570931 111.47146966577088 545.6845163753 -803.3571002092938 334.391875524585 29.58067327578879 428.1298304913585 -728.4653529160041 305.92498122572584 -3.518473930443818 442.9907021234393 -747.4938374806201 359.32624405721543 72.43443720550195 529.2188691165902 -795.7816333477632 330.7529105493797 14.69099169690307 488.17685936339007 -778.7435638603725
1390.0048855897958 0.6950511823979255 0.6950511823979767 1.390102364795923 0.0 0.6950511823979347 1.3901023647960669 0.695051182397935 2.8657694402373832 2.8657694402372806 1.390102364796169 1.3901023647959836 1.3901023647960338 1.3901023647959878 1.3901023647960447 1.3901023647959563 2.86576944023732 2.865769440237316 1.390102364795923 1.390102364795969 0.0 0.0 1.3901023647959465 1.3901023647959043 0.6950511823977933 0.6950511823980188 0.0 0.6950511823979887 0.6950511823980411 1.3901023647959654 0.6950511823980077 2.865769440237251 1.9659016173813217 1.3901023647959208 1.9659016173814894 0.6950511823980434 1.3901023647959065 0.0 0.6950511823979096 0.6950511823980098 1.390102364795931 0.6950511823980435 1.390102364795915 2.865769440237273 1.3901023647958732 1.3901023647959638 1.3901023647960524 2.865769440237297 1.3901023647959365 1.3901023647959059 1.5541816916833764 2.8657694402373024 1.3901023647958906 1.390102364795943 1.3901023647959436 0.48653582767866715 1.965901617381359 1.390102364795986 0.6950511823980017 0.6950511823979443 0.6950511823980781 0.6950511823979563 0.69505118239791 0.6950511823980439 0.6950511823978474 0.6950511823979243 0.6950511823980582 1.3901023647958952 0.0 1.3901023647958521 1.3901023647959165 1.3901023647959123 1.3901023647958144 2.865769440237226 1.5541816916833948 1.3901023647959236 2.865769440237269 1.5541816916834637 1.3901023647959876 1.390102364796003 1.3901023647959183 1.390102364795972 1.390102364795941 1.554181691683465 1.390102364796087 1.3901023647959525 0.6950511823980476 1.5541816916835087 0.6950511823978685 0.6950511823979635 0.695051182397907 0.6950511823979297 0.6950511823979968 0.0 0.6950511823978756 2.865769440237337 1.3901023647959494 1.965901617381329 0.6950511823981083 0.6950511823980542 1.3901023647959312 0.6950511823980009 0.6950511823978561 0.695051182398057 1.3901023647960578 1.3901023647959363 2.8657694402371074 1.3901023647959418 1.3901023647958446 1.5541816916835243 1.3901023647959 1.3901023647959765 1.3901023647959525 1.5541816916835047 1.3901023647959025 0.695051182398013 1.3901023647959014 1.3901023647958959 1.3901023647958581 2.865769440237252 1.3901023647958934 1.3901023647959574 0.695051182397756 0.6950511823979733 0.6950511823979534 0.6950511823979791 0.6950511823978864 0.69505118239798 1.3901023647960171 2.8657694402373526 0.0 1.3901023647959863 1.3901023647958493 1.3901023647959265 1.3901023647958701 1.5541816916835303 0.6950511823981379 0.6950511823980626 0.6950511823979261 1.3901023647959105 1.3901023647958206 383.3642103371905 120.61882188098197 463.5382686064583 -737.3666249057115 386.7335446781893 132.83602051086623 493.42945953940233 -777.0469027328822 344.2319545401978 68.19330764107654 524.9113531990575 -795.9213806344778 335.65518969417576 46.412964096610715 498.09888107946136 -782.4122446078235 322.13779264629943 9.420717338639346 540.9987488807275 -803.5804085805264 339.4186524266921 53.53974435846016 485.15002286369844 -757.5655733831777 355.6802201650066 88.83349466898106 423.65215566265437 -717.6440105380343 360.57019720659116 93.01092377003648 485.77551060770554 -775.4272748370269 345.5776321398075 44.094419071513705 455.3544379009866 -750.5361636300094 358.0409445579154 62.53054330512058 464.8666597961271 -771.1935995788184 381.6174668957089 125.50472961516301 478.03972788578994 -760.8444954902645 331.52449206251583 36.77529320464832 447.78228039731016 -726.141122467234 356.4514421961436 75.74203236703012 505.5896698162386 -768.5973490312706 313.95486570084523 16.75290870536045 478.5558068689014 -769.758993172694 356.9640850072339 82.88548565857623 454.0576887188144 -725.4678351777164 299.0168181610001 -8.366961241631167 465.16652292436856 -742.543400110596 349.9945052522698 50.150343548152314 507.01473071716515 -788.9866392136083 326.73459113278784 19.080007737617546 494.0642153512632 -768.7897607547831 344.88442404950615 37.90457436218566 527.2048093301822 -791.5178658850708 350.17341827051354 56.902767860352974 437.9509913722752 -731.7901346620605 345.22928267270504 53.98651018912065 417.92916652134636 -729.8994781514401 316.24188351948453 10.953161877626448 470.5334737702114 -748.628966879461 364.0994594368009 81.12515154575658 473.1738509051392 -763.6571731319392 377.62512084777825 128.76942159400983 458.53251794237246 -756.6953522817375 363.58082154723564 73.91381940563797 479.27765434755014 -774.802892183886 307.166706357663 2.5021290921172317 486.29366103711186 -770.2835833616124 336.4514782596801 39.86861707283691 448.00068786337965 -743.0879551477997 295.1251897677903 -14.167793460413883 458.93602524642324 -732.0913922519828 353.94029476735216 63.236973506592555 445.6704706712894 -734.5853088325179 378.6377203899006 117.347138132688 520.2007999165563 -790.8760432384682 372.91872854446245 106.93044104306614 457.2399130513103 -745.0601284872282 319.3768660370472 23.951875977649415 452.36952224983656 -739.7250188479982 362.3730570605006 86.62615596192954 498.82877567333196 -765.8355689429168 335.7189770519009 22.405124399363306 444.3981259867108 -730.0151266702933 339.7230069115636 30.723920569316277 476.0047206864742 -738.1837685006338 340.1126513713036 47.414815127664276 429.1626020105576 -739.7874191832615 303.1697557789528 -0.7859913957779645 461.4160249352308 -761.7838755666983 346.6360443302273 75.57704377297388 554.582497445435 -814.4856747777878 308.89297726091115 -2.9496011599041942 451.8371105760111 -755.9638323532623 299.5905511121604 -14.411636718685008 492.8367023382096 -761.0536331572976 362.0374477743996 100.94167038344796 452.65281230806045 -732.8042441597561 330.3617369737629 43.63777095144418 554.2033540650463 -809.5530809589488 373.19744978154745 114.55216776482902 422.89649921918596 -724.5630403349908 354.8733051975037 55.17367200581292 430.8630030663495 -734.6216522166195 351.7003213664053 81.03434879330389 511.29767524381646 -786.3075272316781 325.81336144416565 34.1333306670381 504.9167530357128 -783.1559192847936 317.33837517569566 4.891325941013967 488.62116873537053 -763.6778549852744 311.99633731428537 4.770281896972972 439.9347611974628 -721.0030076489313 330.01577833974585 30.080045931071297 477.4384571353513 -755.4496305408312 372.52074256430797 87.58267434048243 497.16854905719225 -774.4213708904989 369.4064777841508 91.8322913266925 469.63238012889934 -734.1062578311855 348.11684942494475 63.225144034959975 437.7754305219391 -746.6081205753128 320.78733280804664 15.094077615217019 538.1840651846097 -796.7688064028415 348.9152982399576 70.18691539043014 437.33887685484007 -726.8397115500818 362.57512229002214 66.95852414933557 439.99688111895006 -736.7860178111545 339.5578053487281 62.332436018477495 431.7774907763367 -722.076904570575 371.00723923817213 80.12412910233792 466.4083661711487 -759.6625164425209 382.07482129022884 135.63783248825175 472.00536343275616 -770.5067716724704 367.6855597153068 97.37939866424186 470.64281620879666 -740.269511849413 330.8192712381865 17.706680076438218 482.24900172626496 -738.0868297042645 367.83898986224847 104.45231803300904 475.12454893021345 -745.266670897644 374.14267457057355 121.90165537669012 460.3205880111554 -765.9205028080476 340.39096770430103 37.34183306092412 463.82281401069486 -729.2543247401575 324.81126340227956 26.39945646901023 467.45960894982215 -753.1558913604681 368.02672330497 110.75688263242665 514.3304274331126 -791.4098203738962 378.3154165211536 110.0061974446038 547.2759198269137 -804.45027263733 332.98375563845326 26.405421400909976 430.4694410467695 -729.8713300012623 303.7283720689035 -7.1997402217779864 445.0935408785332 -748.4642132126354 357.6277555515537 70.25359633909142 531.6667727537854 -796.9912247513817 329.71997924355264 11.348884790934433 490.37465176555094 -780.3228979668041
1400.0048855897958 1.3901023647959232 0.6950511823980252 0.6950511823979351 2.8657694402372815 1.3901023647959585 1.5541816916836186 1.3901023647959125 1.390102364796118 1.3901023647959012 0.6950511823979925 0.6950511823980157 1.390102364795947 1.390102364795887 1.3901023647960067 1.3901023647959785 2.865769440237244 1.3901023647959057 1.3901023647959796 1.5541816916835376 0.0 0.6950511823978868 0.6950511823979056 2.1979448267707142 1.390102364796054 1.3901023647959565 1.5541816916834308 1.3901023647959503 0.6950511823980975 1.3901023647959425 1.3901023647958475 1.9659016173813106 1.3901023647959256 1.3901023647959545 1.5541816916834825 1.3901023647959692 0.6950511823981421 1.3901023647959245 0.6950511823981276 0.6950511823979026 1.3901023647960569 1.5541816916834665 1.3901023647959256 2.865769440237335 0.6950511823981422 0.6950511823979126 0.6950511823979489 0.6950511823979834 1.3901023647958815 0.6950511823980052 0.0 0.0 1.3901023647960924 1.554181691683521 1.3901023647958946 2.865769440237298 1.9659016173813215 0.6950511823980194 0.6950511823980345 1.3901023647959574 1.3901023647958146 1.3901023647959183 1.3901023647959858 1.3901023647959185 1.3901023647960182 1.3901023647959283 1.3901023647959292 2.865769440237269 0.6950511823978596 1.3901023647959045 0.6950511823979334 0.6950511823980278 1.3901023647960045 1.3901023647959285 1.39010236479595 2.8657694402372664 1.9659016173812256 1.390102364795908 0.6950511823979234 1.3901023647958946 0.6950511823980962 1.3901023647959534 0.6950511823980295 0.6950511823980444 1.5541816916833584 1.390102364795995 1.3901023647960151 1.5541816916835343 0.6950511823979629 0.0 0.6950511823980415 0.6950511823980062 1.3901023647958632 1.5541816916835127 1.3901023647960684 1.3901023647959274 1.3901023647959383 0.6950511823979916 0.6950511823979727 0.6950511823978935 2.8657694402373854 1.3901023647959445 2.865769440237248 2.8657694402372917 0.6950511823981032 1.3901023647958817 1.3901023647959447 0.6950511823979353 1.3901023647958657 1.5541816916835385 1.3901023647960042 1.3901023647958974 1.390102364795937 1.5541816916833906 1.3901023647961017 2.7802047295918952 0.695051182398118 0.6950511823979343 0.6950511823979146 0.6950511823980127 1.5541816916832876 1.390102364795982 1.3901023647960802 1.3901023647958834 0.6950511823980629 0.6950511823979432 1.3901023647959752 0.6950511823980281 1.390102364795938 1.3901023647959325 0.0 1.5541816916834388 1.3901023647960244 0.6950511823979508 0.6950511823980217 1.3901023647959665 1.39010236479597 1.3901023647959085 1.390102364795982 1.5541816916835296 0.0 381.7987926904749 118.37717199336737 464.28418928853296 -738.4307960892045 386.0288392029755 131.45858995922904 495.9026902081582 -778.2088555054949 343.2771216715186 65.65869910944323 528.0049335430585 -796.8722726164748 333.67877232930925 44.33167731809314 500.34765425241 -783.224838555713 319.53026115827026 6.755642417816233 542.0531767509323 -804.7732939684608 338.8246859399114 51.266488015813174 486.91105294039704 -759.1211595787985 353.9979905233803 86.21367422610551 425.6131527254683 -718.9387568180708 358.8626590798851 91.69211872232994 489.0088364913398 -776.8158982894904 343.3062629286896 40.87976175141943 457.1521467845448 -751.2784621942104 356.2328734385951 59.53536257550594 466.8933312956067 -773.0737353598657 381.26691619153286 124.81388695473012 480.2445463468124 -762.4071299904724 330.1695309296504 34.63002677153898 449.8606574546316 -727.1613080657962 355.4825012618995 73.21050467213277 508.3649495721679 -770.6919360043255 313.01856014292287 15.053659417309914 481.3835279411805 -771.0632415971273 355.63392123221627 80.52300017111314 456.38157607753755 -726.8387582099366 296.2620357887922 -11.391539027417435 467.6270560044361 -743.6781047772179 347.90347638956865 46.43207496039991 510.21843896562797 -789.7676002689567 325.1360871872713 16.824932564571366 496.86422732217187 -770.1493837310448 342.97031901585945 34.527287426241735 529.3341800689124 -792.5096711091086 347.8732663546671 53.70865172936302 440.73339974230066 -733.1228280251339 343.13334697460255 50.27324266358492 420.47497119558614 -730.8271147197868 315.0293294921204 8.11206300823343 471.8380639140588 -748.6928626161331 363.777336678251 79.99351147001613 474.5212648389973 -765.1438485908628 377.10213359012675 127.30264211085908 460.75654942159184 -757.4858812282885 362.59980735171666 71.38736380457883 482.42187904073484 -776.3301047903794 305.57509497642747 0.24195271254937972 487.9041410283203 -770.6286410018787 334.65789245426697 37.703653428310616 449.0202072260695 -744.4825261591617 292.5213920823265 -17.67619374322311 460.22055889963207 -732.977789128303 351.7944196545263 59.96867723634401 447.3195466930147 -735.6105024444767 377.25535546570063 115.01796064822601 523.0852078564612 -791.4479851482288 371.8924019057712 105.28744724423768 458.8499718199396 -746.1442004082547 318.41196674027117 22.68480910653668 454.4268354160039 -740.7865961790906 361.5392497531951 84.88424376517196 501.6410789144321 -767.8910724021854 334.21007416994263 18.428276944721034 445.9481456807282 -730.3540974106048 338.13454366195435 28.045037184264043 477.5006820602012 -739.4668696459692 339.2868801556346 44.61278795164233 431.6868859060887 -740.7601535016331 300.3876727682415 -3.3789721383145923 463.53152008744894 -762.7602859879777 345.64398167741086 73.90830336758799 555.3360983586983 -817.2756137365993 307.2751928325374 -4.779173409302835 453.12602058922215 -755.9955292900087 297.6976077611557 -17.38310985374583 494.8948739140684 -762.1295408307763 360.68040777068876 99.02791358377758 454.2799342016576 -734.7100039069975 329.2718177172645 41.16506062520459 555.4472284918506 -812.5158855481963 371.82149926265396 111.78502903581102 425.71351840213737 -725.8400804322279 352.04564351073526 52.21561772375622 432.53581231881094 -735.6027004267027 350.53308393443695 79.02396214929439 514.503738554715 -787.0883294240293 325.24365768239517 31.85661325108849 507.0497066103586 -784.1398173723478 314.93643274678107 1.7175287130148076 489.078758136084 -765.1194312336045 310.4044117892187 2.5104046725614335 440.9066276495053 -721.6783565982321 328.8922810255114 28.46162920930291 479.1932221831809 -756.2743239923993 371.8513172861193 85.7651485617411 500.3809402471246 -775.8615789583488 368.4082760852073 88.88353026422196 470.2464473499299 -736.2039203500656 347.16866393548605 60.685934966354246 439.33256944856373 -746.9465080342238 319.4954440096284 13.547431888770918 540.6113446911045 -799.3730930210622 348.29566404206025 67.92208382071084 439.43016681043355 -727.8447380949691 361.2655121448578 64.15893522717002 443.0329420880916 -738.4922782948967 337.9423610081942 59.248676217394994 433.44931385890084 -723.0587671251145 369.317663882846 77.93313906786112 467.938408572487 -760.1033030002832 381.55292698224696 134.60719675123534 474.1573505106498 -770.6841216911309 367.0130931471739 95.13066477323241 472.14573021569794 -741.5318178608409 329.57400613573986 15.298817255224643 484.6591179829897 -740.858823180081 366.47585989444246 101.67817969421682 478.03682143445667 -747.1718833700704 372.7624963246551 120.00056189483261 463.00853975652615 -767.4542598668158 338.0886187823072 34.97865599984243 464.9726878049221 -731.1862238120506 324.24815858226646 24.11948396484323 469.66479629734044 -753.9753045199649 366.66127558209854 108.41597275150517 517.4266477105133 -792.3558489006117 376.94328542826685 108.09907075354809 548.519814644501 -807.4130668071017 332.41506072914115 24.12685036660075 433.43656938503716 -730.8163758420535 301.09796261571864 -9.437956604209933 447.7636242212208 -749.1779613130719 357.3453396072649 67.82795849253114 534.740562640655 -799.3363240249096 327.9953823407883 8.305392254669865 493.1779878857792 -782.383747622503
1410.0048855897958 1.3901023647959276 2.8657694402373797 0.695051182397957 1.3901023647959827 1.3901023647959485 1.5541816916835864 1.965901617381383 2.865769440237109 0.0 0.6950511823980151 1.390102364795921 1.3901023647958959 0.6950511823980356 1.3901023647959139 1.3901023647959754 1.5541816916835607 1.3901023647959094 1.3901023647960515 0.0 2.865769440237264 1.3901023647959836 1.3901023647960205 0.0 0.6950511823977978 0.6950511823979865 0.0 1.554181691683531 1.390102364795868 1.3901023647959556 0.0 1.9659016173813717 2.8657694402374583 1.3901023647959398 0.0 1.3901023647959532 1.3901023647959014 0.0 0.0 2.8657694402373237 0.6950511823978628 2.865769440237324 1.390102364795835 0.695051182397917 1.9659016173815305 2.8657694402373024 1.3901023647958484 0.6950511823979018 1.3901023647961224 1.965901617381343 1.3901023647958213 2.865769440237224 1.390102364795788 1.3901023647959516 0.695051182398177 1.3901023647959323 0.6950511823980328 1.3901023647959405 4.170307094387844 0.6950511823979225 1.3901023647959618 1.3901023647959134 1.3901023647960193 0.6950511823978985 1.3901023647960025 0.6950511823980149 1.3901023647960398 1.5541816916834668 1.3901023647959485 1.3901023647958572 0.6950511823981428 2.865769440237291 0.6950511823978234 2.865769440237243 1.3901023647959365 0.6950511823979969 0.9730716553571684 1.5541816916834006 1.3901023647958028 1.554181691683496 1.3901023647959365 0.6950511823980412 1.3901023647958866 1.3901023647959099 1.554181691683665 0.6950511823979171 1.3901023647959578 2.8657694402372833 0.6950511823978778 1.3901023647959456 1.39010236479588 0.6950511823978993 0.6950511823979804 2.8657694402372287 1.3901023647959798 1.9659016173812423 1.3901023647958866 1.3901023647959445 1.3901023647959612 1.9659016173813335 0.6950511823980134 1.3901023647959951 1.390102364795898 1.3901023647959567 1.3901023647958464 0.6950511823979675 1.3901023647958177 1.3901023647959583 1.3901023647958766 1.3901023647958706 0.6950511823979414 1.3901023647959398 0.6950511823979774 1.5541816916834719 1.390102364795981 1.3901023647959252 1.3901023647958586 1.3901023647959263 2.8657694402373637 1.3901023647959054 2.865769440237185 0.6950511823979642 1.965901617381355 1.390102364795974 1.3901023647960804 0.6950511823979967 0.6950511823980764 2.865769440237282 1.390102364796047 0.6950511823980444 1.3901023647959687 1.5541816916835423 1.5541816916833813 1.390102364795961 0.6950511823981899 1.3901023647959145 0.6950511823980672 1.5541816916835045 2.865769440237203 0.0 1.3901023647958475 380.7813161074285 116.29274282207307 467.1819745453179 -740.3578271911944 384.9956383217482 130.2464987750469 498.8891756405993 -779.9970619239411 342.3139196347802 63.97487920248579 530.1333154278475 -797.8655931921606 332.75792569832873 42.203380066627744 503.3277269551356 -785.0238866145266 317.4584382074023 3.8605979368131367 544.2810280949178 -806.3039023885907 337.1471763876195 50.31520980676855 488.62799914721586 -760.0182292434357 353.51019449549773 85.16796120545257 427.4358399646365 -719.6156340989573 358.2315229558205 89.43207729612706 492.53571375299146 -779.1818449072973 342.0528401017767 38.477687802214334 459.1579578856657 -752.4501364318311 354.7570782385359 57.65414546633785 470.3535667932817 -774.8197641445028 380.7606240522677 122.90928295326727 482.1903808454995 -763.6698431473392 328.06344167486293 32.17251732477134 451.46848517414173 -728.2426351108178 354.14281548685057 72.12548223689403 509.5174745584124 -773.1132448954845 312.64324753188623 12.695078747980137 483.7475906540594 -772.3890671685153 354.6574531006961 78.84875643939714 457.9668055523963 -727.9403722911327 293.4541502112792 -13.554353378637268 470.07947105837246 -745.5905382528787 346.6204646414518 44.46379611669217 512.884669658478 -790.6587632789357 323.89792674424996 14.414479120323328 497.93018297848596 -771.3351353620919 341.209747360314 31.921071281627345 531.3629426284332 -792.9658407062914 345.76618990764774 50.839150303839126 443.44800646967946 -734.5719042081695 340.8815283550763 47.0444338369098 422.12902502004204 -731.8523843801429 313.713673221067 6.9933333490497205 473.6420658285679 -750.9130544385343 362.00162023786476 76.13216739079527 476.46330626599365 -766.4018400792363 375.73167971708216 125.39455698809405 462.7442448328321 -758.6891007053152 361.9607088890336 69.98111328455408 486.2822928774212 -777.4954949395259 303.55739791049734 -3.5156589599143278 489.83198340253625 -771.9121204431643 333.0794013318872 35.0200512999364 449.5089995640181 -745.1983214412724 290.38236274108357 -20.58498507217041 461.7577444252925 -734.9666046922255 350.36586062750723 57.222708691835585 450.82232083827273 -736.4358268336435 375.88487959052264 113.9641743314004 524.6767863934863 -792.540734050435 370.8910376394479 103.20006772094348 461.0863246612167 -747.6773013190581 317.501811565211 20.554058171779765 457.06176542618425 -741.6207903392783 360.7371255041107 82.69991743068378 503.1387557093329 -768.4338585206665 332.2334060057063 16.75407331331852 447.9793710316057 -731.4528116957265 337.4226163612301 25.409236213715236 479.57722075839393 -740.5088014544633 337.06299858956834 40.947268164851295 432.560316419286 -740.7760054870879 299.25019455364867 -4.573678939651038 465.5284673954633 -764.6742850727942 344.32128608202265 72.3897990246431 558.6076368643978 -820.764796555744 305.43520069838627 -8.612360923109563 454.2650979324792 -757.1055362105232 295.24507209006373 -19.697030687433365 496.715809377457 -764.2715241766516 359.00081585815127 96.83042357916702 456.7970737575783 -736.5459606969924 327.8431191301974 38.83866922964297 556.4724429196187 -815.7969535887993 370.97276979000554 110.47962919752854 428.3846566386722 -726.5286209493034 350.2532623286087 50.05443251677564 434.6074121723281 -736.6550340264391 349.55628282889506 77.34851946754313 517.0602120140749 -788.1395808100593 323.72173825001215 28.30767048038127 509.60756820361377 -785.188763349196 312.74061147265127 -1.9642594988331896 491.0099018361888 -766.397446427799 308.208731102704 -1.1714976249395492 442.2037570489973 -721.6933555003332 327.34569243219113 25.342870951288077 481.15688360130764 -758.2164116318675 370.70734587994855 83.32011563885612 502.3039602209536 -776.4683535388971 367.09046928196256 86.5182701644726 473.2653357148442 -738.6758052352278 346.584639408963 58.411386724756845 441.549433924693 -747.7110236375587 318.94234544795404 11.264392009439854 542.8392079186017 -800.9036811167981 347.348284315651 65.80643913947705 441.20883179284414 -729.4381780454061 359.3975084784948 63.30731255638569 444.21250055088024 -739.5560120468323 336.98437533491915 57.5599110157299 435.953581619462 -724.0946345567378 366.2683091387392 75.94215254992146 470.53172968072334 -761.0511018623836 379.8347378538223 131.58013852498144 476.3025286532931 -770.9251344518398 366.5398952350287 93.21829026766338 475.24442033275454 -743.8596415799703 327.7030375722354 11.899337216894306 486.4464786293474 -743.8278616647606 364.7918383794225 99.48537720262028 480.21985950930207 -748.770696438166 371.7522359368878 117.48359911816958 465.3230484294142 -769.5848844033476 336.558837563719 31.432664119868125 467.16309940806246 -733.5657770436011 322.73075215984056 20.56879211470989 471.20335174248584 -755.1599901217623 365.6535335567792 106.75714344943582 519.4461274056151 -793.5076896296749 375.9306331404906 106.44568197229962 550.8375381547861 -810.1766623264116 330.58951768779474 22.8077886819618 434.88757106577964 -732.2103844092197 298.3431907927596 -12.46255029028529 448.9233605306638 -750.2565793303323 356.19569595184703 66.22796587391164 537.1871014962218 -800.5486136341626 326.4550968734629 5.184122952297447 496.48923662950455 -783.6891600666688
1420.0048855897958 1.5541816916834328 0.6950511823981491 0.6950511823979482 1.5541816916836 1.3901023647959305 1.3901023647958506 1.390102364795987 1.9659016173813821 1.9659016173813675 1.5541816916834543 1.554181691683394 0.6950511823980503 0.6950511823978884 0.6950511823979612 1.390102364795927 1.9659016173814001 1.9659016173813395 1.3901023647959165 1.5541816916834665 1.554181691683421 0.6950511823979462 1.3901023647959685 1.390102364795919 1.3901023647959336 1.3901023647959572 1.3901023647960158 0.6950511823980471 1.3901023647959483 1.3901023647959263 0.6950511823978428 1.390102364795973 0.6950511823978488 0.0 2.865769440237144 2.865769440237283 1.390102364795835 1.9659016173812967 2.865769440237352 1.3901023647959418 1.3901023647958481 2.86576944023727 0.6950511823978434 0.6950511823979076 2.8657694402373086 1.3901023647959705 0.6950511823980281 1.3901023647958572 1.390102364795911 1.554181691683418 0.6950511823978079 0.6950511823979005 1.3901023647960202 2.8657694402372207 0.6950511823978366 2.8657694402373344 0.6950511823980826 0.6950511823980219 2.8657694402373037 2.8657694402372638 1.9659016173813986 0.695051182397956 1.3901023647958568 1.390102364795908 1.3901023647958977 1.390102364795913 1.390102364795937 0.6950511823979568 1.3901023647959525 1.5541816916834665 0.0 1.9659016173814177 0.6950511823981022 1.3901023647959247 1.3901023647958937 1.3901023647959625 2.8657694402370293 1.3901023647959776 1.3901023647959228 2.8657694402372837 1.9659016173813695 0.6950511823979205 1.5541816916836644 1.3901023647959214 1.5541816916833906 0.6950511823978838 0.6950511823979396 1.5541816916834792 1.3901023647959827 1.3901023647958999 1.9659016173814674 1.9659016173812782 1.390102364795985 1.5541816916835218 0.6950511823980493 1.3901023647959148 0.6950511823978224 0.6950511823980489 1.3901023647958508 1.554181691683391 1.3901023647958841 1.554181691683455 1.390102364796027 1.3901023647959347 1.3901023647959285 1.3901023647959607 0.0 0.6950511823980359 1.3901023647959792 1.5541816916833986 0.6950511823978993 0.6950511823980045 1.3901023647958244 1.5541816916835196 0.695051182397887 1.3901023647959359 2.8657694402374285 2.8657694402372877 1.3901023647960369 1.5541816916834856 1.3901023647960433 0.695051182397977 2.865769440237274 1.3901023647959205 0.6950511823979892 0.6950511823979721 1.39010236479597 2.865769440237274 0.6950511823980039 0.695051182397925 0.0 1.3901023647959159 1.3901023647959578 0.6950511823979358 1.3901023647958453 1.5541816916835194 1.3901023647959212 1.3901023647959125 0.6950511823977774 1.3901023647959734 2.8657694402371496 378.5835385050057 113.91340329566468 469.1478817184949 -741.5849443361109 383.81348330342524 128.24704412862704 502.4035717243059 -781.6970195549346 341.34324279141407 62.713345547628066 531.6054512141326 -799.8150758613682 331.66621878877305 40.150455121943025 506.3031850007137 -786.8296848012126 315.53966841352593 1.3200682569728692 546.0423853320261 -809.1808582720306 335.59596672329684 47.199076020737905 489.6913656884628 -761.1984919185525 352.5430403987104 83.4869988941678 428.62118177959997 -720.6795339945442 357.278638654737 87.32159173197991 495.30631509454344 -780.6002735152489 339.46495915856417 35.38616610273464 461.54382348693485 -753.7261360856967 352.76894073073134 55.995405298173225 473.5659180389285 -775.5614938497962 379.7407708683933 121.68201249116852 484.7562520742995 -764.6949150653037 326.1661677730944 29.203837905060343 454.4623477285131 -730.0059997835533 353.2460941587873 69.14452115560228 509.7998753552428 -776.1158671729617 311.86094060896016 11.349392423365183 485.66666727425377 -773.6890408477252 353.3827519160041 76.4572999998252 459.7206785651822 -728.7657543450954 292.2578843752326 -16.40323770897997 471.72778481080553 -747.3233639122933 344.22995337902944 40.86943272985771 514.903585710946 -791.8115049033012 322.35927240472347 11.292499726537782 498.8800363175278 -772.6836134157838 340.1961411144324 28.573840849119605 534.0165445382097 -794.5583402756424 343.70267744525665 47.52423727579202 445.5956562025179 -736.257652535607 338.97546869777625 44.08086139328711 423.5986234769966 -731.5513731794201 311.7943371588766 4.452340145289604 476.24273814958593 -753.2933107858826 359.8963742946065 72.84555170930575 479.2450050133335 -767.7917682394228 374.90647955488396 123.22504099548553 464.90462339133916 -759.6124094468494 360.9034246584327 66.64818110814049 488.63004411812 -778.8506261131455 301.8189638818377 -6.133229118020101 490.8987765379697 -772.402508790281 330.824815866007 32.205098402947776 451.0671315534089 -746.3599454089353 288.9402484194383 -23.093643238854686 464.3581156472856 -735.8781260636996 348.4003457630545 55.131504147418546 452.4234596028007 -738.2873313608407 373.7191165323792 110.71356057259932 528.0779544582331 -794.409953673586 368.7424094221192 99.93963246644992 463.2779214593693 -749.2772220184727 316.59405886797896 18.42234138378763 459.6921529868215 -743.2350168134832 359.75436608452947 81.44909125556629 504.1816458606446 -771.015847370462 330.6408494738707 14.494617686615692 450.6469644109897 -733.0179693732063 335.37435666455997 22.085403155193934 481.42132243474947 -741.9141948273981 335.48976248503396 38.261034888770524 433.5281192025062 -742.2067520340748 297.0590519737829 -8.258784021500158 467.6824569658476 -765.610483926472 343.38927509188835 70.26867762411136 561.2238194868055 -823.7226123699165 304.1766861997655 -10.595824600968486 456.4494010614411 -758.708396756621 294.08207341395945 -22.98172948958336 497.6688279416931 -765.618706416294 358.37312221632413 94.99338071923177 459.96682854564045 -738.0103923358404 326.5762959607033 36.86073409546793 558.103981071977 -818.1604487176579 369.3026166514323 108.27750367179074 429.0647030482098 -726.8942748506286 348.1396007566991 47.60309826948505 437.24039272254663 -737.479320991404 348.2438246615329 75.81888324386739 519.6162904600587 -789.1929326831062 321.52202147392256 24.628195171627212 513.0188248514232 -786.3597595087864 310.4402084342 -3.9240375308621274 492.17978103521614 -767.4231739563255 306.2907742381979 -3.713213718087757 443.98815032133035 -722.4745228553345 325.50177913014164 21.51143203959879 483.2992179992239 -759.1801282689222 368.02157107744284 81.14570373858491 504.5344696701694 -777.9942134937157 365.4302994960544 84.72791096272626 475.23270513169643 -740.6086431007323 343.674926869169 54.62480532016432 442.8774228546073 -748.5045223942841 317.35117846273056 9.003806833878029 545.4814102081991 -803.1992094671392 346.7286237741215 64.38976316708413 443.263169927146 -731.285797237375 358.01680113843526 59.695362725607474 445.8212971156372 -741.3962566453092 336.4403970174332 54.85068843032899 437.36489123898355 -725.5278705233619 364.459884475482 73.79307327405007 472.68371424990073 -762.6949282912936 378.8281823975181 129.49564091461127 479.18715596583684 -772.862198752146 366.25357664991645 91.65005673633608 478.264865648631 -745.5810055046783 325.0265567076425 7.582917947152072 488.2803340434665 -746.6551463311097 364.3509320783617 97.13705370883595 482.1584688252262 -750.7384027324204 371.78339425236976 116.18994201358593 467.26242416504033 -770.858275561367 334.9379290106868 29.606091006393275 470.74954843220473 -735.1023906382812 320.86231437123354 17.1676046158135 472.17731196329964 -755.7892356250201 364.00180020611265 104.11486853370066 521.8925058930082 -794.7201125858005 373.4144679359532 103.78909009534428 552.0633805137284 -812.4478506220601 331.02311400273834 21.363507658177316 435.8305483059644 -732.085547436212 296.812773229241 -15.589647157778995 450.901877309526 -751.4665493865017 354.7773663190326 63.47804418535687 538.7803981898703 -801.6456500066455 325.4769418006996 1.4040803520814047 499.77886694849906 -786.4051757518137
1430.0048855897958 1.3901023647960007 1.3901023647960156 0.6950511823978861 1.5541816916834705 0.6950511823979626 1.3901023647959392 0.6950511823979117 1.554181691683487 1.3901023647959425 1.39010236479571 1.5541816916835136 1.5541816916833209 0.695051182397884 2.7802047295919814 0.6950511823980525 1.390102364795926 0.6950511823978974 2.865769440237387 1.3901023647958812 1.3901023647960717 0.6950511823979787 1.3901023647958934 0.6950511823979083 1.3901023647959287 0.6950511823979342 2.8657694402372194 1.9659016173812867 1.3901023647958437 0.6950511823979162 1.3901023647959214 2.8657694402372633 1.3901023647959025 1.3901023647959865 1.554181691683395 1.3901023647959412 1.3901023647959585 1.3901023647959607 1.5541816916835538 0.6950511823980158 1.390102364795955 2.1979448267707733 1.3901023647959978 1.5541816916833944 1.390102364795974 0.6950511823979942 1.5541816916834033 0.6950511823980183 1.3901023647958866 0.6950511823980503 1.5541816916834659 1.9659016173812376 1.390102364795962 0.695051182397974 1.3901023647960724 0.9730716553571219 1.3901023647960453 1.9659016173813078 1.390102364795917 0.6950511823980252 1.3901023647961008 0.6950511823979373 1.3901023647961006 1.9659016173813801 0.6950511823979109 1.390102364795905 1.9659016173813582 1.554181691683428 0.6950511823978845 2.865769440237274 1.9659016173812998 2.8657694402372598 0.6950511823979273 1.390102364795971 1.390102364795988 1.5541816916834827 2.865769440237386 1.5541816916834537 0.6950511823977606 1.5541816916835132 0.6950511823979215 1.3901023647959527 0.6950511823978749 1.3901023647959554 1.5541816916833215 1.3901023647959385 1.3901023647958488 1.5541816916835152 0.6950511823978414 1.3901023647959776 1.9659016173813761 2.8657694402372655 0.6950511823980366 1.5541816916833981 0.6950511823978953 1.9659016173812487 1.3901023647959925 1.5541816916834006 0.6950511823980742 2.8657694402372997 1.3901023647961424 1.3901023647959017 1.3901023647959037 2.8657694402372327 0.6950511823980824 2.8657694402372895 0.0 1.3901023647959185 0.695051182398156 1.5541816916835332 0.6950511823978224 1.3901023647959605 0.6950511823978505 2.8657694402373175 0.6950511823979385 0.6950511823979516 1.3901023647960513 1.3901023647959685 1.3901023647959299 2.865769440237216 0.0 1.3901023647959463 0.6950511823980761 1.3901023647959518 1.3901023647960329 1.5541816916834905 0.695051182397943 1.390102364795923 1.390102364795922 0.6950511823979729 0.0 0.6950511823978913 2.8657694402371563 1.3901023647959545 1.3901023647959505 1.3901023647959014 2.8657694402371363 1.3901023647959418 1.390102364795821 1.390102364796003 1.5541816916834965 377.60187120559016 112.24205447499676 471.62344408371445 -743.4455974243826 382.9906153840267 126.50227428825221 505.37667961123253 -783.5097141470279 340.42770778178914 60.585485242039994 534.5722086162147 -800.9638944175805 331.03402390453516 39.16071868831058 510.444180549981 -788.9857517572447 313.18855495776705 0.21163048119790323 549.344941076804 -811.854998604706 334.8370141900141 45.42349579791297 492.5614305766621 -763.15704232792 351.5478252935499 82.65885337083114 430.5617132950279 -722.7125817594763 356.3402400031068 85.20227525973065 497.9723250709319 -781.4927868567958 338.17470718142334 33.83730087123151 463.6929183819399 -754.6738873305771 350.66218534108833 53.53925125445256 476.45773209835966 -775.4236141856467 377.7376290374853 119.20558625947164 485.605250470224 -765.5072585281209 323.562507103666 26.533893408068845 456.546489906358 -731.7699391042296 351.99289590899366 66.74028736586023 512.4421799660647 -778.409347207672 310.634571556151 8.931245983813453 488.2323535430421 -774.0407073515076 352.43294836781746 74.76511878593136 461.98640935996707 -729.5191026840088 290.05517743575535 -19.25974639684586 474.3008828750396 -749.0324614412348 342.78659955583646 38.96606491088318 517.2448969760871 -792.5027930851007 320.80115187783514 8.597594215149309 500.99951963780836 -774.373721278702 338.04483154282025 26.972107327489482 537.2646383816431 -797.3247173017489 341.6254928763025 44.632208918345604 448.1236655663992 -738.0485477654178 336.7738186700807 40.40196759308859 426.2186294213025 -732.4149358283894 309.5028715752904 2.4810184070736234 478.16685065323003 -754.5837887391136 357.55339490909944 71.34090189389774 481.91497276806405 -768.6720279926623 373.7521711489019 121.20358106826943 467.0452161224132 -761.2711043146835 359.3178254191992 63.96964841676023 491.4062504204477 -779.5803060233308 298.85691338019933 -8.250962090734413 494.51218569887686 -774.6419260953264 328.24660458064 29.105606406057966 454.00398090118625 -748.9334539243192 286.72887967515595 -25.994393835148745 466.6305447102969 -737.3360504713979 346.14055444111426 52.3197433709468 454.6045472371502 -739.9005152987991 372.2283085842835 108.84468133713156 530.7286637001287 -795.3359885793865 366.9451602809636 97.35866966952516 465.31959659706484 -750.3837940491019 314.70546180027196 15.447447902338915 461.53603678874333 -744.6545628570819 358.78042434554203 80.18962728111926 506.3012714279739 -772.7065708593079 329.46086197321483 11.21888814529002 451.2996613238621 -733.428365105052 333.7851843562919 19.824745183937303 484.63421111246004 -744.0565202585394 333.0894643377256 33.617542664522716 435.083199294954 -743.3779744852527 294.51530574520496 -11.385382711474291 469.7168696822741 -766.7408064732081 342.6706377065506 67.63454183677263 563.2507948637486 -826.84789192852 302.5248788304477 -14.096320646354725 458.3864309557265 -759.9796890798773 291.498461540438 -25.272576667741045 498.1801480253946 -767.6061876667685 357.1149474594116 92.17193285772323 460.82810444741796 -738.0992142317544 326.0239453170461 34.57770470561443 559.0920526083924 -821.332513275578 367.3527207875227 104.92186454916573 430.43528004036176 -728.3730942012468 346.36538003943565 45.42203959233771 439.02487622126864 -739.0066608348067 347.3416661440677 73.2631497237499 522.1798443610606 -789.5669349997519 318.9740188185746 21.095308343367687 515.3631718227359 -787.0437833757791 308.51002833497904 -6.048723155737471 492.691251710929 -769.4089311127491 303.7365607276197 -6.8341269230522474 445.3403240294332 -723.9709412120766 325.0760511388931 20.013989789338478 485.4327166768224 -760.161173240513 366.4613567848899 77.61283411136093 506.66236549055367 -778.990485092231 364.16123002571186 82.33403644775558 478.129536176704 -741.8309379232811 341.7975270463102 51.22838942067585 444.8437015064459 -749.7406609069163 316.12378168265144 6.588563777047488 547.7338152593186 -806.0233384264428 346.4471685717619 63.24915902422538 444.35528962206985 -731.7262092574717 357.1464493995823 56.707795704048515 449.3028795325241 -743.1143702150056 335.9074876664859 52.138636694269465 438.8553049353473 -725.2882505372461 362.00701636762204 71.07318428251666 474.1807061413037 -763.2387034672523 377.6469102787767 128.3400564489334 481.96504651824097 -773.5858945102076 365.99964132841023 89.64766531861372 479.66092338199 -746.9736500001046 324.83657485402307 5.147356657995603 489.1191752758248 -749.5522735589341 362.1053869804801 93.06621349336744 483.4386591943617 -752.2980766029584 369.7935242302827 113.70436601331893 470.04407768764116 -771.570282241302 333.5509487115743 26.839181312348845 473.5497191517825 -736.4706298207686 319.15160893683833 14.118188909388659 474.1012322251915 -757.7761855868857 362.3805299533602 101.45389297005165 524.3447763986123 -795.2513677492244 372.1032952121799 101.83599496076492 555.8968357475344 -815.0550801208801 328.6504574704498 17.75618210054863 438.27860056862903 -734.0129382460426 294.7170521097042 -17.654604996703036 453.503591176547 -753.8325340882044 353.04360081191845 60.44211297092814 541.5113369237206 -803.1340646520458 323.3841387749274 -1.0700992816884212 503.6166425908877 -787.6397402959454
1440.0048855897958 1.9659016173813775 0.6950511823981398 0.6950511823979516 2.197944826770626 1.390102364795965 1.3901023647958244 0.6950511823979763 1.5541816916834346 0.0 1.3901023647960475 1.3901023647959385 0.6950511823980208 1.3901023647959565 2.7802047295919863 0.0 0.6950511823979268 2.865769440237276 1.390102364796053 1.3901023647960207 1.390102364795961 1.3901023647959094 0.6950511823981128 1.390102364795921 0.6950511823979253 1.3901023647959605 2.865769440237164 0.6950511823979413 1.5541816916834748 2.86576944023724 0.0 1.390102364795984 0.6950511823980144 2.8657694402372673 1.5541816916835192 0.6950511823979266 2.865769440237359 0.0 1.3901023647959665 1.3901023647959232 0.6950511823978562 1.5541816916834585 1.3901023647958546 1.965901617381319 1.3901023647959163 0.6950511823979473 0.6950511823980193 1.3901023647959616 1.390102364795843 1.3901023647959272 1.3901023647958621 1.3901023647959092 2.1979448267708013 2.8657694402372558 1.3901023647959565 1.390102364795884 1.3901023647959474 0.6950511823978802 0.6950511823979393 2.8657694402373077 1.965901617381363 1.3901023647959467 2.8657694402372624 0.6950511823979303 1.390102364795761 0.6950511823979171 0.0 2.8657694402372624 0.6950511823979092 2.865769440237264 1.554181691683385 1.9659016173813022 1.3901023647960504 0.695051182398056 0.69505118239802 1.3901023647959538 0.4865358276784688 1.5541816916834417 1.3901023647959065 0.0 0.6950511823979602 0.6950511823980552 1.3901023647958486 0.6950511823979372 1.554181691683646 0.6950511823979358 0.695051182398079 1.3901023647959185 1.9659016173812776 1.3901023647959212 2.865769440237413 0.6950511823980545 1.3901023647960804 0.0 0.6950511823979793 0.6950511823978938 1.3901023647960458 1.3901023647959192 1.3901023647959785 1.3901023647959436 2.86576944023715 0.6950511823978791 0.6950511823981276 1.3901023647959578 0.6950511823978903 1.3901023647959472 1.5541816916835618 0.6950511823980463 1.3901023647959734 1.3901023647959363 0.6950511823981456 1.3901023647959465 1.3901023647959925 0.6950511823980345 0.6950511823978862 0.6950511823979028 1.3901023647959612 2.8657694402373086 1.5541816916835458 1.3901023647959432 1.5541816916835354 0.6950511823978863 0.6950511823978966 1.3901023647959243 0.0 1.3901023647959165 1.5541816916834292 0.6950511823978888 1.3901023647958373 0.6950511823979592 2.8657694402374285 2.8657694402372966 0.0 2.865769440237285 1.3901023647958606 1.390102364796033 1.3901023647960458 1.3901023647958786 1.965901617381355 2.865769440237283 1.3901023647961226 376.02937208030596 108.72194921154839 472.6889445095035 -744.6276597010559 381.4869315583527 125.06344328062835 509.0091255586774 -786.0618249620067 339.5696699461581 57.592830321213754 536.4293779860557 -802.3507364494203 330.4580103263464 37.30781497993092 513.2739539691202 -790.9947605552574 311.87238022309225 -3.004401939829326 551.5904196338361 -814.6066908975671 334.4910586022751 42.63317738484005 494.3491357890043 -765.3272391654765 350.32151346092803 79.82424903103492 432.45275081006935 -724.796556220334 355.2862628247059 82.29241762873686 501.15546289434684 -783.0025430337582 336.8008221273163 29.597884762845165 465.61477626466854 -755.9666585503098 349.2459865163837 51.20426211272876 480.0986416162876 -775.5794672057989 375.99467674252725 115.33344521810943 487.73409009399506 -766.5025869545856 322.36664856318527 23.686498585293972 458.6936224246023 -732.7175021928068 350.77572885829625 63.90130694458644 515.8419826642934 -781.2956717003514 308.7140059471807 6.7983843427417465 492.06739195820245 -775.2868882994085 351.46759969841213 73.4992624094647 463.9199409966012 -730.7944911011177 288.90825521905793 -21.709927251570434 476.0012493829182 -750.6525664935353 341.482547686996 34.905605275007034 520.605194113844 -794.4475849577422 320.11864246672377 5.955052612319196 504.5445459081551 -776.3772854233837 337.22656766130535 23.545543518212725 539.8597697939122 -799.0105638159455 340.4448913593693 41.35747986744473 448.98963736493096 -738.8365523912995 336.0039818183902 36.11413947763942 428.39110155369207 -733.308535339987 308.5165902752783 -0.4517478889782645 480.2903822746774 -756.2668291278371 357.09463597711004 70.2777740361822 482.6510244211205 -769.6466300048118 373.31216976665104 119.28514226843545 468.53366768263044 -762.5156910822545 358.96065959600475 61.1803862528642 493.32473799483023 -780.2018642536302 297.65269827910276 -10.263849009792027 498.39303653500815 -776.1611014035859 327.0483020083945 26.258081392881166 455.9325564529324 -750.2188410720589 285.5412145854038 -28.17088222336975 468.12887220529586 -738.5697744888337 344.8504122790936 50.77134085340615 456.9702150067551 -741.2266617025824 370.77907797356 106.5323025925194 534.1358410594507 -795.9266164027961 365.8819006626029 94.45110820261557 467.8792402139462 -752.1089836859604 312.98210642774785 12.818482744585069 463.03140458801914 -746.5845973042065 357.5301279748845 77.78579027933746 509.67858151776653 -775.2935121826938 328.00653253918733 7.2236105658966165 453.88130936099463 -734.418806977641 331.7574627417645 16.489744834093273 486.109172383023 -746.6929218970313 331.8585885777743 31.202978390854888 437.02130603817363 -743.9345433754435 292.4652702828055 -11.826752332983304 471.09487284338974 -768.1475551858958 341.7832733811852 65.07425575315698 564.808099028944 -829.0794090497789 300.290284582519 -16.12934701657483 459.45476523280126 -760.4677363414881 289.74876766615307 -28.325701913524846 500.96502573711086 -770.7096737772159 356.2118255820539 89.61570952681711 462.3295939692739 -739.3281350187578 325.3398094366878 34.448118176513894 559.4841013490508 -823.8967510708403 366.0397598561368 103.39202585303119 432.8314771953873 -729.6366477446793 344.92640660417396 43.516316963790786 441.6407726924412 -741.3650588988819 346.047828863985 71.71782858162263 524.7913938731792 -791.2203665120202 317.78068107610136 18.246137612839068 518.079435838366 -789.2131589394165 307.181035597375 -6.759747466070004 494.911692552776 -770.9480359421175 302.8008465293597 -8.119799170168973 446.86294624968315 -725.1759187444015 324.1809413468068 17.87806474337783 487.97990556071335 -761.9094566712616 364.8542044679977 75.36250161364886 509.39580632495574 -781.1477593684895 362.70572035064305 80.43961950601256 478.97726813125695 -743.3345444354471 339.5742836638711 47.97866169360984 447.20760687008817 -750.3645623684251 314.58989727829663 3.878894536165363 549.1601918732194 -808.5861264396518 344.8765349102586 60.56077192220116 446.7417854868172 -733.7223097786961 355.47514400717426 54.272905862404905 451.77863949411864 -744.2726139981405 334.11146332280094 50.38519728523122 439.95145753442716 -726.4389090182958 361.13832630258037 68.08429367669369 476.09399673414424 -764.5456168884677 377.3431875224271 127.2071955196781 486.4270359686427 -775.9588809781445 364.74173562997686 87.24682016403548 482.6369613915054 -749.4622547210229 323.45057738115065 2.797785419134265 490.3577483504665 -753.2096846240211 361.3317686080162 91.29656272273303 485.12454376353804 -754.6200304941333 368.6729798948515 111.66810342916428 472.37701985469 -773.6307808758846 332.3512618392807 23.992755927682154 474.29200832603436 -738.1358174146008 317.96362167867466 11.268346398451968 476.65444695212506 -759.5157837174669 361.1141789470438 99.05690677201231 528.4491407498575 -796.8202520731368 370.5033465370834 99.16759854992596 557.9553003915754 -816.1995851887237 327.0108985501051 13.838262448576296 439.8196726935819 -735.9108567845129 292.86915762796355 -20.260923373986333 455.0043056642265 -755.0646941789081 352.30948826485564 58.23532146602378 543.1150607207237 -804.8498512841655 322.06922913225446 -4.2844694322426395 506.0550404597621 -788.8759012268805
1450.0048855897958 1.3901023647960107 1.3901023647959445 0.6950511823979134 1.2530213386037727 0.6950511823980398 2.8657694402373153 1.390102364795953 1.3901023647957913 0.0 2.865769440237069 1.3901023647958968 1.9659016173813142 0.6950511823979725 0.6950511823978832 1.5541816916834605 1.3901023647958657 0.6950511823980199 1.3901023647960595 1.39010236479594 1.5541816916833826 0.6950511823979443 1.390102364795876 2.86576944023724 0.6950511823979448 0.6950511823979802 1.5541816916835791 1.3901023647959665 0.6950511823978428 1.9659016173812986 2.865769440237368 1.3901023647959563 1.390102364795959 1.3901023647959414 1.3901023647959647 0.6950511823980242 2.865769440237257 1.5541816916834628 1.9659016173813137 0.6950511823979295 1.3901023647958666 1.3901023647959103 0.6950511823980549 0.6950511823979653 1.3901023647958657 2.865769440237261 0.6950511823977843 0.6950511823980512 1.3901023647959931 1.5541816916834126 0.0 0.6950511823979436 1.3901023647960145 1.5541816916834696 0.6950511823978532 0.4865358276786734 1.3901023647960136 1.390102364795926 0.6950511823981044 1.3901023647958617 1.390102364795859 2.8657694402373175 0.6950511823978691 0.6950511823980604 1.3901023647960977 2.8657694402372917 0.0 0.0 1.3901023647958664 1.3901023647959252 0.0 2.197944826770725 1.390102364795953 1.3901023647959412 1.9659016173814134 0.6950511823979634 0.6950511823981569 1.5541816916834394 0.695051182398064 0.0 1.3901023647960074 1.3901023647959485 0.6950511823978353 0.6950511823980142 1.5541816916834994 1.3901023647958999 0.6950511823981665 1.3901023647958881 1.3901023647960344 1.3901023647959656 1.9659016173811472 1.3901023647959758 1.5541816916835092 1.5541816916834628 0.6950511823980497 1.3901023647959674 0.6950511823978556 1.3901023647959787 2.8657694402373757 1.5541816916834426 0.0 0.6950511823980062 1.3901023647959285 1.3901023647959414 0.6950511823981392 0.6950511823979956 1.5541816916834497 1.3901023647959112 0.6950511823977823 1.9659016173813226 2.8657694402372766 1.3901023647959465 0.6950511823980782 1.3901023647959068 1.390102364795852 1.3901023647959139 0.0 0.6950511823979744 1.3901023647957997 2.8657694402372846 1.3901023647961257 0.6950511823979705 1.3901023647959916 1.3901023647959174 1.9659016173813078 0.6950511823980116 1.554181691683411 1.3901023647959605 0.6950511823981391 0.6950511823979943 1.3901023647958932 1.3901023647959885 1.3901023647959019 0.6950511823979253 1.3901023647958026 1.5541816916834126 0.6950511823979681 0.6950511823979276 1.390102364796065 1.5541816916835296 1.3901023647961144 375.0092663044073 104.95131904273339 474.38258753985514 -746.2555271158976 380.2313420995783 122.24105063240005 513.21125421185 -788.6583359786857 339.05015649843796 54.877430449154204 538.4243335658821 -804.1823062332791 328.823481396209 33.38758853090227 516.6893661159589 -793.5314983021902 310.0065979689642 -5.190275511070369 553.4312867477362 -816.6256453753165 333.1488605972275 39.42679316649211 496.3725840565066 -765.8058273876021 349.73965522768447 77.97399576067468 434.1745796147198 -725.6841497277832 354.0946550915798 79.023058231123 503.49083948386226 -783.7266686288738 336.0576256465602 27.815634653511367 466.67130349360787 -757.1604138454355 346.97693674698115 48.80995573248965 483.08999873248325 -776.0215056832808 375.4765290383802 111.76577001630787 489.6142479733322 -768.5294673559661 320.4893041649589 21.118214645906704 461.5782008322462 -734.6546068411345 349.61130928407323 63.13749898843149 517.9437324839184 -784.2946834949555 307.5165525687469 4.782943020209519 494.7130469916152 -776.221410521094 350.5583014099125 71.36828128886846 467.009307672811 -733.1210212407738 286.6767698874954 -24.613451972406946 477.48295982874527 -751.9067962607372 340.4389961240243 32.41131219261107 524.1283749163842 -794.9257420831905 319.91372983994364 4.372955891294414 507.56617191642516 -778.7887058730992 335.5712814360149 20.05134878614914 543.3689203469046 -800.8026686115576 339.57544828479047 38.79167047126099 450.8077283776043 -740.2820788057107 333.803518620111 32.85054365923342 429.2530807052296 -734.0972936241351 306.42801982596404 -2.135583025215112 482.40365563357966 -757.964487677409 355.7583298293124 66.6498384269601 484.13804684723743 -770.2119222266458 372.33576525072147 118.02433413961823 469.79326555419084 -764.0901318582625 356.6845428259489 58.79183451697261 496.29269956036063 -781.3607069234166 296.6734110599219 -12.373547076946837 501.22640077337377 -778.180482700201 325.2200887142463 22.836505725553657 457.74154817756596 -751.6777985777513 283.8320211478704 -31.01775257718416 470.26052983737526 -739.556023766397 342.43118349438595 48.020747336406274 459.5357526490749 -742.2589079277197 370.71533180163664 104.45518257939958 537.1835039564559 -798.3072367858424 364.9157648507033 93.18705007164976 469.7905412179207 -753.4195737360648 312.3319363343704 10.170247307145726 463.5465090853677 -748.5721934723501 356.0363623759663 73.80506123787919 512.5835163031378 -777.8612388221256 326.53578556266297 4.072368478058133 456.02023699986796 -736.0830781293487 330.2397078877074 13.774025287709607 488.1049926683647 -749.2404513975562 329.798395085446 27.254199114730028 438.73391767152856 -744.1423951754568 291.68641076876537 -14.014321713779086 473.3166736588257 -769.6849198883338 340.2198288379208 62.38177797126806 565.6046319736375 -830.7761094798532 297.6740476071272 -18.884690456665393 461.14810415209615 -762.0920533207013 288.02593860220384 -31.003434954790922 503.4819449807033 -772.5023473022642 354.99161415468143 86.77816052549505 464.2480860662459 -740.6273652006626 324.0931045833146 32.453498249839576 560.1765413329866 -825.4789459918454 365.8233861883113 100.96050990753805 434.7847220751064 -731.5926787321006 343.6993130258211 41.09923834188259 444.42417275645045 -742.7568222787754 345.16579608356824 69.1559800228221 528.5703504741487 -792.6425686178939 316.5218179569071 16.675426564563903 520.9395288610226 -789.9088194413268 305.36236924412833 -9.384913580054416 496.50520822040266 -771.3703745401973 301.1828033350801 -10.809515625475665 448.578705323 -725.3803977811627 322.80475075295163 15.517662040686396 489.98804002239075 -763.0786554607455 364.1703817325816 72.29507638195717 511.755805655292 -783.813301281876 361.8159591498436 77.8793468586236 480.8662912671573 -746.039136661866 337.8988500778198 44.494051467501954 449.34348728906195 -752.0317010717445 313.6740564373873 2.586359713728967 551.9774357479031 -810.6302223677758 343.9186856875118 59.28990491512449 447.81532328777257 -733.5105825770322 353.4352600764045 50.94543637400133 453.48363308975405 -745.8885636366696 332.88536643242037 47.968585452207385 441.4620362130192 -727.6576899887034 360.202635993334 66.3845285350503 477.3484965349172 -766.1239704862679 376.2689312802367 124.30350965083313 489.3984967972748 -777.1042985748782 364.1549305115755 85.39725548124774 484.5218188710666 -752.1708472939879 321.82399357894946 -1.3340756218401755 492.6686635133926 -755.2911898917821 359.7030656974715 89.47541963284557 488.55022477820177 -757.469931729408 367.4339109654481 108.83744527523795 475.98438460244336 -775.2013738935123 331.3200341785607 21.494129331929575 477.042763535162 -740.9550602005525 317.5336858329846 10.195061915007045 477.49647739243653 -760.3333359502348 360.16894158965795 97.36127949607423 531.2537418387504 -798.2487290579721 369.58139558935466 97.0419049476318 559.352672423316 -819.3593254573261 325.66843755985735 11.050371634133771 441.32212511562045 -737.1368169541335 291.24269614657084 -22.557551855960632 457.45649565898515 -756.2655363569846 351.8837561476845 56.739386106787926 545.9381814404189 -806.8830372487727 321.17741904283906 -7.661713053287778 507.761057362281 -789.1697728924576
1460.0048855897958 1.390102364795901 0.6950511823979223 0.69505118239803 1.390102364795855 1.3901023647959843 1.5541816916834528 1.3901023647959705 1.3901023647958415 0.6950511823978887 0.6950511823978839 0.6950511823979463 2.8657694402372837 1.390102364795919 0.6950511823980097 1.390102364795906 0.695051182397928 0.6950511823979448 0.6950511823978158 0.6950511823978764 1.5541816916834577 1.3901023647959205 2.8657694402373277 2.8657694402373184 1.3901023647959083 0.6950511823980593 0.6950511823980801 0.6950511823979517 2.865769440237274 1.3901023647959327 1.5541816916832947 0.6950511823979956 1.3901023647958306 2.8657694402372744 1.5541816916834794 1.3901023647959077 0.6950511823980279 1.3901023647959696 0.0 1.3901023647958994 1.3901023647960682 1.3901023647959065 1.3901023647960145 1.5541816916833955 0.6950511823978364 1.390102364795852 0.6950511823979263 1.9659016173812938 1.3901023647959472 1.3901023647959572 1.5541816916835105 2.865769440237235 0.6950511823979911 1.3901023647959563 0.6950511823981107 0.973071655357181 2.86576944023736 1.390102364795917 1.3901023647958073 1.3901023647958848 0.6950511823980482 0.6950511823978974 0.6950511823979387 0.6950511823979757 1.965901617381456 0.6950511823980355 0.0 1.3901023647959083 1.3901023647959767 2.865769440237269 1.554181691683552 1.390102364795926 0.6950511823979743 1.9659016173813502 0.6950511823978385 0.6950511823980393 0.9730716553570921 2.8657694402372798 2.865769440237272 0.0 0.6950511823981058 0.6950511823980644 0.6950511823981366 0.6950511823980314 1.3901023647957125 2.8657694402372846 0.6950511823979083 1.3901023647959516 0.6950511823980651 0.6950511823979701 0.6950511823977304 0.6950511823979343 1.3901023647959987 1.5541816916835087 1.3901023647960522 1.5541816916834186 1.3901023647958692 1.3901023647959296 2.865769440237342 2.8657694402372815 0.6950511823980378 0.6950511823980244 1.5541816916833078 1.3901023647959256 1.390102364795955 1.3901023647959254 1.5541816916834887 1.3901023647959712 0.6950511823978156 1.9659016173813255 0.6950511823980879 0.6950511823979635 1.3901023647959274 1.5541816916834634 2.8657694402373357 1.3901023647959596 0.0 0.6950511823980279 1.3901023647959672 1.9659016173813182 2.8657694402372806 2.8657694402372575 1.3901023647959725 1.3901023647959163 1.3901023647958284 1.3901023647959578 1.390102364795899 1.3901023647959176 1.3901023647959434 1.3901023647959245 0.6950511823979993 1.3901023647959225 0.0 1.3901023647959745 0.6950511823980678 0.0 1.3901023647960973 1.390102364795937 2.8657694402373517 2.8657694402372758 0.0 374.3172608581432 101.88584091236261 476.07813488440723 -747.2028027801575 379.2366262317123 121.41049722036765 516.9956513902758 -791.3365042945635 337.80628215886986 52.88707761706354 540.2109832388826 -805.6589513504825 327.9935441796818 30.807019175135647 518.719027568936 -796.5879398309773 309.43199826905936 -6.217912302944916 553.9163518597874 -817.822602402166 332.3097677958978 36.85252472000749 499.7141407615486 -767.7793272115517 348.12502395741825 76.1420730601039 435.6744114392962 -726.9140903853457 352.6850084562471 76.68530663062604 506.6191265312076 -785.3528077851784 334.5157934885996 25.520624409577707 468.03530047081057 -758.5797502020074 345.73255779003443 46.816970301474925 485.7831568508655 -775.5944954444464 373.84819029402 109.9452049222123 491.6889972969097 -770.2801042968498 319.234792279426 17.87907212953153 463.27667613215345 -735.5908583893272 349.3420043205215 61.99620627679344 520.2690254714055 -786.3378228212783 305.9529766590293 3.29873677832017 497.77480054783604 -777.2825116066647 349.3311865499581 68.95188146736093 469.848350307737 -736.4875435234973 284.9082794003475 -26.872071114638782 479.1739906458694 -752.8607016658663 339.1053479275179 29.619322946401045 526.7888059356421 -797.791659078962 318.7962663277177 1.9049056896640393 509.7625868369004 -779.7160658795974 333.6475144300214 18.32416117305771 545.247685487409 -803.3631870504586 337.87686400634897 36.150352906453065 453.15362015934886 -740.9526690254987 332.14666729383265 29.77248419995011 430.53476118778764 -735.6532332782256 305.38763963602196 -5.045302119140948 483.974203472609 -759.0796658540634 353.87389829248195 63.67397712586054 485.84913417127655 -770.4892376109158 371.4139078969436 115.89765083471032 471.1672904222589 -764.8230139996865 354.8413903661451 57.8912330300741 499.97247455557095 -782.8878099422056 294.46099662137954 -15.288789213176408 503.50789070031664 -779.6379257307068 323.9126161660417 20.035039081829247 459.1214172738789 -752.3988783780319 281.05817380698 -34.06137848798358 473.32038496994653 -741.9171128269769 340.9841614790183 46.53226705507213 461.4348383448972 -744.268390280633 369.4961716714905 101.61691959810061 539.0495486614648 -799.0788804174124 363.6251218418649 91.63966794799481 471.0429105435263 -754.9986188477637 311.01353878113144 7.779286882935728 465.44975086832113 -749.8920156290434 355.43333757726094 72.38384336544344 516.0827173749799 -780.2748642400178 324.9924028276889 2.1733485313915946 457.3944871342761 -737.4920306793395 329.210804910611 10.034838239534482 490.8081807967236 -752.1007767706066 328.0491136445424 23.37942012504637 439.90549060461353 -745.1727540710741 290.3293631514569 -16.81912573031369 474.35107111720316 -770.8928776763162 339.9792436270519 60.80872835313803 567.9155542199321 -832.4237016101318 295.4767105855687 -21.805171416493756 462.82374808821055 -763.7377840435449 285.9660814767944 -33.57936234812661 504.95421787624525 -773.1101156196701 353.9796200220047 86.37063941469997 466.3639133720702 -742.318439385948 323.58683354452853 30.1618876189634 562.1324003092828 -827.3857028417025 364.60605657651115 98.1210989367774 436.0652226721087 -732.452563913372 342.49641692849457 38.67012451140127 446.5484555437984 -744.4365395346199 344.9515423466336 67.15157518376138 530.1994280854466 -793.697121355224 314.6435992090095 14.504866609456057 523.5525040651424 -792.2118828859461 304.712132189187 -12.434213161580423 498.6031573449178 -772.4352857104861 298.9688974036106 -12.496343236728888 451.1360433613887 -727.1111086581251 321.8785553210439 12.559585994710426 492.78193286414927 -765.811184352946 362.76263772803 69.95675501033583 513.4794982840314 -785.3727303633406 360.73305428887556 75.82174402414236 483.2484808025558 -749.3635646134138 336.5978842420272 43.36052948918232 451.0329557386117 -753.6614232915899 313.5480105767419 0.5798191643847987 554.445387189765 -812.4974079812412 343.0852774788316 56.29057183487487 449.51881430004374 -734.4378139772454 351.1780492072193 48.54259938877423 454.64942673554185 -746.9235078060955 331.38212493657926 44.82801876396694 443.38148339497377 -728.9551390264862 358.05740851046465 64.77596214512145 478.82605022331586 -766.707362148505 374.8141560867251 122.40986566986996 492.23809903543224 -778.4594741163215 364.5627889430397 84.3841603456083 486.39198594152793 -754.2055219626352 320.71199733880457 -3.8070331670839925 494.4157486649543 -757.4907529075022 358.79555800292707 87.3440442285969 490.8160669148642 -760.2766553217515 366.82247237128877 107.4178530066245 479.28250118283603 -775.9001166447979 328.83095901382035 17.284989323804215 479.5449484227059 -744.1150098261152 317.7150482963536 8.472317708449713 478.5319483802324 -761.5400994833736 359.23193085524036 95.6622618333311 533.0543700785469 -799.7042953854057 368.6952619964465 94.48165554532305 560.4385278571172 -821.60084881638 324.3818523333754 8.232175787823817 443.2416199822879 -738.4346290352929 289.165503890655 -23.896583011288456 459.994474560246 -758.0257782647896 349.95229531958313 54.61840558400945 548.1960027073394 -809.5830704661818 319.5072583218799 -11.163854540509641 510.63925616124294 -791.1279234149755
1470.0048855897958 1.3901023647959476 0.6950511823979356 1.390102364795937 4.170307094387827 1.3901023647959574 1.5541816916834745 2.8657694402372997 2.8657694402371026 1.3901023647959136 2.865769440237149 1.3901023647959379 1.9659016173812456 0.695051182397956 1.3901023647960042 1.3901023647959143 1.3901023647959792 1.3901023647959578 1.3901023647960515 1.39010236479593 1.554181691683446 0.695051182397954 0.695051182397859 0.695051182397982 1.3901023647960506 1.9659016173813475 0.6950511823978703 0.6950511823979185 4.170307094387964 1.390102364795949 1.3901023647960185 0.6950511823980042 1.3901023647958066 1.3901023647959223 1.5541816916835094 1.390102364795915 0.6950511823978801 1.9659016173813002 1.9659016173813095 0.6950511823979884 0.6950511823978903 0.6950511823980273 0.695051182397882 0.6950511823980652 4.17030709438787 1.3901023647959707 1.3901023647958666 1.3901023647959057 0.6950511823979515 1.3901023647958697 1.9659016173815234 0.6950511823979152 1.3901023647960424 1.3901023647959136 1.3901023647960338 1.5541816916834506 1.5541816916835478 1.390102364795928 1.39010236479596 1.3901023647959156 1.9659016173813915 0.695051182397882 1.9659016173813606 1.3901023647959379 1.3901023647961286 1.3901023647959208 2.865769440237204 1.5541816916834585 0.6950511823981298 0.6950511823979687 1.3901023647959345 0.6950511823980209 0.6950511823980312 0.6950511823980592 0.695051182397863 0.6950511823980228 1.390102364795932 1.554181691683483 1.5541816916834077 1.3901023647959074 1.9659016173813122 0.6950511823979528 0.6950511823978724 0.6950511823980056 1.554181691683334 1.3901023647959703 0.6950511823979766 1.3901023647959216 1.3901023647958966 1.3901023647959279 1.5541816916836118 1.3901023647959623 1.9659016173811397 1.3901023647958524 0.6950511823979081 1.3901023647959196 1.5541816916833893 0.695051182398036 0.695051182397956 0.0 1.3901023647960347 1.390102364795991 1.3901023647959394 1.3901023647959403 1.3901023647958612 1.390102364795941 2.8657694402371185 1.3901023647959767 0.6950511823979866 1.3901023647959985 0.695051182398037 0.6950511823979345 1.390102364795957 1.39010236479595 1.3901023647959347 0.6950511823979489 0.695051182397914 0.6950511823979508 0.0 1.9659016173813935 1.9659016173812696 0.6950511823979246 1.390102364795894 0.6950511823978915 1.5541816916834403 1.3901023647959065 2.865769440237264 2.8657694402373113 1.390102364795888 1.3901023647959818 0.6950511823978844 2.8657694402372758 0.0 0.6950511823979899 0.6950511823980468 0.0 1.965901617381411 1.3901023647958477 0.6950511823979181 1.3901023647959585 1.5541816916833517 372.08711880535515 101.57536458235748 478.561790799899 -749.6997693998496 378.3725074822867 118.41943962360683 520.138057298805 -794.1929447243904 336.9094089789824 51.169267604387265 542.7279927745257 -807.4873014640173 326.5749814696065 27.629679413869994 521.8467028669739 -799.4611195167192 308.68873892894305 -8.413478643697793 556.7134087172916 -822.0661237779594 330.8775699433453 33.67915864752143 501.6721806187928 -769.037341676102 347.44302903989507 73.49827961359155 435.87582733185894 -727.9857542320392 352.09211975853066 75.26042325845552 508.85310786542306 -786.8807337597553 332.9222774969288 20.761279139684255 469.82577481220346 -759.3932989452193 344.3439036912344 44.877673992481476 487.8674885839986 -776.6895028922061 372.7345844008873 108.32133393681558 494.11200327873865 -772.8389434910329 317.5483600358317 14.39007321681531 464.1138887466796 -736.4164600479219 346.83928153249025 58.43106835306899 522.2345806423821 -788.1988355533504 304.5182407902114 0.9327344377562208 502.05527656498225 -779.6463975075136 348.1262147056249 66.52584373963128 471.2928280506178 -738.4606633970578 283.78061233243284 -29.75416897360784 480.98949537894435 -755.613874139778 337.8740792994939 28.031319159433643 530.0626632834025 -799.3225486908061 318.20810648774534 -0.3447934145919202 513.9931314437055 -781.8409304194997 332.89236874094854 14.07552985482899 546.9321228629253 -804.9615933749428 336.2775795491919 34.703343511754646 455.05307233391187 -742.2778747552172 330.86430962237046 26.956913112736938 431.37178782068855 -737.162955696794 304.2793182119267 -7.115175499818986 486.1111130140351 -761.3820433452171 351.6912964750978 60.397167958921 486.89425191550873 -771.0321001614725 370.1471485372001 113.91990928658447 471.98780474564063 -765.6589164803388 352.8388210495987 54.53678663174837 502.4033732151134 -784.7861126547239 292.94042690889177 -16.8227480895763 507.6792495548291 -781.1958249780929 321.8486129904558 16.68404171846346 460.89850342673515 -753.896511647324 280.4690642100169 -36.99391572484182 475.92109892421894 -744.2546760224012 339.8820359851756 43.229441574879324 463.6610495152214 -745.1306385678363 367.4012189888157 99.14989878655425 541.4129560113763 -799.9320983511585 362.856100859797 88.82157051826144 474.40375750365615 -756.9428531449736 309.3628199804507 4.269487458985727 467.1323486553981 -750.8545535300561 354.5717379228929 69.81334475767179 519.8705702208017 -782.350190715715 324.30173852068 -2.0854576542291454 458.45152837198094 -737.9963324270777 327.3007329319764 7.038866193196742 492.5713178063693 -755.5536899068971 326.42348555500706 20.69135195047709 441.82346506907277 -745.7971816927763 288.7017461139526 -19.942495996518346 477.10174373113205 -771.7111765324423 339.10623573701804 58.662516710485086 569.8674180789396 -834.370683012266 293.5425484932524 -24.019781501009348 464.92949149759727 -764.7765942012895 284.3590401668812 -36.714793311071915 506.78226601861275 -774.5355796488278 352.7565104547009 83.95153271931268 468.07126763552134 -742.5801279230409 322.0417407481066 28.272707946223317 564.8324287618884 -830.1308697974215 362.69149956739403 95.57719949693045 438.1846742475057 -734.1382666926875 340.6140067755133 36.50724266973042 448.6533477350997 -746.1407556785116 343.3874715307998 64.87481707802992 532.9557756978919 -795.8398965676779 312.8371606875708 10.643879529449883 525.6239347911509 -793.9465443053356 302.51763841888777 -14.14710164788315 500.3185433912657 -773.9997275142207 297.7545408815051 -13.719801561750039 452.62520974696116 -727.6729935454097 321.13696386495883 9.954196318749373 495.0165919466135 -767.973699041606 361.3366480506446 68.04237463177482 516.3554353816533 -787.9506234251265 359.3645387077226 73.04511333236107 485.7498116994804 -751.1737882891674 335.0668253327194 41.06275156298201 453.3372311361064 -755.7555952792458 312.5919710476965 -2.7670093147419728 555.7773998762273 -815.5096012188501 342.50682144244985 54.858783548982174 450.3586407189812 -735.2597725817515 348.98373490232655 45.681372828416166 456.22968368185974 -748.0301386601816 331.13456811041067 43.67605444679001 445.0790823946595 -729.892145368686 356.4316060746998 63.36070861521804 480.49510495166476 -767.6998329311496 374.20413275298597 120.9901759431932 495.5150798812602 -779.2578497280562 363.30909256310696 82.3972558965239 488.40203310329764 -757.3413623470904 319.7560252388004 -7.155280569022382 497.8999859638695 -760.5789612088165 357.9544656408981 84.34718835251445 492.94642389872604 -762.5926005936802 365.558511553996 105.43811945690581 482.1830215745849 -777.8271467673436 327.8130566483753 13.95562329781757 482.4997723077193 -745.2947826903396 316.31441410387595 5.691412812531303 480.73825732703415 -762.4455020351276 358.03203822618445 92.81455981308214 536.3295120156104 -801.8076538863841 367.4663327770395 92.06770926948793 561.9398542682144 -823.3564711315357 322.80007307827265 4.390057117160415 444.92945717916217 -740.0675851730405 288.5831980759369 -26.954018999219084 461.44935313609324 -759.3067886174073 348.0748714940762 52.04396839760071 549.4272249115097 -811.5944178148778 318.51238514432816 -14.087175882680537 513.4015654197743 -792.6270731550184
1480.0048855897958 1.3901023647959279 0.695051182398118 1.3901023647959765 0.6950511823979482 0.6950511823979825 1.3901023647959756 1.3901023647959787 1.554181691683338 1.3901023647959474 0.0 0.69505118239802 1.3901023647958775 0.695051182397984 1.3901023647958377 1.3901023647959494 1.5541816916833322 1.3901023647959356 0.6950511823981502 1.965901617381285 0.0 0.6950511823979311 2.865769440237385 1.3901023647959692 1.3901023647957993 1.3901023647959263 0.6950511823978999 1.3901023647959687 1.3901023647959845 0.6950511823980601 1.3901023647959527 0.6950511823979266 0.6950511823979385 1.3901023647959618 1.5541816916832827 1.39010236479596 1.3901023647960327 1.5541816916834974 1.3901023647958555 0.6950511823980682 0.6950511823979862 0.6950511823979775 1.3901023647960804 1.3901023647959516 1.3901023647959145 1.554181691683469 0.6950511823979482 0.6950511823980143 0.6950511823981281 1.9659016173813502 1.5541816916835007 1.3901023647959398 2.8657694402372917 1.3901023647959216 0.6950511823980567 2.865769440237301 0.6950511823979313 0.6950511823979388 1.3901023647958546 1.5541816916834674 2.8657694402371567 1.3901023647959159 0.6950511823979448 1.965901617381287 0.6950511823978883 0.6950511823980087 1.3901023647959343 1.554181691683439 1.3901023647957966 1.3901023647959545 0.0 0.6950511823980325 0.6950511823979303 0.6950511823979253 1.390102364796097 1.3901023647959405 0.48653582767865144 1.5541816916834308 0.0 1.3901023647958635 0.6950511823978572 0.6950511823979949 1.3901023647959223 1.3901023647959343 1.5541816916835633 2.865769440237278 0.6950511823979181 1.3901023647959605 1.3901023647960684 0.695051182398017 1.390102364795938 1.3901023647959603 1.39010236479592 1.5541816916834112 1.3901023647959418 1.5541816916834188 1.3901023647958546 1.3901023647959607 1.9659016173814736 1.3901023647959805 0.6950511823979462 0.6950511823978966 1.3901023647961064 1.3901023647959356 1.3901023647959778 1.3901023647959556 0.6950511823980534 0.6950511823980071 0.6950511823979568 1.390102364795891 1.390102364795841 1.3901023647959785 1.3901023647959605 1.3901023647959638 0.6950511823979668 0.6950511823978852 1.390102364795864 1.9659016173813602 1.3901023647958548 1.390102364795913 2.8657694402374263 2.8657694402373233 1.5541816916835849 0.6950511823980262 1.9659016173815256 1.3901023647959196 1.554181691683369 1.3901023647959292 1.3901023647958497 1.3901023647959616 1.39010236479606 0.6950511823980416 0.6950511823979767 0.6950511823979209 1.3901023647959319 1.554181691683482 1.3901023647959598 1.3901023647959534 1.3901023647959403 0.0 1.3901023647960398 370.894567255561 98.72702111453819 480.64990811262487 -750.7795508885249 377.1401966153397 116.00577395764702 521.96489584965 -795.6213094506169 336.16578170450543 48.14628802677245 545.3736435331526 -808.735543443195 325.53054922909035 24.722560192204273 524.898262378341 -801.8417222888045 307.66569781919753 -10.921624397228818 558.6117482327171 -823.9864167346889 329.9068866148733 31.565783147391336 503.0953092829755 -772.185813168544 346.2173717972611 71.49395937850846 438.0911254723608 -729.5388545407465 351.2562708711373 72.68382120939052 511.22861921719596 -789.4417179295829 332.4075893956287 19.30708111007893 470.4065649638383 -760.5445335934071 342.845304919567 42.55385384047829 490.40223705721195 -777.2269836728501 372.4337942043659 107.60798417634275 496.8108291495459 -776.2621488895729 316.059219217191 12.453741476477536 465.7629664479817 -738.0911010453477 345.95598496021495 56.706512520312714 525.3869014688712 -791.3293535472216 303.85273924286537 -1.6949525893067212 504.4067451685325 -782.8654190582608 347.23147435551886 64.80345387805528 473.5892488194875 -739.9009736361708 282.3430866638651 -31.726922276883368 482.8310820763063 -757.0146454041972 336.40628422114077 25.68739280971636 534.0346944980527 -801.9310765612456 317.53401367718084 -2.9703977951815492 516.6212163509462 -784.1225731306994 330.77055846171976 11.542574162588643 550.1559813998612 -808.3054701192685 335.20858184215996 31.805037436161417 457.15898052490877 -743.3206440368888 330.133298438975 24.350262360884443 433.2670824385631 -738.497452729048 303.8664746154249 -9.009974614316237 489.16998082900335 -763.7450835179942 350.41776322647047 57.164521068462335 489.13453642007994 -771.3153693551468 369.2759817478769 111.35505189916354 473.8801209656231 -766.3590644621775 351.24997805383174 51.01540040661004 505.31927045569546 -788.5172536725893 291.2627448523432 -19.529567135037137 510.33466050449937 -783.4419017957325 320.9039813566177 14.561628466320833 462.3744048573497 -754.498238008574 277.99497266113787 -39.7348550315583 477.0441239494109 -745.3316612510278 338.4760758146954 41.696598286117535 464.79679006960083 -746.199744578686 366.15588271120845 97.1612402243229 543.5040480720122 -802.2035175750729 361.53254376099267 85.60995213469516 475.5972859435155 -758.5597979084537 307.70219339656614 1.1602674162321533 468.8032237572595 -751.8480943305674 353.3861005914891 67.38019715637 522.5125511250936 -785.206309103822 323.1297747048708 -6.171640967730394 460.95643920402995 -739.804547844469 326.47624719168476 4.054556697966427 495.92809656540123 -758.1587967658379 326.0677301378048 17.951462283277014 444.116875251765 -747.8996270935912 286.458298380125 -21.252497850361014 479.1716973155786 -772.8192960463919 337.98434274176924 55.782968040666375 572.1265858115503 -836.0902164882995 292.1713894600129 -26.421167071643264 467.51895635447363 -766.4731033684958 281.9525591720873 -39.19649990145189 509.16119866608625 -776.5173980639191 351.7841382480249 83.10042859241673 469.7133202140629 -744.2684923041811 320.5300505264816 26.353358017355543 567.2734722142297 -833.0946603858141 361.3567381098352 92.3674437528925 439.2267219246709 -735.3448396154878 339.6241155914794 34.39902491592445 450.3372252724338 -747.1085996670265 342.52879206599687 62.722705886252626 535.2897424349409 -796.7973269963757 311.52933559334014 7.41693664424165 528.0241611545426 -797.8407070836441 300.4556091910569 -15.510071523617107 503.40805988442304 -777.5351569180397 295.639794650143 -15.879205063991817 453.0135513505529 -729.1277110576458 320.678274503255 6.843344896050197 496.71311440710735 -770.8013283714045 360.1449620660109 65.60655617173234 517.283294077511 -789.8120053796436 358.1358239080385 71.04128211917813 487.54658197305224 -753.2747976841091 333.85254751634244 37.804646075895576 455.8332102400496 -757.5730097116433 311.80326674374464 -5.761581178661751 557.137938140171 -816.9216605720338 341.11013215126934 51.261866914479626 452.0214984592313 -736.9225013167038 347.9728627740223 43.587250222016834 457.902209601786 -749.0133241853197 331.0018402267751 41.662687289473695 446.5427195106686 -731.1607126355318 355.18148872915816 61.78165955609158 482.1383103052074 -768.7257527202198 372.9991094594027 118.1460720881758 498.08898131401384 -781.6029300606755 363.50186570351786 79.81471382152476 490.24114945656385 -758.7587216588923 318.72306827275526 -9.660797700459081 500.63828597838864 -763.9621743100198 356.7186635456802 82.34982879851063 495.0178354501227 -764.941440325735 364.9601624303513 104.01445093555422 484.0398118128742 -778.5636435282025 326.4315121566071 11.160454356790146 484.08191542805315 -747.6915079319647 315.8220325922846 4.2251686890265905 482.56924755369647 -763.8578526039014 356.20293318439883 89.39262145836913 539.6743930106774 -804.4757135739306 366.69664170990063 90.71418106142477 564.2906557940157 -825.921829622564 322.04359138506925 0.9730615141289201 447.02145062876133 -741.7925757724498 286.59332959501785 -28.75254263700938 464.1625133474108 -760.8361614789363 346.24508440961216 49.44056785082451 551.8938349062788 -814.5870115575553 317.4864239589383 -16.594814056517027 515.7140564245302 -794.6837698640202
1490.0048855897958 0.6950511823980526 1.3901023647958357 1.3901023647959323 0.695051182397914 2.8657694402372664 1.9659016173811843 1.390102364795945 2.8657694402371745 1.9659016173813437 2.865769440237439 0.6950511823980132 0.6950511823980869 1.3901023647959516 1.3901023647958957 1.3901023647959145 1.3901023647958237 1.3901023647959112 1.3901023647958681 1.390102364795925 1.390102364795959 1.3901023647959931 0.6950511823978889 1.3901023647959085 1.3901023647957997 1.3901023647959256 1.3901023647958777 0.6950511823980355 1.3901023647957713 0.6950511823979969 0.6950511823980412 0.6950511823979462 0.6950511823979326 1.5541816916834044 1.3901023647961124 1.3901023647959563 1.390102364795952 1.3901023647959108 1.3901023647958985 0.6950511823980422 0.6950511823980478 2.865769440237282 0.6950511823980964 1.390102364795926 1.3901023647959057 0.6950511823980016 1.390102364796089 0.695051182397992 0.6950511823978853 2.8657694402372944 1.3901023647959336 2.865769440237278 1.39010236479597 0.6950511823979566 1.3901023647957957 0.4865358276785274 1.3901023647957984 1.3901023647959354 0.6950511823977923 1.3901023647959625 2.86576944023748 0.6950511823979504 1.3901023647958421 1.3901023647959267 0.6950511823980019 1.390102364795983 0.6950511823978567 1.5541816916834674 1.390102364795991 1.390102364795994 1.5541816916834446 0.6950511823978999 1.3901023647958324 1.390102364795962 1.390102364796002 1.3901023647959663 1.9659016173812303 1.9659016173813146 1.554181691683346 1.554181691683444 0.695051182398021 1.3901023647959547 0.6950511823980862 1.3901023647959305 1.3901023647959865 0.6950511823979824 0.6950511823981457 0.6950511823980261 0.6950511823978721 1.3901023647959465 1.3901023647959583 2.865769440237318 1.3901023647959427 1.55418169168351 0.6950511823979154 1.3901023647959647 0.6950511823981621 0.6950511823980013 1.39010236479588 1.3901023647958632 0.6950511823980928 1.554181691683425 1.3901023647960218 1.3901023647959685 1.3901023647958122 0.6950511823979956 1.3901023647956952 0.6950511823978788 0.695051182397944 2.8657694402372877 0.6950511823977962 1.3901023647959283 1.3901023647958748 0.6950511823980471 2.8657694402372202 0.6950511823980682 0.6950511823978965 1.3901023647959763 0.6950511823980062 1.3901023647959345 1.390102364795856 0.6950511823979073 4.17030709438796 1.390102364795978 1.3901023647957687 1.390102364795914 1.3901023647959632 1.390102364795935 0.6950511823979063 1.390102364795929 1.3901023647961215 1.3901023647959685 1.390102364795939 0.6950511823979992 1.390102364795937 1.9659016173813801 0.6950511823979134 1.554181691683482 0.0 2.865769440237269 1.5541816916832902 369.6303480743316 97.15522550535339 483.19941357250747 -753.7907078251515 376.57801295039764 114.14861812226243 524.0870826101878 -798.1723529329079 335.8079446434863 46.01240328186662 547.8906800644152 -810.9301876125747 324.8355064107041 22.10255758631955 527.5517232033907 -805.1436931837108 306.89367517691915 -12.700340460299035 559.960901809104 -826.3208935334837 328.5286500065174 28.771316395394315 504.665431827003 -773.3255404970593 345.709669330967 69.61937790282673 440.5073602316221 -730.8091332640645 350.23571244116357 70.59222979905354 512.602141645563 -790.7907901621105 330.62112544686056 15.835610505484095 472.04277856000704 -761.5886562070616 341.8769876388969 40.441183400254914 492.91552268275893 -777.8639849420098 372.56303449080394 105.88641456384764 498.4458588813452 -778.4791499703649 314.903191050846 10.80300740466705 468.65346156023014 -740.0321549728128 344.88338016943703 53.80864497069777 526.7729737268967 -793.7146427600286 302.77466737943416 -3.7831444657334954 506.4273623695712 -785.7893858931986 346.7275810298568 62.92820244480823 475.07737019591616 -741.7776605414891 280.7871224398733 -32.87233659738761 485.58523904371737 -759.7388964919984 335.5049642995586 21.909754383453265 536.5182850209983 -803.4146885086726 316.21192546650104 -5.788798973755477 517.98358796862 -785.4796485565197 328.08163736756865 9.597148950230267 553.3590542356582 -812.1901202138203 334.5467866117478 28.763781901899918 458.63041130778305 -743.935904739655 329.4418808676239 21.730983466184657 434.29266364512364 -739.7114754101789 302.7974793804745 -11.0993462822923 491.1133077317966 -765.6338449786413 349.24126455263485 55.12769545173612 491.2687095267026 -772.3725004013063 368.3963006100076 109.21431679645796 475.68701834208207 -767.8115289107592 349.8590110110331 47.827898325891695 507.30096245867094 -791.4744054059116 288.72764510180747 -23.193435579430947 511.9623367847784 -783.9573156898011 319.7432906602302 12.916457727955574 465.24481171790177 -756.4659789402746 276.5852033114985 -43.10641877873839 478.82394087642444 -747.452621566453 337.30550473286155 38.42647438149101 467.25141960429545 -748.0664562792055 364.7537359530546 95.23103607683197 547.0577936154754 -804.3293834233297 361.03529274846915 83.31338089089094 478.0791881709366 -759.7902856420832 307.418202800654 -1.5920290236870194 469.3137863408041 -753.7095354726578 352.0566932816951 64.99206921108721 524.1459424341738 -786.2921062547641 321.68725274749664 -9.357662280112537 462.1947970101981 -740.7349983480925 324.9526942993305 1.3027941473075308 498.3822860311009 -761.2438684957771 325.3849096924031 15.329515969098695 445.27433158999247 -748.2781746194963 284.77837384644926 -24.77769658728004 481.38962237183955 -774.3882426302561 337.54065209040755 53.47375715238129 573.981513122361 -838.9150126849371 290.1673853161885 -29.036208238676547 469.93107680668 -767.1536346390044 280.7504816665419 -41.25797260731196 511.1257408301291 -777.8207218563962 350.65247233054 80.22452217187667 471.7370199077095 -746.0611835690007 319.1677515636266 23.55700082243982 569.4010205670597 -834.5981878461251 360.3438205947112 89.85895761753707 440.70607524859514 -735.9359537646787 339.3443274316333 32.453218324618675 451.35245744476947 -748.341626518753 341.98480080914703 61.27645484474966 536.8934997740349 -797.5048823185258 311.0543218198155 4.727717954738946 530.72236936524 -800.0752707242601 297.92115149672514 -17.141588610212686 504.5971742112128 -779.6592324003503 293.0634365851191 -18.314992828785975 454.0324947064999 -730.3460602896708 319.5862413642442 4.765553017270417 498.2116714012157 -772.6189922711995 358.04827277839746 63.93171307067309 519.01797998749 -791.870980164383 356.5780996395912 69.16048697472215 489.7110963287202 -754.2822325006882 332.87693397727173 34.463408843768256 458.37209478980765 -758.0587745042966 311.0281454518041 -7.5392484404607245 558.7311698514709 -819.0954448113051 340.591735186265 48.16155240567105 452.8060285855517 -738.4603844328293 346.4758794130544 40.026406497917684 459.0880969557838 -750.6368399056172 330.17190744974926 39.911302980110506 448.6398215829523 -732.217022047212 353.91634266099834 58.4434236338016 485.16423760111087 -771.743174387285 372.6152049342698 116.21450053762773 500.4295030713423 -784.7610083784798 362.36720696565664 76.94119307060497 491.98291391657693 -759.6953676939805 316.92578316417035 -12.732978700943525 503.1702472231828 -766.9273813879676 356.1498638897001 80.91085936831473 497.15087886685893 -765.9968791494606 363.93810081459173 101.5131194158268 486.7425905588 -779.5763677209455 323.680756952377 7.195948749482975 485.0484732481216 -748.9603740155477 314.7347750417277 2.1440154562542326 482.9041672231737 -765.8926995655995 355.7051811099468 87.09568205644291 542.8821754881886 -805.4408902132487 365.50998428282657 88.27983232114606 565.7303218588168 -826.8661501505795 320.9593652998814 -2.3293430250352722 448.2625346140131 -742.7107329851387 285.39753508519954 -31.416424057160196 464.7704132594851 -761.3121171616266 345.54836779712355 46.408501070385796 553.6257545916773 -818.5443006858045 316.0675567430379 -19.78775940729497 518.5335672102827 -797.3624437469821
1500.0048855897958 1.3901023647959883 1.965901617381497 1.390102364795936 2.865769440237134 1.3901023647959077 1.3901023647958504 0.6950511823979215 1.5541816916832984 1.3901023647959285 0.0 0.6950511823979643 2.8657694402374636 1.3901023647959432 1.3901023647959465 0.695051182398018 1.9659016173811519 1.9659016173813422 1.390102364796037 1.554181691683457 1.390102364795983 1.3901023647959365 1.3901023647957933 1.3901023647959425 0.6950511823981367 0.695051182397886 1.3901023647960113 1.39010236479593 0.6950511823979383 0.6950511823979776 1.5541816916834446 1.3901023647959196 2.8657694402373894 2.865769440237269 1.3901023647959043 0.6950511823979797 1.390102364795956 2.865769440237274 0.6950511823981734 2.1979448267707156 1.3901023647959503 1.5541816916834938 0.6950511823980915 0.6950511823980235 2.865769440237382 1.3901023647959359 0.6950511823980711 0.0 0.6950511823979488 1.9659016173813242 2.8657694402373273 2.8657694402373046 0.6950511823980445 0.6950511823980309 1.3901023647959467 0.48653582767862047 1.390102364796114 1.3901023647959125 1.3901023647958106 1.9659016173813726 1.3901023647958415 0.6950511823979859 1.3901023647958828 1.3901023647959254 0.6950511823979183 0.695051182397905 1.3901023647959625 2.8657694402372766 0.6950511823979928 0.6950511823979696 1.5541816916835312 2.8657694402372726 0.0 1.9659016173812782 1.3901023647959903 1.3901023647959405 0.6950511823980723 0.0 1.5541816916834832 1.3901023647958826 1.3901023647960709 0.6950511823980664 0.6950511823981139 0.6950511823978837 1.5541816916833198 1.3901023647959172 1.965901617381512 0.0 2.865769440237185 1.390102364795942 1.390102364796036 0.6950511823979657 1.3901023647961956 1.554181691683525 1.9659016173815254 1.9659016173814126 1.3901023647960253 0.6950511823980274 1.3901023647960282 1.5541816916834477 1.3901023647960522 0.6950511823980402 2.8657694402371736 1.5541816916834732 0.6950511823978387 0.6950511823980307 2.8657694402372096 1.390102364795947 0.6950511823981066 1.9659016173813615 1.3901023647959891 1.3901023647959208 1.390102364795883 2.8657694402372744 0.6950511823979122 0.6950511823979466 1.554181691683492 1.390102364795941 0.6950511823979028 0.6950511823980223 1.5541816916833389 1.3901023647959887 0.695051182397988 0.6950511823978865 1.554181691683547 1.3901023647959623 1.3901023647959565 1.9659016173813502 1.3901023647959894 1.3901023647959252 1.5541816916833056 0.6950511823980171 1.5541816916834266 1.390102364795931 0.6950511823979059 0.0 1.390102364796112 1.3901023647959094 0.0 1.3901023647958424 1.5541816916834175 368.02884934437884 95.70910641492323 484.68216446298266 -755.6058493455959 374.5214964551654 111.64470322369593 525.6225643693509 -800.8967849929185 334.0712498599454 43.34350284528864 549.5847162494657 -813.7394528345927 323.9252561845009 19.964573630092577 530.3806864888378 -807.8653505392862 305.8556555963634 -14.803964452871902 561.4014144407298 -828.6151936422877 327.55127045620003 25.839818187436165 506.3571032403021 -776.5042937839333 344.81775034124786 68.30329803048392 443.20647906822666 -732.3628049366498 350.1098037189959 68.58192485010144 514.6986284059086 -792.0721433900275 330.0320844674299 12.777841881522805 472.5973327626308 -763.3246682501009 340.3696048893818 36.0599351246028 494.2999807405273 -779.2492692612051 371.1716859590235 103.9448247154978 501.6517591292829 -781.8026308368394 314.56517334350355 8.477401182921039 470.27613249317255 -741.0914363386927 343.24990898307556 51.524311592747424 528.7695637688475 -795.1093721954419 301.8604344377128 -6.731109949551706 508.6865510367337 -788.9102258295159 345.16563310297147 61.439337075095786 477.09914824614833 -742.9548430256808 279.3276349484952 -36.08065983942732 487.87728195456 -761.796743970655 334.0461262491049 18.732734423870905 539.2012147615584 -805.3645619994112 314.5472088107031 -8.504324348680429 519.9753115676549 -787.8297432610866 325.97777679138005 6.220355230038313 554.8024086920406 -813.1481687945715 332.5306251118981 25.16121696380526 460.3877162814935 -746.0716453283093 328.47677966025515 18.797209648502697 435.52558422376717 -740.6395759395035 301.45269466522086 -13.518777432261857 492.691240193408 -767.9049449926924 348.150817222254 52.65043564862823 493.75443958978434 -773.684351986409 367.89800591647315 106.91919952221679 478.40308643001896 -769.3966781080677 349.03911723882857 46.073129970978606 508.82322237889514 -794.7480874873345 286.77159230014905 -25.854000828531678 513.0856148201589 -785.5184019755584 318.9685021859301 11.135641772143787 466.77935807491934 -758.2467557596395 275.8217473504685 -45.34305943518903 480.25220089874 -748.153652065796 336.37427277964645 36.29821854237421 468.86692752620746 -749.1350419695965 363.206717478801 92.30645005427897 549.4387494089553 -807.3848360558496 359.6201269965335 80.13286054823209 479.49278492765484 -760.5191653344865 306.1265662529756 -4.424055884096065 470.6746221753237 -755.0971223391172 350.81397418078694 62.15637900900079 526.3828249552887 -788.4531119487004 320.88454969823727 -11.937374266990544 463.2871686984061 -740.6141333438155 324.1937187259934 -1.695362114990098 499.9634537686977 -764.0511600528062 324.73614554367924 12.69870484109459 446.9201353538584 -749.3092819182785 282.7695565757892 -26.215598721243033 483.5046783094147 -776.0791916308042 337.1387463914486 51.158260962793996 576.4172947735574 -841.0094842083498 288.4057114474079 -31.758233061631643 472.92620828370934 -768.9844046981148 279.51735994636005 -42.93176939688853 512.1703313257794 -778.9575586005801 350.1064941366822 78.7754416914399 473.9081866197566 -747.0707540195001 318.8105813767163 21.237805556654397 571.8295779178949 -835.5215053511438 358.913440716075 86.68576723702908 442.1254671559167 -737.2584067657672 336.5885171334655 29.1053185671071 453.53753442285785 -750.5685366286501 340.57497454782344 58.5002062664152 538.1051579109705 -798.5409395255962 310.09779346595104 3.0046764959438916 531.811230590202 -802.6190873061188 295.4174071123734 -18.821429371563703 507.3131329644465 -782.8936474185306 290.9342192051698 -20.11780169490863 456.05956237436357 -732.1471572950246 316.95702966443633 0.33420675772333636 499.84554302804446 -775.3453739685498 356.8483688905599 60.66916644861151 521.401729725505 -793.9196751990835 356.40008071559475 67.58235212747837 491.92473340768987 -757.0267360684076 331.52477914050894 31.66006579211086 459.7612207045759 -758.1916317536773 309.8576502602271 -10.008559145896678 561.6113335335162 -822.3660635530435 338.70171558663543 43.9127329168327 454.0259407289242 -739.4116101457996 344.9714126152819 36.87140844995217 460.6518454543425 -752.3810407829636 329.67593539006657 38.44655767886236 450.29304125981037 -733.237167958613 352.26410988714827 55.55390364702706 487.39888337541396 -772.7434223519742 370.7072217572545 114.06556058831424 503.41472719905585 -788.3006546223539 361.46216536143424 73.97968390570901 493.7869658840432 -762.862868566061 316.1725471469925 -14.522253290984851 505.23917841880944 -770.3091050648025 355.05323504923746 78.01936361420299 499.1485047859445 -768.9323545854838 364.3750002259675 100.50863176119178 488.96859526072444 -781.7419703822878 321.5846600080249 3.812919847899103 486.46056713967386 -751.4452912219116 312.59551582135043 -1.4348617523170226 484.8627063847534 -767.1702559394664 354.2072276818188 84.77531509312477 544.7628035497781 -806.993065268006 364.3604325669686 85.82734861014744 567.8292155743757 -828.3822730677953 319.6613114094573 -5.156361762250457 449.7228140583222 -743.3496476153999 283.84779118719473 -33.39108230665416 466.8889170257873 -763.6037280831532 344.0376980573529 43.252955962252265 556.5080844415361 -820.9091192447838 314.65736013820066 -21.7914429686564 519.8699793591851 -798.7872719889674
1510.0048855897958 0.695051182398052 1.3901023647960065 1.3901023647959247 0.6950511823981772 0.6950511823979789 2.865769440237117 2.8657694402372895 2.865769440237424 2.865769440237291 0.0 0.6950511823979936 1.390102364796009 1.390102364795963 0.6950511823977874 0.6950511823980091 0.6950511823980802 1.3901023647959196 2.8657694402372322 1.3901023647959125 1.9659016173813875 1.3901023647958966 1.3901023647961355 1.3901023647959152 0.6950511823980507 2.86576944023724 0.6950511823978408 0.6950511823979966 0.6950511823980258 1.3901023647959148 0.695051182397919 0.6950511823979535 0.6950511823980143 1.965901617381355 1.5541816916836113 1.3901023647959179 1.3901023647958626 0.0 2.8657694402372056 2.865769440237268 1.3901023647957897 2.8657694402372536 0.0 0.6950511823980393 1.3901023647957664 1.5541816916835427 1.965901617381451 1.3901023647959314 1.3901023647960145 1.3901023647960074 2.8657694402374285 1.5541816916834608 0.6950511823982181 0.6950511823980192 1.3901023647961395 0.9730716553571916 1.3901023647958282 2.865769440237233 0.6950511823980653 0.6950511823980128 1.390102364795773 2.8657694402372575 0.695051182397973 1.390102364795993 2.8657694402372935 1.390102364795918 0.6950511823979201 1.3901023647958746 1.3901023647960775 2.865769440237282 0.6950511823978863 0.6950511823979322 0.0 0.6950511823980402 1.55418169168349 1.3901023647959674 0.9730716553570603 1.3901023647959256 2.865769440237352 1.3901023647960193 1.390102364795963 1.3901023647959714 0.695051182398096 1.390102364795928 1.3901023647961714 1.390102364795949 1.3901023647959545 1.390102364795928 1.3901023647959616 0.6950511823978819 1.3901023647959674 1.3901023647959305 0.6950511823978655 0.0 2.8657694402371643 2.865769440237323 0.6950511823980658 2.865769440237324 1.9659016173814465 0.0 1.3901023647958102 2.8657694402372806 1.3901023647958122 0.6950511823979143 0.6950511823978993 1.3901023647959474 1.3901023647958792 1.3901023647959128 0.6950511823978583 0.0 1.3901023647959607 1.390102364795924 1.3901023647959865 1.554181691683412 1.9659016173814161 1.3901023647959643 1.5541816916833615 2.865769440237246 0.6950511823980337 1.9659016173813761 1.3901023647959956 0.6950511823979069 1.5541816916834352 1.3901023647959514 1.3901023647958721 0.6950511823979977 1.3901023647960153 2.865769440237252 1.3901023647958386 1.3901023647959336 0.6950511823978592 0.6950511823979845 1.3901023647959965 1.390102364795919 0.695051182397862 1.965901617381289 0.0 1.9659016173812478 1.5541816916836841 1.554181691683448 0.0 367.16753954340317 93.96962903079947 486.905126331978 -758.8532767834083 373.90302394764234 108.98772292575926 528.0037649605699 -802.1509787302841 333.21992675240676 42.00021320719527 552.2859908958695 -817.9850768198258 322.25945811172073 17.25380697465158 532.2566687875934 -810.3269079251851 304.9337627053733 -17.350802764947154 564.152119356099 -831.12717121853 325.6742573653064 24.41359548904831 508.18242245332755 -780.0048760071678 343.6701331713305 65.02181810040584 444.2303260626814 -732.9346792363963 349.30730699443166 68.04645286321187 516.5089952301208 -793.611904683475 327.9597630966524 9.379319083736588 475.0723271023113 -764.6304180894191 338.55086921408866 32.99727891906396 497.0708002791463 -783.7193404896921 370.791856139792 100.7788923237613 503.38637107033196 -784.877944858732 313.7030514932552 6.318784963416882 472.0503684881338 -743.1565151620142 341.34537563590146 47.68102735835592 529.9875029052307 -796.6457458570915 302.170645373207 -8.427903395064503 510.3466193704302 -792.4550889482636 343.9118231509616 57.788035096113994 478.69745517772225 -744.6645550692396 278.93969517356766 -38.37480481541993 488.81282195157644 -764.6685545867207 333.6595861325695 15.61775401878598 541.4037101100427 -807.6726117903206 313.5594127279323 -11.836185327350224 521.895742015624 -790.2576562849139 324.5099659320305 3.436517219514264 556.9189800187341 -815.5290826369219 331.5341304225468 21.426491902254472 462.39769503377033 -747.2951017297305 327.36032706811073 15.910948204418949 438.35545736550415 -740.1832775968271 300.4445958522497 -15.642973677733073 494.86726543034706 -771.4160711612907 345.6869148995483 49.00175815555968 494.8893736379312 -777.2940047971975 367.79092304472795 104.47450375806669 480.7281547189299 -770.8873882042366 346.83312145456375 43.14925454803186 510.86282882211015 -798.9496380293622 285.61858863980086 -27.94551138956331 514.7045022046476 -786.7141362536393 318.5126925529293 9.658234315894097 469.02628731236683 -759.8112738700783 274.66395261108596 -48.03774060565382 482.7017263294523 -751.7504344425837 334.1357673698019 32.560401634711965 468.94473953901394 -750.2362074180375 362.7621633907657 90.00164013296755 551.9831056850707 -810.8348554387807 358.6507272260019 78.02306128581851 480.71477822667987 -760.9230875451423 306.2844795473056 -7.28690749025706 472.94605274736017 -757.202058222886 350.6194158931373 60.997947592057095 526.8858415774027 -789.5197477161629 319.3703696418331 -14.311577038468542 465.6278736439425 -742.6211116958245 323.2274671791514 -4.226928821529891 501.2092111361182 -766.5670725624203 323.376204857113 10.291312458749971 450.5349942123356 -749.8015298668165 281.60945689827884 -29.101753332464668 485.65993510724604 -777.2344353234183 336.2791548499101 49.819999036969215 577.7939836255838 -843.5014656727385 288.1047531499227 -33.67356236109473 475.4981863545011 -770.7456119908746 278.47870555505295 -45.4576672736098 513.4178225915713 -779.944704994825 348.7527334004109 75.56617171039878 476.2007896814232 -749.1480415914024 317.37741093229454 19.262594471622 573.8933886408172 -836.7035470464382 357.4413941276626 84.34842983660616 443.69110954193155 -739.0171926522848 335.8212219452981 26.104798266820026 456.4761559421019 -753.0695636961068 339.33929818538826 57.29033608315769 538.9633457256972 -800.7299544887713 309.2465339945616 0.8407042680745234 533.3289453006695 -804.3919890471519 294.53759286367074 -20.585921336015495 509.27487389239553 -786.7354685254548 290.2283759037674 -23.53039754317489 457.49432111442235 -732.8337565233411 315.4745283789131 -3.256624622937475 500.8392413785215 -778.2974200037098 354.623154015287 58.9954548609352 522.6321885345476 -796.8011960006678 354.90489412624015 65.65249017044047 494.10169630455835 -759.2335576576011 330.14035594054667 29.265869835348468 462.09642449884166 -758.4570605169334 309.0249280835496 -12.177271856510549 563.5183196470127 -824.4187085684714 337.4787471999185 42.69065898400649 455.47362244309846 -740.1068761669463 343.4486148305334 34.12223084254003 463.1816399109565 -753.6009103596365 328.5886169436738 36.36583723835862 451.9138125914552 -733.0715328285022 350.095793078819 52.21552644557182 489.808636983571 -774.7565130323915 369.4144435985535 111.25361213364775 504.74440209367987 -791.6682905056064 359.33259835449593 71.4649971221458 495.5133131148934 -765.4905216953365 315.3958088783596 -17.915727734471144 506.8103218730363 -773.0419108695276 353.9507506628697 75.54147859420632 501.5478523291569 -772.4962810576717 363.97005510970826 97.77059841013916 491.47974094956516 -782.5565390663537 319.82946726513995 0.7102323692121196 488.82762378900156 -754.0077694995425 311.4921764905999 -5.1380297193866795 485.64434257536465 -768.5473775474509 352.60753735062855 82.06864157648882 546.872956934153 -807.588080013761 363.61167180561506 83.22564056402219 569.7017144004558 -829.170429625384 319.0713956247322 -7.801608187127264 451.34046798645363 -744.4344326586829 283.83495652303117 -34.98255337702579 468.43683625645104 -764.787647573826 342.2069389322301 41.420197677193855 558.9433584471684 -822.6980140099307 312.241618535853 -24.726732727728425 521.8510566232851 -802.5604003310858
1520.0048855897958 0.6950511823980562 0.6950511823979767 1.3901023647959794 1.3901023647959527 1.5541816916834736 2.86576944023746 1.3901023647959159 2.8657694402371794 2.865769440237277 1.554181691683391 1.3901023647959507 0.6950511823980922 0.6950511823978794 0.69505118239787 0.6950511823980424 0.6950511823979407 1.5541816916834448 1.3901023647959523 1.5541816916835096 1.9659016173812627 1.965901617381345 1.9659016173814274 0.6950511823980139 1.3901023647959967 0.6950511823979665 0.6950511823981167 0.695051182398037 1.3901023647956927 1.3901023647959039 1.3901023647960529 1.9659016173813355 1.390102364796077 1.390102364795941 0.0 1.9659016173813486 1.3901023647960218 2.865769440237275 2.8657694402374214 1.5541816916835198 1.3901023647959674 1.3901023647959254 1.3901023647958024 2.8657694402372775 0.6950511823979929 1.9659016173813681 1.9659016173812431 0.695051182398014 1.3901023647958468 2.8657694402372713 1.5541816916835243 1.390102364795934 0.6950511823977725 1.3901023647959176 0.6950511823979026 0.9730716553571479 0.6950511823978859 1.39010236479592 0.695051182398028 0.6950511823980052 1.390102364796028 1.3901023647959585 0.6950511823978075 1.3901023647959305 0.6950511823978383 0.6950511823980383 0.6950511823979781 0.0 1.390102364795816 1.554181691683428 1.3901023647960522 1.3901023647959154 2.865769440237355 1.3901023647959314 1.5541816916836124 1.3901023647959148 0.9730716553570603 0.0 1.3901023647958302 1.3901023647958857 1.3901023647958657 0.6950511823979153 1.3901023647958441 1.5541816916834548 0.0 0.6950511823979278 1.3901023647958244 0.695051182397908 0.695051182397948 0.6950511823979423 0.6950511823978375 0.6950511823979003 1.3901023647958881 1.3901023647959443 2.865769440237322 0.6950511823979423 1.3901023647958994 0.0 1.3901023647958985 1.9659016173813735 1.3901023647959887 1.3901023647959225 2.8657694402371723 1.3901023647959438 1.3901023647960742 2.8657694402372673 1.390102364795821 1.3901023647959196 0.6950511823979818 0.0 1.3901023647959019 0.6950511823980325 1.3901023647959034 1.3901023647959727 1.3901023647957385 1.3901023647959005 0.0 1.3901023647958788 0.6950511823979357 1.3901023647959205 0.6950511823980471 1.390102364795963 1.390102364795802 0.6950511823980215 2.865769440237323 1.3901023647959643 1.390102364796049 1.3901023647959372 1.3901023647959605 1.390102364795894 1.3901023647959017 1.3901023647959505 0.6950511823980462 1.965901617381339 0.0 1.3901023647959079 0.0 0.695051182397912 1.9659016173813786 0.0 1.554181691683675 365.4036635423934 91.31851179854095 488.14238454905865 -760.8221573149904 372.3310617114598 107.51263001515312 529.109596728177 -804.1814368886941 331.9340756005983 37.95400061742787 554.0689354037783 -821.3884400060189 321.00067333198115 14.402486001552772 533.8261351521813 -812.5446105707401 303.93756887047044 -21.077724400890506 565.9472764346249 -834.9988039905498 324.17939229237163 20.83473258571488 509.27384521175776 -781.5943248439846 343.53984193864414 63.43654829279304 445.3167138553234 -734.6482275400672 348.14261964065213 66.40029591698897 517.3439183418124 -795.35003125452 326.6385008489324 6.944928588628375 476.75439199714646 -766.7617455191705 337.9232415517999 30.360649643974316 499.908938375974 -786.4302032343677 369.2956352621961 97.21593750385145 505.3913568275518 -786.8015486886383 313.79911558005347 3.8809522186211 472.8686209412361 -744.509533290886 340.26270376045596 45.59602517825917 531.0982300236044 -798.2315981296263 301.06240068291805 -11.725432471049276 512.2403964675975 -795.82968244988 343.55344695264347 55.46587327227404 479.625722931273 -746.4762162401232 277.0678623401928 -41.093144458537914 491.30267492806183 -767.6291883867614 332.06595455551917 13.679272258527655 544.1889097164641 -809.2838614708522 312.94022246543744 -14.070423848940207 522.3904007689274 -792.200255704866 323.27712587743014 0.5782366321450939 558.7386399510532 -817.6559134177623 329.89178656344296 18.698213619345026 464.4783393489715 -749.0352398011701 325.65676376236695 13.602723866103904 440.8210266406939 -740.2827890914283 300.48505886186547 -19.24646449821031 496.1353326376184 -773.3372354054293 344.36293060765445 46.18100835130352 496.3417108762832 -779.5610845934865 366.6304957724045 102.42905346662042 482.94348977510145 -772.0152952816505 346.43840359069964 40.02921929591301 513.4219669605018 -802.3658701060865 284.6696824245954 -30.891590164804775 515.5332640834632 -788.0323234956268 318.0489281416558 7.383116308220913 471.1502099222888 -761.5193429982825 273.2872952823747 -49.88355165328323 484.82476226264276 -753.4622715056264 333.63132080734215 30.29326349727345 470.7267431347294 -751.1836151491154 361.13259240555743 87.71025119351106 554.0052124228373 -814.1441518586649 357.51686166380733 74.73858609081171 480.82922502091304 -761.3349443715637 305.10981136322823 -9.364670432706914 474.9525709360428 -759.0245502831225 349.5158981056514 58.92317788835451 527.6715677707048 -790.8532437052445 318.5370189146564 -17.288980901815208 467.0315052330394 -744.4911561117797 321.26279830234546 -6.877593720841562 503.2388164675851 -767.9216240400983 322.1343005605415 7.440128527316732 452.3378348622757 -751.2642279222135 280.5729204916573 -31.626372833745815 487.98899084564573 -779.8270597093459 335.2616527533026 47.30986783165995 578.7729885609973 -845.1219604915794 287.1657812565409 -35.82356368821935 477.9690581036687 -772.7278483374799 277.266019686458 -47.94880629006732 514.6940182018171 -781.8830845122195 347.88669467548465 74.22779005052023 478.0653184439844 -751.6636283660243 317.00757972594806 17.362529733802102 575.8709664869541 -837.6129059123862 356.98379847484995 82.4628078219746 447.00384684637663 -741.685219920217 334.2427641228485 22.952198554630694 458.14525395284136 -754.1262624934534 338.18646112487664 55.638674219678364 537.9728030931698 -802.123982932769 307.9443095419988 -1.6002973116020758 534.5783732602778 -806.343734338921 294.04593104149853 -23.25210693312368 510.73727124020274 -789.012755753527 289.37433066811786 -25.304886459848415 460.4643364450859 -734.7286368642914 314.63223735835436 -6.2303610417880035 502.9045203441271 -780.137359417112 353.33824900919745 55.75976435228788 523.8110434696601 -799.2478799048333 354.1001458273618 62.66333374302455 496.38073339790554 -761.3578019950908 329.08539777195574 27.170192507961524 465.10346907346815 -760.3904617883411 307.17482152323083 -15.272420007351604 565.3987562877419 -827.8053771044773 336.1156969126294 39.072223882188304 456.3638516509268 -741.4342837332013 342.3801860818892 32.035174116327234 465.6580919099263 -754.9701166127554 327.75933130165475 35.010435251155286 453.738651894417 -733.9192661699873 348.7062974067984 49.82367921792246 491.01046836573795 -776.2870323224413 368.0674475516713 109.28059389304144 507.0699216355801 -793.8273667590252 358.3297389570826 68.54269028299285 497.3602171517827 -767.4599916537321 314.07949547147155 -20.558624309627767 508.17003478830026 -774.8925110582145 352.52502214457354 73.17343624083469 503.1650153508709 -774.6401804176869 363.00465918565783 95.65672184370152 493.98959724995086 -784.02321103006 318.82089259505284 -1.4122699404605936 490.91561763946305 -755.7801791331659 310.47276365122065 -8.058485284800442 487.3244268684154 -769.6734499917955 352.2137680505925 79.75392830660957 549.2829206143878 -809.4102360541273 362.2295157101585 80.43925588848838 570.3207527932713 -830.1687710414285 317.30543945648657 -10.512993941080028 453.4708488474902 -746.1143221996579 281.25597748060704 -38.11596612300455 471.6008863409356 -767.6287058518991 341.49480017785083 39.21236197452786 560.2062393167953 -824.6515380901529 310.5318551473728 -26.670120417076486 524.2679557481171 -805.6344868918485
1530.0048855897958 1.390102364795954 0.6950511823978859 0.6950511823980041 1.3901023647960111 0.6950511823979293 1.3901023647960158 1.3901023647959572 1.5541816916834326 1.3901023647959352 2.8657694402372758 0.6950511823978833 0.695051182397902 1.3901023647959356 1.3901023647960373 2.8657694402372926 0.6950511823978305 1.5541816916834132 2.865769440237055 1.390102364795945 4.170307094387914 1.5541816916834212 1.390102364795797 0.6950511823979073 1.3901023647958275 0.0 0.6950511823980602 1.3901023647959452 1.3901023647959077 1.3901023647959545 0.6950511823981007 1.3901023647959272 0.6950511823979308 1.5541816916835074 1.3901023647960735 0.6950511823979667 0.6950511823980062 1.3901023647959196 1.3901023647960482 0.6950511823979648 1.390102364795864 0.6950511823978937 0.6950511823979216 1.3901023647959507 1.3901023647960125 0.6950511823979669 1.9659016173811232 1.3901023647959683 2.8657694402373193 0.0 1.9659016173812651 1.3901023647959339 1.390102364795838 0.6950511823979457 0.6950511823978404 2.865769440237312 0.6950511823978099 2.8657694402372877 1.3901023647960464 0.695051182397903 0.6950511823981291 1.3901023647959325 2.8657694402373415 0.6950511823978833 1.554181691683581 1.3901023647959134 1.3901023647959245 1.3901023647958743 0.6950511823978576 1.554181691683443 1.390102364795977 1.3901023647959219 2.8657694402372678 0.6950511823978789 0.0 1.3901023647959645 0.4865358276787232 1.390102364795988 1.3901023647959496 1.554181691683501 1.3901023647961723 1.3901023647959445 0.6950511823981225 1.3901023647959319 1.554181691683625 0.6950511823978908 1.3901023647957806 1.3901023647959463 0.6950511823979763 1.3901023647959598 1.3901023647961055 1.3901023647959543 1.3901023647959398 1.3901023647959485 1.3901023647957722 1.3901023647959494 0.6950511823978408 1.9659016173812527 1.9659016173813817 1.554181691683435 1.3901023647958943 0.695051182397926 0.6950511823980517 1.3901023647959252 0.0 1.3901023647959705 1.5541816916837061 0.695051182398052 0.695051182397947 1.5541816916834388 1.3901023647960766 0.6950511823980537 0.6950511823980482 2.8657694402372447 1.3901023647959934 1.3901023647959532 0.0 1.554181691683414 1.3901023647960495 0.0 1.5541816916833147 0.6950511823979684 1.3901023647960793 2.8657694402373117 2.8657694402373126 1.9659016173813966 0.6950511823980512 1.3901023647959485 0.695051182397965 1.3901023647958857 1.3901023647957538 1.39010236479587 1.3901023647959148 1.3901023647959143 1.3901023647960091 0.0 1.5541816916833378 0.6950511823980173 0.0 1.554181691683474 1.5541816916836677 364.0400745045597 88.52130570592092 489.0550961153467 -762.0405860233501 371.7370556168074 105.26573524685669 530.1295256650367 -806.6980139801752 330.77935118501745 35.48090245295806 556.8321127069963 -823.6079880740012 320.2413326600441 11.005246551627796 535.6113554448513 -815.548168538126 303.11508051149923 -26.645346069404102 567.6257378727887 -838.4901586113102 323.5604488812088 19.40209491701876 509.6871882177037 -782.6825237934437 342.4041490875566 61.774286087296794 446.14831657125376 -736.0027731689779 346.63382531085045 64.86058496395981 518.8040768476155 -798.0655379927108 325.6028894071731 3.223042516404193 478.5265981834332 -768.7847167806146 336.0434449401849 28.102454198010005 501.86302071124845 -789.7597022863304 367.6143811797955 94.1183984959698 506.6745958670217 -790.5431811642483 312.0334197270372 0.3577275625015882 473.8750371266486 -745.6722012402414 339.16440362483854 42.699830331866785 531.7843251776073 -799.6210329634339 299.80868436375675 -14.988417955488954 514.3910306320364 -798.1793896521979 343.1561389583328 53.56828023573647 480.80810888814733 -746.9720300127589 275.5976950860728 -43.12587288733368 493.21116312776735 -768.6297188666691 330.9219974480692 10.389939068414261 546.2090029694758 -810.4945129868839 312.3356758311215 -17.10173072933201 523.1016224614076 -792.7119712241043 322.27485706394975 -2.350348521146935 560.3210625357839 -819.5192961531842 328.9535390590436 16.154784517043513 465.6649384913469 -749.521345450532 324.51956699889666 10.309712045158538 442.33182665982736 -739.8590558631317 299.91098389940333 -22.288255561443908 499.111128509153 -776.4363973267692 343.77049178030023 42.32178568040398 499.221794771622 -782.2937087757741 365.48408324212085 99.14593718979278 485.65643214664107 -774.8112340726052 345.12178751124367 36.39711447956096 514.8598202796379 -804.6628723768304 283.4665552248142 -32.58479159833006 517.0559995399531 -791.158444744921 316.4573829664753 3.8144170838933227 472.3013004518453 -762.6043550647154 270.9846647173503 -54.14987198416762 486.20372656063097 -754.8542758244954 331.796231396958 26.809883878484968 472.6307877111346 -753.1165292535188 359.4707442552317 84.60437630943693 555.6148114789514 -815.9845479357601 356.42502809922894 72.6620019069619 483.00081634085547 -763.5625444817715 304.6180012920414 -11.228659279455291 477.38799829201264 -762.0454520482085 348.5120735534402 56.40607558978189 528.387324190057 -792.2149483293098 317.4634861304019 -20.60147904815677 468.46807749324614 -745.7802482387586 320.35702033219115 -10.232334844233142 504.03052045988886 -768.7679141927268 321.06955104258816 4.330986733757479 455.19628987007053 -754.3671541820994 279.5619430370071 -34.16015718966026 490.76128986466665 -782.5825259623095 334.57919729351227 45.095066338311746 579.7730558348725 -846.1620213265885 285.22132710230073 -38.13699194191401 480.47512330018776 -775.2019679843198 274.80194821393553 -51.739593676590424 515.1855098234948 -784.2804980761783 346.13399205744605 71.95623697279666 478.3624053483707 -752.9270403723949 316.9549233538243 15.769049558902747 577.113569490853 -838.8121125360198 355.2057952359461 80.21085590669286 448.4970928382217 -742.9037204466363 333.4858948991173 20.35707533364815 460.7841686933296 -755.8783847802282 336.7554107101648 53.6617474328496 538.9468322004191 -804.6503255578806 306.88045747912724 -3.312124147853849 535.5351754626154 -808.8891993796301 293.39520330731165 -25.0795350696018 511.89456183852036 -791.460242286025 288.06675395883974 -26.576311242820143 461.8063730083929 -736.6409214958735 313.6507583350162 -9.168799419467929 504.56726639980724 -783.2277005545363 351.96566439829456 53.35788951274993 525.0396145105029 -802.0900962905308 353.14091569154266 60.94727290736098 497.4125238796115 -763.4579102655099 327.77137633179836 24.74014690163958 466.67408488949536 -763.1021536298615 306.3036870318356 -17.836871128776533 567.1223435977718 -831.289545962294 335.2973225564775 37.70987424741598 456.88704734523577 -743.0736532523863 340.93632281538 29.24602537861858 466.98811989887935 -757.3929288574259 326.05663684120736 32.69821432991184 454.9738157642077 -735.4109003523602 347.8987463393235 47.243036917970684 492.77399871542195 -777.8687147111627 367.79265611200196 107.3296541104319 508.9500779685055 -797.1871646424082 357.1243355675124 66.09022392109667 499.6912103668992 -770.5335095221014 313.11388654135396 -24.29708233274613 510.16245632562567 -775.9018639017514 352.2321129070265 70.42499526761081 504.3128641200937 -775.7205637616814 361.4033910328138 93.35009649598125 496.79548002246776 -786.3501239448082 317.91382633131093 -4.770510922646557 492.33951451409484 -757.6166158423966 309.9605372539184 -10.71602344300838 488.31629272360436 -770.4045844548256 350.69345907681105 77.00433366062482 551.0292817731022 -812.0213692589728 361.0689423019928 78.78768575401439 571.345638521269 -833.497028692683 316.4446827284009 -14.476485158358367 455.8580625573251 -748.6225290796398 279.7937967091632 -41.73774826343034 474.11816677680844 -769.5908066913606 339.99605928319994 35.63455853842435 562.2717799263155 -826.7562677914807 307.9039648826598 -27.59696793129006 525.6401239388097 -808.8474251720979
1540.0048855897958 1.3901023647959665 0.6950511823978858 1.3901023647959594 1.5541816916834263 0.6950511823980003 1.5541816916832552 0.6950511823979009 1.9659016173812947 1.3901023647959494 2.8657694402371288 0.6950511823979293 0.6950511823980619 1.3901023647959472 1.3901023647958128 1.390102364795907 1.3901023647960853 1.5541816916834084 0.6950511823980391 1.390102364795952 1.390102364795795 1.3901023647959165 1.5541816916833864 0.6950511823979075 1.3901023647959005 0.0 1.3901023647958552 0.695051182397956 1.9659016173814925 1.3901023647959438 0.6950511823978055 1.9659016173813442 1.39010236479582 0.0 1.3901023647960138 0.695051182398043 0.6950511823978184 1.5541816916834725 1.3901023647961586 2.865769440237262 0.6950511823979645 1.3901023647959414 0.0 2.8657694402372753 1.3901023647960715 1.3901023647959887 2.8657694402372527 1.390102364795938 1.5541816916833366 1.3901023647959534 0.0 0.6950511823979385 0.6950511823980652 1.3901023647959483 0.6950511823979314 0.4865358276785922 0.6950511823979646 2.865769440237264 0.6950511823980716 2.8657694402372997 1.554181691683297 0.6950511823979832 1.3901023647958706 0.6950511823980255 1.3901023647958233 0.0 1.3901023647961113 1.3901023647959296 0.6950511823978842 1.5541816916834685 0.6950511823979051 1.5541816916834796 1.390102364796064 1.3901023647959234 1.9659016173813475 1.390102364795941 0.9730716553570603 0.0 1.5541816916835594 1.5541816916834825 1.3901023647961568 1.9659016173814006 1.3901023647960327 0.6950511823978764 1.5541816916835942 1.3901023647959447 1.9659016173812656 0.6950511823980331 0.6950511823980376 1.3901023647959185 0.6950511823980846 1.3901023647959412 1.390102364795805 0.6950511823980587 1.3901023647958601 0.6950511823979646 1.3901023647958182 1.3901023647959294 1.9659016173812596 1.554181691683481 1.390102364795893 0.6950511823979949 1.3901023647958803 0.6950511823979328 1.5541816916835145 0.6950511823978753 2.8657694402373846 0.6950511823980218 0.6950511823977882 1.3901023647959605 0.6950511823977884 1.390102364795939 0.6950511823978754 2.865769440237244 0.6950511823979109 1.3901023647959594 2.8657694402371807 1.3901023647958846 1.3901023647959028 0.0 1.3901023647957436 0.695051182398034 1.3901023647960051 0.6950511823980582 1.965901617381351 2.8657694402372615 0.6950511823979003 1.3901023647959443 1.390102364796009 1.3901023647959372 1.3901023647957786 1.5541816916834206 1.3901023647961313 1.3901023647960218 1.3901023647959856 1.3901023647960318 2.8657694402372296 0.0 1.5541816916835525 0.0 1.3901023647960788 362.10743875638155 85.08923256168657 489.609540423306 -763.9755934123344 369.6467270221784 102.71075846577276 531.2249232051299 -808.7452937422854 329.9567604079146 33.30948274502074 559.1583496633173 -826.0415301458858 319.9262709880444 9.091669509367891 536.6429902630906 -817.6184681178773 301.55670411206705 -30.637957340039595 569.5644197409978 -841.081544916846 322.57386854196824 17.269839581561556 511.1006647583567 -784.558303937321 340.9486856243524 58.98786551081011 447.4676963025256 -736.8892344285522 345.8357557886621 62.27756346531064 519.4408904351701 -800.3131343747108 324.7285663774124 0.6586070695076183 480.18578071382325 -770.9400234738961 335.2076893243248 25.12869010832896 504.8296354251835 -791.6932530783018 365.8483747706918 91.85604027071977 509.45930642775767 -794.3141874255919 311.92956670314845 -0.8100702544447109 475.6671875187458 -747.712172146373 338.248951627249 40.957154425109806 533.3973099834091 -801.8570528764718 298.9697887575817 -17.562907437176868 515.0315733591157 -801.2865923619395 341.68123565073256 51.997743837638204 482.0471374056946 -747.9835995878857 273.0672019288693 -47.30627759789255 494.85195730376887 -771.696107377771 330.48850257729805 7.307769700609664 547.1085072067016 -812.2146950696152 311.2050631429407 -20.00262101374255 524.0967140090385 -794.8079430514016 321.4903578375355 -6.136112623297556 561.8431429828253 -821.4290241002503 328.80295454938334 13.391815273917544 467.5137438023985 -751.517160649483 324.47912888208947 7.918450053217945 444.07568873618493 -740.900139264929 299.7381473879684 -24.63016462020711 501.3210807666635 -779.6036766227154 342.5265799480852 39.47056555820824 501.0703569835557 -785.676645421344 364.32922135443977 97.496061138348 487.9357212822123 -777.0466847923997 343.70015789169247 33.59093030795467 517.030076169311 -807.9171132318035 283.11770504467086 -34.0889942820055 518.2626355693014 -792.7278853229727 316.2472968275374 1.4733512332357404 474.4802485967277 -764.4000765051372 268.7523205251067 -57.61960064242733 487.75392501603176 -757.0668060274716 330.96643547641554 23.834037548259992 473.63225751299365 -754.7916201340224 357.6836398555467 80.31042017315231 557.5966345998482 -818.5401296357679 355.52101513867325 71.73009832781094 484.528436733197 -764.8631671339937 304.6161485733785 -12.81957203111468 479.4443828854707 -764.3816436245354 347.28607481567235 54.35802968333451 529.0482640643231 -793.6048177362974 316.71243340322627 -23.599239329013464 470.6078975733558 -747.5571456769716 319.31025341218765 -13.549797487749077 505.58099789832823 -770.9870058951901 320.3787121040633 1.715753059563798 457.59188793324614 -756.4285514561858 278.7644613174787 -36.74889285799534 492.10501338094133 -784.9183538730169 333.99153615003206 44.461467599535816 580.6049232148367 -848.1207582341291 283.8734097478113 -41.39456883112864 482.3287216396123 -778.1507313803955 272.7343079498641 -54.8359213463928 516.9264675229127 -785.9888418366603 344.5469943898374 68.80845192479715 479.76608944307355 -755.2349517851263 316.4694149840013 14.702149317051571 578.2465818543618 -840.8696372460981 353.28940636982463 76.76909338474564 450.0892695437265 -743.5615550870035 332.5836785560795 17.799839983162535 462.5183170799392 -757.4559138600742 337.05565762574713 51.958375315322805 540.0496612933655 -806.2856724242455 306.58935620855004 -5.232696445519456 536.9494075905778 -810.8028195305843 293.7829578482597 -26.760772447936905 514.1272633266897 -794.6657228329617 286.87145599769735 -28.277874925956443 463.2739861181335 -738.4334316249323 312.79925173234966 -10.945209017901034 505.6482164418228 -784.8370460924326 350.0309171015217 50.31160932381301 526.1758236247925 -803.6912002298834 351.79204274120696 58.537650601771055 499.2781847860829 -765.021379005134 326.3196248337174 23.139806873355113 468.6921399143105 -765.9270968968212 305.6540246607116 -21.255711781381347 568.3959256617911 -833.7048084264726 334.5669495962116 35.91444861224706 458.26210419650346 -744.449900316215 339.5280689495141 26.43293844494222 467.82769479457966 -759.1579231521656 325.5849410253058 29.619980451173234 456.27810380740686 -736.307726824683 346.24226090495375 43.70437703197905 494.4368383869523 -779.5790118230614 365.46385482136697 104.03918694396043 510.6308427555002 -801.5175871359226 355.3261853052896 64.21778179266039 501.37485353651437 -772.6619233844831 312.65360185238234 -26.967343201173335 511.2393954158204 -777.0621632280664 350.4992031937394 68.13630747389952 506.51654690951085 -778.4577919359767 360.49862909332023 91.20883443007754 497.9291765272494 -789.2434005785235 317.33791267204833 -7.015973206403638 493.4591174021333 -758.2744081500161 308.54379071094536 -14.738507556994463 489.1128674041827 -771.731628683444 348.72758816295556 73.98093695274652 553.662075697342 -813.5039181634863 359.59346961351696 74.79793518054112 573.0571291925144 -836.577150538689 315.5923963655397 -17.045505525051293 457.419784372495 -750.8595237193045 277.1174489584666 -43.901555150014445 475.3898222900177 -771.5349548909613 339.24244890692614 33.04058834209409 564.1231748626656 -830.1969412140768 305.38498756301476 -28.971519191081754 527.270409892316 -810.6621785926772
1550.0048855897958 2.865769440237258 1.3901023647960362 1.3901023647960067 1.3901023647959934 1.3901023647959214 1.5541816916835582 1.3901023647959283 1.5541816916832878 1.3901023647960244 1.9659016173811263 2.865769440237309 1.3901023647958424 0.6950511823980382 2.7802047295919317 1.3901023647959423 1.3901023647958222 1.3901023647960036 0.6950511823979173 1.3901023647959545 1.554181691683576 1.3901023647958977 1.3901023647959572 1.3901023647959219 0.6950511823980385 1.5541816916834748 1.3901023647957689 0.6950511823978917 1.9659016173811799 0.6950511823979664 1.3901023647959971 2.8657694402372362 1.3901023647958206 1.390102364795953 0.6950511823979697 1.5541816916834255 1.3901023647960564 1.9659016173813995 1.3901023647960147 1.5541816916834537 0.6950511823978758 0.6950511823979199 0.0 0.69505118239805 0.6950511823978562 2.19794482677066 1.9659016173811956 0.0 0.6950511823979476 1.5541816916834321 2.8657694402371336 1.3901023647958815 0.6950511823977499 1.3901023647959307 1.3901023647960522 0.973071655357149 1.3901023647957564 1.9659016173812731 0.6950511823979982 2.8657694402372393 1.3901023647960322 0.0 0.6950511823979038 1.3901023647959185 0.69505118239805 1.3901023647959507 1.3901023647960158 1.390102364795952 0.6950511823979536 1.5541816916834366 1.390102364796064 0.6950511823980472 2.8657694402371683 1.3901023647959418 1.3901023647958564 1.3901023647959474 0.9730716553571275 1.965901617381347 1.390102364795924 1.5541816916834388 0.6950511823980279 2.8657694402372687 0.6950511823979842 0.6950511823979576 1.3901023647960538 0.6950511823979246 1.390102364796144 1.3901023647959323 1.3901023647961015 1.3901023647959283 1.3901023647958182 0.6950511823978993 0.6950511823981883 1.390102364795947 1.3901023647958306 0.6950511823979528 1.390102364795891 0.6950511823979163 1.9659016173814061 2.865769440237274 1.3901023647958102 1.3901023647959505 0.6950511823979755 2.865769440237255 0.0 1.3901023647959438 1.3901023647958985 0.6950511823978752 0.6950511823978048 1.5541816916834639 1.3901023647958775 1.965901617381383 0.695051182398048 1.3901023647959752 1.55418169168343 1.390102364795926 0.0 1.5541816916834583 1.3901023647958752 1.3901023647959596 1.3901023647957875 1.3901023647959732 0.6950511823980443 1.3901023647959458 1.554181691683468 0.6950511823979797 0.6950511823979263 1.3901023647959359 0.6950511823979033 1.3901023647959818 1.390102364795925 1.3901023647959585 0.6950511823980839 2.865769440237256 1.5541816916833797 1.3901023647959023 1.5541816916833595 0.695051182398048 1.9659016173813226 2.865769440237269 2.8657694402370706 360.5988425526182 81.51522723961139 491.14111442165773 -767.0963917131764 369.3461998345184 102.40433322769576 533.1881235940372 -810.0422586023697 328.76127533955605 29.629977453642706 561.0356719474116 -829.0584547187154 319.53731596604104 6.003545988000203 539.2090778430063 -819.5483016947873 299.65376856700755 -33.76996398422676 571.1307528978573 -843.388187596374 321.7114791129303 14.699896427483592 512.7646266726442 -786.3340668790621 340.8877820725043 57.39656740772359 449.01748920772553 -737.647558260879 345.5549793216605 59.944403203255355 520.9937478280044 -803.0133056929398 322.9467302215971 -0.8842294462888564 482.640625297114 -774.4313936698819 333.8521789494871 22.2919119522845 507.23947128745294 -794.6192599587032 364.3813907919251 87.85965167154134 511.39679854503595 -797.6607792747908 310.62613330781136 -4.46584362737143 476.90845511490386 -749.2187953126721 336.8709926664702 38.13524944664587 533.2542741635483 -803.5749345896317 298.6117844595253 -19.065623818354712 516.4934197717691 -805.7064777700509 340.7551838925208 49.45068540587225 482.08896326249504 -748.4271566963087 271.56595120420667 -49.75293624557953 496.2663197337653 -773.5587065516278 328.9777596060509 5.303362798986297 547.2757211768256 -813.7945483104546 309.55459804706385 -23.57864531289463 524.9979355957973 -796.9398350788755 320.0881402527544 -7.776941548228313 564.5333085665388 -824.9793886124388 327.66212717260686 11.29470347776211 468.82020580586226 -753.4418601528541 323.4390999155101 6.192245431877645 446.8988579478009 -742.6072994716958 299.20858762334734 -26.885643948746296 502.52496298274616 -781.1649342441162 340.4290894755921 36.246501985489346 502.416387449553 -788.0268813268211 363.6418665623216 94.0660208763476 488.3417796361821 -778.5845599816263 342.32149556877744 30.76565625305665 517.3645870832364 -812.7926337257264 283.0608409210103 -35.26167591933566 519.534718855857 -795.1210810565478 314.75064819032673 -1.336824317023083 475.7305500605083 -767.2586370421669 267.587351519088 -61.08584416646043 489.5290311936653 -760.0648999660573 329.51569209148647 20.61950542322301 474.57068455561586 -756.939125026124 356.2230654107688 77.52732737134343 560.3489973333952 -821.6538322877036 353.9604579960703 68.56812555507533 485.6666816938101 -766.4307481349803 303.78443111102297 -14.606036079915382 480.8250681988804 -766.7008256171564 346.16552079035563 51.869940783495636 529.9289774112257 -796.1753339895016 315.15118748271584 -26.798138138528373 471.4367172446686 -749.7875757903771 318.10675819454474 -16.038438469136334 506.29285092390165 -773.2172377103874 318.96874071571733 -0.7176785327378895 459.52636010911016 -759.2970269440448 278.8148984256804 -38.33994489389028 494.3537703389485 -785.5274359245507 334.0309450996241 42.44658699807975 580.8235201088333 -849.8862741188467 281.583197990117 -42.87158476803293 484.1620076997079 -781.1362465615898 271.24031569850604 -57.287862923801164 517.1930191444912 -788.4097184874632 343.11212392755493 66.01006242583573 480.2236043812605 -756.3161303069572 315.79668585393495 12.879168758343717 578.4832829742218 -842.8580005392027 351.94607376481923 74.3539176029744 452.7871609212477 -746.8493086543305 332.08528496475986 15.133540397230112 464.535941744115 -758.4025407873023 336.6323906314017 50.47057804914382 540.8804567676715 -808.4463021785988 305.9394967939733 -7.063446955707522 537.5379511823776 -811.8182648278106 293.98876303178787 -27.599890403542005 516.3247255777642 -799.1705590487909 287.2889494568305 -29.954132298497335 464.63209641005585 -740.304422110596 311.97420604049677 -13.52466374537387 507.3284202748299 -787.464212115579 348.30593203586056 46.38818999532258 526.4313013893391 -804.8440950201027 350.3286918308058 56.95844128126532 500.3547399485971 -765.7733309144171 325.70837468058664 19.304405856933723 470.47161267560426 -768.4434724086055 304.10004252996885 -24.459006961639034 569.8107330429351 -836.0753034969954 333.1045086125591 33.51306942549628 460.38160751841906 -746.7278395639395 338.4305790704939 23.128055811154724 470.39677725024325 -762.0751370726761 324.6133958540485 27.47839334812012 457.7993494975786 -737.0653729065202 344.45633868508685 40.19293359942533 496.1708603070234 -780.4480710658029 364.38792528206926 101.95341417827875 511.8366044991951 -804.7796436938166 354.44999266420194 61.251708357516776 502.0868243263807 -774.4669369181432 310.72802062358426 -30.083877888290125 512.4424150675563 -778.6238556950598 349.9109178316466 65.49282573107412 507.2046018952432 -780.2800992206242 359.58049891977 88.26032254142146 499.6191758458253 -791.8608160391501 316.3149372681162 -10.340845637191595 494.6077143699389 -760.2881270058617 307.5437662567985 -18.071449004421144 490.02902648574025 -773.4099984419465 347.10059720509355 71.24139345291451 556.6309140849643 -814.8988785499039 357.9535829700904 72.06340372638078 573.987116082947 -838.7075645140084 314.21389286721177 -20.28500637194228 459.6417197221048 -753.03538517182 275.6065264653134 -46.34515777567331 478.30297459422286 -774.3024378746844 337.3930487644122 29.945583700381665 565.6301726420998 -833.3554148831369 304.50197447989615 -31.938438629399563 529.6536964596357 -813.036825293251
1560.0048855897958 2.865769440237257 1.3901023647957667 2.7802047295917793 0.0 1.554181691683478 1.5541816916834819 1.3901023647959525 1.3901023647958268 0.0 1.9659016173815 0.6950511823978788 0.6950511823979123 0.0 3.108363383366809 0.6950511823979881 1.390102364795924 1.3901023647958486 0.6950511823979958 1.9659016173812858 1.5541816916834108 0.0 0.6950511823978343 1.3901023647959574 1.390102364796037 1.5541816916835165 1.39010236479585 1.390102364795962 2.8657694402373424 0.6950511823980052 1.3901023647960353 1.9659016173812778 1.3901023647959247 2.865769440237278 0.6950511823977724 1.3901023647959125 1.3901023647957726 1.5541816916835223 1.3901023647961022 1.3901023647959365 0.6950511823981134 0.6950511823980533 1.39010236479587 0.6950511823978982 0.6950511823979877 2.0851535471939115 0.6950511823979431 0.6950511823980349 1.390102364795806 1.9659016173813306 0.0 0.0 0.6950511823980634 0.0 1.9659016173814097 0.48653582767865844 1.3901023647959814 2.8657694402373064 1.3901023647960522 1.3901023647959694 1.3901023647961752 1.5541816916834463 1.3901023647960753 1.3901023647959467 1.390102364795825 1.3901023647959165 1.3901023647958182 1.5541816916834967 1.390102364795846 2.8657694402372837 2.8657694402372518 1.3901023647959476 1.3901023647957909 0.6950511823978781 0.0 0.6950511823979729 0.4865358276783634 1.3901023647959838 1.3901023647959359 0.0 0.6950511823981119 0.6950511823980646 0.6950511823979295 0.6950511823978748 2.86576944023728 0.695051182398001 1.3901023647959283 0.0 1.5541816916834184 1.5541816916834439 1.3901023647960487 1.390102364795942 1.5541816916833444 1.3901023647959245 1.3901023647957507 1.3901023647959543 1.390102364795867 1.3901023647959285 1.3901023647959045 1.5541816916834634 1.3901023647957629 0.6950511823978773 1.3901023647959925 1.3901023647959665 1.3901023647960327 1.9659016173814081 1.3901023647958677 0.6950511823979316 0.6950511823979513 0.0 0.0 0.6950511823979612 0.6950511823980312 1.5541816916834599 0.6950511823980008 1.3901023647959179 1.3901023647958186 1.3901023647959536 0.6950511823979387 1.3901023647959247 1.3901023647958173 1.3901023647959674 1.390102364795783 1.390102364795927 1.5541816916836553 1.5541816916834716 1.39010236479598 1.5541816916834585 0.6950511823979737 0.6950511823980042 0.6950511823978887 1.9659016173813655 1.965901617381458 0.6950511823980068 0.6950511823979216 1.3901023647959854 1.5541816916833677 2.8657694402373224 1.5541816916835165 1.5541816916835025 1.5541816916835358 359.01024435184314 78.15948103654969 492.49429010749 -769.441341914829 366.58163891749075 100.02150450487497 533.7572460033169 -812.7188092103946 328.0769018219545 25.420896672964055 560.6405072490419 -832.4121522565583 318.6128622764729 3.84541267410349 541.4179928585341 -821.2333654163978 297.73626764888496 -35.33360776170907 571.0903811783829 -847.7863142838867 320.4972634791302 12.217801214784503 513.9636409804501 -789.1836056143765 339.9677119863034 54.041902886369385 452.99433922955933 -741.4826357422263 343.81767582471446 58.016426906363655 522.1428061231471 -805.4630862790272 321.18112247775866 -2.4466491604053706 485.04684214545136 -776.6895916392995 332.52771172495125 18.64226074285556 508.5854153512305 -797.3988324584487 362.75252365139625 85.12441305219002 512.9253283961028 -800.365351780472 309.6430703163569 -7.80317716928323 478.4766847772528 -752.3247826423017 336.383456895605 36.26742614884914 534.2451980095561 -805.6792187530277 298.1036341169871 -21.32559336861057 518.4098551534888 -810.1447818298003 340.3254461893888 46.3681974647916 483.1834619861234 -749.5888383737547 269.4299076097081 -52.46726277711399 497.5895636700404 -775.4943071759565 328.1522417308443 1.927191522631296 547.7153644900131 -815.6729806473758 308.8729762523856 -26.59250738411567 525.7980549918849 -799.5265901394962 319.5528401407649 -10.034434505051825 565.593525853954 -827.0669820419993 327.57318935590274 9.329026953722307 470.0149645095649 -755.445806228682 322.8814586939503 5.534336314443167 449.74871990350096 -744.4236278939193 298.1219269640676 -28.225660173854045 503.31462535926636 -782.9244543347043 339.06415321428904 31.813143361981837 503.028818339826 -789.4415649484733 363.45363423359134 92.11065246709167 489.66492173265385 -781.3891463996694 341.4405395306946 27.403166689000567 518.7210223121269 -816.4060116432554 281.9868780379118 -36.61395814960413 521.1907917949045 -798.206548538398 313.4632891582083 -3.412103471476065 476.77941131981186 -768.0228520392627 265.7464912349056 -64.29198328391193 490.42076434224975 -761.7729667899926 328.66793721204624 17.248088902752215 475.6839751396158 -758.9731238974722 354.54346548912065 75.20155484180567 561.3493683164448 -825.3865711698318 352.5268707833239 64.96121174033809 486.36389781025844 -768.2353949947634 302.2418585598706 -17.02756698459943 481.69901459182864 -767.9770862483106 344.3978939340087 48.34907779481133 530.766116662663 -798.3300474785935 313.62991886389534 -30.019571865472958 472.56668611588617 -751.3496232793392 317.3383838163376 -20.21934536959324 507.25926543476635 -774.8865732320844 317.13393249895853 -5.045304253976382 460.89273853377097 -761.1947602639765 277.1742697416201 -39.573360574141034 496.3111244518266 -788.4589860449139 333.34876688025804 40.63212332847581 582.5338667869937 -852.0562571094969 279.5988190390068 -44.824155868902245 486.1891608046651 -783.6041074716652 269.3724764837348 -59.663318962294724 518.8965510632005 -788.9645036989486 341.6595730851102 64.4142049372251 481.7181761013806 -759.4725539030017 314.5862543091216 10.392393318938431 580.4689618107158 -845.9406265867298 350.50116641523 70.7521387126456 454.73270630013826 -748.813043527522 331.988410106544 11.574643134900576 466.7331235408359 -760.2628764213243 336.5000456372998 48.50596893923357 542.2439373181455 -811.6488429707424 305.2381784515506 -10.072118436640928 538.1461441118555 -815.2881900480556 293.496747180231 -29.863687717526524 517.7851121475326 -802.3280834275715 286.4277703722621 -32.139872508063775 466.23927637709295 -742.4811642564634 311.63915334976156 -15.82433703640857 507.8421046243783 -790.189808286925 345.9754561931085 42.217538932091756 527.6035208931138 -806.8794580589811 348.0915132774099 53.97218680358986 501.0229449039879 -767.6068630267974 324.95557224694045 17.107415310325 472.7820048531175 -770.2927721599892 303.9326782518176 -25.21556771327043 571.9182161435649 -840.6968071862374 332.223647469583 30.151088715024304 460.88909974769643 -748.6725494116404 337.2010489192641 20.65581928228603 471.66252802453744 -763.1437298486643 324.0360941325168 25.23483277193267 459.032143907835 -738.559673919132 342.5312170436443 36.71048659081684 497.29243914848223 -782.4789825482973 362.44615949269263 98.9108704952703 514.0508441195755 -807.2374956534746 352.3942198487622 58.2204195488413 502.9048220411439 -775.7870706879856 309.32187532451377 -33.728396234596794 513.7297006976065 -780.5840642773857 348.30883846242943 61.93307980192445 508.4899913402929 -782.2359466673562 358.40897157269524 84.98327256098277 501.18729344889204 -794.5597506109259 315.7129277028983 -13.766602110482468 495.65678045082944 -763.2188316796928 307.4776288327546 -19.244019507687977 491.0183976234794 -775.4960243365889 346.17570257808546 68.69246593797007 556.9904795942753 -817.22147623323 356.8302376058488 69.57470574343105 576.3442803588065 -842.8702335217685 312.8386722000563 -21.951580146951294 461.38520262830576 -755.1453094542621 273.1808310502989 -46.63186313193007 480.70851494136895 -776.5581007575089 335.1158315565323 25.75023317209587 567.8427666044382 -834.7185654739365 302.11916530247026 -33.78757404951454 530.5849152822796 -815.5806929781378
1570.0048855897958 1.9659016173813026 2.8657694402374245 0.0 1.390102364795783 1.3901023647959208 1.3901023647959045 1.3901023647959259 1.5541816916834155 1.554181691683428 1.3901023647960833 1.9659016173812576 0.6950511823978863 0.6950511823979036 0.6950511823980021 1.3901023647959543 0.69505118239819 0.6950511823980495 1.390102364795846 1.3901023647959583 1.5541816916834086 2.8657694402372784 1.3901023647957758 0.6950511823979986 1.3901023647959356 1.3901023647959578 0.6950511823978952 0.6950511823978839 1.3901023647959665 1.9659016173813437 1.3901023647958677 0.6950511823980486 0.6950511823980159 1.3901023647960349 0.6950511823978786 1.3901023647959425 1.390102364795944 2.8657694402372775 0.6950511823981327 0.6950511823980237 1.3901023647960695 1.5541816916834477 1.3901023647960242 0.6950511823979908 0.0 0.6950511823979592 1.5541816916833526 1.3901023647959265 1.3901023647958721 1.9659016173813577 1.5541816916836109 1.3901023647959247 1.3901023647958064 1.5541816916834745 0.6950511823980446 0.9730716553571792 1.3901023647957502 1.390102364795928 0.6950511823979348 0.6950511823979062 0.6950511823978603 1.3901023647958748 1.390102364795934 2.8657694402372518 1.3901023647958455 1.3901023647959445 0.6950511823977513 0.0 0.6950511823980277 1.9659016173813035 1.3901023647959239 2.8657694402372798 0.0 0.0 1.554181691683419 1.3901023647959567 0.9730716553571275 2.8657694402372655 1.390102364795971 0.0 1.3901023647956974 0.6950511823980604 0.6950511823978767 1.9659016173813397 0.6950511823979213 0.0 1.3901023647958677 2.865769440237278 1.3901023647960062 0.6950511823979525 1.3901023647957707 1.3901023647959407 1.3901023647957884 1.3901023647959547 0.6950511823979691 0.6950511823979536 0.6950511823979767 1.5541816916834774 0.6950511823980556 1.9659016173813506 0.6950511823979665 1.3901023647959387 1.3901023647958977 2.8657694402372575 0.0 0.6950511823979882 1.3901023647958024 1.3901023647959383 1.3901023647959505 2.8657694402372846 0.6950511823979603 0.6950511823979012 0.6950511823979358 2.865769440237261 0.6950511823978662 2.865769440237246 0.0 1.3901023647960244 1.3901023647960535 1.5541816916834659 0.6950511823978807 1.3901023647959616 1.3901023647959452 1.3901023647959345 2.86576944023732 1.3901023647959314 0.6950511823979351 0.6950511823980172 0.6950511823980202 2.865769440237301 0.6950511823978294 0.0 0.6950511823978668 1.3901023647959512 1.3901023647957766 1.3901023647959247 1.3901023647958972 0.6950511823979832 1.5541816916832474 1.554181691683432 1.5541816916833884 357.6202505047371 75.33467273799899 493.39169843074 -771.9943928766578 365.64580555119426 95.46741675998383 534.85155704283 -814.7978883835267 327.34573969826886 22.420465713921413 563.1010903520139 -834.1544776263011 318.4694306192331 1.5017441217221958 544.5746177133252 -824.3172598091069 295.5532610957526 -39.222238394864156 573.4391821751254 -850.7769766671789 318.3090371873516 7.968921965618137 514.520512685366 -790.6242681166638 338.5432864915142 52.41979266132592 455.1460696396326 -742.452306515025 343.60056381083615 55.67860288329081 523.2857164050738 -807.5202637551951 320.57964692280984 -5.084619955960381 487.5102665563548 -779.4083374584974 330.4979755009768 15.16050802639877 510.1196069083467 -799.3045941868614 361.0377402378718 81.19789714878931 514.1379019569786 -803.6149012291426 308.7985348018649 -11.569611585550785 479.1750486035764 -754.5659794749328 335.82324248727565 34.8156033848133 535.1770315052511 -807.807589092809 297.39898041097376 -22.75298919488924 519.4367686844919 -813.0567772836006 338.5253933864226 43.24117096244588 483.86541650602385 -750.5441940532088 268.87816381460686 -54.33249034567539 498.54844516187023 -776.7683842370668 328.0214564068223 -1.214823765053021 547.4213165726584 -817.3780331645427 307.9038369675813 -28.358887736253717 526.1676554490116 -802.2656160249154 319.33805263956896 -12.755890554451302 566.6664176711075 -828.7764228914034 327.0649386478571 5.478648512260197 471.2689537807655 -758.2807404234085 322.4733025775493 2.0619175685701006 452.06828080137024 -745.7526766457337 297.0188155122614 -31.54621303194286 504.0021033216195 -785.1451476935225 337.58484693531494 29.10161877213686 503.468636293507 -792.1714178617729 362.1539925755138 88.26448853342755 491.9996689476315 -785.4306203627779 339.94840225524314 23.796325859938765 520.3577540436995 -819.9421545105547 280.17151700667847 -37.81952254931693 521.449812842602 -800.575198615912 312.2158766250892 -6.298797344245133 478.1010739091293 -770.8128266720094 264.35395481223117 -66.83397089826015 491.02912807714273 -764.476754775049 326.45935236598154 13.013531063379164 476.35376726752156 -760.7930184791794 353.4490447964829 72.69867357698284 561.5547326443473 -826.1202568151134 352.39454318208027 62.996655077563545 487.29970581957605 -770.3621523632069 301.4764634404707 -19.626324918879497 483.1276115136016 -771.5762217331217 342.77980252954734 45.17968788400257 530.8274198729583 -800.7678000379208 312.7956006019593 -32.997582177904825 473.6205361857179 -752.1128317098783 317.05478375773794 -23.31774724885731 507.79027062783484 -777.1732945834 316.1445064057706 -6.8040194455986445 462.33072253089966 -764.3772278026394 276.5249570478563 -41.80534828313652 497.82841873436064 -791.1811098788887 331.7487625436425 37.454094309948275 584.2921898777207 -855.79353684351 278.3566445431689 -48.11946358211391 487.5804332085158 -786.3721734053802 268.00190294185944 -61.762711307727656 519.357449704468 -791.2628400643381 340.3987435060339 61.95268573564688 483.057968911322 -762.2603602390006 314.6099956121571 8.79853695540914 582.0663583977846 -848.3251589789771 348.95656204154 68.7743919017758 456.59340931375266 -751.7543572238358 331.2853177275557 7.771406948119856 467.762537607836 -761.8932836740269 334.68978805151613 45.38268794354468 543.0775256430994 -812.996193292627 304.46184042674616 -12.66777784215845 539.3968111827605 -817.320935079642 292.91122063537694 -31.71454339630484 518.8930486166422 -804.8061601203467 286.3835018474743 -33.31380301060285 467.0005877485175 -743.8364783458471 310.9164029835037 -20.014476526910187 507.3648077109223 -791.6129761590627 345.1187182783404 39.64990856004396 527.9398886602036 -809.6225130515921 345.9920097594878 50.53051035534837 501.963693911771 -769.2999114684445 322.39494285798554 11.365796010969074 474.4570018910017 -772.9208313615623 303.4482729010342 -27.480815212270805 572.8768016655014 -843.6396271041989 331.8518467562782 28.654121836702167 462.6870273510506 -751.2153185277258 335.91337785609716 16.99371901580234 473.02367893716985 -765.4772368632156 323.1230432276329 21.48353274479361 459.41741963158404 -739.2287469136118 341.584781793114 32.96884809333466 497.88368787952857 -783.9008452428516 361.2632561347497 94.83010799838189 515.2348656776765 -810.5147770725343 349.7297892991612 55.7298265260625 503.7679243257812 -778.3607719900317 307.2505378638592 -36.0515076809733 514.5975980504822 -782.739967655657 347.6349731366708 60.913782610791806 509.3533016217254 -784.3772385954204 356.82550666233675 82.22009047806738 502.9843430312884 -799.2440298981105 314.9629146638602 -17.15970092180843 496.27690069825735 -765.0637430191454 307.0662956080636 -21.130177797095822 491.2549124951266 -777.496213932171 344.62576514987774 65.91422279435139 557.3491505526133 -819.1242698540701 356.0487886394927 68.18729712110886 577.4745256775406 -844.1754506462058 312.393903012999 -25.807892687207787 462.1322678727906 -757.3843466409594 272.01618737293967 -47.58288406856356 482.39339961322065 -777.4971071023451 333.25389494278636 22.230714113028043 569.9213203041876 -836.571085642231 299.97686304792717 -36.49310073369817 532.5255720071382 -820.2303012268351
1580.0048855897958 1.5541816916835491 0.6950511823980486 3.108363383366971 0.6950511823981411 0.6950511823978819 1.5541816916834064 1.5541816916835023 1.5541816916835771 1.5541816916834248 0.0 2.197944826770736 0.6950511823981251 0.695051182397967 1.554181691683414 1.3901023647959398 2.865769440237091 2.865769440237278 0.6950511823979527 1.390102364795981 1.9659016173814137 1.3901023647959787 1.3901023647960118 1.3901023647959494 0.6950511823978637 1.3901023647959247 0.6950511823979457 0.6950511823980648 1.3901023647957151 0.695051182397953 1.3901023647959818 1.5541816916834559 0.6950511823978728 1.390102364795937 1.3901023647960384 0.6950511823980268 1.3901023647960584 1.5541816916834457 0.6950511823980128 1.3901023647959185 0.6950511823979633 0.6950511823980257 1.55418169168346 1.5541816916834825 1.390102364795819 1.3901023647959525 1.9659016173813466 1.3901023647959365 1.3901023647958144 1.9659016173812887 1.5541816916834144 1.3901023647959347 1.3901023647958364 1.3901023647959474 0.0 2.8657694402372185 1.3901023647960264 0.6950511823980677 1.3901023647960675 2.865769440237226 1.3901023647959112 1.554181691683447 0.6950511823979706 0.6950511823979653 1.390102364796126 1.3901023647959465 0.6950511823979955 0.0 0.6950511823980585 1.3901023647959352 1.3901023647959483 1.3901023647959347 1.5541816916834095 1.390102364795939 1.5541816916835884 1.3901023647959136 0.9730716553571275 1.3901023647959494 1.5541816916835944 0.0 1.390102364795795 2.865769440237291 0.6950511823980109 0.0 0.0 1.390102364795966 1.5541816916835491 1.5541816916834514 1.3901023647958415 1.3901023647959365 0.6950511823977612 0.6950511823978791 0.6950511823981251 0.6950511823979661 2.8657694402375404 1.3901023647959314 1.3901023647958386 1.3901023647959465 1.5541816916835207 1.5541816916834779 1.3901023647957527 1.3901023647959394 0.6950511823979937 1.9659016173813322 1.3901023647958317 0.6950511823979492 1.390102364796009 1.3901023647959354 1.3901023647958985 1.5541816916834366 0.6950511823979711 0.6950511823979332 0.6950511823979095 1.9659016173812458 1.3901023647959903 1.3901023647959427 1.554181691683528 1.5541816916834998 1.554181691683596 0.0 0.6950511823980442 2.1979448267706974 1.3901023647958481 1.3901023647959285 1.5541816916835118 1.5541816916834603 0.6950511823980222 0.6950511823980421 1.9659016173814001 0.6950511823979008 1.390102364795991 2.865769440237268 1.3901023647958397 1.3901023647959472 1.3901023647961552 0.6950511823979675 1.3901023647960409 0.695051182397952 1.5541816916832476 2.8657694402372877 1.5541816916832747 355.87216218292656 71.00317837780153 494.3578739641058 -774.9317381250936 363.49939620840854 92.05183582173495 536.381158666717 -817.1612586146146 326.8224487314478 20.164428559712825 564.8919032446933 -836.4864821437778 317.4491307495019 -2.2293850727854934 546.4656783977038 -825.4029958436582 293.0889587303015 -41.9024945334491 575.2229040835667 -853.1150258578883 316.9471128259235 4.51178087718989 515.5926667595841 -793.1154664166946 337.9833935307496 50.17187613161305 456.6996545097514 -743.3885915946333 342.28629870198733 53.62388531094261 524.230909348917 -810.4597950873787 319.7349434407921 -8.06341670956279 488.54987525667593 -781.4923071168266 329.61929442419546 12.192652984714387 509.76609586138756 -801.870571666783 359.19038336245103 77.29811848323088 515.8632401382526 -806.2931285132823 307.5897843125499 -14.470301517480364 479.7616357912419 -757.2654861396768 334.6324180687746 32.321690633410405 536.3755340507986 -809.0593392503235 296.974994891194 -23.848787090159583 521.0419237717919 -816.1935937195856 336.8519743861745 39.67519443170618 484.47818536886564 -752.3811039379913 267.69535128676387 -56.88997420947997 499.29144598406884 -778.13671110622 326.7056414138982 -4.483708668826788 547.9207210012372 -818.4436637773522 307.3623424524305 -31.004517539398353 526.8883924942734 -804.47284150865 318.2065133008144 -15.27840348254 567.3340357151153 -830.5989032501388 326.578322597491 2.4242172653331 472.4255097934042 -759.8723705994396 321.94969008786 0.5952980631223225 454.5120609775857 -747.9861504959396 296.8286421076882 -33.47683992428439 505.43920863643854 -787.9108783573079 336.8699219245949 26.097255102555632 504.364164364512 -794.1139257047048 361.15618540611626 85.33463839668514 493.646516621151 -788.1154835577458 339.2411424183921 20.791740344879457 521.754287380239 -823.1561743027553 279.449779454257 -39.64741990315018 521.8796339886278 -802.4683214621905 311.3524090371455 -8.482228231911163 479.0545754112472 -772.0887149756009 262.66889086162996 -71.04694821576369 491.8954283896017 -767.0469917244657 325.50034185938233 9.66698452865845 477.27709486309 -762.9217497217436 351.5370169849339 69.20871397175503 563.0767396780923 -828.9165632785192 350.68690570400315 60.24976905347556 488.89342991601984 -772.2048235718029 300.7387549324779 -22.236168797520072 483.8687332408799 -773.3537215153102 341.10521063417707 41.61834596984433 531.2494794690721 -802.6655130812251 311.3082049630602 -35.45498703201166 473.9141086536329 -754.1025009984938 316.0417204659421 -26.26048215621056 508.5722337821464 -779.7643730621281 315.57422753895855 -9.446558292700582 464.31509333810925 -766.8630343497028 275.84851332665903 -44.42682239425089 499.7045684041769 -792.9521066084249 331.10202737423407 36.41574883276589 585.0440818128807 -858.47709284134 276.87917234949686 -51.00521378640872 488.7238212262682 -788.8279645827931 265.31720080847464 -64.09785947799884 520.3626383914659 -794.1806744822492 339.26084048150636 59.053158119825994 483.9920763170204 -763.956305892891 313.6402574632592 6.2448611172866455 583.0997124981218 -850.0558582812423 347.51416915678885 64.75985294430961 458.127227328144 -754.4413654421323 330.52195194681474 4.385465570018575 468.02984422734636 -763.8890694764416 333.7625544989467 43.22352139804481 542.8444939996651 -814.2732805157658 303.60319339413036 -14.854251444104618 540.701223851933 -819.7579278975523 292.45920470779396 -33.98660613704893 520.3318565751673 -809.2137583535542 286.0672804136535 -36.00254721242834 467.99866204401815 -746.3517715080483 310.5224764416395 -21.901345088322653 509.56391579040405 -794.928222636557 343.9193884035265 37.16280820820628 529.3011860318404 -812.0259754924825 344.77669436720817 47.25179358544112 502.2474276728309 -770.0097980897041 320.98011863969384 7.722673306139851 476.53135541745553 -775.8349201220099 302.2976996660955 -31.18344072436662 573.4450294060797 -845.8857312371093 330.6702794252028 26.155635575620767 464.00847538385085 -754.0118943289259 334.38018399326853 13.782314662175759 473.58930811007355 -767.756119065631 322.7043668975602 18.807076786971653 459.9649564365564 -740.6803298040218 340.48273483925766 30.84835201923671 499.09712823260423 -785.5068927032778 359.5977831116212 91.68211458008678 517.0465281817236 -813.5836072105518 348.87762583604234 52.36141073147777 504.2707264871199 -780.241043317328 305.09371280253976 -37.97849282306236 515.353640247178 -785.3431304219455 346.4513441494307 57.83057361031037 509.7862348673426 -786.6874144846089 355.8506668192014 80.08424836495305 505.09275222331354 -801.7820086657497 314.32720073335884 -20.18409023993848 496.5047126301717 -766.6400942616915 305.97684191066253 -24.448711830052638 492.8820607989049 -780.5919240541168 343.67249112886117 63.7679978089576 557.860683398378 -821.7861296394394 355.06701147036824 63.65491067256388 577.948764719248 -846.8435300113282 311.6565349090258 -28.416146727739154 462.41475769018786 -759.8174642884521 270.8720223773613 -48.56290297236469 484.28436782104774 -780.0761584651541 332.26125434853003 19.68748937718506 570.8658170835232 -838.7218541969245 298.7465112122187 -39.78977950618085 534.2396121288398 -823.3481534479434
1590.0048855897958 1.3901023647959319 1.390102364796006 1.5541816916834383 0.6950511823978162 2.8657694402372593 2.865769440237192 1.3901023647959823 1.5541816916833966 1.5541816916834117 1.3901023647961004 2.8657694402372744 2.8657694402373934 0.6950511823980547 1.3901023647959054 1.3901023647959305 1.3901023647957924 1.3901023647959816 0.6950511823979911 1.3901023647959296 1.5541816916833686 0.0 0.6950511823978359 1.3901023647959392 1.390102364796096 1.3901023647959394 1.3901023647958644 0.6950511823978854 1.3901023647960744 0.6950511823980228 1.390102364796146 1.5541816916834992 0.6950511823979857 2.8657694402372775 1.39010236479573 0.6950511823979273 0.6950511823981267 1.3901023647959212 2.8657694402371536 0.0 1.3901023647958108 0.6950511823980171 1.9659016173813777 1.390102364795943 0.6950511823979763 1.3901023647959363 1.9659016173813566 1.390102364795955 1.3901023647959436 0.0 1.3901023647959934 1.3901023647959372 1.3901023647957629 0.6950511823979947 0.0 0.9730716553571634 0.6950511823980619 1.390102364795938 1.390102364795991 0.6950511823979707 0.0 1.5541816916834486 1.3901023647959885 0.6950511823980376 2.8657694402372393 0.6950511823980643 0.6950511823978285 2.865769440237272 0.6950511823979203 1.965901617381369 0.6950511823980146 2.8657694402372704 0.0 2.8657694402372917 1.5541816916832962 0.6950511823978841 0.4865358276786198 1.5541816916834321 1.5541816916834532 0.0 0.695051182398136 1.390102364795955 1.3901023647958655 0.6950511823979448 1.390102364795967 1.5541816916834417 0.6950511823980452 1.3901023647958661 1.390102364795817 1.3901023647959332 0.6950511823978839 1.3901023647959578 1.3901023647959365 0.6950511823978984 0.6950511823980936 0.6950511823979563 1.3901023647958455 1.3901023647959332 0.6950511823978414 1.5541816916834108 1.3901023647957182 0.6950511823978873 0.6950511823979664 1.3901023647959334 1.3901023647959119 1.3901023647959392 1.5541816916832865 1.3901023647959545 0.6950511823979529 1.5541816916834144 1.3901023647961008 0.6950511823979327 0.6950511823979134 2.8657694402372673 1.3901023647958566 0.6950511823979302 1.3901023647959339 2.865769440237273 2.865769440237256 0.0 1.3901023647958966 1.554181691683421 0.6950511823980622 1.3901023647959685 0.0 1.3901023647959725 0.6950511823980392 1.3901023647959205 1.390102364796006 2.8657694402372544 1.390102364795788 2.865769440237277 1.3901023647960689 2.865769440237298 1.3901023647959252 0.6950511823980607 1.5541816916835558 1.3901023647959434 0.6950511823979028 1.5541816916834144 2.865769440237287 354.4634858062485 67.77653290463613 494.6918368176132 -776.4507114539696 362.33277954243283 89.16103322477328 537.5557810903044 -819.2368187124473 326.0533558632494 17.565618853979753 566.694079605731 -839.2454100902995 316.83538845688446 -8.02222855695132 548.4381306401085 -827.6901204972886 291.57278744183816 -44.002643896911074 577.1304167208199 -856.7100465101022 316.6914518991553 -1.3535875584233246 516.055456015734 -794.5884356165652 336.8915278001228 47.254447768492575 457.6975404972004 -744.625413983826 341.0147053971198 49.95793462238586 525.5393359371753 -812.8862759495415 319.59955422082345 -11.589278118995471 489.3960421892473 -785.4877203662963 328.96609142717466 9.172343169137887 512.1641688300157 -804.3723839565486 358.23996852586043 75.14651635091425 516.540270042487 -808.5156698461892 307.25350411087305 -17.15995721953249 479.3371042461626 -758.2729587856782 333.3024890746266 29.061478979181672 535.9729398293458 -811.1823619158323 296.4220944246966 -25.712186545522876 522.9352324175591 -819.2638910648124 335.5045751419937 36.4169039868334 484.6362565398757 -754.8190322800634 265.7476478132925 -59.74198483946348 500.4277860603879 -780.1862270843214 326.1067977773051 -8.3058628314854 548.6034196179633 -820.256897729479 306.9307383832844 -33.28351356268023 527.4118455367096 -805.5257276551476 317.06873185884916 -18.988387121061386 568.8764746792482 -833.0141742851441 325.2889385624952 -0.8561187066709919 472.97444958197497 -761.7339615926431 321.0467863393808 -2.7683971609150237 455.7856994518022 -750.3756637549036 296.8663738721353 -35.44375711724055 505.6239209371849 -790.2887930166556 334.8892471382917 22.586085703156783 505.993964563106 -797.2404658670619 359.4899043634677 81.97853896149593 494.5873692154148 -790.2455429738233 337.53972590397797 17.612359458748127 523.4383484649373 -826.2946080841622 278.5174346879984 -41.84020335383922 521.8802055730707 -804.4908943803019 310.8531598404181 -9.956283569853563 480.2888398126212 -773.6847007001097 261.5432547330269 -73.8360823378036 492.93924674963483 -768.7167573983313 325.0106843498904 7.402313853696931 477.80801000046074 -764.790629776107 350.4076210165664 66.30825452059204 564.7702441849291 -830.1001380562385 349.4789812947559 57.76209680958681 489.7362673398108 -773.948302639313 300.75244561323933 -24.206984621995748 484.90983977551997 -775.0252621226529 339.63542597324556 39.581342637769815 531.0985314670039 -803.5155603905367 309.967877923445 -39.52989479254712 474.32678271067317 -755.5994341078821 315.4172049028189 -30.465141877617544 509.01222748287 -780.4323301379795 313.62808979557116 -14.174586169430498 465.478881242048 -769.7244420299763 275.05603440757403 -47.03847174522707 501.5923506543738 -794.3619745672231 330.03201643349576 33.490976517661345 584.807173006175 -860.3878591708824 275.32045103217513 -55.078229451767186 489.2571475906389 -792.7361800765781 263.24419371817174 -66.54880714584209 520.8233563194815 -795.6576517370936 337.8774826242942 55.81061342766005 485.4739934761298 -766.6976313310262 314.18275572827605 4.157148842007847 582.7655863168015 -851.7217036700547 345.7441279109334 60.823043650955114 460.0692549037041 -756.969702541199 329.28319581236616 2.281973099599443 469.4432908548702 -765.8223031876036 332.85942541600997 41.05661991075482 543.2491819141499 -815.7653410689993 303.0394289206914 -16.707796455889266 542.0768275988661 -823.3865994543148 293.08468224515076 -34.88180483654357 520.6996667553016 -811.1186186567079 286.18605680843126 -37.58468430830486 469.277797352324 -748.3201528607937 309.55552395041224 -24.862212716073493 510.04248988612125 -796.3978688561177 341.8309161176651 33.287054523971875 530.3142871789663 -814.1478413619512 344.06591729902226 44.245601627861824 502.7705979803647 -771.4531668224452 320.3078346917442 5.499570047400462 478.04487384878473 -778.1636832528221 301.6209809899954 -33.80482467368073 574.667688917902 -847.9976514458542 329.89345117414325 23.561225454817595 464.07784914021545 -755.6671865364336 332.990038648304 10.133990451265298 474.5182595612565 -769.0581812562664 321.8282660817126 16.627398539385453 461.649390702353 -742.0191286387548 338.32601082192167 26.585725983996394 499.5944071104452 -786.9722920685272 358.17177348337805 90.05979407311612 518.6572322490888 -816.3347010540472 347.59312174062046 49.49215546925288 505.16301811047776 -782.7979203202727 303.0995372580886 -40.36129261629828 516.4509692652064 -787.419482875527 345.02181600758973 54.400295742262735 510.52550743241375 -788.8765221298083 354.5270132166066 77.23289106250427 506.0881860865112 -804.2947808692505 313.5823998283297 -23.97526769897497 497.817750857675 -767.3869809538925 305.27543169723003 -27.070685151881147 493.65599347996266 -782.7787071575993 341.4437482294327 59.54408885462926 558.2355837568322 -824.8794034358677 354.4224616112429 60.2381618292378 578.4108712755161 -850.3067132086793 311.0060047908335 -31.828788893178896 464.90923695749075 -762.7511503900328 270.78186113320675 -50.50276326091505 485.2127842276769 -782.6067450707261 331.404926798032 16.71140991798074 572.7244855758892 -839.1068833395889 297.0175768266274 -43.019323673142026 536.5311876757166 -825.9257502902283
1600.0048855897958 1.5541816916835125 1.3901023647957942 1.3901023647959476 1.5541816916835167 0.6950511823979154 1.9659016173813297 1.3901023647959576 1.5541816916834246 0.6950511823979469 0.0 1.3901023647959585 1.3901023647959925 1.390102364795945 0.6950511823978807 1.390102364795926 0.6950511823980767 2.865769440237282 1.3901023647961483 0.0 0.6950511823981903 1.39010236479593 1.9659016173812696 1.390102364795935 1.3901023647957835 1.9659016173812722 0.6950511823981083 1.3901023647959412 1.3901023647960067 1.3901023647959398 1.3901023647961486 0.0 1.3901023647961044 1.3901023647959305 0.695051182398121 2.8657694402372713 0.6950511823981042 1.3901023647959376 2.86576944023732 0.6950511823980237 0.6950511823979277 1.3901023647959416 1.55418169168349 0.6950511823980472 1.5541816916834892 0.6950511823979563 1.5541816916835605 0.6950511823980684 1.390102364795877 0.0 1.9659016173814914 1.3901023647959523 0.6950511823980422 1.3901023647959556 1.3901023647957833 0.4865358276786082 0.6950511823978883 1.3901023647959232 0.6950511823979183 0.6950511823979193 1.554181691683568 1.3901023647959505 0.6950511823978898 1.3901023647959394 0.6950511823979281 0.6950511823980018 1.3901023647959458 0.0 1.3901023647959005 1.3901023647959145 0.6950511823979688 1.3901023647959478 1.5541816916835096 1.3901023647959372 1.3901023647958812 0.6950511823979749 0.9730716553572679 1.5541816916834506 1.554181691683492 0.0 0.6950511823980168 1.39010236479594 1.390102364795917 0.6950511823980648 0.6950511823979103 0.6950511823980461 1.5541816916836553 1.5541816916834494 2.865769440237188 0.695051182398016 0.6950511823979247 1.3901023647959398 0.6950511823978501 1.3901023647959605 1.5541816916835274 0.695051182397999 0.695051182397987 0.6950511823979767 0.0 2.8657694402372744 0.6950511823977981 2.865769440237285 1.3901023647957766 0.6950511823980703 0.0 2.8657694402372527 1.554181691683621 1.3901023647959483 1.3901023647960293 1.9659016173812882 1.3901023647959736 1.3901023647959374 1.3901023647957726 0.6950511823979377 0.6950511823980704 1.3901023647959299 1.3901023647960842 1.5541816916835023 1.3901023647959827 1.3901023647960111 0.6950511823979758 1.5541816916835078 1.3901023647960493 0.6950511823979881 2.865769440237125 0.6950511823979869 0.6950511823980934 1.5541816916834197 2.865769440237079 1.3901023647959425 0.6950511823978194 0.0 1.3901023647958872 1.390102364795919 0.0 1.3901023647959345 1.3901023647960238 0.6950511823980292 1.390102364795996 1.554181691683422 1.39010236479585 354.20278889565304 65.85227938865637 495.5330049206292 -779.0240975256323 361.39370412307005 87.80253201834813 538.1133427860989 -820.6940416206069 325.12152484688573 14.999010742154068 567.2491892776733 -843.0401677284877 316.1354290307929 -10.638054040441531 550.7167194701726 -829.1884796599566 290.70182920666355 -44.645083825288054 578.144912900972 -859.7371945843945 315.8748252578248 -3.5515973171415776 516.5199089744149 -796.8646725559923 336.0074250076449 45.07744715649639 457.9504167484687 -745.7650049740736 340.4155652300235 47.321078188258824 526.2227979396442 -814.7054567543285 319.0816176879493 -15.42008213179733 491.1991409163866 -789.7697786663231 327.24411625739054 5.584536329349101 513.8248496586964 -806.7065438390487 357.70205122114356 72.09578339099673 518.131921823958 -812.0864476678726 306.9756842405798 -18.682122615041145 480.13534027368576 -760.4510091680554 331.54965144884693 25.485885189484804 537.1249704807293 -813.2831752516416 295.90878598150664 -28.757827180348066 524.8229956758119 -821.1710587530724 334.51370326202715 31.889229951222973 485.34833337151775 -757.8464557073744 264.0771312046234 -61.143486388010295 501.6742028480867 -783.4354828925564 324.3415449358473 -10.327854737635858 549.4339110151504 -821.2519533922055 306.18026181113026 -36.683906103298 527.6593621902696 -807.8606767986087 316.01267856257556 -21.544437905070875 569.2305524009445 -836.4945879256545 324.4618146240027 -3.0527680551827037 474.1458683192003 -763.7741311827375 320.07765036313145 -5.727211867118949 457.4912968521562 -752.5930754847867 296.62236434665107 -36.977329435167555 506.78087275914464 -792.7614149446209 332.49035995765917 18.75480569848519 507.86002891391337 -801.5210236079938 358.47187337721516 79.44625308743574 495.5068054821244 -793.1917931921 336.0373589742737 15.168485086853666 526.7284852297076 -828.2485190809779 278.1131756024116 -44.90348551089153 522.4618509772542 -805.1284457462687 310.18950690670135 -11.404522071668811 479.9425841985558 -775.0315659368173 261.92699702363814 -75.43731530748482 493.4431715101103 -770.1839388302457 323.4894334545719 3.7723009889751697 478.60268342792835 -766.963158497174 349.76901164861965 64.47961240790312 565.7445028656008 -832.2938032936598 348.5788246578288 55.59271927675288 490.4208557819832 -776.5655406161915 300.1064264469538 -26.836481164524017 486.519294729712 -777.3358132127028 338.37515007309344 37.48603993522987 532.4551667111452 -805.5426407628686 308.34017601156535 -42.394016752487545 475.4650695308478 -758.0619960639757 314.0046139323941 -32.96292357030452 509.98747523159597 -780.9371368463437 312.961447089023 -17.780923430538568 467.53133271315187 -773.0809090189358 275.061303981241 -50.14804869791984 503.62356116765085 -795.7670090819627 329.1346168836305 32.10221444156643 585.0736370557091 -862.2659547830723 273.4508477501254 -58.3819120285405 489.81034083083335 -795.8053456647243 262.16357189216285 -68.38763815845891 520.8039242281476 -797.6678368461227 336.42938541284514 52.976832332324804 485.9764851897694 -768.1560141193186 313.61937825825805 2.3027391876946752 583.5371521546399 -853.5917873837616 345.48915943887783 58.902590510776875 461.84102677177793 -758.34040927624 328.40550242468635 -1.0884308308708845 470.156439713974 -768.8484575960357 332.60266055173463 39.92585864963672 542.9607473356012 -817.0301587940158 302.9606928919594 -18.264978671072924 543.1728194536726 -826.3062852371767 291.95899343632277 -37.04652593070152 522.2515422635481 -813.9004754955681 285.55504142422666 -37.893482312019806 470.52319970406074 -749.9032288841014 308.5088858162304 -28.59514754093022 510.99783749055547 -798.932104766372 339.38859839242485 30.266273832792923 531.346754461624 -814.2683027677887 342.44859730757554 41.444862673834095 504.23086241312905 -773.4090617180418 319.84919620879276 3.2298129140186926 478.6855162725264 -781.2151981460933 300.7514419032487 -36.79643259898981 575.9675545912052 -850.5671104743689 328.4133416593291 20.32188884636285 466.2363652455561 -758.5500962621652 331.9580441070333 7.980746419295828 475.24522247163776 -771.6600381956308 320.7823869103466 12.503981110857566 462.5335505611904 -744.1595286001851 336.4637705514345 23.430556265322156 500.2886542607406 -789.1861924777736 357.3293855150457 87.48319173185536 520.4948132642932 -819.444702804141 346.7304053495549 45.72496551583427 506.1606615267011 -785.3204566508484 302.6868328921217 -43.031857383624164 516.9051263310394 -788.899564653112 344.3399118657899 50.590562113754835 511.0463368658304 -789.9287916354496 354.15519613701446 76.525301707101 507.25295318912254 -808.3831866844214 312.2765855983476 -26.879990973831973 498.26043465170386 -769.2799270010322 304.1211932932309 -30.399858695034215 494.91030245806496 -786.025720302521 340.65453851481607 56.159608404681016 558.8249432919202 -826.7269120206862 352.38990602750215 58.33771853564083 579.6773279865516 -852.8820137339458 310.1287587731941 -34.71518879791964 465.55201877027935 -764.9866027245288 270.85061938927225 -51.676581146486 486.4913001377365 -784.6216579183458 329.01872285211647 12.869790004583969 572.6462999354602 -841.4552917394515 294.71508247483615 -45.41073898197371 537.8444067976264 -827.1991519970885
1610.0048855897958 0.6950511823980606 0.6950511823980244 1.5541816916834714 1.3901023647959938 2.8657694402373 1.554181691683389 1.3901023647959472 0.0 1.3901023647958606 1.3901023647961237 0.69505118239793 1.39010236479592 1.3901023647959505 1.3901023647959028 1.3901023647959414 1.554181691683488 1.5541816916834843 1.3901023647959039 1.5541816916834408 1.3901023647960085 0.0 0.6950511823981363 0.0 0.6950511823978971 1.5541816916834172 1.3901023647959845 1.3901023647959352 1.3901023647960224 1.390102364795964 0.6950511823979473 1.5541816916834827 1.3901023647957986 1.5541816916835196 1.3901023647959854 1.3901023647959603 0.6950511823979789 1.390102364795926 0.6950511823978509 0.6950511823980591 2.8657694402371408 2.865769440237281 1.5541816916834779 1.3901023647959536 0.6950511823980225 0.6950511823978868 0.6950511823980241 0.6950511823978835 0.6950511823979258 0.0 1.390102364796008 0.6950511823979111 1.3901023647959658 1.3901023647959379 1.3901023647958903 1.390102364795943 0.6950511823980785 1.3901023647959405 0.0 0.6950511823979701 1.554181691683426 1.554181691683422 1.3901023647958501 1.3901023647959414 1.5541816916833804 2.8657694402373157 1.39010236479598 1.5541816916834088 0.6950511823980398 1.3901023647960136 1.3901023647961004 0.6950511823979122 1.5541816916835345 1.5541816916834845 2.8657694402373557 1.3901023647959525 4.170307094387837 1.3901023647959303 1.3901023647960984 1.5541816916834537 0.6950511823982001 0.695051182398029 0.6950511823980227 0.6950511823979325 1.5541816916833966 0.695051182398017 0.6950511823978996 1.5541816916834925 0.6950511823980157 0.6950511823978872 0.6950511823979432 0.695051182398055 1.390102364795864 1.3901023647959436 1.5541816916837194 0.695051182398023 0.695051182398042 0.6950511823979707 1.3901023647960329 0.0 1.3901023647958477 1.5541816916834046 1.390102364796032 1.3901023647959263 0.0 0.6950511823979459 0.6950511823978524 1.5541816916834372 1.3901023647958604 1.5541816916834206 2.1979448267709123 0.6950511823978757 1.390102364796062 1.3901023647959314 1.3901023647961341 1.3901023647959165 1.39010236479607 0.0 0.6950511823978656 0.6950511823978723 1.3901023647959454 1.390102364795944 1.3901023647960264 2.8657694402372296 1.5541816916835778 1.390102364795868 0.6950511823979252 0.6950511823979945 1.3901023647958137 2.8657694402372575 0.6950511823979492 1.5541816916834479 1.9659016173812927 1.3901023647959228 1.3901023647960333 0.6950511823979765 2.8657694402373237 1.3901023647959219 1.390102364795833 1.554181691683473 0.6950511823980102 352.4907292516495 62.67820338538437 496.0563581975013 -780.0756499821279 360.3970420929048 84.46927492816312 538.5775366750792 -822.9558183689843 323.56164469719505 10.97812538077161 568.5367875554964 -846.4069688535251 315.7797613393488 -13.906381752179565 552.8220243532465 -831.6130401497436 288.96306967143494 -46.40302584973611 577.7013505522627 -864.4135724100911 314.70499451829113 -6.878006442011764 517.3849914158887 -798.6312561424605 334.8242908066732 41.38035417664314 458.76811882458946 -746.2875501471283 338.8495056806703 43.70960262177959 528.482296793944 -819.3291497194542 318.27006161696454 -19.197221502654056 492.24948436379066 -792.6794324741048 325.47118034351666 2.3837522434816303 513.9220382701495 -807.8804919876839 355.7769074085812 69.76500742437247 519.5371468941897 -813.7162592686595 306.61558386735265 -20.967859146531666 480.8166717394865 -763.0722257215903 330.64277164535224 22.913760349283695 537.7373485416977 -815.1179912555511 295.47564107769637 -31.813508466770323 526.9054228303763 -825.2577840456848 334.1613351775534 29.20095568425558 486.03266483743243 -760.4651707007167 262.05653468982536 -63.38320934688866 502.96580015382574 -785.0709521534732 323.56293819203233 -13.719450505580038 550.2056652247921 -823.4623785394942 304.9774105860707 -41.19689296070281 527.6386934930736 -809.4481772609003 315.0301828194695 -25.296790086007718 570.1551428628406 -839.4975170488609 323.7281101410052 -6.0534360551456965 474.21409332238585 -765.7848641784441 319.4282556843751 -8.354719248616863 459.4967463155288 -754.7442121493431 296.70457226116395 -39.32251095931635 507.94017287882167 -794.0377060535923 331.0188438412551 16.289300036107324 509.1178454806626 -803.9885994080167 357.5676814227782 77.27689833800552 496.597732972355 -794.890640856066 334.45624234729524 13.120170286466863 529.0933554013643 -832.0767081942304 277.3560275920215 -46.77137271656243 523.6789998581323 -807.6034700832079 309.3044838819732 -14.389131943807232 481.31712606941267 -777.4334277210726 261.48571996886636 -77.74428588965486 493.90883605283847 -771.6529951959964 321.83988325842864 0.15502907138132743 479.69779541801137 -769.0391619491073 348.23319236601736 62.05481186835274 567.1562040985175 -834.4643564578256 347.13546132360653 51.759600305521715 490.80185241329843 -778.4614942822774 299.93808833600013 -27.97466725064881 486.8365377686098 -779.6681406483162 337.07427305290423 34.999531780948594 533.0060413615076 -806.1909549888609 307.64672082624816 -46.19545714701562 475.91085715960156 -759.9417012974603 313.3026676804309 -36.381317702541665 511.30087443866944 -783.3697112042928 312.8449199510084 -19.710061746162758 469.5419913460711 -776.07480919499 272.77447341297216 -52.29806605305602 505.18010452367736 -798.5428829766294 327.79953535676486 30.404364989803387 583.5560016293915 -863.8047517564789 271.4128885603425 -60.59963572209354 490.9463740695992 -799.0904903206559 261.69890722042965 -71.07680135702248 522.1436062530139 -799.717512082271 335.72347162984835 51.547958962514514 487.05714044653536 -770.2365433887536 312.9391929361547 -0.32142187343777984 583.3655515171375 -856.3134992725601 344.3115830966197 57.18598348194929 463.70611767899646 -760.1274296267984 327.54373261269984 -3.675065894010344 470.89141867400883 -769.8181904591975 331.0995102432859 37.48220620192014 543.4286758882361 -819.2981564426815 302.9812881878864 -20.610649488371003 543.455738778647 -827.823926531265 291.128587106996 -38.88141517362111 524.5234539207095 -818.5189010259868 285.1438219225684 -39.78813429413793 470.67489131028543 -751.487022675964 307.97206816975034 -30.849828229914415 512.0415612674709 -799.8483357163168 337.8990210139246 27.815934362912838 531.9439988056943 -816.9035433329651 340.78715986445627 38.24439309206386 505.3417679165212 -775.0839220305802 317.99295171639284 -1.5288569676747312 480.64874328825385 -784.2493547704456 300.64493755338435 -37.558124532670526 577.8599586526818 -852.3350304632847 327.398720914337 16.195203328725167 468.6588022259603 -761.3784651799781 331.24192474605076 4.184802209914043 476.70021214829 -773.0066644794605 319.5921418882877 10.374456945894348 463.70679365627296 -746.1996150161209 335.47859195323286 20.478369480181666 500.8734411703404 -792.6333272284187 356.61720804848835 84.47980749522704 521.7070689582101 -822.1490556540933 345.1350594185049 42.91140094060454 507.04414137613924 -786.2668516277549 301.01168078677864 -45.549683530082206 517.1537326474861 -791.2334702046215 342.9068901658248 48.535256201879236 512.1163476710246 -791.6313126984721 353.2627258679031 74.35094643795641 508.95227482011296 -811.9410364269597 311.7459235348422 -30.3110571040923 498.2916416171935 -771.2882678019806 303.76517758242437 -31.52258724265095 494.7871216333996 -787.6794762463643 340.18225913902427 53.10020870836834 559.0487505440257 -828.2558595383522 351.7445608984653 54.525770602243846 579.980050697652 -858.9510051375275 308.7347398143889 -37.63896956489717 466.497717491479 -767.1117337238235 269.3190872639142 -54.287909518402614 487.8195560625048 -787.0445736377201 328.477942114102 9.038172778981462 573.5560322652716 -844.8568907095953 292.73669847117986 -47.525661803489015 538.0595876595369 -830.3013008815625
1620.0048855897958 0.0 1.3901023647958766 0.0 0.6950511823979857 1.3901023647959536 1.554181691683486 1.3901023647959312 1.5541816916834246 1.3901023647959805 0.9730716553572738 0.6950511823979003 0.695051182398092 1.3901023647959516 0.6950511823979175 1.3901023647959454 1.390102364795951 2.8657694402372917 1.965901617381452 1.3901023647959323 1.3901023647958286 1.9659016173813446 1.3901023647960955 0.6950511823979129 1.3901023647959443 2.8657694402372957 0.6950511823980215 1.3901023647959432 1.5541816916832836 1.3901023647959447 1.390102364795774 1.554181691683499 1.3901023647957969 1.3901023647958777 1.3901023647959339 0.6950511823980058 0.6950511823978773 1.5541816916834639 0.6950511823981489 1.3901023647959296 1.5541816916835163 1.9659016173813817 1.5541816916835118 1.3901023647959447 0.6950511823978294 1.5541816916834454 0.6950511823980604 1.39010236479595 0.6950511823979703 1.5541816916834492 0.0 1.3901023647959445 1.3901023647959403 0.6950511823978985 1.3901023647958695 2.8657694402372744 0.6950511823980733 2.8657694402372687 0.69505118239798 0.6950511823979966 1.5541816916833389 1.5541816916834723 1.3901023647959998 0.6950511823980096 1.3901023647960378 0.6950511823979784 1.3901023647959612 1.3901023647959325 0.6950511823979421 2.865769440237295 0.6950511823978858 2.86576944023729 1.5541816916836373 0.0 2.865769440237213 1.3901023647959574 1.554181691683519 2.8657694402372544 0.0 1.5541816916835045 0.6950511823978859 1.390102364795917 1.3901023647958612 1.3901023647959516 1.390102364796065 0.6950511823980462 1.3901023647957746 1.3901023647959259 0.6950511823980663 1.5541816916834366 0.6950511823978279 1.3901023647959407 1.390102364795977 0.6950511823979649 1.3901023647961457 0.6950511823979348 1.3901023647960469 0.6950511823979225 1.3901023647958197 0.0 0.6950511823977706 1.5541816916834974 0.6950511823979342 2.8657694402372713 1.5541816916835203 1.3901023647959476 1.3901023647958695 1.3901023647960404 0.6950511823978567 1.5541816916834426 0.6950511823979613 0.6950511823980158 1.3901023647957287 1.3901023647959347 0.6950511823979284 0.69505118239798 1.5541816916833686 1.3901023647959387 1.3901023647958266 0.695051182398041 0.6950511823980131 1.3901023647959516 0.6950511823979131 1.390102364795951 1.5541816916835274 1.390102364795951 1.390102364796114 1.390102364795924 0.6950511823978858 1.3901023647959418 0.6950511823980363 1.5541816916834268 1.3901023647960917 1.3901023647959192 1.3901023647957476 1.3901023647959285 0.0 1.5541816916834388 0.6950511823979033 1.3901023647959445 0.6950511823981668 351.6264386022918 60.493957496251575 497.02890733803696 -782.2055776757651 360.05533531904746 82.961876951168 539.1844885454124 -825.5849151805338 322.78362069043254 7.5892510307123855 568.9685436822302 -849.4738931843748 314.41455756734035 -18.004228530161836 554.5744808779873 -833.7711290540549 287.6628299747655 -48.23877471942694 576.9175091719453 -869.501977615479 313.36424792410025 -10.58039082348712 517.2547137650221 -800.6417829207805 333.28302680108186 38.53739227133988 460.0147265387456 -748.716771803902 337.2172828426341 40.49234668549594 529.1641075165066 -821.9522568900614 317.6670754784835 -22.232298772155424 493.1115493434268 -794.4529061250853 323.95620056263 -0.8892474899414731 514.2960111847747 -810.5640987397888 355.0400962520287 66.37184050653345 520.8596949041369 -815.4170897896863 305.8422495269538 -22.423387641765906 481.1963242690972 -764.9742670457217 329.20580037631004 20.42835678400005 537.8761740320163 -815.8593687501601 294.83620534466195 -34.0796936465165 528.11339511109 -828.7816309733236 332.4926011952469 25.58506375722108 486.79097432965057 -762.2526136702896 261.24029095003874 -65.28972077359134 503.91546404465254 -787.2133309411112 322.8690892569156 -17.133657841865286 550.3745014340578 -826.1699140155276 304.3947750393994 -45.021073832281694 528.8926387085814 -812.7402345294607 314.009821117072 -28.673006804364586 570.8044184241778 -842.5400775035264 322.50691961316625 -10.157378116715913 475.1224523066865 -768.7350307368189 318.7389216706009 -12.930705249365605 461.4985221991248 -756.5241901188093 296.3948076356694 -42.39830075696846 508.021267937588 -796.8017998668131 330.1501939491248 12.518308411524925 509.898397483221 -806.585600994525 356.633783959844 73.92664016543962 497.9319129824021 -796.9525748249138 333.33730871015797 9.004169389953404 531.6438663073634 -833.2165407200752 277.31514124222304 -47.53809215069974 524.5436066004036 -809.7871511643714 309.0813888577229 -15.924576202961719 482.80264883650784 -779.8176779249326 261.0112708112313 -80.24153759553359 494.2321934224479 -772.764008061814 320.4609806434965 -3.5305919123253715 480.48971007466736 -771.6256633025566 347.26178918078693 60.286043695467754 567.7428593341666 -836.7357767657352 345.4964709416324 50.522860755217856 491.66643349936237 -779.4226404411598 299.08594348569966 -30.20583753769247 486.89825229680326 -782.0638764775761 335.9163214503032 32.07787918574162 533.8436008394812 -808.3809620088876 306.8926099546624 -50.00050736912895 476.4977734388791 -761.7860988405296 312.7067507606938 -39.805081822883785 511.98338199654535 -785.187144448953 311.1349959828768 -23.76741186197045 470.9428377321627 -780.0828202937731 271.904904746731 -54.58349738561899 505.97492668304767 -801.9287296572347 326.96607305825785 27.02654523130736 583.1911492321627 -867.2983918429007 270.7436069566654 -64.05316099545242 492.2659948164799 -801.1478236221236 261.08883539617744 -72.98691218365819 522.9641595259535 -800.7148883249507 335.2168648486135 48.10370165733783 488.0760051942828 -772.3502380131661 313.5895555085995 -2.3825554958387585 582.7406315485811 -858.681818766267 343.4281902834885 55.79406972204365 465.4580428598829 -761.1795341076324 325.9104864698422 -6.546609689463128 472.8705896515411 -773.6507952641257 329.71629781624245 33.425367421383825 543.5504971485495 -821.2296597751979 301.80592569093966 -23.570796048073333 543.5353560366278 -829.7616276521287 290.43267396011015 -39.975749977792866 525.1350823329843 -820.7653738059757 284.93403434586355 -42.09631431474449 470.6598259607171 -753.9299214868718 306.04812936189364 -33.734905904057264 512.4916867919668 -800.9321215753067 337.7293295041521 25.884912132393083 532.8141131626451 -819.494881756174 339.80704909753575 35.28691544643836 506.04420052616746 -776.8866232219863 316.8343449826649 -6.42275085828106 481.4493130378713 -786.4309868697776 299.66434242762523 -41.34121405438176 578.3003413279451 -855.7866432495473 326.1555115800242 13.671999359363957 469.8499583608585 -763.8355590535544 329.58582745221054 1.328039531700817 477.6244278292094 -776.7599365687299 318.3126312297162 8.631592807330625 464.2612151684037 -747.2410249198635 334.69502699582046 18.267633903090445 501.5328884017569 -794.4551864883914 355.6657823721991 81.12909631099636 522.5934725444673 -825.9225762228566 343.57985017680386 40.073753546785184 508.4741237110815 -789.4819875556525 300.72795314128086 -48.6315067974903 517.7082206292879 -793.476302252612 341.2647376950016 45.324456926956024 512.776731126269 -793.4621949279224 352.5019089524254 71.75096688664354 510.8900661273863 -814.6690686557838 310.61006637311397 -33.27999105426511 498.84177370003516 -773.942071453971 302.86176857923374 -36.08759340226643 495.84210482518637 -789.4016177369349 339.2246841516757 51.327064534522286 558.7471854036504 -831.0005876181336 349.492289482585 52.23539425820649 579.9147396374744 -863.6978689921119 307.4568027504611 -40.232112081852975 468.2784674615507 -770.1879086256631 268.4454814683118 -57.347050762130834 488.97505743317714 -789.1287303444359 326.7183198437001 5.615590646366947 574.7862447645696 -848.248914142938 291.43903285747604 -49.36628496897343 537.7640309616602 -832.2853908216799
1630.0048855897958 0.0 1.3901023647957953 0.0 1.3901023647960338 0.6950511823980429 1.5541816916836337 1.3901023647959467 0.0 1.3901023647959432 2.8657694402373886 1.3901023647959323 0.6950511823979362 1.3901023647959345 2.8657694402373424 1.965901617381385 1.3901023647957949 0.0 2.8657694402373393 0.695051182397956 0.6950511823979422 0.0 1.3901023647961197 0.6950511823979207 0.6950511823979291 1.39010236479593 0.695051182398096 1.3901023647959285 1.3901023647959685 0.6950511823980695 0.6950511823980214 1.3901023647959398 0.6950511823979592 1.3901023647960122 1.3901023647958926 1.3901023647958781 1.390102364796079 1.3901023647959845 1.3901023647960824 0.6950511823980624 0.6950511823980773 1.965901617381403 1.96590161738147 1.3901023647959425 1.390102364795966 1.3901023647959263 0.0 1.3901023647959325 1.390102364795753 1.9659016173813895 1.5541816916834883 0.6950511823978686 1.390102364795779 0.6950511823980182 1.3901023647958506 0.6950511823980536 0.695051182397949 1.390102364795938 1.39010236479585 2.865769440237263 1.3901023647959991 1.3901023647959219 0.6950511823979306 1.3901023647959365 1.3901023647960253 0.6950511823980275 1.3901023647960578 0.0 1.3901023647957667 1.9659016173813022 1.3901023647958972 1.965901617381313 1.9659016173813462 1.5541816916834477 1.3901023647959363 1.3901023647959372 1.3901023647957813 2.8657694402372953 1.9659016173812451 1.5541816916834417 1.3901023647960205 0.6950511823979859 1.3901023647960573 0.6950511823979927 1.5541816916833846 1.3901023647959405 2.8657694402372043 1.3901023647958903 1.9659016173813741 1.3901023647959498 0.695051182397957 1.3901023647959485 1.390102364796057 1.3901023647959467 0.6950511823978798 0.695051182397924 0.6950511823979055 0.6950511823980287 1.390102364795894 0.0 1.3901023647960644 0.0 1.3901023647960764 0.695051182397921 0.0 1.3901023647959325 0.6950511823978026 1.3901023647959414 1.9659016173813257 1.554181691683419 0.6950511823978825 2.8657694402372718 1.3901023647958253 0.6950511823978971 1.3901023647959885 1.3901023647959334 1.5541816916833235 1.9659016173813477 1.3901023647957955 0.6950511823979983 0.695051182398111 1.3901023647959527 1.3901023647959136 1.3901023647959583 1.3901023647958357 2.865769440237285 0.695051182397986 1.390102364795945 0.6950511823979816 1.3901023647959503 1.3901023647958686 1.5541816916835103 1.3901023647958806 1.3901023647959416 1.5541816916833386 2.865769440237282 1.3901023647959994 0.695051182398003 1.3901023647961084 0.6950511823980529 1.390102364796083 350.3009124142666 58.789558376062345 497.46687882269333 -784.8841814249615 357.90155009761867 80.26201101044919 539.69829927827 -828.2525832944518 321.54589483207616 5.819263538821977 569.4531444268697 -852.9450305129639 313.0255352823752 -21.746876332293972 555.3090649438557 -836.0370346498003 287.91278283484223 -50.57672611057722 576.0286620366543 -872.8009328763644 312.66382640152466 -14.771766209906936 517.8451421623336 -803.68018085485 332.3491685290699 34.38927330915057 460.84575036280836 -752.0907752729588 335.7820176716698 38.002323651879756 529.9488430987029 -826.1297473101384 316.2968154780885 -25.972416464450195 494.1257249805707 -798.1753280797956 323.93459642347193 -2.445338511769367 514.4380465878256 -812.4962020446377 354.58295617368617 64.10171384166712 521.6682496356684 -816.8500232442935 305.45402344244127 -24.32482935481406 481.71493831814144 -766.832001795578 328.21682511400866 16.682278246511746 538.9669564104879 -818.0441873910136 294.48491932447587 -35.99001429670979 528.6822547720194 -832.9887584626878 331.85867171650466 22.955124099620612 487.7053545984939 -764.8093460357974 261.61515324761166 -66.45078719099482 504.0387134828217 -790.3457765175523 321.72458668210896 -20.119239477094 551.5407891651813 -827.9878057972855 303.3613468781226 -48.424880259571 529.620966813597 -814.9715362095703 313.5523565387115 -31.341819903457598 570.9446730438727 -845.2399407982232 321.3939110904155 -12.741734245688946 474.9760973863383 -770.3777619119277 317.60934075579723 -17.46208043180062 463.66687604777064 -759.1114128187459 295.3980188015257 -45.41676918008806 508.26032288871704 -797.9368372230738 330.04608669539846 10.584048357016043 510.4579898236665 -809.6218656023236 355.9002067083884 71.31779725984939 498.3186563861698 -799.6368572901918 333.117683652443 6.3089666375214435 533.7102906063719 -835.6751174074438 277.1944141973846 -50.62275032103934 525.0598558831177 -811.6534539821602 308.969278367445 -18.63423361383719 482.99052871526834 -782.161470324874 260.8738953491746 -81.70866108198871 494.70909360046704 -773.8352448243087 319.8598972815678 -6.563023290278167 481.28715167839806 -773.8107759631256 346.4026969861931 56.91347026779453 569.0162672407341 -838.5910178680568 344.2378356925901 46.047130206825926 491.9393363647898 -781.337534456416 299.110364703522 -32.14262348811492 487.44262676962137 -785.1162822145943 334.62106238037126 29.16549922806952 533.8437582159083 -809.5640814486811 305.6812760946202 -53.399655130191555 476.843289485145 -763.6982830745158 312.3504054392343 -44.03009428900721 512.490770583288 -787.4498596115012 309.70666979876336 -26.34987455080396 471.342194034949 -782.3687323583844 271.50716907465437 -55.3517918960729 507.06518692275716 -804.4822966901331 326.33490190940114 23.214373238260887 581.3781848878688 -869.5249780009256 270.3250155958769 -67.1363849415729 492.3998429093872 -804.6571086508351 260.889927723501 -74.91711962723191 523.6465151251078 -803.3393732336235 334.55392056840134 46.659828837141994 489.03411381156656 -774.4897813491889 313.27772034339966 -4.675459039741594 581.9522436711212 -860.9981000001768 341.96362415565517 53.32612410332734 467.0847213151265 -764.7270564237812 324.8836106301567 -9.922146855205689 472.92024730358037 -776.0411272366807 328.3084328049644 30.928350486877857 544.0222386569341 -821.94389312046 301.2734332615885 -25.06696198077451 544.1671097535211 -832.018659233665 289.32635678125837 -41.824720310167066 525.6903923721876 -821.8458126594728 284.8326421486418 -43.6407078311912 471.0214145121627 -755.8341745706407 306.6015263591598 -36.11305191107509 512.9635590584484 -804.38562831096 336.82821243811196 22.906916738689944 533.7872759009293 -820.9177844510623 338.64076877836425 33.13839495824859 506.3997235359059 -778.3927836152184 316.04828618493997 -9.436122496192628 482.92293165721264 -789.2518538878603 299.037293869934 -44.38723567084411 577.9429210360069 -856.5640846645667 324.7968738161906 11.151080820918006 471.3562801316482 -767.0229013639886 328.471328354738 -2.414630814151905 478.3110478003853 -778.5744469066163 317.4306806961472 5.245991354014456 464.1554278059693 -748.883381573769 333.9477680160914 16.038885869044297 502.2870465139314 -797.0572893772774 354.16495117252106 78.68167991511855 524.1561857293724 -828.8230175010705 343.02262536377214 37.03477655618256 508.41635721171633 -791.0732882130691 299.68485020848664 -52.427868359602215 518.6679789761 -795.2414145912492 339.95530540113026 41.442150431751145 513.5296959683708 -796.0652134649008 351.88515703910645 68.72433877054182 512.2301497610197 -817.9637008152973 310.4186124705946 -37.5225700141193 498.65711630747086 -776.3750180154328 302.56873233543706 -39.54827668237813 496.44553328094077 -792.0399124826797 338.5035924571612 47.5336956335387 558.7215491667431 -833.327523204738 347.91378030596246 50.18167258432532 578.1810936578265 -865.2063572350436 306.74830207515384 -44.05013414140031 468.89507778681707 -772.4239248629508 268.40243367871545 -60.43842217453103 490.7197515749294 -791.4946602212561 327.1235631239668 4.38607358200634 575.0443303561871 -850.9455268108674 291.3514406635844 -50.9119024935324 537.8810346035773 -834.995873016526
1640.0048855897958 2.865769440237282 0.6950511823978816 2.7802047295919006 0.6950511823977732 0.6950511823980517 1.5541816916834486 1.3901023647959305 2.865769440237352 1.3901023647959287 2.865769440237377 0.6950511823979134 0.6950511823980547 0.6950511823980067 1.390102364795888 1.3901023647959367 1.390102364796001 2.865769440237283 0.6950511823979036 1.965901617381299 1.3901023647959139 1.3901023647959314 1.3901023647960336 2.865769440237295 1.3901023647958655 2.8657694402372536 0.6950511823977958 0.6950511823980079 1.9659016173814865 0.695051182397926 1.390102364796114 0.6950511823979846 0.6950511823980342 1.3901023647959831 1.390102364795771 1.390102364795943 1.3901023647960657 1.3901023647959319 0.0 0.6950511823980582 1.3901023647960793 1.9659016173813417 1.5541816916835445 1.3901023647959303 1.5541816916832731 2.865769440237257 1.9659016173812756 1.390102364796036 0.6950511823978991 1.9659016173813018 1.5541816916833926 1.3901023647959347 1.3901023647959072 1.3901023647959434 0.6950511823978687 0.4865358276785058 0.6950511823980107 0.695051182397982 1.3901023647959538 2.8657694402372877 1.3901023647957573 2.8657694402372353 0.6950511823980032 0.6950511823979546 1.3901023647958748 2.865769440237253 0.6950511823978888 0.34752559119906534 0.6950511823980801 1.965901617381301 1.3901023647960897 1.3901023647959414 1.554181691683412 1.3901023647959403 0.6950511823979065 0.6950511823980003 1.5541816916835072 1.9659016173812816 1.5541816916836055 1.3901023647959536 1.3901023647957853 0.695051182397989 0.6950511823980212 0.695051182397907 0.6950511823981316 0.6950511823979441 1.390102364796053 2.865769440237282 2.8657694402373726 1.3901023647959332 0.6950511823981221 0.69505118239787 0.695051182398061 0.6950511823979308 1.3901023647959916 0.6950511823979041 0.6950511823978621 0.695051182398032 1.3901023647957886 1.3901023647959265 0.695051182398116 1.5541816916834679 0.6950511823979403 0.6950511823979368 0.0 0.6950511823980298 1.390102364795999 0.6950511823978801 0.6950511823980535 1.554181691683502 1.3901023647959865 0.6950511823979812 1.3901023647959825 0.6950511823980066 1.3901023647957647 2.865769440237308 1.5541816916832547 2.86576944023728 0.6950511823978507 1.3901023647959505 1.3901023647959725 0.0 1.3901023647957986 1.5541816916834519 2.8657694402371 1.3901023647959276 0.6950511823979698 1.390102364795939 1.3901023647959303 1.3901023647959427 1.3901023647957809 1.9659016173812678 1.3901023647960826 0.6950511823979206 1.5541816916834779 1.5541816916834579 1.554181691683621 2.865769440237243 0.6950511823981678 0.6950511823978845 0.6950511823980258 349.199507974096 57.03010799678407 498.3097625984606 -787.0863185744935 355.9497822845494 78.28280932016229 540.1506308326123 -828.9945494883935 321.51022287083424 2.326333280271634 570.5462859359402 -856.601622219619 313.212827049827 -24.091566934378893 554.8946080130112 -840.2868168795737 287.2293061333041 -52.86147542537066 574.262899031384 -875.5581593374692 311.4841865765728 -16.987418836957136 518.2053270731999 -804.802094334197 331.60471011855077 32.16652450480451 462.4194065194921 -755.6686431667085 335.40812246022733 36.8873233203967 530.4629917750866 -829.1766197736158 316.0199400063922 -29.439718799316008 494.4716855768729 -800.0759711519515 323.60458507388887 -5.5258578011853725 515.2803478128567 -815.888395132102 352.8852155847349 61.27360837688785 521.9435724675236 -819.147440485668 305.05634979681224 -27.004215955948546 482.5428722979784 -769.4133949588887 327.5757082031547 13.26507372451043 539.514893534503 -819.5384415731172 294.16324918731664 -37.906792405504795 529.3971108585754 -836.4033986377084 330.5967890485371 19.6220854235293 488.24250107658685 -767.0636104715834 261.60950647852343 -68.76573958062001 503.8791135465938 -791.5612031984754 321.33932160274605 -24.352316561577826 551.4893308330552 -829.9272274372031 302.4353581076578 -51.07838472998705 530.0376650583311 -816.8592110787583 312.74424639355 -34.377192769611234 571.6121235523733 -848.0026571750585 320.8065877004236 -16.76109116445913 476.35721794318755 -772.8243400269516 316.9485465876022 -20.505927818271022 466.5972015681718 -761.1431457856355 294.71401649428714 -47.309034486381435 509.09072503455013 -800.5420532183049 329.377107162089 6.777121509277606 510.9974017751825 -813.437258743447 354.40609636035543 69.6350042453342 499.10869023991035 -801.8545192923328 332.45645619334346 2.50738873685758 535.407547461588 -837.453139399721 276.36166618745494 -52.919197831891566 525.4638835087446 -814.7171941571398 308.09781379742043 -22.044572642722596 483.2152628533749 -784.0940783963006 260.18330732750013 -83.67964629214156 495.06057011534574 -775.3468770611305 320.425882939819 -8.560928793938537 481.2495839193938 -776.1944931662044 345.3988366894252 52.387152361808155 570.6631868346384 -841.3251062646619 343.4007351606939 42.27553992273229 492.6395670048003 -782.7647331962203 299.1178303500907 -34.85204412044653 488.169797692801 -787.7219709425015 333.52832921471025 25.811266954655864 533.7985182523737 -810.7434265417403 304.85787963635204 -57.21725252112407 477.9760747527398 -765.0159483812503 312.50977924418623 -47.52264134108131 513.0272486564128 -789.30293237072 309.52717100391305 -28.653814006389908 472.8307012260535 -786.3868805520949 269.95550947498367 -56.49565336630891 508.2528300300221 -807.0482488675198 325.9025294461059 20.156779618892667 579.0848025561418 -872.4799476405012 270.7102923504444 -69.45499319582115 494.5536147650813 -808.2116112782935 259.7458609871736 -76.46675699936186 524.2203802491757 -805.9851512494171 333.5374216680291 44.081809204163115 489.28061967890267 -776.4151787424825 313.6488970173274 -6.660486097729093 582.0981473976816 -862.6267825769008 341.811440351251 50.217978572891454 468.33716159141306 -768.7923325266493 325.4279741604391 -12.304745317342002 474.5320336102999 -780.4232168170855 327.1956877859804 28.752242478511857 544.933670526036 -823.4183934650277 300.5445983064455 -26.949348555813277 544.6772111418668 -833.5291999200293 289.01375848451715 -43.73903401998469 525.9311181063703 -824.1463833037448 283.98249730948726 -45.14353038221484 471.41631325990693 -757.3234190207567 306.3301723978545 -37.25598978109838 512.9335036199182 -806.7333573739766 334.99017818617153 19.658719116432437 533.339916624388 -822.1273154508796 337.0242691680246 30.262568062502556 506.97899656596405 -780.2380529181482 315.4618403080311 -13.259907578041362 484.905257433481 -791.2179459971915 298.5564765220284 -45.90646899621359 577.5108208542864 -858.0804546432042 324.1245592547344 8.903262701880092 472.2005536521451 -770.3924454428387 327.79199312942967 -5.056552314711828 478.3380791226106 -781.3318085504466 316.6262444914702 3.394542050106886 465.35002569705995 -751.7641313581256 332.7228487786579 12.697017088975949 502.81030019229314 -798.9261170048132 351.9181126399656 75.18019139904183 525.9592344605517 -831.3621969462292 342.0370000192592 32.109172333300876 509.0082586239699 -792.1511790319701 298.7864053856946 -54.69661827047073 518.797103730991 -797.1675887022278 339.5208930097247 37.59523752612544 514.3019393657888 -798.2805904913143 350.6349265659234 66.2077307394626 512.6620972653744 -821.4108208791548 310.3714948784536 -41.00126165719864 499.52874813252345 -778.5617916426867 302.59405057191645 -42.25879477295566 496.49346799063613 -794.3937649312002 337.9238835802765 45.27954459355048 558.364033855693 -835.6544103442898 347.6372214931633 46.31505646168832 577.4336898324572 -866.9923686115255 306.21326274272514 -46.336126161307824 470.37952520987545 -776.8439915480677 267.99824776665173 -63.52553072063599 491.1947859683152 -794.9433959552797 325.806328662824 1.4283638094222542 575.0951821184212 -852.9370875135909 291.1017167765227 -52.056634085253435 539.3783793841874 -836.8306989057809
1650.0048855897958 1.390102364795962 1.390102364796056 3.108363383366938 1.3901023647959838 2.8657694402372518 1.3901023647959023 0.6950511823980352 1.3901023647959883 1.3901023647959303 0.48653582767869685 0.6950511823979265 0.6950511823981036 1.9659016173813766 0.0 1.3901023647959314 1.3901023647959858 1.3901023647959978 1.3901023647958168 1.3901023647959463 0.6950511823979822 1.554181691683425 0.695051182397972 0.6950511823978685 1.390102364796065 1.5541816916834692 0.6950511823978676 0.6950511823979112 1.3901023647959638 1.3901023647959665 1.390102364796099 0.695051182398035 0.6950511823980842 0.0 1.3901023647960147 1.5541816916834268 1.3901023647957735 1.390102364795938 0.0 0.695051182398067 1.3901023647960102 2.8657694402372793 1.3901023647959085 0.6950511823978966 0.6950511823979363 1.3901023647960293 1.5541816916834477 1.5541816916834708 0.6950511823980364 1.3901023647959314 1.3901023647960253 1.3901023647959483 1.3901023647957842 1.3901023647959445 0.6950511823979999 2.8657694402372806 1.390102364795985 1.3901023647959436 0.6950511823980385 1.3901023647959445 0.6950511823980107 0.6950511823979655 1.3901023647958552 1.39010236479593 0.6950511823979694 0.6950511823978701 1.390102364795899 1.3901023647960196 1.3901023647959463 2.8657694402372975 0.6950511823980197 1.3901023647959363 2.865769440237386 0.6950511823978771 0.6950511823980228 0.6950511823979812 1.390102364796145 0.0 2.865769440237243 1.390102364795963 0.6950511823978887 1.3901023647959365 1.3901023647959934 1.3901023647959403 0.6950511823981009 1.554181691683428 0.0 0.0 1.5541816916833642 1.3901023647959463 0.695051182398032 0.6950511823980182 0.6950511823980788 0.6950511823980331 1.5541816916835165 0.6950511823978845 0.6950511823979648 1.3901023647959267 1.3901023647957504 2.8657694402372718 1.3901023647958517 1.5541816916834694 0.6950511823980362 0.6950511823980312 2.865769440237439 1.3901023647959325 0.695051182398008 1.390102364795936 0.6950511823978883 0.0 1.3901023647961337 1.3901023647959374 3.1083633833670925 0.6950511823980428 1.3901023647960138 0.0 1.5541816916834694 2.8657694402372837 1.9659016173811419 2.8657694402372593 1.390102364795963 1.3901023647959476 0.6950511823980813 0.6950511823980493 0.0 1.5541816916835056 1.3901023647959372 1.5541816916834825 1.3901023647957391 2.865769440237244 1.3901023647957444 1.5541816916834539 1.965901617381381 0.6950511823979684 1.5541816916833713 1.390102364795927 1.9659016173814314 1.3901023647959372 1.3901023647957735 1.3901023647959478 1.3901023647958666 347.6219415298336 54.53687972784073 499.1927604708682 -788.8937201173272 354.7907095226232 76.13162574497775 540.7554973009945 -830.149416343296 320.7692925175408 -1.4863733141512163 571.2505912724263 -859.2783261655416 312.893728948671 -26.007031695966308 554.1119361990344 -842.1429824400145 287.34438286445754 -55.56627505330955 572.2887049659729 -877.4605921297409 310.9846825587403 -18.50405502107778 518.607659147081 -806.7077145144904 331.02247417833456 30.68201388017095 463.51199852459376 -758.5883296390638 334.9121885726352 34.62057242796709 531.3730209880557 -831.8639653799247 314.6736258456089 -32.45555472919339 495.79879251344806 -803.7775482904651 322.6100145654919 -8.151739865146528 516.2489662601714 -818.138693012777 351.631218000068 57.16927643724864 522.8879652560643 -821.3981934721508 304.3585629629361 -28.896673353116718 483.37586164638054 -771.600991139622 326.8320082954262 9.84457075391388 539.6001684496595 -821.0951938944444 294.0399013612406 -40.220962743470224 530.2488824271129 -839.4989741598142 329.99097066131003 17.752404148338663 488.70516904125 -769.3336139314647 261.4370772894699 -70.69854751845266 503.99987530513863 -792.3291323990452 320.9896602124592 -26.648093989721957 552.0945030178681 -832.6344052340222 301.73079485071753 -53.753356664092784 530.5235114866431 -818.3640102039358 312.13633382475837 -38.212633252317836 572.4840463272376 -850.1838827815069 320.6319379228981 -19.0727159669112 477.08102656639466 -775.4396588869288 316.76254477221374 -23.20244192918222 467.56441092487023 -763.6991303599419 295.02891199173445 -48.86822823564115 509.06251276473614 -801.7149036936012 328.7181896915529 4.126035198171968 512.3795287291123 -815.6238277796773 353.6418993109646 67.41361912561437 500.0550797888573 -804.4578546719056 331.5460666534418 -0.8954013333974387 536.1380127629258 -840.9262857236102 276.5259197009515 -55.62543071920484 525.6407830068742 -817.0385700386291 307.44459511222226 -23.162590022550873 483.3708592159864 -786.0295681978329 260.2540417361304 -86.15000233007856 495.74230817918095 -777.9658705246306 319.1779105757439 -11.941815904873808 481.89233720511527 -778.4375863945875 343.594023427147 49.53250845632295 571.1654553459782 -843.0068294631002 342.9323343652159 40.39428486018858 493.53812880348426 -785.7431357044208 299.4207149407904 -36.41647038375317 487.85955124588105 -789.3446772486378 333.22290053822707 23.32524814620049 533.6711304595685 -813.8548114730263 303.35125235912164 -59.83554955884498 478.40704078652783 -766.1036688743166 311.77229117750034 -50.57675806078792 512.9347171467401 -791.2643116374489 309.81848966589826 -30.220291775456392 473.7246645043097 -790.1479843075236 269.37958847418207 -57.657358073250705 507.34479209129177 -809.0900467762392 326.0261179314496 17.811084509116743 576.8854725890851 -874.8705611157407 270.93040707098237 -71.76606679737964 494.9309393152978 -811.2755931993061 260.36977872443924 -78.77323856813548 523.9949398952655 -807.5481286793896 333.59724044060505 41.7286285605066 489.8086615659471 -780.2438850829033 313.4271514338268 -9.35261089047661 581.1698553456057 -863.9291427893804 339.8925339307955 47.77665211688724 468.83475216928576 -771.0579952228978 324.2572644223974 -14.92057568938659 475.1331977908204 -783.4491424530574 326.86356888945517 26.070792551944326 544.0214996972737 -825.3806388268567 300.23498288912856 -28.863326488623883 544.3116970910514 -836.6096188089532 288.9387394611305 -45.28137486654966 526.9750977417291 -826.0329545832799 283.6851172714807 -47.83685218263942 471.7621688046085 -758.8335790879669 306.13929975723056 -40.726643135288654 513.4846140739327 -808.2104284237296 334.3929175079646 16.22795392922417 533.6734317560854 -824.8056725138816 336.53654847142826 27.9937446631531 507.23120863985355 -780.5848888626414 315.67035900597574 -15.598491022126703 485.07392387384874 -794.7119390632068 299.23313954448065 -47.8709501549035 577.483259807394 -860.1148491012331 323.3928616041003 5.4806412284839805 472.7120136218825 -771.861455406016 326.9480549997405 -8.08814409434134 478.9880491032727 -784.7352014383407 316.79206292665543 1.0555664371036446 467.18707858963324 -756.0926188709047 332.5442466911567 9.22348895044389 503.02267717737953 -800.4540234658899 350.9416392881963 71.81969756601005 527.7710873104415 -834.0101264353599 341.82505796225144 29.02042445229919 509.4713569386529 -794.0249440497072 298.54557659068604 -59.32507643998714 519.7111520933809 -799.7686804922338 339.0982071581925 34.53427683243081 514.2323548361452 -800.6209630497577 350.0014782282471 63.575133677945445 513.4125346650667 -823.6742921659795 309.2016172066058 -44.80502091752884 499.9199359009401 -780.8410535307046 302.6905347493054 -44.19666059058692 497.04035619664774 -795.4765787820035 337.19366973595146 41.48266836480605 558.4557942000697 -836.8216817257409 346.53531057585684 44.140181358539046 576.3013996039216 -868.6182575471529 305.7489040453437 -47.85725259928767 471.2277002315179 -779.0301244605794 267.83230027296844 -66.6154074828911 493.07944568238116 -796.980213554108 325.51709887599384 -1.6530091340857471 575.2842823998905 -854.1997584981052 291.3987022588771 -54.3864773807886 539.781666219192 -839.1476326463502
1660.0048855897958 0.0 0.6950511823979635 2.780204729591878 0.6950511823978343 1.3901023647959359 0.0 1.390102364795939 0.6950511823978391 0.6950511823980478 2.8657694402370733 0.6950511823980117 0.6950511823978308 0.6950511823979533 2.8657694402372544 1.2530213386038445 0.0 0.6950511823979657 0.6950511823978923 1.9659016173812818 0.6950511823979257 1.3901023647959265 0.6950511823979852 0.695051182397908 0.6950511823978996 1.9659016173813977 0.6950511823980585 0.6950511823980379 1.3901023647959825 2.8657694402372758 0.6950511823980401 0.6950511823980426 0.6950511823979069 0.0 0.6950511823980953 0.6950511823979324 1.3901023647958295 1.3901023647959416 1.3901023647961086 1.3901023647959405 0.6950511823978652 0.6950511823979556 1.390102364795883 0.6950511823978723 0.6950511823979006 1.965901617381335 1.390102364795948 0.0 1.9659016173811852 0.0 1.3901023647959516 0.69505118239796 0.695051182397877 0.6950511823980368 0.695051182398007 0.4865358276786584 0.6950511823979095 1.3901023647959427 0.6950511823979763 0.0 0.6950511823979932 0.6950511823979513 0.6950511823979182 0.6950511823979136 1.3901023647961053 1.9659016173812578 1.3901023647960464 1.7376279559948977 1.3901023647959037 2.865769440237295 1.3901023647958746 1.3901023647959483 1.554181691683553 1.3901023647959505 1.3901023647959792 2.8657694402372558 1.554181691683298 1.5541816916834161 1.5541816916835884 1.5541816916834665 1.3901023647959556 1.390102364795944 1.3901023647959623 1.3901023647959478 0.6950511823978872 1.390102364795941 2.8657694402374156 1.5541816916834799 2.865769440237176 1.390102364795937 1.3901023647959845 1.3901023647959356 1.390102364796038 1.3901023647959319 1.3901023647960546 1.3901023647959472 1.965901617381448 0.6950511823980133 1.39010236479602 1.3901023647959223 1.3901023647960653 1.5541816916834956 1.3901023647957973 1.3901023647959403 2.865769440237346 2.865769440237257 1.3901023647958213 1.3901023647959463 2.865769440237364 2.86576944023726 1.3901023647958854 1.3901023647959458 2.7802047295919996 2.865769440237306 1.3901023647957795 1.3901023647959572 2.8657694402371185 1.5541816916834128 1.3901023647960602 1.5541816916834916 1.3901023647959891 1.3901023647959405 1.3901023647957491 1.5541816916835174 1.5541816916835274 1.3901023647959414 1.3901023647960837 2.8657694402373104 0.6950511823979362 1.3901023647959454 0.6950511823981034 1.9659016173813155 1.390102364796031 1.9659016173812955 1.5541816916835667 0.6950511823979297 0.0 0.6950511823980453 0.6950511823980937 0.6950511823980723 0.6950511823980672 346.59143318573075 52.72841597712862 499.4297673503496 -789.2595321356656 353.55776254988626 73.1945738898286 540.5008156822124 -831.281782059499 319.449859054486 -3.717951670201603 569.3784246344834 -863.1109554493139 312.43001144664197 -27.52888332105324 554.0947116462933 -843.3178763948745 286.7216296477754 -57.48307534786279 568.0681765683975 -880.404451582238 310.34001067327546 -19.627514627892612 517.5515550562089 -808.3103953869733 331.2405195303972 29.11041147397238 465.1243722224635 -761.8084792361783 334.81925005336933 32.01148285821574 531.2986549796493 -834.1822975447634 312.8253034746302 -34.68527452176786 495.6745698568441 -806.4991884348735 322.1222281020234 -9.664668937651605 516.845466185166 -820.0697924806545 350.3532749810873 55.00399942506423 522.7314672482541 -824.1247461402426 304.06961290557444 -30.81617743146313 484.13879697261626 -773.8256578213794 327.19160325660135 7.109665803547879 539.5658136114729 -822.6242592109435 294.1840749454468 -41.38532821147515 531.8603966914861 -841.9177198664321 328.56310390616784 14.779202770542502 489.4640635974518 -770.3853991721076 261.453337632233 -71.47066778370281 503.6379064564719 -794.3178822201261 320.24561017224653 -29.696617131696303 551.7561832016953 -834.5613167612302 302.0542675534283 -55.311926663274186 529.7655561625231 -819.906947438193 310.62493075342564 -41.62045933076582 571.9836405073559 -852.4512138739045 319.5136069580294 -21.715378073426255 478.2155778896586 -778.7805960660511 316.2042459371923 -26.267796803592326 468.8289480128269 -767.4003953384363 294.9155150302119 -51.95545878400858 509.1126566394466 -804.4142948289815 328.4453231161244 0.6612071522447178 512.8856036267916 -818.3137066524342 353.298947081046 65.12528014013589 499.50132780800374 -806.8310042165521 330.924779637907 -3.9487664911462304 535.3608302278109 -843.1853954255195 277.10356483468905 -57.554724153811236 526.2694137094763 -819.3410113523851 306.9735334253726 -24.6854382908427 484.07905034197177 -788.2748354374154 259.6903048211432 -88.85777660847691 496.10966522173004 -779.0853626415402 318.8432579459075 -14.239004114439817 482.12182364525773 -781.1359338936243 343.1068415189254 47.25399104190562 570.413309626185 -845.2073957106131 341.41119197202664 37.466310613815075 493.83937491465264 -788.0521306861181 298.54620878112485 -38.69766319965464 488.3931392433371 -792.0012504862973 331.8926332009062 19.572943481431185 534.4748671241593 -814.9920111139061 302.1588281191482 -64.02502527829076 478.3013022657676 -767.688257939877 311.9664005904639 -54.836723038897425 513.1803592553149 -793.5676657339209 309.08876631021496 -33.27632080517484 474.0065171811028 -793.6158026415017 269.7899487377729 -59.198659028283615 507.27147644144924 -811.0251396734376 325.0746282126143 13.63040286864003 574.2708959881847 -876.3629321210453 270.0272081353938 -74.4902262589977 496.1256217732056 -814.6551218462681 259.46859741937214 -81.49515900348581 525.2118326943666 -809.0275469760137 332.3265006855922 37.60566845738788 490.08736762790153 -782.1479457313991 313.5469136422934 -10.522629173148365 580.4673700497015 -864.883256786321 339.12730629491745 44.75304930885777 470.5074403803987 -775.0802197636807 322.89466827568896 -18.319422994361876 475.65676524687785 -786.8887723672856 326.25378425906973 23.802119741366823 544.2961046271371 -827.7008702651409 299.91002145954064 -31.555531985197838 544.1375229734832 -838.9171493939094 288.8515400630324 -47.59669431837139 527.684626176776 -828.3438678561055 283.98184606548216 -50.93578852362743 472.71433458801806 -761.8062939500478 306.0151078150297 -43.42754713731627 513.8579189398207 -810.8937630921101 333.3402838942731 13.219830490856667 533.6346837892524 -827.1231220024549 335.1832643218481 24.24784973480967 508.1617510873875 -783.1931688905611 315.4850450340905 -18.680545671013316 485.570398624415 -797.3687396811356 299.1391229600238 -50.18565390452318 576.4753814938132 -862.1755051042052 322.9351875155126 2.032278865211182 474.378901803426 -775.888497884501 326.11522269234 -11.904393368251501 479.43000165376895 -787.7999471899866 315.9090271655747 -0.4267782417098297 468.6879521001598 -759.725992401468 331.10971988470635 5.860640821832758 502.8348005232259 -802.7977613933873 349.7217014171577 68.87976349304107 527.6209514461638 -836.7175464786296 341.12027120234495 25.989988381652235 509.23677700653286 -795.6180349539143 298.5723116488837 -62.420105500809505 520.0044805385546 -800.916236893904 338.2900438439234 30.738533034871377 513.6626631423119 -802.9974856314243 348.37434261780624 60.28978429982263 514.3621775553847 -827.135406520089 309.20819498792457 -48.96056348393688 500.13514595442376 -782.3670464489218 302.73848406909394 -47.67691081294899 497.78206530678733 -796.9557453359758 336.1123628557607 38.89148733237708 557.8009924358417 -838.2679485544061 345.44157525862806 41.55494119065602 575.3795433462662 -870.3133032413756 305.7785325997434 -51.723989300984194 472.2813443747742 -781.9914920495758 267.1001730801517 -68.94572586687342 494.492414408698 -799.1640848247259 325.1287290250869 -4.333508506781877 573.9000973566431 -857.3411627415675 291.5265914155815 -56.322235090865156 540.204062150151 -841.5044440023145
1670.0048855897958 1.5541816916834195 1.3901023647959576 0.0 0.6950511823979678 1.9659016173813606 0.0 0.6950511823980504 1.390102364796077 1.3901023647959423 2.8657694402370733 1.3901023647959445 0.695051182397906 1.9659016173812767 1.3901023647958726 1.9659016173813622 1.390102364795752 1.5541816916834204 2.8657694402373846 1.3901023647959392 0.6950511823980065 1.390102364795924 0.6950511823981222 0.6950511823980422 1.390102364795945 1.3901023647959443 1.3901023647959856 1.390102364795953 0.0 1.3901023647959423 0.695051182397874 1.3901023647959292 1.3901023647959903 1.5541816916834166 1.3901023647960238 1.390102364795933 0.6950511823978687 0.6950511823980082 0.6950511823979444 0.6950511823979252 1.390102364796089 1.3901023647959467 1.3901023647957758 1.390102364795942 0.6950511823979901 0.695051182397947 1.3901023647961057 1.3901023647959845 1.390102364795769 1.5541816916834474 2.865769440237409 1.3901023647959265 0.6950511823980459 0.6950511823980384 0.6950511823979659 0.9730716553571829 1.390102364795851 1.3901023647959345 1.390102364796021 1.5541816916834936 0.6950511823978955 1.3901023647959447 0.6950511823978843 0.6950511823980023 1.3901023647958644 0.6950511823980664 0.6950511823981509 0.3475255911990198 1.3901023647960096 1.554181691683431 1.3901023647957491 0.6950511823979237 1.390102364795956 0.6950511823980152 0.6950511823979975 0.6950511823979374 1.5541816916835562 1.5541816916834668 0.0 0.0 0.6950511823978858 0.6950511823980471 0.6950511823979039 0.6950511823979633 1.9659016173811983 2.865769440237286 0.0 1.5541816916834956 0.6950511823979991 0.695051182398063 0.6950511823977922 0.695051182397967 1.3901023647959871 1.3901023647959332 1.3901023647958584 0.6950511823979386 2.8657694402372673 0.6950511823979949 0.6950511823978854 0.0 1.3901023647957393 1.5541816916834585 1.390102364795959 0.6950511823980026 1.3901023647959831 0.6950511823979737 0.6950511823977641 0.695051182398065 1.390102364795966 1.5541816916835105 0.6950511823980702 1.3901023647959345 0.0 0.6950511823979839 0.6950511823980328 1.3901023647959132 1.554181691683408 2.8657694402372638 0.6950511823979463 1.5541816916834532 0.6950511823979788 0.695051182397924 0.695051182397953 0.6950511823979898 1.5541816916832956 1.3901023647959396 1.3901023647958688 0.6950511823980376 1.3901023647959052 1.3901023647959425 0.6950511823980944 2.865769440237267 0.6950511823979358 0.6950511823979373 1.5541816916834532 0.6950511823979542 1.5541816916835631 1.3901023647959394 1.3901023647960287 1.3901023647959305 1.9659016173812427 345.57650442582 50.50644513527084 500.0476255196933 -792.3187620063804 353.33516259660365 68.54704716226404 539.9317018043517 -832.7732116022078 319.91748438659647 -5.6798036421384746 567.7405961332612 -865.7618971862292 311.9245562179724 -30.21086992075716 552.6401174800625 -846.1448187168887 286.885401300923 -59.41620865906777 566.0660872506118 -882.4465042225924 309.70795625560356 -20.755927813019294 517.1579878172122 -809.4744219886461 330.5888923599961 26.062706622312064 466.49000874506055 -765.5084174175031 334.01199087330724 29.365043939381955 531.5380822688026 -835.7515178842709 312.6988748153873 -37.772041884210395 496.20489508067294 -810.7258074684383 321.37990513148253 -12.71876763037446 516.7462998203713 -822.3698969534056 349.66575583260703 52.354313913164056 522.4361977403871 -826.0461936262294 303.79553614466766 -32.73713168069929 484.42517878349196 -776.1286377388953 326.63582648273126 4.435985513971241 539.9895212983863 -824.5902138654783 294.48825778296236 -43.714099741509884 533.1521633656592 -844.380481909359 328.3748091300096 12.083054186730001 489.0466738928491 -771.5975514065947 261.1441355069443 -73.79831164781979 503.71583492431546 -795.8693237796234 319.90206368354524 -33.16077671879688 550.922884494284 -836.4052570752888 301.5526381538079 -58.38420420139853 530.056418405064 -822.235313682449 310.1474894762477 -43.919896556718854 570.5662830781149 -853.4201811044848 319.1368299000911 -25.563202418335223 478.9698025791913 -780.251160908015 315.4683994596567 -29.71364459377431 470.0319990073442 -770.3471775350794 294.8431697947749 -54.271338770674504 509.9293059653943 -805.9395867145731 328.0709165245288 -2.219741267015076 512.9805368203203 -821.4079125000975 352.59929676574444 60.92960598031103 499.7342487618953 -808.3728856135886 330.69262606472455 -7.8068147838238735 536.4378248219645 -847.5624718425597 276.93132894321684 -59.487262088482666 526.6155234712013 -820.5314587003223 306.69279406886994 -26.605774719083733 484.90792923410066 -790.9118362781065 260.0605997055272 -91.07761640195409 496.19480665662155 -781.7859631332185 318.2637922065558 -18.075658445853996 482.46623812336554 -784.2064894748355 342.289081259691 45.0106927395361 569.445441136957 -846.8829285304271 340.36094593198095 34.459832798942315 493.962485374071 -789.5885924162421 298.47205705386557 -40.62535749775748 488.1698151305462 -794.3477333303114 331.7450013093851 17.649625867129895 534.021172261599 -816.5187799421741 301.3728498866288 -67.84969474559033 478.50671883646805 -769.2181837859614 310.85572204251287 -58.267440232005036 514.0655609725864 -795.8397385338777 308.0778579377569 -34.393637647259325 475.103714506315 -797.0185374396475 268.68002062708 -61.16126409113454 507.26269657606906 -812.5705268529778 324.72039499578756 11.336133913769086 572.2387555755228 -878.1555021229442 269.3882483415568 -77.99580015599308 498.43913886824913 -817.3596337980553 259.5304539883708 -83.03422553332412 525.5574389595193 -811.362003132442 331.69305140052745 34.954752570483876 490.1071086470024 -784.0834060983449 313.59737820098445 -13.232329960437795 578.9062734452249 -868.5194043374689 338.4464650550887 41.71482831547976 470.23865688352396 -777.4729828712291 322.3595292552595 -21.38586226506265 476.6199723719172 -790.275608406282 325.84634493604017 21.124080810036453 543.987102409925 -828.8313431284573 299.84629700256875 -33.09842465867694 544.1071080673523 -840.8583201933765 289.34178452333214 -50.31683305096999 527.8797460198236 -830.6796600126611 283.37542741618415 -52.08350074814564 473.2863166678649 -765.6236687239365 305.7775589634619 -44.57751231795829 514.0328868473805 -814.3732343357843 332.9519738029446 10.534857029491784 533.1198486193198 -828.6395928079312 335.1656370886344 21.538060047713625 508.33854724138354 -785.5048726416686 314.56479657053416 -21.729943186670397 486.56166139645586 -801.1708023069572 298.4765212278274 -52.47983222951785 576.4046011142394 -863.9739944500805 323.1810221303755 -0.30277215546832265 474.33337124307195 -778.6306140130135 324.989279382206 -14.937772918895929 480.42927035518875 -791.9642158851861 316.16178777672513 -2.7654330525342545 469.4336131395048 -761.9534084085976 330.7666631364768 3.5590305622198875 503.30049086626883 -805.0976412747663 349.6824560038443 66.94333094678404 527.8590452907981 -840.2344666076075 340.73745930042924 21.370457443513654 509.3577209321285 -797.9251726537915 298.0206475341837 -65.48399376221583 520.6386539396037 -802.8331301609926 338.4006751686135 27.625773909976076 513.7221955016389 -804.918418271795 347.95570855956754 58.397870719571024 514.9422195668117 -829.8808143098264 308.8924258788844 -52.039009547357914 500.177800651114 -785.0730305548293 302.1013585094575 -49.200399193782026 498.703109802155 -799.6084371866391 335.2942125330867 36.25564048120675 557.2502869066559 -840.5261951889671 343.9127772809206 37.82264699003754 573.3509311399138 -871.6917920964074 305.22988476085203 -55.95364792408353 473.3479805577754 -786.1441348516212 267.54320122155195 -70.86590767964974 495.4496281929594 -802.6020015425197 324.9543850209773 -7.416126714250367 572.2018441259878 -859.9348794983663 291.0966872213645 -57.85555267715256 540.14554027794 -843.4351057655642
1680.0048855897958 1.9659016173814077 0.6950511823980395 2.780204729591878 0.6950511823978498 0.6950511823980069 1.3901023647960389 0.6950511823978724 1.3901023647958008 1.3901023647959314 0.6950511823981136 1.3901023647959319 1.3901023647958906 1.3901023647959516 1.5541816916835067 1.3901023647959365 1.3901023647960555 1.5541816916834317 1.5541816916835023 2.865769440237274 1.5541816916835578 2.8657694402372824 1.3901023647960857 1.3901023647959494 0.6950511823979402 1.3901023647959403 0.6950511823978026 1.3901023647959352 0.6950511823980461 2.8657694402372718 0.6950511823979317 1.3901023647959385 1.3901023647957989 2.865769440237285 1.390102364796025 2.8657694402372917 1.3901023647958297 0.6950511823979739 1.3901023647959618 1.3901023647959425 0.6950511823978865 0.6950511823979331 0.0 0.695051182397979 0.6950511823979852 1.3901023647959405 1.3901023647957993 1.9659016173812558 1.390102364795972 1.390102364795942 2.865769440237409 0.6950511823978732 0.6950511823979134 0.6950511823978867 0.69505118239807 0.4865358276784859 1.3901023647961024 1.3901023647959392 2.8657694402371807 2.865769440237291 1.3901023647959403 1.390102364795941 1.3901023647957875 1.3901023647959445 1.3901023647959532 1.3901023647959359 0.6950511823980945 0.3475255911990198 0.6950511823980321 2.865769440237273 0.6950511823981188 2.8657694402372447 1.554181691683328 1.3901023647959339 1.3901023647957982 1.3901023647959423 1.3901023647959465 1.5541816916834779 1.5541816916833098 0.0 1.3901023647960724 1.3901023647959296 1.3901023647960384 1.3901023647959379 1.9659016173812598 1.3901023647959514 1.554181691683375 2.865769440237252 0.6950511823979424 0.6950511823978741 0.6950511823978877 0.6950511823979802 0.6950511823980635 0.6950511823979802 0.6950511823980198 0.6950511823979623 2.8657694402373877 1.3901023647959427 1.3901023647960342 2.865769440237262 1.3901023647961004 1.5541816916835016 1.3901023647960564 1.3901023647959427 1.3901023647960145 0.6950511823980403 1.9659016173813626 1.9659016173812807 1.5541816916833628 1.3901023647959405 2.8657694402372544 0.6950511823979733 2.7802047295918073 0.6950511823979972 0.6950511823980665 1.3901023647959427 1.9659016173813695 0.0 0.6950511823979615 0.0 1.390102364796101 1.3901023647959365 1.3901023647959105 0.695051182397889 1.5541816916836042 1.3901023647959347 1.3901023647960644 1.3901023647959496 0.6950511823980271 0.6950511823980396 1.3901023647958661 1.965901617381333 1.9659016173813717 1.9659016173813555 1.3901023647959203 0.6950511823978951 0.0 1.5541816916834337 0.0 1.3901023647959445 1.5541816916832938 344.6165640492808 48.26278655713884 500.08343455648264 -794.6464896366299 352.553450715127 64.74802972620688 539.153796867288 -834.9973488339034 319.2146787269987 -8.352719082886232 567.7905250459512 -869.3406215240685 311.1851004521864 -34.4343623946345 552.2036297110044 -847.6367230164972 287.26304459239935 -60.961707531489914 563.9791969402783 -883.8913785489016 310.80465189669815 -22.3466159903654 517.1903984208371 -811.8083586565557 329.5570944952413 22.261130994407225 467.62530616663554 -768.8828270584928 333.20008098345545 25.938454269981122 531.6636958411558 -838.8861031769208 311.39111727615324 -41.97644222198608 496.3751817277151 -814.9845073636526 321.2310546052228 -16.191602190950547 517.1980489368483 -823.5823751721332 348.42757478920106 49.36010333618707 522.2594267367464 -828.728790076402 304.27802032316555 -35.45982472337371 484.7968050723674 -778.4269549030282 325.5543775132111 2.1711171743695097 539.3143409228093 -826.8315573706716 294.41938501985413 -46.02981614874542 534.1374884207204 -845.360081499101 327.39942018205517 8.266150241639723 489.2394150641025 -773.9029401522971 261.226001451799 -75.34316650475218 503.68457209969165 -799.729893158587 319.37230166990906 -37.00406092645198 550.4148352319415 -838.6564455750301 301.27513202155524 -61.08013937594933 529.7251977519334 -825.304680554955 308.85491342999865 -47.740304659850004 569.6362949342071 -855.1121339645711 318.99274291904374 -29.228604972424915 478.70675453199726 -782.1948837515122 315.1853590103028 -32.02182050956995 470.60353512241704 -774.171269241436 295.16840684238633 -56.59690118422231 510.4045818248052 -808.273171492612 327.34292453053564 -5.278028490246533 513.3926698852682 -825.337211240668 352.6833758108828 57.82570421372 499.64661960254136 -810.6800991486542 329.390909591125 -10.838533209056825 536.8088134021853 -851.8820503877461 276.80515998583405 -62.19500047715577 526.1855789764021 -822.8219640902216 306.6057720243632 -28.921609516684082 485.6054605824426 -793.6034771170772 260.60413078831823 -93.17030587884433 496.45060613784517 -782.9327522372055 318.52185465478067 -21.178655442248555 482.9310834733314 -785.7273743053867 342.20681358913276 41.5254186791816 567.6351786966643 -848.96922145299 339.63017618928666 29.869006189748042 494.0088136706702 -791.131041618693 298.37432866650437 -43.7118564617675 488.77941433133896 -796.6358100953003 330.73332403717 13.453641304030334 534.0343914077838 -818.462112099991 301.3372730811931 -72.1014665920612 479.0318833699385 -770.7030465552488 310.6944319959813 -62.51191340276138 514.0492389599717 -798.9272927651238 307.9418002819237 -38.253632592192986 476.1738794884434 -800.4753882167904 268.735346411988 -62.7065301393497 507.3600407304717 -813.7388478592093 324.07912938306566 10.211258000213414 569.9438007490779 -878.6879961091447 268.5545617371395 -80.36680964229534 500.39236002922644 -819.4531896165228 259.79457267397464 -84.17924947273772 525.3169352901399 -814.4399496539123 331.1389203237355 32.675668783249876 490.00008867621216 -786.0197545234622 313.32170867038434 -15.1507827867348 577.2310182692528 -871.143957502379 338.2323268785851 39.018622284637964 471.1944411450366 -782.0432206280055 321.86694984002366 -24.070477839057013 477.57086103368624 -793.3240801853235 325.9165938354765 19.181968121884896 543.7320462865766 -831.5433373993335 299.9410958666879 -35.80631422005854 544.1525934252152 -842.8274173264929 288.1640634755105 -51.0593996785113 527.2764253988826 -832.1696918794836 283.1388168607603 -54.78316979490101 474.9075296815821 -770.1091396176209 305.30049521071487 -47.267082887677724 513.9613430558454 -817.8504485056571 332.5739679103407 7.081021941352615 533.320919081307 -831.3941821547623 333.7689352599884 17.754968472241774 508.7447843145939 -787.0492531037874 314.713105831515 -22.89434690327459 487.87921404278575 -803.8956455569901 298.43997022806275 -53.63866873647559 574.6659702965621 -867.0598078367423 322.8533135136805 -2.993088187533285 474.8498552413731 -780.5250192237986 324.8569251663124 -18.024136406112245 481.1386361862884 -795.4166571104 315.89179238531807 -4.2987315118143234 471.1207709255183 -766.4182228933403 329.8583208342032 0.9005675067322784 503.6414176234319 -807.0390911299517 348.7627485423413 63.54603173702225 527.6865048922182 -843.7073042440171 339.7681347258496 18.338206613889792 509.14237913138686 -800.6239935031057 298.2401435018463 -68.58940275685363 520.7593016744578 -804.7619997092078 336.76249150542594 23.479023883428255 514.4171516194584 -806.4914921454812 348.1989736656731 56.82200923877601 516.5865022984401 -832.4224364420326 308.3708074190733 -55.8848480500749 500.602006104358 -786.616924370735 302.3922972056749 -52.301203565395745 498.88437294586754 -801.9392311517908 335.4773035992591 33.53428093497019 556.8375997360507 -842.4114535212154 343.48890927370746 34.76771704612246 571.5496450044024 -873.2120461246479 304.7577299628105 -58.64391432990909 474.23481546921954 -787.6658702534269 267.231583020298 -72.43061215066675 495.5915231615964 -806.8569489618617 324.584945846353 -11.262742876502356 572.512133598459 -862.6417139333364 291.0255929300431 -60.94321129472135 539.9757891886389 -845.3701554137125
1690.0048855897958 1.3901023647958701 0.6950511823979163 2.7802047295919787 0.6950511823981085 1.3901023647959396 1.965901617381299 0.6950511823980449 1.3901023647960618 0.6950511823979356 0.48653582767876186 0.6950511823980566 0.6950511823980755 0.6950511823980424 1.3901023647959807 0.6950511823980599 0.6950511823981894 1.5541816916834552 1.390102364796013 0.6950511823979737 1.3901023647958606 1.3901023647959485 1.3901023647957789 0.6950511823978978 1.3901023647960127 0.695051182397987 1.3901023647959385 1.9659016173813597 0.6950511823980404 1.5541816916834372 0.6950511823980012 0.695051182397887 0.6950511823979266 1.3901023647959898 0.6950511823979573 0.6950511823979557 0.6950511823978918 0.0 0.6950511823979029 0.0 0.6950511823978742 1.3901023647960113 1.965901617381321 1.3901023647959831 0.6950511823980925 0.695051182397929 1.9659016173813282 0.0 0.0 0.0 1.737627955995098 0.6950511823980251 0.6950511823978305 0.6950511823979567 0.6950511823979522 0.4865358276785928 0.695051182398057 1.3901023647959334 0.695051182397992 1.390102364795931 0.6950511823980952 1.3901023647959425 0.6950511823979161 0.6950511823979713 1.390102364796135 1.3901023647959387 1.3901023647959887 2.865769440237274 1.3901023647957735 1.5541816916834463 1.3901023647961277 1.3901023647959392 2.8657694402372025 1.3901023647959485 1.390102364796015 1.3901023647959403 1.3901023647957291 2.8657694402372678 1.5541816916834748 1.3901023647960005 1.3901023647961643 0.6950511823979452 1.390102364795923 1.3901023647959414 1.3901023647959354 2.865769440237309 4.170307094388019 2.8657694402372673 2.865769440237193 1.3901023647959467 1.3901023647958546 2.8657694402372758 1.3901023647957655 1.3901023647959356 1.3901023647961497 0.6950511823980723 1.3901023647960784 2.8657694402372664 1.3901023647960642 2.8657694402372598 1.3901023647960618 2.8657694402372735 1.390102364795878 0.695051182397955 2.8657694402373255 1.554181691683497 1.3901023647958923 0.6950511823979821 0.0 1.5541816916834648 2.8657694402373113 1.390102364795944 1.554181691683413 2.8657694402372744 1.3901023647957473 1.3901023647959363 2.8657694402372753 1.3901023647959412 1.3901023647958586 1.5541816916834401 1.3901023647958382 1.5541816916834603 1.3901023647958362 1.5541816916834494 1.5541816916836284 1.3901023647959454 0.6950511823980189 2.8657694402372713 1.3901023647961066 2.8657694402372926 0.695051182398123 1.5541816916834623 2.865769440237523 1.3901023647959365 1.5541816916835318 1.5541816916834186 1.5541816916835984 1.390102364795942 1.5541816916833708 1.3901023647959376 1.5541816916835636 343.1948850645928 44.486776147721166 500.37981759775255 -796.2180687947941 352.4251412288962 63.20907255727397 539.1965884546507 -836.5960196907911 318.85530401717847 -12.589132450456974 567.3472795898067 -871.0063506307935 311.1122686012834 -36.751321530991014 551.7451168237914 -849.526871806162 286.8661989376085 -63.27621677496331 561.9303391448888 -885.0062675695859 310.5730127882464 -23.49691401824415 517.5824348364665 -813.4355106185146 329.10752690701617 21.123944276326917 468.3619329175776 -771.5561753008808 333.4611741157618 23.60665227951029 531.2890690129963 -840.7768884655733 310.1130372406355 -45.80013274983216 496.5640317550453 -818.5137904222413 320.95219448402395 -18.502298351721624 517.710211017598 -825.2161401510965 347.4116834226234 45.95013585237149 522.4849593824376 -830.731843432894 303.46974491528516 -36.595007327885384 484.4559057604933 -780.7436153361134 324.8250365077832 -1.275523919204456 539.020339056432 -828.35616918479 293.97672540265256 -48.33696627369656 533.5228357726493 -848.386803042257 327.40325246223256 4.01578664890647 490.03210353178133 -774.6642221035694 260.61625456219963 -77.70972858722608 503.3422446173344 -801.6540841667729 317.1502755035686 -40.02218991667772 549.7247957527462 -840.4659166712803 301.77407426258 -63.799084708575066 529.5849326315338 -828.4304051418022 307.6038496601685 -50.79243500785407 569.0347563787698 -856.5816778815876 318.5145787321883 -31.917244365542956 478.9112055448711 -784.1197276334784 314.5307830070489 -34.31983942859205 470.74238876148814 -778.7710473086356 294.3365988632406 -59.281762539300345 509.7555927253211 -810.9183737746661 326.84639999151636 -7.964126597379708 513.5971486788414 -827.7047977318379 351.928209561471 55.56027676400383 499.7494112543784 -813.4005156669692 329.2677123151783 -13.926137652768436 537.4610227962067 -855.4569103375298 276.08974431024234 -63.76670041984541 525.8899538289309 -824.7352444522381 306.7604526587183 -30.08531387596979 485.341088621004 -795.9317093079925 260.4296866332422 -94.27103448498151 496.2432002521289 -784.8621084431236 318.42634303485846 -23.879662192548544 482.5410861912999 -787.2756904691427 340.60642459100563 37.75714497371951 566.5309742654614 -850.1119792376205 339.3286292383757 27.95025750613424 494.55869249319 -792.3187915706907 297.74427965799595 -45.627120073320526 489.2082666810521 -799.3580297719845 329.98901896076455 10.011095927051292 533.6677411900448 -820.7506041972043 300.99174982450484 -76.72324898551099 479.0818567666553 -772.2485129753936 309.60478354666515 -65.55730719566395 512.9466081592418 -800.7812108638122 307.2906879271204 -40.55174181766709 476.5307857990208 -804.732817475748 268.80565320472505 -64.24975250305252 506.20097372287967 -816.7082063951484 323.7808992593256 7.907371711974219 567.9287000210537 -882.0712611901151 266.58636924332706 -82.45155052216604 502.356373958107 -822.0592882869781 259.6937635434261 -85.3504493115926 524.4728209661438 -816.2639284517031 331.2196455741478 30.738206592226632 490.1452112747603 -788.7209323697248 313.2070395158902 -18.237523128906282 575.0553157734942 -873.3467750579013 337.1228649326492 36.764967784542606 472.196619559101 -785.8890026947785 321.7465483780354 -27.544072828642648 478.07280423249074 -797.2040682364214 325.5865843261817 16.4929138807372 543.6038682333716 -833.8882587620654 300.053585314418 -38.5150310310759 542.986556246592 -845.3386169375324 288.3170061297086 -52.9934473419449 526.4258953696262 -835.5394291105285 283.51604209270283 -55.560115296289716 475.1004248612098 -773.9602618381008 304.18518823232597 -52.2556681538564 513.6442369996847 -820.1443353308252 332.2280817199999 3.617536528487223 533.2646775289982 -833.748612679929 333.6126028604419 14.669067036025009 508.4790143114902 -788.9721225287135 314.63243221188503 -25.21033616971268 489.000835135388 -807.0912892701673 297.5822744126468 -56.70519803409428 573.1403637387363 -868.8011998107532 321.7134597164176 -7.197255135034465 475.270801324692 -781.6746362869807 324.9058513172228 -21.89065436033514 481.42326254952343 -797.7323475417277 316.1848547057462 -6.629913029984285 471.5693689052984 -771.4085319502059 329.32707598675285 -2.5556274599446884 503.3885741294378 -809.7234884559215 348.12882113192234 60.50341890743062 527.7335680832185 -847.2618242812869 338.990262613605 14.512665075481305 508.630235902237 -802.1235306107181 299.31384398786093 -70.19400893296252 520.5260521663857 -807.0578057944498 336.7880122737766 20.384154990418327 513.6439811319857 -808.3597807596694 347.72079675825967 52.98291601038204 517.6861606681465 -834.9786712859606 308.6804267178814 -58.21309239933961 500.7908188480137 -787.0119609795862 301.12812774802507 -56.12888726378365 498.71670760018435 -804.2508331513213 334.69444741287356 30.09891195464456 555.9670325725178 -843.7304786089626 342.5086336292655 31.34049167807408 569.1326710753544 -876.2313405775784 305.06364086239654 -61.35711935339289 475.5608162835742 -791.144966905049 266.6171204824665 -74.79655654600663 495.8786120439697 -810.3754373751284 324.4495974703333 -14.737175556957306 571.8969741038228 -863.6446268012268 290.60984117400284 -62.47946015611805 538.5201453594653 -848.2031253297685
1700.0048855897958 2.8657694402373037 1.3901023647960498 0.0 0.6950511823978964 0.6950511823979888 0.0 0.6950511823980272 1.3901023647959545 2.8657694402373024 1.9659016173813066 1.3901023647959398 0.69505118239793 0.6950511823979693 1.3901023647958646 1.3901023647958646 0.6950511823977754 0.0 0.0 1.390102364795938 0.695051182397741 1.5541816916834301 1.3901023647960544 1.554181691683504 0.6950511823978852 0.6950511823979756 0.6950511823978015 0.6950511823980701 1.390102364795918 1.3901023647959405 1.3901023647959403 1.5541816916834177 1.3901023647958926 1.3901023647959356 1.3901023647958786 2.865769440237308 1.3901023647957502 0.6950511823980142 1.3901023647960968 0.0 1.3901023647958712 2.86576944023727 1.5541816916833289 1.3901023647959334 0.6950511823980413 1.390102364795935 1.3901023647960356 1.9659016173813322 1.3901023647961077 1.3901023647959585 1.737627955995098 0.6950511823978898 1.3901023647957262 1.3901023647959485 1.3901023647961055 0.9730716553571767 0.6950511823979293 0.6950511823978757 0.6950511823979171 0.6950511823980474 1.3901023647958153 2.8657694402372753 1.3901023647961197 1.3901023647959467 1.3901023647959765 1.3901023647959427 1.3901023647959916 2.865769440237274 0.695051182397905 1.3901023647959427 0.6950511823980543 0.6950511823978783 2.8657694402372504 1.3901023647959552 2.865769440237276 0.6950511823980147 1.5541816916834548 1.390102364795954 1.3901023647959965 1.9659016173813062 0.6950511823979237 1.390102364795943 0.6950511823979847 0.6950511823980339 1.554181691683434 1.3901023647959314 0.0 2.865769440237262 1.9659016173814534 0.6950511823979697 1.3901023647959805 0.6950511823979616 1.3901023647958635 0.6950511823979293 1.390102364795746 0.695051182398047 0.6950511823980333 1.3901023647959412 0.6950511823980942 1.5541816916835118 0.6950511823980592 0.6950511823980464 0.6950511823979696 0.6950511823979934 1.3901023647960187 2.8657694402372473 2.865769440237319 1.5541816916834439 0.695051182397896 0.0 2.197944826770906 0.6950511823980278 1.3901023647958652 1.3901023647959405 1.9659016173813206 0.6950511823979647 1.9659016173814265 1.5541816916834696 1.3901023647961035 2.8657694402372917 0.6950511823977913 1.3901023647959363 0.6950511823977779 0.6950511823979482 1.5541816916836195 1.3901023647959339 1.3901023647960906 2.8657694402373077 0.6950511823980747 0.6950511823979273 1.3901023647960427 0.0 1.3901023647961324 1.390102364795925 1.5541816916833804 1.554181691683517 0.0 2.865769440237276 0.0 0.6950511823979129 1.390102364796075 342.12602407718117 42.61121558301804 499.50756879229175 -798.8418606767024 351.40346962945085 59.41186618663779 538.2508247400505 -838.7439383024707 318.3770161233573 -15.276824616894084 566.5460412087065 -873.9188441945247 311.0457581754199 -39.06706197351866 550.6319723292338 -851.9933705355759 286.0647469241906 -68.67642236412306 559.1619522298687 -887.0322963903392 309.7065497826892 -26.5604207756858 517.0693109770983 -815.3010216709453 329.3556253230108 18.0216404688336 469.0920705980762 -775.0578933233633 333.1115166269608 20.147514520402467 531.0596682346174 -842.7023176735344 309.8862940890891 -46.95246213838727 495.4780505684851 -822.6375598164987 320.603685249394 -23.319796855434806 518.1029280538542 -827.258063733318 345.7011696949067 42.95189301280725 521.2501514168667 -832.8325647139953 303.2111014146498 -38.905428378993825 485.17627137087067 -782.3281348748986 324.3252024867752 -4.347376183390506 538.4166546128714 -830.197057596769 294.30876012922175 -50.66217425548448 532.4148949177148 -849.7229942547269 327.2870592587486 0.9302978797275419 490.33019256442043 -776.9827930712331 260.64321394779665 -80.03006320195684 502.7524045432553 -803.1401662226082 316.85516767961917 -43.490110705482856 549.3547185179584 -842.3752490255415 301.23696701911433 -68.80479560981517 529.8037315659325 -829.259553120194 307.34102609484796 -53.10254435045713 567.6135996713954 -858.4079818823789 318.0238803253395 -35.37893223604102 479.1148471672904 -787.219754357011 314.4178965202992 -38.17976140206752 471.19452778297995 -782.2634034779053 293.10724375918505 -62.732675810165816 509.6501766846426 -812.8550671647527 325.9526610475584 -11.411096412262975 514.2669389187429 -830.2058734601843 349.81498295786366 52.59395747963234 498.885864718844 -817.5645696979668 328.5846811867679 -16.994426449016512 538.9697639208664 -858.3541395730515 275.75935157365234 -65.32204856106445 525.5289292579217 -827.4199370691067 306.692150210552 -32.40083886496518 484.90917029405546 -798.224046118293 260.797447084328 -96.36707977586337 495.55368123901746 -786.7521007100634 316.97900567093734 -26.92455379247688 482.306402465386 -790.9464712922689 340.2926826775001 35.45066096958617 565.0313297617781 -851.9166393632933 338.35840602809975 23.74417669222218 494.73004870701317 -794.6729647821847 297.8622049663359 -48.7199515884816 488.7312707042499 -802.0240898060957 330.2823001386514 7.681198990553631 532.7129269731204 -822.5294940226554 300.7426218294835 -81.35022154552371 479.4356382368044 -774.5829968370047 307.94838348482807 -68.19470583526767 513.7649991027282 -802.0622526423247 306.87169552875974 -41.69871093490431 476.34648242321725 -807.8075992018669 269.3160577600388 -66.54074152616329 505.6781475338765 -818.5703701303199 323.51158731569785 5.984667011417493 565.1080295855985 -885.7677222917201 265.044385661193 -84.53872101824214 502.495064911863 -824.437436197685 259.2718877440077 -86.94713711036125 523.9256504266302 -818.1360461982811 330.58758088800477 29.609362686249447 490.30126215879517 -791.8298319534504 312.93936748957617 -20.546905388473785 573.4558555508451 -876.5793449469236 336.62140763388436 34.46953251085198 471.85547904830725 -788.9629859075795 321.44887502586687 -31.011265092431017 478.5625006392375 -800.3570291353441 325.0691391387419 13.421510620657356 543.5993406600661 -835.484443253461 299.5927565971246 -41.20599650209066 542.5190144864683 -846.416499001624 289.06003867508286 -54.55252488011697 525.0689222317167 -837.2172345995526 284.088568845702 -56.72252491403582 475.7900349364174 -777.8387428361082 303.31535415178854 -55.7075489534783 513.364824657623 -821.6604650456441 331.32401660234154 0.1739874201045417 533.4093135573795 -835.7584378436901 333.72458119493314 12.73034745421504 507.49857438280185 -791.2002669954104 313.5603487470862 -28.65409712387603 489.35294766897056 -810.2543455925075 296.4764695853328 -61.69604377199297 572.3459809448432 -871.7150292967511 321.2086029401679 -10.656372898603829 475.13026168200724 -785.1338399742845 324.61465697198867 -24.97241322377894 481.47505494876805 -803.352815102916 316.50335775500037 -8.572973459646363 472.3163183618032 -774.1180275993854 329.18832214003487 -6.414836258578229 502.8926200813099 -810.4433863302678 347.04530864012554 58.637914817124845 528.111535649756 -850.0983546474373 338.42612695854405 10.284507781877357 509.19678275882 -803.7558761719902 298.4655837605779 -75.17542154051056 520.4208808612724 -808.987434796217 336.84531270561024 17.28859494753314 513.3449700655094 -810.2620579707203 346.25769557176665 51.13458938196335 518.0136218951257 -838.9945314929273 308.4125171721578 -60.522456888019825 500.6014642758222 -789.3229618270435 300.04565963255004 -60.34828662920184 498.2104798851875 -806.504890408693 334.75699629017726 27.390818156344718 555.7800763946765 -845.3116626138408 341.77772350365245 28.282840703465464 566.8622750239248 -879.9031830494774 304.7669716617407 -64.82501818732827 476.93683542120925 -793.5802133303089 264.5185270113625 -77.30340347194414 495.2818839949256 -813.0024837305026 323.188613244907 -17.78621214501397 572.0211309966124 -865.8227815553902 289.9394764194449 -67.10007391454216 537.7170264585116 -850.7947072080705
1710.0048855897958 2.865769440237274 0.6950511823979356 0.0 1.3901023647959436 1.3901023647959427 2.8657694402374956 1.3901023647959485 1.3901023647957884 1.554181691683459 0.6950511823978106 1.3901023647959463 1.3901023647957749 0.6950511823978759 1.3901023647958983 0.6950511823980349 1.3901023647960031 1.3901023647959274 1.3901023647960766 0.6950511823979308 0.0 1.5541816916834956 2.8657694402374365 1.3901023647959374 1.3901023647959692 2.8657694402373033 1.3901023647957909 1.3901023647959354 1.3901023647961626 1.554181691683488 0.6950511823980035 1.3901023647959405 0.6950511823980572 1.9659016173813058 0.6950511823977651 1.3901023647959725 1.3901023647960569 1.5541816916834439 0.6950511823978963 1.3901023647959323 1.5541816916834708 2.8657694402372758 1.5541816916835327 1.5541816916835234 0.695051182397988 1.9659016173813717 1.3901023647960704 1.3901023647959354 0.6950511823980823 1.3901023647959414 1.737627955995098 0.6950511823978961 1.3901023647958195 1.3901023647959492 1.3901023647959185 0.9730716553571767 1.3901023647961226 1.3901023647959405 0.6950511823980282 2.865769440237282 0.6950511823979814 0.6950511823979585 0.6950511823978983 0.6950511823979453 0.6950511823980042 0.695051182397963 0.6950511823979624 1.7376279559948977 1.3901023647960795 1.5541816916834368 1.390102364795744 1.5541816916834326 1.5541816916832933 1.3901023647959287 0.6950511823980416 1.3901023647959418 1.3901023647961557 0.0 0.6950511823979159 2.865769440237271 0.6950511823979145 1.390102364795945 0.6950511823979176 0.6950511823980022 1.3901023647957909 1.5541816916835025 1.5541816916836804 1.5541816916834372 1.5541816916834958 1.3901023647959405 1.3901023647958182 1.3901023647959545 0.6950511823979736 0.6950511823979919 0.6950511823981311 1.3901023647959516 1.39010236479587 0.6950511823978792 0.6950511823980682 1.390102364795941 1.3901023647960769 2.865769440237282 1.390102364795916 2.8657694402372798 1.3901023647957806 1.5541816916834568 2.8657694402372043 1.3901023647959418 0.6950511823978915 2.8657694402372877 1.9659016173814055 0.695051182398057 1.390102364796082 1.5541816916834357 0.6950511823980019 1.3901023647959345 2.8657694402372935 1.5541816916834739 1.390102364795754 1.5541816916834597 1.3901023647957462 1.390102364795939 1.3901023647958837 2.865769440237246 2.8657694402372154 1.390102364795932 0.695051182398016 0.6950511823979549 1.3901023647957447 0.6950511823978688 1.390102364796036 1.5541816916834381 0.0 0.6950511823980575 1.3901023647957549 0.0 0.6950511823979988 0.6950511823980371 1.3901023647959803 1.9659016173813717 0.6950511823978125 341.1622175079372 38.40250336562449 499.1430025152371 -799.9612838192562 350.54834876766546 57.90865452477018 537.8559119182469 -840.2368430333262 318.10260355250557 -17.972845165321196 564.4953028564654 -876.7494033538358 310.14359488111654 -43.67742549564845 550.3953732240265 -853.143408517638 285.9960613097305 -70.99414164581297 556.9106457849604 -889.280500036539 309.86617929618365 -27.723791463384103 516.597283656165 -817.5736336892633 328.70350848704516 16.113519724874955 469.6507322861125 -778.2159424531238 333.24654854258233 18.595797651844812 531.0852052186318 -844.2908744808016 308.98944175217207 -51.175850721817675 495.9960887182765 -825.9005797838911 320.3093104605856 -26.78802055867318 518.1756175186583 -829.6450958885038 344.6138703001643 40.295186858150245 520.4577765209224 -835.4246511263015 304.12236249254727 -40.86223892106706 485.705764223561 -784.715432855687 323.84217111888114 -7.422807710821258 538.5323438029206 -832.210167413418 294.267188423123 -52.20608258781473 532.4055952388001 -853.2831152223672 326.60870891619373 -2.1384606204189662 490.5738370982765 -778.5472735668949 260.0844672686563 -83.97147482164564 503.24439938376867 -804.793803826354 316.3343883062802 -48.11114652866551 548.2993858350427 -844.4733376989175 301.1641439951996 -70.73604692198377 528.5321526214119 -831.3450172737522 306.46385390114006 -56.55373875906029 566.1888546481935 -860.2345836268597 316.77781143603266 -38.43366602554584 479.0259671072231 -789.5505638400091 313.51470471055563 -42.7897586987113 471.691913067002 -785.0195759701944 292.06305030941905 -65.79684840315566 508.83054405042543 -815.0626779789628 324.89302753501715 -14.469467931822495 514.4262810900285 -833.0148653826907 348.31063392052545 49.57407753864885 498.9637736952858 -819.1544935446564 327.52670635447976 -20.05264025879084 541.4309219289704 -860.5849194078352 276.2057293374034 -67.62576255185311 524.7353384692888 -830.0080757672204 306.62681682958276 -34.71679635281304 484.317098568387 -800.8689496564613 261.0714707767271 -98.31809345007687 495.8807525396748 -788.7322072594324 316.8787582624028 -30.39845698462433 482.0340114315654 -793.2461797368414 339.51850873441526 30.8441063894922 564.2786102501382 -853.2591365803565 337.80631276820657 19.515613172406034 494.149415113742 -797.3175191644686 298.20782042912344 -50.273623418736314 489.38462960511174 -804.0773990873384 329.0054197189252 4.246622623196376 532.3900459150557 -824.8329159548417 299.18548150362864 -85.13336968031977 479.67550674322825 -776.1482189503586 306.6240110508076 -72.39396490301333 513.1109989272605 -804.6884392060088 306.7552993734981 -45.75129203050242 476.64845590899625 -811.7733755621986 268.8451005957654 -68.49944292287388 505.0306963227782 -820.799390458002 323.5877145742998 2.5050095844511624 562.8797716417026 -887.9170312592049 263.9868761242822 -87.36946932933327 501.3701863973018 -826.9605844895981 259.3906950126753 -91.59492031187649 523.5445707113287 -820.8231562227647 331.05643996951574 26.884855642353607 489.72680800408244 -793.31305257172 313.2797765740234 -22.101713733155353 570.4932462550831 -880.1343737957064 335.9946964782351 33.33610190661545 472.05635122356057 -792.4956957164463 319.79992129541336 -34.633603547238266 477.93259931262634 -803.3963413577841 324.98561352608294 11.105379706549277 542.715253003947 -838.0458638279828 299.91480002380024 -43.53250286242539 541.5789678232311 -846.9743207467629 288.8263617052859 -56.47848620690047 524.0709969721371 -838.968859904602 284.6472396664676 -58.661203313746036 475.2929665581074 -781.2825125657384 302.6571366974715 -58.391864901811815 512.9385361854937 -822.7589039716063 329.85945290073374 -3.2550308355260795 533.0527937251757 -837.2599904686006 332.39989122494836 8.141356365393825 506.25915766506193 -792.97080991699 313.28951830335217 -31.35042633454211 488.92563609083896 -812.5320344312793 295.76721207840563 -65.92346413537179 570.3256875779555 -875.0946869810044 321.33060444525836 -12.978526624829193 475.38690152912517 -788.2727478023556 324.09356105704614 -29.59247831648572 481.1333630808889 -806.8115747449843 317.84245547589876 -9.000812632710801 473.17879226762864 -775.3400907846898 328.28258828826506 -10.635631457008534 502.7381848560305 -812.3736907253821 346.92804137436656 56.325053305963685 528.5331170602176 -851.7694172671044 338.68868569739277 6.798382133512643 508.8073801429191 -806.0369444577107 299.477002237018 -77.93677086587365 519.5602528117723 -810.3921869549067 335.8853874638152 12.301832766149895 513.216678818974 -812.9875947641427 344.93594578336695 47.7199291887169 517.7363239000522 -842.8896637292852 307.7282260441253 -63.59113127576205 500.88115527845844 -790.1485658545857 299.1881863209408 -63.02365317745671 497.7364696307515 -809.16424407744 334.6803744432055 25.46040269850484 554.9495157586929 -847.4743630758543 340.8200869355664 23.684990053357005 564.9230668674492 -882.3184106539446 303.94152666489384 -66.34218506980832 477.21569229270614 -795.9580028603356 263.1765916133048 -79.38075395586246 494.59003591673616 -815.6134110180574 323.4707302416735 -21.271648219374804 571.5011588426379 -868.9953216026565 289.7903698676403 -71.73510304902078 537.4782172008192 -852.720468724028
1720.0048855897958 2.86576944023726 0.6950511823980312 0.0 0.695051182398097 0.6950511823980325 1.3901023647958117 1.9659016173812838 1.3901023647958406 0.6950511823980529 0.48653582767854187 1.3901023647959438 1.390102364795926 1.3901023647959412 2.86576944023724 1.390102364795941 0.6950511823981308 1.554181691683502 0.0 0.0 1.390102364796089 1.3901023647960247 1.965901617381347 0.6950511823979749 1.3901023647958286 1.9659016173812738 1.3901023647959738 1.3901023647959434 1.5541816916835989 0.6950511823980645 1.390102364795972 1.55418169168349 0.6950511823980129 0.0 0.6950511823980412 1.3901023647959185 0.6950511823979069 1.9659016173813497 0.6950511823980715 0.6950511823979323 1.3901023647959865 0.6950511823979342 1.5541816916832878 1.3901023647959139 1.3901023647959065 1.3901023647959405 1.5541816916833706 2.8657694402372926 0.6950511823980902 0.0 0.347525591198838 0.6950511823979224 0.6950511823978675 0.6950511823979864 0.6950511823980204 0.9730716553571767 1.390102364795846 0.6950511823980213 1.3901023647958235 1.3901023647959312 1.3901023647958475 1.390102364795941 1.3901023647957909 1.3901023647959405 1.3901023647959463 0.6950511823979916 1.3901023647960582 1.7376279559949424 1.3901023647960864 1.5541816916834248 1.390102364796047 2.8657694402372997 0.0 1.3901023647959425 0.6950511823980068 0.6950511823980546 0.0 1.3901023647959503 0.6950511823980069 1.3901023647958668 1.3901023647958595 0.695051182397912 1.3901023647957786 1.3901023647959445 0.6950511823978693 1.3901023647959387 1.5541816916836546 1.5541816916834854 1.3901023647957758 1.3901023647959385 0.0 0.6950511823979268 0.695051182397934 0.6950511823979778 1.965901617381319 1.3901023647959265 1.3901023647960236 0.6950511823979325 1.3901023647960091 1.5541816916834943 1.3901023647960644 1.3901023647959405 1.3901023647959891 2.8657694402372638 0.6950511823979754 0.6950511823979133 0.6950511823978556 0.695051182397945 2.197944826770864 1.390102364795977 0.6950511823980302 0.6950511823980722 1.3901023647961426 1.9659016173813741 1.3901023647957835 1.3901023647959525 1.5541816916834028 2.8657694402372553 1.390102364796151 1.554181691683433 0.6950511823980309 1.3901023647959418 0.6950511823979539 0.0 1.3901023647959485 1.3901023647959931 0.6950511823979136 0.6950511823979028 1.3901023647959114 1.3901023647959345 0.6950511823982052 2.8657694402372718 0.6950511823980334 1.3901023647959465 2.8657694402371594 1.5541816916834756 0.6950511823980462 0.0 0.6950511823980017 1.390102364795847 1.3901023647958268 339.6808629326397 34.982098193518375 498.73603217220335 -801.0564967188378 350.0221693647306 54.840640248191576 537.9255196310448 -842.2513420982775 317.03590257895706 -21.4183074579121 563.3979553003319 -878.9546294954347 309.25017781232253 -47.51158483075037 549.9791483575757 -855.8749158082301 286.5110767025006 -72.56187397691039 554.1826564266881 -891.2570457968624 309.0481532697453 -29.245193704877735 516.6586491497588 -819.9618654553417 328.628191014944 13.797892869030921 469.10876663787127 -782.0309132243345 333.1441379767756 15.508064326711706 530.4643471021205 -846.1291969060736 309.05362646650394 -55.04066057308737 496.72422740729996 -828.8308916545915 320.0370346659535 -29.484014005135467 518.2390057310804 -832.8276766047048 342.7870070462214 38.044754536977145 520.6878097437992 -837.8550338924595 303.30291578971037 -42.38172115224818 485.08561911523276 -786.1913112488477 322.43395866175507 -9.312505947377648 537.6064708363996 -834.3688411458076 293.4175378470402 -54.4967095977381 532.8814804013438 -858.0814964799703 326.14147328160414 -4.828557924934653 490.629686024977 -780.8885438878625 259.71748705962824 -85.95356911475831 502.79510572864797 -807.0634526295448 316.2210444852626 -51.58557639166041 547.1823167277338 -846.1561158071431 300.59188963316467 -74.96328610747155 528.5504381275051 -832.9368852273623 305.61082075096897 -58.84348510744736 565.0397428228005 -862.2840017580464 316.3108917141316 -41.12401546881732 478.8904328860016 -791.4838167039836 313.0207748037365 -46.2505986326066 472.111953322876 -787.4366197536832 291.820596157992 -67.33322145201564 507.7998548592545 -818.0001773456875 324.609261940266 -17.5516032696564 514.0253755677985 -836.4862028070138 348.54066590410395 45.70141293868594 498.5286331911658 -820.2425056874118 327.85621024729033 -21.993703277289473 543.5085393258494 -862.7709739885247 275.8560059562079 -69.9496648236819 524.3686831526836 -830.7148639479044 306.1947531213108 -36.24889883971944 484.0240266140551 -802.3933135060852 262.0106870257773 -100.31209589069887 495.12837632021865 -790.9560293820415 316.41205523103605 -33.08837699335 481.7198177937679 -796.3245252914634 339.3926111760967 27.37156151194368 564.2286481400217 -854.9851517562695 337.09710420372295 15.675982992399852 493.6067431307964 -799.1809671510106 297.9052196996333 -53.74168366067731 488.94404435977384 -806.3506992392157 328.5130012506601 0.7844840476421228 532.6870910481884 -826.0939587284312 297.9798089615299 -87.77534517480147 478.98487288115257 -778.391694682581 305.8877644720487 -75.84153106703009 512.650953157326 -806.956742207613 306.2127774439281 -50.56300777981719 477.9693437917881 -814.0066739655135 268.59571470477573 -70.83493182942344 504.36205366102115 -823.8139329709905 322.9375432430835 0.20701846786553804 560.6953030515206 -890.6825329412235 263.3880367480354 -88.98918693255838 500.86084747354505 -829.2201186454641 260.903468087905 -92.9817031634139 523.5034808131311 -823.5865189588545 330.25839857343016 26.141109968743542 489.08034793260464 -795.9464424872853 312.80348989792236 -25.178294855797983 568.0405874302355 -883.1266100061075 335.9110463404253 31.02129196816648 471.54272695488595 -796.7289805481951 319.8744874255308 -38.49955520390003 478.9045467945256 -805.5400909469708 324.3702526947426 9.966353376616476 541.7582312770965 -839.3900248373668 299.8431644097988 -45.84824831804418 541.1974746080916 -848.4709057659508 289.14560512225535 -58.804976509687485 523.6667320458714 -841.6443397215338 284.96761646937205 -61.75609724389747 475.80986918372605 -784.471092436372 301.3739992077426 -61.82191808937213 512.2628982993353 -825.772779277761 329.76667286736983 -6.342973462579681 532.3204647145352 -838.6737675042764 332.07303517120073 3.9016193907531997 505.5959337242196 -794.4197512299003 312.99214540515163 -34.818216361392594 488.5631022730834 -815.2146322042189 295.4155442387883 -70.54729413581805 569.3940374282049 -876.8926016192554 320.10464189216196 -15.260394554971478 475.22378220676086 -791.77005919143 323.01471514957075 -33.423535261186466 482.25576983585637 -810.1811105907818 317.2519613132588 -9.369621233581965 473.1638676116293 -778.4450688696534 327.63499754490624 -12.934406212687213 502.581969074305 -815.8889650358065 346.35982678494065 52.098321827572 529.5667846457023 -854.3511333344774 338.20661928570036 3.722948548058199 507.47528901190367 -807.7382922118259 297.38301167369656 -80.91761590798758 519.2375205399379 -811.9005563771967 335.1947566245207 8.847321678712795 511.86589524584923 -814.6748364473652 343.6677711852537 45.066018736835545 518.8620521991198 -845.8918792216309 306.67235282698255 -65.86704222159511 500.60741760343336 -791.6741840671248 299.00534965653185 -67.65262607875921 497.9071323632725 -811.1689720513839 334.4208862868856 23.53695231825378 554.397919824963 -848.9166612044373 340.49526418683996 19.83263140246032 561.7259636656973 -884.8351638228562 303.60695416221535 -69.80705016786534 477.6273048345871 -799.1688304865002 262.8088226386805 -81.36256151309485 493.40600679944276 -816.5464073864077 323.35770238740605 -25.131517829716575 571.5203303951715 -869.5431296897203 290.98670986388726 -75.271605913312 536.6100993915576 -854.8977263647419
1730.0048855897958 1.3901023647959345 1.390102364796017 3.1083633833668904 1.3901023647958564 2.8657694402372984 1.3901023647958561 1.5541816916834967 1.390102364795869 1.390102364795944 0.34752559119897325 0.6950511823978963 1.3901023647958342 1.3901023647959412 1.5541816916835802 1.3901023647959445 1.3901023647959025 2.085153547193899 1.3901023647959205 1.965901617381301 0.6950511823978102 1.554181691683496 1.3901023647958328 0.6950511823980646 0.6950511823979707 2.8657694402372917 0.6950511823978357 0.6950511823979518 1.5541816916835491 1.3901023647959394 1.3901023647959394 1.3901023647958906 0.6950511823980188 1.554181691683493 1.3901023647959383 1.390102364795955 0.6950511823979201 1.3901023647959536 1.390102364795966 1.3901023647959336 0.6950511823980349 1.5541816916834277 1.554181691683536 1.3901023647959285 0.6950511823979142 1.9659016173812658 0.0 2.865769440237282 0.0 1.9659016173812907 1.7376279559950452 1.39010236479593 0.6950511823978927 1.3901023647959394 1.3901023647957766 0.9730716553571475 0.6950511823979537 0.6950511823978895 0.6950511823980171 1.390102364795941 0.6950511823980482 0.6950511823980035 1.3901023647958577 1.3901023647959454 1.390102364795891 1.390102364795939 0.6950511823979773 0.3475255911990198 1.390102364795783 1.3901023647959627 0.6950511823977802 0.6950511823979347 1.7376279559949253 1.3901023647959383 0.6950511823980331 0.6950511823979184 1.3901023647960065 1.5541816916834599 1.3901023647960404 1.3901023647958815 1.390102364795967 0.6950511823978963 0.695051182398014 0.6950511823979301 0.6950511823978045 2.8657694402372713 1.965901617381297 1.3901023647959543 1.5541816916833453 1.3901023647959427 0.695051182398013 0.6950511823980382 1.3901023647961064 1.3901023647959367 0.6950511823980657 1.3901023647959485 1.390102364796033 0.6950511823980714 1.3901023647958142 2.8657694402372673 0.6950511823980794 0.6950511823979213 0.6950511823979952 1.3901023647959314 0.6950511823980916 2.8657694402372593 1.3901023647960404 1.5541816916834885 0.6950511823978893 0.0 1.3901023647960005 1.390102364795945 0.6950511823979978 0.6950511823980522 0.6950511823979152 0.6950511823980269 1.390102364795984 1.390102364795943 1.3901023647958497 2.8657694402372633 0.6950511823980029 0.0 1.3901023647960364 1.3901023647959327 0.0 2.8657694402372496 1.3901023647961475 1.3901023647959245 1.390102364795871 4.170307094387819 0.6950511823977275 0.0 1.3901023647959854 1.390102364795938 1.390102364795735 0.6950511823979791 1.3901023647961115 1.3901023647959427 0.6950511823977752 1.9659016173812656 1.3901023647959623 337.79047531872766 30.40910395968677 498.79099625487885 -802.6450101741043 349.0743217754037 50.23909553605442 536.7411952097567 -844.7480394474685 316.93595792531295 -24.504948421041888 561.3897291128865 -881.9855576386275 308.91337161677336 -51.362426263444085 549.5186616861695 -857.3404394421109 286.2327493761099 -75.25646690559725 550.8226308349551 -892.4082387826397 309.17817613674407 -31.18148857290948 516.1554984919709 -822.223296644498 328.1832804857633 11.879823238666804 469.5066464654871 -785.2418374719274 331.8676640378097 11.684028119579478 530.0428530816791 -848.4045797769835 308.33091219271375 -58.68294136025775 496.72573010688075 -832.3876322817605 319.18813788242613 -31.773866123999248 518.2124923132251 -834.7949684519333 340.7784802339801 35.794201895018034 520.7791953414687 -840.2466208385262 303.6748008663294 -42.78262525479101 484.5351609390066 -788.0588545322104 321.95262119111965 -12.388473978723674 537.5279833948447 -835.5385291969792 293.53865973106264 -56.433583285771 533.5345790453995 -862.2492906685401 325.43910643676963 -8.863734089012675 489.7872952725917 -782.3045022128011 260.58929423888634 -88.57494149813992 502.30583426561753 -809.3285810999502 314.7518419915269 -54.62205230057874 546.5727491015457 -848.3951707233807 299.20659417662193 -79.53498520016907 527.666704425485 -835.1174359201194 305.1311909500462 -61.14266754531421 563.746877525808 -863.2098020711259 315.0286693175618 -44.55551538122048 478.97563622181696 -793.0723686514051 312.13441513588594 -49.309068583791436 471.50208159369924 -791.646017162451 291.3326406203269 -70.01951682167532 507.78083659410316 -820.7643579745435 323.5232447309761 -21.3807449321612 514.2085896039931 -838.49446614763 347.2612051435558 42.26890121727065 498.5671183323313 -821.8351421107479 327.40929177887546 -23.9121771247638 545.9696973339534 -865.0017538233084 275.6838593453149 -71.88233565559533 523.7549089426741 -832.5574752859444 306.52666291676746 -37.80478096721022 483.8451665294037 -805.1210061080869 264.1275558668384 -103.4575295867416 495.36095206901285 -791.7906055281153 315.563345061014 -35.37737186382792 481.6800131670809 -797.4985218711864 339.8594965307255 23.87926104052492 563.4723667778977 -856.7750697856237 336.6150094128942 12.600111545216581 493.02454788889344 -801.0343357980726 297.81947226790834 -56.05713611004392 488.2439541147271 -807.7813224105365 328.3965373657724 -3.0751046123898975 532.7217477331187 -827.6908920303324 297.4830165140113 -91.61558514178992 478.4444011964728 -781.4323245706772 304.17238051416035 -79.23567290539565 512.1557075959352 -809.2197168941605 305.72456591826403 -53.2506480952808 478.0286739556408 -818.7590378169638 268.62793849241905 -74.31504147349303 504.1497452030144 -826.5345981997358 323.0376524598895 -2.8866612216234175 557.8580924644306 -891.9983980881125 264.521303725581 -92.16714720642649 500.7618797507047 -832.356105413352 261.6686065773503 -96.38867267664344 523.8147179157494 -824.8442398144033 330.78806855469634 24.578848296384084 488.92968166309885 -796.7047275628616 312.96048057209765 -26.342095429521976 566.9408877078699 -884.8358326801108 334.564737618145 25.2697790804911 470.3573965974103 -799.6392740158126 318.6118054968823 -41.54610464630592 479.48056642103677 -808.4212526479222 324.8905805680571 8.01899028196825 541.0266972827764 -841.5956538870744 299.37502041630023 -48.1497453886201 540.873353560641 -849.9733016347359 289.86433168785965 -60.37548094915377 523.8296601579082 -844.8186128892199 284.5255959879521 -64.06275734618762 475.26222394264505 -787.5051076709752 301.069507327905 -64.51403516441326 511.3835555854669 -827.9523951398977 329.08238330918255 -9.79923170699951 531.6249304030973 -840.1016139074792 331.7634657320749 0.04789798792047588 505.01839531921996 -796.2695406260999 312.1158177025956 -37.8798602970394 487.41616117316335 -817.7304557202626 294.66971328646497 -74.76881575089698 567.3820501603283 -878.6873430404171 320.17733649595164 -19.1255451308222 474.4171086243156 -795.9360630660067 322.32137597017896 -36.878146362173936 481.6301931279066 -813.9964993480052 317.56759939691995 -11.697071151435322 473.4150294061117 -780.4536584480514 326.2020792923591 -15.594179282597379 502.5201108232433 -817.0624567572779 345.29527531244327 49.4319040818601 531.5980950124882 -856.2474322010606 337.53434721842905 0.652790499724339 506.6048097947039 -809.9202207003248 296.1699310620107 -85.4926868023727 518.1462978386149 -813.2405453504634 334.9076674395884 5.765660344968358 511.6567046587876 -817.3971193206785 343.2014685579672 42.76369075619948 519.8544668419578 -848.0256961521134 306.3596781875616 -68.56004522578927 500.1537952731278 -793.944365529451 297.95751514470805 -69.53955355154125 497.7912290224766 -813.5153882725745 333.0817016040425 17.783952958844647 553.7718272356532 -849.5107858917593 340.01266567066705 16.757061344053504 559.2962413874867 -887.3378427825148 302.3135605998529 -72.8424451499472 476.7800312680278 -801.3603908578158 263.2967915788178 -84.0273489651808 493.2847932649908 -818.8921443025857 322.85934286571876 -28.592246491171096 569.8406449492836 -871.1566298752817 290.8504673640842 -77.97028069157572 537.0468061508066 -856.9349213952644
1740.0048855897958 2.8657694402372664 1.3901023647957407 3.108363383366918 1.3901023647959672 1.9659016173813757 1.554181691683442 1.3901023647959323 0.6950511823980264 1.390102364795951 1.7376279559948384 0.6950511823978945 1.390102364795787 0.6950511823979374 1.3901023647958632 1.3901023647959398 1.3901023647961284 1.5541816916834927 1.3901023647959454 1.3901023647959312 0.6950511823980482 1.5541816916834827 1.5541816916834492 1.3901023647959339 1.390102364795825 1.3901023647959423 0.6950511823979753 0.6950511823979685 1.9659016173811648 1.5541816916835025 2.7802047295918606 2.8657694402372957 1.3901023647960384 1.3901023647959814 0.6950511823979014 1.3901023647959516 0.6950511823977981 1.390102364795913 1.3901023647958537 0.6950511823979233 1.390102364796039 0.0 1.9659016173814117 1.3901023647959565 0.6950511823979593 1.3901023647959394 2.8657694402373277 1.965901617381285 0.6950511823980107 1.5541816916835156 1.5541816916836246 0.6950511823979241 1.3901023647961324 0.6950511823979887 0.6950511823980287 1.3901023647959194 0.6950511823980512 2.8657694402372953 1.39010236479586 0.6950511823979413 1.3901023647958308 1.3901023647959418 0.6950511823978973 1.3901023647959516 0.6950511823979556 2.865769440237269 1.3901023647959945 2.865769440237274 1.3901023647961255 1.5541816916834739 0.6950511823979413 1.3901023647959436 1.9659016173813597 0.695051182398032 1.3901023647960893 0.6950511823979145 0.0 1.9659016173813775 1.9659016173813166 1.5541816916834381 1.3901023647960031 1.3901023647959412 1.3901023647958486 1.3901023647959379 0.6950511823979049 2.8657694402373015 1.5541816916836022 1.3901023647959565 1.9659016173812682 0.6950511823979038 0.6950511823980458 1.390102364795926 0.6950511823981209 1.3901023647959525 2.8657694402370804 1.3901023647959596 0.6950511823979968 0.0 0.6950511823979619 2.8657694402372917 0.6950511823978988 1.390102364795941 1.3901023647958308 0.6950511823979255 1.3901023647959776 1.3901023647959356 0.6950511823978316 1.3901023647959405 0.6950511823980279 1.5541816916834923 1.5541816916833735 0.6950511823979432 1.3901023647961266 2.865769440237286 1.3901023647958433 1.390102364795934 1.5541816916833422 1.390102364795942 0.6950511823978717 1.5541816916834812 0.6950511823981085 1.3901023647959436 1.3901023647958604 1.3901023647959372 1.5541816916836695 0.0 0.6950511823980015 1.3901023647959425 0.6950511823980776 2.8657694402372647 0.695051182398147 0.0 0.6950511823978794 0.6950511823979131 1.9659016173811688 1.390102364795963 1.3901023647957638 2.865769440237291 1.3901023647961186 0.0 1.3901023647960251 337.30823674350233 27.333517906136628 498.1425503171939 -805.6657940014321 347.8403015270134 47.96253652057319 536.400327457717 -847.4365178507695 316.63224579133407 -27.584694346712354 558.899274572513 -883.8217725746042 308.17711898685064 -55.19711381539145 548.8055138442618 -859.1462565929286 286.75604070562343 -77.20315826349123 547.6257478338865 -891.0149643696087 308.7632613460469 -31.93851171070992 515.4683206092915 -823.6618279625151 327.5203184512438 9.19625497326568 469.839103624784 -788.4646427467708 331.36201838293266 7.8364376719182784 529.8000631445333 -851.102624232355 308.3430248362813 -62.93488038365579 496.9196208881669 -834.3940950371098 318.0937490047669 -35.21110914949781 519.0683340167265 -836.5236266797838 339.92168171504636 33.11681498448541 521.2592132278162 -843.0744117705589 302.78169594103645 -45.839009832140164 484.5987066991055 -789.6494485398905 321.66655272846475 -15.083240921836154 537.0640611744943 -837.8114402785217 293.4780144707292 -57.97662287636966 534.7048996067532 -865.4986982589045 325.12988560680157 -12.330085739832013 489.74184144455796 -785.4475480551189 260.71165234838776 -92.4540562615373 501.6311785261802 -811.5533340935649 314.2211861450223 -58.07754906655398 545.566513497986 -850.1324132528338 299.2587017698989 -82.24432673460856 527.63533447529 -836.2865642875886 303.45598927725433 -64.1632124997801 561.9338632090117 -864.6996102173767 314.16536365519187 -46.83986117820191 478.0422011279507 -795.6391433285881 311.7854375124203 -53.15926831030072 470.2577183400206 -795.7261863129163 290.70777027342035 -71.15398386596176 507.0925971636488 -822.1980434048467 323.5804718800208 -25.246167715159093 514.9501401945569 -840.9804031387515 346.5710083613259 38.81484167342079 498.7652496182268 -824.6385301984784 326.8591119753704 -28.52933372509714 544.6426660104623 -867.1766478209373 276.2785474704611 -73.03275682987547 523.5820739921155 -834.4895060330678 306.6594369895402 -39.355826258292105 484.00449088055825 -807.1312141994991 266.0894660401085 -105.88706995556355 495.15374673528396 -793.7201235612642 314.6726742437525 -38.434391111901206 481.0910350573803 -799.3471334607383 339.5825950286511 21.183514801535445 562.2350163760121 -857.8560262259448 336.156768614998 10.296104086203302 492.43240295468496 -802.8817000274437 297.9344234149096 -57.9945297808526 487.9182271633147 -809.2913924948608 327.87191666220247 -7.307644868271839 532.6878316180362 -828.865012332981 296.4286131627429 -95.03910306273298 477.83528282999146 -784.4609935660727 303.22025619511135 -82.6662964477041 511.93676292020837 -811.1507597051951 304.23165012642363 -56.667488192935245 477.9770483563301 -823.0942109544735 268.7549877624443 -75.85881927556454 503.7015174628084 -828.8065908544686 323.1681866471924 -4.822354100564067 554.6302063478313 -893.2899627806088 264.98004705583105 -94.04808645762027 500.54540483388456 -835.4632782492973 263.22437495129816 -100.45304463567315 523.5049533411271 -826.3594464856966 330.1251305836797 21.895103435595367 488.71756964239694 -798.6328625986667 313.46894924862295 -28.292152853000307 565.422395671726 -885.3534465391735 334.08254876515525 22.19416489508383 470.1561893083156 -803.3473755716527 317.3941595353192 -43.04375302713313 479.9381923120342 -810.8915474225333 324.22675728059187 5.335757969951067 541.7258962709793 -842.9257879354261 299.1355216421743 -49.29965285506215 540.7252904443013 -851.9039301100859 289.3665159318538 -63.448583065943616 524.0508088618566 -848.3718902108911 284.10373425905857 -65.59802477208898 473.88443719451476 -790.3753851100736 299.91943892627205 -68.7150198475433 511.4522529439172 -829.5434002646667 328.74970551203756 -14.037408590526862 530.6761211278247 -843.0676938332032 331.2660659678727 -3.412936167043087 504.58742163450535 -797.3622477628477 311.2851466936667 -39.394423574806396 487.3172936495646 -820.0743386731892 293.9487438426473 -77.82801449274992 566.9560935275169 -880.1286616775732 319.6970096582711 -21.812667348177303 474.31426634334025 -798.2835461259469 321.0754978822668 -39.14992462227026 481.8457323444029 -817.596822611697 317.33596676785936 -12.848888675795711 473.14834034531816 -782.7674276666698 326.215905066625 -20.809668089828186 501.935389558345 -818.9112201872247 344.77017137318046 45.199442171491306 533.4049677784903 -858.4729393725132 336.8449764613543 -2.802612694639148 506.4939285021236 -812.2638612133139 296.2381575878341 -87.81655341550494 517.7140497896738 -814.3300718593805 334.2192685786382 2.3102489173546146 511.39589889076274 -820.5040445673818 342.1491970630561 40.093232590781284 520.3542125326323 -851.2227495441105 305.0952601916813 -70.82077825809186 500.3189372308994 -795.953774083986 296.3089651428561 -71.7841041733268 497.6898072929641 -815.8611676226162 332.9855619441775 14.696388629520763 553.2152214021025 -850.5548371496377 339.3501238566534 14.073206778036413 555.9326214320063 -888.4115667044363 301.43448762615736 -75.12104054756615 476.13311476483494 -804.3811502319436 263.25665328435076 -86.76000155146279 493.34557472401184 -820.4840929247259 321.5757391420341 -32.02376104637769 567.5884680082606 -872.6756536819322 290.28442597501083 -81.42051021797131 537.3835356679738 -858.5513260741327
1750.0048855897958 1.3901023647959425 1.3901023647958821 1.3901023647960289 0.6950511823978014 1.3901023647959398 1.5541816916833564 1.3901023647959547 0.6950511823980942 1.3901023647959645 1.7376279559948384 1.3901023647959327 1.3901023647960888 0.6950511823978955 1.9659016173812032 1.3901023647959387 0.6950511823979086 1.5541816916834899 0.0 2.8657694402372784 1.3901023647959476 1.390102364795972 1.3901023647959787 0.6950511823979575 0.6950511823979268 1.55418169168348 1.3901023647961581 0.6950511823980037 1.9659016173815413 1.3901023647959365 1.3901023647961253 0.0 0.6950511823980864 2.8657694402372758 1.3901023647958486 1.3901023647959463 1.3901023647958626 1.5541816916834719 1.3901023647958355 1.3901023647958584 1.5541816916833848 1.39010236479599 2.865769440237413 0.6950511823979074 1.3901023647958668 1.3901023647959494 1.3901023647960382 1.5541816916834583 1.3901023647958186 1.3901023647959345 1.3901023647960011 0.6950511823978835 0.6950511823978305 1.3901023647959498 0.6950511823979133 1.3901023647959194 0.6950511823980047 1.3901023647959476 0.6950511823979992 1.390102364795936 1.3901023647960828 1.9659016173813957 1.390102364795859 0.6950511823979764 1.3901023647960984 0.6950511823980495 1.3901023647959074 1.7376279559949424 0.6950511823979589 1.5541816916834912 0.6950511823979577 1.3901023647959565 1.7376279559949253 1.3901023647959567 0.6950511823980311 1.390102364795943 1.554181691683514 1.9659016173813937 1.5541816916835176 1.3901023647959505 0.6950511823977786 1.5541816916834654 0.6950511823980107 1.5541816916834188 0.6950511823980569 1.965901617381405 0.0 1.3901023647958919 1.554181691683406 0.695051182397944 1.3901023647958606 0.6950511823979361 0.6950511823977891 1.3901023647959274 0.6950511823980673 0.6950511823980583 2.865769440237231 2.8657694402372726 0.6950511823978853 1.5541816916835098 1.3901023647959065 0.6950511823980582 1.3901023647957942 2.8657694402372584 1.39010236479609 1.5541816916834326 1.3901023647959665 1.3901023647959465 0.6950511823978498 1.554181691683497 0.6950511823979822 0.695051182398058 1.3901023647958348 0.695051182398041 1.3901023647959414 1.3901023647959365 1.3901023647957929 1.5541816916834805 0.6950511823980084 1.5541816916834885 0.6950511823979021 1.3901023647959407 0.6950511823980385 1.390102364795945 1.554181691683419 1.3901023647959163 1.3901023647958999 1.9659016173814154 1.3901023647958326 0.0 1.3901023647957498 1.9659016173813346 0.6950511823980068 2.8657694402372664 0.6950511823979841 1.3901023647959134 0.6950511823980523 1.5541816916834967 0.6950511823978861 2.8657694402373104 2.865769440237261 336.60546504744974 23.492935881624966 498.17257632591975 -808.4301088549284 347.28167118228424 42.57146333581724 535.8627178745052 -849.3018462202034 316.67309834519534 -31.450120192479357 556.518880480128 -884.3218279022367 307.2407055907917 -59.02227030046763 548.4077232221459 -860.6414099711767 286.1024251689133 -79.88886522505277 544.5220372333375 -887.9832439346691 308.87853714224457 -33.87557365504584 515.3126027430793 -825.5942258925717 327.85456057008827 7.639627410843469 468.8261102191494 -791.4085893207061 332.23612438459617 5.101998468807489 528.8028990418476 -852.5044365131336 306.81929856520935 -66.73145840689018 497.4137441278346 -836.0507326747401 317.5197941711537 -39.82543098765126 518.8745545997311 -838.8417461043563 339.03908148511914 29.667764420250847 520.6982490573599 -845.3305380226709 302.3155264696405 -47.751477248630884 484.81786368920245 -790.4846564589609 320.9717412618023 -18.14789669760522 536.760384975952 -840.5053455000963 292.43513492139084 -59.86647563825789 534.9048174650487 -869.023271512618 324.58605441417836 -16.560114761392963 488.8894370840283 -787.6360113768376 261.86881464443286 -95.0152702407298 501.59718557438265 -812.7276032485647 312.8775974564473 -62.269725432096024 544.956288378925 -851.9779228406276 298.68893446359124 -85.69416872602855 527.2385670843648 -838.5677588147578 302.5163995247015 -67.98736651114616 560.4763556299517 -865.9680036127423 313.6170799770261 -50.682044231618896 477.835010566434 -797.568694389111 311.0742313011405 -56.22107080024682 469.84212574148233 -799.5856911620302 291.17570439838687 -73.87855791053113 507.04900391935774 -824.5489420845098 322.46695212326046 -29.066961373092674 515.9838083121358 -844.2756627778086 345.26581057286785 34.220357195540835 497.82357376636554 -827.604570080425 326.1601630259738 -31.59370361521025 543.3915715224974 -868.575733230193 276.67756218539154 -74.57139860905147 522.6115769896325 -836.6718987292937 305.61521110646527 -41.24536111120815 484.71672925103746 -808.4596341216334 267.3727712214905 -109.47769763293786 494.0319767452815 -796.247435599915 313.9513638571116 -41.88308357026679 481.25937144691414 -801.3563581841291 338.8785862586795 17.343064273233104 562.1907500938395 -859.5834472133563 335.4623442269178 6.842202333382554 492.3889364786112 -804.056988814399 297.62911793293097 -60.68711944647579 487.8359744559904 -811.6387887124506 327.5536372249978 -10.773152647014916 532.0135692023557 -831.4877440671008 293.31579605355734 -97.19169417928808 477.62798036822437 -786.3902585293629 302.67102734764154 -85.73062569530838 512.4287203131253 -811.6398002901951 303.66401195197466 -60.89467028624194 478.6427613557156 -826.3996590404993 268.59496633707147 -78.20196602180101 503.9317265066 -830.8134252912051 323.26386871497095 -7.529854987056564 550.8050503101805 -894.2295330902846 265.808264258573 -98.21772016768786 501.28199049394544 -839.1177924231024 263.8157427788141 -104.26925703860655 524.1250431536768 -827.2577625249099 330.0375535520553 19.19411905718681 487.64248838140435 -799.9878700813242 312.99183282276675 -30.592119116202117 564.5532766923487 -885.3647464891487 333.596286349383 19.119418017831897 470.09103196539115 -806.4886870311167 317.0240670127807 -47.27983160126209 480.7309157645023 -813.8103321893774 323.7878427359302 3.8058940703813393 541.6639196864155 -845.2746934331681 298.8289023721555 -51.991979744442006 540.4741202244701 -853.4252799054177 289.2794167577429 -65.76396798123011 524.9639524832311 -850.0705580204614 284.63927900559435 -67.54170289473099 472.95168212239867 -792.9409924191791 298.9870052459056 -72.15080959273932 510.79967549272175 -830.9941404449088 329.37943533469956 -17.925097727835123 530.2888590992941 -845.3534678630314 330.7850242558957 -6.1006099476323845 504.01005132242454 -799.211977347877 310.2908878116975 -44.764013936054205 487.5232262967947 -822.0832762236389 293.78266417040595 -81.29938609629002 564.7189738786337 -880.8680311004094 319.2219554502165 -24.113023306328863 474.13457963740007 -801.0051680266984 321.6733588479493 -43.425490027292085 482.07568105930164 -820.3951782697111 316.3290391781295 -13.970496547147688 471.8082521338683 -784.4595689960704 325.9058831738473 -23.888969707197383 501.23618512548927 -821.528912984792 344.06860481528116 41.35830898901614 534.5677998329015 -859.8449976441785 336.7234542251016 -6.275379569241719 505.32292040730425 -813.2099428394752 294.01365849990276 -89.63027498445884 518.5868949154485 -814.897496680838 333.8927982528691 -1.5422103735761494 510.8928101588668 -823.1605562952298 340.4827824588607 36.282867361223175 521.3580277989495 -853.7109417903083 303.96929677565436 -74.24732813545198 499.4695927605386 -798.1441634189348 295.7925781647176 -74.85395292920221 496.98338914243357 -818.4766402283083 332.5100786947716 12.007472454809871 552.1032292132825 -852.2413737594072 339.41599881326295 10.206951108610003 553.3334334490854 -889.2482231493833 300.8644765829431 -78.95935455454857 475.504786862656 -807.4075782069309 263.47955851792244 -88.28734335371215 492.4114393343712 -822.2716141029288 321.0208868855276 -36.25338320207108 566.2930729181501 -873.4860227182361 290.27266778711584 -85.28667616452792 537.7534628005149 -862.5167915162049
1760.0048855897958 0.6950511823979372 0.6950511823979126 1.3901023647958866 0.695051182397781 2.197944826770737 0.6950511823980748 0.0 0.695051182397754 0.6950511823979109 0.0 0.695051182398052 1.3901023647958415 0.6950511823979185 1.5541816916834796 0.6950511823980433 1.3901023647959387 1.5541816916834732 1.5541816916835631 1.39010236479594 1.3901023647961281 1.5541816916835007 1.3901023647959767 1.3901023647959323 1.3901023647959134 1.390102364795945 1.3901023647958106 0.6950511823980303 1.390102364795899 0.6950511823980566 0.6950511823979277 1.5541816916834215 1.3901023647958968 2.86576944023726 1.554181691683417 1.3901023647959239 1.390102364795788 1.965901617381353 1.39010236479606 1.3901023647959343 1.390102364796015 2.865769440237269 1.9659016173812776 1.390102364795917 1.390102364795867 1.3901023647959418 2.8657694402372615 1.5541816916834326 0.695051182398025 1.9659016173813861 1.3901023647960504 0.6950511823979904 0.6950511823979167 0.6950511823979015 0.6950511823979623 0.48653582767868275 0.6950511823980229 0.6950511823979185 0.6950511823980461 0.695051182398043 0.6950511823979331 1.3901023647959374 0.6950511823979362 0.6950511823980287 1.3901023647959905 1.3901023647959454 1.3901023647960264 1.7376279559949424 1.3901023647961024 1.3901023647960133 1.3901023647957669 1.390102364795926 1.7376279559949253 1.3901023647959414 1.3901023647961044 1.3901023647959465 1.5541816916835005 1.5541816916834839 1.5541816916833264 1.3901023647960205 0.6950511823979904 0.0 1.3901023647961246 0.6950511823978999 1.554181691683525 1.3901023647959434 1.5541816916833835 1.965901617381281 1.9659016173813635 0.6950511823979022 0.6950511823978164 0.6950511823980572 1.3901023647960928 1.3901023647959243 0.6950511823981435 1.3901023647959376 2.8657694402374316 1.3901023647959354 0.6950511823980043 0.0 0.6950511823980096 0.6950511823979543 0.6950511823979559 0.6950511823980501 0.6950511823980349 0.6950511823979494 0.6950511823979793 1.9659016173813975 1.3901023647958146 0.0 0.6950511823979525 0.6950511823979563 0.6950511823978643 1.3901023647959359 1.390102364795807 2.8657694402372704 0.6950511823978519 2.865769440237282 1.390102364795784 1.5541816916834885 1.3901023647958208 1.390102364795942 1.390102364795975 1.3901023647958914 1.5541816916835822 1.5541816916834088 1.3901023647958786 2.865769440237259 1.3901023647960529 1.5541816916834907 0.6950511823979549 1.5541816916834963 0.6950511823980325 1.3901023647959385 2.865769440237131 1.3901023647959578 1.390102364796046 1.3901023647959376 1.390102364795949 1.965901617381343 1.3901023647958273 336.71941997532315 21.170688886244285 498.00283267523236 -810.3605917548448 347.5670849842369 39.47155459215325 535.665722190252 -850.0116668898202 316.133615111801 -35.09916012614505 554.8150258698422 -884.6325308332789 306.70365331434795 -62.47721301068779 547.4234214912989 -861.4570276991177 286.04856599385147 -81.43063915134016 544.5424402950434 -890.1495335124446 308.4276448822664 -35.40238601194753 514.5162138628558 -827.812011983246 327.5918291191083 5.7170438759609805 469.58228609884264 -793.5297142339866 332.307917740355 1.8134840430235488 527.7054720976596 -854.135268362657 305.67610169389417 -70.54402063649135 499.2881022659441 -838.7285118065254 316.9860263606246 -43.281194200106256 518.5957351209422 -841.1384680899155 339.31982147667424 26.566861801333722 520.202835104626 -847.6061668741311 301.65365030785705 -49.655436230628766 483.71275929945887 -793.020768913163 320.39787591315246 -22.761727168349584 536.694788541599 -843.242432507865 292.3701970986668 -61.40909297298155 533.8453248012046 -872.9427965214645 323.8835156843579 -19.62312627577265 488.04819321520336 -789.8304720857384 263.10319839537266 -97.95018136674058 501.816272807277 -814.7290571162945 312.684147783644 -66.51285748416599 544.4964760148307 -853.8898628651086 297.3261490691558 -89.48821314177282 527.7937473383341 -840.646095158401 301.6078772423394 -71.03904815402164 559.287931960803 -867.5008415638187 313.4326549683236 -54.925457047487996 477.1932279341817 -799.806416961087 310.5008725185918 -60.4473640013007 469.95870466997025 -801.974788510085 291.6720583789198 -75.83197655277876 506.38344024362846 -827.1748232365828 321.98494265656234 -31.36572640227734 515.4136732766635 -847.6983655455628 343.6183644960107 31.18571756553677 497.8064485528019 -829.9544278998106 325.43748584062484 -35.04216133665624 542.8592740890676 -870.0400184410822 277.4617892715192 -76.88451745664037 523.3101246956483 -839.1667415174745 305.75890112420916 -42.410566354744056 484.4711459730387 -810.7727283282599 268.1019027295562 -112.02144527127727 493.3539956654253 -797.6898384226367 313.08081240285884 -44.164819183875856 481.18965746669323 -803.7054621808345 339.38982010227977 15.393380711074322 560.9894349630174 -861.1424745228202 335.74918209038134 4.126465584850382 492.218690943131 -805.9871002187994 296.79180016893645 -62.197778390982506 487.7645855274129 -815.1608015092581 327.2539626867676 -13.467014565856708 531.4428678248937 -833.3453605669808 289.87227182686735 -100.09987688948976 476.78818607178306 -788.5839707972872 301.755584359862 -88.38852229647729 512.3925376263318 -813.9889205126337 303.322756045836 -64.35848499148389 479.1571733994092 -830.8576524594386 268.8324716328267 -80.50660302825644 502.887995562715 -833.3763505268447 323.76729204386555 -9.481396033489444 547.5694327529271 -896.3185987846038 266.7232377316246 -101.59257850676038 503.50506342293676 -841.8819490030208 264.42286877255094 -106.91027366722973 524.3678744202782 -828.0956642311024 329.7905594270409 17.656893121060843 486.814937083377 -802.186288231499 312.50993092439626 -32.89106570777144 561.7103645411792 -887.4602652616948 333.0754107952673 15.274119770908301 469.8079700632214 -809.9761579287584 316.11070791303206 -50.525396265795294 480.7554023286684 -815.7805476618134 323.16581979156285 2.6697517406837323 540.593162258761 -846.9745814785383 298.7314194945587 -54.3069214202934 539.9066756713952 -856.0941488310684 289.18916063393 -68.07893454883634 524.4767365421967 -851.1753836095647 284.39597569753903 -69.46630029116704 472.9878127142735 -795.7064272395745 298.8212670651376 -75.62206701509447 510.145058071254 -833.6266379951526 327.74377767177987 -20.17873987149926 530.6925265845384 -846.99259381668 330.8746895295903 -8.809574064767942 504.3583352755692 -800.4613367614503 309.5963084764959 -47.43947638771738 486.87010292771447 -823.5345695958765 292.98874816699237 -85.5120066788527 563.1882309647555 -882.0187525424003 317.5039501474838 -28.29346947101049 473.4344015941903 -805.5890890803671 320.190792272624 -46.45418529962131 481.7781684676189 -823.088620706451 316.4448385498165 -15.907850085335458 472.0651406880885 -786.087537722062 325.5863595805114 -26.96782558615284 501.2205655260489 -822.702704550899 343.95375102388846 37.88474796216335 533.7828494391422 -860.3000380666725 337.16880153124964 -9.770348919792065 505.8541110849491 -815.6635447748803 292.8628598869675 -93.04860273883895 518.6897366033984 -816.4880382004003 334.16174278658673 -4.6438374270064084 510.7442398960665 -825.0965737748427 340.4182265383543 34.353972786929134 520.0552280931802 -858.2121233528059 303.3999943940911 -78.0862615927468 498.4976203039743 -801.1035405313232 295.2254244724627 -79.08111403964425 496.3971802161639 -819.547408968423 331.0345608956847 8.581747425817493 552.20559248237 -853.5490460646066 339.111638688941 7.12745741509484 550.9131627496929 -890.4835869070675 299.51718514398124 -82.75899241384283 475.53190924698504 -811.342935009351 262.9494282307482 -89.93125439961061 492.3827229535941 -824.6188728389377 320.34485361043346 -38.54380445364368 564.4012379041942 -874.799935779733 289.2954650479957 -89.10130771999715 536.5124733682951 -865.2561713765662
1770.0048855897958 1.5541816916834743 0.695051182397941 3.1083633833669118 0.6950511823980643 0.6950511823978803 1.390102364795906 1.9659016173812955 1.3901023647958282 1.3901023647959239 1.5541816916835973 0.6950511823978823 0.6950511823979726 1.3901023647959432 1.5541816916835176 2.86576944023729 1.3901023647960449 2.865769440237248 1.9659016173813206 1.9659016173814055 0.695051182397824 1.9659016173812907 1.3901023647960637 0.6950511823979719 0.6950511823980414 1.3901023647959423 1.3901023647958082 0.6950511823980002 0.0 0.6950511823979912 1.390102364795968 0.6950511823979576 0.6950511823980338 1.5541816916835272 1.390102364795981 1.3901023647959336 1.3901023647958886 2.865769440237256 0.6950511823977684 1.3901023647959394 1.3901023647957786 0.6950511823980207 1.5541816916833655 1.3901023647959545 1.554181691683398 1.5541816916834486 0.695051182398125 0.0 0.6950511823978834 0.0 1.3901023647958841 1.3901023647959363 2.865769440237312 1.3901023647959485 0.6950511823980418 2.8657694402372837 0.6950511823979272 0.6950511823979548 1.3901023647958914 2.8657694402372873 0.6950511823979223 2.8657694402372718 0.6950511823980462 0.6950511823980471 1.390102364796121 1.390102364795942 0.6950511823977413 1.5541816916834383 0.6950511823979565 0.0 1.3901023647960982 2.865769440237235 1.5541816916835143 1.390102364795939 1.9659016173813002 0.6950511823980079 0.9730716553569748 0.6950511823980224 0.695051182398087 2.865769440237282 1.3901023647961142 1.3901023647959376 0.6950511823978947 1.3901023647959476 1.55418169168353 0.6950511823979787 1.554181691683474 1.5541816916834446 1.5541816916836237 1.3901023647959414 0.695051182398179 0.695051182397928 0.6950511823979398 0.6950511823980542 0.6950511823978555 0.69505118239794 1.3901023647959834 1.5541816916835216 1.3901023647960713 2.8657694402372704 1.390102364795914 0.6950511823979969 0.6950511823978639 0.6950511823979736 2.865769440237202 1.5541816916834863 1.3901023647957504 1.3901023647959327 1.3901023647958526 2.865769440237261 1.390102364795943 0.6950511823978753 1.3901023647961264 0.6950511823978861 1.3901023647961341 2.8657694402372837 1.3901023647959454 1.3901023647958752 0.6950511823979911 1.3901023647959396 1.3901023647960251 0.6950511823978885 1.390102364796072 1.3901023647959334 1.5541816916833446 1.5541816916834685 0.695051182397962 1.554181691683493 1.3901023647959416 1.5541816916834406 0.6950511823979274 0.0 1.3901023647957924 1.9659016173813555 1.390102364795863 1.3901023647959205 1.3901023647960784 2.865769440237316 0.6950511823981291 0.6950511823979382 0.6950511823979892 335.99592401770934 17.333605273668848 497.263472855151 -812.1818089658937 346.32758080306974 37.196191857873465 534.719007737868 -852.5466511958559 315.4050444918177 -38.54616743586725 553.6386074406759 -885.6341209385577 305.93293647385553 -66.69379600450952 546.1856223951893 -862.4604984383475 285.4324756101232 -82.56890765005335 543.6594163766001 -892.769551752602 308.50361158681494 -38.111194013234375 513.6621865762528 -830.3942980232515 327.4409787456963 1.8580036342959048 470.77985604469484 -796.5120449665438 331.60565001174524 -1.25087515209853 526.1465682515211 -856.8338982604297 305.11300470186615 -74.18917623109749 499.09271491249615 -841.4680549995187 316.48185263763753 -45.964534524475745 517.7244168518046 -843.6536446513277 339.0134762171179 23.487310027421106 518.9680291038693 -849.5697997350168 301.02418678245255 -50.78688473640347 483.8013358726266 -794.6116358353054 320.47568892625367 -25.470363930055978 536.4900144630697 -845.232266318367 292.4794824467124 -63.34635606972215 532.344590973036 -873.1337187556976 323.96266765292967 -22.331541477687917 487.8420083236222 -792.9372718006232 263.41739342160844 -99.85343543397899 501.00520256014016 -815.7592171538274 312.5386300300497 -69.59834204404235 544.5310990909715 -856.1494840101287 295.81504649313007 -92.50014215533528 526.9229606474013 -842.3856965526239 300.25223240562974 -75.22689645118196 557.4059999031219 -868.9062556445167 312.8570820177109 -59.15200944361092 476.92242982602085 -803.2925316997123 309.7470898433989 -64.2785153937974 469.76267994764845 -805.0809088980878 291.1497616505734 -78.90085128994187 506.10779662164595 -829.889701884223 321.0969722621679 -34.03289316484373 513.8584776198811 -851.1776051867113 342.6635265150464 26.197048835410754 496.97385540763366 -830.9799690009004 324.147434254737 -38.07856317476185 541.2940166272916 -871.7491432324465 277.6599658225071 -79.58629395932829 522.5393039179858 -841.726183292693 305.0957942018855 -44.3139924266783 483.86866828665757 -811.8453886691238 268.62717824987567 -114.59299330399766 493.065497542952 -799.2061917862252 312.80390515521344 -46.08506935430964 481.3994890491166 -805.7086438419218 339.07833112638946 12.313613238037794 559.8145622009649 -862.6641253665482 335.06362110382446 1.4486975355002958 491.2865583844012 -807.7721823109687 297.285910363705 -64.15240326534195 486.8034313532993 -818.1191766980962 327.1895827897598 -15.01024808303019 531.0345885191689 -835.2832550451171 286.4154099770773 -101.5819618403553 476.7261761346805 -790.9304357884286 301.37771864175335 -91.84907351083011 511.7032230534319 -815.4286080916232 302.5559490046683 -68.57595141859231 480.96211320261943 -833.7159159707818 269.2827288758444 -83.17824380164713 502.3747575373208 -835.210800280253 322.93211117182227 -10.992758780122337 544.9254685567128 -898.1715487726526 267.60054538047916 -105.74261151155925 503.78104041735116 -843.5532231713455 264.62291286475994 -110.39267075338182 524.039562549701 -830.0182197807698 329.5107387109702 15.348660179508345 487.66565204063653 -803.9205274438128 311.6714429651644 -34.40110557463166 559.2603632711472 -889.3556831782121 333.5222569567101 11.779092225504806 469.61199501073634 -813.0830700948089 315.5538384448734 -54.366234139599335 480.61111668803665 -818.5179613135047 323.8762084886232 1.0955340670120257 539.6776113409902 -849.5109469690998 298.0706041948482 -56.210883895930586 539.1193575248859 -858.3225310146826 289.72156105510794 -69.25954197862168 522.929116418462 -852.5803905939397 284.3528642840526 -71.01033934246104 473.78094475439707 -799.7904875849937 296.8845734436934 -79.78249123465177 509.3238909156796 -836.5737017322067 327.70876702609655 -25.587752306721327 530.0717149943 -848.8347067327693 330.3940662479873 -11.108089662027156 504.42197007263513 -803.2275472862468 308.7566098703968 -48.9486599080223 486.8522273501351 -826.3097854837491 292.18852024269154 -89.72114126363054 561.0306585719509 -883.6475428029937 317.59776280802987 -30.6165905075331 473.12192340481556 -808.2783560073907 319.8787352620095 -49.14590823175131 483.2511442022739 -824.5736203281435 316.38043239574495 -17.451345268825428 472.1198702401129 -788.8499940156029 324.120833293655 -29.61060592358547 501.6507622172927 -824.3625010538532 342.98935217564105 32.50992670643321 532.8218377160707 -861.9830864623846 335.88512190700874 -12.809610848774932 505.81819581209186 -816.8357212382157 291.6977975727168 -97.08641955027166 517.8409254782424 -818.679526348416 334.08345578203256 -6.572759127034854 510.3092777878921 -826.9730347503837 339.5198070142481 30.908637837950113 520.1293939519506 -861.2125078004697 302.4577203852599 -81.51935809933033 498.0658990772475 -803.3833161042708 294.4270832375303 -83.68088687600623 496.2886494951424 -821.8950683705575 330.5429353978175 5.895093589930254 551.7636665463352 -855.5150863146198 338.64998187907776 5.2134478394809225 549.5988496480884 -893.1930744709927 299.37972140220825 -85.4577347244161 475.06307470688284 -814.7910625379831 263.5676504777458 -92.57145564698672 492.1604258415759 -826.5548173839111 319.6483510104973 -41.21895139523287 562.6309394592143 -876.2776266175 288.51171283554197 -92.92912240653685 535.6269580442059 -866.4594218307095
1780.0048855897958 0.6950511823980098 1.3901023647958173 3.1083633833669206 1.9659016173813582 1.3901023647959507 0.6950511823978477 1.9659016173812776 0.6950511823981793 1.3901023647959583 1.5541816916835158 1.3901023647959387 1.3901023647959394 2.8657694402373037 1.3901023647959745 0.695051182397917 0.6950511823981134 1.3901023647958428 1.3901023647959998 1.3901023647959474 1.3901023647957984 1.3901023647959443 0.6950511823981428 0.6950511823980182 0.6950511823979995 0.6950511823980399 1.3901023647958648 1.390102364795925 1.5541816916832147 1.3901023647959352 0.6950511823979652 0.0 0.6950511823978431 1.3901023647958792 0.6950511823978452 2.8657694402372793 1.3901023647957862 1.554181691683493 1.3901023647959154 1.3901023647959503 1.3901023647959683 1.5541816916834656 2.8657694402372917 0.6950511823980512 2.865769440237137 1.3901023647959498 0.6950511823979854 1.5541816916834612 0.6950511823979942 0.0 1.3901023647958524 1.3901023647959503 1.3901023647959279 1.3901023647959463 0.6950511823979484 2.8657694402372837 0.6950511823978621 0.6950511823980663 1.3901023647958846 1.3901023647959454 1.3901023647958872 1.390102364795939 0.6950511823979413 0.6950511823980424 0.6950511823978875 1.3901023647959445 0.6950511823980294 1.3901023647959934 1.3901023647957886 0.0 1.390102364796011 2.8657694402372598 1.5541816916832762 0.695051182397983 0.6950511823980862 0.6950511823979533 1.5541816916836027 1.5541816916834792 1.3901023647960138 1.3901023647960173 1.3901023647959965 0.6950511823979415 0.6950511823979743 0.6950511823978914 2.865769440237252 0.6950511823978843 2.8657694402372695 1.3901023647959307 1.3901023647960493 2.8657694402372482 0.6950511823979486 0.6950511823980642 0.6950511823978676 0.695051182397981 1.3901023647957882 0.6950511823979092 1.5541816916835243 2.8657694402372837 1.3901023647957513 0.0 0.6950511823979066 0.695051182398003 1.3901023647957715 2.8657694402373126 1.3901023647958528 2.8657694402372997 0.6950511823980502 1.390102364795935 0.6950511823980522 1.3901023647959103 1.5541816916835938 0.6950511823979113 0.0 2.8657694402372855 0.695051182398019 1.9659016173813157 0.6950511823977397 0.0 1.5541816916833118 2.865769440237236 1.3901023647959978 1.3901023647959387 0.6950511823980046 1.3901023647959385 1.3901023647959265 1.9659016173812656 1.390102364795929 2.865769440237275 1.3901023647961157 1.5541816916834945 0.6950511823979464 1.5541816916835118 0.6950511823980092 1.3901023647960178 2.865769440237256 0.6950511823980732 1.3901023647961503 1.3901023647959405 0.695051182397922 0.6950511823980259 0.6950511823980429 335.08530153741566 13.892024273089424 496.84786738456035 -815.2631933668068 344.60910799141345 32.62451855455399 532.7469009857798 -854.4698510049828 314.9178743104002 -40.84368058676356 552.1415043957925 -885.5980370623679 305.43381411273475 -70.1623641283943 545.226807560898 -863.6724135802294 285.6522363429907 -84.51123510792257 541.2983096572398 -894.8045535704825 308.3351972154433 -41.96876584650424 512.4016268080867 -831.9668121906808 326.0743825859095 -3.109018440824583 470.964293115593 -798.5231022546822 331.250337816601 -5.100884105361446 524.9179462138554 -857.8304210681033 304.6436148955008 -77.27094934038665 497.50918093332183 -845.0285882737172 315.6970763609332 -50.66565926490581 515.5524293847104 -845.5404728810604 337.49532163723796 19.29612529113837 518.680994923595 -850.765270989695 301.13558051339123 -52.72200485869645 483.11618513368256 -796.0430999557072 319.95532384534016 -28.53953737927712 534.8961838744239 -847.8743211043594 292.4360495071405 -64.88840859738043 529.7947863267015 -873.96620408795 323.4925611631833 -24.243506716737766 488.2862704399438 -794.6070252908918 263.64983713400943 -102.1659541304501 500.7862057989963 -818.1057114264969 311.64573704273465 -73.04949129228885 543.3158810605626 -857.160185369005 295.99609763419465 -97.09196885562328 525.9850454285664 -844.053915546328 299.9691776673041 -78.70643276870365 555.9081218087917 -870.147646305885 311.92847576227047 -62.972651400319165 476.81439870681265 -806.4208435492507 309.0087623133906 -68.5024561422954 469.72930464861105 -807.8284527764995 290.9229027073977 -81.60442535627247 504.2336574478861 -832.1061769472698 319.7872126271206 -37.453834171832646 512.298822267049 -853.3970510914409 341.1316882909833 21.619276012377387 496.4855523550507 -832.8647410548684 323.047564112805 -41.121966516981644 540.2494586291738 -872.8808261959534 278.2894369634518 -81.51175273244863 521.0952280724317 -844.0077359518127 304.60946051905427 -46.611492811628985 483.3107721952538 -814.0985493919757 269.7119506511698 -117.32833538321012 493.23944668041327 -801.220757016154 312.5604244317462 -47.23331192306326 480.610397301248 -808.3144602541026 338.18125724081125 9.25804442248563 558.1393119767255 -864.2760506195065 334.77419793895604 -0.857716156603046 490.67135979362547 -809.6015416410112 296.22931143988666 -66.82142770372582 485.8414554065869 -820.2481557596826 326.31837476120495 -17.291917031315375 529.6699208141563 -836.7560035205909 284.2949790498034 -103.93585704698013 476.6405870882759 -793.2769829459518 301.8374221155551 -95.31935758870533 510.75604059483265 -817.9717526747128 302.25921650391444 -72.04586886450058 482.2309532439301 -836.7202581525327 269.4458066753223 -84.71853778618086 499.7672883799699 -837.8829257130714 322.866532531312 -12.535965070127471 542.7297580543247 -899.0596649308601 268.4077730205411 -107.94718579153948 502.08238189228024 -845.7222178983172 266.0957748807561 -112.85535460172757 523.4869057284262 -832.2800271445561 329.2403958759277 13.42733794257542 487.117149931565 -804.5874940520442 311.98935156475494 -35.960921932655154 557.3552716935817 -890.0140957034255 332.19314577368675 7.582282365854711 469.0003716296517 -817.2973644515329 314.2514177878304 -57.78889712047396 479.87428094102347 -821.0984963245979 322.7338827311578 -3.107695974623244 538.5640223090413 -852.0132725828513 297.9478542119503 -59.2946791565769 537.5025867557092 -859.5239597524319 290.2401483439492 -71.202325103547 521.3941644191889 -854.8022090140635 284.13344034779453 -72.94978579252427 473.6099301124463 -803.3025628458691 296.8559895198128 -83.27011697311903 507.6699143811943 -838.8045079772772 327.06286341257913 -27.105746167082323 528.8335647273575 -850.7704501281155 329.90919849996243 -13.406148628197402 504.2576553280426 -805.567759072374 308.69185417220956 -50.49222761600625 486.1019834840373 -828.4863774015671 292.07853401671053 -94.3455628153725 559.565515315362 -884.262955576814 316.33911177034616 -32.88043438527391 472.7224980643002 -811.7366395049985 318.9877355713259 -51.813825484024825 482.0532310541009 -827.0288920870734 316.07059179407963 -20.14345570907687 472.7571532019376 -790.557888185755 323.2313829754214 -32.27697898883641 500.8760563398437 -826.1341748782622 341.13357004495384 29.490429906335674 531.2826840762789 -864.2174890980043 336.2988664755161 -16.692269817224798 505.1668815987843 -818.2660898679705 291.9015672365204 -102.10273042256934 517.1315704006192 -820.8894882886816 334.3059026271533 -10.447287495038866 508.8905651418949 -829.328147032806 338.0193313698678 27.102707647589998 519.315897824905 -863.5867271874534 302.42155362788867 -84.99849644586035 497.26249155681535 -805.9680207042057 294.05822626008506 -87.53098323644684 496.0459120861353 -824.6548317100068 329.37077361630793 0.9196951225600104 550.5486837744508 -856.5295164815049 338.1210971691613 1.7579135126570187 548.0959767069193 -893.0602000450466 298.80818406885305 -89.70747295910084 474.9466947108795 -817.5629739398494 263.7268473782148 -94.5053405943058 490.7137026713206 -828.4836224344331 318.9004496301292 -45.05097247484143 561.9454352152534 -877.8642350271441 288.61378143209686 -95.99973421749355 534.6278926602386 -867.6378266999769
1790.0048855897958 0.6950511823980184 1.3901023647958066 3.108363383366913 1.3901023647958985 1.3901023647959463 0.6950511823982222 2.865769440237261 0.695051182397947 1.3901023647959607 0.0 1.3901023647959507 1.3901023647958908 0.6950511823980167 1.3901023647960313 0.6950511823979421 1.3901023647959085 1.9659016173813446 4.1703070943877 1.5541816916834779 0.6950511823979417 2.8657694402372886 0.6950511823980213 0.6950511823979065 0.6950511823980129 0.6950511823979855 0.6950511823979173 1.3901023647959232 1.5541816916835074 1.3901023647959434 1.3901023647958257 1.3901023647959405 1.3901023647958426 1.5541816916834497 0.6950511823977513 0.695051182397996 0.6950511823981111 0.6950511823978794 1.3901023647958375 1.3901023647959565 1.3901023647959978 1.3901023647959168 1.390102364796132 0.6950511823980293 0.6950511823980171 0.6950511823980314 1.3901023647960187 2.8657694402373 1.3901023647961204 1.5541816916834623 0.6950511823981328 0.6950511823979243 0.6950511823979063 0.6950511823979729 1.3901023647959954 0.9730716553571647 1.3901023647960904 1.3901023647959332 1.9659016173814006 1.3901023647960005 0.6950511823978606 1.3901023647959445 1.3901023647958963 2.8657694402372385 0.6950511823980166 1.9659016173813435 1.3901023647958919 1.3901023647959763 2.865769440237347 1.5541816916834827 0.6950511823979473 0.0 1.3901023647959567 0.6950511823979109 1.390102364796078 1.3901023647959387 0.0 1.3901023647959523 0.695051182398066 1.5541816916835185 0.6950511823980164 1.3901023647959365 1.3901023647960506 1.390102364795932 1.3901023647959347 1.390102364795938 0.0 0.0 0.6950511823979864 1.3901023647959385 1.390102364795834 1.3901023647959432 1.3901023647957165 1.3901023647959212 0.6950511823979363 0.6950511823979689 1.390102364795827 1.3901023647959498 0.6950511823980322 1.3901023647959438 1.3901023647961936 0.6950511823979064 1.390102364795916 2.865769440237258 2.8657694402372407 2.8657694402372855 1.390102364795906 0.6950511823979364 0.6950511823979139 1.3901023647959725 1.9659016173813675 1.3901023647959432 1.554181691683529 1.5541816916834639 0.6950511823979244 1.554181691683439 0.695051182398238 1.3901023647959747 1.3901023647958048 1.3901023647959143 1.3901023647959738 0.6950511823979798 0.6950511823979897 1.3901023647958937 1.3901023647958486 1.5541816916834785 1.3901023647960964 1.5541816916834086 1.3901023647957818 1.390102364795941 0.6950511823980556 0.0 0.6950511823978756 0.6950511823979726 1.3901023647959956 1.390102364795951 1.3901023647959443 1.5541816916834235 0.6950511823981492 1.3901023647959656 0.6950511823978813 333.42937366150244 11.256211571352166 495.85903926428244 -817.3790117654178 344.0677623086243 28.781249501782042 531.9442169439125 -856.7756868331952 315.8192528414929 -42.80570701191606 549.8390585743163 -887.039036777954 305.5686335724225 -74.78517636641668 544.6308166232888 -864.6907747866137 286.26821708398506 -86.78456182354554 539.8317646451153 -896.1426588269316 308.2689263294112 -44.282338479702055 511.0044761846555 -833.4269489345446 325.38005727884723 -5.784959829098659 470.62321151625724 -800.4102573922362 330.70793348883944 -8.750005712370452 523.6706673264441 -860.2958066600628 304.10891625732984 -81.56316099571215 496.0339975509741 -847.7540776999289 314.2622311218957 -54.121553380535936 515.1258817892897 -846.186747273804 336.7555679918941 15.46206268894297 517.7107902471033 -852.4440185922913 301.28449932855676 -55.426024021593854 484.04031401120704 -797.1053893987777 319.4905081214573 -30.45489576140649 533.5291835157153 -849.7506149633671 293.0530612300048 -67.19204256798265 527.0041422032712 -873.0386971879288 323.7540894270782 -27.345896527773178 488.63910376062796 -796.3240906392601 265.04018904649394 -104.25603852035475 499.52196637554516 -819.7003532856079 311.3762462914977 -76.92473159146105 542.9809780068057 -857.8784408128402 296.35006760042404 -99.77148956781102 525.4584299179888 -846.5139372714215 299.5955290532962 -82.2002282559559 554.2359781789631 -871.7507257408639 312.1128265198476 -67.96770447060983 476.27511245206784 -809.4870396831673 308.8473974311257 -71.18462456790805 468.9864556983722 -810.8601055293552 291.4463760640156 -83.87198342717414 501.6785478369219 -834.7131632883753 319.74479705615164 -38.61404693680026 511.3745340659506 -855.5575307298683 339.6888109596854 19.45677923893981 494.8137102053652 -835.0722806432417 322.34554788853717 -44.575943098348986 538.6484215569925 -874.5480308830998 277.7989371702822 -82.71715696489285 520.5132382284078 -845.9399068072564 304.9276790273321 -48.94089529862249 482.90153755684923 -816.3979861264722 270.9612637571759 -119.87276737472305 492.2153425745346 -803.3455923849253 312.3630169091902 -47.609178626603956 480.3484345207171 -811.0847609155535 337.53725488652645 7.739603882597027 555.8538592453342 -865.3034700474274 334.08021385077853 -3.533501891031836 490.53113182079136 -811.2115056088905 296.70365803640004 -69.89315894493284 484.9801033731586 -822.0038083040703 325.6276520682307 -19.969228967277832 528.4314258748226 -838.7049211072311 284.7295720539645 -106.21227969936109 476.2810024901971 -796.7839774590267 302.9152413237596 -99.08290973355925 509.6482686912731 -821.2797484315769 301.1979258375644 -75.55364336596135 482.57403884894495 -838.6290623683602 270.0205934316095 -87.36448237548208 496.94431557822315 -840.7603560058667 322.558956798417 -15.228398299953843 541.2317573348851 -900.3498732316543 269.2312105147385 -110.14771378741409 501.14897561561986 -847.4199428885172 267.3522531080411 -116.14626893241221 522.6870263756364 -834.4960902241246 329.529050158593 11.096288752721428 486.74980477464356 -806.4826000413419 311.7167853579526 -38.269310179236406 554.9759140003198 -890.6476842140135 331.64390870222957 3.740681731812946 467.74138489443436 -821.3648432080007 312.4824240059638 -60.86687370328101 478.6187381967558 -822.6828616628807 322.0069836649829 -6.555013197804655 537.8630744199472 -853.8976282926408 298.72575021117234 -61.61166229680325 536.8250715139903 -860.9630967211638 290.136687110102 -73.9090782735556 521.0454827484033 -856.4899411300792 284.4250845938444 -74.87445184484922 473.1213262068016 -805.5715249189122 296.65141036880846 -87.55556841753261 506.90358719653 -840.5724650692571 326.680998834264 -31.72763101524854 527.5182181981644 -852.2027893542804 329.4260103650152 -15.70414854335316 503.80548448750136 -807.4425283510403 308.4459218255832 -53.19052885107598 485.16574851996836 -831.0058102493291 292.2168343550334 -98.6240871692658 557.6354754913991 -884.8752192459505 316.4619703888524 -34.8154550986843 471.4399281908792 -814.9731954356666 317.9279454900643 -55.285435240489484 480.7055453147005 -831.0558920226848 316.00752510518384 -21.687441009742674 473.12607436514776 -793.0459655135952 322.7453989232116 -34.96652294388495 499.53304592504935 -827.2531838268433 340.2355582785752 26.43527267235439 529.8852144588236 -865.5625648634642 335.3959643752132 -19.74633447587051 504.36044001330663 -821.2604852863388 290.2916327683811 -105.14587263859224 515.4926333791759 -822.2860923009885 334.4165943390589 -12.384860935555443 506.8700250335857 -830.5081109935483 336.5264158383869 23.685841720506296 519.0779892409962 -866.4729973903161 302.37712332261145 -88.50175684376218 496.53789995068905 -808.1769596970055 294.16263663829227 -92.1837583686407 494.7761214471394 -826.6328535316602 329.0299314022438 -2.5441703858921985 549.4750256490612 -858.1498444975509 337.4603579521122 -0.14626108559121082 546.6558926138538 -894.4277464906985 299.37586358700105 -93.15460736432615 474.1243683693821 -819.7487540833633 264.66522360080637 -96.28990686304172 490.0744044684959 -830.3096646840488 318.22185250490446 -48.51687641806049 560.0960381396305 -879.2651731062368 288.1343473066913 -98.40707202384759 533.6978070352073 -869.895723601232
1800.0048855897958 1.3901023647959432 2.8657694402371856 3.108363383366905 1.390102364795996 0.6950511823979605 1.3901023647960784 1.3901023647959352 1.3901023647959065 1.3901023647959327 0.0 1.3901023647959296 1.3901023647959305 1.3901023647959372 1.5541816916836546 2.8657694402372584 0.6950511823979506 1.554181691683495 1.9659016173814101 0.6950511823980363 0.695051182398098 1.3901023647959407 0.6950511823981027 0.6950511823979679 1.3901023647960797 0.6950511823979727 1.3901023647957964 0.6950511823978864 1.3901023647959354 0.6950511823979573 2.780204729591929 1.5541816916834374 0.6950511823978788 2.865769440237244 1.3901023647957647 2.8657694402372975 1.3901023647960404 1.390102364795938 1.3901023647958852 2.8657694402372345 2.86576944023712 1.3901023647959256 1.5541816916834745 0.6950511823980609 1.390102364795807 1.3901023647959427 1.3901023647960133 2.865769440237286 0.6950511823980025 1.9659016173814101 0.6950511823979977 0.6950511823980402 1.3901023647958854 0.6950511823980552 0.6950511823980293 0.6950511823979802 0.6950511823979673 0.6950511823978853 0.6950511823980234 1.3901023647958697 0.6950511823980379 1.3901023647959394 0.6950511823980186 1.3901023647959216 0.6950511823979199 1.3901023647959436 0.6950511823981114 0.69505118239787 1.9659016173814516 1.3901023647960198 0.6950511823980532 0.6950511823978718 1.390102364795843 0.6950511823980242 1.3901023647960788 0.6950511823980663 0.0 1.965901617381371 0.6950511823980696 1.9659016173813046 1.3901023647958763 0.6950511823979301 1.3901023647957935 1.3901023647959354 1.3901023647959876 0.6950511823979123 2.865769440237244 1.3901023647959352 1.3901023647959763 2.86576944023726 1.3901023647958621 1.390102364795918 1.3901023647957491 1.3901023647959232 0.6950511823981271 0.6950511823978883 1.9659016173812036 1.3901023647959436 0.6950511823978789 1.9659016173813866 1.3901023647960655 0.6950511823979588 0.6950511823980072 0.6950511823980655 1.3901023647959287 0.6950511823980421 0.6950511823981632 1.9659016173812915 1.5541816916835434 0.0 1.9659016173813761 1.3901023647959443 1.5541816916833706 1.3901023647959356 1.554181691683277 0.695051182397978 1.3901023647960722 1.5541816916834417 1.3901023647958817 1.5541816916835045 1.390102364795937 1.3901023647959383 1.3901023647958253 0.6950511823979504 1.5541816916834768 2.8657694402373157 1.3901023647959077 2.8657694402372704 1.3901023647958797 1.390102364795937 1.3901023647959125 1.554181691683465 1.3901023647959028 1.5541816916834374 1.3901023647958222 1.3901023647959345 1.3901023647959203 1.5541816916834734 1.3901023647959174 1.5541816916835025 1.3901023647960802 332.4991698365057 7.429615133172771 494.3800543981301 -820.0960457045835 342.33244845778177 24.21592483109014 530.1860118946541 -858.337249062359 315.43977427921135 -45.12504100137772 548.3293174712255 -888.244410047436 305.71511381202936 -77.8838926480499 542.9445065467014 -866.81044583689 287.251731541006 -89.37045501356569 537.2433395635619 -896.2503247094219 308.8699989086218 -46.2051305133162 509.840327932144 -835.4280647071326 324.292803623996 -9.223194200042505 470.90672404493756 -803.417693474988 330.40811394460627 -11.830858209597805 521.3227537141637 -863.3632872216093 303.5732834020761 -84.7602102618057 494.1721616529837 -849.7905239019922 314.5465353712063 -56.80942831347411 513.4983700245574 -847.8767515299011 335.4858788801766 12.809287156779357 516.9244131204069 -854.758058018746 302.13862554798493 -56.9401100819031 482.9685571102143 -799.9827003564092 319.0793956684625 -32.37235042418141 531.7962710622762 -851.334022401902 292.3826400985953 -68.418415290874 523.3327690776628 -873.3946978176532 323.6978452023097 -30.044395841914866 487.91104223563786 -799.3491814618881 265.77242728381793 -106.86265152008721 498.52485183544036 -820.9214499692225 311.0574813230653 -80.8597552395382 542.6689856066432 -859.1388520956276 297.5394523228473 -103.08959854558073 524.4551319677148 -848.1721196551867 298.9535054207329 -84.60810867436824 552.7653261266769 -873.5844428482969 313.0765045198718 -70.21068045937575 475.3034955887221 -813.271136723911 309.693948392439 -73.82290870192092 468.76575714684367 -813.2914680617915 290.997946779377 -86.27365272667605 500.5378594247419 -836.7313890528521 319.33265128020577 -42.84888448613521 509.42317465153303 -857.0328255800212 339.72223135873344 15.590829879406876 493.373435214605 -837.3601014232461 322.57918553115474 -47.653885542214134 537.2598031979473 -876.4317689600891 277.88001154500677 -84.66153775887359 519.238888926436 -847.4007398314154 304.1842232886822 -50.51402325035408 482.62988881259685 -817.9918814397557 273.16303691872884 -123.49295760999941 492.0623827971697 -805.361286156979 312.37418439933543 -49.15250848457808 480.13095137699776 -812.6650266093319 337.08739169785713 6.21078437566778 554.6317638261979 -866.8124955646658 333.96311892530497 -6.620638041841499 489.2795832502411 -813.6099854425347 296.78158822445346 -72.59131071810722 484.32922125744466 -823.3928159802896 325.52517847858195 -23.828097336087165 527.1603350858315 -840.1740962895068 284.77249532581163 -107.38611275420396 475.9396803383558 -800.3993917461406 303.22563692307443 -102.95686364391847 509.30820594817527 -822.422085642811 300.58999748659716 -77.17484931367296 483.46144155641525 -841.7918309869968 270.0252781323212 -88.53392683409709 496.4754681359717 -843.1544759149751 323.0763434122546 -17.177849464280992 538.3993548691247 -900.808792075358 269.81639725725614 -111.99574208301132 499.9823920405068 -849.4156723060389 268.9524943695406 -118.95616639474459 521.7385791755977 -836.6443737323398 328.6625936227071 8.811900982466693 486.4948291424275 -807.6243070893655 312.1039080782098 -39.04301293761538 553.0253499238249 -891.1427893975276 330.35071146531516 0.3132699836886318 466.05993332087905 -825.2594626371593 311.65366287021504 -62.8435246658627 476.8961077372913 -824.4301826926779 320.67922581553387 -11.143905577333351 535.8973957669145 -854.8004051882587 298.7387648419742 -64.31937161206685 535.9290128112716 -861.7226453494782 289.6916642969216 -75.115157582164 520.2187034477857 -857.8029580591763 283.9209183507857 -77.27080593889545 473.44428571572365 -807.7835171432857 297.37101651263333 -90.95619153888593 506.80228388544407 -841.8613084750095 326.42617157146407 -35.58210455113488 526.0836965302665 -854.0225220803842 328.57642010856114 -17.99840964780877 502.55496178837643 -809.4383987190819 308.91441308950624 -55.484200241800174 483.38795542897196 -834.426234818865 292.3552998661071 -101.73933715771898 555.5898468701308 -885.9820564158974 315.6696175668357 -37.1289016621092 470.20385579996 -819.0780238269307 318.0860760232675 -59.51321681214604 478.7068317611978 -834.7956678001616 316.3764884446052 -22.47576108217839 473.5751941602426 -795.2847807484857 321.95756664005967 -37.27125443444743 498.4612822772562 -828.8775211820589 338.3546342303266 23.0352206807304 529.3530645433009 -867.648626234697 333.94734459665716 -23.18007784917766 503.33354488032506 -823.3300343215254 289.444098050497 -108.85537453736104 514.7546410503467 -824.9350275473362 334.13187968976007 -15.079713560757257 506.0995367011344 -832.2800603920348 334.82274239653464 19.891401447136264 518.0712090774963 -870.2257495783922 301.906826308352 -91.69007398663899 495.28884837733494 -810.170851677531 294.71597775568625 -95.60552295875351 493.53509147110157 -829.9009931821506 327.73099949008605 -6.359945472590071 547.8421231354271 -860.3118855424959 337.00080415445217 -2.061194873780103 543.7188477977437 -896.2961092094542 300.13646956108306 -97.72935847126739 473.4640069424937 -821.5618588135227 265.1271321243766 -98.56104801307762 488.26698709931475 -833.2800672855159 317.91935790351005 -52.3823745233256 557.6937525149327 -880.5569825152753 288.6019599815527 -101.0740549021358 531.7541240440788 -871.7849147075456
#####################################################################
# End of data export. Simulation finished at: 2026-07-02T12:57+0000 #
#####################################################################
