#####################################################################
# Alchemist log file - simulation started at: 2026-07-02T13:00+0000 #
#####################################################################
#
# seed = 3.0, NumberOfHerds = 2, intrinsicForwardCoefficient = 0.7906043210907701, intrinsicLateralMultiplier = 0.75
#
# The columns have the following meaning: 
# time node-0 node-1 node-2 node-3 node-4 node-5 node-6 node-7 node-8 node-9 node-10 node-11 node-12 node-13 node-14 node-15 node-16 node-17 node-18 node-19 node-20 node-21 node-22 node-23 node-24 node-25 node-26 node-27 node-28 node-29 node-30 node-31 node-32 node-33 node-34 node-35 node-36 node-37 node-38 node-39 node-40 node-41 node-42 node-43 node-44 node-45 node-46 node-47 node-48 node-49 node-50 node-51 node-52 node-53 node-54 node-55 node-56 node-57 node-58 node-59 node-60 node-61 node-62 node-63 node-64 node-65 node-66 node-67 node-68 node-69 node-70 node-71 node-72 node-73 node-74 node-75 node-76 node-77 node-78 node-79 node-80 node-81 node-82 node-83 node-84 node-85 node-86 node-87 node-88 node-89 node-90 node-91 node-92 node-93 node-94 node-95 node-96 node-97 node-98 node-99 node-100 node-101 node-102 node-103 node-104 node-105 node-106 node-107 node-108 node-109 node-110 node-111 node-112 node-113 node-114 node-115 node-116 node-117 node-118 node-119 node-120 node-121 node-122 node-123 node-124 node-125 node-126 node-127 node-128 node-129 node-130 node-131 node-132 node-133 node-134 node-135 node-136 node-137 node-138 node-139 node-0[x] node-0[y] node-1[x] node-1[y] node-2[x] node-2[y] node-3[x] node-3[y] node-4[x] node-4[y] node-5[x] node-5[y] node-6[x] node-6[y] node-7[x] node-7[y] node-8[x] node-8[y] node-9[x] node-9[y] node-10[x] node-10[y] node-11[x] node-11[y] node-12[x] node-12[y] node-13[x] node-13[y] node-14[x] node-14[y] node-15[x] node-15[y] node-16[x] node-16[y] node-17[x] node-17[y] node-18[x] node-18[y] node-19[x] node-19[y] node-20[x] node-20[y] node-21[x] node-21[y] node-22[x] node-22[y] node-23[x] node-23[y] node-24[x] node-24[y] node-25[x] node-25[y] node-26[x] node-26[y] node-27[x] node-27[y] node-28[x] node-28[y] node-29[x] node-29[y] node-30[x] node-30[y] node-31[x] node-31[y] node-32[x] node-32[y] node-33[x] node-33[y] node-34[x] node-34[y] node-35[x] node-35[y] node-36[x] node-36[y] node-37[x] node-37[y] node-38[x] node-38[y] node-39[x] node-39[y] node-40[x] node-40[y] node-41[x] node-41[y] node-42[x] node-42[y] node-43[x] node-43[y] node-44[x] node-44[y] node-45[x] node-45[y] node-46[x] node-46[y] node-47[x] node-47[y] node-48[x] node-48[y] node-49[x] node-49[y] node-50[x] node-50[y] node-51[x] node-51[y] node-52[x] node-52[y] node-53[x] node-53[y] node-54[x] node-54[y] node-55[x] node-55[y] node-56[x] node-56[y] node-57[x] node-57[y] node-58[x] node-58[y] node-59[x] node-59[y] node-60[x] node-60[y] node-61[x] node-61[y] node-62[x] node-62[y] node-63[x] node-63[y] node-64[x] node-64[y] node-65[x] node-65[y] node-66[x] node-66[y] node-67[x] node-67[y] node-68[x] node-68[y] node-69[x] node-69[y] node-70[x] node-70[y] node-71[x] node-71[y] node-72[x] node-72[y] node-73[x] node-73[y] node-74[x] node-74[y] node-75[x] node-75[y] node-76[x] node-76[y] node-77[x] node-77[y] node-78[x] node-78[y] node-79[x] node-79[y] node-80[x] node-80[y] node-81[x] node-81[y] node-82[x] node-82[y] node-83[x] node-83[y] node-84[x] node-84[y] node-85[x] node-85[y] node-86[x] node-86[y] node-87[x] node-87[y] node-88[x] node-88[y] node-89[x] node-89[y] node-90[x] node-90[y] node-91[x] node-91[y] node-92[x] node-92[y] node-93[x] node-93[y] node-94[x] node-94[y] node-95[x] node-95[y] node-96[x] node-96[y] node-97[x] node-97[y] node-98[x] node-98[y] node-99[x] node-99[y] node-100[x] node-100[y] node-101[x] node-101[y] node-102[x] node-102[y] node-103[x] node-103[y] node-104[x] node-104[y] node-105[x] node-105[y] node-106[x] node-106[y] node-107[x] node-107[y] node-108[x] node-108[y] node-109[x] node-109[y] node-110[x] node-110[y] node-111[x] node-111[y] node-112[x] node-112[y] node-113[x] node-113[y] node-114[x] node-114[y] node-115[x] node-115[y] node-116[x] node-116[y] node-117[x] node-117[y] node-118[x] node-118[y] node-119[x] node-119[y] node-120[x] node-120[y] node-121[x] node-121[y] node-122[x] node-122[y] node-123[x] node-123[y] node-124[x] node-124[y] node-125[x] node-125[y] node-126[x] node-126[y] node-127[x] node-127[y] node-128[x] node-128[y] node-129[x] node-129[y] node-130[x] node-130[y] node-131[x] node-131[y] node-132[x] node-132[y] node-133[x] node-133[y] node-134[x] node-134[y] node-135[x] node-135[y] node-136[x] node-136[y] node-137[x] node-137[y] node-138[x] node-138[y] node-139[x] node-139[y] 
0.0 0.0 0.0 0.0 0.0 0.0 0.0 0.0 0.0 0.0 0.0 0.0 0.0 0.0 0.0 0.0 0.0 0.0 0.0 0.0 0.0 0.0 0.0 0.0 0.0 0.0 0.0 0.0 0.0 0.0 0.0 0.0 0.0 0.0 0.0 0.0 0.0 0.0 0.0 0.0 0.0 0.0 0.0 0.0 0.0 0.0 0.0 0.0 0.0 0.0 0.0 0.0 0.0 0.0 0.0 0.0 0.0 0.0 0.0 0.0 0.0 0.0 0.0 0.0 0.0 0.0 0.0 0.0 0.0 0.0 0.0 0.0 0.0 0.0 0.0 0.0 0.0 0.0 0.0 0.0 0.0 0.0 0.0 0.0 0.0 0.0 0.0 0.0 0.0 0.0 0.0 0.0 0.0 0.0 0.0 0.0 0.0 0.0 0.0 0.0 0.0 0.0 0.0 0.0 0.0 0.0 0.0 0.0 0.0 0.0 0.0 0.0 0.0 0.0 0.0 0.0 0.0 0.0 0.0 0.0 0.0 0.0 0.0 0.0 0.0 0.0 0.0 0.0 0.0 0.0 0.0 0.0 0.0 0.0 0.0 0.0 0.0 0.0 0.0 0.0 0.0 -161.43151092265848 962.0225804241704 992.2908157468142 29.391059647275398 -131.4935425435771 941.5862920512326 1001.7994436083477 36.52734749625002 -143.91108294205426 958.3900040054067 984.3543525332436 41.02370874773868 -171.38877005009965 939.0330242809952 974.8876874245656 41.65347427679416 -143.33791841780143 972.6826756962823 1014.0265157517886 41.809898340694545 -139.2571714590534 943.5147476294421 994.2038238085119 15.764764112862121 -147.4728039238957 945.4593635760284 1012.2582699046616 29.466331474800725 -149.1584023205549 940.4789182699327 1009.928416139678 45.815557909482465 -138.71581836787757 949.8545328024886 993.8030660641087 42.03375212786346 -157.64992380775848 970.2434048784105 982.4613306212293 48.9859404433562 -152.1257182097765 971.4230796484317 995.9548299054678 39.04351689423342 -152.47298425049925 945.7582692552298 983.8781457135052 10.009579380506327 -159.11489050784795 965.5034888152013 985.3046449809327 20.10255296170458 -152.2862435261821 958.0620226715735 1001.0536881722966 14.790304247539838 -147.71351701756967 928.6129607074333 980.0313397617431 11.892929892546043 -147.28501417114487 950.732985484174 970.8962943913517 36.99040885848256 -138.48316533574112 936.9002353656459 972.3811326102405 16.37635349942515 -130.91477721094313 935.4222304232337 980.8003266662118 20.238841298868614 -173.07041140007766 945.4501645230334 986.1984072785673 47.31439730109773 -137.33722853041473 932.4519826906004 998.0116355676388 31.330209396956523 -147.8736980284533 924.6189581495171 1008.7625149984688 37.49111352677915 -156.0326943424515 942.643930303812 995.809488375853 11.337599402889516 -164.1761006522165 949.0917047543682 1008.0569337873637 17.499517758746705 -160.7697523253501 948.200127855146 976.2102513937825 13.844202738582768 -134.12375298873462 958.5269423791218 1005.4815656535338 33.06308105772938 -143.2140039017695 940.4284239554081 1007.0733112579072 20.600838637116944 -152.97931056619188 932.046983548712 977.1226740568397 21.27370804732363 -170.84341673921375 957.926930254254 991.1961492177948 18.208167327190566 -154.4477233569172 935.8837411708197 988.3145493230576 5.613729432465494 -132.41078015654887 966.0445382174754 1005.9161587495042 42.920365040057554 -126.60308991178246 937.277775725756 997.2391916109644 34.544788998026576 -157.51879229284646 932.7736512116498 993.8287881675853 5.891563468727902 -150.9958214587864 938.0709075176568 1006.7844428532242 12.786143300379369 -140.62618133769104 947.1289661618061 985.3385232164109 44.22562703305588 -162.35728401408912 952.6574815788856 993.8099895753295 19.889120550118726 -166.49887188660267 951.2593146470145 1004.1518491809866 14.306882090419158 -134.51319139076728 930.4950996399963 1010.9270957829721 15.240147765640863 -154.7544851324032 927.5115588140784 1015.0276236560302 21.629766015230434 -146.95435499223632 933.6984031763304 987.1829381854168 50.33931511035749 -165.01013502976062 962.014264157343 974.6809674925728 25.606395252589373 -127.52611517162609 961.2089602183968 1007.7530438405855 24.81206578758341 -139.80233387972677 954.1594402762984 995.8638647813806 52.71738341586881 -147.29676827605647 956.0698575998535 1000.5586684031173 40.462119053961565 -127.7260143608055 949.3357395391516 998.4527838504166 43.90584673447622 -163.6738905778817 943.1515133718581 987.7863616949195 12.119573496598644 -162.57515447516536 930.3138554822225 989.711350640905 14.855323687223091 -126.47126817956249 945.0476819609642 988.6582842308335 36.2798197595371 -135.91293462447385 969.3696590015885 974.8520432665958 38.40373914836536 -162.72821725166696 939.7269031129221 994.1934788553018 50.15551949151337 -158.25152003471112 937.2711299401088 979.2670164001895 25.25797908771729 -139.67926230271166 963.8007337321308 998.2749077680362 17.589939426295288 -143.14813330750994 936.860667490604 1001.8121254458076 19.97433425114398 -163.285987415254 965.9769192764754 982.0380882139825 38.6833680055628 -124.58851402446021 951.3745015389039 985.4359567148407 25.50261381226621 -130.8813225227399 951.4791707232049 1000.824246995115 9.528185196843701 -150.5081397620775 960.8365421933556 997.3973332987936 22.247406288913584 -135.23327393527543 937.2698143135636 989.3773771969633 21.419885223337225 -141.04456590663867 926.4325486064674 1013.9812484812312 35.088480359121135 -167.5287152458872 943.6456399175607 987.8621869874813 39.48581622660372 -157.2260518646231 950.8482096349098 991.8857882871841 11.720812001799779 -159.00362327993804 955.8981625445248 980.1630622640981 28.55616821577879 -168.21082761556517 947.0995431617304 972.6798324228649 21.481894771300595 -162.8506366980994 934.4873303890491 971.0019843629017 29.098253119143127 -143.94156217062908 965.4806436411118 991.5402306820669 51.647110765722104 -153.88161881893183 954.5993610150033 1000.3094563661904 29.09500193496762 -155.01495730023595 948.0219227973666 1008.3027884457514 30.224776577200817 -137.88715896305683 926.3775540117585 990.5290129610503 46.70710886867965 -133.01029402365344 945.1986538318762 982.0240561346461 33.84300934580402 -146.01528818452314 968.066232887694 984.3246757262781 28.473053405983627 -150.72160816565423 965.9142866883594 988.3917623618232 53.450450995130495
0.0016359619213666132 0.0 0.0 0.0 0.0 0.0 0.0 0.0 0.0 0.0 0.0 0.0 0.0 0.0 0.0 0.0 0.0 0.0 0.0 0.0 0.0 0.0 0.0 0.0 0.0 0.0 0.0 0.0 0.0 0.0 0.0 0.0 0.0 0.0 0.0 0.0 0.0 0.0 0.0 0.0 0.0 0.0 0.0 0.0 0.0 0.0 0.0 0.0 0.0 0.0 0.0 0.0 0.0 0.0 0.0 0.0 0.0 0.0 0.0 0.0 0.0 0.0 0.0 0.0 0.0 0.0 0.0 0.0 0.0 0.0 0.0 0.0 0.0 0.0 0.0 0.0 0.0 0.0 0.0 0.0 0.0 0.0 0.0 0.0 0.0 0.0 0.0 0.0 0.0 0.0 0.0 0.0 0.0 0.0 0.0 0.0 0.0 0.0 0.0 0.0 0.0 0.0 0.0 0.0 0.0 0.0 0.0 0.0 0.0 0.0 0.0 0.0 0.0 0.0 0.0 0.0 0.0 0.0 0.0 0.0 0.0 0.0 0.0 0.0 0.0 0.0 0.0 0.0 0.0 0.0 0.0 0.0 0.0 0.0 0.0 0.0 0.0 0.0 0.0 0.0 0.0 -161.43151092265848 962.0225804241704 992.2908157468142 29.391059647275398 -131.4935425435771 941.5862920512326 1001.7994436083477 36.52734749625002 -143.91108294205426 958.3900040054067 984.3543525332436 41.02370874773868 -171.38877005009965 939.0330242809952 973.5878142722289 42.55378009036193 -143.33791841780143 972.6826756962823 1014.0265157517886 41.809898340694545 -139.2571714590534 943.5147476294421 994.2038238085119 15.764764112862121 -147.4728039238957 945.4593635760284 1012.2582699046616 29.466331474800725 -149.1584023205549 940.4789182699327 1009.928416139678 45.815557909482465 -138.71581836787757 949.8545328024886 993.8030660641087 42.03375212786346 -157.64992380775848 970.2434048784105 982.4613306212293 48.9859404433562 -152.1257182097765 971.4230796484317 995.9548299054678 39.04351689423342 -152.47298425049925 945.7582692552298 983.8781457135052 10.009579380506327 -159.11489050784795 965.5034888152013 985.3046449809327 20.10255296170458 -152.2862435261821 958.0620226715735 1001.0536881722966 14.790304247539838 -147.71351701756967 928.6129607074333 980.0313397617431 11.892929892546043 -147.28501417114487 950.732985484174 970.8962943913517 36.99040885848256 -138.48316533574112 936.9002353656459 972.3811326102405 16.37635349942515 -130.91477721094313 935.4222304232337 980.8003266662118 20.238841298868614 -173.07041140007766 945.4501645230334 986.1984072785673 47.31439730109773 -137.33722853041473 932.4519826906004 998.0116355676388 31.330209396956523 -147.8736980284533 924.6189581495171 1008.7625149984688 37.49111352677915 -156.0326943424515 942.643930303812 995.809488375853 11.337599402889516 -164.1761006522165 949.0917047543682 1008.0569337873637 17.499517758746705 -160.7697523253501 948.200127855146 976.2102513937825 13.844202738582768 -134.12375298873462 958.5269423791218 1005.4815656535338 33.06308105772938 -143.2140039017695 940.4284239554081 1007.0733112579072 20.600838637116944 -152.97931056619188 932.046983548712 977.1226740568397 21.27370804732363 -170.84341673921375 957.926930254254 991.1961492177948 18.208167327190566 -154.4477233569172 935.8837411708197 988.3145493230576 5.613729432465494 -132.41078015654887 966.0445382174754 1005.9161587495042 42.920365040057554 -126.60308991178246 937.277775725756 997.2391916109644 34.544788998026576 -157.51879229284646 932.7736512116498 993.8287881675853 5.891563468727902 -150.9958214587864 938.0709075176568 1006.7844428532242 12.786143300379369 -140.62618133769104 947.1289661618061 985.3385232164109 44.22562703305588 -162.35728401408912 952.6574815788856 993.8099895753295 19.889120550118726 -166.49887188660267 951.2593146470145 1004.1518491809866 14.306882090419158 -134.51319139076728 930.4950996399963 1010.9270957829721 15.240147765640863 -154.7544851324032 927.5115588140784 1015.0276236560302 21.629766015230434 -146.95435499223632 933.6984031763304 987.1829381854168 50.33931511035749 -165.01013502976062 962.014264157343 974.6809674925728 25.606395252589373 -127.52611517162609 961.2089602183968 1007.7530438405855 24.81206578758341 -139.80233387972677 954.1594402762984 995.8638647813806 52.71738341586881 -147.29676827605647 956.0698575998535 1000.5586684031173 40.462119053961565 -127.7260143608055 949.3357395391516 998.4527838504166 43.90584673447622 -163.6738905778817 943.1515133718581 987.7863616949195 12.119573496598644 -162.57515447516536 930.3138554822225 989.711350640905 14.855323687223091 -126.47126817956249 945.0476819609642 988.6582842308335 36.2798197595371 -135.91293462447385 969.3696590015885 974.8520432665958 38.40373914836536 -162.72821725166696 939.7269031129221 994.1934788553018 50.15551949151337 -158.25152003471112 937.2711299401088 979.2670164001895 25.25797908771729 -139.67926230271166 963.8007337321308 998.2749077680362 17.589939426295288 -143.14813330750994 936.860667490604 1001.8121254458076 19.97433425114398 -163.285987415254 965.9769192764754 982.0380882139825 38.6833680055628 -124.58851402446021 951.3745015389039 985.4359567148407 25.50261381226621 -130.8813225227399 951.4791707232049 1000.824246995115 9.528185196843701 -150.5081397620775 960.8365421933556 997.3973332987936 22.247406288913584 -135.23327393527543 937.2698143135636 989.3773771969633 21.419885223337225 -141.04456590663867 926.4325486064674 1013.9812484812312 35.088480359121135 -167.5287152458872 943.6456399175607 987.8621869874813 39.48581622660372 -157.2260518646231 950.8482096349098 991.8857882871841 11.720812001799779 -159.00362327993804 955.8981625445248 980.1630622640981 28.55616821577879 -168.21082761556517 947.0995431617304 972.6798324228649 21.481894771300595 -162.8506366980994 934.4873303890491 971.0019843629017 29.098253119143127 -143.94156217062908 965.4806436411118 991.5402306820669 51.647110765722104 -153.88161881893183 954.5993610150033 1000.3094563661904 29.09500193496762 -155.01495730023595 948.0219227973666 1008.3027884457514 30.224776577200817 -137.88715896305683 926.3775540117585 990.5290129610503 46.70710886867965 -133.01029402365344 945.1986538318762 982.0240561346461 33.84300934580402 -146.01528818452314 968.066232887694 984.3246757262781 28.473053405983627 -150.72160816565423 965.9142866883594 988.3917623618232 53.450450995130495
10.001635961921366 10.262031905866117 3.811092354464824 9.00039737742461 4.535770470335224 10.262031905866172 5.692351111853531 8.538526667780413 7.115438889816863 4.269263333890023 4.26926333389026 2.8461755559267345 1.9521896424994458 6.037650108129551 5.692351111853531 8.538526667783954 12.158867304834887 5.692351111853433 5.131015952933242 5.692351111853395 12.158867304834887 5.131015952933269 5.131015952933242 8.430523678450035 12.15886730483489 12.158867304834706 5.692351111853531 5.131015952933086 0.990183774555085 12.158867304834693 12.15886730483489 5.692351111853395 17.077053335560578 17.07705333556054 7.115438889816875 5.6923511118375325 5.692351111853524 5.692351111853395 17.077053335560578 5.692351111853395 5.692351111853531 12.1588673048391 5.1310159529331045 8.538526667780408 2.3457893353186217 8.538526667785261 0.0 3.199364885675292 10.262031905866108 4.269263333890057 4.26926333389026 6.037650108129551 8.538526667780266 10.262031905866117 5.692351111853524 8.538526667780344 6.037650108129601 5.131015952933269 0.0 0.0 4.26926333389026 9.546363028425757 5.131015952933242 7.11543888981696 5.692351111853527 1.9334398906095451 12.15886730483489 5.692351111853395 12.158867304834892 5.692351111853395 5.692350833556682 5.692351111853395 2.676513567265696 5.692351111853433 4.269263333890249 12.158867304834706 5.692351111853524 12.158867304834693 5.692351111853516 0.0 5.692351111853531 0.0 0.0 0.0 0.0 5.692351111853395 0.0 8.53852666778038 10.262031905866202 9.000397377424559 5.131015952933247 9.54636302842571 10.262031905866108 9.00039737742461 4.26926333389026 4.269263333890023 6.037650108129601 4.269263333890023 5.692351111853531 10.262031905866172 6.0376501081297835 4.269263333890057 10.262031905866108 5.131015952933086 1.2133028211240326 4.269263333890023 10.262031905866202 8.53852666778038 5.1310159529331045 9.546363028425771 5.692351111853527 5.692351111853395 2.8461755559267656 17.077053335560578 3.6552996360000737E-7 12.158867304834693 5.692351111853531 7.1154388898170025 5.692351111853531 5.775289932296624 8.538526667780292 5.131015952933086 12.158867304834892 7.1154388898170025 7.115438889816863 5.131015952933269 7.115438889816863 12.158867304834693 5.692351111853531 5.692351111853395 5.692351111853524 5.131015952933086 5.1310159529331045 5.692351111853433 7.1154388898170735 0.0 5.692351111853531 2.8461755559267345 5.131015952933242 12.158867304834706 7.1154388898170735 -153.57411409818926 953.0612687096572 978.498111722536 32.75848810101135 -119.81620267517071 929.0572508990971 989.9316146476333 37.299124967833166 -131.42858260363005 953.222480273556 967.3801232008445 48.452511011010586 -165.3791918315264 935.0429347565916 960.5637899648549 50.13178045500329 -138.13780277666055 967.8259002316885 1003.6528233171027 50.43740262027314 -133.2687747165018 933.8525580775181 984.0418861011673 20.059477327667082 -136.11752250739985 934.8538201644794 1009.7344019520107 35.542116415045435 -138.93983356511617 935.8663649511072 998.2801433366628 56.7684257736652 -126.9164163007081 940.0439184209533 978.9938166698006 52.06964383688754 -151.29422691303074 964.3073459772405 965.6135652088677 63.54003156181004 -144.38276811082304 965.8140649691635 981.0651049138698 46.471145351549204 -139.75679956578543 940.3402659228706 968.4625098574277 19.244035051746494 -147.3274060213404 956.1169821079159 975.5436341408529 32.633434984054595 -142.80992154684824 950.8340828374405 986.7682443721114 18.914249559232303 -131.36093087947248 916.5854687714647 968.4336525267432 25.695913298801543 -140.29709677292988 943.8578369727289 951.4234898903093 51.92005383303555 -128.22978451108958 925.9324457628944 960.7834453752406 30.179336905680657 -118.79139428836888 924.0992997829227 970.9989210883577 30.8621704990288 -165.90525192791765 940.3807915620534 973.9183735750067 58.52210110538026 -130.80986154741342 921.487478236563 987.3311734272797 35.8911897696672 -134.34734748732026 916.8538015793745 995.1897252509563 51.21949788234994 -143.3213005529959 930.7718125014716 989.5734198955059 17.978532537057163 -152.03966663466295 937.8714264198817 998.5358296567686 24.76483733633736 -146.89341044905547 936.3410272202148 965.0854512468986 17.22162884079969 -121.87570310055678 943.8421692598247 999.7419609967397 43.30224176862923 -136.90105023976682 930.363334800461 1000.7004094162613 32.22765656013773 -141.0831940869382 917.2493685750387 966.6717423234848 31.397284896532668 -165.98941977422743 955.016124166427 983.9606458573782 24.65865582123361 -140.89970547811754 923.5453064909501 981.1146614171909 7.715295865015477 -123.5122488040085 959.3562401016309 992.3180762179841 55.22369162459196 -113.5455774461723 923.459688546649 990.4512855882891 42.478877717556614 -145.55963771806537 918.3586989514969 984.4784562301915 11.83098967183364 -139.56340956788716 931.7426569018594 998.9166204724129 18.23547981204589 -129.64815942861577 936.8757735143305 971.60288511544 56.33034911122263 -155.3489787161329 942.8664963525332 983.790255593922 29.92492208893998 -161.8765468722552 946.942180900709 993.0657920876666 17.65747434635159 -120.49786113614007 921.633806414671 1005.7528959576329 20.266428790948343 -138.57634758218697 912.4015907020088 1006.5784481658418 27.481753803420958 -134.17482393869307 923.3853502614193 970.27864596493 66.76899568285212 -157.38441015593028 951.6466247843516 959.4833363046396 40.46016187511987 -117.35755583998312 950.0890816307308 994.0790829570428 32.84021905900865 -131.09830300948795 944.4073939426447 990.1156067318957 62.468990661069334 -135.62650901468666 941.924726199386 989.0108984613789 46.885438621389085 -117.55745502916254 938.2158609514856 990.3791622161444 52.382873611314366 -151.68850582095791 932.9428148974484 976.5712422021141 16.41409128459922 -150.9021167141735 924.2796458101818 975.0517471313952 22.953714366545764 -116.18826212240383 930.5755063380533 980.8590453168134 41.68165464094374 -132.90953476498976 963.3191533749014 956.9029090699443 46.50777077181309 -154.2930298004043 930.2259496801208 983.4485533319486 60.48271953104102 -144.3779919580321 925.9363116901602 963.5906667944787 36.11558366257273 -124.42503405544348 951.176376715116 988.2058340896176 21.548514162703608 -141.1707189325817 927.6065139979173 993.416930175559 24.076890183973603 -156.6986185698874 961.4471880337837 968.5158840344849 55.26186790320635 -112.2232389111592 941.44835311333 968.9560614444761 38.35933838299664 -123.83033941365574 932.6651204288121 992.9744225130801 12.079904536177574 -137.56507402198307 950.3707520494938 988.8153994914429 29.81562577518931 -124.10687637375403 926.0571508185345 980.0086960133419 25.853649051823368 -123.82529382835126 913.5955940930663 1006.2073023512187 41.91537301156417 -157.7564785089229 936.141323242286 974.8634554641146 48.488874362281464 -152.21227107532053 942.0505647788634 982.201565912151 16.710074097664204 -149.8531282358375 946.6923422216909 962.3403919874839 43.78548869440846 -159.03469378363016 941.1525452443861 957.8071695230157 36.11058494043915 -158.85216171274493 927.185688533473 952.1791164380276 43.57774518691223 -125.66204568179845 956.2075207890302 975.2918162778585 62.90093343531929 -144.6664676892786 944.3699413868518 984.5845146181127 32.77338284259898 -143.59350516372356 938.9772809752847 1003.1538814044198 36.67611537354469 -118.92112538211234 917.2640898502461 982.4097194901221 55.818185755704505 -127.35813620191902 933.6639710808204 969.1797778713955 43.863644957507994 -133.65001307122216 958.1400844621203 972.2621779923811 38.997760186186795 -142.0547487637527 957.8196609140364 975.4942019744865 68.15374021495379
20.001635961921366 8.538526667780237 9.546363028425688 5.692351111853488 4.269263333890184 5.692351111853573 4.269263333890236 5.692351111853586 4.269263333890275 7.115438889816816 5.6923511118535775 6.03765010812947 5.6923511118534 10.262031905866168 4.269263333890134 8.538526667780287 0.0 17.077053335560525 5.692351111853615 8.53852666778024 12.158867304834889 4.269263333890209 5.692351111853707 0.0 12.157736450780646 4.2692633338902795 10.262031905866037 12.158867304834834 4.269263333890202 7.115438889816892 4.269263333890065 2.5665281568285474 12.15886730483476 9.546363028425871 12.158867304834788 9.546363028425743 5.692351111853452 4.269263333890148 12.158867304834663 10.262031905866202 5.69235111185348 10.262031905866126 0.0 12.158867304834699 8.538526667780287 7.1154388898167475 12.158867304834718 5.692351111853488 12.158867304834626 10.262031905866229 4.269263333890237 12.158867304834803 5.692351111853557 8.538526667780404 5.692351111853415 5.6923511118534815 2.8461755559269437 7.115438889816886 5.692351111853544 8.538526667780177 5.6923511118535775 10.262031905866182 4.269263333890206 12.158867304834791 4.269263333890098 5.692351111853602 5.131015952933245 10.262031905866234 5.692351111853571 4.2692633338901995 8.538526667780202 5.69235111185354 5.692351111853596 6.037650108129715 4.269263333890183 12.158867304834699 5.131015952933098 12.158867304834942 7.115438889816827 4.2692633338900565 12.158867304834835 0.0 4.269263333890219 17.077053335560514 8.538526667780276 2.8378520565857865 4.269263333890193 7.094099297655023 10.262031905866047 7.115438889816929 5.692351111853645 0.0 5.692351111853583 0.0 12.158867304834956 8.538526667780339 7.115438889816974 10.262031905866257 4.269263333890152 5.692351111853621 6.46463538831587 16.42697188656627 5.692351111853684 12.158867304834907 10.262031905866104 8.538526667780207 5.692351111853603 5.692351111853628 12.15886730483481 9.54636302842583 4.269263333890064 12.158867304834802 5.692351111853451 12.15886730483477 7.115438889817036 10.262031905866191 5.692351111853528 5.692351111853662 5.131015952933095 4.269263333890109 5.692351111853557 4.269263333890277 10.262031905866298 5.6923511118536325 8.538526667780417 5.131015952933013 12.158867304834681 4.269263333890168 5.131015952933111 8.538526667780394 5.692351111853421 12.15886730483473 5.692351111853696 12.158867304834722 9.000397377424516 17.077053335560652 4.2692633338900645 5.6923511118535215 8.5385266677804 2.846175555926848 12.158867304834773 -138.5487703175184 947.1414931697554 962.6472593230835 40.86190864183203 -105.51610118032337 924.7849863217454 982.9203634359426 43.514086239839784 -118.37130842662312 939.4042119173354 956.1051915332168 64.43360987181231 -158.4457084721111 928.5672310618246 950.3093198210481 63.0638854668595 -135.48052740345855 963.7213636832322 997.2045956121002 57.78980832117311 -122.1579605547142 926.0112633118833 968.0950665686635 29.665326382602274 -125.41153539303518 924.8541187675062 1001.9098649393023 39.519050110267194 -125.9234608684558 930.4613888556614 990.5326605809646 65.02149832103346 -112.76272435253527 926.82100717116 967.434577068988 67.31052422658978 -144.58963207309148 964.5362387029226 947.4763897584338 76.2395677879593 -138.49041701375148 957.0653525153865 970.0208361921276 54.12967050323653 -131.65464119174314 931.3763815824408 947.0149155665816 26.815861334756534 -142.70508619905655 951.7998501115202 957.5437079837257 37.89850293438176 -129.05743547976175 941.2348553101507 974.9685241987478 21.317177541049343 -109.81342040813426 904.4812580500169 953.0767316380085 25.99290457000697 -130.5887202811599 936.413067029984 941.3877365080058 66.0696317577247 -119.5659954845821 917.8371353638472 942.5525847962854 39.96302023395923 -103.75515397507438 917.5649541173632 953.4628568896911 43.03251336009553 -163.8257621979876 936.8158978024506 961.5296642835715 64.240147289874 -112.03035244473753 912.0466441328646 973.6843815061764 45.347444044918205 -118.29465656042208 905.0897244897868 990.0155451743892 56.24656148339973 -132.32782208583063 918.2636065317611 979.92119791039 24.664353583841972 -142.6806225570981 925.8848455345944 989.4877587958229 33.917558731151345 -131.63934020750114 923.7165337074954 944.190033723555 25.93902791610674 -105.00267694509817 932.9492040864393 991.3186248636572 50.579517901091535 -118.82358028155733 908.6028720535218 987.8415926156855 36.8065633173279 -120.97871373080973 901.7089996681909 951.6556851948853 37.49053239996409 -156.74477088668695 946.3818559784387 973.5530585022294 34.75465844065412 -132.27787878352825 911.1319885643932 968.7157157821282 13.418970049159757 -122.70561758161968 952.1120467085653 981.9719157653623 65.28009053481168 -100.85086197404726 911.5502264995674 978.7790618779379 52.00867712257378 -135.0459523204382 905.2920376139442 981.9295795957006 16.481598299055182 -122.80896094586417 916.0914847087694 993.7931370308395 26.11196098332813 -120.16189666306697 933.7045614721726 955.4385922657826 69.02256118941467 -144.60265953825 931.2069785211619 967.0833288334101 40.69448687204572 -152.16855468959784 941.1205659548331 985.5014647418488 26.585366888690434 -108.45870444350422 911.7959497954246 999.7357272479477 35.1837182127509 -127.94536506498258 904.0917687082966 995.631081034938 40.834852573350034 -126.09078407205195 907.7182064222862 956.6230084426612 74.82759842648044 -147.5591873743657 950.5836339112999 943.2910778418296 53.19041384770809 -109.73182530360245 939.7213822953233 982.3304273558929 38.093476463417204 -116.13391794114149 932.0519321004507 979.2995166860263 68.52286304293767 -127.90870786610839 935.0683537460767 976.0924033712333 60.164988513968204 -110.13261587729981 921.9633006027686 982.529690278489 54.93645768734967 -137.24384472988058 919.451505046883 957.5716930310418 20.921756774948822 -145.241444531179 914.1245220530809 961.9778618702032 27.685097142412335 -100.24635038169922 922.1605788716366 965.2502427651067 51.780144735434575 -130.71560921574635 956.4019717876638 941.3001839421079 61.76920651350813 -143.6610960868119 921.918651992061 975.6795140626343 67.31399175911335 -137.79356469928797 913.2954347105288 950.5796301190039 48.86741582245838 -110.75128530796003 931.9121736325501 979.8079527405623 30.251014114123112 -124.87934597524502 910.4947287493978 983.9117453406153 30.92621850347538 -149.5334571828289 956.377812970522 949.1049776933801 70.23971006468531 -98.84502591215968 927.971983263643 955.3731993272912 50.67948904057035 -108.19722429967675 919.6729463569746 987.125080157792 16.13133044958637 -124.04431431938536 939.365171875574 974.843273462237 39.4958885207952 -110.01913288918317 914.5036306618373 967.3373898606321 34.63462571907439 -103.73764730418797 906.1178976062862 997.1338241524099 49.64290914595472 -151.17189748327124 923.5006632615896 961.8765654715326 57.50135486335161 -138.57417834091035 935.8037426500998 965.6631423654278 20.954336253444808 -145.53675825056806 940.5179841185596 948.7387389234707 54.70312489107411 -149.79005121105635 932.518262904329 948.1648536144237 47.15685362548904 -155.27099179243208 920.5955413685475 939.2465277568236 52.6819163342149 -118.61413840880276 946.3794172824167 962.2515861728288 69.06610177433282 -136.4601374390103 941.5735404109561 967.3645321759791 44.70807046466798 -134.84818775910207 925.8533094211291 992.7551513405131 43.87900752616999 -99.55368412053859 902.0402231417477 968.0491683215332 72.0465310067713 -116.03985584766144 924.7124206445235 954.9364758405399 56.007174468362074 -127.9893565998488 947.9850291064178 962.230981054442 50.28898151610952 -136.1624030393885 949.0709450051762 964.5149092619226 78.67296292221087
30.001635961921366 12.158867304834791 5.692351111853554 5.5682791985827285 5.692351111853657 5.131015952933099 5.692351111853549 5.6923511118535455 12.158867304834756 5.6923511118535055 5.692351111853687 4.269263333890237 5.692351111853705 9.000397377424536 12.15886730483481 9.5463630284257 5.131015952933116 10.262031905866198 4.269263333890132 5.692351111853648 5.692351111853689 5.69235111185367 5.692351111853615 6.037650108129635 7.1154388898169465 4.269263333890078 4.269263333890136 5.6923511118536645 10.262031905866197 7.115438889816936 4.269263333890163 12.158867304834757 7.115438889816946 12.158867304834862 12.158867304834583 10.262031905866262 5.679273709317155 4.269263333890193 9.546363028425805 8.538526667780232 10.262031905866213 12.158867304834844 5.692351111853575 5.1310159529330575 5.692351111853428 4.26926333389032 5.692351111853575 10.262031905866252 7.1154388898169945 4.269263333890182 5.692351111853487 5.692351111853478 5.692351111853557 17.07705333556076 12.158867304834592 11.384702223706979 5.6923511118533785 8.538526667780271 4.269263333890094 5.692351111853428 10.26203190586622 12.15886730483482 12.158867304834793 8.53852666778023 5.692351111853598 10.262031905866221 4.26926333389016 5.692351111853587 10.262031905866204 5.69235111185362 5.692351111853544 4.26926333389015 5.6923511118536725 10.262031905866198 4.269263333890237 12.158867304834603 10.262031905866088 7.11543888981702 8.538526667780213 5.692351111853558 2.846175555926885 5.692351111853395 5.692351111853506 4.269263333890226 12.15886730483468 0.0 0.0 7.115438889816807 5.131015952933003 5.131015952932997 5.692351111853409 4.269263333890208 5.692351111853547 0.0 5.692351111853471 10.262031905866186 12.158867304834867 5.69235111185355 4.269263333890254 5.692351111853401 10.262031905866204 5.692351111853665 5.69235111185342 4.269263333890256 5.692351111853558 4.269263333890305 9.000397377424601 12.1588673048348 9.000397377424623 7.7764185824989465 4.269263333890051 5.692351111853579 4.269263333890053 12.158867304834766 5.692351111853453 10.262031905866186 5.6923511118534735 4.269263333890125 10.2620319058662 5.131015952933047 10.26203190586602 5.692351111853695 15.097897985631876 4.269263333890223 7.11543888981697 4.269263333890211 7.115438889816928 9.000397377424505 12.158867304834695 10.262031905866348 4.26926333389018 5.1310159529330495 4.269263333890257 0.0 12.158867304834747 10.262031905866166 12.158867304834736 4.269263333890318 10.262031905866218 5.692351111853424 8.538526667780303 -132.34959691547039 939.8155392643954 942.441760919789 50.60743872306557 -96.24620513403352 911.3603829014178 973.882192532952 52.6774465936409 -107.62394505678613 935.8441584036343 943.703475805328 65.98337052873269 -150.35768311817114 921.0111291049112 937.4496741270349 73.62625346546005 -127.27807390174392 952.8130832090221 990.0334218769341 61.32304666524074 -110.14766590434442 918.0105120832858 955.0590126590338 35.83893714466594 -111.33176616668388 913.2818411558363 994.2158047553116 50.62513716179718 -116.6405381736848 918.5900823625005 980.8233743865065 67.67293890461616 -96.88941608337602 918.416275463768 953.7406287810019 72.56277134975764 -136.73270026505998 955.5745537158161 935.3626542022611 87.84649232817608 -129.47851804526294 947.0236525516331 958.2897337373972 59.42449799468284 -121.80131912167526 918.9116208387953 935.2524115671058 30.681779569441957 -136.6959528583128 947.8096392387249 949.0530026447889 40.92716048396328 -122.9368610436915 933.8882393236169 963.2778880882502 29.429042092827032 -103.2737869232904 888.4222391173743 943.3150757867819 31.348022585824392 -120.08324398004662 923.3374142304557 931.302301407407 80.31742945773924 -102.6904649845424 905.2024751381033 930.9862937497057 51.00268204526452 -95.05802273736039 906.0653061227445 936.7964930797958 51.66094530773819 -154.92733997624518 930.127002316111 946.543183426544 70.42777419798963 -98.72516108230256 896.1887045788869 966.6016256115198 53.16079133385875 -106.23412262266717 893.6755160729163 975.7308250593443 66.17300962432472 -114.84273643556485 910.0028852711407 970.1517189624676 29.997857653077233 -133.4395419573564 917.2473551828166 981.7181644670658 40.749170584574266 -120.0336191359613 912.9976509080407 931.976726233439 38.80229927070382 -93.34550725553598 926.8874705485688 971.8359305159838 64.10835303766366 -104.54671249330025 898.3930491521199 980.0972869114474 45.06495576799758 -110.52625847215678 888.5767882604836 939.9317020841341 42.79366239825814 -150.62140942876346 939.039089733508 959.947206837307 45.655657632870685 -121.09189866300092 902.2693848460799 962.1653110426744 15.07603711337285 -116.81648289916755 943.3601115628564 975.5746803228141 74.0707250746421 -85.12299654764537 894.8118886188214 965.7745305593193 59.61413330670441 -128.69717680479016 899.3453088368768 967.5848612726694 23.54247328203544 -109.11484245977444 908.1035798705536 985.9952276568885 31.515823220808237 -105.77690449267548 929.9824258208457 939.9631418761586 79.98617206351153 -135.70712361023266 924.515714412566 950.8419485997805 50.5692998834498 -148.7057629487733 929.7719564885932 975.1073943466882 33.79416312032111 -92.5086866877018 898.2713947233644 996.5893835087763 43.135301567708176 -119.30815495777098 895.96521576228 986.5600483149017 48.56841687362943 -114.57010015738673 896.8878003483222 943.6199622573992 81.13338552258772 -139.35651309421533 939.6753144420975 932.9386551150777 59.055369529100226 -98.88001549100348 932.8005359296392 973.8882606258225 43.95406074674462 -106.43362738625268 926.2152572796123 965.6515534893871 76.60556696804521 -116.36159247681125 924.27125821941 970.0473318022089 70.15949249604908 -100.53767915172628 909.6627973881451 963.6243280540057 63.758771198463585 -123.50221354671376 909.837685493986 951.6473316009818 20.706792096299324 -139.15953726031486 906.7430950278127 948.8845121263577 31.01508414028581 -87.2928959732068 908.2445833542467 950.9632317738182 60.32072437531787 -122.6276486787755 948.8443998233436 929.2181553531702 74.76674772663827 -130.38014823841763 909.4982662438733 961.2288566622703 68.72242026952357 -126.25414622948122 902.4873973990883 946.1946409943076 57.746888418591 -99.7489157006898 924.3482958883147 964.7896871794176 36.34409252296387 -115.09019785518429 901.2952629349378 970.2709123714496 40.38954675490347 -142.6001921130752 949.9016818628972 937.0207808745313 83.2194568278673 -85.34022579139034 925.0224122140655 933.9486645769882 62.836694642878996 -92.16136982063584 901.2505035091637 981.2499151467536 18.759597415894316 -115.95962854094782 931.8033284025632 968.405620129572 46.85453906488575 -98.52623609178818 902.0010145505807 954.9786699165561 41.78700417080643 -97.54771390172753 891.9923800160731 984.7669892066234 56.78108322998362 -138.00149316701086 914.4374081958483 952.1978934287915 65.73255504850505 -127.83195172954126 924.1400303208227 956.5166777058362 24.417864309365704 -138.60422552912024 934.0408070596226 930.5221213462588 69.04748278736861 -140.54674298630314 923.8813178100665 936.6714064429935 58.14705611654106 -143.9447614733294 916.5047678526975 925.1063635212079 62.76820666952252 -107.52061015443584 940.8744558411613 946.7074663130038 78.56290478582741 -130.80254498457685 931.4166459791954 957.6314200638604 51.48720233369981 -126.91568320320847 916.546091832052 978.5158458559131 56.64370611841525 -90.45691247575033 890.13821980635 958.5032747727677 76.34609264829929 -104.78358391174646 917.0712216252169 935.509753167516 68.25432905854565 -114.2397532818533 938.3794192963344 945.3926660530803 62.070002964195396 -122.99034478489158 940.0086467214894 950.6730085564197 78.26072185383582
40.001635961921366 5.692351111853467 4.269263333890207 0.0 5.692351111853671 5.692351111853508 6.037650108129628 4.269263333890176 5.1310159529331285 5.692351111853439 0.0 5.131015952933125 5.692351111853554 0.0 5.6923511118534575 10.262031905866312 5.692351111853502 5.692351111853436 10.262031905866213 4.269263333890014 7.115438889816819 5.692351111853634 4.2692633338901285 4.269263333890117 7.1154388898169705 5.692351111853682 4.269263333890066 5.69235111185359 5.6923511118535135 7.115438889816921 12.158867304834637 5.692351111853488 7.115438889816938 8.4858023408872 7.115438889816884 5.692351111853556 8.538526667780237 4.269263333890073 12.158867304834894 7.115438889817124 4.269263333890165 4.2692633338901125 5.692351111853498 12.158867304834862 4.269263333890254 4.269263333890081 5.692351111853506 12.158867304834878 8.538526667780264 0.0 12.158867304834851 5.131015952933195 0.0 9.00039737742457 5.692351111853638 4.269263333890095 4.269263333890128 4.269263333890004 12.158867304834958 5.692351111853397 8.538526667780262 0.0 8.538526667780387 0.0 5.692351111853381 12.158867304834597 4.269263333890087 4.269263333890043 7.11543888981693 5.692351111853532 4.269263333890179 4.2692633338900245 5.692351111853571 7.115438889816874 8.53852666778022 4.269263333890272 5.692351111853384 12.158867304834738 4.269263333890251 4.269263333890303 5.692351111853715 12.15886730483484 10.262031905866204 0.0 7.115438889817014 5.131015952933112 8.53852666778039 5.131015952933039 5.692351111853443 12.1588673048349 8.538526667780364 8.538526667780424 5.692351111853648 12.158867304834683 5.692351111853508 5.69235111185343 4.269263333890242 10.262031905866378 5.692351111853485 17.07705333556059 8.53852666778037 5.692351111853541 5.692351111853385 5.692351111853477 0.0 4.2692633338902715 5.692351111853675 7.115438889816897 5.131015952933093 9.54636302842561 5.692351111853642 5.6923511118534265 5.69235111185342 5.13101595293319 12.158867304834757 5.692351111853508 4.269263333890168 4.269263333890061 5.692351111853658 12.15886730483471 4.269263333890106 4.269263333890009 12.158867304834763 5.692351111853673 6.037650108129626 4.269263333890206 7.115438889816968 5.692351111853412 4.2692633338900965 0.0 5.692351111853479 12.158867304834688 5.692351111853555 9.546363028425839 5.692351111853663 5.692351111853579 9.000397377424576 10.262031905866191 2.846175555926711 5.131015952933127 10.262031905866262 -128.30898229990788 936.031021977138 932.8040713970864 58.881145155155515 -88.66604036887075 901.2361861526615 961.6047720406989 62.71041738957106 -93.63767297597826 924.3788994201768 932.2591260939759 77.01486949397848 -144.11857886966249 918.4208421586782 925.8904750241858 81.93441681342391 -118.38757004440401 946.1136752029593 986.7893082043017 63.58096788096447 -101.95883387600068 914.2773040535421 949.9733086445851 43.7436315443578 -94.09521073504543 906.7666999294291 989.7563588232226 58.06018784994018 -102.0769899487627 908.1133066972633 974.3205965827059 70.78192968660623 -84.5167775649659 905.0329101343796 945.1305535170296 81.59716416070184 -126.9089348424451 954.5055846702678 922.7945150502987 102.8323924086413 -118.62340442731198 940.110329925999 947.9568722871844 66.70908579355873 -112.59180717286416 910.2503200727002 929.0975367985731 46.633164300633 -123.53019909800223 938.737649298261 943.3086918746762 47.86552374412867 -115.3385084368082 923.5025205121002 953.5244820660266 34.79137697820568 -86.49211412287045 873.936120400262 933.649476003709 39.59271187101223 -115.37723796553519 915.6529436419298 919.4666052413913 96.28093392509392 -96.07007479658722 894.4535579751166 917.524061817029 62.058239042147385 -86.19222499304357 894.1678172433682 925.2043581325022 59.89579180024462 -148.68888312538775 927.539660557865 932.4387756004506 81.96923155363872 -87.05747596381639 886.6589473886277 954.4771567600633 61.5315764725028 -91.95454171543946 880.0188475936166 967.2517162402748 69.22153808126824 -100.67338785942216 903.1239140383108 963.7265376148375 37.36287059617101 -124.5588302923916 910.5327892754664 977.2600704151707 48.18900493689803 -108.53458285700046 902.1450792232815 930.403218928084 52.98942034557715 -85.8690381639569 916.6202781250928 960.7330025199713 67.5529762597933 -98.24958775310138 892.3930159852259 974.6938660929613 55.28848082747944 -97.13224164754435 877.4258786396213 935.4542226017511 47.41073695989061 -144.03510115957528 934.5053884167583 952.8305862198888 50.64311349526681 -113.39424652705175 893.305115153826 952.4923483414136 24.708090048547867 -109.55540197536737 934.9224222334176 968.4374942435117 77.63838644290371 -75.16638452262306 882.3632906320563 954.8554493814464 70.18167993865384 -119.49750642969185 890.6577654098919 961.6605334176517 23.33326454863617 -93.17383205861991 900.7774716160936 978.8273610201586 35.053662864928754 -97.13115980987143 918.0326605759337 923.8209424226745 88.68707461062736 -123.31643673767607 918.0767700773899 940.5031182063137 57.86447195431894 -140.73478469081027 925.5626523803463 970.0337268618473 43.107319361817986 -80.36100150314071 881.5375540976395 992.1280343866002 50.56801093967454 -105.3899761270286 887.6585664070525 980.7527688056675 54.060957594281554 -98.61482785218597 884.9810198375428 936.7613555410479 91.9093394467276 -136.70283498040254 935.567515135474 923.4930431308716 71.6440938212855 -85.41796034813315 921.7187587327287 968.8858869470305 56.12608541284478 -94.14472122970889 912.9744610888068 950.7708035314071 85.68154000768389 -104.2386338710984 921.0034162592139 961.0713648906739 79.37073568650128 -89.65587347961636 896.0254885728182 946.7828847382555 74.17853372972282 -114.062591183295 898.5119351737235 947.8862427817745 29.124576636005685 -132.59103135493294 902.197553358473 939.8889088437194 40.220899390512834 -80.09113821729427 898.3598230698753 938.6291328390698 66.15131146303999 -112.58794699372747 941.060300258171 921.0527078183462 85.05970684517368 -123.61237942725252 898.240604825618 952.9507903221148 78.92878650834031 -111.55835874326048 886.9582602541467 934.594455709848 65.97870762201548 -85.72527662825267 912.7035539335311 958.3735577536474 43.719351487117756 -103.46578549629002 895.1632928645113 968.4737741562432 48.87084127533347 -134.39321244850592 947.1000840714258 925.7046381445614 97.2564085138591 -79.11016088651215 910.918478299289 928.3975630761581 74.09234608086676 -81.78657732823133 886.3829541963254 971.5373518317674 26.955127414648928 -106.61339190252998 927.8974640917331 961.376981882686 56.111141326925505 -88.49289709102452 890.7711492172409 940.8161662869403 54.635137236711415 -83.8774056187013 878.8352180883568 980.7633252893187 64.85679712232563 -126.47850179253531 903.6183959177753 938.620553270066 73.91455520727362 -117.35657468523297 911.0442437328394 948.2141947917529 36.00165317951999 -130.05734423126142 929.2890520604612 912.618028313257 83.41133052490665 -130.38364757568323 920.8537438941153 927.9848062717982 64.345128983195 -136.78681696123746 911.4230430008919 916.44854557177 77.79155727194882 -99.11744402758742 931.3434663777468 931.7844162456075 84.8777334448883 -121.44738760478322 927.5236229805952 948.5809468337255 57.8570884199111 -115.06971257747539 903.7600469939468 970.7265718834917 61.36674880882502 -76.83454286991049 876.9303439465696 941.7456857209293 88.25559233550305 -91.43336768184146 909.326685295873 922.0122787981127 77.9367701035461 -99.59930125620343 926.2486443495809 933.7609428898181 71.7939665091849 -119.65508023233753 932.006179532579 936.246694945523 81.09228568742472
50.001635961921366 4.269263333890178 4.269263333890134 5.692351111853533 5.692351111853513 5.692351111853525 10.262031905866195 4.269263333890114 12.15886730483472 5.692351111853539 5.131015952933123 12.158867304834954 4.269263333890149 4.269263333890155 5.692351111853662 10.262031905866158 5.692351111853638 7.11543888981694 12.1588673048347 4.269263333890068 3.9846457782975273 5.692351111853607 12.158867304834622 5.692351111853642 5.692351111853492 4.269263333890152 4.269263333890272 4.26926333389011 5.692351111853587 12.158867304834788 7.115438889816905 12.158867304834942 4.269263333890248 9.000397377424465 5.692351111853572 4.2692633338901125 12.158867304834732 5.692351111853471 10.262031905866168 4.269263333890238 5.692351111853471 12.158867304834843 5.692351111853551 5.692351111853597 4.269263333890158 4.269263333890177 0.0 5.692351111853586 12.158867304834773 12.158867304834779 5.692351111853498 5.692351111853497 4.269263333890201 0.0 5.69235111185342 5.692351111853593 4.269263333890077 9.000397377424566 10.262031905866223 4.269263333890153 5.692351111853628 0.0 4.269263333890079 8.5385266677803 7.115438889816893 5.692351111853613 5.692351111853395 4.2692633338902874 4.2692633338901445 4.2692633338901524 5.692351111853382 5.692351111853505 4.269263333890093 5.6923511118535455 4.269263333890249 4.269263333890086 5.692351111853626 5.131015952933069 12.158867304834713 5.692351111853451 4.269263333890266 4.269263333890259 4.269263333890225 10.262031905866193 7.115438889816739 5.692351111853658 4.269263333890071 8.538526667780223 5.692351111853566 4.269263333890066 12.158867304834773 5.69235111185366 4.269263333890038 10.26203190586619 0.0 4.2692633338902235 5.692351111853477 5.692351111853527 5.692351111853425 7.11543888981692 4.269263333890053 0.0 5.692351111853415 5.6923511118535695 4.2692633338901285 11.384702223707128 9.54636302842584 10.262031905866223 5.692351111853617 5.692351111853646 4.269263333890177 2.8461755559266426 4.2692633338901125 4.269263333890304 4.2692633338901835 5.692351111853451 5.692351111853492 5.692351111853457 5.131015952933125 4.269263333890061 5.131015952933231 12.158867304834954 7.115438889816886 5.131015952933099 5.692351111853635 4.269263333890166 0.0 4.269263333890263 12.158867304834903 5.692351111853472 5.692351111853409 5.692351111853425 8.538526667780355 12.158867304834802 5.6923511118534895 5.692351111853593 8.643802178716783 4.269263333890263 4.269263333890099 4.26926333389007 5.6923511118536325 -121.02421974852858 935.6960599829481 923.7760402367504 63.206514649894395 -74.1968496935891 890.6493243952235 947.9716811128591 69.45827367811901 -82.74455183878297 914.0274319601732 924.7304583358948 87.25079142465587 -135.584620751936 913.6473869063877 907.2041991001194 92.51913726057137 -112.52381267236174 937.345900625094 979.1232045575107 73.30407790185672 -94.18406956222687 905.2435029007996 940.8574579788633 47.28796892502665 -86.08541945922451 899.1219277131137 985.3163237368877 65.5103390056455 -92.91741013790332 899.3899574463758 960.6473915265086 76.0814623538971 -69.33328558189326 891.1604877798484 930.3168685548422 90.78160963342526 -122.08288360933706 943.4723238639424 909.5519090812035 115.27710662709616 -108.02330482628327 931.7610359943984 933.6153014431097 71.11943941974397 -101.12370876391704 899.3652855962533 922.0629831949664 53.111005721483814 -114.790483368739 927.2593795308276 936.3463495808105 57.16638398816552 -103.21544771925528 920.2112690435018 946.9889042951561 36.49486800203829 -74.60860331231375 865.7525664670719 926.040465528518 49.36894428810655 -107.1928990595435 912.8001637277149 917.2522603035795 106.68180276090717 -84.37567822807348 883.2341599851898 905.2839604836884 69.41485099466264 -69.26059014758954 885.4329546609581 910.3829173060211 69.08171712904775 -138.99690928331557 921.6941353759764 915.6607683543955 91.14746348227567 -82.12397933122057 876.9652620475754 942.7854366670149 66.92154148231862 -80.2580862413306 867.0941638792436 954.26654122553 75.50590250744567 -89.80367371916174 892.7485130805803 957.9419817435803 42.87657053047731 -118.6666062983908 909.8572508915221 971.4961434624756 55.12248969517466 -97.40681327193565 893.18914312055 918.2797851612471 64.58367802480701 -74.42600234939526 905.6990407394223 948.4372102240461 74.82269370776847 -88.55042371749158 883.0882436770898 968.220746406364 59.83020764140509 -86.62809217329475 868.9589801661295 925.0516614767025 57.52864279344265 -134.68044944983004 930.6052697555547 945.0875779510826 56.11789203428688 -104.15957406687014 881.2190739928253 940.2006311198788 33.354468683969486 -100.87087141020349 923.4967775683389 954.1368869508909 83.42273830561778 -63.60114300343847 876.1243037120605 943.1320476885971 74.15255307963407 -110.08622334081788 883.3407286272577 951.2339153794021 27.743864666970502 -83.71316981326292 890.0764855244653 967.1653311138731 43.210057147370556 -88.78029370886584 908.4546954942706 913.0455219666202 99.41268400073749 -117.0876629516917 915.4579018639811 929.055750032086 70.40641662426326 -130.80967872084884 921.114319966392 965.6084777128044 50.556221559813864 -66.75427609363402 870.0324767318981 981.8179945345145 60.664925471623455 -95.11465208483929 877.813703078063 976.2544496922717 58.662443615798296 -86.96188518449124 875.4291836314457 925.2286811006641 100.24697255054316 -127.01308158404922 929.7173929026961 913.127942354775 76.19747341912638 -77.40261337990903 914.0811246701346 961.280111337617 67.28205195403068 -79.73923221959784 907.4353862448254 946.4168452998695 93.17951673472045 -95.87737794895948 911.4355981964851 948.6215748344648 80.95491672963689 -80.06382532073654 886.9356286707016 933.9308126513439 83.37435999908726 -105.95868508072454 887.5297192726994 939.710900964881 43.597223944717896 -127.5188263654362 900.6613816402414 933.556708369198 49.06983742964077 -64.14418339197515 882.9981503525113 927.7481649028255 75.40467132572033 -101.41369204116151 932.1609963284714 907.3963542763238 97.87482455207991 -115.25152915866784 888.6691745624339 942.8021218460649 90.55518314659585 -101.75514896014036 874.3162935732342 922.982927623311 72.84785103256034 -71.75126299175018 900.9954833231866 947.889556173572 45.30677327797452 -97.10555195847296 885.7959872669586 956.1467839164009 56.08584361933168 -125.16880108727014 938.4448840181932 919.3544298105593 103.32052888624165 -67.25978268025646 906.1428406635905 914.9826143258229 85.22347809926704 -68.44709730703273 875.1591707953284 964.4437088614233 33.363658306701055 -96.4207542529724 914.9799009795862 955.6813652076428 64.48665886215163 -75.45487588457124 881.5122885590472 931.1563322415201 61.511833216358625 -70.23084000369057 865.6508150634226 974.981041353787 70.37476739004948 -119.9256869001645 899.045561640483 927.7043013451 81.75240339026571 -109.64442359134422 905.3771518791078 932.5941668976983 42.681603646564675 -123.14935100673479 922.7865523577982 901.3066276583488 97.44014445316748 -121.27740077062856 915.5264208468196 916.3272417399945 69.80221424784888 -127.30344436714563 912.2603117266301 902.3595993789407 87.98870241956007 -93.04071137276856 923.9599523571785 923.5397475785269 96.54657482438252 -112.57945478495762 920.7927424748924 938.8700338621663 63.301418376725444 -109.002150310269 896.3678883632257 966.3901980467213 71.67424775753753 -64.04848678616878 862.4035961475571 933.352472530569 92.83507957918096 -76.07253155402482 897.9317798767889 905.0783970977303 89.17427228575374 -91.47520395827804 915.2796183881339 922.1536610561166 78.67710950416098 -107.19613028773074 926.7807039714345 922.1362493114965 91.26647759913403
60.001635961921366 5.692351111853586 5.692351111853653 5.131015952933258 12.158867304834923 4.269263333890312 5.692351111853428 7.115438889816948 10.262031905866186 4.269263333890192 0.0 5.69235111185366 5.692351111853645 4.269263333890222 4.269263333890116 5.6923511118535775 5.692351111853578 10.262031905866195 0.0 4.2692633338901125 4.26926333389009 4.269263333890175 0.0 5.692351111853468 12.158867304834853 4.269263333890022 4.269263333890247 5.692351111853628 5.692351111853443 8.538526667780184 10.262031905866198 5.692351111853512 12.158867304834706 8.538526667780287 5.692351111853484 5.692351111853477 5.692351111853404 5.692351111853423 4.269263333890203 5.692351111853583 12.158867304834901 8.538526667780284 0.0 5.69235111185355 5.6923511118533865 4.26926333389002 4.269263333890267 5.69235111185343 12.158867304834933 5.1310159529332795 4.269263333890107 5.692351111853566 12.158867304834923 10.262031905866081 7.11543888981696 5.6923511118536725 5.692351111853514 8.538526667780282 0.0 5.692351111853474 5.131015952933102 12.158867304834777 4.2692633338902635 12.158867304834617 5.692351111853394 5.69235111185362 4.269263333890154 5.692351111853535 5.692351111853613 4.269263333890108 0.0 12.158867304834864 5.692351111853646 7.814516664664569 12.158867304834882 5.692351111853571 5.6923511118534345 5.692351111853667 4.2692633338901205 5.692351111853609 8.538526667780395 7.11543888981708 9.007468008028791 5.69235111185352 7.115438889817067 10.262031905866186 4.269263333890246 5.69235111185365 5.6923511118535846 0.0 10.262031905866198 5.692351111853655 5.692351111853635 5.692351111853598 10.262031905866095 7.115438889816915 5.692351111853604 4.26926333389023 10.262031905866218 7.115438889816898 12.158867304834844 8.53852666778018 4.26926333389025 5.692351111853675 12.158867304834729 5.692351111853559 4.269263333890218 12.158867304834716 5.131015952933166 0.0 10.262031905866026 5.692351111853616 12.158867304834885 4.2692633338901596 4.269263333890142 5.131015952933142 12.158867304834859 10.262031905866355 0.0 5.692351111853543 5.692351111853452 4.2692633338901445 10.26203190586623 12.158867304834711 5.692351111853644 5.692351111853594 17.077053335560567 4.269263333890178 4.269263333890198 5.131015952933069 5.692351111853513 4.269263333890116 5.692351111853592 5.131015952933128 5.692351111853477 0.0 8.538526667780333 5.692351111853424 7.115438889816761 10.262031905866218 12.158867304834686 -115.99383226396576 926.053152768907 910.2470505853695 71.48015190512558 -70.4676818933472 885.4062428077866 935.5696662902893 72.5003941709113 -72.36136963445897 912.2970691460691 913.9830275657517 99.38142433862076 -129.75164425899945 904.861310400392 892.5640104102949 107.38716274591472 -109.21970309341599 929.3230329552637 972.473585464924 70.74639930804518 -85.95224179444362 895.8263062665902 935.3306085691336 59.965782847917126 -79.49652837406573 891.1484446294329 974.004313283068 60.43265298256405 -83.46978193393468 888.6847691567901 950.9456424896475 81.54674839917197 -57.445704202799696 882.9753013904627 920.6959950817801 97.71422609253565 -115.17796343036186 936.9635764934757 899.1931928133396 114.31162442787503 -97.87206424790332 928.6781144005715 929.9641494074706 79.58294404620689 -94.59461221181985 894.7578491093705 909.084379851189 58.524791088342305 -109.2925202926804 920.4205420092394 925.4220615357797 64.98726990894282 -92.5832619388809 908.4493131410117 942.6462056878189 45.4010781349222 -60.80760007844283 857.3046954117391 918.4702164355815 59.17111327961148 -98.60553621100772 904.619398685479 907.3312533396468 125.43753820684121 -73.31074154195994 874.2123478591872 892.452837692618 78.65911475949736 -53.80950816585325 872.0508250379264 899.0728141297013 77.4905050865949 -134.30061391690361 913.9993534709805 900.6544324206169 94.63563644121295 -70.4976570561173 867.3788926123594 930.4763257325058 72.81932402010433 -66.73777483856271 860.5971158915346 946.5019053125292 79.59882061009237 -78.40626293775068 881.7901773125798 950.1207988651292 45.5107711230152 -111.13255766923432 899.4152611011668 962.9838232969721 56.77758763208259 -93.66058462756216 887.9521099768868 903.36818927905 70.93271654778444 -66.94946060283496 895.230692932709 940.8176037108944 83.19361068565979 -79.7564358235648 876.2625954737616 956.0036349398099 69.95216701007544 -74.75399198496834 860.7757302100406 912.8687418092042 66.26093070791825 -128.7311389277667 918.4729286902127 939.4351773161736 64.52442333659104 -96.56072861739368 878.8568259906536 936.4536257595279 40.38063803924582 -93.50985397567885 919.7663676026517 945.1370578657505 89.86974187269027 -50.05022083767564 866.234560115376 931.5688468270013 82.45061753478532 -103.80888528690404 877.3216562962546 945.6216313380407 38.98008246549934 -70.67979856428906 880.8169180960703 960.6245523580255 44.917386869428476 -85.35409946528682 905.1730803160112 911.1276278809222 114.3548365729156 -112.49951681798285 911.108017144598 917.4533302966548 77.29101607942522 -124.43006752135177 911.7500611933675 953.3093321568737 57.814693815405704 -56.423338359536814 860.263537392767 968.1442121412041 65.9607737259188 -82.7147469027382 872.4538054988243 960.6059183596274 63.91535391398525 -78.1770168815243 868.5975801282291 920.2553881849287 108.21404825188232 -122.56245804802582 920.6176263258127 904.9454911120517 86.48394257273809 -65.49329286735743 905.9457269641248 950.4412655571007 66.67503727714353 -73.21188677587202 902.8171811039207 936.0485943013356 97.71686506838945 -92.03969657624047 902.8522200678327 940.3198339315277 88.37236931007337 -63.11864690873532 877.1727056080842 919.1225249468193 92.57451508139646 -96.6123796269965 881.8567856464715 935.2508372682593 48.23008993163431 -117.70610438409354 899.5125635066524 926.5751466292453 56.97849957617425 -50.26114802714393 871.1980901927967 914.3163565759609 82.03769456822522 -91.09774476558154 922.3630909741127 899.7345336842884 104.8167329594354 -106.51090821839102 885.2337358574637 929.6614891162334 91.24361466640914 -86.88416203996671 871.5254841532682 909.3562144765644 78.277369053042 -65.61397681413129 886.8615240765492 937.5781492966644 52.63561902203232 -86.34411162282956 878.7390050971758 948.499954224887 64.43587003758815 -117.1163380983627 930.848211536727 911.9902275744256 118.82507987291737 -60.9292779827187 896.7618985394114 907.2335285541457 89.34562452166271 -58.327842330590514 871.9561681100082 959.3467113526482 39.85716238410873 -86.28474649106668 911.8621703869294 943.4097185468961 71.78540684229407 -66.35826318215736 872.7212783486927 922.9542617428928 71.77690282466371 -53.358559572343616 852.4117381349131 963.1729429245821 71.48014327671531 -110.77616521893545 890.3175972743342 921.8798406823039 84.48805820275052 -105.88537411866305 900.1537144298272 923.6779235505346 51.96441153882715 -118.22130417863755 916.4851116033425 894.5002578257717 112.43934392718002 -116.26999633035516 905.8709741413879 899.0582770372398 83.70437466923528 -123.5302857962204 907.0481467056374 891.575703160322 100.094525056857 -85.35788809195238 918.2746753926375 915.9951502333333 106.3682479978279 -102.8319751834436 911.5366525546322 931.7528643787108 66.9379145663668 -104.10876274488356 890.0490095270677 957.2866058082922 75.24090170505791 -57.44905987057463 848.6645564395407 925.0675662656 100.2690088544869 -70.12331787897017 893.8546293880894 899.0945357922817 90.3236891398412 -79.626895005387 910.5197403616397 909.8636728744107 84.61403416934097 -99.97806715396234 918.297381268337 907.1750311725816 96.19593719170994
70.00163596192137 5.692351111853678 5.6923511118534185 5.692351111853577 5.692351111853547 8.538526667780184 5.6923511118534345 4.269263333890091 7.115438889816969 4.26926333389014 0.0 5.692351111853566 0.0 5.131015952933206 8.53852666778037 4.2692633338900645 5.131015952933116 7.115438889816798 4.2692633338902555 4.269263333890072 5.131015952932965 5.692351111853508 4.269263333890219 5.131015952933291 4.269263333890199 5.69235111185358 5.692351111853716 5.692351111853631 5.692351111853563 4.2692633338900245 4.269263333890224 5.692351111853544 8.538526667780426 12.158867304834697 7.1154388898169625 9.000397377424616 12.15886730483486 8.538526667780467 7.1154388898169705 5.692351111853665 5.131015952933259 0.0 4.269263333890119 5.692351111853611 4.269263333890049 5.692351111853501 5.692351111853687 4.2692633338900245 12.158867304834889 8.538526667780207 4.2692633338902235 5.692351111853475 4.269263333890123 12.158867304834786 9.546363028425585 4.269263333890166 0.0 5.692351111853544 5.692351111853628 4.269263333890197 12.158867304834612 0.0 4.2692633338900485 7.115438889816933 4.269263333890052 5.692351111853452 4.269263333890273 4.269263333890076 5.692351111853617 4.269263333890174 5.131015952933007 4.269263333890228 5.692351111853568 4.2692633338901915 8.53852666778021 5.131015952933127 10.262031905866186 12.158867304834883 5.692351111853533 4.269263333890178 17.077053335560528 0.0 4.2692633338901524 5.131015952933117 0.0 5.692351111853439 10.262031905866218 12.15886730483473 4.269263333890142 5.692351111853542 5.692351111853624 8.53852666778035 9.546363028425725 5.692351111853466 4.269263333890137 5.692351111853594 4.269263333890152 7.115438889816957 12.158867304834812 5.692351111853459 5.692351111853578 4.269263333890024 5.6923511118535 4.269263333890034 5.69235111185354 5.692351111853409 0.0 7.1154388898170655 4.26926333389009 5.692351111853598 5.6923511118534345 4.269263333890103 4.269263333890092 0.0 0.0 3.9846457782975424 4.269263333890049 7.115438889816967 4.269263333890075 5.692351111853429 0.0 5.692351111853566 10.262031905866175 10.262031905866115 5.692351111853421 8.53852666778029 17.077053335560688 8.53852666778038 5.131015952933169 4.269263333890109 10.262031905866202 5.692351111853645 4.269263333890198 10.26203190586605 4.269263333890232 5.131015952932935 8.538526667780218 5.131015952932902 12.158867304834814 4.2692633338900725 5.6923511118535925 -110.42278521392437 915.8459817321685 903.9270699022604 78.9430402975193 -65.36072022117688 880.4454528968779 931.2234804088064 80.00124777873684 -70.69515222698213 902.6306822399291 905.625831551292 105.3645888924218 -125.4161035344083 899.100722968113 883.7901840698837 122.34441006423832 -102.34554192158498 922.7802803171238 964.6591251042462 73.39636645185658 -75.45661333734222 887.3554067032974 926.931092487096 64.53178092898361 -67.6761401563672 886.3212698748387 968.2411557748778 65.97805621274388 -78.04177786399278 881.7940088111571 940.7149676131803 90.3461764376836 -47.8198124110221 870.212535948084 916.3468701214505 105.21645566902131 -105.84202329357646 933.0137866587655 892.7450862682036 118.88486744268887 -91.00914375176771 922.1292039535242 922.2614723009444 85.12295255828981 -88.57826919079176 887.3279341529616 904.8433158866299 68.8769927372904 -100.1400811190874 911.6914988558193 916.3344919942172 68.59806197926653 -84.84525695223542 899.3811991891524 933.0434138135878 53.72310853355387 -54.094692103108386 847.2531955510998 911.3585563167358 62.8220209669966 -91.7567428028796 898.0525628125048 892.8141686266821 124.10520954052852 -60.42075292521413 864.9389013072316 886.3028196355094 91.81000593058138 -49.46410106767107 864.0901069756411 894.0293124494877 84.02593157308294 -132.82015384859358 910.963245961972 890.5303121755261 107.67474839907727 -57.29152150916123 859.3837453637902 922.1301291196644 78.81636588184112 -63.33748748137636 850.5535010086095 936.2274989294681 86.97568195775575 -68.81170570614059 875.7846247054541 942.9930064848368 49.135487365807855 -106.56413634977594 895.0409970094257 956.0290198128516 66.09943143223272 -84.55152838739744 879.1744668625621 892.4010971852794 77.34645377820492 -58.69177379636388 885.5869609341395 928.4692906888578 87.68674868475904 -70.95173977300051 866.0532367872075 946.9975573420406 76.39146968904228 -60.82185843112721 855.3727798384997 900.0297723777015 75.48967391818866 -123.56955232225846 913.5702391094686 928.464088888788 70.93376257566979 -83.84852448510388 871.5301222795475 927.5437706223566 49.67173051986511 -86.75745912055072 905.0977406826936 932.0963454725221 93.3991182780955 -37.73980889592317 853.9231368544276 920.1147618729439 93.60879266056263 -86.03148616124655 868.415342645304 936.5166837677226 42.558172486785296 -59.64605122361989 871.7292779398689 951.6900615202007 54.17626710778307 -76.23632843897754 896.3992058387852 905.288011417169 117.0554001792199 -101.71312959955614 904.0894918849905 910.4233797236998 83.2323424306999 -119.19241020702187 903.4939328803329 947.5148003452096 61.94850755802391 -47.48082147663197 851.3294613559792 958.5271243588904 74.25839997638113 -69.12451416879905 859.2323100595397 952.3765114394564 74.15601395248814 -69.61897031922688 853.6046964783559 913.9210954985286 115.6579649838449 -116.99182884470356 910.4092179484184 890.2956922645778 101.3438336435056 -60.8255808974996 894.8455997129786 942.5830782803271 67.92476079885199 -66.07567047693242 894.278855604709 933.58106358711 102.41290180201999 -84.24584323097501 890.4273175987047 928.6636087768015 93.83132844930614 -52.13382832724891 868.0532819509403 911.2686197974137 93.83559654724691 -91.1743518128211 874.961022419168 924.9680069536652 55.59552459193783 -113.62888802823734 892.328664158131 918.8197029374433 61.08685238868147 -43.243295634585515 862.5720520956235 904.192804036697 93.68767981528684 -85.8801746639307 914.087519865909 890.757346178662 112.65752802228859 -98.27637560451039 878.9634608941498 916.8195720755634 100.46973959225144 -77.29590577377053 865.5256159484029 897.8437216090887 88.0012356503215 -54.88522834111065 879.7352153269858 934.6519943351663 63.48348572930709 -77.61871964918011 875.2471211329123 935.5955742335727 72.21332635652891 -111.05177380723842 923.4568503067408 900.9958578517926 125.19103257470147 -53.193625982132026 884.3098368369756 899.0233995538348 99.60404057257861 -44.26545515944696 854.6896608502244 948.2629785349525 43.37021450051324 -80.39876975382978 911.1447879350372 939.7492227393947 80.24611136362581 -55.375473877870064 863.6041748928652 913.9674136991214 78.23958981325553 -38.14285598041903 845.4376485184445 952.2764020131165 80.71719447143188 -104.18236323013659 882.3451913440945 910.8158857205601 88.05870654889084 -97.71244397932273 897.2517344746751 919.1827256865519 55.190950619534696 -109.06253917982261 907.762222343965 881.9744640853055 127.57557886083808 -110.55344374242996 900.4125304598549 892.1298625524347 93.03993186083036 -114.37206707305626 898.3177066576349 881.4362922354409 113.11787729845976 -77.50879800271815 917.3238490337097 907.5883033934687 110.91679913818881 -96.2965919694146 906.9316364911833 922.7137070464182 71.97180576593047 -95.62126914426894 885.1841358513548 947.1909374516189 88.3034089200092 -52.751752683056644 838.8465864704968 922.0537785278706 108.27394326104576 -63.875999080651624 887.806949232421 885.1116158545407 106.12133524004733 -74.43352182615205 902.2351844797887 898.3465116414774 94.33260524120682 -95.97428728071462 914.4778406025131 896.374429205647 108.28189355359143
80.00163596192137 5.692351111853532 5.131015952933123 4.269263333890076 5.131015952933086 7.115438889816871 4.269263333890141 5.6923511118536405 7.115438889816909 4.269263333890095 4.269263333890054 5.69235111185343 5.6923511118535695 5.692351111853621 8.538526667780257 5.692351111853427 5.692351111853587 0.0 4.269263333890131 4.2692633338901524 12.158867304834903 4.269263333890202 11.98490821424259 0.0 4.269263333890226 5.692351111853441 12.15886730483468 4.269263333890173 4.2692633338902315 5.6923511118535775 4.269263333890277 12.15886730483482 4.269263333890128 0.0 0.0 5.13101595293306 12.158867304834832 8.538526667780454 12.158867304834951 4.269263333890048 10.262031905866035 12.158867304834942 12.158867304834843 10.262031905866182 4.269263333890104 5.131015952933068 5.692351111853678 10.262031905866182 0.0 5.692351111853427 5.131015952933071 4.26926333389027 10.262031905866209 12.158867304834791 0.0 4.269263333890178 4.269263333890215 5.6923511118536245 4.2692633338901125 4.269263333890058 5.692351111853476 7.115438889816872 10.262031905866268 7.115438889816944 5.692351111853667 4.269263333890055 5.692351111853616 5.692351111853445 5.692351111853548 0.0 5.692351111853678 4.2692633338901125 4.269263333890211 12.158867304834782 5.692351111853517 4.26926333389011 4.269263333890246 7.115438889816942 12.158867304834699 4.26926333389028 4.269263333890084 12.15886730483485 5.692351111853667 5.131015952932987 4.269263333890198 5.692351111853424 5.692351111853426 12.158867304834772 12.158867304834667 8.538526667780182 8.538526667780308 12.158867304834699 12.158867304834752 7.115438889817006 12.158867304834859 4.269263333890128 0.0 5.692351111853642 12.158867304834736 4.2692633338901045 4.269263333890226 5.692351111853456 4.269263333890154 5.692351111853548 12.158867304834844 5.692351111853512 0.0 7.115438889816944 5.692351111853609 0.0 5.692351111853596 5.6923511118535295 5.692351111853621 10.26203190586601 5.69235111185367 2.988484333723111 7.115438889816817 4.269263333890246 5.692351111853573 10.262031905866158 8.538526667780332 5.131015952933084 12.158867304834676 4.2692633338901596 4.269263333890178 5.69235111185348 0.0 5.692351111853652 5.6923511118533945 10.262031905866246 4.26926333389022 5.692351111853605 12.15886730483477 7.115438889816916 5.692351111853556 0.0 4.269263333890124 5.692351111853647 5.131015952933173 9.546363028425851 10.262031905866026 -101.0356596160636 908.5012502638482 893.6412757501355 86.3047925687976 -63.3033848791781 870.1223457099936 920.84799334293 84.52830355036117 -60.49103788210182 892.7212027587296 897.8103979909698 108.0215376624565 -114.96368046379251 894.0166296723311 875.836870026443 138.3330703076044 -95.24449560425948 917.6248830200051 954.9662846809485 78.87177491057513 -69.539008805708 880.96042640714 918.6312455758464 71.94963022359242 -63.07617109704983 875.1841292605018 961.7092694206569 67.7270177387913 -73.51053431093061 877.3771621331706 929.6482252326981 93.90942107593223 -42.20630723229617 857.9323424511547 906.0062246110912 111.14154462537775 -99.48033116230481 923.6588133350268 887.637364237912 123.99272220992076 -87.77276802143521 914.0918627946294 914.5779229270054 90.60945364090867 -81.96906045876511 875.9646477209071 895.8503495009437 75.32188982503844 -94.50281849155976 909.5648481334456 903.4863619290479 77.81615978068191 -77.71234445791288 890.8356771114904 928.0018329075277 60.25808375453805 -40.684252937739906 842.1673447105331 905.7250776269836 71.24340437507472 -84.93330683009171 891.4596970149381 881.7575832460749 129.06399020323826 -54.520673299455574 854.055227855646 874.1130676423855 101.94869810198686 -41.091932979350844 848.9932976208885 881.2533702110045 96.06061474886143 -127.25865044887497 912.2130690275784 885.4666340857459 114.19701936781857 -47.227726993329576 849.3305063463166 910.4695337783594 84.2614775398299 -48.820881079000166 839.3574081654854 921.403944045633 96.15125630731389 -55.27851278458312 862.4656432836163 940.6127160417103 56.674364746592644 -100.80357559229526 886.2011687034893 952.3592477193914 74.56007150349554 -77.97472017912499 867.7968794263722 884.8711215555226 88.55819152897682 -48.28140767956171 877.0162045729493 914.1899527908503 93.54814572324223 -60.00749806415306 861.5899014269388 934.1010809609077 84.18402322106921 -49.367202713644424 845.588749799108 888.9587997928784 79.03806987420701 -120.30974696017378 905.5410709557386 919.5707408609204 80.23776808751443 -74.90630718535398 862.7915666470041 918.5504372703695 56.12436160427031 -81.32728104768385 898.2072432961124 920.577515905261 103.11567337823412 -30.79253916741517 845.2244044073475 908.0786340370043 97.8477037497948 -77.80633644708905 858.7191740101189 928.3050812398429 52.818424600201 -50.665046820342006 862.8292536041812 942.7826510778207 63.46461242606606 -64.5944492078506 883.4254118339323 896.1840866081945 120.62521450837 -93.8628904234065 903.1260800897512 897.56615927379 92.43561604465975 -112.16343531701459 901.6887574121802 941.2324619993433 70.82532860983488 -33.558026173395746 837.2985704584572 944.3860303539186 84.38569306921535 -61.55614372462816 853.396640749404 945.1625366660936 74.94816989764504 -57.58208586912363 846.654537856927 906.1937306996874 121.1641396868806 -107.99803694613684 908.3724385936613 880.0374003075179 110.10684974827298 -49.150020888392405 884.1747937151238 936.3540138995364 78.23117104126095 -58.159728860730326 886.5515120553943 925.0816993411497 104.12704855581782 -85.79027926864548 882.0146454141322 915.1997361388403 100.70520106004712 -42.35481967664556 866.6775299675138 899.6446657651378 100.68246429501423 -85.20386773759195 867.5018116449285 914.0981114870724 64.85789322355622 -104.7076542435093 878.8002433068457 913.2369257289262 70.93338566292674 -36.28404548633691 850.5353560108788 895.7828351336257 98.23513802274353 -81.0068873107527 907.7445224746506 881.9246218292366 124.77573785780096 -90.32599844013963 871.2607584161243 906.4788791672518 106.39885582908164 -68.5793025919782 858.605468619297 889.3886253636826 91.12440766033714 -50.929272201769 872.4913379436604 932.2795204298606 71.02492207888316 -69.17733484905692 870.3001242232674 927.2941127836946 79.63039144853799 -107.79086229820811 915.4223157184907 889.917040526527 128.70993001569693 -41.10690402071273 874.0596652556158 889.9213547020238 103.17839813038415 -35.07387118037763 843.7596705269624 945.8766163806423 50.90805381170473 -68.72115966071424 898.2074098978934 926.2602328300649 89.92652998580037 -51.179068281853944 854.3898980688394 903.6830922209948 85.61082125001455 -29.49557536556488 838.198875827057 941.4013514845818 89.97397419286244 -97.16334950045724 880.5102685681616 904.3861721261117 92.65731975068395 -93.15753275349714 892.8589400371658 908.3146138148153 64.45438314617803 -101.32286405824063 898.6985141224466 871.8243525517023 143.4266611957399 -101.99903226111039 892.2014188440022 880.583719566868 102.72361717192346 -108.5322154627069 886.1316586187454 873.2072579153719 123.36566009616469 -73.0916144019743 904.8194740924429 898.4853183508698 114.4888669273279 -88.63567604683585 901.2088940570408 912.3858586292083 77.92507266526181 -88.49734138022906 876.6299331135071 934.9848988129288 97.05992915624594 -39.90691896576069 835.9882432183726 911.7588214802422 115.62563958916314 -54.60529647284932 883.7113193447383 882.8867999995151 119.34901478003108 -68.96882667978124 891.9771236848079 889.2456463256274 97.91256407212015 -89.706109921329 908.4522754525054 890.619654305325 113.83595358220768
90.00163596192137 4.2692633338900565 5.692351111853502 5.6923511118534975 5.692351111853377 5.692351111853678 5.692351111853436 4.2692633338900725 0.0 4.269263333890051 4.2692633338901524 12.158867304834825 4.269263333890119 5.69235111185369 0.0 5.692351111853684 12.158867304834862 5.692351111853682 12.15886730483471 5.6923511118534265 5.692351111853644 5.692351111853457 4.269263333890178 4.269263333890216 4.2692633338901524 4.2692633338900805 12.158867304834795 4.269263333890086 5.692351111853465 10.2620319058663 4.269263333890157 5.692351111853559 12.158867304834786 17.07705333556072 7.115438889816985 4.2692633338901205 5.692351111853705 14.230877779633856 4.269263333890077 17.077053335560535 4.269263333890095 12.158867304834672 12.158867304834867 5.692351111853612 5.692351111853479 5.131015952933008 5.6923511118535055 0.0 7.115438889816881 4.269263333890266 4.269263333890126 5.692351111853475 4.269263333890214 5.6923511118536325 7.1154388898169465 4.2692633338900725 12.158867304834937 10.262031905866234 6.037650108129662 5.69235111185341 5.692351111853506 10.262031905866214 10.2620319058662 7.115438889816948 8.53852666778038 5.692351111853462 12.158867304834654 5.692351111853424 8.538526667780273 4.269263333890267 4.269263333890176 5.692351111853586 4.269263333890117 12.158867304834809 12.158867304834708 12.158867304834622 5.69235111185358 7.1154388898169065 7.115438889817099 4.2692633338901 8.538526667780392 0.0 4.2692633338901045 5.69235111185347 4.2692633338902395 5.692351111853663 5.6923511118533785 10.262031905866218 12.158867304834864 5.692351111853488 5.6923511118533945 12.158867304834766 10.262031905866202 5.69235111185344 12.158867304834843 10.262031905866204 5.692351111853429 5.692351111853549 5.131015952933104 5.692351111853556 5.692351111853517 12.158867304834654 5.692351111853612 4.269263333890135 5.692351111853495 8.538526667780463 4.269263333890094 5.1310159529331285 5.692351111853623 5.131015952933119 7.115438889816953 5.69235111185365 4.269263333890253 5.692351111853421 12.158867304834807 5.692351111853437 12.158867304834853 5.692351111853534 4.269263333890256 5.69235111185364 0.0 5.692351111853426 12.158867304834885 4.269263333890096 12.158867304834844 4.269263333890177 0.0 7.115438889816826 8.538526667780314 5.692351111853458 5.69235111185362 2.8461755559266293 5.692351111853476 10.262031905866014 8.538526667780223 5.692351111853484 4.269263333890177 12.158867304834844 12.158867304834866 0.0 5.692351111853663 -94.51911702273294 903.872981657231 886.5667332703376 91.3608042928201 -49.30198059628012 859.529155396343 907.9433460748994 92.30748607458386 -55.39108498424121 884.3773955784321 887.5242525264571 115.40283079607012 -110.10008628842655 887.67773849399 871.1531356874231 147.86117452353506 -88.7335106770773 912.9924648001697 942.0182465385004 85.23496669884013 -62.18998845903155 870.3846267113167 908.3012471970691 77.89287352697797 -54.38045051492468 868.2375318863943 947.1859419846146 66.4610630074574 -69.2704232579892 871.5307789779033 915.4091073735459 101.18482404427847 -37.75673601190908 850.0924811603842 894.980161099888 116.11946814434091 -94.92702738531243 919.2728273833658 880.0337859593192 131.0304416165803 -78.9952321880551 907.2505025134946 902.3127712877506 97.92334490512697 -77.15601860763314 869.5810099041607 892.7736317333821 81.89423143249019 -84.64039156154591 904.9817794378046 892.1921136113964 94.64121531839278 -70.94075415542486 884.2054262086837 921.0801646228314 69.59954851037881 -31.207625780187 835.9767276168736 895.0302591753268 86.18540285999916 -76.18391496789835 884.5752902071092 871.8355533034608 138.80392497640665 -42.52334691425128 843.6857485927108 864.5413940978344 110.28842173298005 -25.745524104458465 841.9484100284888 871.6120265024522 102.96889936181853 -117.49040175237849 899.5486823147095 873.5277770044603 112.56063998517342 -32.438561343351516 842.8508409217756 900.8242765008047 91.16030465164634 -36.843692488071945 828.9688690365222 909.8769704014446 105.85581805392538 -47.25014278600289 852.600591919243 934.284376998856 64.1299176603291 -93.69012309263456 877.6346518991559 943.9574854361697 79.12345811875856 -69.5643173605717 862.8263518684394 877.9900761911548 99.31641724598612 -44.636915304630065 868.3660633748685 903.3038893736439 102.79086321216623 -52.582439299695 855.594470306549 928.27003492306 86.90358483699336 -38.49761556340498 836.3282193390404 878.163814480281 91.12789986592952 -111.82543369506011 900.6784353511439 907.9523466881215 87.09862548080024 -68.34870685407638 855.1748279827034 915.3081044444717 67.20406594599682 -68.66306040839353 890.8325154896899 912.3569854344735 113.3666118639656 -13.767814996303624 839.8302106047462 896.8699399391884 107.06403493706614 -69.66107769451342 848.9619244864334 922.0741936980208 63.12403396390627 -42.00382925960283 855.8328643832749 939.0242422055766 69.0772682524358 -58.138993578794505 878.7158532504553 888.0232237311095 130.9232890778993 -84.26353716664494 897.1301465225226 890.0341320582496 103.64811829847868 -103.05604245068014 892.9052845213872 933.3282064946229 70.65628458633078 -21.591533702187093 826.8957470945743 935.485873289137 93.68287970826508 -51.21876191728321 848.0779028846367 936.6639069156107 76.663812070966 -48.091410806998894 840.4891575526092 893.891911580625 127.08378544504532 -99.83542510890244 905.4475920148446 866.4241376336789 115.57012766265282 -36.54915903291567 876.6763135768757 927.9513664892663 82.79570473374497 -50.540900947268184 874.0111510061881 918.0079230336224 109.18511604039838 -83.45662877067636 873.087153490761 905.784766040834 114.72358530029014 -34.534395103339676 858.8395147594109 886.7910459980504 109.8830841123872 -75.89755735943757 856.6745700525677 910.979306199531 70.01019038706433 -92.02907782272814 871.4284659062042 900.4741030275749 82.98922835078353 -18.155521386428088 840.6760751078441 880.3607674723435 109.27657944948245 -70.84460919891082 901.1759221683291 871.1841935216235 134.18045042079555 -81.28961106222926 862.3985026445552 899.3598515380957 110.02992920641537 -60.47265249779233 855.5449912078202 881.2062069399796 103.50122450458402 -42.819275281992795 862.7184320702828 924.4713156871634 73.70464174973402 -59.63967249559849 864.1932649227555 916.9630839633317 85.5742978953778 -106.08005831102392 913.7812519045788 879.8583118275925 139.03140939782776 -34.94816217684504 862.8809331939387 882.401647150493 114.41343779230694 -20.859760965805737 834.4705638269972 932.2377921362498 56.30649250443886 -61.651385207842516 889.6275386349666 918.4985609060767 94.02725306944424 -40.01670827350532 846.5364766766908 887.0554654025128 100.4159547193629 -18.056430783084792 829.4959198467719 929.9287020029537 101.11215764214947 -85.8418978324605 869.4625390942915 897.4039457610896 100.56212827710316 -87.697986631009 882.5925584034658 902.3310565443521 75.10943632750966 -90.27003021057968 889.65500845978 865.2000310859978 154.66860655844232 -95.18041917607664 885.596306058589 859.6360920234029 114.90129187573659 -100.06109341416997 881.2311771706454 864.564004952604 134.28360268729247 -67.73838163938822 901.2566060326131 894.717054013792 120.11476159615343 -77.33697828214437 893.5531629338171 903.43263223312 85.79139611348958 -80.47094908773921 865.6158242348201 922.6281139919619 101.53212007858558 -30.718953584130176 828.3970278145882 902.6599824297685 119.21735511677294 -43.45657189123008 877.2678960723601 876.9821426275654 126.27849281193363 -61.91124437273161 883.3766143609681 871.2034776931514 109.38116865364067 -76.62867280969958 900.7424000030712 880.3637390371059 121.24503419694686
100.00163596192137 5.692351111853628 5.6923511118535775 8.53852666778033 5.69235111185339 5.692351111853532 5.692351111853649 4.269263333890272 8.538526667780202 5.692351111853546 8.538526667780305 12.158867304834663 4.26926333389016 12.15886730483477 8.538526667780413 8.538526667780433 5.69235111185356 4.26926333389004 4.269263333890252 14.230877779633742 4.269263333890099 5.692351111853658 5.131015952933086 5.692351111853585 2.8461755559266 5.692351111853596 12.15886730483479 4.269263333890091 5.692351111853665 8.538526667780353 10.262031905866198 5.131015952933074 10.262031905866328 5.692351111853616 7.115438889816934 4.269263333890277 5.131015952932908 8.538526667780316 5.6923511118534105 4.269263333890293 5.692351111853406 8.538526667780449 10.262031905866202 5.692351111853453 4.269263333890096 5.692351111853425 5.69235111185371 6.037650108129648 5.6923511118534975 10.262031905866182 5.131015952933085 5.692351111853651 4.269263333890118 7.115438889816914 10.262031905866383 5.692351111853514 5.692351111853638 5.692351111853516 5.692351111853466 4.269263333890177 5.69235111185351 0.0 9.000397377424521 7.115438889816951 4.26926333389008 12.158867304834635 12.158867304834603 4.269263333890266 12.158867304834763 4.269263333890276 5.131015952933131 5.692351111853508 10.262031905866207 10.262031905866163 8.538526667780355 7.115438889816963 5.692351111853444 7.115438889816944 5.692351111853668 4.269263333890073 5.131015952933088 8.538526667780385 4.269263333890205 5.692351111853415 4.269263333890193 12.158867304834622 4.269263333890143 12.15886730483475 5.131015952932957 12.158867304834597 7.115438889816974 0.0 5.692351111853518 8.538526667780195 4.269263333890049 7.115438889816934 4.269263333890215 12.158867304834677 5.131015952933088 5.6923511118535375 5.692351111853642 10.262031905866298 5.692351111853428 5.692351111853652 12.158867304834573 5.131015952932956 8.538526667780438 7.1154388898168 9.000397377424605 5.692351111853436 4.269263333890175 5.131015952933141 5.692351111853634 5.131015952933024 9.951893502469993 3.984645778297345 4.269263333890165 7.115438889816912 8.538526667780355 12.158867304834706 0.0 5.692351111853509 3.9846457782975784 4.269263333890117 10.673158334725327 4.269263333890044 5.69235111185352 7.115438889816784 4.269263333890207 5.692351111853651 12.15886730483463 9.546363028425747 5.692351111853439 5.692351111853609 7.115438889816926 8.538526667780193 5.692351111853575 4.269263333890198 4.269263333890272 5.692351111853464 10.262031905866234 -85.76198341909247 897.0055981342917 876.2489899326648 97.34527018937563 -43.99527300722658 855.8843571213182 899.0467318632695 101.60964828950074 -48.11539494986929 880.4876572109438 876.7290073501687 121.9894062713291 -99.46743238997719 887.26019729307 859.0652340868078 153.16972722856397 -85.23816788191202 902.9791803278144 933.6629191065776 91.22055204687716 -51.28073825692086 861.1803012269445 903.3498528662855 87.27319915708601 -43.75775635607042 860.9684269335055 939.6570269818043 74.955404995045 -57.78500515182223 865.130994501863 903.0589507516172 105.6651605009124 -28.277847055406568 843.9054124681101 885.3395893882218 121.67376333252908 -93.38398233468354 909.5192368648347 876.4445219137348 136.71027994565276 -76.1247626384098 901.1324642822258 891.9956996448623 103.88152731082569 -67.3552440545558 864.8712562519811 885.6423762763344 92.28612254421009 -74.16187128087856 893.0809786875633 881.3427772070924 103.92418447257158 -62.52542021828669 879.2225670172842 914.1532631460882 78.93679096907589 -17.250483137614427 831.9960047542952 885.6034747768281 98.80333362229989 -74.44468917541425 876.193537041681 864.5680818973773 147.54169289695307 -34.72712499361969 835.82888596291 856.9430039056275 115.89587169682662 -14.315864428958063 835.4645664598021 865.4043500877415 111.90433035451274 -108.76142173127992 896.0590743349842 861.5991471951826 118.3993666861029 -21.278409839665365 838.3271138248505 892.2030806247275 98.80822725419883 -23.156875257868407 826.9471728956009 900.3958971094289 117.05135655322213 -37.77337869012519 843.0693092596864 932.5001703884864 69.78549806473556 -83.57332738001286 871.013547612684 934.9597719336541 85.56984248846871 -59.214660119733736 859.2045852128282 870.3874594159294 106.3240628189495 -37.094211680277404 862.4830209162527 901.627535015748 111.30156535069689 -45.887079090178155 848.8691060804888 923.1276080382178 90.5856839917712 -23.984020456954994 831.7889703740884 869.881228933178 98.58959548824602 -103.05395806903711 893.8257346468642 901.6229592897625 94.55356709661032 -59.12441947348587 847.630752411883 906.999487360428 74.61282374355196 -61.36690142784058 886.966778560707 902.1336400976351 122.18728523944915 -8.812713971896747 824.7109978438581 886.5889642424135 114.06532931945982 -53.17619028423204 840.8455853053533 920.8850212528303 66.89355177226248 -35.88203193258465 846.3101597522377 932.0513555280498 76.99118057605715 -54.202429745485766 868.1100288749097 876.8519547455115 142.33142817828676 -79.14484152972487 888.8042191113619 880.2423621737175 114.89524181030917 -94.60497757123188 887.9850923548677 927.5920412532844 76.22542081547556 -10.181513667874142 817.0538949712106 926.2960129234656 94.42978431471228 -41.45749906004858 839.9435271932515 926.9758075718563 82.14608675676283 -33.31530197393087 830.6461385666722 883.101760946412 135.09519098481806 -94.68422846235241 897.1400439216799 859.7873382073344 126.47943143713182 -29.852131517090747 863.2492603940193 916.237791303496 86.80790688614785 -44.10937500854528 869.263723343636 911.4856005967882 110.94524324272139 -73.6283506121834 865.0362280958365 895.519901924948 122.13423149900211 -20.335858859299577 842.8524554543111 874.5713471435419 117.33600236586014 -63.8624231781413 849.7103572032395 900.6951494750889 77.37556892771421 -83.30914498182567 864.5099943523703 890.2440271635006 91.78568108152909 -9.811044807225972 832.2491035491244 870.6679802684184 113.42860033113979 -59.288897232307384 891.4889734948367 864.2128565848536 138.10082811342463 -68.16893342381452 857.6419718910868 892.4169653230941 117.97564143688658 -54.613528628994544 847.9901833301424 874.8823291904199 109.57252763198517 -37.24464551730312 853.764111795954 918.8299521926591 82.12136255844662 -54.04829949119288 855.2502537010444 907.4173509513188 95.32889616672374 -96.72854766319341 906.3912480260187 871.6017668762572 143.91315133264328 -29.67637046229078 849.1703810955939 868.318677877476 123.29074571511725 -14.201358666506314 824.374699988817 928.4899202770198 64.65051744288995 -53.24714328533321 884.637908980559 913.3567865574661 97.7101589111641 -30.56695645912915 833.6408272615502 882.746773738181 106.53855877664651 -1.4184094819545912 814.3721936548591 919.3567115315905 99.93054866035162 -74.60999702919482 861.6974410457308 890.3843651080933 107.06822800831804 -78.1137661785501 873.1682185844286 895.3073725016109 81.59666058910695 -81.2305497346999 880.8041486382166 852.7686393038193 160.5474086475292 -89.53034895515758 880.0682428708911 850.6354286602311 123.92722232261131 -91.5851822651044 872.9400455266865 857.8820683593017 141.11403227327773 -54.78375584044813 888.4955343119658 885.2164216430705 128.54077295826136 -71.63657521899373 881.3030481717593 894.53816909268 93.68525093297309 -63.11425175911317 858.4083468225637 910.967126199458 106.97130824816941 -15.666894874592675 819.9365103589593 892.5200900662004 129.51783533001728 -34.50698140096072 868.3170989052475 864.0230548108177 130.10870139195856 -53.78028974490683 876.9843664043428 856.1121696972494 123.43648871062223 -66.76400822199487 892.7290979643391 874.177500088823 128.81973461820957
110.00163596192137 5.692351111853496 10.262031905866273 12.158867304834702 5.131015952933111 5.692351111853406 5.692351111853681 8.538526667780237 0.0 5.69235111185342 8.538526667780317 5.13101595293302 5.692351111853648 4.269263333890233 4.269263333890257 12.158867304834766 5.692351111853448 4.269263333890026 5.692351111853546 5.6923511118534655 5.692351111853432 5.69235111185366 5.692351111853503 5.69235111185367 5.131015952932989 4.269263333890244 5.692351111853693 4.269263333890134 4.269263333890172 5.131015952933142 12.158867304834631 4.269263333890264 5.69235111185366 5.692351111853422 0.0 7.115438889817125 5.692351111853622 4.269263333890205 11.463457750809285 4.269263333890204 10.262031905866177 12.158867304834812 5.692351111853624 5.69235111185347 4.269263333890132 5.692351111853696 4.269263333890253 12.158867304834683 12.158867304834729 4.26926333389004 5.692351111853603 5.692351111853551 4.26926333389024 5.692351111853645 0.0 8.538526667780257 5.692351111853466 0.0 5.6923511118533705 4.2692633338902235 4.269263333890145 4.269263333890219 5.1310159529331845 7.1154388898168985 5.692351111853402 0.0 4.269263333890142 4.269263333890219 8.538526667780362 5.692351111853466 5.6923511118536005 17.077053335560645 5.692351111853612 8.538526667780362 5.69235111185339 10.262031905866195 4.269263333890093 12.158867304834956 12.158867304834859 4.269263333890192 4.2692633338901285 7.115438889816801 10.262031905866184 5.131015952932909 12.158867304834715 4.269263333890061 5.692351111853414 8.538526667780461 10.2620319058662 0.0 0.0 7.115438889816898 5.692351111853684 5.692351111853678 4.269263333890183 12.158867304834827 5.692351111853416 4.269263333890173 5.692351111853502 4.269263333890226 0.0 5.692351111853637 5.692351111853548 5.131015952933056 5.692351111853453 5.692351111853524 5.692351111853477 0.0 8.538526667780438 5.692351111853581 5.692351111853611 4.269263333890102 10.262031905866225 5.6923511118535925 4.2692633338901 0.0 12.158867304834871 8.538526667780458 5.131015952933107 4.269263333890147 4.269263333890113 4.269263333890115 5.692351111853712 5.692351111853695 12.15886730483477 10.262031905866326 12.15886730483475 4.26926333389004 4.269263333890192 5.692351111853668 4.2692633338901045 5.131015952932992 12.15886730483475 8.538526667780372 5.692351111853646 8.538526667780268 5.692351111853364 5.692351111853548 4.269263333890169 5.131015952933206 12.158867304834812 -78.6995580684428 888.4001527646743 868.4553769856955 100.15642576481896 -35.07978035580645 846.9102503902578 888.1839733919702 109.51686258875368 -37.221580535611125 871.260685762579 864.9829800065626 133.99032927158916 -94.38087919668746 882.2719841529057 857.238969948239 165.63619977668267 -76.21122847509076 894.1151801913069 925.2591615189525 95.78697724727135 -43.47338757145649 849.9845171405246 897.6315152122988 92.86479422933077 -37.05813234327577 857.5985558366207 928.0900890969547 83.24429001231297 -51.0812882615267 858.4135901223965 892.7077398173927 110.26513948569595 -21.886560632493577 835.7700138216458 873.4443955361209 132.1542746512878 -88.85978160196343 905.1002790360835 861.9996964280884 145.1566852496251 -71.6221475356697 896.6957532744436 883.9490088986912 115.65926997144392 -58.96603128406066 859.8431265386082 878.5022958432749 94.55182375118083 -72.45096065947631 888.0570767133231 866.571116290923 111.90971290278392 -56.08702440865783 874.4815646708204 903.8813604912284 86.31676922585987 -6.395527306660665 822.7174177699552 871.957705735866 102.95809600735734 -65.48565067089272 873.9855508620604 855.2886909851785 153.691156452058 -27.794953300041996 823.7769444782441 842.4832103775551 125.61071183374712 -5.129578958855005 827.8714633828573 853.6459097796253 123.9047450698141 -100.0091144835903 889.1760959615192 845.2631875577063 126.69309920649818 -13.490224835484558 830.4621510084017 883.5937749669939 107.84172541991985 -12.874881130257974 814.8761315359837 893.3753659341155 122.19961290976934 -24.128092221616143 830.9919666894849 920.1448315852775 74.2631697636479 -77.96286101410793 865.4486873101963 927.8428489385374 89.21359918733225 -48.60322582167348 851.9223712171911 857.7445915226584 115.85785874544365 -29.29281948317444 854.6321359110465 895.939704605191 116.91723117560323 -36.43043405932831 835.9758319494983 915.4190827127262 96.123042349797 -13.41499406438423 821.1148305430515 862.9712569482492 105.21045505317949 -90.95252988110475 886.9673027240771 893.9915725887388 101.53922198543553 -49.35681041778346 839.5011220145924 898.6035370048207 79.1877121236534 -49.649679875679304 878.5628334400768 892.6587060301695 130.64160406820787 2.5976465913506708 814.869486092887 874.049231957636 126.38389594465532 -39.781525084876634 834.0905672368093 909.2221058653508 72.33813095123735 -28.854406778418806 837.9912439855536 920.3898887580807 82.4329287872063 -45.54205100498575 861.111545363136 869.961527879428 146.29575271939493 -70.97795516991555 879.0678483445608 872.6648940204578 120.57889640587595 -85.29719651801565 877.1619197573168 910.5957832832858 79.65803590791229 3.739884844045398 806.3605854124164 916.119508019335 104.66095898948194 -29.18222723554656 834.3010999176778 919.3145926218195 89.09995744352346 -20.80502937807538 816.3313007187973 875.8101334216071 143.76396402262023 -86.5430680482871 894.1415435750087 853.9099899277425 136.45863327040075 -20.395631630657782 850.3559926209786 906.7555860629782 98.0116331189039 -35.1775502688659 863.6565376634277 902.6581249547991 120.30002746320301 -66.90907409804996 858.3337811735814 882.1166563033845 130.62885698598572 -12.81670855498376 836.9465672842774 869.2755562051656 127.3331754533592 -58.00553046724852 842.1562573854148 892.8904543899886 80.07687796983184 -75.75040483409578 858.6603116678361 879.3821066472262 99.7021749085076 0.470306797232398 820.1775605141036 859.517638387709 124.93326342379206 -52.56372362125687 884.8015577967492 855.1528844268719 146.99666211471887 -59.78590544017529 849.2542979243715 886.5610720463214 119.36055566124148 -43.728459240029494 842.0885608807988 864.9381263408189 120.01008497457617 -29.73340223766596 844.5115237973868 908.6032295181647 90.92747028795355 -37.31066487277606 841.7911236553816 901.9186268741045 106.61269937636132 -92.72936610652478 899.1706101813794 863.7389857742926 151.80710527730736 -21.869335297188798 844.6653552476502 859.3071027381902 134.78723989501898 -3.3469553359617428 815.0952969470474 916.2321297081157 71.97743412267356 -43.73616907085938 871.7844145169285 910.3633187520609 105.71231481686918 -20.83901628530858 822.1342166849342 874.3186008322837 109.81924830524673 9.40564581399891 810.1797331179426 906.6934403405791 113.45595605200201 -65.37364348506367 850.8038667933336 879.3526729018773 124.04924992770435 -68.02114937974017 866.4952396736523 891.7810188408638 92.92050416358342 -77.84383542160684 874.1147098648004 849.3465185958121 172.0904130937257 -82.21361108422067 872.8433407458217 838.4024382404 133.89556512832175 -84.84065835655055 866.2692212493914 847.4185558534375 148.28620685910354 -43.299123879647034 875.3749667943908 875.1548557909629 136.2071821049375 -64.91169971762451 877.9735262672782 888.891703809811 100.70936577434753 -53.33105098037213 850.2952663276296 898.7083865832316 112.94348608564327 -0.902094005734249 810.0781634076682 884.3888478814946 137.13500335597848 -29.21707568325116 861.3154710432566 856.9564091521618 140.27226927213394 -49.86818904453535 869.7157246614724 848.2743253857741 132.6461489737246 -59.46331168077371 885.4980774511165 864.5282168173659 140.87804535773626
120.00163596192137 10.26203190586607 7.115438889816975 2.8461755559268935 4.2692633338901125 7.115438889817128 5.692351111853544 4.269263333890113 0.0 5.131015952933269 4.269263333890115 2.846175555926694 5.692351111853627 4.269263333890085 4.269263333890213 5.692351111853542 12.15886730483477 5.692351111853465 5.692351111853692 8.538526667780435 4.269263333890239 7.115438889816753 5.692351111853437 4.26926333389014 8.538526667780438 10.26203190586624 5.6923511118533785 5.692351111853494 5.6923511118535375 4.2692633338901205 5.692351111853455 4.269263333890295 5.692351111853597 5.692351111853419 0.0 7.115438889817096 12.158867304834802 4.269263333890252 5.692351111853621 5.13101595293318 5.69235111185354 4.269263333890121 7.115438889816958 4.2692633338901285 5.692351111853467 5.69235111185355 5.69235111185354 12.158867304834716 0.0 12.158867304834832 4.26926333389014 12.158867304834747 5.692351111853708 4.269263333890069 5.692351111853498 4.269263333890272 4.2692633338900885 4.269263333890229 5.692351111853696 4.269263333890037 0.0 7.115438889816856 5.6923511118534496 5.692351111853464 0.0 8.538526667780337 4.269263333890228 5.6923511118536165 7.115438889816868 4.269263333890074 4.269263333890222 5.692351111853665 5.69235111185367 4.269263333890109 7.115438889816923 10.262031905866202 4.269263333890141 12.158867304834892 5.1310159529330575 4.269263333890235 5.692351111853668 5.692351111853648 12.158867304834883 5.692351111853477 5.692351111853581 4.269263333890186 1.5045242989963505 7.115438889817033 5.69235111185348 8.53852666778017 5.692351111853506 10.262031905866303 5.6923511118535 5.692351111853567 0.0 5.692351111853482 5.692351111853648 4.2692633338900245 5.692351111853487 4.269263333890206 4.2692633338901125 5.131015952932925 5.69235111185342 5.692351111853539 4.269263333890144 12.158867304834907 8.538526667780209 5.692351111853488 12.158867304834823 4.269263333890207 4.269263333890208 5.131015952933116 5.692351111853445 4.26926333389014 5.692351111853463 5.692351111853521 4.2692633338900885 7.115438889816944 12.158867304834882 4.269263333890061 4.269263333890098 12.15886730483471 4.2692633338902235 12.158867304834647 0.0 10.262031905866062 4.269263333890013 5.692351111853447 12.158867304834796 4.269263333890082 5.692351111853476 4.269263333890099 5.692351111853651 5.692351111853484 5.692351111853654 8.538526667780344 4.269263333890161 12.158867304834734 5.692351111853518 5.692351111853432 5.692351111853364 -72.25755964773651 883.6771597190369 860.4071675608751 107.81559072487681 -25.066776272097705 835.1285323594437 884.527929563538 115.19664324061573 -31.371225889414823 863.6980578185087 853.1431819441268 142.01680016586536 -86.80249453150837 876.4373155870647 852.5264407889072 164.99120784943233 -70.77147160459143 888.3816941690184 916.9855545155757 103.237130285224 -29.251703416476825 840.7085690150162 895.967589944572 99.97059303457551 -30.388108461705187 847.5114140931611 923.2102278481965 94.06656090167144 -44.10709560848759 853.0843890557592 882.9056535530882 123.56963484519103 -11.030756059057314 826.4923613757743 860.4498141172554 142.48448253871766 -90.77657720715433 898.66092235032 853.1243754673528 155.51651007347596 -66.01516511855263 891.1280907458263 875.8585702648232 123.29309091411845 -56.73582434329544 857.6046145595279 872.8149937371049 98.7923635577535 -62.09973443998506 882.773252299628 857.9243234116683 120.09170124376188 -47.708284567571724 869.4403722493234 897.4202901134832 89.5469855014799 4.189150691582999 815.3959311316419 863.357441438723 112.51762240332357 -55.1439964518338 868.6759978570664 849.5788773370111 161.62715520791565 -18.05168827100037 815.6227119135451 836.1552130851591 135.35568349609002 -0.14081589865432564 819.4605165961677 847.5109452118708 128.83925268227188 -94.37946367257997 883.6281560569404 842.5925682625284 133.46389506706706 -6.259429196189993 823.1582179743662 872.3287169963037 117.8121147249045 -2.273126190955782 810.9088800589346 881.5802155027004 134.12443092574188 -15.513397374149877 820.6079781457371 915.1162929673864 80.81227641901265 -69.85116718217972 859.0227170690096 915.6045826210641 96.58945807340673 -34.379375356579615 842.6509196240073 851.5619063274821 120.75213846080482 -22.0842942410725 840.6256512381478 886.6153859383687 126.88012270711005 -18.381564908923938 831.9394292390629 903.2120677870595 103.5341038221752 -6.723551905463045 817.7267428484647 857.74481464754 115.253374127954 -84.78061622246744 884.2094706833142 884.4024892783951 107.17142729645617 -40.42082803802177 837.2319193496304 892.9053025725332 84.7984293586678 -39.03653745766303 871.2816126082616 881.2600320885902 137.879235872004 11.462089477654734 799.1707624115135 861.4961907705107 134.7130306486235 -30.034344060419354 825.9409521972609 899.5566291552734 77.85662239687869 -13.244112881135273 828.9717912774181 924.6029085299621 89.62846447144689 -36.35070628999818 850.1826170569648 858.8263669303517 153.88879713045677 -66.76815495035405 869.8506200248657 869.2206878051758 127.75170322411863 -79.96633496420942 870.1919535029589 906.8637269537285 85.29459888788355 13.382812737624176 789.8751024110079 909.9021200574447 113.6051881917012 -19.993428779563132 826.7101301523454 910.2373026779587 92.74372100119511 -10.523536528055454 804.2601128240449 873.1102188645559 150.48996627718523 -80.09225775267058 889.4278375372376 842.4523841092191 147.38851880961676 -15.402427186473 841.9475279718245 894.010431977901 107.36538646152914 -31.016969258558415 854.4179317691335 891.8157297174633 126.91823682735469 -58.25371555748842 851.328662349893 878.094364692827 134.81618251740804 -3.343822725779539 830.7501058465766 853.9388174088792 133.40593920468496 -45.99790348759007 838.4837068466557 882.8109782774682 90.41000512745126 -66.52983926654778 851.1099260342874 869.2074456071283 105.88925302687653 10.481526925885852 810.0635622964403 850.7613669692124 130.41137951616005 -47.53601957777011 876.4142831629673 843.0282984336378 157.15569657358265 -47.77418138308473 845.5897424457337 877.2204590945008 127.982444909728 -34.26406697713516 832.5470380924371 861.4578870327357 125.76678438013872 -16.07663679541389 835.7852464368664 902.2156355679253 95.58218104159305 -27.019353241706764 829.7278074948862 893.7273691176224 114.12222243447493 -89.60493963412458 891.0842885181967 855.8369985500519 158.38706744666635 -10.169410816867716 836.2243074219369 846.9152036146126 143.36513827373201 6.1252266424386645 808.8973602362477 905.7569934565947 73.67719798946834 -37.339335760866916 856.953078889424 907.229201260259 109.47684961709531 -9.984098679820153 812.8555081685824 865.0369680521654 118.45046775047197 14.072881551491193 793.6638568151875 899.6136944196494 117.19281497281362 -53.927218408550424 844.3475004446464 871.9752289567541 135.1632001153818 -63.54590580691967 862.0198517040837 884.7051613485488 96.66821123029729 -71.68554359450822 867.9776105380106 845.5678974488243 174.24395784399175 -75.76009880170263 861.3901383180595 835.5703444702656 150.2075560703303 -77.27561290519462 853.7047445094648 837.4359058116032 153.6281673510729 -36.05706306781771 861.3813156827355 866.4958095724139 150.67349148392205 -60.15901297302692 874.900998867575 875.9137645129312 104.46153366393261 -43.00398885163985 844.952785143114 892.5135971876667 120.51163430233139 5.198677771864922 800.5431169068522 871.1095611548036 144.5495244495022 -26.74256870955511 850.4056069741205 847.9126448141776 149.21438027846233 -44.28760604334273 864.1131437474425 841.830902740134 140.99688129572422 -55.82406102735541 876.8333741512755 859.2911840039845 148.2151109200417
130.00163596192135 5.692351111853532 12.158867304834757 8.538526667780335 5.6923511118534424 12.158867304834802 5.1310159529330575 4.269263333890109 5.6923511118536405 5.692351111853644 5.6923511118534496 4.269263333890232 4.269263333890264 12.158867304834631 7.115438889816809 4.26926333389026 5.692351111853517 12.158867304834796 5.692351111853464 11.384702223707196 12.158867304834816 5.692351111853494 5.692351111853595 4.269263333890164 4.269263333890059 12.158867304834823 12.15886730483465 5.131015952933143 4.2692633338900885 5.131015952933084 5.692351111853493 4.269263333890168 5.692351111853476 12.158867304834878 7.115438889816948 0.0 8.538526667780182 5.692351111853537 5.6923511118535375 10.262031905866213 4.269263333890116 5.692351111853436 5.692351111853674 4.2692633338902 0.0 5.6923511118534815 5.69235111185362 4.269263333890213 12.158867304834915 5.131015952933177 5.692351111853383 10.262031905866197 4.269263333890222 5.692351111853452 5.6923511118537 4.269263333890208 5.131015952932917 12.158867304834715 12.158867304834862 5.692351111853537 5.692351111853394 9.000397377424495 5.692351111853391 0.0 8.53852666778035 5.692351111853584 5.6923511118535 8.024040618496452 10.262031905866186 5.6923511118536725 4.269263333890088 4.269263333890272 8.538526667780358 5.692351111853423 4.269263333890057 0.0 4.269263333890101 7.115438889816937 5.692351111853498 5.692351111853404 4.269263333890154 5.692351111853541 5.692351111853388 4.269263333890089 4.269263333890259 5.692351111853464 12.158867304834773 8.538526667780241 10.262031905866179 12.158867304834883 5.692351111853453 5.6923511118534424 8.538526667780344 12.158867304834649 5.692351111853424 4.269263333890039 0.0 5.131015952933061 5.692351111853448 4.269263333890147 4.269263333890229 10.26203190586613 5.692351111853609 0.0 4.269263333890063 4.269263333890253 5.692351111853521 4.26926333389006 2.84617555592668 5.1310159529330965 7.115438889816871 10.262031905866385 8.53852666778037 5.131015952932938 12.158867304834635 5.692351111853596 4.269263333890184 12.158867304834827 12.158867304834828 4.269263333890183 4.269263333890272 5.6923511118536725 7.11543888981713 10.262031905866218 5.69235111185353 7.115438889816893 5.692351111853648 5.692351111853532 5.6923511118535135 4.2692633338900245 4.269263333890166 5.692351111853481 17.077053335560542 10.262031905866209 5.692351111853598 5.692351111853516 10.537330192664964 4.26926333389003 10.262031905866326 5.692351111853483 12.158867304834654 -61.350130237954765 874.4585843269929 853.4505004744848 119.39431841053523 -16.450824832754353 824.7444408538724 876.0834952677136 117.21644745536298 -23.83733979929898 856.693774743555 847.5148464549931 151.3358684152524 -78.96328453029831 868.6189286683548 844.2437809054984 173.5605391599866 -66.57366472613462 882.5150656511997 908.0780588575889 109.80534944911864 -21.17488769602184 834.2427312020288 885.2943918332884 109.477970097384 -22.194641415693617 838.3879760570911 917.642687818676 102.53381490096623 -41.33402354978287 846.9244683661042 875.4461917454696 129.40390254515984 7.627822654319677 812.7012510208059 854.6435052497662 150.3597579867374 -79.2590050909381 885.5667581528987 839.0489173685628 161.68434684439927 -60.41960343162436 882.190086586313 867.904669109497 131.0926152185059 -50.604600132985006 851.4375519189485 866.0132270643496 105.5417438909666 -55.1198594052465 874.102994266571 848.3491425412386 130.88181887217928 -37.380146520176396 864.1003339765483 892.5557346415138 97.58147285990403 11.654647097869953 799.4248812255115 858.3696932546446 124.05059167233756 -46.22008362211553 859.7101159410237 835.9769609656751 170.031933065877 -8.579189583986093 809.4252641678873 826.7632078671629 146.31389541616673 17.11792001017188 805.3962438124394 834.9049960328493 134.99517534708664 -85.40847598282683 874.713543779933 833.620943827581 142.47482268824712 11.03368621362001 815.8025862422517 867.8408442891939 119.82129115564707 10.553221407434275 804.6937811724968 873.7604340620737 143.3798844448129 -1.0010981451917218 816.0622459771239 907.658012027904 75.9732362726969 -58.134025487117555 847.2586867376956 906.6850601671509 103.14718789839274 -27.44424362100944 830.6006741177712 840.8064650077239 132.5846505317046 -15.693925662418271 832.4891662225796 877.6988127844824 137.44675073317245 -9.46441271756413 826.304868672689 896.1637922985892 107.31548053724951 3.5573435985368187 805.6547656250935 851.3502305345919 124.93400934164255 -76.09605618891312 877.2337702289504 875.5099383971382 112.49396889611822 -32.35831641846024 827.4121644573316 885.5861820541622 96.16838478445206 -31.529050312397697 858.6781279975985 872.097658705833 146.71950689462335 24.00167785870341 791.5593187326845 852.9291364276091 141.7220630759407 -23.66080440206903 814.4495479143676 896.8421293161971 90.14938403811254 -0.990206602927933 819.9658717397505 915.660467674945 96.15372704762481 -32.084840126326625 838.1972239051825 845.6631575213723 166.48038468797793 -55.87917547013936 860.6139208897887 862.5725231309787 134.59436060928428 -74.9328047622194 861.8071308174927 903.8777596091411 91.90336650198186 26.515825222874994 783.5184646856686 899.0445343390243 120.23759775722307 -9.138274968213143 817.431470476166 904.5739869435555 98.36669098547972 3.701842765021737 798.3175254839597 861.0981166187047 155.78302271243336 -73.36825137240098 882.7316546833185 832.6533177084192 160.29706676268682 -9.299259679904829 832.4140635041197 887.32399165114 116.8615743276627 -26.021068502747717 846.011574256404 886.9997639357813 133.6473023427715 -51.29488774578456 842.6403332827772 865.6530151961638 143.282421011739 4.712731014345989 820.9260331855851 847.6673506781818 143.19701827334146 -38.2185505220976 827.2692125204524 876.8321719848884 100.88552892944776 -57.60921474231394 842.1385573792571 859.8423671598899 113.17053500173024 21.318268848833227 797.4294696907123 842.1065255308633 138.1017634209896 -45.59676286708401 869.4232181968489 839.2390089517919 164.91999019277844 -39.87518542320745 835.7414269952988 866.1938612044464 138.250466022906 -27.046555885029832 821.8919957352149 850.0800291403207 138.06108227429644 -6.6199905187544195 826.2351339193516 890.9515380177031 106.92586884172844 -15.335950163003739 817.9311749604201 884.5921545966222 125.57454635379777 -85.65239326653663 880.4746970699008 848.8952152324587 167.32579056836462 -0.7133062968967765 826.6734381880624 842.947455734687 149.44830000007622 19.16948058074659 790.6614506090564 901.5984587324244 84.07034850437357 -32.90882118531602 845.7563550000475 900.1715483872567 113.266412053836 -2.197467489507207 804.9891692638612 855.5264060675524 130.61874212708238 19.904047064860887 786.0867975226014 892.0424260039491 122.935796095438 -43.60458996963549 838.9981757554467 858.685787196375 141.32670343199115 -59.3735627900944 852.7862420844464 879.462027955921 108.07330866718439 -63.30581631309421 862.93859328971 837.1233273610212 174.5648131597342 -63.46656959476058 852.4293106799063 823.2154617776549 163.7595627999583 -70.00758305360304 853.1335829204488 831.0077685325044 166.8361919398074 -31.89755255162693 852.1418535717087 852.6610700022316 157.52096607760555 -53.45826338447124 868.1816643155983 865.3696611152644 114.11225849831672 -34.09603274219033 835.971253022264 879.586621316747 133.50690604793274 11.603232934116633 795.7583874832875 862.2719932020225 148.72403257414143 -14.213223497473816 839.4481720547632 839.6587541211308 155.93761946305904 -39.82589055380922 859.62681286588 835.175703024755 152.75439764747568 -46.3421075146803 863.9581183966403 844.0916814653222 159.25942142131308
140.00163596192135 5.692351111853621 12.158867304834617 5.692351111853661 12.158867304834816 4.269263333890138 5.692351111853559 7.115438889816935 5.6923511118535925 5.692351111853554 5.692351111853611 4.269263333890296 12.158867304834635 5.6923511118534345 7.115438889817029 5.692351111853585 12.158867304834647 5.692351111853425 10.262031905866186 8.538526667780387 7.115438889816824 5.692351111853612 12.158867304834954 4.269263333890179 12.158867304834665 5.692351111853673 12.158867304834718 5.692351111853422 4.269263333890043 12.158867304834754 4.26926333389009 5.692351111853572 10.262031905866149 7.11543888981693 12.158867304834704 4.26926333389007 12.158867304834644 7.11543888981695 10.262031905866213 12.158867304834853 4.269263333890172 5.692351111853584 5.692351111853637 12.158867304834667 11.384702223707157 5.692351111853569 5.692351111853636 0.0 12.158867304834727 12.158867304834923 10.26203190586616 5.692351111853411 0.0 5.6923511118536005 5.692351111853387 12.158867304834855 12.158867304834715 4.269263333890289 4.269263333890203 5.1310159529331045 10.262031905866193 7.115438889816747 12.158867304834734 10.262031905866214 7.115438889816929 5.692351111853551 5.692351111853437 12.158867304834725 0.0 5.6923511118534185 5.692351111853457 4.2692633338903025 5.6923511118534815 7.115438889816955 5.692351111853491 5.131015952933173 4.269263333890097 5.692351111853571 10.262031905866198 5.6923511118536085 5.6923511118535295 5.692351111853527 5.692351111853436 10.262031905866234 5.692351111853602 0.0 4.26926333389006 5.692351111853444 4.26926333389009 5.131015952933105 5.131015952932909 7.115438889816909 5.692351111853657 0.0 12.158867304834793 4.269263333890101 12.158867304834715 4.269263333890231 4.269263333890134 7.115438889816915 10.262031905866081 5.692351111853565 5.692351111853493 10.26203190586618 12.158867304834883 4.269263333890205 5.692351111853497 12.158867304834796 4.269263333890255 5.692351111853562 5.692351111853436 5.692351111853651 5.6923511118537 7.115438889816941 12.15886730483486 7.115438889816921 5.692351111853597 5.6923511118534105 4.2692633338902715 5.692351111853456 8.538526667780248 5.692351111853528 7.115438889817064 4.269263333890063 8.538526667780221 0.0 2.9884843337230484 7.115438889816944 12.15886730483475 5.692351111853655 5.6923511118536805 10.262031905866122 12.158867304834608 17.077053335560773 4.269263333890261 12.158867304834786 0.0 12.15886730483471 12.158867304834747 4.269263333890241 5.692351111853452 -52.14957999846465 863.5365613285834 840.4462354010635 128.51602914198895 -8.6636909092382 816.8788208939392 867.1757852411085 128.86038699774585 -19.98556941094534 842.7005887871964 840.727536630696 161.69094688684925 -71.9854934591536 859.9393071486026 833.1898244262732 177.6304391080778 -57.35855386132651 874.9548926861864 901.5935112224812 111.7543352177915 -13.672951260288592 824.9814622308182 869.5092058977481 118.80543521105834 -13.833427457823802 833.3164722224107 910.0416292924806 108.2193722919784 -34.65433060619752 840.1872872245183 862.6292031074214 133.6575825281351 12.885847510184004 802.3319464900388 845.392649155499 156.56048517300323 -74.50337141001454 879.1429667192454 822.0222511509153 169.85461265158054 -51.21681235993631 871.2694828604241 854.6256991892145 137.32926126342008 -43.178455031424555 838.99016374596 859.5776656231063 115.23633971037253 -44.79297043687673 868.765127388355 832.8610145726798 141.380449465304 -32.38216550913058 855.695101005855 887.5378457186754 101.41931919428892 26.063909880165514 786.5529908143312 851.2933837195353 132.8890403478725 -39.290237072683176 844.3103490313925 820.6792179287147 175.20726681209743 1.162618772300524 801.2694036556106 821.566426236957 158.87476815537926 31.882221847336098 795.5372445538379 823.7150617876168 147.48419533456934 -80.65443064451685 868.2822572851182 823.8208621439346 155.37888849091945 19.518975765978464 806.4029401182551 859.9688177030247 127.68950676362128 24.474684865952568 794.0005419377119 866.2203652541101 154.1442096966683 6.464673449886248 800.0912311124043 905.6837495535626 89.28949469486564 -40.29871177729449 832.6576124271148 898.9284456065537 106.02289127773108 -13.536141431086794 816.5570314777697 825.1759246693988 141.01733356344732 -7.906338778320523 824.6238222507093 871.2085086270353 145.74663814223686 -0.29537038170174257 815.3571030987092 890.6249035781506 113.07728686487049 15.236990854709106 793.854971901783 841.8002411604555 135.11184962890127 -64.93034450996176 866.0413012486488 864.7370434580289 125.59752746126496 -18.99001407175242 817.2849076724231 879.5312787907294 103.80943389208635 -25.13351843972363 850.5447036603784 862.9030809749124 160.4169515648567 39.035414652354326 779.7422113720207 841.8493302767804 155.59410712090508 -9.704622203740206 810.4661924049393 889.8258779957065 93.96724064801496 9.29077551405094 807.8939772474772 910.0234030790882 101.83736331267188 -22.911902298941506 827.25240711767 833.2579513912838 173.84426624728468 -47.23519000357733 853.598222456014 846.5958831149633 140.06355307958518 -64.87758614734528 858.4313156470134 899.0607313492499 99.97632077778763 36.28431327446973 775.1665019379785 890.5974199878541 122.27649173988968 2.8284633359222147 807.0282877765961 891.9665862300216 107.90895377978536 19.022326722539436 787.8966759859306 849.8857484625967 168.25783660641494 -67.50967108965091 871.8301826967215 817.0742840260679 168.81174734876072 0.4432337532353783 824.2590080851912 877.8924888252058 122.75677728056039 -17.404172392111786 835.628573795366 876.1306709333683 137.7835467183568 -35.39312464029315 835.0262145495251 861.3439766960925 152.9694990442869 13.938939444522243 810.0349814007893 838.1193534338902 152.7274677597322 -27.63141014429927 819.9522829591284 870.7017349868821 107.17220623417197 -47.092373328954295 839.2076418033354 847.0777809708172 125.04449530660598 35.84743254234434 796.2368996936448 830.1445441105059 149.67476146129698 -40.594188427884944 861.0212151572689 824.7517228733994 177.17353028177857 -31.252163354679737 828.0426102480612 858.6968200101005 142.84068487834082 -15.651548820028534 808.6976760839846 843.0834775951743 146.9763440047743 5.903177163639848 815.2704950518796 876.993420873284 114.71039377347006 -4.481225034879296 808.6521379755346 871.2520337711449 131.63299279330053 -73.90653135187766 872.0946221087041 839.5112117801383 172.14378037764888 7.3211625386296495 821.2774026697957 833.4267340707493 159.0104111217957 32.83859731263728 785.2804163133461 896.686786192845 90.7170506543766 -25.403321375874363 836.4980747907315 888.7144682574516 119.09432878106655 8.369885778904596 794.3132259268721 838.1527343960012 141.87365849449617 28.229372931130097 774.3040844042183 878.1488602780298 130.8299704692184 -30.773290583394722 832.7920070811723 850.1609838468491 148.39000918575655 -47.65129150620174 847.7145448852782 868.5645760331229 112.09663944557249 -54.93450366869476 857.885119306419 822.9162636240676 183.47740769705018 -54.52738702624236 850.1636745313865 811.5175314377326 173.18988543951644 -61.634925398828564 848.077943798868 817.153077778168 182.28567237528637 -24.947183730890373 843.4468776255603 845.5577050274353 165.04352669698798 -44.81373339980495 861.1674032109609 856.2565270234944 122.96188325007516 -24.104110089409538 820.8308271304104 868.272666238769 139.59237576317705 27.732140642758 779.4633030838851 853.2891979292219 157.72924832528378 -6.695093271994089 833.5412028657454 829.7048020898077 167.43965649411592 -34.27126313042727 850.6596888840699 823.0922199655444 162.95191728937627 -41.67501706939673 854.2714155210768 835.7875187961827 167.81324856699143
150.00163596192135 7.1154388898169065 0.0 5.131015952933073 5.692351111853407 5.692351111853688 5.692351111853602 4.269263333890127 7.1154388898170815 10.262031905866346 5.692351111853458 8.538526667780323 5.692351111853662 4.269263333890148 9.000397377424635 4.269263333890138 7.115438889817 5.692351111853417 12.158867304834809 4.269263333890224 2.846175555926818 8.538526667780305 9.5463630284258 5.131015952933157 4.269263333890129 5.692351111853446 7.115438889816877 5.692351111853548 4.269263333890039 5.692351111853567 0.0 12.158867304834828 5.131015952933125 7.115438889816919 7.115438889816937 7.115438889817007 4.269263333890224 5.692351111853535 5.692351111853559 2.846175555926817 5.692351111853696 4.26926333389026 5.692351111853485 10.262031905866193 5.692351111853599 0.0 12.158867304834798 10.262031905866202 7.1154388898168905 4.269263333890266 12.15886730483468 0.0 12.158867304834779 4.269263333890138 5.6923511118534185 4.26926333389024 0.0 5.131015952933105 4.269263333890081 5.6923511118536645 5.692351111853532 8.538526667780262 5.69235111185349 7.115438889817063 8.538526667780307 5.131015952933106 5.692351111853512 12.158867304834777 10.26203190586629 5.131015952933259 5.131015952932956 8.538526667780456 5.6923511118534735 10.262031905866213 4.269263333890296 5.692351111853623 5.692351111853419 4.269263333890088 12.158867304834793 4.269263333890275 7.115438889816955 5.692351111853678 5.692351111853406 10.262031905866214 5.6923511118536725 5.692351111853557 4.269263333890141 11.859105792704643 10.262031905866216 7.115438889816951 4.2692633338901835 5.692351111853684 4.269263333890075 7.115438889816977 4.269263333890082 12.158867304834747 5.692351111853598 12.155327715691449 8.538526667780456 12.158867304834674 5.692351111853552 5.692351111853588 5.69235111185341 9.00039737742447 5.692351111853665 0.0 12.15886730483476 10.262031905866236 12.158867304834938 5.131015952932981 12.158867304834667 5.131015952933092 5.692351111853639 0.0 10.262031905866234 10.262031905866221 5.692351111853479 5.692351111853508 5.692351111853669 5.692351111853465 4.26926333389027 12.158867304834715 12.158867304834763 5.6923511118536405 8.538526667780195 7.115438889816939 3.984645778297508 7.115438889816733 4.26926333389016 5.131015952933084 4.269263333890174 12.15886730483468 4.269263333890266 5.692351111853677 5.692351111853575 0.0 12.158867304834896 5.692351111853677 5.692351111853532 5.692351111853453 5.692351111853644 -49.0917697920979 858.7743925285996 831.1902870478763 134.69574347318252 -2.167062534147815 809.2703538061182 854.468763608637 140.80219128119873 -12.180483411255745 838.1909327887371 821.0534243844658 172.09016335286387 -62.20500711529812 858.5143320849782 820.2336664470834 191.69441071349397 -46.778593086189375 860.9466974119407 894.5148209236161 123.25202582935701 -5.885735586669789 817.115767050044 857.212489493703 128.75712756652757 -1.8322906639334207 829.6232701749335 899.9372450546227 114.48464240937155 -26.022016551764782 833.1595692902195 849.3618972014032 143.07136014509956 26.536904125044675 793.5958713667943 838.4219948872623 159.32874050810491 -62.77605999298079 870.7380480534983 811.3314845311868 185.10875576444445 -44.80372545990078 866.4968364946554 845.3652869882452 143.49524777741334 -30.09275648034585 827.4715014405677 851.1837121255115 117.47431507321662 -38.40609023351457 857.2803642412873 825.0734092107642 143.16730316520116 -25.43272958784836 846.9989870074095 882.7686906896079 108.15677394559926 33.86492793985446 782.0341916190245 838.236989646644 134.4939550355793 -29.54359741660013 836.1601462965712 809.0070533809529 188.90419087854966 11.44212409130295 792.5331231293999 810.5801833532165 172.8214570613524 38.55303636076617 788.7912976269791 822.2612187955631 158.01784616727306 -68.64156941128796 864.626600815997 813.111375375325 165.9787981394607 26.748994778646086 799.0982504995511 848.2433734210806 135.81705748057993 32.56492865454384 790.8822208718473 854.2246278044877 159.51827126062787 15.657763059188582 793.8384639121947 892.5813233288762 100.77375907256338 -28.898525837127824 819.4681022914799 892.368233888364 115.62163471492647 -2.4203270133709207 803.6427112115971 815.9803082404791 153.41248569171628 -1.5014845882075987 819.8397221439037 863.8962942931399 151.79925333984957 4.137026657364619 807.5078302810881 882.5587922087374 119.44855219251619 26.3773068255865 785.9689280551945 834.366611488028 139.78287677243668 -53.7674522626085 858.1808017686737 855.1667688637773 135.90123539958358 -12.045561858878447 808.5849445251749 874.81498509597 110.57356371320256 -19.870445611634764 840.1779191002512 848.7897399750768 164.5002725956903 43.67869102180537 766.4875934084264 825.0451189547715 165.0964495648182 0.8544137051754631 798.1133711029308 885.2364703204458 103.51516071044918 19.579972288550316 797.498564837746 899.2738730579817 108.5805895475402 -15.966759255078161 818.5525453118072 823.6900121326244 182.81229566013775 -38.069829217864324 839.3044134348856 839.5101885736967 147.50268003737574 -55.12007067807326 850.2932206119688 892.272435771408 106.7159502516099 48.16358372567349 763.0049812613064 886.1024564542938 131.90151200221018 11.171078591287227 798.5998646599267 881.9119600505484 114.2726598025764 27.920997560895266 778.9026002848184 836.6097631659323 173.35591592462995 -55.22493380995363 866.209099070932 805.6057884853161 178.51320086462928 8.229974523045941 816.3927824918247 870.0205327081106 130.6252721049021 -7.644432708437553 830.8286824365467 873.9531306487336 142.6306787761526 -24.249429815456715 827.1475502675754 851.4714061328623 153.48621915066838 23.874017998741497 799.9551536354766 825.9940813399876 156.74308936907784 -18.731280760862695 810.963255599213 868.7182645711357 114.83271149446037 -34.84801016344427 826.8545880893665 840.231278703942 129.17144240889888 42.73894238908236 780.8292143545356 822.6972901022652 148.19817598517471 -31.1159561902759 854.8332219870563 816.9048068707104 183.81130709097033 -21.23924903612512 817.9311276183996 850.4951082589243 146.58364642742896 -8.707592621841851 799.9972369228885 833.5535459467139 156.53166249042792 16.183962588028862 803.1984094344418 866.6352742514405 124.53876735176898 5.816682772636613 799.9344079067429 863.6153646358555 134.7952774861112 -62.183044610454836 863.6834704186307 831.9842727314506 181.60972948323078 12.005998164387348 808.1157602123369 817.1425994865803 165.94368987461132 38.6506335356801 777.7085874327171 886.6711924787414 98.4312038612747 -15.74442802157001 831.2054609981151 882.741795772852 126.85613994106548 18.954268560569265 786.9913312884639 830.88411924131 147.97064115629848 34.59513839200581 766.1395436109489 870.7810058938423 136.80237140480986 -16.546356088681364 826.8538907629003 840.608880505284 151.75764017339137 -41.82672660320266 836.7884727291736 862.1633893264548 121.8043112162287 -46.29557417100939 850.8646515296701 807.6643781810686 194.82721625641906 -44.49151982153163 843.4152609756845 804.8075712120002 189.74013294681438 -51.870030861405546 843.2891599998337 800.1462842267274 194.49894112208852 -19.68543112132975 833.0796354525578 831.9061976548498 167.2503755882097 -37.85901543183016 852.4742419501637 845.5986403389649 128.66845254112258 -13.805166470198726 812.114511103292 864.9001573136594 145.43275341448674 37.750019666178176 772.6846723644724 841.6311557528448 165.98031898179653 7.227496222539158 822.8494821766719 819.6027197899831 177.53275108333276 -27.051364036161583 840.0058079841057 811.501971902142 177.40938094877495 -37.79211745106242 846.9878561466779 827.3512026166597 177.02557113852865
160.00163596192135 5.131015952932901 8.538526667780232 5.692351111853554 4.269263333890195 8.538526667780328 12.158867304834608 7.11543888981696 8.538526667780229 5.692351111853436 4.269263333890214 4.269263333890296 4.269263333890185 12.158867304834768 5.692351111853596 5.692351111853548 5.692351111853659 5.6923511118534815 5.692351111853482 8.538526667780207 17.07705333556058 4.269263333890093 12.158867304834693 4.269263333890291 5.6923511118534424 5.692351111853588 10.262031905866214 8.538526667780198 4.269263333890067 4.2692633338900245 4.2692633338901045 4.269263333890206 12.158867304834667 8.538526667780273 12.158867304834853 7.115438889816825 12.15886730483461 5.692351111853661 0.0 5.131015952933093 4.269263333890116 10.262031905866179 12.15886730483481 12.158867304834956 5.692351111853692 5.692351111853448 4.269263333890119 10.262031905866268 0.0 0.0 12.15886730483473 5.131015952933112 12.158867304834901 12.158867304834715 9.000397377424525 10.262031905866078 4.269263333890214 8.538526667780232 5.692351111853498 5.1310159529329225 7.1154388898170815 4.269263333890066 4.269263333890097 8.53852666778026 8.538526667780225 8.53852666778039 8.538526667780278 5.692351111853535 5.692351111853626 5.692351111853572 5.692351111853643 8.538526667780438 4.269263333890101 7.115438889816913 8.538526667780214 5.692351111853641 5.6923511118536085 7.115438889816957 5.692351111853525 4.269263333890211 8.538526667780344 0.0 5.692351111853492 5.692351111853605 5.692351111853455 5.692351111853437 0.0 4.269263333890255 4.269263333890176 4.269263333890243 5.6923511118534496 4.26926333389006 5.692351111853516 7.115438889816956 5.6923511118534345 7.115438889816955 5.131015952933102 5.692351111853551 5.692351111853363 0.0 5.69235111185342 4.269263333890161 5.69235111185336 5.692351111853516 5.692351111853524 4.269263333890193 4.269263333890147 5.692351111853624 4.269263333890171 10.262031905866316 8.538526667780305 5.69235111185358 5.692351111853491 12.15886730483492 5.69235111185362 7.1154388898169465 4.26926333389004 4.269263333890203 5.692351111853532 5.692351111853652 17.077053335560617 10.262031905866033 7.11543888981702 9.546363028425747 7.115438889816967 4.269263333890149 5.692351111853456 5.692351111853469 5.692351111853545 5.6923511118535846 4.2692633338900805 10.262031905866285 4.269263333890156 5.692351111853411 5.131015952933059 12.158867304834764 5.692351111853676 5.692351111853459 12.158867304834768 4.269263333890053 8.538526667780193 -42.16706111312923 843.3721892231843 823.033029429906 144.65609936959447 4.7741257004279625 800.5672351585852 849.6085222440619 151.02315691402106 -9.68562176270016 833.9860050572221 806.5677784559095 184.3467212097352 -54.13473965603697 848.7009413438234 806.586675923609 198.8271254341124 -38.623265871502696 848.2799687555579 883.1722145944143 129.2939776463281 -1.4366472172825373 812.6207097751574 852.6338618213191 135.62922334144898 8.178760565632338 819.508874980265 890.2603732844365 125.1844821346384 -12.638332661369668 826.3856320110168 837.6448955272235 148.54618408622676 34.5419118867953 783.7216247087995 831.6139522002597 163.52050074669464 -54.691552186635946 864.2839470784568 795.1925275545502 198.67626436186123 -39.24886095371895 857.5304390131342 829.9161962891152 153.36565090841154 -21.46201701102963 820.4416938473622 848.8724630115894 127.09332721479568 -29.199948826686814 853.047164078605 816.895461285032 146.96217128774268 -17.913597443722022 841.0933847328856 872.76594815437 114.64422878783965 38.8243227363145 776.8909599433839 832.8086641378018 145.24227178242458 -22.00843272293539 833.6083324066217 799.824114217516 201.11111917593755 19.509941241496467 786.0326966171043 802.0179233132022 184.7322830711575 50.36657703352883 778.2226418782782 807.4465443122035 167.43350301715626 -59.72664824810049 855.6520523008311 804.544080638534 177.8858201559141 40.915594810163164 789.7456681426665 840.9672476863524 141.89752785468633 41.919559383066954 781.2589269306357 844.2260940486746 164.82720318636768 23.68276380707413 783.9870601738634 884.5145138533983 107.13160215265064 -19.44239615780398 809.9175683662309 886.9324000091964 121.46843908296174 -1.364814846975237 792.4574435353416 807.3643070331633 159.13880379915096 6.570835838837949 813.3687634645742 852.5304011740485 162.85352930026497 13.585534506497307 797.948838307191 874.2252773924399 129.243063541308 34.29662087779858 772.6848817803068 824.3985685600281 151.2732090700543 -48.49753092654246 847.8172401898663 845.4487961716869 143.99946475431037 -6.268628586865384 790.9463964417507 864.7329898944355 115.70567027107542 -13.48108901386801 832.040619149307 839.5617134573847 170.72723260282604 47.02107349044264 761.0478816494033 818.2413781179653 169.29365702581825 11.705714902957972 788.8176304126099 875.8564411550243 109.4704579727534 25.67664214069121 791.3130930066548 899.1974001018115 116.18311966560725 -4.860624858434024 803.9603452106991 816.7732941988352 191.77331122928393 -24.98585605811655 827.7827388177565 824.8385793275947 158.3075232548052 -48.16792129797903 841.5992284721718 889.7840113527167 108.67770456153912 54.233880407240854 755.5866977451384 881.344079839425 137.2945677600732 21.740875178427682 791.2630237650267 875.402158382407 122.57136112136524 36.09075511127086 766.9670513345037 827.0666352946421 176.76216282069723 -44.62895528682423 858.9011677321652 799.1886209767896 191.72712244204544 5.933705106816611 805.2243786746801 864.1950778575831 138.49011283279145 0.7154574428804511 825.7549735090661 864.8445948387389 144.01073644451185 -10.86609191960573 820.3729127103179 843.1282417947006 155.85063263196508 32.471940009341324 791.2295402292623 815.481354968971 163.27170245165115 -12.899680603083125 803.3858123928053 858.4535867424551 124.7654284170222 -29.01513298993738 819.2794780573704 835.6926455821227 136.06515508228398 53.48005941221445 771.4908396892566 813.6355579678411 155.84945397708475 -21.36912867740305 846.6821799200849 806.9761692296664 195.33037249657974 -13.452369407559006 810.065307667467 837.5375213050894 155.10123544367679 3.237282066415013 786.23355104211 822.5166834620248 164.29447651223282 25.670746252460138 800.3406166823524 859.4405711158271 131.97335076395964 14.706781437427612 790.9336292745232 856.3096476982438 140.84818225377074 -53.27016795699785 854.7073448399108 824.0911047286726 182.07226897412824 20.608773749120424 797.7176549403875 813.1236486140997 177.1077937774198 46.86880165119501 772.4720249743077 881.7210893191912 102.34219231111585 1.2453570974519017 819.1005447699422 873.6923301018722 135.7512201874156 26.409408741218048 777.6830279265337 818.7950630827838 158.16312462622335 51.04857436420184 753.4391779206629 855.9949374223517 147.46393945433854 -7.107044331867329 813.9481988421128 830.1691459787418 159.00169970216382 -32.92385768635969 827.8020614900219 853.3093825461508 132.1836131990189 -37.389566721543176 841.8819273157324 797.1418451250349 206.8750866384441 -35.30149754621644 835.8264713428017 790.7929205863154 200.09579451837186 -43.520655198093834 834.8675372480867 790.5145061691202 203.70148753828977 -4.692978645791801 824.6799166516862 824.3363828086572 170.54221575646156 -28.382483327378306 846.2819513566102 844.9958120344266 135.34795024716448 -6.054593163922606 797.5388536961686 857.9142601516488 154.34287299528307 44.908159701336714 768.54067575635 830.2751083548126 170.9106498976969 14.705711258887401 810.2287769319541 811.9183417549864 185.5876147632388 -21.455607563138436 841.0969760622544 803.9885753596395 191.67802136768964 -30.843723430738905 838.2903018538021 818.459914409546 186.09959657582203
170.00163596192135 5.692351111853404 7.115438889816966 5.692351111853667 4.269263333890258 4.269263333890264 9.000397377424587 4.269263333890138 10.262031905866223 5.692351111853497 4.2692633338901596 5.1310159529332475 4.269263333890078 10.262031905866179 4.269263333890228 12.158867304834725 8.53852666778043 10.262031905866301 4.269263333890304 4.269263333890084 5.692351111853577 5.692351111853598 5.131015952933106 5.6923511118535695 5.692351111853604 4.26926333389005 8.53852666778023 4.269263333890233 5.6923511118535055 5.692351111853529 5.69235111185344 5.692351111853678 9.546363028425617 10.262031905866149 5.692351111853436 0.0 7.1154388898168985 4.269263333890193 5.131015952933016 5.692351111853561 4.269263333890086 5.692351111853466 9.54636302842571 4.269263333890254 5.69235111185367 7.115438889816927 4.269263333890271 5.692351111853628 7.1154388898168595 5.692351111853621 5.692351111853583 4.137119566061183 4.2692633338901285 5.692351111853394 4.269263333890225 9.546363028425631 5.131015952933244 0.0 12.15886730483476 5.692351111853653 5.69235111185365 5.692351111853488 5.692351111853432 0.0 8.538526667780236 5.692351111853417 8.53852666778038 4.269263333890142 5.131015952933121 12.158867304834848 5.13101595293303 12.158867304834816 4.269263333890244 8.5385266677802 7.115438889816908 5.6923511118534105 12.15886730483461 5.6923511118535055 5.692351111853494 4.269263333890039 5.506003623007362 5.692351111853488 5.6923511118536805 7.115438889816845 4.269263333890159 5.692351111853666 6.037650108129698 0.0 5.692351111853616 12.158867304834926 12.158867304834638 12.158867304834946 4.269263333890258 10.26203190586619 5.6923511118536085 0.0 5.131015952933149 5.131015952933112 5.131015952932946 12.158867304834773 4.269263333890232 4.26926333389003 4.269263333890078 10.262031905866232 0.0 4.2692633338900325 5.131015952933159 17.077053335560723 4.269263333890182 4.269263333890027 7.115438889816929 7.115438889816976 8.538526667780394 8.538526667780292 5.692351111853449 7.115438889816904 12.158867304834718 12.15886730483483 12.158867304834843 12.158867304834859 0.0 5.692351111853452 8.538526667780308 4.269263333890294 7.115438889816925 5.13101595293296 12.158867304834725 5.692351111853472 5.692351111853565 10.262031905866204 4.269263333890127 5.69235111185347 12.15886730483473 4.2692633338902874 5.692351111853505 12.15886730483476 10.262031905866305 4.269263333890237 4.269263333890269 12.158867304834885 7.115438889816872 -30.180929189321926 836.3287579099658 814.574658999063 151.79701200823592 15.812833934578345 785.9142361736787 837.7981434052391 157.85806258820716 -1.632399202409878 824.1606852415237 794.8967374496345 200.51286623866537 -43.83052832796344 839.9906219253957 797.6464976822791 212.70553160609717 -32.21665089317322 843.4985091964796 877.3496727775478 137.11526677806282 3.870396087022746 812.3086988462867 846.7215316488798 142.12065880035868 17.843953811871547 804.6345112281398 884.880479707478 131.09514687044185 -0.944455761269837 817.9350221672167 827.2059155238269 155.79174991550346 42.333860628047695 773.6750415207288 825.7371544755717 170.03931204207674 -45.783346394284216 855.3022300086706 780.1250826657127 210.0174872778347 -28.945649532766137 848.8188649571299 820.8547378687538 161.0147143782399 -12.296797385921394 809.489693477654 839.933872166107 136.11880262939565 -23.937683220305722 842.6795764317869 809.2066411069878 155.0114445120467 -8.744346538664196 830.145961736146 863.4535185497435 120.74020994176297 45.460655530646534 767.9243297784909 824.3488309027776 152.37617588711106 -13.396374717134744 823.2213462514295 787.7302435066448 205.22238292718794 26.163577403276136 770.5295531026097 788.9454103924483 197.42259740949746 55.37695348480813 770.9846510667734 799.3346942299543 177.42130590094774 -50.80423139775663 850.0246373151264 797.373597292122 190.21248702808617 48.9542113566156 777.7251423241116 833.2603475977769 149.93048553764737 49.6639200788592 771.1578787039957 833.0305886269615 171.17197228419118 33.61601926550357 777.0538121877767 875.1541724633474 115.69088977473682 -11.373236466727274 803.4417121946218 876.0872571039083 125.70314889386465 7.529667394804337 786.7940755042827 798.4764667704437 168.21631018472425 13.754939121814811 802.6952074759441 838.2745530225667 165.5580233607253 23.795179038554362 790.860596581798 864.7789830396356 133.95750307358145 39.45132166160097 766.6923509311792 815.500182494341 160.3401543783391 -38.48092887091903 837.7098634365369 837.1331584213054 152.53922233215215 2.6295841174714463 785.2848404280832 854.9866570887543 123.77000660523579 -6.826457884502675 821.9416108581943 828.8125253457058 175.1519339612357 53.83409374096207 746.0194073325634 808.310027063363 180.81324772407444 24.408882093108485 779.1309856170675 869.8701353613633 115.87170947971218 40.48994796957477 779.2069172082612 894.2549108621887 120.12499781588939 1.793326141826423 797.2097905862947 808.9436547829425 198.42784282008887 -16.661762668379474 815.9995613897221 816.5898564339484 173.04293272922754 -35.35436700776356 832.0362296101331 883.2638318250358 116.97579925619999 59.79367213979761 742.3922836045592 869.3344662790399 142.60871867141836 32.468556356502845 781.8136096371577 867.4559944535998 129.10214014466433 45.48344692503301 758.4259733413849 819.2737221089469 189.58093815704223 -38.22123005318603 854.1213125293805 788.5775032180711 202.3526761836282 17.012333102275928 793.9328721359394 856.3002026991599 138.89355141440134 7.403947809882634 822.3617916742494 855.5961587351616 150.19131802365797 -4.194509602162425 813.6256343703727 832.5514065534888 164.77041372716258 40.97598649102483 784.0247570826768 804.8957314703091 169.12381458368975 -3.4352268541032056 797.1693847126396 849.7956226223331 130.43160633166303 -18.988355376393415 812.518064431938 827.5403830658427 146.02363016042904 60.26073230172487 758.4376878681677 808.3661476460146 161.85939828148577 -15.536083756137005 839.1059459113523 801.8335317493525 205.13407976352107 -5.096537364232447 804.9830189766723 830.2839772094295 161.21712531330215 18.19484255633065 777.6700088990445 810.1427457459088 174.76114229984543 31.436041185721475 792.710735078235 855.3348309637122 130.7595239939729 21.595995026381804 785.5299923461334 846.7655915109748 150.3853337783857 -43.80768907974726 845.1630611907533 811.2618745471909 191.39960674586692 29.034806150769224 783.8816362744087 808.5207817672213 188.7902964321102 53.43133874366648 763.4311903344029 876.5775835448136 111.07158466673843 15.725638144495107 811.1794026298044 862.2826698442243 146.75051680047483 34.58587668763777 769.0348387267138 812.3158491950495 165.19470300610433 56.38696317984154 738.2173092493063 845.2504147586945 158.02663032688665 2.33669166830473 804.3822078137268 817.9289085953719 167.79117070267478 -26.8221761087377 818.267591212131 849.2202364286522 137.14660967957658 -24.8638374802552 830.9207908837567 787.6231918076422 210.35332957392936 -30.04128578840003 825.458538353461 773.7815167216537 211.1069950723738 -35.46168940024069 825.0459731825599 779.3112213868264 214.91546507501423 9.21946051618018 813.9758010660972 816.4931342207983 177.18281659600476 -22.56544867740054 835.352195287151 839.2525723282852 143.26406265156564 0.5975755957915039 790.7778728314295 843.8363121037819 164.6238592985921 52.909128788669875 752.3943481503358 821.2684111362556 184.74626202594075 23.22127927452963 796.4446680390494 797.8103155386308 194.4738157426947 -18.9943126518088 830.1836023272854 796.8440983035462 204.0082679319002 -20.291964493181737 824.2619690975273 804.2744285591435 195.04425235210348
180.00163596192135 4.269263333890218 5.692351111853588 4.269263333890028 12.158867304834969 5.131015952933082 10.26203190586609 7.115438889816959 7.115438889816745 4.269263333890273 7.115438889816862 10.2620319058664 8.538526667780278 12.158867304834905 8.538526667780449 5.131015952933095 5.692351111853626 4.269263333890285 7.1154388898168826 11.384702223707153 8.538526667780268 7.115438889817016 4.269263333890148 5.131015952933195 5.692351111853409 4.26926333389009 7.115438889816863 12.158867304834795 10.262031905866232 5.692351111853552 5.692351111853635 8.538526667780362 5.692351111853613 12.158867304834885 4.269263333890286 8.538526667780229 5.692351111853508 5.692351111853446 12.158867304834803 8.538526667780202 4.269263333890083 7.115438889816864 4.269263333890089 12.158867304834752 4.269263333890038 5.692351111853516 12.158867304834786 4.269263333890036 8.538526667780417 12.158867304834919 4.2692633338901596 5.692351111853607 5.692351111853451 4.2692633338901045 5.692351111853636 5.692351111853623 5.692351111853405 7.115438889816961 8.538526667780403 5.131015952933069 4.269263333890056 4.269263333890232 5.692351111853598 0.0 4.269263333890158 5.131015952933047 0.0 12.158867304834601 12.158867304834807 4.269263333890256 5.692351111853574 5.692351111853449 4.269263333890166 7.11543888981692 12.158867304834844 17.077053335560784 12.158867304834656 10.262031905866257 5.6923511118536 10.262031905866175 4.269263333890176 5.131015952933084 4.269263333890249 12.158867304834757 5.692351111853569 5.692351111853485 0.0 4.269263333890237 4.269263333890096 5.692351111853474 4.269263333890291 5.692351111853472 5.692351111853417 0.0 5.692351111853416 12.158867304834704 5.692351111853492 4.2692633338900965 5.692351111853548 0.0 0.0 5.131015952933093 4.269263333890258 5.69235111185366 5.692351111853646 5.6923511118534496 5.692351111853392 4.2692633338901045 5.692351111853634 7.1154388898170975 5.692351111853411 12.158867304834843 5.692351111853528 5.692351111853403 5.69235111185343 2.9884843337231803 4.269263333890003 5.131015952933286 4.269263333890104 7.115438889816905 12.158867304834848 5.692351111853468 8.538526667780296 4.269263333890094 2.9884843337231164 5.692351111853582 10.26203190586636 5.692351111853539 5.692351111853723 4.269263333890166 4.2692633338900885 5.692351111853579 10.262031905866149 5.692351111853479 4.269263333890081 5.6923511118536005 5.692351111853604 0.0 12.158867304834734 4.269263333890195 4.269263333890066 -24.638493268405853 827.3545606301299 808.5392314889876 156.9063736003672 28.426013656858814 779.4759618670938 829.6649969294547 167.83390176758743 6.421290819797462 817.6691153100228 784.601995317615 214.01542290370116 -36.88511867973771 831.2900862592684 780.5000493036383 224.29180384511486 -27.768281544139803 839.0040644920022 864.9075158723964 138.21245274030366 12.874851315236995 801.2895480977487 840.2234778300848 149.13652913489608 25.16053936573978 791.9200047984101 871.8211918685004 132.66040095860473 6.606703654255698 812.2758487486601 815.7375183127992 165.4927502388962 52.57232180198663 765.8486894870437 817.6200209981581 180.0281869429482 -34.89450908408311 852.735770754591 770.6078483253139 213.50300255332792 -18.360915479418455 841.4980562129771 808.8403695308898 168.5076677971921 -2.8763056994748584 799.9068451426258 830.3860057712368 139.50703683147145 -15.865108749842417 836.2060363268545 793.1975595237423 165.47255467467707 -0.1287953925494949 823.0987963293013 859.3437511595044 131.87448453254873 55.13234747508358 756.9805883125807 818.1886499082942 158.5581742359782 -8.930685903801551 822.0704944937612 777.8783642718205 216.80757864165173 38.21834647148087 764.4161579683584 784.5098002056883 207.47334235245876 61.266005551179816 762.5089412755475 793.9879076980326 188.2115656260407 -45.525342637027094 843.0117270047533 784.1548567712164 201.52081089577996 56.175243353647545 771.4946643370184 827.3797969400059 156.44674216253875 62.718758795510354 756.3585022842356 824.140686536013 180.25146350777717 44.61970609841821 766.7490029045325 868.1194627909272 124.56893445970802 -3.6184872362383214 795.5405571952615 866.2072910447685 132.35465564470445 23.607234653823895 780.3016466350304 790.7083350029758 181.0461915208987 16.93620844557884 792.5687298709933 827.2428453953486 173.32712704017672 32.66733511698822 788.364926337875 849.9127740800709 143.2944116380555 49.586305546508804 753.4949897156725 799.4405897733548 164.62298040405784 -29.582750240245236 828.7193131132457 828.3935834079073 163.021771547845 17.386264823929725 781.9371981356179 852.1073766548045 127.72219186587007 0.4131381196353767 817.9714754176649 817.6845278151997 187.6970666605777 58.56378291189027 738.6240225316039 797.6432765953161 191.45574336706323 36.72982383629813 771.1260728780896 861.3400815453149 122.92574716213292 52.342629989936825 769.7153384773419 879.7611877660587 127.37185625340545 13.649004973376304 786.6840214527615 801.1329134896473 205.10642823252937 -4.380709588477652 813.6805810725913 807.2765397339978 184.06402753004429 -22.83424369694947 821.0677331523999 874.8915074419203 119.24888217219724 63.71589609491948 732.2474023378994 858.4092606625734 142.46694505441337 48.61310201343951 773.0411306964568 857.2896217692575 139.12352449556676 54.67052174866538 749.680935292573 809.975933168326 200.612300872973 -28.174096060293426 850.7180200738015 778.0324187297161 208.274309308821 24.67318141062418 785.9179528379733 843.5615256094883 143.39042331575146 15.088914633879838 807.7351343315509 840.4439785487801 156.74021449432766 6.357535421694021 806.2606637420015 820.9194554713653 173.05458685111702 47.872705305767035 781.7663742364737 795.4899718083815 181.9510311668882 5.69378467357008 789.50067660824 841.0011765299748 134.70765196463591 -10.371578654819425 805.4635819391799 817.9971374217824 149.42764380072 64.11707963805479 742.9955039375518 799.6519002613848 172.3626699457751 -8.867181114437338 832.357060397877 800.5451621437464 210.92172150676402 2.395570440041341 799.0373849592839 821.0686640735081 167.46036235118848 27.28839243424349 773.1965660133308 800.3392006621176 181.53609347798746 39.0306729206669 784.6172921712915 848.3570652492984 133.51180218274266 37.621162869308016 778.8697507784866 834.3548392278404 157.74116921736575 -35.44615905762771 840.0902564058919 805.3906930932802 197.73089610895383 41.74952623049125 773.694360418683 792.5517827872667 199.30304553628378 61.22092040117865 747.1833787899641 867.277567147424 117.18680413284422 25.883233993865236 798.9904385329501 848.7811899442663 150.33343056980303 44.28646962494656 761.82243223244 804.2052065430993 175.1888839457452 64.81517813280854 725.87788169682 839.9727785053224 164.02980639623465 9.766926140230822 795.065329902082 814.1990075785181 175.61768259072997 -17.66809767865044 807.310955960475 834.0632259722014 143.69275508972666 -15.97148399065321 821.923815117686 774.4294232433772 221.6877341475681 -17.524840932145842 814.4829167717726 762.886577282209 217.8144482594618 -23.10712595248275 813.9147216092626 767.3998717868863 220.46431109409133 20.767093090911718 798.7275448757623 805.542659116102 191.15775017256394 -14.772407383489266 829.1585407634578 833.5263693751987 151.18975092345053 8.027220317530178 783.1129647699219 837.3547959613641 171.64874546062458 59.72061823443624 742.6173219645034 815.1412281809712 194.6261447883404 33.49917216043158 794.2617038071159 792.9057891732608 214.27971789991702 -7.8424948706591575 825.6449093521777 789.5966759030669 220.74739150635338 -12.510816444837294 816.3872255041134 794.6575046889888 203.26112452497057
190.00163596192135 5.692351111853527 7.115438889816952 4.2692633338901675 5.131015952933089 12.15886730483471 5.692351111853651 5.69235111185356 0.0 5.692351111853686 8.538526667780236 5.692351111853533 5.692351111853465 5.692351111853505 7.115438889817081 0.0 5.692351111853509 4.269263333890217 5.692351111853616 17.077053335560684 5.131015952933297 5.692351111853644 0.0 5.692351111853654 0.0 4.2692633338900405 0.0 7.115438889817115 4.269263333890208 5.692351111853631 17.077053335560773 4.26926333389007 5.692351111853548 10.262031905866085 5.692351111853646 4.269263333890049 7.115438889816908 5.692351111853483 4.269263333890217 7.115438889817086 5.6923511118533865 7.115438889816872 4.2692633338901596 5.692351111853611 12.158867304834928 12.158867304834901 5.131015952933139 4.269263333890151 7.115438889816981 5.692351111853462 5.692351111853418 4.269263333890046 9.546363028425768 9.546363028425775 5.692351111853479 5.692351111853412 4.269263333890063 4.269263333890095 4.269263333890173 5.692351111853616 10.2620319058662 5.692351111853404 10.262031905866312 0.0 4.269263333890232 5.692351111853667 7.115438889816843 5.6923511118534655 4.269263333890196 12.158867304834828 5.692351111853594 4.269263333890087 8.538526667780186 0.0 9.54636302842587 4.269263333890208 5.692351111853542 5.692351111853462 12.158867304834791 7.11543888981705 10.262031905866374 5.692351111853577 4.269263333890133 17.07705333556056 4.269263333890173 12.158867304834892 5.692351111853461 4.269263333890085 5.6923511118535615 9.000397377424573 5.692351111853665 12.158867304834686 7.115438889816914 0.0 4.269263333890261 4.269263333890056 5.692351111853471 5.692351111853654 4.269263333890236 7.115438889816943 4.26926333389028 12.15886730483496 5.692351111853674 5.131015952933247 5.692351111853476 12.15886730483485 4.269263333890191 10.26203190586623 5.692351111853627 5.692351111853465 0.0 12.158867304834866 5.6923511118534815 7.1154388898169625 4.269263333890071 2.9884843337231803 4.2692633338900725 5.692351111853539 5.6923511118536325 2.8461755559266595 5.69235111185371 4.269263333890162 5.692351111853359 7.115438889816907 3.9846457782973945 4.2692633338903 8.538526667780204 5.692351111853574 12.158867304834851 4.269263333890048 5.6923511118535925 10.262031905866074 5.692351111853453 5.692351111853447 5.6923511118536085 7.115438889817085 4.269263333890126 12.158867304834756 12.158867304834832 7.115438889817093 4.2692633338902475 -12.409971560706362 818.3188273730153 799.8319566778287 167.41517484488156 44.17251469275779 769.2110531281899 822.9236943781394 178.21982117847293 16.88523594959225 806.8824831162196 772.2189032881854 226.28611380062907 -27.42319228379018 825.0823156468933 772.3260335119163 232.96218146175494 -20.573348936068165 828.3334045465543 855.3736694127226 147.7525846087279 25.27827397001011 793.4565475151127 832.9752187300588 155.25947162274755 33.567032175083206 784.6373034552074 862.5658016594857 138.8418646871214 14.253608845400766 800.9676937827136 806.0958551008545 173.68056698933825 60.49875418859266 754.931432127899 813.0388412713204 191.71788701029843 -32.97736532458955 845.739671518378 758.9088496778098 220.5322655599224 -20.362860838703035 835.0820261539451 797.6674424779164 174.89564745743195 8.766650868599253 794.6845101391053 824.0234556464104 141.77544866984422 -15.06821223598983 830.3323510736508 789.8628065288963 178.6276273111238 6.501920722825241 816.3172985319434 846.1581351323427 138.2903062501054 67.35308683130809 744.5585354626836 807.4486025204806 163.0083481261077 0.980989328936098 808.5555411621767 768.2132650506221 218.9126622221463 46.21877493631175 753.5635212223913 773.4887840575541 220.11197247493928 69.39528529385932 754.891922338379 781.7239972836413 201.8433735366191 -36.324546224735954 838.7679871573994 776.9623473834538 207.7156474428291 73.25995962412485 759.1228731896031 819.8647338673359 165.92041295290616 74.02503027472606 743.1377445706181 823.1609545678089 188.86466500546396 54.53571366809381 755.4664730165205 864.1731383410126 130.95490204651068 1.0088494058093844 789.0236943449681 852.2534154615583 137.8470827573395 36.93249355001523 771.0488604398225 778.6948412789462 191.32483890237708 27.569478291947874 783.0214425824595 816.5593146470723 183.95432220970315 40.26666875463398 788.8950342063298 839.6350916378658 151.95594541315793 59.87779564009313 748.8028140363451 794.987118197598 171.81682778511572 -18.166913467738798 822.210949976511 825.1010227687351 168.92134324449253 28.635881954467948 775.0910974663558 838.1564152089476 133.24381679364868 10.521686628483065 805.7886839206943 810.3693510970534 198.61252735740604 64.035278637971 726.6762922991138 787.692306501647 196.85344167345525 46.565949402238836 761.8914417672294 854.8247468297212 129.91957130185838 68.24816466152865 760.519347302361 872.1730372822302 130.59686696479423 19.61438282404186 780.3686747534765 794.9594852537208 208.83944272881712 5.784731126567977 801.5180557217388 806.1450252321985 191.26491354388605 -23.146690081569524 816.3167980552344 870.784051826203 124.19836120445439 66.74129846159717 721.3415079240584 845.3825101915677 150.32284262279313 60.358487608824376 763.340498849166 848.0542357279297 145.33612384376607 61.73417305258225 743.2451381514813 803.2818116478837 211.02356010911456 -21.816386255821097 839.2209001489869 769.5480630915998 209.34227135623664 35.199115100853646 776.2707535832179 832.364569705235 149.73198991615595 21.87719704465075 798.9277158142021 833.1991039626698 162.86593545845267 18.11072286509312 792.3319021642071 810.2414571726938 183.68702610723446 53.123539459177785 770.5407705019794 786.7857202027035 192.2448758402854 11.700238195781044 783.1919793746492 830.2423608996075 139.12167475913967 0.3976620526527008 796.094090166426 811.5257639929845 156.46784659041722 71.12697392084948 729.2409667470283 787.1858154611743 184.5524039779709 -3.3567328273356356 823.3700200403022 789.8297996372866 215.43916102042047 13.120236125844386 789.6002192249923 818.7138896187339 175.68260444032617 39.64726216739084 763.0585164998375 797.0664906580794 187.44937798999598 48.394605497799134 776.0483516902623 839.7647445994646 145.39847892384682 45.38242974927134 772.0402437158829 824.9318878962654 156.39486830883018 -27.93599594363627 834.1729585121432 800.1575653382239 203.77032822807382 53.51162768363716 764.0483856327803 786.035782918944 205.62079259800592 69.53958770704944 735.5794100946707 860.7452820757788 124.17105439386779 39.748967412484895 794.6460874452731 841.529682865955 156.45286569497353 53.7970179104251 749.1167447919703 795.9477687415376 183.7837914515026 68.75621284930385 713.8827859629141 834.8679498605977 171.45821129545183 21.067367177942167 788.3505898568744 805.0024763046362 181.88528739911288 -7.678660028430542 800.4943238645594 824.6825837310594 148.51330896262348 -7.956450968671621 812.0704355308202 765.89848553141 227.5422328382681 -7.410342428108374 805.7795824150736 751.0809133570236 226.17998132825718 -13.91306105484902 809.6352243196418 758.6950419991268 224.92771145135376 33.214958440695504 794.1871013698357 794.2188584589853 196.15900247655168 -5.4259370842164065 819.6104149713078 816.8604656939032 155.9714614984956 18.644205941206465 773.5777288033923 829.6802629014037 179.70971671734387 65.59272523390524 732.0443867546877 808.2661848550605 203.61908567703458 48.63353424677786 781.3640639575812 783.5725286429412 219.18750480111933 -0.3869290564351098 816.3484164697064 779.6704541171306 226.1830379055763 -2.001669899779681 805.6512368942068 786.8595500444133 209.95814113358682
200.00163596192135 5.6923511118536085 5.131015952932928 5.692351111853572 5.131015952933069 12.158867304834793 5.692351111853402 5.6923511118536325 7.1154388898167635 5.692351111853499 12.158867304834848 4.269263333890244 5.6923511118534975 4.269263333890065 5.6923511118535375 5.692351111853543 5.692351111853603 5.692351111853568 4.269263333890068 11.384702223707006 7.115438889816897 4.269263333890191 2.846175555926882 4.269263333890086 0.0 10.262031905866202 7.1154388898169865 7.11543888981696 12.158867304834843 7.115438889817101 8.538526667780307 4.269263333890243 4.269263333890127 8.538526667780236 5.692351111853557 5.131015952932906 0.0 5.69235111185345 5.692351111853586 8.538526667780227 5.6923511118534895 12.158867304834763 8.538526667780364 5.131015952933101 8.538526667780383 10.262031905866381 5.692351111853489 5.6923511118535215 7.115438889816998 5.692351111853567 10.262031905866253 0.0 10.262031905866218 2.8461755559269184 8.538526667780257 2.8461755559267496 4.2692633338901445 4.269263333890247 7.115438889816934 5.6923511118534265 5.131015952933227 4.269263333890209 4.2692633338902635 5.692351111853536 4.26926333389012 8.53852666778038 4.269263333890265 5.692351111853459 12.158867304834745 5.692351111853485 5.692351111853559 7.115438889816925 5.131015952933203 12.15886730483495 12.158867304834715 8.538526667780271 10.262031905866355 4.2692633338900885 12.158867304834741 5.692351111853684 5.69235111185342 5.692351111853597 4.269263333890275 4.269263333890028 4.269263333890227 8.538526667780449 4.269263333890184 4.269263333890112 0.0 5.6923511118534735 7.115438889816867 12.158867304834777 5.692351111853682 7.115438889816767 5.692351111853528 7.115438889816872 4.269263333890042 10.262031905866202 12.158867304834722 4.269263333890287 12.158867304834736 5.692351111853475 12.158867304834638 5.692351111853413 10.262031905866175 5.692351111853481 4.269263333890124 5.6923511118534815 12.158867304834917 8.53852666778038 4.269263333890245 12.158867304834715 5.69235111185348 7.115438889816895 0.0 12.15886730483472 4.269263333890151 4.269263333890254 4.269263333890032 8.538526667780271 10.262031905866223 4.26926333389026 5.692351111853452 2.8461755559268984 2.988484333723207 12.15886730483476 0.0 4.269263333890129 10.262031905866243 10.262031905866316 5.69235111185368 0.0 7.115438889816751 4.269263333890044 12.158867304834873 5.692351111853436 0.0 5.6923511118536405 0.0 4.269263333890126 4.269263333890281 -2.8919398310212436 812.7271259051779 791.7478522525828 177.43433450776095 53.47653159196843 753.1904112448683 816.6385417188941 186.69597568779966 22.534083558144317 799.1847631311942 761.129869032914 232.81927555817038 -24.69110387693282 818.9038582317294 759.2928676654931 239.67874746139285 -12.352853177666088 813.1481761742756 842.2080041738637 154.21044795599522 33.4636286978462 788.1060640356087 818.9442747233313 165.60243014469836 41.854709347331536 777.2264896414607 851.0725949165102 148.51197162445004 19.264454079029978 790.4796494895345 804.1994119226612 179.9783072027874 66.66739224386131 747.7268403266953 806.2597213932158 195.958942339482 -28.32378218734117 832.5675981481533 747.4595283033565 224.25773587764536 -12.087135180712748 823.256018662953 788.0501902418221 183.12149117056123 15.609939695253598 780.5001618815044 819.0858216055633 150.62184449642777 -4.528233259530105 822.9427992039627 782.1474998348353 191.49080198565952 18.300392228827658 805.7445630165886 835.7258087402532 145.54702908932538 75.54494240505274 734.9233768744396 790.3698329632404 169.78267086804112 5.842371114388888 800.0899128398286 760.2886837258305 224.2565323698861 56.53843044752959 741.5886146369996 769.8709821516381 227.98758327022455 72.33756760880237 745.9655360586886 772.3322799252227 211.5318959439363 -28.03026732423158 826.9636398136441 765.6219417147503 217.56744648425573 77.99943154584854 744.4651686748698 809.130107165348 170.38361155186254 80.76381988690474 726.0430695293128 818.9566763152177 191.25076398764108 62.403126415970576 744.5008312678041 855.3083260026166 144.4233648661029 9.130127549147716 780.4179909663573 842.5836183352187 146.00469938244981 44.951181158267545 760.2056281574436 770.5982761745512 206.15201842470879 35.71155707164646 777.6088481859875 813.6236460471699 192.69959549814283 51.73115813763519 777.9130652670673 825.5912330702674 162.28955327205279 68.09159533218623 739.1799943127261 783.3106021567077 184.9234480204783 -10.819748369543833 806.1896879990186 817.2715604801105 175.58266008948104 33.38889503929448 769.8138791259394 834.0926668291651 138.22997005802907 15.975899709149123 800.0608675501642 804.3667890091396 203.75516412050322 69.26594289373554 718.6729128794923 777.859068362846 208.46154853102024 54.75054862617712 747.0199522395138 850.6217807047427 139.65428905116576 73.6482444663833 750.5792095971705 859.7407462296655 137.91971787632048 25.4098989913935 770.8441466034657 783.4841746508406 212.48439496380843 14.446033971801425 789.0160596096097 799.370245725053 195.50717673957615 -15.971102116353476 808.9643226564167 856.6876349019129 134.45870819741768 74.01206474382317 710.9222388550445 832.5428666348731 159.62762385237352 67.31633041799185 758.9079708260616 835.4908947525728 151.293505360704 68.00297712740698 734.0433307814428 789.8322767678126 214.78749701505595 -17.15019019778748 829.3948242120937 760.423996447126 215.719060982152 42.396735221940816 769.9823491054967 824.7976171783515 153.03370779245932 27.914694461243386 795.9392978973547 822.0204453380984 169.245760756743 26.00397843143658 785.6262685278008 808.9444309431271 189.47582474638094 60.55663320225014 760.1951174237021 778.320359507942 204.23147876782397 18.087960865834233 767.5767838006454 825.7412452026998 146.03718697037078 9.650182433487782 786.3551326365817 794.7693663575794 166.06184321391945 79.4217691112637 717.6171670778482 780.6764625883865 196.39632482398684 4.141059249726244 820.7526811210888 780.6874691336292 221.7849956294439 16.72968309831962 773.5297438444155 814.4041351543649 184.0357154852816 44.26066939709952 752.3917065035737 787.9881535697708 199.93333107064223 55.88123475602077 765.7725627045907 831.3147995730615 152.5471444071096 52.46047660919753 760.3632350406123 811.7805768447457 162.8940094704739 -19.365256763638772 823.7501763377351 793.9943417894272 207.51084405085126 59.7680130414874 749.5843967326402 768.7040724132299 220.62918420817257 75.55943651716414 730.3189996263958 852.2631393833623 131.29087033757637 44.92576536206982 780.1418941907278 835.0546439133935 163.4870350369937 63.05641594554914 738.3037815649689 790.9697617359327 191.8915507120274 81.4031006821984 705.7370648356729 830.0457358909862 175.55559919183654 28.807240733685823 778.2249013911644 798.2216424813467 186.11942378735327 2.204619321655048 790.2266446457678 816.5720993186128 158.50383548593445 -1.965540321822355 802.4740001836623 755.2290402574114 232.15602851548365 1.61358585023335 794.7021181018407 740.2654426464239 231.60628505710423 -8.228975502765287 798.6317404788787 747.2543094359369 228.6860793684942 42.791703070363276 789.0067319934913 787.374752950519 205.17843107523288 1.2234862159617124 816.1614978688531 801.30268855615 164.53090926783847 26.63290527083505 764.8247919769913 825.6327549458929 184.71575361768052 74.17013192557829 723.7688159382948 798.6689242328545 211.86385909799964 49.62330073005618 769.5182116025447 776.1774684315976 228.75791644108872 10.111492105208487 808.9019952920767 769.9526207102156 233.07520677561394 6.143085097721874 793.746430622846 776.4255162320558 215.95403041359944
210.00163596192135 5.692351111853574 5.692351111853555 12.158867304834907 12.158867304834736 5.692351111853409 5.692351111853615 7.11543888981691 7.115438889816957 5.692351111853646 5.692351111853444 12.158867304834788 5.692351111853551 12.158867304834892 4.2692633338901596 5.692351111853658 5.6923511118535775 12.15886730483489 5.131015952933141 5.692351111853456 4.269263333890046 5.69235111185357 8.538526667780468 12.158867304834667 5.692351111853564 5.692351111853447 7.115438889816949 5.692351111853673 5.692351111853442 5.131015952933086 8.538526667780346 4.269263333890099 12.158867304834725 5.69235111185352 5.131015952932941 5.131015952933239 4.269263333890092 4.2692633338900485 4.269263333890022 8.538526667780292 4.269263333890249 0.0 4.269263333890056 9.382538522581374 4.269263333890233 5.692351111853567 8.53852666778048 5.692351111853404 7.115438889816937 5.692351111853671 10.262031905866182 0.0 5.692351111853612 9.00039737742458 5.692351111853638 10.262031905866392 5.69235111185359 4.2692633338902155 4.269263333890173 5.692351111853404 7.115438889816866 5.692351111853485 12.158867304834642 5.692351111853659 5.692351111853645 12.158867304834827 5.692351111853428 5.692351111853624 7.115438889816876 12.158867304834686 5.692351111853578 5.692351111853604 8.538526667780287 7.115438889816884 5.692351111853645 5.692351111853388 5.692351111853656 5.131015952933008 7.115438889816869 5.692351111853479 7.115438889816906 5.131015952933149 5.692351111853657 5.692351111853648 5.692351111853675 5.692351111853434 5.692351111853577 5.69235111185362 5.6923511118537045 12.158867304834912 7.115438889816968 2.8461755559268203 7.11543888981688 7.115438889817127 5.692351111853514 10.262031905866193 8.538526667780348 5.131015952933169 4.269263333890282 8.538526667780433 0.0 4.269263333890264 8.538526667780314 5.6923511118536 5.6923511118535375 5.692351111853471 5.692351111853692 5.1310159529329145 8.53852666778036 10.262031905866351 12.158867304834747 8.538526667780289 4.269263333890128 5.692351111853575 4.269263333890066 5.692351111853662 4.269263333890022 4.269263333890191 0.0 10.262031905866282 4.269263333890216 4.26926333389019 10.262031905866074 4.269263333890084 3.9846457782975175 5.692351111853632 5.692351111853502 4.2692633338901524 4.269263333890312 4.2692633338900485 4.269263333890278 0.0 4.269263333890254 5.692351111853399 5.69235111185356 9.546363028425828 0.0 4.269263333890041 8.538526667780305 4.269263333890177 10.262031905866193 6.931810622128056 802.4056047004827 782.853273971019 191.3411589084862 59.65165828355754 745.9871969606455 805.0640696728072 195.05642385343458 27.754348406999537 789.9983045534648 749.2330968688815 242.95774207052318 -16.194286171297446 808.427726011902 743.5133772950471 250.47268409292533 -1.884521559322357 805.661679210018 832.7244194933436 163.8080693984604 39.603275762815855 777.6824524928069 800.9985953149601 176.2350731675398 49.687732389737505 768.3214738284242 841.2969439185619 161.44030085408815 26.03361761275566 779.528650775365 794.1727651487352 190.14428149349405 72.94708989416341 738.5363045925474 795.2994979079983 203.83050049084005 -14.398503729869889 828.4933413775116 740.3538213319171 230.544479022408 -5.5000511591558645 816.4242056428307 780.0665394364855 196.26644361130593 28.305784709073084 771.7703011147039 814.7662319049326 158.96698851403946 2.6478395972078013 818.8816108271604 771.2077635426153 199.38534843553774 25.83234846991129 797.6315087896489 829.2548419620218 152.588032691173 80.28502356318864 727.5303609775784 784.2049958413513 184.44705964289008 10.167127683715732 795.4752698207514 749.9877043449775 236.48658355457198 65.3951905891401 729.3959386271747 758.6081011218062 233.13089858757004 77.57957073553241 734.3230816867466 759.8245045546928 222.44493884184442 -22.5028475667972 821.2987139065284 754.3213089444772 227.47034987286852 82.59564744964523 731.7500037117252 798.6538006296568 182.46119675712498 88.88202741485735 718.3832696740959 812.6107139712807 193.56734050649928 66.55851201736905 732.6350292856612 847.7800861743494 153.88684256599763 17.668590638433443 771.0604435891308 839.178299037473 156.66004392142366 50.26241515867485 752.2545151109765 763.4406176885774 212.38627742407414 41.6356651846222 769.1381558380723 809.5138706181043 202.47351752360942 55.2833041160949 768.4420609077861 810.0433172847128 170.85260720289816 72.83243161452714 731.7852760414561 776.6547475478853 195.362433300787 -5.7597054345376595 795.756104816525 808.0894387133058 181.87087119541056 37.72442214846745 763.1002387938888 831.1267773377625 146.95806953759507 20.488148631173182 793.4395483051353 794.4347579612006 209.18919026849056 75.6986688635402 714.8225349428957 765.8456260805821 223.2772025354329 59.63163073494822 737.665393233742 843.3769582418611 145.77680869453295 83.66123981434404 742.493036387622 852.802966460394 146.86751131523064 31.69883135663544 763.7532939001608 772.7459407619593 221.82891193089299 21.4224496889832 776.1151701268761 790.6318606668237 199.90346978518076 -9.095683363803875 803.5063989001915 854.6374174503605 139.39090218908288 84.32778087531331 701.0064034169386 824.8776269179432 167.69518789340918 75.53663711235315 749.2894407894373 830.9959550918309 158.2170962359926 75.30225663438665 723.6360818537445 780.0990788149552 221.6699476095812 -13.545729726047131 820.8521217006319 750.1309789546011 223.17423045715253 47.740147398412006 762.0594243436942 816.2624991448279 164.9608576930595 34.29621797894171 788.9248877012518 812.830527033577 175.52879735542825 31.296082028649224 779.7590177955205 799.3495917603128 197.71607496997936 66.98866725021496 749.0435706167804 770.0990944084937 217.66868900229468 25.12799457199227 763.2841156444789 820.4825485464035 152.05984728701986 14.19070164312461 776.1935982622348 784.7373483255849 176.2209735083581 80.93442215840503 705.7185373546914 775.0016290023535 209.16242818080352 13.831130819897826 815.7555100769924 773.1664039600189 225.1964431071891 22.192398970649013 771.0181858137015 805.0590702627155 188.91772915203268 52.2507722376963 746.7570631122663 780.8117796044664 206.13933192630745 61.692362979244585 757.2215720323062 824.520513979735 156.75819718922332 56.7224774894546 753.6010051929246 800.0170429434396 169.81396956604237 -14.385964843482583 815.8189232114022 788.0202407845002 212.68406281501913 65.1578712183283 739.6287648905219 759.9655416860442 229.85692235622002 81.99184047276636 719.1477488050474 845.1707681616356 138.82829609849617 48.20719965879967 774.6277755201271 831.940754554634 170.8040063096326 67.77974793019705 723.6282839834427 779.4247417370922 200.28840310195304 88.6318530218144 694.7860646263731 825.2352578034678 179.65852810858186 35.48501357875587 772.5309928167155 786.6568691437197 194.50429407530294 7.155877503882813 779.7024217351931 809.3512139758669 164.65240024653522 4.552022245305356 795.5693412766229 742.0050808670303 242.27016238436988 7.221880792646971 786.9596153806384 727.7144074987843 238.70348299607113 -4.299607357322986 789.3019495235288 737.4209673292374 239.02440836098077 42.56420952897704 780.332472090462 781.9404516421157 214.5934603460317 7.879306332272789 812.643444107943 792.8885297904418 171.72336439589768 36.246968175205616 757.5154003353216 819.7152441087012 185.09328918564262 82.93625193030982 713.5774943670148 787.5536567092845 218.34432833506358 53.51558955378443 761.4029597754495 767.4759914122952 233.21560107850692 14.210280818943403 806.2654099594373 758.0948923595647 238.7506712919248 15.625538766388688 785.3069198154965 767.0468318746608 230.44520498968922
220.00163596192135 5.692351111853442 4.269263333890232 5.692351111853502 4.269263333890182 5.692351111853499 8.5385266677804 5.692351111853621 7.115438889816874 12.15886730483472 4.2692633338901524 5.131015952933109 5.692351111853532 7.115438889816808 5.692351111853722 8.538526667780333 5.6923511118535535 4.2692633338902475 5.692351111853646 5.692351111853508 4.269263333890134 5.692351111853529 12.158867304834809 4.269263333890217 5.131015952932908 0.0 12.158867304834796 4.26926333389021 5.692351111853646 9.546363028425716 4.2692633338901125 12.158867304834777 10.26203190586602 12.158867304834779 9.546363028425818 5.1310159529330885 10.26203190586605 11.384702223707128 4.269263333890189 7.115438889817134 4.26926333389032 11.748635042132038 4.269263333890046 5.692351111853472 7.115438889816881 5.69235111185351 12.158867304834809 4.269263333890271 12.158867304834896 0.0 7.115438889816799 9.000397377424578 5.692351111853692 4.269263333890141 5.692351111853675 7.115438889816932 5.692351111853655 5.692351111853689 5.692351111853359 4.269263333890181 5.6923511118536325 5.69235111185361 5.692351111853651 0.0 4.269263333890216 10.262031905866248 5.692351111853598 0.0 4.269263333890166 4.269263333890122 5.131015952933101 0.0 11.38470222370716 5.692351111853516 5.692351111853604 4.2692633338901285 5.692351111853583 4.269263333890193 4.269263333890038 12.158867304834708 5.692351111853409 5.1310159529331845 4.269263333890146 4.269263333890108 4.269263333890125 5.6923511118537 4.269263333890251 5.692351111853626 4.26926333389006 0.0 4.269263333890054 5.692351111853624 4.269263333890113 7.115438889817032 12.15886730483461 4.269263333890096 12.15886730483482 5.6923511118536325 5.692351111853688 4.269263333890261 5.6923511118534496 12.158867304834779 5.692351111853416 5.692351111853601 7.115438889817011 4.2692633338901445 5.69235111185362 12.158867304834653 5.692351111853397 4.269263333890086 4.2692633338901596 12.15886730483463 10.262031905866195 7.115438889816794 12.15886730483487 3.984645778297604 4.269263333890133 5.692351111853537 0.0 5.131015952932957 12.158867304834887 12.1588673048347 5.692351111853675 12.158867304834747 2.988484333723053 12.158867304834658 5.692351111853641 7.115438889817076 10.262031905866289 4.2692633338902874 8.538526667780301 7.115438889816935 8.538526667780367 12.15886730483482 8.538526667780234 4.2692633338901755 0.0 5.692351111853573 5.692351111853604 4.269263333890091 4.269263333890073 11.613279049254272 793.823723799131 768.5700878173523 199.0058076261937 67.6285042004906 733.0416859249615 797.4554379080985 203.18503744239712 35.11790379899936 781.7417786891575 737.441242152071 248.80244179609602 -9.888247295621976 803.4994718403713 730.9828441499025 255.58812912326619 4.572410606161187 798.7063340932408 827.6459019176642 171.25229997509607 50.24301053704744 769.1276780292784 792.1785613017067 185.3841804504163 52.811609978128054 757.4414452394252 837.2465097220928 166.44124301151047 32.18622371870071 774.3813690714437 786.5738921116063 198.280505201001 81.05904781925587 730.918992711407 786.5184988864739 213.01723600009203 -5.888895892553613 821.3245290211584 732.1408218620072 237.96766673774414 0.14031818353789016 808.7125539626358 764.509406374243 209.39422742267783 36.50513802506447 764.2423549989518 805.7499103072224 166.6764290686332 8.613346771922116 812.5267356718299 752.6093476989037 209.33137787294515 29.898310327393563 794.8953660831246 817.4870838176626 159.49839904856094 89.35480642099898 720.7355796865321 785.448090670866 194.3452405352624 19.057100640877188 782.16263257999 740.5391603788097 240.19605430927868 68.89823865350508 719.89701739759 747.4352511580463 243.0783645131081 89.99406936767541 725.5874388996687 752.3337387528455 225.90615511355128 -11.411026045455289 816.588695922193 739.721720368848 232.51002174579193 93.26766010778132 715.859240554183 794.5628551151614 192.24802857951246 92.63567101769159 707.053176349666 805.8405173642091 197.8263651791854 76.23719743439793 723.2242181432495 843.2903654395194 160.81306896925378 26.753188480184296 759.030807930767 831.1871510582671 161.90546504114727 56.17802311263648 748.9995289342844 755.5271054697421 217.77346978417015 46.44295729798624 761.7990773438771 794.0296171150678 211.15260969260441 60.19465991393004 759.1062299800419 798.4693248243766 179.21154082947197 81.99924398765359 722.986553822142 757.9298754547257 208.57448160271952 2.434681147313924 790.4033087697445 802.4409843035912 189.85303048149 46.761444229681345 756.2812516121583 822.6983559132294 154.1300961678212 24.02979563677154 786.0020379131959 780.340402278934 218.29168816481553 83.5939880717937 711.2367657016825 756.6022334714368 228.99108438194693 65.04045071950426 727.7181856651483 837.6830933758896 153.7225995606729 88.18930610742842 731.7908241701549 845.567342346949 153.0009776273524 39.73477960127815 758.1568383571138 763.3674385881982 231.6523895812649 30.83764348677019 769.1110829498464 778.7456453428526 205.50230473891813 -1.955788663388358 799.359643760872 841.0408821696883 147.80141731197904 93.3199505275189 696.3642502632588 817.2368139829119 175.78714176934562 75.91943042492466 743.3655511395145 823.0087727745957 163.46852719276734 80.48736669611195 717.6729914701256 769.0172066798892 228.22852700890286 -3.1095956695303038 813.2989325972284 747.3823924992198 227.21770112140496 59.333859732976876 752.2170063619593 809.0499277058636 171.12806978564151 41.12497650144299 781.2450669506572 810.3494944520012 182.34470011141676 42.68433642563557 773.9986414574163 789.7857412413163 205.98428975409007 76.00281764655058 734.8960807966536 763.5629717994958 223.41285690384723 29.750846289714403 752.6151085781022 812.0590479312659 159.2429504114404 23.136297757534457 766.1721101444202 782.6287724130357 185.87387799607754 88.13499476979659 699.4336334546757 762.541404815217 215.33964012587347 16.154233893511496 802.7970531585113 762.2769431767089 237.9578654040484 34.21970848222875 757.3799783961633 797.0275860789425 198.9716852817276 59.32396120202623 740.324021547632 768.8967161204592 216.5358400521242 71.72602276434144 749.1617871422279 821.4884177919082 170.25622358853155 67.14530126579413 739.6270676608937 795.2206728730654 173.93345334062502 -3.933655410091743 808.2719950693847 777.386878634129 212.51081506455407 74.82059762838152 730.2088970280884 747.571264110613 236.12587452270822 86.69510278988706 713.7906293144922 833.9875853827562 145.20052532031457 52.906738723724345 761.9657440239329 828.2400238742105 178.6442491295776 75.92002419641851 716.0426422304192 770.0646486751627 210.00829159444987 100.00908443383783 686.3234751134867 818.888119044096 181.96838922533146 41.06436456161477 767.9581464259852 777.6928891205907 199.53868235219133 15.787230857851911 773.6815767836642 798.6339460656835 169.15433023301804 9.026089021269808 788.9248701289174 734.9587400530687 243.89303991373274 15.87696756612293 780.9239498399156 716.5878658862928 244.7128293091172 9.879004497101032 780.8549706733413 724.533088187313 246.00620598655317 50.21084540292942 773.3721963239502 771.6341375494341 222.02304052437026 9.7987706177756 803.6221650012596 789.5694634754637 182.40198502846772 49.14276541208094 749.8366169389698 812.9407120104072 189.34706148942098 92.01526699935899 701.5458041921963 776.278379035093 223.46245234842473 64.71838660148276 750.1822290430805 757.604625729809 238.77026787822504 22.946244470930996 794.9693001492608 745.3206784755569 246.9972238866686 19.319497260166727 775.8783361413393 754.6120976316151 236.99693717551588
230.00163596192135 5.69235111185358 4.2692633338900965 5.692351111853508 5.692351111853436 5.692351111853531 5.692351111853497 5.692351111853548 5.692351111853596 12.158867304834738 5.692351111853452 5.69235111185358 17.077053335560493 4.2692633338900805 10.262031905866198 5.692351111853414 4.269263333890317 12.158867304834736 7.115438889816928 12.15886730483476 5.692351111853594 5.692351111853406 5.69235111185356 4.269263333890226 5.692351111853517 4.269263333890274 0.0 5.692351111853519 4.269263333890242 5.692351111853452 10.262031905866348 5.692351111853455 5.692351111853689 5.692351111853668 5.131015952933132 4.269263333890237 5.692351111853623 11.384702223706938 5.692351111853595 10.262031905866206 4.2692633338901 10.262031905866188 4.269263333890088 5.692351111853586 4.2692633338902155 7.1154388898169065 12.158867304834693 4.269263333890216 5.692351111853573 8.538526667780179 4.269263333890034 5.692351111853627 2.8461755559266133 10.262031905866314 10.262031905866195 5.692351111853517 4.269263333890179 12.15886730483478 5.692351111853501 4.269263333890032 12.158867304834715 5.692351111853627 12.158867304834711 8.538526667780411 5.692351111853599 5.692351111853565 4.269263333890203 5.692351111853579 10.262031905866262 4.269263333890168 4.269263333890269 5.131015952933228 10.26203190586626 5.131015952933125 10.262031905866221 5.69235111185342 5.692351111853516 10.26203190586619 8.538526667780436 12.158867304834828 4.269263333890121 5.692351111853468 5.692351111853551 4.2692633338901125 5.131015952933118 4.269263333890207 5.692351111853436 5.69235111185343 5.692351111853411 0.0 8.538526667780392 12.158867304834711 5.692351111853695 5.692351111853683 8.538526667780243 5.692351111853412 8.53852666778032 5.692351111853535 4.269263333890248 4.269263333890071 5.131015952933123 7.115438889816906 5.692351111853644 5.692351111853449 5.131015952933091 12.158867304834839 4.269263333890135 5.6923511118534105 4.269263333890209 5.692351111853578 5.692351111853636 2.733414049444076 7.115438889816864 5.6923511118535775 8.538526667780364 4.269263333890076 4.269263333890263 5.692351111853439 8.538526667780332 10.262031905866213 12.158867304834658 12.158867304834626 5.692351111853511 5.692351111853466 7.115438889816881 5.69235111185339 4.269263333890125 4.269263333890176 5.6923511118534735 0.0 5.692351111853424 5.692351111853532 0.0 12.15886730483461 8.538526667780387 12.158867304834871 0.0 5.692351111853483 7.115438889816888 4.269263333890241 12.15886730483482 21.83291935223609 785.9924483534812 764.9845278951054 206.88614763302039 73.70750336589253 727.8554321928289 787.5495124250198 208.66100220259966 40.477407153355955 773.828767187998 731.0923188117517 254.71935446805566 -0.8271304468917235 798.947124183177 718.2381502302499 262.8340970586903 15.22286800006149 789.6623953350743 820.4442116996373 177.42590250179475 62.00121102874131 757.3405261777898 785.1897311938505 193.01904649117355 65.14560241086913 743.1772822379364 832.6882595612419 178.13594446229064 40.34964135667529 766.8238317220631 773.9223397298498 203.01990992959088 91.97207298362615 722.0849350998827 779.1623999142432 222.62018482008324 6.846753216443661 809.3941650797042 721.4019405505096 249.63870481100685 12.047312282666912 799.2542513345597 756.0291232453611 215.29828202633357 43.60820465519677 758.886054803586 796.1626279847565 174.92660181613732 13.964526375759585 806.6977689795649 745.131331250025 222.32878424585107 35.4622323003104 785.0334843340158 804.4512748169951 172.23434831440983 100.70813188344303 704.3893617254147 777.1506249677599 196.85932747201903 31.30120794378187 771.9065353561324 728.492120993404 248.1115624030482 81.63392151157234 708.9909126937782 738.1373592212196 251.6286691410817 99.57192510949581 712.9672142355822 743.1159575460222 231.02323454605798 0.35624769742498996 809.187864159459 727.5589772761372 242.08873578844577 105.56781855753516 705.6460083482455 786.5670751405484 202.32620070429874 98.44824600688165 695.2657752476122 798.7292212464946 199.28233322751908 84.95273175517312 715.0998478904454 835.210213954527 170.82633326563368 35.811758115117485 752.2262729722352 823.548082118949 169.99993990879187 63.9337914300607 732.7231053436643 749.2473400031288 224.97028552162035 55.983855567763925 754.367074377274 787.7035944199887 213.51830813942104 68.44942299284759 749.5173559944697 789.3218911119659 185.55097925814385 90.89059987293163 714.7073224724751 749.6477909002957 215.90543984803722 8.440849000199503 787.293663790622 797.6609486065039 193.99124161969203 56.951888035583345 746.2762130103852 817.1220270808332 157.3385627159101 28.21847801284462 781.2716706440025 772.0390972536796 225.60547035310879 89.55077522307101 702.7785124591829 748.206861131728 239.74374089337735 73.34686472254968 718.1863349362272 826.090640792836 162.05466154161402 98.10093745013711 720.5207137052605 832.1586793398911 162.86549771026452 51.21098754678502 750.3077421379036 756.3097583685751 237.97154403303827 34.09548254116063 763.5711979198242 775.9595075082473 209.51662855364046 7.253309210756897 792.7962542123242 834.1494359629479 156.78627274278043 102.72743386360011 682.4801188084527 802.6795381083957 186.74199818077366 82.42744919315106 732.2576551548289 813.1499915060783 164.11011003146544 92.4305285467034 711.3549426203277 762.3222790043376 237.36299172746092 7.959567523545674 803.0541820676284 735.2383821154965 235.02141705141634 72.49303999752252 740.5926534403575 802.3874201947963 181.5605443805199 49.29634232086265 773.68281092776 794.3324982239077 186.7706224565732 47.11454181385109 765.2824688063329 780.2590319521262 214.3004509597309 85.07031320457033 723.8171654632228 750.1995773193697 232.17017230842356 41.61886522935263 746.1515420638757 803.3592659053862 166.1051254585465 33.237952893925005 758.2121926356267 770.2965841635717 198.19211408669204 93.77536030281968 694.9421898145963 757.8102681178254 224.28989177796262 21.620384686746327 794.9596685565244 749.6946292289308 242.90292892183157 43.63699407225066 751.9381923013516 792.8549821474815 202.59894904452608 67.10839437089788 724.068018870541 763.3636820342971 224.59737096110857 82.96810230454832 737.9759702995007 810.7731511206348 174.7645495275207 68.08287026720849 733.10908641111 782.0621846197517 185.30819406518367 5.712416285870742 797.7962789990344 772.4260089017074 220.0316596718396 80.69473742624103 721.6826265132356 734.0901079749696 243.63586123269792 96.34769485427056 701.2008252560988 824.7959708866441 151.4786410022892 59.300672134004834 748.131028139001 818.7244860301914 182.12408963759646 86.96424816105988 708.9254186495206 764.1390842001522 215.22669190850635 108.81316386883826 684.9237375959077 811.0016270781816 182.49734605180925 51.27749228260907 757.9751022083742 769.7392223579754 209.6373473833215 24.99256708048359 759.653289267045 788.6304079133838 179.34718920053626 13.762107508838675 778.3160587559973 721.9897727557473 256.0523206243591 21.28432644962283 773.0481673220996 707.3664820703376 253.59845230456 16.21534626659977 773.7843203048402 714.6147378397493 250.51676553792143 56.55779153874848 764.2269697540091 760.2060767271762 230.56995308985316 17.606217903899967 791.4877406859046 778.2190548011255 192.24610875869544 59.46447618037 737.8564325920664 807.3785267545697 192.58386627822168 100.84755660663964 688.2183992347697 765.226515462809 230.0755590766393 79.1603463453596 740.7163446403137 745.3957645192236 249.27168104374064 28.929113323354652 791.8287490367113 735.6754218150054 257.53061717464254 25.602915290330582 768.7522670616308 740.5346701807796 244.99628657092234
240.00163596192135 5.692351111853578 10.262031905866266 5.131015952933078 4.269263333890134 5.692351111853521 12.158867304834807 7.115438889816929 12.158867304834867 4.269263333890035 5.6923511118536725 4.2692633338901125 5.692351111853501 5.131015952933091 7.115438889816913 12.158867304834828 4.2692633338901524 10.262031905866179 8.538526667780372 7.115438889817068 7.115438889816904 4.269263333890269 7.115438889816909 17.077053335560592 8.538526667780376 5.692351111853411 5.692351111853654 8.538526667780328 5.6923511118536405 12.158867304834684 5.692351111853417 4.269263333890193 5.692351111853514 5.6923511118535925 5.692351111853387 7.1154388898169145 10.262031905866198 11.384702223707096 0.0 2.84617555592685 5.131015952933194 7.1154388898169465 5.131015952933133 5.692351111853661 7.115438889816904 5.692351111853506 5.6923511118534895 12.158867304834907 5.692351111853644 5.692351111853604 5.692351111853616 5.692351111853557 5.692351111853546 4.269263333890226 9.546363028425722 4.2692633338902155 5.6923511118534735 7.115438889816891 5.692351111853535 5.692351111853568 0.0 12.158867304834603 5.692351111853617 5.692351111853611 4.2692633338901285 0.0 5.692351111853415 10.26203190586624 17.07705333556053 4.269263333890086 5.6923511118535775 5.6923511118534815 4.269263333890165 8.538526667780445 4.269263333890296 9.546363028425676 5.6923511118535 5.6923511118535775 7.11543888981674 4.269263333890225 4.269263333890143 4.2692633338900885 4.269263333890153 4.2692633338902 4.26926333389024 5.692351111853414 5.692351111853484 12.158867304834606 4.269263333890179 10.26203190586624 8.538526667780356 4.269263333890192 5.692351111853404 5.69235111185365 5.131015952933126 5.6923511118534345 12.15886730483473 5.131015952933081 5.131015952933075 12.158867304834844 5.692351111853459 2.626013975309004 5.692351111853671 4.269263333890185 12.158867304834915 4.269263333890239 5.6923511118535775 5.692351111853398 4.269263333890244 4.269263333890184 4.2692633338902155 10.262031905866026 5.131015952933156 12.158867304834832 12.15886730483474 8.538526667780209 5.6923511118534815 17.077053335560546 4.2692633338902155 0.0 7.115438889816888 7.115438889816904 7.1154388898168195 12.158867304834718 3.984645778297285 5.692351111853682 4.269263333890215 5.692351111853457 12.158867304834812 8.538526667780324 0.0 4.269263333890161 5.692351111853689 2.846175555926938 5.692351111853562 7.115438889816807 5.692351111853409 10.262031905866072 0.0 5.6923511118536245 5.131015952933205 29.84080646509133 775.1195674726697 753.5524828482806 210.71099856027013 85.64015868220137 725.0741936956821 785.5525764657007 213.55801983397146 45.41938374061973 764.5140796704802 716.1234383324576 260.76484353254784 4.485480069265309 793.0820575676005 703.0376671428635 267.53502713849434 21.838987981926284 778.6307201641104 807.7669528561845 182.09934896501224 65.61543144437536 753.1591281367049 777.2720974522291 198.37762384351433 72.32337710469187 729.5245413759916 819.6585680763471 179.95955396979673 52.115575273652325 755.0533489873197 768.3841562917435 209.90977128287906 100.3798470577592 712.6428433611025 766.9600302732815 230.31249966028022 14.448903814011219 804.5461057719989 709.86961654283 252.43061484225956 25.250082644351956 789.854611867153 746.6406221068946 223.75054076594992 52.40079939488133 748.7198910000634 790.5522418740369 182.92969850458093 18.54780036798284 798.0551149180354 738.1760452670251 233.48675077177901 43.63546725247591 777.4798439255483 799.2470808558857 178.30612076652343 108.64831182855667 690.2641377939847 769.6173592970235 205.06892581791013 34.69951543803621 764.385985319278 718.5861460736511 252.5884303628415 86.3510573880037 698.3673732470487 724.1947057534591 259.8798268827284 105.54881671775875 699.2083788244075 735.7886153172809 239.3968800450814 8.502609410402416 803.7562409212378 716.2611741292511 246.23310717392883 110.69047145449635 696.4251948806642 778.8737403315519 204.33971768002408 107.28967351182229 681.9369777376119 794.9288032897379 205.74406022580368 91.26065280687591 708.021623375678 826.8941622073503 173.27860463188534 45.88169721042356 744.2104050415262 813.5405721029965 180.18924991627415 73.82465061135464 721.4231011084778 746.2262763133375 235.74808601181536 68.51868959543597 742.9298879712721 777.4245244558907 220.99295847586177 75.70948277129219 741.1668543151811 778.6437927433759 190.14065866626785 97.55755670485146 703.6992140784693 741.7013727900467 229.478496051968 18.951499923569823 775.4714483073884 789.0396623962059 204.18587343801016 67.02930356332537 738.2806385495243 807.3602240744515 164.17542726504837 36.53931143838613 771.7538639427638 760.6283779480927 229.45997461137648 91.83337941474721 687.822414699958 731.4154180088898 247.20480126169684 77.69084404786796 711.4749716815282 816.9201217807858 168.36638641345144 105.10301475050049 705.5686159396597 821.3604239407633 172.13375449924695 58.35998019857286 736.6221497482343 744.0854166110485 249.187699937279 43.13436266279335 756.7586006625929 768.4530978829483 217.75119012708439 15.845542012662257 781.3878109583064 826.5143180357566 164.88702937784961 108.64930980391517 670.6721407047269 794.3196483868696 193.99951799391542 90.07224624611571 720.0231428505869 803.5737307892904 172.3721107703878 101.39319364038154 696.0364196855139 752.9684742372533 245.86917170784633 18.19412110736521 789.9349601910884 728.4093716272474 238.13853227869262 82.59909214411446 732.6362394932297 796.4130372556347 186.74304229639353 51.64608766800955 767.3495403254304 786.7640226089142 194.93582031020316 57.52365011562638 751.4347200490315 766.6541137094808 226.3639072305139 94.51804166076823 713.1767595702948 740.8773207939054 240.72685191278103 52.20849286421291 737.5355774486027 797.3780329526721 171.27164637668696 43.6896614732191 751.5774217397671 760.5954298302994 209.92869927138133 101.46466033754265 681.1112331412286 752.7852017051567 235.22716532332083 35.13128323306066 786.8496863792706 739.3956581844321 249.21609769860734 52.15438911858458 745.716366369254 782.9640166204574 208.1061667589272 81.85514549962079 718.0841855861106 755.3476934204496 233.42611798032618 89.1261148972587 725.5679701853462 802.7934671042201 182.11292181569402 79.83106237133607 728.6909884844391 770.566724291233 193.78231685761997 11.173872382105046 789.9559104266758 760.1007834441667 223.62223592666425 86.83141704898117 716.5559404299435 724.7346629965648 247.5422168769634 98.47143557161925 688.2151933639453 823.4229097610037 162.02978436806308 72.11643192881935 735.168839293995 812.9057693283977 186.2746458821786 92.92066214265462 695.1610175173844 746.895066942957 229.1208125952224 112.68529094621447 673.5215506748568 805.9828350898774 189.98150119006405 60.35131024807541 743.8701451446055 753.9609428712048 220.4941593653062 35.96800453397752 752.4368336057383 783.0840093372703 182.60169549500256 23.317508368753657 765.6530805085446 711.4498166483094 264.4756778552122 29.30787012896323 767.462992154178 698.1157788188937 262.45621864309453 30.506847691432295 761.0554300205125 706.6156899794172 258.16620466587693 59.9351068787947 756.6960219752292 748.504019581223 241.18577110625864 28.614954829254092 779.0815303823917 769.8995824795122 199.55109288664588 65.87868362044297 734.0169964340513 799.4426682564413 197.91169096448942 107.23958537345928 675.8648296462702 756.053856074802 239.96073745487215 85.92860597372075 732.9913235506294 731.4246287396562 257.46660442692314 35.50080114373558 780.775819824423 725.7619719734431 265.4473570023846 37.770857722738114 758.380535079755 730.4967671752029 252.76093557255015
250.00163596192135 5.692351111853475 10.26203190586625 5.6923511118535535 8.538526667780285 5.692351111853405 8.538526667780369 5.692351111853564 12.158867304834809 5.692351111853654 0.0 12.158867304834684 4.269263333890164 5.692351111853699 7.115438889816921 8.538526667780289 17.077053335560745 0.0 0.0 5.131015952933085 5.6923511118536725 4.269263333890256 5.69235111185345 5.692351111853468 12.158867304834715 4.269263333890187 5.69235111185359 0.0 17.07705333556064 5.692351111853568 5.692351111853485 5.69235111185349 4.26926333389006 4.269263333890151 7.115438889817124 4.2692633338901365 5.692351111853506 8.538526667780408 7.413142672197559 8.538526667780372 11.491920976594729 5.692351111853389 5.692351111853508 4.2692633338902635 4.269263333890298 4.269263333890105 4.26926333389016 12.158867304834734 4.2692633338901125 4.26926333389015 4.2692633338900485 5.692351111853655 4.269263333890062 5.692351111853547 5.692351111853488 8.538526667780392 4.269263333890095 5.692351111853564 4.2692633338902635 12.158867304834898 4.26926333389003 4.269263333890254 5.692351111853372 10.262031905866296 5.131015952933127 0.0 4.269263333890121 5.692351111853578 12.158867304834848 4.26926333389024 12.15886730483473 4.26926333389011 4.269263333890063 5.692351111853452 0.0 12.158867304834853 5.692351111853441 4.2692633338902795 0.0 5.692351111853665 0.0 5.692351111853438 10.262031905866206 12.158867304834752 12.158867304834816 5.692351111853436 4.269263333890084 5.692351111853565 0.0 0.0 10.262031905866309 17.077053335560674 4.269263333890137 5.1310159529331925 4.2692633338900405 12.158867304834763 2.846175555926806 17.077053335560738 10.262031905866255 5.692351111853572 4.269263333890056 5.692351111853667 10.262031905866268 5.6923511118537 7.1154388898169305 5.6923511118535295 4.2692633338900965 5.692351111853631 4.269263333890049 5.131015952933227 5.6923511118536725 5.692351111853441 5.692351111853564 4.269263333890226 5.692351111853552 5.13101595293309 5.692351111853474 5.692351111853547 5.692351111853615 0.0 5.692351111853676 4.26926333389016 8.538526667780351 5.692351111853394 7.115438889816924 4.269263333890078 5.131015952932941 5.69235111185354 10.262031905866168 5.692351111853422 5.692351111853604 5.692351111853686 0.0 5.692351111853612 8.538526667780365 12.158867304834855 8.538526667780443 17.077053335560667 9.546363028425763 10.26203190586631 8.538526667780289 41.494056007268796 765.3474779047843 750.1290436796498 223.40950158721122 93.00014418945652 716.8012115803664 778.8451864650483 217.93050856007207 52.056733992989365 751.4332910822288 701.4893227917636 264.90598485538453 15.376538118560292 787.9632693623306 685.2549927446015 279.1423603771616 33.51233623671248 768.8811079256027 801.1576979050624 192.56593544273403 72.5146810240894 743.4512565726823 772.1386220183797 209.2581456933928 78.92163816945755 718.48056904314 815.2975295733337 182.17157249277412 58.3407679515036 747.8871197586202 764.8928310968186 222.61315023759025 117.2860402248136 704.4426061220436 758.0194298747158 241.63461942629536 20.591397256337874 799.4390747408173 701.8682877548086 260.0787316377156 34.34114448698878 783.1055012886252 736.6632547325707 228.09007383522427 58.25234575318867 740.1838852231907 784.3538490400789 196.2555831319585 21.848344728600868 792.5411491254947 730.5402963038274 243.8549160167316 51.646844563682166 771.8706660165057 788.8974669156702 190.4932360733875 115.11285065173142 681.2182752681149 758.8450621916261 217.86755034166754 46.47476945516648 752.621467505462 713.7585969624001 255.54845338933936 91.7977450681812 690.5139582643694 716.2633525089237 264.1610838231692 115.92702566256966 689.3953379573497 723.4482393264033 249.36238419884256 15.364712578119004 796.084906400249 711.3826040070272 253.7180741237725 121.37651127932475 682.6878726768259 768.7222313936142 216.45324288397956 112.52172235058937 675.9973903483136 785.0801601132817 206.5190041660054 97.59308101239334 700.9564596332135 819.4311601350909 171.89348463739415 57.00671624650079 735.0276035143872 803.4518845387222 184.23992567165345 82.37076700710155 709.9849781116351 739.732800725723 245.01151365311335 75.29591208315087 735.192880944411 769.5671608188454 226.4506802759177 83.91101095409554 733.6377451362823 771.9068706090242 199.2397051342982 108.47988491209215 698.6206253698014 730.2328336424591 236.87561504497148 27.13973246207052 767.9203983039977 777.1997849518988 209.89141752607844 77.82839603940317 727.7813946010508 799.7156351770121 177.07700172794756 48.97928661419333 757.426428326473 750.8424386958598 235.17566682509883 97.26387457430049 679.971595720505 721.0843437046176 256.97799960332304 85.22871445158955 701.2503731880823 804.7864632749388 177.30364629285324 115.483492358841 695.7565273006675 810.9026477074988 173.33733354783158 70.56349074226054 726.2883491797746 732.5604699347372 260.00891198423915 50.010893381909554 747.021649856305 760.2702045609583 229.92350177655317 25.825122869979168 775.4179926997804 816.0532229727926 166.07609908785602 115.35144741470481 658.7096521177413 782.8400420568729 202.4978852985362 104.6419974319653 708.0783134281281 795.1724760364436 184.39161969008137 108.44005750901825 691.732021257179 742.0950709784508 252.71818747331665 28.859448901697448 781.4176401998128 723.6663246981254 237.71715207514254 101.40240513726125 723.9474946622796 788.0537973676591 198.79504455120258 56.21070233580397 756.6589376223159 775.1200867540571 202.05005140060777 64.56036754754955 739.736922813832 757.643651228633 232.9200170660951 112.133747142391 707.725043551903 728.5262183575802 250.67584781861706 58.74120170933627 726.4423693075047 788.2036157864597 182.40282920244712 54.20229674648373 737.668260949382 753.3379810852604 214.87051461954061 104.71767651362137 670.2593262260677 745.552390396708 244.29810380935032 43.75135583182228 773.3789820818224 726.3654033049024 254.9795023514086 64.99166778509134 732.7900535347364 772.4252403982714 218.3858250487264 89.74262458595221 709.2293097811408 744.8124289494922 238.2899892148451 100.3644731323072 716.5135156613527 796.7463627664886 190.68962424258697 93.55201983218122 725.2782756494036 764.642818873269 203.78748765069375 19.70238582741605 778.5142310347043 753.0894762117541 229.9942763099535 97.9137997486254 709.49731345561 715.2431429265185 246.73431658991302 109.5397371568326 681.1411598604843 809.5491993672239 167.72998519837338 86.12971448552717 726.4545086186761 807.3583350834241 189.53032171555546 99.60644121751851 689.4738332305113 735.9805058659948 235.95596223247423 116.72617152613873 663.4196903899937 798.7981491282369 200.9881218122398 69.55877593622763 735.1268578261976 742.6469367961977 229.21993549006172 48.26138071653148 740.074643932653 778.6817637564199 194.36438409045 36.322616546564504 763.3532077931415 693.6415988771075 273.3096143234969 42.36264653643855 757.8592228901157 690.1206018754299 270.11046388926263 39.55386052518734 754.2517488737512 697.154593415827 268.8625588382336 65.78610321969845 748.1627756388277 736.9292533742569 251.93520345378778 36.63734908719833 773.4949764578022 759.3772610094313 208.80546885850518 74.158140693073 719.2234404089567 796.6291642536073 206.68558182807493 111.04415446293477 669.7122839009621 746.3828213586788 250.48695231546654 107.54759940601288 724.7017282577566 717.1632995798501 267.7267414963159 47.316170862637655 765.3938299369671 712.7657566983572 271.29488778375793 41.0633018320547 745.5338305304466 721.8822080541072 260.92855481556205
260.00163596192135 10.262031905866362 4.2692633338901125 4.269263333890052 5.692351111853555 4.2692633338900405 5.692351111853593 12.15886730483466 2.9884843337230924 0.0 4.269263333890215 5.692351111853507 5.131015952933042 12.15886730483471 12.158867304834688 10.26203190586637 5.131015952933073 7.115438889816965 5.692351111853508 5.692351111853598 4.269263333890022 4.269263333890161 4.2692633338900565 9.000397377424568 12.158867304834699 5.692351111853631 5.692351111853674 5.131015952933092 5.131015952933159 10.26203190586636 5.692351111853546 12.158867304834923 5.692351111853636 4.269263333890042 7.115438889816836 5.692351111853419 7.115438889816896 5.692351111853685 12.158867304834821 7.115438889816844 4.269263333890201 0.6318642876699535 1.4679349120956982 4.26926333389008 4.2692633338901045 12.15886730483468 4.2692633338901835 10.262031905866234 5.131015952933155 5.692351111853448 7.115438889816881 5.692351111853619 12.158867304834695 4.2692633338902555 10.262031905866232 4.269263333890128 5.692351111853516 5.692351111853539 5.692351111853437 12.158867304834715 0.0 7.115438889816918 4.2692633338900645 8.538526667780369 5.692351111853411 5.131015952933111 4.269263333890132 5.692351111853419 0.0 0.0 5.6923511118535846 4.269263333890287 11.384702223707125 12.158867304834724 4.269263333890168 10.262031905866031 4.269263333890122 4.269263333890113 5.692351111853588 5.692351111853438 10.26203190586631 0.0 9.54636302842579 4.269263333890086 5.69235111185341 17.077053335560716 5.692351111853667 5.692351111853387 8.952395411494091 4.269263333890169 0.0 5.69235111185366 12.158867304834837 4.269263333890207 4.26926333389003 12.158867304834782 5.692351111853699 5.692351111853613 5.692351111853506 5.69235111185354 4.269263333890147 0.0 8.538526667780433 10.262031905866232 12.15886730483481 8.538526667780225 5.692351111853551 12.15886730483483 12.158867304834821 0.0 0.0 12.158867304834793 4.269263333890312 4.269263333890245 10.262031905866019 7.115438889816967 5.692351111853543 5.692351111853631 12.158867304834596 7.115438889816918 4.269263333890218 5.692351111853447 5.692351111853668 4.269263333890022 0.0 7.115438889816896 10.262031905866314 0.0 6.03765010812967 5.69235111185369 12.158867304834827 5.692351111853621 4.269263333890059 4.269263333890113 0.0 8.538526667780314 12.158867304834763 5.692351111853459 17.07705333556081 4.269263333890068 5.692351111853631 47.578354764038146 760.1586640096033 741.2005249269009 230.04766303747786 96.32595862916209 711.2907541255255 772.8034112953839 226.57335888798522 58.30973853038371 741.8393929496175 696.1262053681141 278.1803927323534 27.061596702048515 778.225682296775 677.8572598239224 287.6562103343175 44.268565197727604 758.3284949965816 790.4817207603452 201.9691685616477 73.8696467502755 738.3212450201735 760.5653659017522 216.49108383349804 85.06644835710203 713.3620497630745 809.3431212678294 187.37214892849093 66.68028303344563 738.3633346296986 757.3038682549848 229.54490875037547 125.67155518661704 694.9843386934325 743.2129320139638 248.9354350937095 23.444493762288356 787.2115841565527 694.3543420392988 270.52190914202305 39.535547147314766 777.144222889535 727.7654877252329 234.78977826651408 66.81164451384761 734.0254118493684 772.9398542609455 209.58679617671143 33.011315318481266 783.3891457881864 720.534690701281 251.68481486478234 55.849158075426445 759.8093899578089 778.2437623847991 199.91486994212667 120.5917164136016 671.3192185488311 751.1204921761671 228.16097853961634 53.89002688469955 742.3132197445274 703.1375208547718 267.32249087657476 99.70424605157166 686.9554047958283 702.0352832080767 274.45314241799997 124.56729478458017 675.9302768636238 712.9755289823149 254.41008745890613 16.445453870285473 782.2842728365956 702.2264095927457 262.4332024748638 126.32423171120035 666.0792595711479 764.0766171337531 225.4699763660697 117.89241729841397 670.0279606570443 778.7964226064079 216.4534401070947 104.5843515258837 691.3056214850684 809.1044959925503 179.29972320244644 70.11816603058233 725.5050099032288 791.9641187018839 192.73225145363392 89.92932215553859 705.072260314215 727.9940242666333 254.4522177870235 88.28099054882851 727.6834070888198 761.6837861910591 240.09176825838074 96.02356345879673 725.3610528880304 763.4643668631478 205.2132918537593 114.45624768171659 695.458100747655 719.3961817605904 243.83185098153538 37.608121557593925 761.311215147886 767.8000192860776 218.355720036933 86.22907701699418 718.3203377141044 794.7339278012854 184.5964336261483 60.26344194194066 746.2869903079288 740.3023216612215 240.11341463073435 105.30902482177665 674.4024545805593 708.7466957120722 262.36766142778043 91.20733581090329 698.1068201923503 800.1648954728538 187.6431929759425 123.26297501109025 681.5317182349468 802.9692580682291 178.6792174258412 79.10791022399565 714.8563411037613 722.0855387508843 265.0519910078748 60.563000475812075 733.1484405159093 756.8709682846975 237.88193735018288 33.095733937074726 767.0736457117629 803.7625607523148 173.62217255842484 122.53591770759408 640.6716904869925 776.5659581392579 214.45278403317653 112.54585290286853 704.5459024709127 786.8789922112697 186.9467659723238 115.39687409367428 682.0533551377869 731.2676427113038 259.6728931253413 34.9515703299969 772.4504523745932 711.3786064343009 247.74426490492962 108.6007066573839 717.6545972406374 782.919883237638 204.93598933234102 64.67581365216584 745.1585146078997 765.3161940645539 212.4366625714337 73.75431941020832 725.7100832174617 749.7330550975048 241.83922179744965 120.36884597138273 700.2393096548157 719.9712771982935 262.9247616862376 70.82873409762504 718.1229789418531 781.4601195790926 191.50699555390818 63.05917057044502 727.5716199425015 742.867745981136 224.5079361556927 111.81639154715768 663.8714785273563 737.007796294299 249.05637129085414 49.97896248845541 766.2221674454529 713.1909270873207 267.5170900499089 78.11175857685997 723.2876494103882 763.300566493447 233.04694484435365 98.323108278567 697.8128085540857 732.1676710465748 247.90829271407432 105.62784989851336 710.6154406786446 784.1010773040917 200.24284910261602 100.74917725751067 718.9836726994339 757.4310102550133 213.4989858070656 26.170791456234433 774.714470071902 744.5225278424983 234.69765175675772 104.05856548890353 704.3803587074883 705.8400728553781 254.058861751386 114.36175473281031 673.810371414257 797.4458317920732 176.70067423652347 93.48726364862777 718.1859945215452 800.6232357558032 193.85412330866473 105.56844148241998 686.3025579761504 725.1404489866402 242.89732865143588 120.51667084691093 646.0063348570488 791.0953287191849 207.79080386933902 81.12335957869921 727.4135468174741 733.0507832149985 239.7975040752324 55.687405739963815 729.7771627344894 772.5864965665114 202.96613355145143 44.76733654485717 751.838731930128 683.0698644959228 281.6623417630043 52.31290319551915 751.8472359022203 675.8769295208823 280.2990336139385 44.137876707168694 743.5683442532559 688.7986268418084 278.422924660711 72.63352683830762 745.7531046850921 722.519910625858 257.40901185019504 42.34597123658097 766.934461673137 750.6611713168761 221.5553866437034 83.42095079165236 705.243569396788 785.7932015221395 214.7193542107685 117.490244092132 658.5482482002251 737.2723512975989 255.80110331597166 111.69927093417951 709.35141039304 702.9400085378538 278.01380912121874 55.766301828337205 753.8809873176485 695.4228194530078 282.9006152905764 51.16131911439801 737.5549365417226 710.1115904158582 273.78798296853853
270.00163596192135 5.692351111853415 5.692351111853512 4.269263333890099 7.115438889816782 10.2620319058661 5.131015952933287 7.115438889816946 2.988484333723171 12.158867304834823 5.692351111853397 5.692351111853465 4.2692633338900965 5.69235111185342 0.0 10.26203190586619 12.158867304834791 8.538526667780257 5.131015952933158 4.26926333389023 7.115438889816879 8.538526667780383 0.0 5.69235111185358 4.269263333890021 5.131015952933127 4.269263333890202 7.115438889817011 4.269263333890107 12.15886730483475 5.692351111853628 5.692351111853488 5.1310159529332156 12.158867304834802 4.269263333890202 5.692351111853656 5.131015952933158 8.538526667780404 12.15886730483481 0.0 5.692351111853546 10.010418825793735 7.115438889816962 10.262031905866186 4.269263333890176 5.692351111853677 10.26203190586622 5.131015952933088 4.2692633338902395 5.131015952933161 7.115438889817032 12.158867304834766 4.269263333890126 5.6923511118536325 5.692351111853652 5.692351111853674 8.538526667780362 9.546363028425667 4.269263333890147 10.262031905866218 5.692351111853585 4.2692633338901285 5.69235111185357 10.262031905866149 5.131015952933276 7.1154388898168275 4.2692633338901524 10.262031905866197 5.358043860407451 5.692351111853609 10.262031905866156 5.692351111853445 5.692351111853455 5.692351111853489 12.15886730483471 5.69235111185366 10.262031905866325 5.69235111185366 5.131015952933117 4.269263333890124 5.1310159529330654 8.538526667780403 12.158867304834743 5.692351111853574 5.692351111853692 5.692351111853535 0.0 7.115438889816781 9.546363028425775 5.692351111853459 0.0 7.115438889816928 4.2692633338902075 4.2692633338902635 8.538526667780362 7.115438889817011 8.538526667780186 12.15886730483473 4.269263333890225 5.692351111853551 4.26926333389015 4.269263333890028 12.158867304834729 4.269263333890024 12.158867304834695 8.538526667780257 7.115438889816929 5.692351111853465 17.077053335560503 5.69235111185364 0.0 5.131015952932978 5.692351111853691 4.26926333389023 4.2692633338902395 5.692351111853682 4.269263333890104 5.692351111853417 12.158867304834713 0.0 5.692351111853585 8.53852666778038 9.546363028425796 5.692351111853682 10.262031905866234 8.538526667780252 2.846175555926745 5.692351111853439 4.269263333890074 12.158867304834935 5.692351111853688 7.115438889816893 7.115438889817062 12.158867304834585 12.158867304834777 8.538526667780225 7.115438889817056 0.0 7.11543888981691 4.269263333890095 7.1154388898169225 56.6474814603501 753.3811225504757 731.0091052303993 242.87324618583264 98.91328590434152 703.0125679933916 760.51458042946 233.03891425042315 66.45601246059032 728.9932421976631 683.4509662995509 286.58924044547814 37.82783320366366 767.6844737657289 667.273181677995 299.10643447942476 52.598913606695426 748.8063063461381 782.6283722999565 207.4138255628474 83.98514665474913 725.1057067214074 757.0171920298549 227.80454456242813 90.8044014433226 701.542324979795 800.844431913102 193.2697330043559 78.19984935729838 725.992293165757 747.6982463240537 240.0975953562324 123.93639330281346 678.875123077871 734.2554225600977 259.0218894145846 28.938354131782393 777.3153553723852 687.7614940919827 275.02737621124874 44.210269179685945 771.7790330356904 723.6465015935731 241.94637398602026 72.3636789302917 724.1610942618295 761.3960843892515 216.86021765931966 40.05756270409194 771.7002043005648 711.451449391893 257.04257825214506 64.48393657060284 746.3478687333263 769.2167955746615 206.44160896527055 136.28771457012957 654.564185726592 739.4409437762336 234.17922318369432 59.84590684072208 739.1298158055014 694.737952064683 276.84102701476223 104.13334205325404 678.2503664431262 686.8239430561796 278.9035886396459 129.3674757584672 659.2660345095674 705.5276809106429 261.4841819929838 25.512466487870277 775.5088693349949 693.4658345388557 273.8889911897583 132.88578782617626 648.8837052718336 752.5951406027762 232.84094366994162 126.3939196932407 654.540014661834 767.459654654252 225.14000139894355 115.58109341219671 684.1038271008711 803.9583698893971 185.4069970017809 78.08528350725051 718.3053506164119 783.3012817598582 197.27736288579098 101.66080182415719 695.3920303664847 719.0585770713745 264.56673202851 97.567219768504 719.0136447704695 747.8077893758275 244.91848944355573 104.78471466352222 717.2797899437568 754.9119755883507 214.60780444373347 117.20668058377946 690.4964015801072 710.219750544059 252.53901438340682 46.07086891879289 749.810698664312 761.0350075391028 226.17308666920403 96.92378555948771 709.8505376173786 787.8352863363409 192.29596379076662 67.20380060062942 736.6029899302587 734.1100971914525 250.8344436292721 108.14793453818815 667.4659460846214 701.5190026322679 270.81606862472586 100.6089412134137 687.4350633648737 791.0881424862038 194.09910606946175 128.89849278968882 667.6089133368156 796.2177565415299 187.78209991409378 88.43004995328252 711.5035876180048 717.238702846257 271.284740383977 67.52098253172589 723.4701802325584 742.2078664198968 249.96969824848628 38.29055190659332 761.1149294319663 798.6152604408876 179.73932999049435 125.75909072209419 633.5106386332956 766.7854886932212 220.13067913386536 120.00067730838843 694.2610012446127 777.2348326238418 193.96049247972283 122.35658087927045 670.3038598239274 723.569346933947 265.34600038059455 43.118374771016974 764.8856166990234 703.0216087311579 257.316253530151 113.50080136988373 712.4841670787386 770.5963216812358 216.05566497921782 71.99039475351073 736.8498704459224 750.8978480997581 222.4382452329987 83.9237477183672 717.8192983367442 739.9104327616428 242.924026645287 124.33268361897873 684.8388709616253 712.5155483955847 269.99477704951016 81.00021512716219 710.2363223281038 777.7487760272072 202.78066864184362 71.59961231899281 716.1292513014948 732.4665916490472 234.22814702683573 116.02354634128336 657.0742129708439 729.450869206554 259.47555655056493 52.3547684783658 759.8946335999447 704.6847322012968 272.2986209819248 93.0062109844486 710.0794487929114 756.1182487987418 238.07948721204573 108.61358547103882 687.9045924847346 722.7422413171488 255.20198964539878 115.77721833454284 702.7165072495882 773.729017634648 211.16805856305 110.87622925860596 705.7746803262906 743.4673872056153 226.35929178160652 30.470773848758572 767.974988058332 737.3697637590498 239.78733302701306 106.6139977966725 696.0887241126295 697.9387811282184 266.41186025820826 116.90099435853783 663.5062342165629 791.7038627025804 183.33753990067194 104.34077193838742 707.7420605703618 792.7362151487889 199.2709873474327 114.5078399128544 674.1751444679338 718.3427830478687 246.06871763768908 124.60141630767086 639.134623898093 779.3083303850656 213.5964272502982 92.34496792275782 718.3463304969694 728.5963945823027 248.89820145099546 63.00848822411463 721.4776194861873 760.4424660779575 210.76006076050248 50.26767305451253 741.9461925287881 676.4163886506731 290.78819586493887 53.28110095440617 745.3402317977681 668.7368327682224 291.2277496346921 50.3874624999421 736.4380571027895 679.9771675057676 286.3919038394743 77.3375887113103 730.1645429697315 710.5690798034378 265.4879605039699 51.704823773451096 756.2116373733536 737.8156670088797 228.62574630705996 92.85960865892035 694.5971422082007 773.6646010797583 222.490471552623 127.49170324235938 648.3582211868077 728.9049631196472 265.3634901456398 121.09187316391242 698.6893748087201 689.7756902985634 287.0366236540827 66.19494514376488 741.9887023862502 681.7791988530092 293.75925769082835 56.53164114264967 729.6428492362672 696.5049758731074 280.05478901474413
280.00163596192135 4.269263333890086 5.692351111853655 5.692351111853549 12.158867304834676 5.6923511118535215 5.131015952933061 5.692351111853688 12.158867304834738 5.69235111185369 4.2692633338900405 4.269263333890305 5.692351111853497 5.692351111853474 7.1154388898171215 5.69235111185351 4.269263333890029 5.692351111853524 7.115438889816757 5.69235111185339 7.115438889816998 4.26926333389019 4.269263333890045 5.692351111853412 4.269263333890209 8.538526667780326 12.158867304834619 7.1154388898169 7.115438889816849 7.115438889816944 5.692351111853675 4.269263333890295 4.269263333890096 7.115438889816914 4.269263333890263 8.538526667780378 5.692351111853553 11.384702223707244 4.269263333890172 8.538526667780244 4.269263333890086 5.692351111853528 7.115438889816872 12.158867304834935 12.158867304834654 12.158867304834747 5.692351111853521 4.26926333389011 5.1310159529329935 4.269263333890083 12.158867304834796 12.15886730483481 5.1310159529330965 5.692351111853634 7.115438889816872 4.269263333890138 12.158867304834613 8.538526667780383 5.692351111853562 5.692351111853611 5.692351111853533 5.692351111853477 4.269263333890139 5.692351111853669 5.131015952933133 5.692351111853548 8.538526667780356 4.2692633338901524 12.158867304834931 8.538526667780312 5.692351111853573 4.269263333890097 4.269263333890099 0.0 5.131015952933042 7.11543888981689 12.158867304834851 7.115438889817129 8.53852666778018 4.26926333389008 10.262031905866111 4.269263333890145 5.69235111185354 5.6923511118535215 12.158867304834814 5.69235111185367 12.158867304834667 12.158867304834697 5.131015952933143 5.692351111853604 12.158867304834715 5.692351111853604 4.269263333890234 4.269263333890238 9.000397377424449 4.269263333890185 4.269263333890288 4.26926333389019 5.692351111853483 5.692351111853573 5.692351111853601 12.158867304834864 12.158867304834772 7.115438889816756 12.15886730483483 8.538526667780188 4.269263333890063 4.269263333890241 8.538526667780255 5.692351111853395 8.538526667780229 12.158867304834862 12.1588673048347 4.269263333890031 4.2692633338900965 0.0 5.692351111853412 4.269263333890047 4.2692633338901285 8.538526667780214 4.269263333890154 4.2692633338901365 5.692351111853498 5.131015952933064 12.158867304834619 7.115438889816922 5.131015952933298 4.26926333389004 8.53852666778018 4.269263333890118 7.115438889816865 5.692351111853494 5.692351111853424 4.269263333890199 5.131015952933133 8.538526667780358 12.158867304834912 12.158867304834756 8.538526667780355 5.692351111853527 0.0 65.73912284157845 746.6329119571415 719.8476564317463 251.78007240425578 105.75775593286919 687.9841719742888 746.4774625134958 242.90091911742317 67.98237422546835 721.8986986597507 671.6581991012893 294.3734363391111 46.37887705368425 761.5097980635286 660.4492536623364 306.73777157399047 61.11014513712206 737.3394558128027 777.2068198686554 215.54316837023427 91.73249289787559 723.5165033502061 741.4107893401108 234.25592636259347 99.36046995068659 695.3945049403802 790.2179414747974 197.98965971678882 90.09240427682255 714.3457766693875 741.7339567471632 252.21669619471248 122.68919405547133 667.4779376580515 724.2445886088392 266.8419440516137 43.65764810457972 771.2756937369552 676.1168235328719 282.1846143464643 53.577246872770864 761.0671477800538 715.1237970836185 246.74034424146203 78.2902827694632 715.6817866610219 756.3864457044344 223.0937427938961 51.28375450398324 767.8660595206672 700.0233362914887 264.4905013200065 73.5877307788062 739.61234666332 764.5554207261762 210.70599261176648 142.67050484739704 639.3329768588236 731.9576470795827 241.222307972115 66.65066896087814 731.4250507897391 688.9152957960385 284.830569539964 110.54878855954652 667.0792930535613 679.152523445735 285.69898045135875 136.51151134017786 648.7721145583483 699.8478170660538 271.5574219910516 35.32886265340622 771.4818469504451 682.8670587209019 278.6772440593958 136.38884769591098 633.3659753391576 741.7397421846601 239.74995354080113 133.3478668964146 647.9832881622974 755.1412507023498 239.7700958378252 124.16235401229774 675.85078206899 795.302612362458 194.71075357466603 89.08671389247532 705.8661681684147 777.65915001686 203.9857152212827 108.31862440699786 682.2988178681923 709.0239376604012 268.3390109836288 108.23948417520037 710.5085897793484 735.3814169439121 258.2491231162327 115.4356380125474 708.7571418545781 747.1447494698658 220.17255214561465 121.44923379983209 683.7239404675809 701.445680087069 255.90246091205776 53.589354705131214 744.8444382930951 749.2257196112432 235.53065168495593 110.02737211768098 700.3436070787664 776.0688435313058 198.09606055841044 73.9629414142762 723.5834563507871 721.8350068615312 260.76620875828394 117.87703450994256 663.2784756951717 690.9405869006071 275.68204678955226 109.6591377707452 673.3013757912312 782.037472748458 195.8531364667291 133.43852453113968 652.8722650341674 786.9691152169305 192.8672123201034 100.35293932892884 705.1558120106189 706.0280670326259 280.1109809146396 76.53737155260713 707.9149327349819 728.5033737728209 259.6352807081725 43.346081488313175 757.1387987912361 795.0721336655827 187.65658368876305 132.31932721526377 629.8822852203577 756.8710573965922 233.2283706351152 129.38577078987996 679.0548453169599 771.050161487465 205.96350934235303 131.48521922308504 659.3928345191755 713.55415171802 273.15355995071235 51.60238222198428 753.3965864413684 692.1704413049586 264.1769751604998 117.06475941840604 702.9940671147042 764.4038416458212 223.3463416990911 84.6075115872906 727.9549943357432 742.5792570105779 228.5711959308897 93.50857874806003 705.1845033629218 727.8363619361835 254.3209312000076 131.8397930012304 670.466600727233 701.140634720031 282.15003689283304 93.91808023846029 697.391119649295 770.3625775477623 211.1058681576933 83.69445750420513 707.8323841833 725.2252741822196 242.68309783938574 123.99861012827517 649.3114145302268 714.7914279702014 263.5218522622461 58.4611156329436 754.731353951864 695.9478602928164 280.29298851186553 107.17219430438462 699.372912766422 739.6490404488446 245.71129747870492 116.58984346726444 682.263148386392 707.4091388263772 263.1226655528095 122.92827434607872 689.0252747293546 762.2192982979151 218.49287405098892 127.41591589007507 693.983641467145 735.6230628862871 235.33881513985855 39.245846546864335 765.1419740410626 731.0436416499982 245.7553177635296 112.68699639129298 690.9024134362205 689.9217260230294 270.56182736474966 124.0842779080696 653.04010267285 784.6262605091365 189.6563984216512 120.53346994465834 694.6143259665404 782.5127896053585 202.09336879408215 123.88938790523783 659.3565511243933 711.9201045159289 255.39948759900838 126.69077870571199 634.7145682817275 771.9348659639329 221.93930139821148 100.39830903792819 712.8117438264684 717.4349814684148 257.80759358482703 72.48464842903914 716.1393274980602 755.4252661260222 216.9939923066921 54.969250719437326 736.6079049478944 663.4409518723356 298.6635794153366 62.63351320041242 729.3449689836201 655.2208592466434 300.90934067862844 58.75384547040991 726.953811075003 670.2910152160479 288.4887865901538 81.16635799766404 724.0512794987148 705.8205399880933 273.1545677270909 59.00448472641168 747.894506070723 732.0541520063325 234.03574052647676 100.5035766507486 687.6385369079004 764.3541234714182 231.04910403215138 133.10142558364782 639.6725673761979 716.7130591989096 267.4053904729677 127.54571038669819 687.56821789977 678.9596089868129 293.9017409359199 75.09200112243488 731.9157628238044 672.273056703627 297.2191012891746 62.4515511311241 721.155644260396 687.5362749678707 291.3307879247139
290.00163596192135 5.692351111853428 4.269263333890071 4.26926333389024 12.158867304834935 5.692351111853524 10.262031905866218 4.2692633338902075 8.538526667780346 5.692351111853533 5.692351111853552 5.692351111853508 5.692351111853458 4.269263333890082 10.262031905866206 5.692351111853658 7.115438889817047 12.158867304834848 7.115438889816946 11.384702223707176 5.692351111853626 4.26926333389016 5.692351111853476 5.692351111853423 10.262031905866186 12.158867304834788 4.269263333890309 8.538526667780186 5.692351111853509 12.158867304834798 12.158867304834821 12.158867304834738 12.158867304834795 7.115438889816908 0.0 5.13101595293326 5.692351111853624 12.158867304834757 0.0 10.262031905866213 12.158867304834658 5.692351111853662 5.6923511118533945 5.692351111853453 11.384702223706949 4.269263333890217 0.0 10.26203190586616 5.131015952933012 12.158867304834889 7.115438889817048 12.15886730483477 4.269263333890149 4.26926333389012 7.11543888981686 4.269263333890116 5.692351111853459 5.69235111185368 5.692351111853499 4.269263333890184 5.692351111853734 4.269263333890236 5.6923511118535615 5.692351111853643 0.0 0.0 4.269263333890229 4.269263333890176 5.13101595293316 12.158867304834676 9.546363028425931 8.538526667780378 5.69235111185366 12.158867304834926 5.6923511118535375 10.262031905866257 4.26926333389021 0.0 4.269263333890228 8.538526667780184 5.692351111853436 5.692351111853567 5.131015952933211 8.538526667780353 0.0 4.269263333890122 5.692351111853616 7.115438889816737 10.262031905866278 4.269263333890222 4.269263333890074 5.692351111853458 5.692351111853465 5.6923511118534265 5.692351111853701 7.115438889816758 4.269263333890147 4.269263333890215 8.53852666778039 4.269263333890062 5.692351111853579 5.1310159529331045 4.2692633338900485 0.0 5.692351111853544 8.538526667780395 8.538526667780385 8.538526667780248 4.269263333890184 4.2692633338900405 5.6923511118535295 4.269263333890186 5.1310159529331045 12.158867304834727 4.269263333890154 7.11543888981688 5.692351111853544 8.538526667780348 5.692351111853446 7.115438889816904 4.2692633338900166 4.269263333890267 12.158867304834969 4.269263333890227 12.158867304834626 7.115438889816912 7.115438889816899 0.0 5.692351111853664 5.692351111853484 5.692351111853531 5.692351111853547 8.538526667780253 4.26926333389028 5.692351111853646 7.1154388898169065 10.262031905866062 4.269263333890162 8.53852666778028 8.53852666778034 12.158867304834667 72.9069899439577 740.3051317789635 717.650982053134 258.70553155229925 112.43433148312467 672.8845854135752 738.4092979382417 250.47912437681666 77.03351962369989 709.8524813053963 655.2731668352553 301.88059758623723 50.337043105296026 753.4106003091389 648.4346355969031 312.05937747920575 67.38958001075375 730.2277585975546 770.2342381685713 221.97373748219968 100.07933017856294 714.0129766062473 736.4613683304898 240.53387983105836 109.83664111262448 681.4709331727965 781.4980979443202 210.71332058071602 94.1162751481805 711.5532077944199 733.1922850768061 256.98252524771925 128.4471193414546 656.8443353623555 709.7303812440813 280.25718869348896 50.5025384693653 762.5522978914689 668.6157785016783 291.68595070120523 57.17222878308354 751.5943459830123 706.5581041781492 251.468422337381 86.64688985334269 706.1879094000135 746.2149366128565 226.10422383329913 58.587806178368204 759.5518692460735 690.4416255446697 271.59893713346423 76.88547216744763 734.0877126475312 754.6007471957396 215.07980056127033 151.00339298021842 621.6372706307462 725.1676742444772 252.47727152287362 81.87711854451388 719.5584844924975 683.1818441355382 297.59346529416825 118.67198698461017 657.3672864795299 674.8011582601827 294.71726849888194 143.45275954471393 630.950523941483 686.4729616698205 280.3111296810751 49.622936480998355 758.774996172113 669.4131202067047 282.4364721251547 152.72747416783633 617.10747485019 728.854289598682 243.93050548252808 137.28341465109273 633.8279271355207 746.6002353931564 244.53040156853845 129.55933003486086 663.8688738651047 786.7241778363887 204.0701933560934 93.39280176959481 699.1437109527723 768.9702967563662 208.62637885732872 120.48579246880298 669.7950707227491 700.2617187114016 276.2994469682965 114.59735892597165 701.3733387876147 726.2581067251425 263.5455087335666 122.29293477859109 698.9995407785815 741.2586569883994 228.93220763626744 129.72937612435123 672.0902723291485 694.8020483607701 260.3739065492766 55.47153294951967 739.1251546642135 740.9176206853898 241.69765066823987 118.28110722101475 690.7523466467544 765.574611162936 207.69818627590118 84.11119773028781 715.6736912498739 710.6140764227832 273.8004979002749 124.03973330045957 654.0116574965682 677.057220392203 286.22163113437466 115.89322556532713 664.0725003696319 772.2583915349217 201.55284821918022 140.72700017579675 638.3939938954845 781.9638050735929 203.8441836368074 109.02983821477477 696.9880336043539 692.4672623185146 292.22108222718725 85.25788583045397 699.787992224269 717.8828696792143 267.9249465557945 46.260238066626485 750.2290583867851 783.3384852823426 198.24550129802213 146.43337025695033 616.9104887272467 748.0950403587977 236.5742486535893 137.21559863254208 666.0219809692239 762.7670915705021 216.81993091735387 138.71161338589732 646.904648301353 698.3204556635578 282.2339197380293 56.98259436416435 745.497083025073 683.7092171369984 270.15282994518464 126.4684129097668 690.2162667287056 754.5682295389242 232.50959813344812 87.83951411946863 724.4905677379473 734.0387021950811 233.33395656670947 102.19984486493424 697.0342502173553 721.9509406913169 263.0784132372099 134.54054624137567 654.2066946581458 686.1394534793196 289.06216244075034 99.25163469527917 689.4453069470468 763.3529601079217 225.65559440210293 88.6808841366202 698.5418242920781 715.6487598798523 253.28514572117336 131.2967269321848 634.8363538728132 703.0571528906952 269.4847626250445 66.67093700131934 747.2107018394025 684.0893114199544 285.96524094328714 107.90494079444986 691.6223361255726 733.0738161229864 250.26531456090936 119.88609822637991 674.6982060863448 695.2959802739231 270.98877132194775 132.75679133066845 677.8862019255064 753.8925378352733 225.7977816613891 134.2187146758393 684.1811778004557 724.2027509087033 242.81413645717828 44.60994678875283 757.2291675347625 723.9069123316418 258.9573672187227 117.94444572009266 682.9256337686713 680.4280571043021 278.90952699245327 128.79599135557146 643.5986081929938 777.2291283363825 197.96887943058346 125.1385205338226 681.919558807183 773.3821105498158 212.0406232239794 132.03989575637013 647.6396385234937 707.2793649340914 259.7128757720954 140.37444410487436 625.4804426552224 762.6487693302585 230.54225619784305 107.15954347149243 705.0724585489479 712.900571466724 266.8631435632099 77.29831750922486 703.5092309113621 747.2135273998169 219.7805083272842 58.26655246101828 731.0816265856834 649.7569300112835 306.9311998634424 73.30797073217153 720.8427136235656 641.630503121924 309.53563427698435 63.98811273999211 721.027990033129 660.5898649543502 296.6111102776524 91.67326280302107 717.5092252268287 694.0564122069267 278.98761710488634 66.48399858441294 737.6252448395082 715.4459231855525 246.38736353344075 105.40521705269175 678.2925986917605 753.8311607589104 236.0000272011175 145.0334874848279 626.9606189592524 704.9343148108427 281.4460695161527 139.38921893461261 671.6949893534584 669.1192158787604 300.63550981437805 84.72224466974633 724.5955306532949 662.1219135479156 301.07369452842585 68.57848478590482 716.0162301789654 674.1259985815731 301.18278355798986
300.00163596192135 10.262031905866195 10.262031905866186 4.2692633338902 5.692351111853592 5.692351111853479 10.262031905866246 8.538526667780191 0.0 5.131015952933104 4.269263333890259 12.158867304834832 0.0 4.269263333890103 9.00039737742451 5.692351111853409 0.0 5.6923511118535215 0.0 0.0 4.269263333890302 5.131015952933117 7.1154388898170335 4.269263333890228 5.6923511118534735 7.115438889816836 5.692351111853638 5.69235111185354 5.692351111853621 9.546363028425938 5.692351111853655 5.69235111185354 7.115438889816791 5.692351111853684 5.692351111853643 5.692351111853418 5.692351111853563 8.538526667780195 9.546363028425608 5.692351111853505 5.69235111185354 12.158867304834859 5.692351111853695 12.158867304834601 4.2692633338903185 5.692351111853676 5.692351111853676 9.000397377424509 0.0 5.692351111853668 4.269263333890131 0.0 5.692351111853547 10.26203190586608 0.0 5.6923511118535925 12.158867304834619 5.6923511118535375 5.692351111853592 5.692351111853532 4.269263333890081 12.158867304834889 5.692351111853334 0.0 5.692351111853494 7.115438889816997 4.26926333389013 12.158867304834809 8.538526667780475 8.538526667780417 12.158867304834597 4.26926333389028 8.53852666778031 0.0 5.692351111853554 0.0 5.692351111853661 8.538526667780403 4.269263333890266 4.269263333890165 7.115438889816835 12.158867304834706 12.15886730483485 5.692351111853391 4.269263333890151 5.692351111853523 7.115438889816862 12.158867304834812 10.262031905866186 5.692351111853494 4.269263333890137 5.692351111853623 5.69235111185372 17.07705333556055 5.6923511118536165 2.846175555926711 12.158867304834764 5.692351111853396 5.692351111853346 12.158867304834816 5.131015952933063 4.269263333890049 5.692351111853634 7.115438889817016 5.6923511118535846 0.0 4.269263333890157 4.269263333890215 17.07705333556048 12.158867304834628 10.262031905866284 10.262031905866042 4.269263333890312 2.846175555926633 4.269263333890232 12.158867304834853 8.538526667780307 10.262031905866307 5.692351111853607 12.158867304834875 4.2692633338900885 10.262031905866168 10.262031905866218 5.692351111853601 2.988484333723046 5.692351111853419 5.692351111853712 5.6923511118534975 0.0 4.269263333890056 8.538526667780413 8.53852666778036 12.158867304834716 5.131015952932952 8.538526667780134 8.538526667780344 5.131015952933002 5.692351111853616 5.692351111853497 5.69235111185356 5.131015952933173 79.54734569264815 734.5631240968057 706.7013223419198 265.48769421893695 120.24706244947686 669.1095709801433 729.5052512604062 257.1517032434332 85.3610165345692 700.3238904163908 644.0167458067955 311.22823332233844 56.24340567579874 744.9159842329917 642.6649170117431 319.94535220535124 78.72257968392586 719.1378692268997 764.0992200414045 229.30612910305157 114.01677636694392 705.1487354692141 722.4738944340688 248.72352498736737 118.27110078744256 675.1569269366529 775.1959274427116 221.36661026948266 108.96279480584045 703.4731802334426 726.2378641189752 263.4398931569952 138.42500004023 640.9975348795688 700.4806620587347 290.08989583572674 55.57154236512787 758.5875977487206 658.9006389019011 299.79995990531125 66.06214689688868 741.513894838102 697.1928990486446 259.9927896014263 91.10489738168431 697.5835847037811 735.827336350314 235.8306121814005 62.50257978019428 746.1412473918496 679.940008462805 277.6085235324203 79.5889135183622 723.8295927046021 748.4736816772836 222.424471792333 156.5046809775534 614.9018063271023 714.2471266410028 259.32829564819355 87.53596847538041 707.6951247987929 669.6826697292925 301.19984165577614 126.63942094598137 649.5950113303176 664.3327605018221 301.9246622472974 154.79448973064186 620.8200820625589 679.0953829735801 285.0781812245227 57.2013977132493 754.0115714120085 662.1664203072382 294.70882822365553 170.02232459988556 605.3045891384799 717.1667065412278 249.9417656633028 146.9587777582731 623.868215014404 737.4707374416816 249.8195010543095 138.562128419173 649.2573734948108 775.4361245088924 212.81831840248466 107.3014198759925 690.2531071116415 758.762060230944 219.71428828681584 127.67694499559293 659.3301670166043 695.0572968977677 283.5297300023742 117.54736872085797 699.7431509872208 721.021417965382 268.3737781701921 127.53368304036373 690.9819981517144 728.7861288314082 234.1169383908057 135.366102045484 654.1723050955261 687.3038000980291 268.6194909255633 62.42745538494846 729.4454736515239 728.5956146590547 247.43739579944983 126.33807048504734 683.0668207988911 755.4938192293912 215.43031126782844 96.43795470575564 703.3453070363903 703.9660796859827 282.95929092329624 135.92289722261887 646.3838767772512 669.9542358006179 293.75870146197167 122.77318172687696 659.5117618584151 762.6107237267801 212.0794396236799 148.8168466760894 626.6279125509978 770.465492889149 211.18891752020994 122.25358408367319 690.6079926532271 681.9165223945175 298.11032691635705 95.31783227024226 691.7672231273425 706.9287083058626 274.6600236266745 49.55233141567314 744.6998044605373 773.3502331338037 202.5800588895692 164.7018808546082 611.4151652408913 737.2386480237325 243.48992391101444 143.99716055984882 651.0997593006759 757.0960141753674 226.97082292509322 141.13754760862267 634.5848872951434 686.0546120640978 289.79194774981335 61.47949581566088 736.8128813338818 672.8468337815159 284.2275462831463 133.53233470916197 674.4488204733779 746.2542119569216 238.6659260397778 96.16707273967207 714.9733307028848 722.8307577461297 242.18839197997443 112.22531133288703 688.970520086401 714.739860792563 274.5014352556193 145.4913014265624 642.7382259656374 675.9089554071123 297.76425612897384 107.46168368573969 679.8247929609781 758.8471701918957 234.72733275137313 102.33670971076232 693.6132808217304 705.316236264959 259.56383329492513 142.14197562145966 625.3255455053483 691.6269877101557 278.0461473963776 71.8462462939136 735.9635676807303 674.1168462772353 291.3112259717832 113.25116109930411 681.6654789636614 722.1926158685543 257.14931667477555 127.99331092856335 664.9846118040442 684.7768662870352 281.7586411424834 133.0685310685624 662.7013298642814 747.5429500093934 231.73808600341184 136.8740768387491 669.9013830863016 713.6723156356223 247.75340350463952 43.140243470685974 751.7204467835431 714.5942089645532 267.5341758237209 125.35997725415561 677.7944010237884 669.1385876582015 290.0642125935824 135.64913089790713 627.7480278725997 768.6390347901065 202.64700925508424 131.1398670768113 667.3588053504382 770.0004217018785 220.0171335191123 136.8945661114511 634.2362689539461 698.2587513492239 266.252688023592 146.45928549003062 616.1590127265016 753.4066883350042 239.1809030078092 112.57089606324105 695.1226831202904 699.7749515397383 277.1082172667966 87.69141301492762 691.5888954834744 740.9735026743983 222.37058209697784 70.19116028884814 724.7281978140751 639.572910476794 310.76196937128236 79.56279102324923 713.7108185745587 632.9816115849053 313.253877967417 70.25453421471481 713.9067572177529 651.6690927838905 303.8419967170681 100.13132414578382 706.0010750843651 686.9001277641963 285.2007425855342 73.64796325348706 731.2913905506854 704.5537143357632 253.24379248260755 112.32074980027114 673.7803919071014 743.4406364829899 245.72433789873423 152.7767244505801 614.9103569743954 692.684722545532 289.0882573868526 141.98895775715778 657.4130978683908 656.8143336377173 309.33397062313736 87.2601815603265 716.3002179158017 650.7153787857261 312.08630974794255 78.11579124031017 703.346391390189 663.0419699477292 308.8954580582533
310.00163596192135 8.538526667780278 10.26203190586602 4.269263333890065 5.692351111853408 5.692351111853606 7.115438889817092 5.131015952933118 5.692351111853458 4.269263333890159 0.0 10.262031905866223 5.6923511118533705 12.15886730483473 4.269263333890273 4.269263333890097 7.11543888981696 12.158867304834757 12.158867304834779 5.692351111853557 4.269263333890142 4.269263333890253 8.538526667780328 12.15886730483482 12.158867304834935 5.6923511118536805 5.131015952933213 5.692351111853433 4.269263333890143 7.11543888981692 4.269263333890228 5.692351111853477 5.131015952933165 4.269263333890104 0.0 4.2692633338902155 4.269263333890195 4.26926333389026 5.692351111853619 2.988484333723152 5.692351111853685 10.26203190586609 4.269263333890068 10.262031905866051 4.269263333890093 4.269263333890208 4.269263333890072 4.269263333890282 10.939342728987004 5.692351111853668 5.692351111853596 7.115438889816824 4.269263333890163 4.269263333890287 5.692351111853375 4.269263333890189 5.131015952933124 5.692351111853721 5.692351111853535 5.692351111853543 8.538526667780465 5.131015952933069 4.269263333890117 12.1588673048348 5.6923511118535615 5.131015952933131 0.0 12.158867304834759 5.692351111853548 5.131015952932988 5.692351111853724 4.269263333890225 5.131015952933207 12.158867304834727 5.692351111853527 5.692351111853433 5.692351111853586 4.269263333890159 5.692351111853359 5.692351111853505 10.262031905866298 4.269263333890206 0.0 4.269263333890029 7.115438889816964 5.692351111853671 5.692351111853553 7.115438889817093 5.692351111853586 4.269263333890023 8.538526667780193 4.269263333890219 12.158867304834734 5.69235111185363 4.269263333890196 4.269263333890158 12.158867304834734 12.158867304834834 5.692351111853484 5.692351111853509 4.2692633338901835 4.269263333890088 4.2692633338901524 0.0 5.692351111853524 11.384702223707027 12.158867304834603 5.692351111853673 10.262031905866404 5.692351111853628 4.269263333890212 0.0 5.692351111853508 4.269263333890198 10.262031905866293 8.538526667780248 5.692351111853554 4.26926333389003 10.262031905866124 12.158867304834637 4.269263333890269 4.269263333890148 0.0 4.269263333890168 7.115438889817033 7.115438889816987 5.692351111853403 4.269263333890114 5.131015952933029 5.692351111853394 5.69235111185365 7.115438889816955 5.131015952933042 12.158867304834924 4.269263333890071 7.115438889816953 12.15886730483473 5.692351111853557 7.115438889816791 5.692351111853578 8.53852666778049 83.70999518984104 729.8097189312729 697.8386812415011 268.57069879390036 126.24822379798026 660.030161402857 720.5192983661481 263.7527352046669 93.80708566755106 689.8603936631472 633.7388269864158 319.90977127414084 64.97115086360466 736.7954994170691 627.9839199060254 324.6543554069916 80.94014360962025 714.7825559868697 755.545191702273 234.0479621561753 122.0883316060554 697.487759058838 712.1155361719765 254.97224504898134 124.85081702585063 667.2624519886629 766.1754396115385 223.2815889226572 115.25753433089339 701.5684244405858 717.2279592328398 269.988965411168 143.60636592992512 630.9338301246441 684.3423818252596 299.23093371980116 62.152211628491116 747.5265125530603 648.5866788012579 308.41936346992685 70.54953108817077 732.8185542911024 686.1369326137932 266.55591307564566 100.612064130829 690.1230101777952 727.9706355937847 243.63964180726325 72.63566848426217 738.2071320915609 663.7824319088714 286.6502031836359 91.18829990752995 721.3559005970803 742.0041371658157 231.7084156292783 171.14797740492 606.5460000301427 707.1991626841686 265.66691337038685 93.86949582704568 698.540668104368 658.4554938699195 307.4937224347369 131.15603419991672 644.1011902639272 658.8840005737834 312.66213153843245 163.26258511416907 612.4057467373583 672.7687273318725 293.5289456781423 58.13369245223258 742.1878923732551 649.7300740493864 302.01351254713023 176.9082161987317 598.5935987718349 707.3588152278793 255.64524198687985 158.61978723356256 607.8346812364073 726.5435864883821 256.66142019613886 147.43377235102068 630.9694100976186 769.888306250357 211.49503083835472 113.4291637014846 683.0139117106509 752.4048822676746 225.64727123695565 135.63207483082778 651.5458462789112 685.1827367483902 293.39900908545087 125.83351502037961 688.1054659149644 710.0358318998552 275.0650372220756 137.78307135110765 676.8817322365272 723.3457455459381 237.54513351894826 142.90115207893004 645.0108190122244 683.3003366852491 273.6451022992423 76.63759118419699 724.0349866930557 718.2521044599379 253.71175471592264 135.35997104858527 674.1086529505659 746.5919661392863 222.11435734917075 103.1272120463414 695.550098976134 694.0586403336557 288.4076043741827 135.4341933692724 635.7584339905694 657.5140247033503 301.0657826453445 127.89692234444267 651.4431311012921 755.3220874927741 220.49241141394788 156.5637817666197 615.9472608145383 765.7139505688169 218.8455494479375 134.1351640984747 681.9891519701509 678.0004792840682 304.5058632308015 105.67565724463009 677.7492786347437 693.4678378547516 283.28753429561704 59.32521815816195 735.3957003467723 766.1658027307678 207.63130787986307 177.52689756541918 603.6295303582122 727.4955575712266 249.26934751372136 148.4368807950815 636.3374729626082 748.1952469087336 233.65666028180843 154.40290254483668 623.9932315302491 672.7766623837 301.0166887504485 66.26454285602878 724.1757053187038 664.6982510841779 294.19930071816884 140.19120500263867 664.5600294215967 739.4144633368587 249.88340497792967 102.23741323665772 709.764139711291 716.2034962704731 246.67026437054594 127.04481432719147 678.7242395832806 700.7195836373589 283.719205401458 155.59598974411458 628.5338927302749 670.1625228796677 305.6767812785975 111.12835077842699 673.6168986959145 753.4171852723053 238.17551261603128 105.64580567678179 686.0477036911512 691.6960848716261 276.38552891317505 149.48991539118808 620.1025541244811 680.5779849808278 279.74798573514335 79.43035392530653 736.3097315072296 664.8958301458377 303.6902202212215 119.05201840695179 671.0539347753955 712.825058808948 265.6533995238446 136.4616080560882 656.6053821604527 671.2980173481673 285.4350980991311 142.1264012234142 651.7223382600525 736.6787393502855 238.6243609932683 144.75077099654936 664.104455801421 702.3635196796025 261.2009792375719 54.4383467779075 753.2461119744055 701.4249722048762 276.52802040214306 133.04314279518942 666.6980175688309 662.4594151677869 300.1989520050976 145.070580798424 617.0709557324002 762.36786690199 213.32126152630582 143.04581390347823 656.6923032337448 759.1320706798283 226.9086899415608 140.65329719283469 624.0288030803596 690.8440788689959 280.58348150574534 153.3057503788871 611.5487668048786 743.4602028586842 243.58377725351679 113.31372143922502 690.5796583908543 688.229928747131 285.5475244386001 98.3435928964683 680.9529186390886 735.3065391114402 232.5205149288245 72.86592112733388 714.4681804994746 633.2016627105558 313.02948156589275 83.09833105575493 704.2130051361911 626.2842020847005 321.0100903143915 77.374186125281 707.5337148659935 640.0091306865259 312.0858066236993 108.75037369257336 705.059401106203 678.4687497562386 292.373725264474 83.90929610730095 721.3592233813753 693.7815067065288 266.07060809744837 120.02459953152987 662.7039876056012 730.3701227225007 251.375491428666 161.17718919915947 599.2444312507433 679.1156988390883 297.5220735122602 148.27423053599293 644.1592477490938 645.603987622508 315.64916808549077 89.75111207220976 707.9907021531327 642.3975883384664 320.6337762321623 87.66414046996192 695.9300038622921 651.0469178595299 314.28673803154635
320.00163596192135 4.269263333890168 4.269263333890222 5.692351111853691 4.269263333890072 5.692351111853488 9.546363028425958 12.158867304834793 5.6923511118537 12.158867304834912 12.158867304834807 8.538526667780387 5.692351111853366 4.26926333389015 7.1154388898171055 8.538526667780362 10.262031905866095 5.692351111853701 6.300504167041867 10.262031905866172 10.262031905866198 7.115438889816824 4.269263333890205 5.692351111853517 10.262031905865992 12.158867304834777 12.158867304834628 4.269263333890233 17.077053335560667 5.131015952933037 10.26203190586613 5.692351111853548 9.399858230944938 12.158867304834912 5.692351111853548 0.0 5.69235111185346 5.692351111853593 5.692351111853555 2.988484333723191 4.269263333890067 5.131015952932941 4.26926333389009 12.158867304834821 4.26926333389024 12.1588673048347 4.269263333890204 5.692351111853424 10.26203190586627 12.15886730483473 5.692351111853655 5.692351111853656 5.692351111853482 4.269263333890096 0.0 17.077053335560738 5.692351111853578 0.0 8.538526667780465 5.6923511118534496 5.6923511118534345 5.6923511118535846 8.53852666778039 5.692351111853525 10.262031905866243 5.692351111853649 5.692351111853486 10.262031905866175 12.158867304834732 5.692351111853678 12.158867304834802 4.269263333890055 0.0 2.8461755559266635 4.269263333890066 7.115438889817007 8.538526667780186 5.692351111853548 4.2692633338901205 7.11543888981696 5.692351111853494 5.692351111853471 0.7656877093964858 4.269263333890208 7.115438889817053 4.269263333890209 7.960531607700421 12.158867304834619 5.692351111853623 8.538526667780284 5.692351111853662 12.158867304834676 4.269263333890226 12.158867304834585 10.262031905866154 12.158867304834873 12.158867304834892 4.26926333389006 4.269263333890142 5.692351111853686 0.0 12.15886730483481 4.269263333890179 12.158867304834798 0.0 8.53852666778021 5.692351111853641 10.262031905866182 5.692351111853558 5.692351111853646 5.6923511118535846 9.825250346321715 0.0 7.115438889816981 5.692351111853453 7.115438889816981 8.538526667780472 5.692351111853577 4.269263333890068 5.6923511118535775 10.262031905866277 5.692351111853419 9.000397377424544 4.269263333890156 7.1154388898169865 10.262031905866175 5.69235111185356 5.692351111853607 4.269263333890142 5.692351111853542 5.692351111853548 4.269263333890231 12.15886730483483 5.692351111853505 5.131015952932982 8.53852666778025 5.692351111853538 5.692351111853666 8.538526667780243 7.115438889816918 8.538526667780507 86.47988876918528 717.5669233209311 692.2338982148087 276.56089024447544 134.2030099128138 652.2445354487634 712.6362758470175 273.93343406061587 101.63255849514208 686.1202150890657 626.3639521056597 325.8677914692801 72.99281666726472 731.2072498878251 617.917099445378 335.7548994222316 86.48265938212579 702.8621139439197 748.6839781378936 245.25806112515858 124.65345955021338 685.1998256300645 705.2291044719293 257.923899668211 135.97337453850736 663.1234519085943 761.2631555325337 231.92510780967027 119.66095555266627 690.8158734893348 712.0639867717427 280.88297756679435 147.9303113117584 620.1527729160211 670.5305423534505 308.5967337566866 70.1901005296458 741.9496726030272 636.6357222003209 313.87273978734135 76.54547787592067 722.3195557039634 681.6848072867059 273.5140236336177 108.6594755102097 682.4216312973723 720.5811153249151 251.95717585605055 80.0514422643501 727.8843426718064 655.0223220980008 297.1163691894144 95.58876145807994 712.6044699837742 731.9001375801332 239.40875197420607 174.9683614142244 595.1467887845879 699.8314576859807 275.25839662119 103.61590702665461 694.3799325450238 642.3268919411746 315.14379926360994 139.10759658123834 636.3072488491541 646.7594672803808 316.6855816939946 169.86532471065473 606.6086836433044 662.6118640121516 297.4158442608968 64.75451186124332 736.4254202380548 639.3024554998198 309.26149555183684 182.0906099788538 589.5746547523247 697.8830770823084 264.0463558389771 169.7646452772175 598.6354694718852 717.9321972461584 265.9982127865986 156.47281748378919 612.7250669206176 767.3346328090587 220.35356823234176 121.43126818197885 675.2757680567405 739.2105353138501 234.65622667119624 145.67610858127384 639.3391411297622 677.2118088467043 304.7924910614096 132.01140933545236 678.8436772604556 702.4591260120471 283.232008952718 143.012689907297 666.8458793006849 721.4654761178591 247.22039993571036 147.69069181660973 633.5957002709803 676.0783149305063 279.79712292143455 84.0213823382116 713.6801222712412 705.2800798935117 265.27986239373 143.60787274717742 660.4120707810464 736.5190532012382 229.84807580071933 111.04884017683776 689.8310503499567 691.5551757967992 295.21363056353164 144.3095559841756 628.7263417394347 647.2376514430626 309.71916509134195 134.84215382084992 644.8721929953384 745.4813216340793 229.63375074427933 163.92175223048616 605.5733134268288 752.7528257804839 229.28495835574705 139.79054868527234 673.320503680651 663.3157715430282 315.29499833570674 115.20315134268272 668.207510071515 682.7368837659449 287.7611947444677 63.636348997122184 728.6641436305545 763.6103341714349 216.48998159862984 179.32623518371625 594.5567887334583 713.3930003764261 257.244059729974 154.68901453738033 625.0717485195045 738.9204443858503 242.2474356121833 163.57918320938205 613.0807177985546 660.4885989676553 303.597101986513 73.52820065324588 715.807431404652 655.3335349984342 305.16919789022563 149.8320414852114 650.9912581849708 725.9276820517587 254.17884409578028 102.60571357192278 703.8404737809227 713.0887008800851 252.66890792743777 133.10340517378052 671.4254953136531 693.0051829429798 291.2094987759765 158.07451589037396 617.1486328772694 660.004620365798 309.56406417970345 120.03267204289486 666.6355406137266 741.016252518643 248.04594752956996 117.21975281791407 674.0895236693218 684.7668167461711 279.2204199957308 154.43431502586859 608.7391895780747 676.0764781486838 286.6707977299746 83.39118964556141 720.8926772422689 652.0310227765749 312.9597371237168 126.93394726518795 665.2761938003227 706.2788869214811 272.5549694665025 144.5019036537152 646.8378689906899 668.2404298033454 281.80837180971434 150.66387151415603 641.3469512558735 729.6986998073155 245.0323046198347 156.30809763534285 650.0665771857382 696.8119762669739 269.23754803815694 64.56952290757437 745.301155044059 691.8415231517503 284.80187717927566 140.26751522455646 654.2122449043554 650.5068720339933 308.7072346701839 156.427284296874 601.7976313008033 760.8502566984027 224.4541985361909 150.2939857718538 644.3118410515497 752.0616640767324 236.7210563501742 148.84257208300983 612.3281129237264 673.6610211642802 292.1033386102005 164.53106872548219 600.3298906978033 732.1179232627918 247.57063897400104 117.2695203392076 687.7074692463933 680.2858629742811 296.9605757050038 110.10667665243221 674.3307909561596 728.6907082280941 237.00508168748448 78.9310577955435 709.2557913818189 625.3761529033769 319.6820492989368 91.07426595346166 698.5348572246113 618.7761383724484 330.4939004294308 83.67694141839364 698.3621532318891 631.7300384897378 320.66181790988867 111.13850425491343 696.723036152221 671.2126826241807 298.4842822365688 87.54496906098841 709.8730285642622 689.4178917856723 268.27838273102685 126.89120367979149 658.1212083866412 720.0041860017559 262.33455518214043 169.27582612756996 593.7170077222916 668.2299298290301 306.68661766736574 152.6721475330456 631.3683181269279 634.1451878515843 325.36243403192503 91.9278852679642 703.6144869976222 630.3515848988942 330.85959829709407 95.6180345467199 690.2397805869927 639.8654717628342 320.6429230104419
330.00163596192135 4.269263333890292 12.158867304834757 5.692351111853508 5.692351111853474 12.158867304834855 8.5385266677802 4.2692633338900485 12.15886730483487 4.269263333890228 12.158867304834763 7.115438889816923 12.158867304834867 5.692351111853521 5.692351111853542 5.692351111853428 8.538526667780333 4.269263333890069 5.692351111853419 12.158867304834947 5.692351111853711 8.538526667780252 8.538526667780348 5.692351111853594 5.692351111853651 10.262031905866182 7.115438889816971 4.269263333890232 5.692351111853671 5.692351111853524 4.269263333890021 4.269263333890095 4.2692633338900015 4.269263333890276 7.1154388898169705 7.115438889816891 4.269263333890157 17.077053335560553 0.0 3.9846457782973586 7.115438889816935 5.692351111853668 5.692351111853486 5.13101595293302 4.269263333890104 5.692351111853553 4.269263333890128 4.269263333890131 5.692351111853472 8.538526667780193 5.6923511118534105 7.115438889816781 12.158867304834715 5.69235111185342 10.262031905866115 9.546363028425892 4.2692633338900885 10.26203190586639 12.158867304834605 5.692351111853524 7.115438889817006 4.269263333890159 4.269263333890248 4.269263333890235 5.6923511118536165 10.26203190586611 10.262031905866094 7.1154388898167795 12.158867304834683 7.115438889816965 4.269263333890302 4.269263333890069 5.692351111853546 12.158867304834823 5.692351111853458 5.692351111853372 0.0 7.115438889816958 5.692351111853575 8.538526667780365 4.269263333890115 10.26203190586609 5.69235111185351 5.692351111853458 5.692351111853556 12.158867304834716 4.269263333890039 10.262031905866145 10.262031905866323 4.2692633338901445 7.1154388898169785 5.692351111853649 5.692351111853437 5.692351111853575 10.262031905866106 10.262031905866186 10.262031905866223 4.269263333890231 5.692351111853612 5.6923511118535 7.1154388898170575 12.15886730483471 10.26203190586624 10.262031905866218 5.692351111853649 8.538526667780353 5.692351111853649 12.158867304834672 12.158867304834603 7.115438889816904 5.692351111853658 12.158867304834853 5.692351111853468 8.538526667780411 12.158867304834793 0.0 5.13101595293303 5.692351111853442 4.269263333890105 5.692351111853406 5.692351111853545 4.269263333890222 0.0 10.262031905866344 12.158867304834915 12.15886730483483 5.692351111853606 5.6923511118535 4.269263333890194 5.692351111853714 4.269263333890193 10.262031905866241 5.692351111853548 7.115438889816869 5.131015952933165 5.692351111853582 5.692351111853524 5.692351111853615 0.0 4.2692633338902315 5.131015952933086 94.18015351460173 708.5544114436061 680.1922914090653 286.79890646631696 144.00404602149985 645.9788193760118 702.4847399879573 282.7317489934428 106.8253976419288 668.8192560369805 618.7977692160434 335.8398775382342 79.33253223486557 722.0558374708945 605.6429584640252 348.5301405334004 90.92308727255208 692.1361295339121 736.2839809004009 246.9371951920649 133.54962710870987 678.2008555029961 693.7039417470871 266.3596557306457 147.77942362801326 654.4158654110547 750.3534908012116 238.76256909383574 127.56138219139308 685.0423512736912 699.7391476229532 288.37792476971475 154.06873946463733 612.9685720208487 658.5657190439617 314.02804568929145 71.45200930047696 724.2024172381956 619.668740581378 321.95144015127426 80.93376727923071 713.5771032427681 673.082665748941 279.262862174244 114.63278110437118 677.1095317561002 709.9382251085011 261.39512880297224 87.14503320449464 721.4673449073199 650.1872908810758 301.19204868402835 101.33586671987791 703.9988623800856 725.2940060883823 248.58671993546676 185.35240343030716 582.1301514959479 688.256557436307 283.6094941464655 107.57730182420386 691.5044547830867 631.7337874660832 320.97677173477695 143.36500066126433 627.4980152968603 637.5359250930385 322.9139395728803 171.9944663003073 598.9382663356746 657.3291385930769 303.4178442703019 74.10924660072197 718.378192345219 625.3676793725928 314.8033654956128 189.95039735143902 572.9207656492473 689.7450675442877 267.9352831793483 180.0459470462089 590.8718450235822 708.8263541489221 272.39982217213804 160.85276149571112 603.951363291725 758.875270163787 229.81646960806944 133.65950386370068 667.9518649203086 729.7966061431993 238.43755492729022 152.87268962688748 628.8811459841644 665.8838999984728 315.8872779547665 138.15330426741514 669.5603526709291 693.2674942887796 289.525391447098 153.93660511231082 651.768774068244 708.0627027618851 255.9701005985008 147.96025325196302 620.3828961876794 668.8722949387816 292.0950222505616 86.45276633347004 705.3599397222014 692.1966122910981 271.89611407987695 150.44180271232054 646.5614970775142 720.5143090131006 242.82506368939386 121.07807750950059 679.6685633655192 679.0388466611813 307.3455473976718 144.2145995827043 614.1155480693767 633.3628046316351 312.12512667957344 140.89394635638138 637.571483847231 736.882794725862 234.29620826853605 168.84371603197442 592.9991993250799 742.5616425676052 232.21794249444315 146.61736452686992 659.4729379259435 655.6195964001295 323.3360461193433 128.6242603222021 655.7165244022453 676.6980079467376 292.8652303868403 68.88910716811944 721.7066031513789 755.1353278097076 225.9540600267886 192.43659826198277 578.6776843782728 700.3246475432798 268.6982366686971 164.59892576248023 611.7195030871015 733.8078148646945 243.68182136684774 173.223661127113 605.754785883927 648.2399277836915 312.37337197217784 78.68472419331398 709.8086368736487 642.4469268063368 308.28339780860887 156.40028557020767 643.0739106002866 714.9128602323823 265.57269010099526 104.87086623755603 697.4749933990518 701.2134542759545 263.0980699324828 140.15328660556577 662.8932911760674 686.2551777428932 301.5988766702015 168.46142831103094 605.2466511170323 652.1486943965169 316.1890660235772 131.84139870623096 657.9341726544895 731.595701086348 251.7972776573754 124.37789289456425 663.594688305717 673.4181012865018 284.1724414596918 163.80431561664696 598.0718197036375 670.8326788214483 298.8492600468916 87.76811671505487 712.1384181681742 640.1925685380571 313.63795644992405 139.95208151661606 656.8325740483941 697.9090353227651 279.7880737918083 149.84813981554305 634.8370854972682 665.886833443357 287.6033947002623 159.6021767601956 625.1460734306281 716.538885053112 255.24802037150013 166.108006644905 634.620500732176 687.382245680643 278.89208134473006 72.1172208267282 733.0071650518904 685.7065588247625 294.68173127263015 152.37611305153888 639.5949465288203 636.2939937122333 317.66500409936197 170.30072212705488 589.816034332986 750.7511295430727 232.16684438248697 160.54197614398456 635.5068475025543 744.7111844323684 245.0688252960719 155.9192823570236 605.9578679258576 661.7346628476063 303.7123889005413 175.82795576242242 591.3674512324822 720.3543115649989 258.1369110114329 124.25244192656245 671.9067090608739 673.4774163715736 301.1501499040939 117.89714096266344 670.5267949941867 720.2064794990094 247.66185021630423 86.63118441133895 700.2330006212967 614.6095863653409 324.046454834451 100.46468055381415 683.7161194693851 613.4201745685485 344.003807559394 93.99696334003465 684.3288220828599 620.5092502183957 326.95939756633163 115.30558955709829 689.8973023109186 667.908784352565 310.305905442265 94.46473679005686 701.7530934984766 680.233389564924 274.56554349357674 134.75976100503306 652.3159557125405 706.7651589661406 267.6529922445012 177.49174685551236 583.0032349083255 654.1316582280234 310.8129518370635 159.1816767909587 618.2119947699592 624.5546166195605 334.95008300368744 100.20622879162204 691.9871937215238 622.2775062801044 342.1995822696464 104.87772344836763 677.3703991355828 630.4838913275777 331.6305528387416
340.00163596192135 5.692351111853659 4.269263333890081 10.262031905866184 5.131015952933008 7.1154388898169625 12.15886730483473 5.692351111853606 12.158867304834665 4.2692633338900725 5.692351111853545 5.692351111853466 0.0 12.158867304834706 0.0 8.538526667780237 10.2620319058662 5.131015952933151 7.115438889817063 12.158867304834695 10.262031905866147 5.692351111853524 7.115438889816923 12.15886730483481 4.2692633338900725 5.692351111853439 5.692351111853497 12.158867304834766 10.262031905866351 4.269263333890126 5.692351111853508 5.692351111853611 12.15886730483457 4.2692633338902635 5.692351111853609 5.692351111853447 4.269263333890206 5.692351111853426 12.158867304834656 7.11543888981694 5.692351111853655 7.115438889816814 8.538526667780326 10.262031905866186 5.692351111853568 12.158867304834734 5.692351111853516 5.13101595293312 5.69235111185362 5.692351111853582 5.692351111853369 5.692351111853428 4.269263333890263 6.037650108129676 5.692351111853466 4.269263333890032 5.692351111853528 5.692351111853699 0.0 4.269263333890086 7.115438889817042 4.269263333890169 12.15886730483472 5.692351111853436 10.262031905866204 0.0 7.115438889816916 12.158867304834715 8.538526667780403 8.538526667780323 4.269263333890265 11.384702223707162 11.38470222370716 2.988484333723081 5.692351111853529 4.269263333890051 12.158867304834798 12.158867304834676 5.692351111853395 0.0 5.69235111185363 8.53852666778019 12.158867304834779 5.692351111853543 4.2692633338901205 12.158867304834795 4.26926333389017 4.2692633338901205 5.131015952933309 12.158867304834882 4.2692633338901125 4.2692633338902475 12.158867304834812 5.692351111853428 4.2692633338900725 4.2692633338902475 12.15886730483457 12.158867304834812 4.269263333890202 4.269263333890196 5.692351111853647 7.11543888981705 5.692351111853516 12.15886730483484 4.269263333890043 4.269263333890234 5.692351111853601 8.538526667780266 4.269263333890097 8.538526667780252 5.692351111853652 4.269263333890009 7.1154388898170335 11.590398627516775 4.2692633338901125 4.2692633338900565 0.0 12.158867304834839 5.6923511118535695 5.692351111853636 4.269263333890119 4.269263333890196 7.115438889817026 5.692351111853547 0.0 4.269263333890176 12.158867304834587 5.692351111853487 4.269263333890304 4.269263333890287 12.158867304834862 5.692351111853707 5.692351111853638 7.115438889816962 10.26203190586613 4.269263333890144 12.158867304834665 4.26926333389004 8.538526667780335 7.115438889816955 7.115438889816832 105.56315961808583 700.5792677282308 673.3878760153553 290.99583954058016 155.65050950096085 641.3372648310561 693.8963155997874 288.50318518474506 118.76726707279663 667.431249518087 602.7607009928963 341.0941756019165 90.75638320190455 714.1428476612103 593.0824638482515 355.180099531494 98.7311722471378 688.3643277448602 724.5109812881127 257.4683540673723 134.02680295966232 668.330773070964 684.0032515887416 268.40764920178407 161.04309998018422 645.9631687051047 741.3634310172544 245.32543608773847 128.04380225804348 675.1711460963413 689.9336930592841 295.1541023569186 158.40686096325084 600.9523706413415 647.0675547315678 323.68304303884895 84.298146105237 716.4791952106747 609.8796628232716 329.94831909352905 90.29393646333125 708.0495162826886 662.9741883705761 289.3496941239862 126.6525900081713 664.48057243973 698.3978032608583 269.82217925752155 96.35905230471892 710.6280933535198 641.42271786589 311.65602131462384 113.09967439471804 697.3617068840889 712.3063215496843 255.32999235649615 192.67311334897394 575.9806413294253 680.1392653033934 293.59361978363125 113.85294250570516 680.2686186700575 617.5518790249972 331.13667007235625 149.24908592178517 624.2371518416551 631.5895111044935 329.3691731556108 178.43855260244288 586.6574493579444 650.6738215733455 309.01981398445815 83.49202196831305 712.8697282463668 618.3390843617185 323.65818020262276 197.24843983850818 567.3976032824517 678.9094825162817 277.1686144171166 191.63528368865255 580.0896592863231 697.2712023398576 280.77687778725203 169.6906162341076 595.9384519352147 751.4449589549855 233.39690874156997 138.26929331723224 659.1756982206214 719.9876239715339 248.80205740859085 157.9184811315577 617.5769587013804 656.9692789823323 324.93759998862777 145.72311539501243 660.437253978444 683.1737760935182 299.629218554197 164.91385174337756 642.4146323282196 700.8957491415352 262.1900230821257 161.67459465356242 611.8980560300976 659.9644913015741 301.153947420782 91.43780924788784 701.2897917289856 686.9433509593242 277.93239297285487 159.47927281644408 637.6492326214541 715.0150603030633 250.88112456135866 120.36015613913881 674.9614111948862 669.3651557679981 315.49854920985234 154.7750076128333 612.8435505083897 626.2103455425836 319.5957815138214 146.78008521875523 634.2704535730238 728.6511181913389 241.72408131985858 176.99369372053684 580.6087202255048 733.1411688874153 235.95707391453044 156.14150402911017 649.9212293273233 640.1501310529026 327.00902054488506 137.21120835699475 645.3822548864839 667.4728737258677 299.0938373379111 70.15868115718953 716.5660334907487 747.4726538271816 228.1250436338229 202.94096218042566 568.5798657416801 694.2375147689935 278.60566759722826 173.3866333196967 603.6713908408694 725.3589719813978 249.63921859037083 184.05027385683073 592.1008446611779 636.570121849609 320.5987031790405 80.97439869472434 703.4504899213892 634.5514431691056 314.8871530907961 167.7898135045809 635.1188956795213 706.9620548909805 270.89732128528556 110.0474839438806 689.4364718044862 692.7326668848649 264.15405166563625 149.24810943350533 651.9576884535924 679.447367781244 305.79183824808933 176.26653023092356 593.1149012074994 642.1520941130829 321.47526658676946 142.6653930642649 650.4787150063777 717.230105807616 258.21458561555045 134.37000634563145 653.3956331503585 662.0996504193674 295.2765166214709 171.96990935168225 587.3302574203923 658.739153354159 309.0370400956161 97.7476147910161 704.0121459919139 628.4982584276152 321.824120843179 147.74964392640018 643.7882082987611 688.7138508562771 286.0649094934618 153.42874444796126 630.6148023583091 659.1104307780909 297.9663454288245 164.86625662666907 611.9280410472272 705.8282428647816 264.61215274260735 170.5201976780594 625.8805458531783 679.2154306435563 282.708337725373 78.42704716462283 723.8410693398838 675.8798584223298 301.4270525799335 160.8077900121351 618.6991443028804 625.4982240290518 328.1808413065593 182.26879499794987 575.0551576659286 744.5349058860736 239.4237717297858 163.73922921617023 629.9362823047815 732.1554112062196 250.00141875201697 166.70771005029346 595.6474930700977 653.1396996963056 315.5947789309433 183.3317911149657 583.2299908974026 714.3758291385923 268.1040405683117 132.4213226398248 660.1946087363887 669.1199239344888 307.77249234105375 124.64683658729305 658.664599995762 708.1655999299331 256.7169438106291 91.73527546070439 694.1768423550893 605.0616324337808 334.8241446369195 110.48746389692133 673.5393109226735 600.5577349100381 348.12640094287315 101.49784941219633 677.2082060578974 610.9633008421247 337.76556761213254 120.45861569042553 681.8449857251053 659.6000127076036 318.85189537745015 102.49302477451597 694.0448249897951 670.1393415851728 284.6624123034823 142.85204923413627 643.9250565973218 701.9049977907807 276.539562702601 188.36753574949904 574.7558339150509 646.8604134264324 316.9137420251175 165.94064166008283 605.1983653964122 615.6921645737872 339.0854535207395 104.3712166462732 685.1652287877433 610.4397416523167 342.58718455452737 111.14259353841982 666.1232106674697 623.0100294569252 336.20776935122126
350.00163596192135 12.158867304834903 5.692351111853649 5.692351111853631 12.15886730483489 9.000397377424404 10.26203190586626 4.2692633338902395 5.6923511118536645 7.115438889816792 4.269263333890175 4.269263333890195 5.692351111853676 5.1310159529332795 5.692351111853533 4.269263333890149 7.115438889817121 7.115438889816957 10.262031905866122 5.692351111853417 8.538526667780278 5.69235111185363 4.269263333890192 5.692351111853649 5.692351111853476 5.692351111853521 5.692351111853517 0.0 5.692351111853513 4.269263333890187 4.2692633338901915 12.158867304834871 4.269263333890006 5.692351111853674 12.158867304834942 4.26926333389025 12.158867304834834 4.269263333890274 4.269263333890245 0.0 5.692351111853539 12.158867304834764 8.53852666778021 4.2692633338901205 5.692351111853581 5.692351111853704 4.269263333890048 4.2692633338900565 7.115438889817062 5.69235111185364 5.692351111853643 0.0 5.692351111853562 12.158867304834649 4.269263333890168 4.269263333890069 4.269263333890183 12.15886730483461 5.69235111185341 4.269263333890157 7.11543888981676 0.0 5.6923511118533865 4.269263333890132 5.131015952933112 4.269263333890066 5.692351111853492 5.692351111853542 5.6923511118534345 12.158867304834818 5.692351111853483 8.538526667780333 11.384702223707214 10.262031905866246 5.692351111853419 12.158867304834752 4.269263333890313 8.538526667780262 5.692351111853568 5.131015952933159 5.692351111853445 0.0 5.69235111185348 5.692351111853677 4.2692633338901125 4.269263333890132 7.115438889816895 8.538526667780387 12.158867304834938 0.0 4.269263333890196 7.115438889816936 8.538526667780353 5.692351111853651 5.692351111853532 4.269263333890245 5.692351111853695 5.69235111185366 4.26926333389006 12.15886730483486 4.269263333890097 12.158867304834667 5.692351111853574 7.1154388898169705 4.26926333389021 5.692351111853537 5.692351111853458 12.158867304834867 4.2692633338900645 10.262031905866184 8.538526667780264 5.692351111853681 4.269263333890264 10.262031905866188 7.115438889816939 10.262031905866396 5.692351111853477 4.269263333890216 12.15886730483461 4.269263333890314 7.115438889816859 8.538526667780225 5.69235111185369 7.115438889816951 0.0 12.158867304834722 5.692351111853681 7.115438889816769 4.269263333890146 5.131015952933101 7.115438889816876 5.692351111853517 10.262031905866278 10.262031905866378 0.0 12.158867304834825 4.269263333890184 5.131015952933112 7.115438889817097 8.538526667780394 7.115438889816906 109.51810115378485 688.4383018574456 667.6250700855725 292.74680078011784 160.42304836949967 633.9661783501341 686.7007431066588 300.8034596165363 126.75934204891662 659.6768359011004 590.837742620326 351.49241440163354 92.7980891396312 711.728511302259 585.5085504439404 362.82673696393294 105.31102915763833 680.4665255488723 719.517064649005 264.9724320922079 143.850552087721 662.1097372549408 679.8374779596907 278.1588997724503 167.10632845268606 633.441767457796 727.164449546093 248.41494678583217 130.26386116114801 668.7845136941726 679.2220887500974 305.7444731371299 166.01772678812102 596.1187816938077 635.1652965934863 330.4212483203218 87.69747925916423 706.9345431967172 598.482460560367 335.89149389685343 95.38318574689401 701.9947994082391 658.6105458555996 297.67239303747107 134.2436484047593 655.3700158614638 692.7135670219835 277.78656227274337 102.96414222674335 702.7586785075372 635.3327046274593 316.69222231448276 115.93442426184355 688.4027970183415 702.4932168843997 266.95482028879115 200.07688495673133 564.5153332839536 676.8333810489606 299.4832126449567 118.49976172401516 672.82309395845 605.4496223192225 336.2086775463172 159.2334095119275 618.2793078285938 621.4716509546247 334.48746328745943 187.15294651006346 580.7226970862484 642.1623872405204 316.10035772275046 88.02037524515605 700.1378005853106 606.9170998955269 328.2872759093096 204.77794233217932 559.2848103461936 671.2195748143739 285.21927903526444 199.36716005438063 570.0084453219205 692.0699203206551 292.97663970911515 177.85451110273613 590.5492486531932 738.0875849427157 242.19865473926583 148.11518178777456 652.9724843753155 713.6673725867159 251.18216043882552 163.6139756893314 607.8012266307686 640.2681904965406 329.56114036113297 156.0866266812462 653.6524272663623 674.2627794705708 308.68457113887206 172.01144817013687 635.9885112865609 696.4308385461667 269.13091288717607 168.567300912681 598.9698605540818 652.8536203415406 308.65819902502847 100.17037304871374 689.0127445631642 679.0967375238625 284.57540628820976 168.9455896786616 624.9603586706725 701.5111622557806 259.4569711269766 125.91562292756606 668.2752882125264 657.0685889971584 318.0588723174875 155.45539316637294 604.965133569798 613.7220257135274 329.32345350956365 151.04555150104642 627.5171007347773 720.547413436973 250.46021034602052 183.23113990120567 575.6114007930615 729.9956339661653 241.93049235468155 165.64404356695945 642.440478484799 628.8609575497301 333.1796782326072 148.7278829727826 635.4761617943255 660.2073618682045 305.19536762956545 77.19398637955746 710.0994778761628 738.0543909391077 236.57772345911343 210.1712043178792 561.2679672174552 687.0069735393322 284.7469973858268 180.86585669808608 595.5183570710074 717.0401305532656 256.93241276195124 191.01834525782382 584.5500147838878 627.90621353863 320.0311076745125 90.63359073684762 691.951813037787 621.5607583770399 324.0128884488372 176.26854073482508 623.684504028367 702.8362300884553 280.67510472022707 117.1264622773742 680.9281728875059 688.6893885451855 269.15573485640977 151.41893375449195 647.5503865726402 667.4739376729475 311.21090639920754 184.44011320116607 587.7351581289038 626.5085309250858 328.0005528816886 147.6444401585792 646.4099360353392 711.1955608951027 268.1583634600724 141.20070144810794 641.5949389916863 651.045036552372 303.00398501995716 179.27311554712642 581.1655256378382 647.0604676915171 317.24562243708425 103.833748293017 696.735143455311 621.2927641383287 329.6738398913564 160.61206844791855 628.7775881984611 684.9739759831181 293.8884686871761 163.70309445435646 620.681064872306 645.1724032743355 309.632489999413 172.1129786692059 605.6889026771486 699.7442302290866 274.51252470465107 172.02484642625453 613.4707596920226 676.5543563012297 294.264550380899 87.62111955700962 712.9812003999205 667.6958633490688 305.2112765348376 180.17225105433553 604.1818368856428 613.4063741056375 333.33806426415117 191.53436580783554 568.5467595479124 737.4564434399808 245.74574867176918 167.4579648273771 613.190696208877 727.0033484972665 256.12799540888955 172.72904385980016 592.5961399365418 641.445997221892 323.7677188216721 193.25961143708173 576.0022024918547 707.1867426106995 274.2953302377788 138.7218386013995 648.96404730959 659.1128957640259 313.0638699146722 131.73810178360267 650.1631457915764 695.6589881971532 262.80556723838345 96.30103204215737 688.7149680861229 597.2817481593975 346.7770657310124 115.13317056276904 666.0943389975257 593.7759699649923 357.6071784438121 109.3868279418688 671.4294927145544 602.4042432358777 347.3943140510963 125.5121330118073 675.7644392252015 648.6717783205967 321.785363127223 107.2530141451249 684.6315448393063 662.4357094559289 292.70123259919967 153.76164871724367 636.6196326158375 699.2912255810561 288.10975541365775 192.95589838157352 562.8352886271438 636.2081362698297 322.6425673151689 175.3444429620297 596.663049613607 608.2337827560177 344.9095847321138 110.43923508516359 677.8718353020134 599.2305621253452 352.6534040452915 119.44025918758776 661.7043972435841 612.8483098913861 341.22482062112994
360.00163596192135 4.269263333890236 5.6923511118535846 5.692351111853429 5.692351111853451 5.692351111853649 8.53852666778032 4.269263333890161 3.9846457782975864 5.69235111185354 5.692351111853425 4.269263333890217 5.692351111853495 7.115438889816872 5.692351111853596 4.269263333890012 5.131015952933047 10.262031905866266 5.692351111853558 4.26926333389028 5.692351111853682 5.692351111853651 4.269263333890208 5.69235111185357 5.692351111853481 8.538526667780339 7.115438889817081 5.131015952933128 4.269263333890094 5.692351111853675 4.26926333389004 5.692351111853633 5.131015952933245 5.692351111853499 4.269263333890137 4.26926333389009 4.269263333890244 4.269263333890106 7.115438889816884 7.115438889816968 10.262031905866383 10.262031905866138 5.692351111853604 10.262031905866149 11.384702223707023 0.0 7.115438889816883 12.158867304834757 12.15886730483488 4.269263333890091 7.11543888981711 7.115438889817088 4.269263333890099 5.692351111853442 4.269263333890222 5.692351111853458 5.692351111853463 7.11543888981707 4.269263333890157 4.269263333890114 12.158867304834692 5.692351111853434 8.5385266677804 5.692351111853526 4.269263333890115 10.262031905866362 4.269263333890118 7.115438889817112 0.0 4.269263333890046 4.269263333890072 4.269263333890041 4.269263333890026 12.158867304834823 0.0 8.538526667780268 12.15886730483466 7.115438889816792 4.269263333890267 8.538526667780326 5.131015952933036 7.115438889817108 5.692351111853624 5.692351111853645 7.115438889816923 5.6923511118534345 7.115438889817127 5.692351111853458 4.269263333890274 4.269263333890134 5.692351111853735 5.692351111853616 0.0 5.692351111853392 0.0 5.69235111185343 12.132474696425591 5.692351111853471 4.269263333890245 10.262031905866182 12.158867304834715 12.158867304834779 12.158867304834763 12.158867304834878 5.692351111853505 5.692351111853528 5.692351111853546 12.158867304834867 4.2692633338901285 4.26926333389007 8.538526667780385 5.692351111853482 8.538526667780324 10.262031905866206 5.692351111853329 7.1154388898168905 4.2692633338901915 4.269263333890228 5.69235111185341 4.269263333890082 5.692351111853428 5.692351111853435 0.0 5.692351111853468 7.115438889816985 7.115438889817104 5.6923511118537125 7.11543888981673 8.538526667780284 5.6923511118533945 5.692351111853578 4.269263333890146 0.0 5.131015952933249 4.269263333890192 4.2692633338901445 5.692351111853478 12.158867304834923 4.269263333890256 5.69235111185359 4.269263333890295 116.90894200426638 683.2751638544646 658.3760878984792 298.93537137451045 168.95780148372123 622.522750400861 676.9867934189308 302.7665748926306 137.87079281799055 648.3611079734129 588.5470374613604 361.88417616462317 103.24219415564576 702.9440959525334 576.6910572729662 373.3777918575177 111.89086165590906 672.5727790069174 707.2495398718904 267.6766250357897 144.0812041557748 658.170605994969 673.9519854072439 284.6671219612844 173.9048948516458 620.4357343487163 716.8463740240794 255.80305955558774 135.12960551137874 666.6732122761915 671.4818566417051 307.5854484535329 177.1257645012589 580.5403641814271 622.6998800574178 338.862745574379 90.44427471685525 699.9595036441145 588.4799863367612 346.2292912502553 105.3088129255196 693.8041989679442 656.3354248730225 307.2907889165889 146.41523747546188 642.8842950575786 682.4455868626217 286.46060216254295 110.15665273053662 692.2850001079742 624.3660913345158 319.47397836856373 123.22463994776346 675.9539832904622 697.4076788024857 274.4069422649024 209.42616291071008 552.6983046238312 666.9756653835811 306.19118162502883 127.02011751392189 664.4869085377262 595.3464838061988 343.7726096340587 160.45568843656463 609.8288658498383 610.1528719329476 341.7816762035833 196.49494572517227 568.899076782717 636.7836352180475 322.03449612713416 95.92567544235072 694.379323365092 597.0017853291391 338.83133861014073 210.77540447819197 547.5928496570567 663.1936820826841 290.40346297986446 205.5700250828196 556.3501597724143 681.4653816912396 298.804708694827 185.44553722917695 577.1050568097351 732.1289870869653 252.17614997023188 155.70437149148924 653.2185062673728 702.5276396479669 257.63230416688054 173.92131984461452 594.7332799667953 626.9928946914952 334.4859409281009 162.39813692783108 644.5073139553341 661.3654728126313 317.910560210875 173.71615577365685 626.9216390810437 687.1110713436316 280.1469781087665 177.32931740030207 587.6799834085206 642.816752432239 313.87185040192213 111.81127514034588 684.30639167994 668.0472114856568 292.3137151210738 174.40641794703262 611.796448857861 697.9079664521196 262.54077311360487 133.47235290689073 659.1361240595442 648.0589334108212 327.0325029383482 166.23012722071073 601.9220381957851 605.897715660971 330.9064612602056 160.4796736126021 616.8575359116638 710.685881198307 251.15662425668074 188.14759250172412 565.0753915370096 715.8001634140435 244.87684465808553 171.0161803523081 634.5347575429728 617.0334605684267 342.4813576803945 155.48123377397064 627.7265919685639 653.2030498638736 314.09090792005776 83.9076013892037 700.2632995924257 722.6794477172296 245.38900882008292 217.67456694610635 547.953447918896 682.7519186050782 294.00277195114944 190.52661437658688 585.0649954005013 708.1298068571052 259.8959353469204 203.0478161519337 569.8280706924172 616.441992619798 324.6573004005879 98.53242901506037 686.1864437607167 610.9827031851185 332.35941989859134 179.12230840069873 602.9095140106998 693.6287380129877 286.92549155368204 125.74004469736798 670.6115294626535 680.5617021367912 279.1345499340107 165.65504143053164 634.7703333289393 654.4077940206237 318.9913789940837 194.31459179364057 575.3272039200891 617.0060655079457 332.4879233714799 153.72171054800626 641.1910169663341 705.9558138480309 274.1914884598214 147.93358115841022 626.5053216471372 643.6035622885294 307.63152864683417 186.25805848458006 573.6227014547653 639.8650293894822 324.6723651422691 112.84420616928335 687.7781632706461 609.4400607998076 338.89313711292084 167.38841950198747 615.7645433961909 674.7953790088923 291.60591965618795 170.74901044219695 605.7480408976617 633.8811788562111 315.8135148952687 180.3285408481722 594.9860918956289 692.0676238018162 282.5753641104999 178.64483083642074 599.1787093675449 665.7832621782147 298.64918466616905 96.04052595221948 706.6300450414793 663.1415562380522 312.09579601437497 188.2455951292509 590.1401195374556 604.1139883678794 341.9704881325862 197.78075935276155 563.5577051689949 725.9963136427968 259.05926765785915 172.11047592073652 601.9839691143868 719.0623667645281 261.4506865953747 178.63526208345343 572.2166020559423 623.1014663080341 332.49448369094233 202.81217963015268 562.217644971301 701.5039664168453 282.2541253609087 152.85567417540528 636.0976886349766 648.3071788384093 320.8150811688906 144.81676953932748 638.4561510582713 687.5652879296779 272.8121116116999 104.09568654562818 684.919082894727 584.3166496439928 351.84447993865984 125.99122404468824 658.6732859307175 584.2293811885041 368.7448585527937 121.34674739055072 660.8139930508229 591.3230074416985 349.6631066910608 132.4056771274513 671.2245745492478 635.6883459235337 330.8487296157654 116.36380453526303 673.6978897850646 652.2680848065238 302.7327040377421 157.93268213306297 631.8561881933871 690.8376345223955 295.2512262747185 201.354267359806 555.5288326921252 623.1486497494432 324.0458612841971 184.65709276461672 584.8133038677028 596.9489665787291 356.237715993242 120.06504463297046 666.3391522795856 593.0099822864173 361.5769279556218 130.70285047225792 655.6705065320649 602.1193192436037 349.31995812584904
370.00163596192135 4.2692633338900965 5.692351111853566 11.155824495939942 4.269263333890086 8.538526667780355 8.53852666778028 5.692351111853567 3.9846457782975864 12.158867304834619 12.158867304834796 5.692351111853559 5.6923511118535295 7.115438889817012 5.692351111853456 12.158867304834715 5.692351111853668 12.158867304834619 5.6923511118537355 5.131015952933084 12.1588673048348 5.692351111853669 5.6923511118534655 4.269263333890206 5.692351111853367 5.692351111853677 5.69235111185336 8.538526667780316 4.269263333890169 5.692351111853406 4.269263333890208 5.692351111853491 5.69235111185356 4.269263333890173 5.69235111185344 5.692351111853564 4.269263333890162 8.538526667780268 7.115438889817057 10.262031905866246 7.115438889816998 12.158867304834756 5.6923511118535925 17.077053335560596 4.269263333890034 5.692351111853429 12.158867304834711 5.6923511118534975 7.115438889817015 12.158867304834754 12.15886730483473 12.158867304834788 12.158867304834748 12.158867304834674 5.692351111853532 5.692351111853508 5.692351111853452 4.269263333890272 5.131015952933125 4.269263333890094 8.538526667780362 4.269263333890177 5.6923511118535295 5.69235111185349 7.115438889816941 12.158867304834924 4.269263333890138 12.158867304834756 5.69235111185336 5.692351111853471 4.269263333890138 11.38470222370714 14.230877779633886 2.9884843337231897 5.692351111853645 4.2692633338901596 4.269263333890146 9.000397377424587 0.0 8.538526667780278 5.131015952933127 4.269263333890121 10.262031905866102 5.692351111853504 10.262031905866317 4.269263333890289 7.1154388898170655 8.5385266677802 12.158867304834706 5.692351111853567 5.692351111853406 4.2692633338902155 5.131015952932973 12.158867304834638 4.269263333890315 5.131015952933091 5.692351111853588 5.131015952933081 4.26926333389013 12.158867304834626 7.115438889816952 12.158867304834647 4.269263333890056 5.692351111853613 9.000397377424576 8.538526667780264 4.269263333890288 8.538526667780257 4.269263333890028 5.692351111853456 7.11543888981676 4.269263333890018 4.269263333890089 5.69235111185354 5.692351111853477 7.115438889816928 8.538526667780282 4.269263333890001 11.038144382190655 0.0 5.692351111853559 12.15886730483462 5.69235111185334 10.262031905866342 10.262031905866204 5.692351111853386 5.692351111853459 5.692351111853688 5.692351111853372 5.131015952933071 8.538526667780356 5.692351111853486 5.692351111853642 12.158867304834844 10.262031905866152 5.69235111185341 0.0 4.269263333890225 0.0 4.269263333890022 4.269263333889979 126.74909187689592 677.0842653110848 648.7981822418731 302.2186680322161 173.4940923375787 612.0494836832255 665.439818562992 306.2019875706219 142.27173828281065 639.63940093399 576.8686298423371 366.55164236802176 105.68159667680655 692.6217967205511 561.1976823371881 377.46032334035965 120.830170336629 665.6334432041888 698.1940235123694 275.34214072086377 150.29319999892974 651.0034444003758 665.7642575434999 294.58977593052595 185.25847383955772 606.1802907964916 709.2038371747805 263.9026246718414 147.0696589119612 658.1584693934557 661.8741083591387 317.0620585244565 185.1786309036763 571.833008494736 609.38264455414 347.50426716743004 98.85232745244171 693.59075654184 578.3035002825737 356.46887205577184 111.59908991237941 682.5768553484043 649.0934086481147 312.16427396417754 148.78568870726363 636.5448615246991 673.2046057173429 292.6529553633285 115.84171300232282 683.6382585962813 617.6115740365923 326.22853767782203 133.06730690186117 669.7837850325184 692.1307315420306 280.4106126110273 221.06759282749258 545.1761529836928 658.9098376664239 311.3243645972819 135.5390628644592 650.8102666418567 587.2429063372557 355.5077146395418 167.34142680997138 607.5409522975938 598.3432032863077 356.3940973212568 205.8751504561832 565.7373391685311 628.7098705012253 328.41097018950984 100.99168522237058 688.3123814636022 587.4866231277026 347.25361982421776 221.16344940059795 537.8626364607577 652.7071353211899 297.5658173247881 218.14679588766916 549.608923099237 671.9072555392999 308.3153839848332 196.38750725479485 563.5351868837748 721.415488566358 256.72782581655736 157.481320061241 642.1869621381366 693.6506497647541 266.72175166634906 179.87602827652023 583.0178812740818 616.9719745008126 342.1993672521092 166.02220317540107 635.044758904782 651.5500343396566 325.9062516790717 178.8458901176239 612.3764288880842 677.4242710446953 288.2811987072525 188.39638322885537 577.4526616193651 635.9188915679906 317.8945456891242 119.5302282604479 673.2514633463103 660.285665844221 300.2918102076309 181.1870287922798 600.8446288957225 689.5089770639687 275.8614772137318 143.75342766458974 654.4196338708847 635.8016657390303 326.9115078621833 173.50797789800038 595.7254404474352 595.6850922004745 337.04359765339893 168.07119498186142 611.9900583059475 703.2086207908135 260.66893039334195 196.26482952103885 551.0499282304191 708.9519736495937 253.88326217987068 180.86917634693262 620.006138787486 602.379199845031 351.98474907339653 164.10060580273063 621.6446676203818 644.9500753449353 317.73789896084605 93.42328857956873 699.9705227099204 714.7110675101927 250.6779870628508 229.2523006332528 540.4757477931266 673.04506828365 302.11066218892336 197.78787218978954 570.2403177199535 700.8987127548509 266.04075681261094 212.6411437750774 564.6861664451023 608.2064065312493 329.491890746746 104.91774451917179 682.244831327317 600.088348983524 337.5805783527454 184.66459880923162 595.1233543825432 689.101883968672 293.8263450877177 134.0183842840101 658.982217871676 670.1115204361743 286.3429669560554 172.65596502236096 625.1297441997947 645.2636872018053 322.77559963672934 202.09000011807697 573.9156142886404 604.7696846847857 337.2817601382928 160.36664016163456 635.4499726351838 702.6571258910978 280.08560151816397 156.01469647309753 620.9842700268788 636.1008222529773 312.1883051934341 197.4028553585721 558.086483548127 626.8343609513124 334.967546735675 121.47656906084046 677.4768007153854 600.5820922482918 345.48708947001546 174.48244394811172 606.1876445660776 670.3950015907245 299.91180312937365 176.28167647706786 597.9447298339333 626.93785556314 319.80124053892615 196.30887110848946 577.0057930433298 689.4610393743507 288.91330038931085 189.68735192749767 588.9359939075526 656.6544908869712 306.2045965762065 96.35129446803849 700.7085780465309 656.5430022588561 319.0487128265617 196.29628626231892 581.4333118105462 594.3732425868034 344.73122182741804 206.2949031801925 559.5684256738399 715.2750851750299 263.57099227192964 178.65131494600877 591.3486315376855 709.441251698919 269.6742366993628 188.76579666200485 566.5122047379941 613.0408272439545 340.20675036301265 211.51509045412587 556.2581329249355 697.118607682925 284.4038954607888 157.9154022432829 632.1450681638353 634.2585484304919 324.36012020242924 150.31996934618599 628.5817085671944 682.603143533065 281.6377183065219 113.23267381139824 674.0049220543465 575.4680888245134 363.9564189147401 135.09638659773978 642.5255849567508 570.4715502655088 371.17880730555896 131.06904117089164 649.3641051564499 583.1538831650337 361.04448683577857 140.59882887781438 661.57985218199 618.9157634719644 336.41113279059215 128.2494040120222 665.0976947694586 643.842659736865 311.165903772461 167.07661178085775 625.1690015535725 680.072055922862 299.6308568946195 212.3250015855145 550.5596171300999 613.9573517529228 334.1331309115197 191.3773970817534 570.5664450956793 585.0223765679902 363.34767005415944 126.57717849434694 660.4560591252332 585.9794901046266 368.04055533140655 141.38902494488312 645.0397526985939 590.7340547889359 360.5115250287724
380.00163596192135 5.692351111853449 5.692351111853506 4.2692633338900565 4.269263333890168 5.692351111853628 7.115438889816858 4.2692633338901995 12.158867304834628 4.26926333389024 10.262031905866262 5.692351111853594 5.692351111853637 8.538526667780335 4.269263333890116 7.115438889816895 8.538526667780506 5.692351111853667 4.269263333890213 4.269263333890233 0.0 9.546363028425802 10.262031905866056 4.26926333389023 5.692351111853444 0.0 5.6923511118533945 4.2692633338901045 5.692351111853419 5.692351111853545 12.158867304834837 4.269263333890001 12.15886730483474 5.69235111185339 4.269263333890074 7.115438889817114 12.158867304834676 7.1154388898169305 8.538526667780417 3.9846457782974802 5.692351111853659 10.262031905866213 5.6923511118536485 4.269263333890146 7.11543888981687 7.115438889816896 5.692351111853545 5.131015952933098 5.692351111853649 4.269263333890314 5.692351111853594 0.0 4.269263333890248 5.692351111853627 9.546363028425713 4.269263333890127 5.131015952933081 7.115438889817086 0.0 5.692351111853476 7.115438889817058 4.269263333890245 0.0 5.692351111853674 7.115438889816973 12.158867304834782 5.131015952933323 0.0 5.131015952933025 5.6923511118534735 5.692351111853725 11.38470222370711 4.26926333389034 0.0 8.53852666778027 12.158867304834875 5.692351111853418 10.262031905866317 5.692351111853673 5.692351111853647 4.269263333890111 12.158867304834722 5.692351111853489 5.692351111853429 5.69235111185359 4.269263333890081 5.131015952933089 8.538526667780369 5.692351111853593 10.262031905866333 7.115438889816755 4.2692633338900725 8.538526667780202 12.158867304834708 12.158867304834798 5.69235111185349 5.131015952933083 12.158867304834938 0.0 7.115438889816934 5.692351111853564 4.269263333890272 5.692351111853664 17.07705333556079 4.269263333890124 8.53852666778041 7.115438889817034 0.0 5.69235111185336 5.692351111853498 7.1154388898167955 5.692351111853582 5.692351111853651 4.2692633338900965 5.131015952933229 12.1588673048348 4.269263333890359 12.158867304834788 10.26203190586619 8.53852666778027 5.131015952933125 5.692351111853586 5.131015952933029 12.158867304834924 7.115438889816731 4.2692633338901205 5.131015952932962 5.692351111853676 12.158867304834606 4.269263333890078 7.115438889816914 5.692351111853539 7.115438889817032 12.158867304834843 12.158867304834926 4.269263333890269 4.269263333890168 12.158867304834741 10.262031905866248 12.158867304834809 10.262031905866214 135.85531572701578 668.2226053750013 642.4274439779249 312.3024331992872 183.0577632108443 606.8643859043485 655.6338008810048 314.1939282349291 151.34276820324655 627.620317978008 567.268300862857 376.2411967995378 114.32608955066786 682.3287240791033 549.6377697924006 382.1483474692626 125.31500593056006 654.9104096174376 688.6564306894862 284.88948596981163 158.83414854757697 639.5544464710808 656.4559815517091 300.69380922721274 186.44321390439535 594.3829505812247 701.0319861680446 267.7077413191662 155.09628805645244 652.5685412405661 657.7158572966707 321.94734420069364 191.40208367816192 566.8201691127178 598.4147581829185 352.59477991544026 106.36615712286273 686.4787454328272 571.3294982553937 365.77367441944 117.42494148308258 672.0064181604694 644.4101700764676 318.91633774467033 154.93053107923964 631.4292940201594 668.0042225543066 300.0154325385245 122.8710191437231 677.1618666175749 608.0722083905162 331.92339412210976 141.95732566324935 664.8918032348121 681.3619933984666 284.7774303948579 224.76095832324435 533.6938963989678 650.6916626499423 322.5050711894235 145.63775312309429 642.8336084389706 578.3021723775051 364.7663849412347 170.0540125484551 599.308841306074 591.3315725708061 362.875483456041 214.17554045059364 558.3468269836256 615.1977844334685 334.1962715321615 109.63216616116847 678.0251254437192 581.312121757106 360.39908378339294 227.94465399780003 527.5884495624043 646.816728037391 305.3875048907406 226.32423811790022 542.0245790279864 665.0316141366349 312.40626851835407 203.15487935763804 552.6126697522595 713.3249933302684 266.732638567201 165.20559355375653 635.3140880196989 687.9124515473228 274.6410099095518 182.75674753814897 578.1470164072695 606.8893924096022 351.14827158173455 172.5427723443155 626.0327663358141 636.4527271445671 327.24516342237763 189.33649540466084 602.6841881123291 673.7717187979835 291.3138384812519 190.7340670358257 573.1550985602563 627.3742392440354 327.5306786335511 127.71449370837783 663.6215203856427 651.1351076660064 306.20832376960897 189.81645757106364 586.2203043844335 675.739281711135 284.0331285330654 152.09295749254943 644.9022914520023 629.6594507959163 333.14572518241357 174.7758714819568 592.5963726759844 582.208451743303 345.37348621245 177.4804245014126 603.4530712622256 693.947441241249 266.85305041096933 207.88661609255558 538.1203273916656 700.072027710148 262.973109744878 186.5764952080438 610.2434034282206 596.0362330291106 358.0251397504415 169.80844012835598 606.5478569867003 637.8699283676125 320.28763261283524 101.94974025651386 691.6449811215549 709.7976492216013 259.535327084416 229.7057867459686 532.537391491589 661.6114367688881 306.8935783013724 208.99184572704087 557.9888327759694 691.6962644499993 278.4338828067015 217.5496704283068 552.1337287876499 601.2839347547562 336.08598387524717 117.53149192534704 675.7268367006022 588.4880417567996 343.11510847236724 195.42636491422707 578.2186881746195 674.6637229365864 301.19251601450907 143.05829377499174 652.1644234738307 663.083657016795 295.22189916641975 179.2230487331885 616.1518324778289 631.6379474572483 325.9314034466424 205.8573962770081 564.5326741174846 595.8342953249133 343.8194434288911 164.4313133441959 627.464982832575 692.6553043110735 285.3834740645554 161.48966465879482 618.4673821996985 630.280958071563 322.7756226682472 203.26990405605292 546.3354658588283 620.6701955252787 342.5789081379701 126.60216575604029 671.4461345939313 594.3177371097934 352.9612523516295 181.6316905168136 596.6475346015427 654.5459439285653 306.7779598300312 182.17176996900872 591.5450564245062 620.8429285405321 327.4442590161363 201.18556769035172 566.4483239822254 678.9838191035053 296.08917620348575 196.03908055162842 573.2816993180478 651.3816903102951 313.5307580212668 104.87778599858439 692.377606368956 641.9686892035254 326.10928733585973 200.10309589546645 572.0413075472411 590.02448200426 352.23521799750284 212.81942015812893 550.5384698358467 706.3908402543044 272.651164709928 186.89253627173682 580.6660180980371 700.9773538296951 276.81480085190753 194.30866124805792 558.7238464540064 600.2384682456733 348.1655046966166 220.92566723482065 545.5918288466511 684.249472198363 290.8949822845389 169.5510523674381 619.2210440694454 624.4072887536557 334.9424119697909 156.64704127901544 621.5211574286553 672.7257001142085 288.3126391345785 120.50706335281812 663.6004919384516 565.1320959975715 371.2480491201631 140.9941171435492 634.0230686932084 558.831902892538 379.35867502260817 135.88856748654288 642.0144249116018 571.5405564353005 369.27180650565583 149.77179976349197 652.8012257783406 611.2414207189386 340.66055865904616 133.7810563907597 660.4662320398763 635.2651744079628 315.66193662100187 171.41359226806802 612.733082330928 666.8233988813344 305.94676170905666 219.15221735315356 542.8192749334747 601.8927550200436 343.08049488625267 200.65510805438834 558.713496097893 577.4468274425788 374.5318691644044 134.84574601411074 650.8731132262512 575.8041952768301 381.0417836322799 149.9144665535216 633.6063998295217 580.5010557328721 370.6914000402759
390.00163596192135 12.158867304834653 7.115438889816852 10.26203190586618 5.69235111185364 8.538526667780225 7.115438889817013 4.269263333890017 10.262031905866234 4.269263333890048 4.269263333890228 5.6923511118535295 10.262031905866262 12.158867304834889 5.692351111853727 8.538526667780243 12.15886730483477 8.538526667780486 4.269263333890189 4.269263333890267 4.269263333889995 5.692351111853495 4.269263333890135 5.692351111853561 9.54636302842578 5.692351111853524 5.692351111853512 5.692351111853444 12.158867304834835 4.2692633338902795 5.692351111853662 4.2692633338900965 5.692351111853708 4.269263333890001 4.269263333890116 17.077053335560564 4.269263333890142 5.69235111185346 4.269263333890054 3.9846457782973648 12.158867304834938 12.158867304834828 5.692351111853488 5.131015952933116 4.2692633338902795 0.0 8.538526667780289 5.6923511118536245 8.538526667780362 7.115438889816854 5.692351111853539 0.0 5.692351111853628 4.269263333890012 5.13101595293316 5.692351111853585 5.692351111853468 5.692351111853401 0.0 5.692351111853726 7.115438889817008 4.26926333389019 10.262031905866209 12.158867304834946 8.538526667780431 5.131015952933061 7.115438889816976 8.538526667780369 12.158867304834674 4.269263333890047 12.15886730483494 5.692351111853449 4.269263333890265 0.0 4.269263333890299 5.68174708703054 10.262031905866186 5.692351111853501 12.158867304834683 4.26926333389009 5.692351111853411 4.2692633338900965 4.269263333890129 5.692351111853536 4.269263333890191 12.15886730483469 4.269263333890059 7.115438889816992 4.269263333890019 5.692351111853535 7.115438889817124 4.269263333890127 5.692351111853642 8.538526667780213 12.158867304834658 5.6923511118535535 4.269263333890211 5.692351111853602 4.269263333890111 10.262031905866285 5.692351111853651 12.158867304834757 0.0 5.131015952933053 5.6923511118536005 0.0 5.692351111853622 5.6923511118534424 5.692351111853587 4.269263333890106 12.158867304834667 4.269263333890249 5.692351111853483 5.692351111853616 5.131015952933166 4.269263333890179 0.0 8.538526667780351 7.115438889817005 4.2692633338901205 5.692351111853394 0.0 8.538526667780395 5.692351111853384 0.0 7.115438889816869 5.692351111853507 0.0 5.692351111853517 4.269263333890108 0.0 5.692351111853627 5.692351111853594 5.692351111853716 4.269263333890183 9.000397377424603 5.692351111853364 12.1588673048347 7.1154388898167635 5.692351111853621 4.269263333890224 143.879523127604 662.6226980711108 630.4443634228741 320.12575064234335 194.18789944779724 585.9663912963106 648.4197952715357 322.9135830501359 157.51505933220992 622.5548161546404 554.2632848037406 383.8072742197163 121.38344151479285 675.8719030862812 541.7128294348615 387.6476746032912 136.31141160013195 647.7290400978658 677.4000562690454 291.12125970997016 164.48441633378263 629.7411402706896 651.8847632329945 308.9124845905846 197.3158751167999 580.7648067013057 693.3038883179782 275.7256362936073 159.61958027441958 643.9085337211769 650.9818539093717 328.74568626608334 205.18243300429214 556.8411577378934 589.5181754548277 361.87761178982095 114.04647905640616 677.4394099126426 560.3500175938273 374.90494298448965 125.78702740757802 660.460606741773 633.0677917319858 326.2079112538966 166.7598523828575 621.8773544860849 659.0212373277548 310.3092909233083 130.34141700325088 672.1174843871701 597.9904754814204 342.2242370833996 146.5833901363891 654.2197934839868 669.145951752241 294.82014261096197 231.17116070199017 529.8042846692595 638.6046002184876 328.89318265579544 151.77329346352175 637.7256920659786 566.665534363065 372.94311588392253 175.06132099670518 592.101769721129 583.7553862589286 374.0522139494848 223.17439276235328 546.2673877776024 608.2680489563108 340.775174044819 115.90779124882692 668.8312069893302 574.9282428162793 367.7972871159815 232.26362857055508 513.8469604892025 634.7830971802124 311.8678220763139 237.85646195507394 532.1216223383648 655.8901186249818 321.23896697223057 208.33429188281966 543.9586504901284 703.7792625432925 270.11499585989395 170.15477665544 628.0663241666265 674.5418600847003 285.73161948443453 187.70644275644378 576.243715552962 602.350658571491 352.96172044671795 180.18956631942882 615.8940073131057 627.648201390212 333.9566594099892 192.59787838326955 593.8753584451762 664.3986817136977 303.5489249697834 197.14546622411726 560.7865420167601 614.5689786014586 346.01383702841525 136.00668499906328 654.0842179199872 638.8207391794043 313.9897542591728 196.94989887293477 576.6492134305126 664.3253397321096 288.809720825326 157.34432976418663 633.6940745408635 625.4790669815444 340.72860803902506 180.32189800214013 584.8090381968192 570.0832888970342 358.3383012395958 188.1693260167231 591.8047139727266 686.2204162334623 281.0427332674652 220.09928678770697 533.0229338484035 692.8008760594166 269.06710441541156 186.68003230845267 599.6089179934584 584.536945513252 369.1220453074745 180.83368960251624 596.276296264487 625.8543162247029 328.0040665987532 108.65888503205925 682.8309487483529 701.3290400627317 266.666754726854 228.4674714806087 521.1392598823687 650.4942878421245 315.7945122051975 217.16838168338413 549.1227236038619 683.4706762804 288.33934762895456 221.63547857726863 542.0618730090938 589.7566570840703 344.4293696609071 125.77039973541096 666.123212818204 581.5519615618487 352.4473710726486 200.92807400046203 570.3936543772405 664.7524550182421 307.7435042345828 149.17278007959987 647.0405831623118 656.45108224163 302.1009331775244 186.70098629515326 607.9929893973131 618.9521810453369 335.5391375149547 215.82500127699416 553.3021894818754 590.2468482917574 353.6810561884053 174.35280823916062 618.3230507984473 686.1138151770598 292.34645200174367 166.31998148551173 607.8916050285288 618.1799168932862 329.62082185545245 210.55133184703962 537.9980639223503 605.8546092298586 349.0544302389788 136.52397746989178 665.4049807165067 585.3104980882455 359.4031684519723 189.11952766661844 588.4960473248893 645.6415175490625 310.83453251099445 188.96991665758168 580.6203831241751 610.7001308943454 334.9798430428107 209.2553024854184 555.6225856194015 673.1625310760794 303.9388740707986 203.29403950043167 561.7071291605846 641.4325743274126 321.34520340271445 110.11522401867626 687.4853813039252 634.0131207605814 335.20648359035204 208.5549409963207 562.6493283904276 576.4391032718598 360.4292935493867 214.053344339621 540.0876775270921 698.3581335530987 277.83206695651944 192.10215842697008 566.1679265465017 691.1158197071536 283.5047663462744 203.64167065129095 550.0636905890167 593.9679936549401 357.0491828430968 230.17205190745716 534.7857890913068 678.4401445739674 298.7467064555585 179.2925582041266 612.0648523415359 619.7828368524174 347.25956677449886 164.58950191285462 618.0611954563086 662.9437326786522 296.31959313664186 127.36834072158146 653.8523550116537 552.7731156808941 378.38519874626036 152.96761514950393 627.7508694406257 548.6118637916088 387.7562444071907 145.01642362449311 635.317181870207 563.5523167428418 379.21073397027277 155.53362490114768 646.3142634458671 599.800900595111 350.4526714838427 141.81118925719937 654.8863379349575 625.2342283420951 323.3907050474446 179.9564114105729 603.4063106221896 655.5987259280048 313.42963443644635 224.93069449686342 534.23188743905 594.798552833719 346.7483645273474 210.61351328985404 547.4776341905571 570.4638192339876 385.2210121406619 143.16975339074477 642.9878659769295 565.5022218152909 391.12847333356797 160.49277018760588 627.1715206490835 574.1077261387833 378.0963928783603
400.00163596192135 8.538526667780173 5.692351111853608 12.158867304834782 5.6923511118535775 12.158867304834827 7.115438889817054 12.15886730483477 5.692351111853493 4.269263333890004 4.26926333389012 0.0 7.115438889817001 12.158867304834821 5.69235111185367 5.692351111853494 0.0 4.269263333890181 5.692351111853506 10.262031905866188 4.269263333890052 7.11543888981694 5.692351111853579 5.131015952933126 5.13101595293308 5.692351111853472 4.269263333890184 7.115438889816997 10.262031905866225 5.692351111853386 5.131015952933095 5.692351111853545 5.69235111185366 4.269263333890231 10.262031905866182 9.00039737742457 5.692351111853604 5.692351111853612 9.000397377424571 8.538526667780273 8.538526667780316 7.1154388898171295 5.692351111853627 12.158867304834816 8.538526667780161 10.262031905866202 4.269263333890186 5.692351111853722 12.158867304834747 7.115438889817011 12.158867304834976 4.269263333890217 9.606137328556194 0.0 12.158867304834757 0.0 5.131015952932891 5.69235111185347 4.2692633338900725 5.6923511118535 12.158867304834715 4.269263333890211 8.538526667780209 12.158867304834747 4.269263333890076 10.262031905866118 4.269263333890219 10.262031905866142 12.15886730483476 5.6923511118536965 17.07705333556047 4.269263333890128 12.158867304834908 4.269263333890108 4.269263333890134 7.115438889816928 4.269263333890074 10.26203190586627 0.0 4.269263333890314 7.115438889817017 5.69235111185341 12.15886730483477 12.158867304834784 4.269263333890334 4.269263333890279 12.158867304834699 5.692351111853538 4.269263333890005 5.692351111853575 0.0 4.269263333890039 5.6923511118535615 10.262031905866138 2.8461755559268767 4.2692633338901285 12.158867304834889 5.131015952933051 5.131015952933117 4.269263333890074 0.0 4.26926333389017 12.158867304834647 9.54636302842586 4.269263333890132 8.538526667780166 10.262031905866237 12.158867304834894 5.131015952933061 12.158867304834645 5.692351111853391 12.158867304834704 5.692351111853581 0.0 4.269263333890056 12.15886730483478 4.269263333890055 12.158867304834738 5.131015952933154 8.538526667780374 12.158867304834974 5.692351111853492 12.15886730483489 7.115438889816863 8.538526667780301 8.538526667780296 12.158867304834931 8.538526667780417 5.6923511118534 8.538526667780161 5.692351111853409 12.158867304834944 5.131015952933119 5.131015952933208 12.158867304834807 5.131015952933093 4.269263333890208 5.692351111853596 10.262031905866303 4.269263333890224 7.115438889816946 151.54670378466508 650.3932099748445 623.7283977734174 329.62625234798185 201.95463351316087 568.4950690880632 640.8940330139073 331.57364293113875 164.62053318418057 612.9945886583579 540.5266449105912 391.716988391426 129.54521974317262 668.3000343961428 523.8165432529526 389.6881078838378 146.32441118907627 641.8351459803026 665.5945887763779 299.1399417056906 173.1595977814845 623.7372043655947 639.7007075475766 313.8930580002363 207.34293212928787 569.5639564345214 682.7833184687513 282.85772290008725 164.58241136294833 631.3273207191659 636.9689517293702 336.5015557594104 214.98214670717988 540.1874683528656 579.3066509286366 374.8457168228319 123.4740034140111 671.3469280322239 553.8714959572234 382.22711644410873 130.11348034846102 653.734836420985 623.7229451367967 336.1594808527351 173.31008389630813 618.2235758337988 647.6911614511062 317.67608689134954 137.48597605458463 665.7612826435708 592.8835723365071 347.3424179197447 154.25711832963452 642.1600865832332 661.612375266998 306.9393985003035 240.42931164908333 519.6284575098814 628.7167226845077 340.766849954989 155.7810951344806 622.6911011388922 561.4187637538588 379.05147793085143 182.14376084917467 587.8577998577535 577.3864330967141 384.2671638592401 235.26907313752412 535.8179452911658 597.9508185858289 346.73471711327494 124.07566274489375 661.2530977842712 571.1158951759646 374.77936733969904 238.65528860606818 508.94143521204086 626.8669662615081 322.4010936502527 248.46122960902227 516.1612995573774 646.4212776455598 327.0879136249518 216.2158344700456 533.0055433079176 699.0908702422026 269.38728464190456 179.93869519383964 615.5883891842366 672.0851773008385 287.7186887145747 188.06405918489148 566.9837335571124 594.7026311855781 361.3153208751561 186.101909998776 604.1596801874731 617.4704854202555 341.4814504928913 197.0698678572205 576.6012731129692 657.6485363749938 316.1451476356906 199.71202306663338 552.5037486970426 600.4030269223955 354.7703167211095 141.08962712846167 650.1341331623335 630.0362658444265 320.72937792689066 205.434779487068 561.9523697547078 657.9298503581838 298.484307241008 167.97201296334967 621.9862201734484 613.9850140586908 349.14008005909113 184.58142109482898 580.1252931782776 561.7913534225713 371.34717497915835 200.7163075413561 585.0264952619797 680.5244086987226 290.3037502376789 227.55297602448476 520.6372410695889 690.8074373653202 275.3414261786772 192.30930464950475 588.1504078073525 575.5771273931828 381.15584829280255 187.07951291621202 585.9104964527169 617.0326914506431 336.0112752908345 116.76093016464208 675.2186023471703 693.1105677937306 270.3961189825616 237.30499886700977 516.2445455211827 639.9554058705752 325.46452975132166 228.51428279375796 535.9486057144143 675.6393085278324 296.24196050706496 231.3865438515429 530.6402730653649 582.0741122893553 351.35089604327726 133.0745307263726 657.7988790721985 572.573769980966 361.66739290341127 206.24503988524413 551.851279877715 654.6501916420385 321.73797380598285 155.870224103941 636.0465212625797 649.7428683809602 308.9081632618197 190.86216208553486 594.6583877215334 605.5849816073766 346.7562891851028 225.0006065999594 544.5199314830498 579.2295812049293 360.0112815741085 179.73094215732925 607.171726134244 680.1237503948711 298.7519147196247 172.34012971227483 604.8278797383608 608.1040871979279 339.95024457814253 214.55156869752267 527.8848626172072 594.0922922264087 351.6378431219573 144.58001441740208 659.8563964346633 574.3392176647945 368.54861084845663 193.22904213281342 575.139091547376 636.3655721702322 319.5136211163576 195.8501616598115 567.6758435425917 602.2179524584712 336.7447244261045 216.14842553465746 545.9182515578178 658.0560072116377 312.940679444429 210.6814244404634 546.093387915592 633.6105933646437 333.269228908866 121.56427106971238 679.6202788592682 622.4535337344136 340.83862072292817 210.7190819102285 552.9867938679803 566.7729318820767 370.07614645586216 224.9091832085639 527.5686289440595 691.8001626816335 284.7877399527392 201.20714893578062 559.473473363614 685.2850826120115 291.3488185430275 206.91851476593732 544.5065121066981 583.091564529408 369.08056115826486 240.20607834001123 526.6975012792562 671.7935116179672 305.6320833259866 184.3321433752198 599.5272857123377 608.7371841761825 350.879404407634 172.7378915086227 612.6577644231307 650.3317521711156 303.30938155493106 138.7309687387003 642.7873177299549 544.3046549077952 385.5950262365212 158.83652056886962 615.9965208910953 532.80113286034 384.13774965977575 149.95299371530655 628.0657789193475 552.0786215918699 389.0337900961919 158.1861933194215 638.0480246518638 586.9636437222784 361.0663285986221 144.9605868222307 651.3329140712441 613.1698937365062 332.3692402823454 184.2677301969379 593.4144288484089 646.9914411230468 321.6400064929991 236.22628718667542 521.0042751034358 586.1846669930808 355.09237842962284 223.26113528115846 536.4598669333737 560.5942437456586 384.8174480251957 153.73627428355195 631.2203649455995 553.0344022451696 395.3448804269834 162.35322174694474 618.3241227094405 566.90888827778 380.19317044958643
410.00163596192135 12.149786260713212 5.69235111185351 4.2692633338901365 4.269263333890128 9.54636302842568 7.115438889816892 5.6923511118535135 12.15886730483477 5.692351111853404 8.538526667780417 4.269263333890296 8.538526667780344 0.0 4.26926333389031 4.269263333890119 5.692351111853711 4.269263333890207 5.692351111853439 5.69235111185346 12.158867304834752 5.692351111853693 4.2692633338902235 4.269263333890107 4.269263333890078 8.538526667780204 5.692351111853618 7.11543888981704 5.692351111853465 5.692351111853525 5.692351111853449 4.269263333890078 4.2692633338902 0.0 7.115438889816927 5.692351111853568 5.692351111853599 7.115438889816962 8.538526667780294 12.158867304834725 5.692351111853516 4.269263333890151 12.158867304834875 7.11543888981698 11.384702223707166 12.158867304834834 5.692351111853405 7.115438889816925 12.158867304834654 4.269263333890192 10.26203190586619 0.0 7.11543888981693 4.2692633338900725 5.692351111853411 5.692351111853661 5.692351111853537 12.158867304834619 4.269263333890199 5.692351111853563 0.0 4.269263333890292 9.546363028425674 10.262031905866047 4.2692633338903425 8.5385266677804 5.131015952933221 12.158867304834736 5.131015952933112 5.692351111853662 4.269263333890198 7.115438889816961 7.115438889816842 8.538526667780365 10.26203190586607 5.692351111853569 5.692351111853406 5.131015952933277 7.115438889816962 5.131015952933048 7.115438889816994 12.158867304834725 5.692351111853458 8.53852666778021 0.0 0.0 5.692351111853657 7.115438889816842 12.158867304834725 7.1154388898168035 0.0 10.262031905866394 10.262031905866275 8.53852666778031 5.692351111853478 7.115438889816804 5.69235111185366 4.269263333890251 4.269263333890019 0.0 7.115438889816919 4.269263333890247 4.269263333890209 5.692351111853465 5.692351111853619 4.269263333890184 4.269263333890177 5.692351111853542 5.692351111853355 4.26926333389026 5.131015952933041 4.269263333890009 5.692351111853483 10.26203190586605 5.692351111853521 5.692351111853651 5.692351111853441 5.692351111853506 8.538526667780236 6.996275592681385 4.269263333890229 5.692351111853407 5.692351111853596 12.158867304834818 10.262031905866067 7.115438889816933 4.269263333890175 12.15886730483493 5.692351111853628 5.692351111853456 0.0 4.269263333890166 4.269263333890162 5.69235111185365 5.692351111853476 5.692351111853604 7.1154388898168754 5.6923511118534975 0.0 4.269263333890224 8.538526667780458 157.55202609787472 635.5932462664764 614.2389422521189 338.0447741127154 208.7468446120752 560.777310182666 632.8834330976149 342.0004373464782 176.492760890719 603.4946730561153 525.3853324577543 394.566729357059 140.22119090865158 659.8186181455369 516.4077908526307 390.8812705097381 156.75123828195842 632.0750446002257 657.4564495750433 296.47952304569134 174.6050039064222 618.6349536960062 630.8021027845654 319.1603498287424 212.48036936529712 562.4946392099074 675.8889621101932 286.9104011672365 167.08655130789998 625.052578233451 629.5618607680275 346.42697023043206 221.31441941921588 531.0408166948023 572.1804213989725 381.2091324513949 129.69837365420312 658.9067101284597 540.0597557800104 384.36808668540084 142.95275702915356 648.2528596455804 609.5584752085499 343.5497875283726 183.05586612722624 611.0601349737378 641.9273581682177 320.58433311619143 143.79958655608417 658.6791087497785 582.5029752265204 353.2012896805366 163.10110405678685 634.1649725311293 653.2781290648531 310.4201562198169 255.60690334473415 509.88096849866713 616.5177765617681 348.1974374564789 164.83263734950512 612.7548113659858 556.1789898177426 381.1887430614511 187.7894816831576 572.7293680456526 568.9423323613097 391.51072251728505 244.33121524529 529.0383203031341 589.5296429104111 351.2360452696114 134.24439695383742 653.365730882766 567.2082227771672 377.46963319822913 252.80083942299711 505.8924483886399 618.0677864326227 330.40651492894926 263.51570401871095 508.5339531984331 636.300140255946 334.7092892210445 227.73309085491496 517.9168703325286 688.3432161866211 281.2332484800266 190.39872724071122 605.8657888687594 666.517701829082 292.1468022137945 194.3466130725118 559.8813770962586 584.827430039299 360.9982829082348 191.0842331677895 591.6119599059673 602.5209812702028 346.40777256201653 204.56899540303465 566.3627978909462 649.2830820517619 328.59687526292925 207.98056344137055 548.1713757156999 593.2236017799801 356.9437257617601 146.54510313289276 642.2885999597787 619.0964168737605 325.90008369396537 212.85697427732407 551.6439350574567 650.4624601733392 304.32557812909187 177.21588361923162 610.0852804799079 607.0176122218057 357.0550720880034 189.48485718940054 567.5450111541226 549.3890488558142 379.8162114958471 204.85173681255026 569.6854648206528 671.026493675005 294.87811963306854 239.83632855687375 515.7145521340949 683.8468301298628 285.5685927618747 201.80467315372948 577.5545058055014 568.415596341854 386.15890184297723 193.58450164173192 576.886928707399 608.485254659957 336.34539274648677 123.47107765232613 662.1676242073245 681.3219695287443 278.47703292266755 245.95755035622258 510.2113946468399 629.8364963709411 333.05429939382316 238.57883859643096 529.2845012335016 662.7622761725962 300.37758499165955 240.23668848506654 520.5557962662405 574.9447544527223 356.33790166342794 142.04490481253663 653.1004430604082 560.8694877365458 369.75603437291903 215.43132337288768 543.0733377280945 642.2953329586687 334.18724062006675 156.60337994037235 628.1784740743171 636.2958295850073 314.7502492870386 198.27697413344677 586.4478069342078 597.1395359213036 349.8602422517624 235.98421289273642 537.2906330545788 566.2434700480421 369.02048013295905 187.35523528683865 597.0112135611474 674.4337953302411 301.7685576631459 176.9717677491883 596.216908979481 596.3627151087705 342.5229350141896 219.69978885550597 521.9193069930055 579.1937028198336 360.6742715745832 149.31555843848582 649.2405206620001 562.5822529284418 373.78670171630256 196.54118290919942 569.6292411429062 629.4952426233052 326.17338332739786 201.07897340161256 561.7472719870883 591.2326931192533 345.83300233021515 228.00457424997106 539.4430096679847 652.0712276452311 318.947014271668 220.89888992720003 536.1126937428676 622.1635514120245 341.7200080041168 127.38543393533118 665.7976564070007 609.6678893456707 350.1101601612 220.79560359898778 544.9786390061209 556.313663178146 375.8139783274396 235.2233209890799 522.9648478727606 683.8015496085458 291.23836370796676 203.81228723655744 556.4993585954982 685.0610163403195 296.08883542633896 212.98827291209855 539.2991067881268 573.3092320046338 374.4115972109224 247.07140577331649 519.013893159048 659.642137312077 310.65327952173294 193.36099405963864 584.2467500747792 599.1600284365892 360.6029049494561 184.9833137688535 605.6302713688883 643.6698682279474 311.4637395395999 147.01752091690534 635.3515906536808 534.4390778706313 386.45500734806774 172.64926806830906 606.1218530602581 526.1806444287151 388.4876504707009 155.2699369186167 622.216413419122 544.1808786623332 391.49599722234996 162.9955185686406 627.4620739580689 576.5842295209936 368.3135790175651 152.89310552293668 642.5207454351639 603.400412062084 335.0506365703734 184.82714629937675 582.1932479721056 638.2262593382189 329.77324016715403 247.887816653012 513.3651310765586 570.5608120868349 363.11150214594807 231.93465008251883 528.2870235885725 550.778939005557 390.0357865715492 161.54944790490407 619.0908979489882 543.8055766240354 395.830001572016 168.5505903559022 614.612707160537 559.0711969907455 384.11242022849535
420.00163596192135 5.692351111853528 5.692351111853346 8.538526667780431 0.0 5.692351111853502 12.158867304834791 12.158867304834725 2.988484333723089 5.131015952933138 12.158867304834857 7.115438889816792 12.158867304834935 10.262031905866198 5.692351111853497 7.115438889816829 8.538526667780365 4.26926333389029 12.158867304834908 4.269263333890104 4.269263333890073 5.692351111853562 4.269263333890147 8.538526667780436 5.692351111853637 12.158867304834814 10.262031905866314 4.269263333890038 8.538526667780424 0.0 12.158867304834962 5.6923511118535695 5.692351111853605 7.115438889816866 7.115438889816886 12.158867304834724 10.262031905866067 0.0 4.269263333890203 3.9846457782974034 5.692351111853681 8.53852666778039 4.269263333890137 0.0 11.38470222370708 7.115438889816983 10.262031905866039 0.0 5.692351111853749 5.69235111185342 10.262031905866138 5.692351111853486 5.69235111185338 5.692351111853463 5.692351111853407 5.692351111853646 5.692351111853395 4.269263333890146 12.158867304834706 5.131015952933255 10.262031905866166 4.269263333890269 5.692351111853556 4.269263333890201 5.692351111853746 7.115438889816944 5.131015952933091 0.0 7.1154388898170815 5.69235111185358 4.269263333890327 8.538526667780337 14.230877779633882 5.6923511118534345 4.269263333890106 7.115438889816855 5.692351111853397 4.269263333890079 4.2692633338900725 5.69235111185359 0.0 4.269263333890154 7.115438889816862 5.692351111853459 4.269263333890253 4.269263333890125 12.158867304834772 7.115438889817111 12.158867304834633 5.692351111853476 2.8461755559268163 4.269263333890151 5.69235111185359 12.158867304834592 5.131015952933121 5.692351111853708 4.269263333890148 4.269263333890272 5.69235111185344 5.692351111853614 4.26926333388999 4.26926333389018 0.0 10.26203190586615 5.1310159529330654 7.115438889816856 0.0 5.6923511118534265 5.692351111853476 5.692351111853552 6.855477416538758 4.269263333890284 7.115438889817056 5.13101595293311 5.692351111853351 8.53852666778038 5.692351111853513 5.131015952933083 17.077053335560514 5.692351111853613 4.2692633338901524 10.26203190586633 5.1310159529330726 5.692351111853558 5.692351111853532 5.6923511118537204 4.2692633338900094 5.692351111853495 5.692351111853691 0.0 5.6923511118534815 5.692351111853365 4.269263333890318 10.262031905866248 8.538526667780163 4.269263333890092 4.269263333890078 5.692351111853478 0.0 10.262031905866179 5.692351111853466 159.88859722003596 625.9666655681785 607.9059560342636 345.48983838759784 220.02864621256666 549.6415143536018 627.8893371226363 348.586292038943 187.25682202648383 595.1138275677614 517.6011741754407 398.57822526486103 147.79196540695256 649.6271541280727 504.1436419011272 394.43017241799373 164.03294361440666 620.5331427465204 651.561441862141 306.96616837899137 184.33532457100034 611.4473970833285 620.6205711670966 326.66758418757195 221.16414463013575 554.3348800694793 663.745680021741 291.9259036882347 176.1019087331482 620.4295514992191 617.9347746235703 351.899514524329 226.54152796192943 525.117534627226 562.4042553111908 392.1344586402559 140.43700495010523 650.477416400817 526.8279187024003 387.29093219473316 152.3256488137373 634.3420066406254 601.2570375150813 352.36008052335245 187.83078354089298 605.7854814988603 634.3056328040275 326.2421951068176 155.0859267168078 649.6963819604032 566.7161105022425 352.61217687776923 168.42015091410488 628.3146304449205 644.0684916478724 321.8660930627466 261.4857806046929 503.47039815071497 600.3674404274045 358.24968153781964 173.33492969566413 603.3918231098015 544.3393435198831 386.2298079616325 193.91807891896434 567.5834928367949 558.4467651388097 395.72328576502645 252.98934522381143 517.6791286794914 573.8240761427759 354.95379259702077 140.40245646240555 642.9535709085116 559.3032813897299 374.2409686240545 266.8949603294574 495.86670485648665 613.1580096341099 339.7932268448442 267.83836936015723 500.8514406233362 630.0578964879569 342.2484968085026 238.3239657513423 516.7504440818433 676.3562813201936 293.9910671693524 201.31539818432162 590.1591386995013 661.7406268254506 298.8840119666768 204.67837401882994 555.2734364735568 573.6964308027733 364.3673549919668 194.71870499353815 576.8401109003034 591.5312497381984 354.15871248684635 215.49613263974527 553.8618497335194 641.1131798612176 336.172366355972 216.29284293356685 538.6458728064646 580.1878249171941 363.1263046672065 150.6442898937952 628.9337242389527 612.7915344239512 333.3937988917505 221.16296454119143 542.1174831793335 645.7729049409885 313.845063134948 182.5233079617523 604.2226954691854 598.6011611023252 362.981432884086 199.4731073885568 561.5710994548992 533.5584387898826 384.5738180179841 213.03266963033303 562.1378187655669 666.981969756299 302.5502842362821 250.28952385796856 506.0000397950425 668.385237346753 290.2501584926151 210.52593586920568 569.4236516742834 550.7267300191471 393.78223716120897 203.88413200579308 566.9928803230955 600.8043088789512 343.2851144264973 133.47585698434844 656.257119545598 672.7761906168002 286.79091899929216 259.79412437816006 500.37187630849087 622.2977570895789 341.5045243356782 244.56107738345682 520.8444644498378 657.3251274014459 307.56690248757127 254.03636986910598 510.6452057710289 564.5414106155486 364.9552882533976 145.9373069390697 641.6986010100347 549.715998415359 373.0102404002168 224.66086650726788 534.3259025070038 634.8095619662294 342.65419800799407 165.48891294574236 614.8843390880155 630.8086052602239 323.27151556390504 197.50591867909623 578.3833929586461 580.8539553690542 356.9260895848676 244.5671567618072 525.8679911582423 552.4791072008763 374.0485710797776 191.20348308130013 585.6079301279084 663.6116004811764 307.193576402356 183.49382606202335 587.2039995079205 589.9291056958776 348.5040174950884 232.37296927394092 518.364204799962 567.4022508137805 369.43779575470546 156.9240239419616 639.0642695895885 549.4733429728584 381.22325057885183 203.83530689753627 561.3027208398868 620.5691144437704 332.70924009691873 211.1867265103687 552.4510100827112 580.0610325555452 346.4253330724123 238.14793673021893 531.529933387733 647.7411257723439 323.7059524575353 230.69778464463056 526.8105642518782 612.5359319267208 348.6453148503332 139.68954910052474 655.5809477304946 594.0491886080245 356.7996534736665 231.07015408000785 535.056032125494 540.5317717422795 380.6587706714956 248.4453491158467 513.6077406688256 672.2314406999714 292.3307433906536 209.29030942076858 546.5953461954489 672.9137554047919 301.1415224593124 219.90126768765526 529.603829698829 568.1570559238946 385.10152321811927 259.29275657227885 510.88106734232457 651.4543438501465 316.89500796898517 204.5433850711631 573.160988700117 584.0242249514154 361.04737490239665 195.04317004533942 594.4593380423178 638.7773222266834 318.1109823992889 152.18798648388363 620.8279407800544 522.4346797225076 392.7057141948104 178.8457681576232 595.7353915519807 514.8981498738899 391.3644366705312 165.91263396693702 610.5155376654304 532.28828941619 396.3769980999647 169.91167692791268 619.8581530516927 571.4447396903018 377.5896573718995 162.43209760398796 637.2971744525128 591.1088872366555 342.32534002086845 190.07668795861784 576.2869468700574 629.1280744936503 332.0788259644958 256.76227745417356 505.42322880739476 559.4537751279418 369.27412717694324 238.4363814103704 524.5582537404518 540.8643944875164 395.13617207924193 171.09673428281667 613.8809359881589 531.8389053363173 403.5476358483572 176.83931869410176 612.5386760359632 553.8093272058195 387.63033842837154
430.00163596192135 8.538526667780303 5.692351111853533 5.6923511118534265 8.538526667780296 5.692351111853493 7.115438889816864 5.692351111853653 8.538526667780214 4.26926333389006 7.115438889816815 5.692351111853517 5.692351111853688 7.11543888981683 7.115438889816986 12.158867304834786 5.1310159529330575 8.538526667780454 4.2692633338901205 5.692351111853427 4.2692633338901835 12.158867304834848 4.269263333890175 0.0 5.692351111853405 12.158867304834839 8.538526667780346 5.692351111853575 5.69235111185338 6.037650108129697 10.262031905866158 4.269263333890059 5.131015952933089 5.692351111853449 7.115438889816968 7.115438889816893 4.269263333890282 5.692351111853628 5.692351111853368 8.538526667780262 8.538526667780504 5.692351111853527 5.692351111853497 12.158867304834795 4.2692633338902 5.131015952933218 12.158867304834772 5.692351111853481 4.26926333389024 4.269263333890122 5.69235111185342 0.0 5.692351111853419 5.6923511118534895 4.269263333890183 5.692351111853667 5.1310159529329304 5.692351111853555 4.269263333890064 4.26926333389007 8.538526667780227 4.269263333890176 5.692351111853676 10.26203190586619 12.158867304834782 5.69235111185343 4.269263333890169 5.131015952933046 7.115438889816919 5.692351111853382 5.69235111185346 5.692351111853449 4.269263333890217 8.538526667780184 4.269263333890189 4.269263333890116 5.6923511118535215 12.15886730483475 7.1154388898170025 5.692351111853714 5.692351111853476 4.269263333890267 8.538526667780499 5.692351111853537 8.538526667780355 4.269263333890249 4.269263333890165 0.0 5.692351111853605 5.6923511118534105 5.692351111853565 5.692351111853405 8.538526667780284 5.692351111853605 4.26926333389016 4.269263333890136 5.692351111853658 5.692351111853457 12.158867304834757 12.158867304834963 5.692351111853624 5.692351111853484 12.158867304834603 5.69235111185351 4.2692633338901205 10.262031905866186 8.538526667780344 4.269263333890179 5.6923511118535455 7.115438889816931 4.269263333890083 12.15886730483463 4.269263333890048 4.269263333890247 8.538526667780314 5.131015952933134 4.269263333890154 4.2692633338900805 4.269263333890088 10.262031905866149 5.692351111853468 5.131015952933202 5.692351111853663 5.692351111853651 8.538526667780237 4.269263333890168 5.131015952933104 4.269263333890025 5.692351111853388 5.131015952933109 4.269263333890216 4.269263333890023 4.2692633338901045 5.131015952933144 12.15886730483476 5.69235111185341 10.2620319058661 4.269263333890276 8.53852666778021 10.262031905866202 4.269263333890203 167.48181822377853 621.1160095110105 595.1886072517117 350.08316637808446 225.73687258325745 537.8093515129672 613.4772286365577 350.15277086569677 194.44863893514022 588.8116440375188 501.75842183257924 399.6911258699354 149.9263748959514 641.9661550318298 499.4481266897569 396.9990917174431 167.7581209237384 611.1154073819171 638.8836785726346 316.4446095963981 186.0855526660997 602.3971199069482 615.0126579968805 335.089862870723 227.60204271655053 545.2463471322205 650.2728298592908 297.76165079222045 187.0465931037368 610.0578648565877 608.0621101038707 351.63647220283804 230.05506994219027 517.663693678948 551.8724985359306 394.8173394848684 142.7446210731438 640.8444989811188 514.3246514451488 388.07076467055816 162.06766811983036 621.8301183631138 591.4978182134834 357.7304187010889 195.89904207272744 594.9549364639682 625.2825871385771 331.34337052709026 157.93741291941498 639.481835707307 560.2148838107394 362.76728354993986 171.8010945160081 617.511119045883 635.7980072355014 327.9775537612595 273.87977646504373 497.2739904233477 592.5860021070001 363.68469591808963 181.77487522479285 593.9785730409147 537.0292602725553 390.91090754801064 197.04607497450547 564.0169649135837 545.2708862822063 401.5030746835742 261.9218950967926 509.77492027262207 565.2887130604332 356.4761087017381 146.94844993423035 633.9537362814564 550.0593519521071 381.76408675152044 275.52490184745994 489.92663796188185 602.863796901277 348.5392312843734 278.6230904915405 491.4879271626331 615.7353975947511 346.69932930077965 247.75922674159847 508.223951655689 669.8171301624789 303.57584762522674 200.27073662707153 573.4261641587336 647.1685300723756 308.43695402425 209.30264507714705 544.609737575542 561.2249039872509 368.51745125863306 202.02935167333018 568.5267990876641 579.1100987418718 358.43879943031254 222.80861167621114 545.5475914803659 628.9082326128758 343.58938167598563 221.8691407149808 528.8080619783015 569.6958487935478 364.5584594506873 157.20259260761568 619.9373993192304 606.3928436903194 339.40342626676227 225.32686344924892 532.0789302516084 640.9721430821143 323.3110466855705 188.65833842453827 593.7933220995078 582.247875105889 367.123174780034 203.94003438998317 552.8723555325071 528.125145196758 390.7828615434463 218.39771176244724 554.2224176348841 653.5876241074409 309.75580899148906 262.57935997594876 498.0737790818298 656.4037227732698 298.00798580021427 221.1668947595309 560.8800778606104 533.5762086102586 396.31810262865486 212.22531578398292 557.4820014234294 589.0808313241824 348.59770412740653 141.9440312057543 646.8677921270165 661.854186525964 290.78723768257873 268.75677253524117 491.4881689455961 607.9203736803976 344.49042248012415 253.6413856608181 510.9204759279602 644.6690562134746 317.05643846068614 264.4231632668416 503.03953804566464 554.6790507786789 370.14693783486535 154.61488467361121 630.357660891405 541.0747164263001 380.0978137518384 233.47435980728923 531.603742141001 624.4631409155988 347.2265309862863 167.79988779789338 605.2546709068257 619.868675657943 329.77453875694005 205.70200366251203 570.8516360116024 571.0321708825004 359.3576319513407 252.16478832640595 521.0420370634473 543.8529104403619 382.55665828233276 199.2593483222739 580.0601414601783 656.2245553684767 315.75593054648647 189.78230174715029 580.1002170491663 581.4589802817777 352.93476062229576 239.47179418812337 511.9809761074296 560.8438044677275 376.70619230783245 159.78297359702344 628.850100447096 545.4492705842115 388.09410064288994 213.2149023552013 550.5985276064467 613.6497802680074 342.0393346310373 217.2401686680528 541.9827422279649 570.9411814756822 352.69733846328 244.67231208402467 527.8415834066546 640.2323198846194 332.16748327871585 237.2369672775203 517.817282978659 604.0989557750678 353.1534372890317 146.7465870460635 651.2931766622444 582.9659800725041 361.60737927325425 239.87475860760506 527.0353658628458 533.8223623299097 387.7607796446139 253.01290540894135 501.6910835858627 665.9876116669172 297.1599999722712 217.65549932574416 537.1152337574028 662.7104956396653 306.0093857768698 228.8882009673008 524.8917083231534 560.9352525911744 388.47797088954894 271.32180620596927 501.56513607488046 647.9414620403581 325.4252551242681 212.88725281556034 563.6538021767991 574.2761438667654 369.158314786656 204.11413318786472 582.4224144682352 629.1533496194041 323.7047933320959 163.14969595998076 610.4950299087818 514.3319856424652 397.61231539151225 181.61711597850456 585.49938981115 506.8990042495298 393.3819022879594 176.5069020178359 598.7680622637264 522.226206254709 401.1937398312633 178.2098993643364 612.4413060109521 565.5596556703816 384.4029938473289 169.17496979991716 626.3339195667868 589.1237085771826 342.2674951118532 190.54080154369092 570.3748590475456 622.0284791075459 335.7391765199641 267.38472001037707 495.8949162126104 548.9096324835526 376.2648142709178 243.76291020597628 518.7219478217073 526.9895712694826 396.8287621357495 174.80917133102915 604.4569688123917 516.7182684184094 403.08227714964465 181.06758319352858 602.5254466966794 544.5064647673343 395.1029213243808
440.00163596192135 5.692351111853716 5.692351111853426 12.158867304834649 7.115438889816881 5.69235111185362 7.115438889816977 5.6923511118535925 5.692351111853508 5.692351111853524 5.692351111853412 12.158867304834676 12.15886730483497 4.269263333890195 7.115438889816851 12.158867304834715 7.115438889816873 7.115438889816952 4.269263333890248 5.692351111853513 4.269263333890155 12.158867304834601 5.692351111853592 5.692351111853447 5.692351111853627 5.692351111853548 5.692351111853714 7.115438889816734 12.158867304834699 5.692351111853503 0.0 8.538526667780316 5.6923511118533705 7.115438889816912 0.0 5.692351111853533 10.262031905866037 5.692351111853398 4.269263333890237 7.11543888981691 8.538526667780236 0.0 5.69235111185348 6.7306840096994724 5.692351111853545 4.269263333890177 10.26203190586617 4.269263333890214 4.269263333890159 0.0 10.26203190586627 5.692351111853612 4.269263333890266 12.158867304834777 12.15886730483481 4.269263333890073 4.269263333890226 4.269263333890255 4.2692633338902715 4.269263333890151 8.538526667780356 5.692351111853636 4.269263333890074 5.6923511118534265 12.15886730483463 12.158867304834727 0.0 5.692351111853669 5.69235111185358 5.6923511118534 5.692351111853684 10.262031905866284 17.0770533355608 5.692351111853643 4.2692633338903105 5.692351111853581 5.692351111853557 4.269263333890198 5.131015952932987 5.692351111853441 5.692351111853408 5.692351111853645 0.0 5.131015952933229 5.692351111853643 12.158867304834875 15.864234852474922 7.115438889816945 5.131015952932941 4.269263333890093 7.115438889816838 5.692351111853531 5.131015952933268 7.1154388898169385 4.269263333890128 4.269263333890074 4.269263333890191 5.6923511118536885 4.269263333890223 4.269263333890229 4.269263333890165 9.000397377424667 5.692351111853547 4.2692633338903105 4.2692633338900725 11.384702223706965 12.158867304834907 4.269263333890051 8.538526667780264 0.0 4.269263333890322 4.269263333890255 4.269263333890242 10.262031905866204 8.538526667780205 8.538526667780225 4.269263333890192 7.115438889816948 5.692351111853638 10.262031905866186 4.269263333890224 9.000397377424672 4.269263333890191 4.269263333890219 5.6923511118535055 8.538526667780362 12.158867304834747 5.692351111853404 4.269263333890132 4.269263333890156 4.269263333890222 4.269263333890151 4.269263333890063 4.269263333890064 4.269263333890062 4.269263333890111 4.269263333890187 0.0 5.692351111853612 10.262031905866145 5.692351111853662 179.9864798060838 608.9651368406819 584.7206333651127 354.41625171173524 230.71836944066806 525.2441793695411 601.2726327248633 363.02829663800185 198.8855995385033 574.8055906865063 491.5902217823519 404.2204424962668 155.06372987505327 632.7530719111805 487.4771602735675 402.8335462174335 175.4801831909878 598.9332484343133 631.327756145427 324.8761407719907 198.5092068204599 590.1733062370364 601.4106847080072 343.2388137033236 236.58175879490457 535.2354411636637 642.4013947852042 311.03364702354884 190.8695435808105 598.6279615612331 596.3829492506566 356.23443020998536 242.13257432151715 511.57706272912526 543.915733752499 395.6239513778002 149.8349732516018 625.9374230496283 506.9327870361454 391.08121497033557 171.9381594562452 607.3118837716363 579.7063921903504 361.4822876560684 201.76157285582792 581.1431607037658 616.278611064242 337.7647968685887 160.7810584944778 629.2619800027649 549.6406821382561 371.13201141033846 186.0503579439758 606.9367043282701 624.3411307348391 339.1387198987435 281.92258864703365 485.5682761011205 586.7127475617799 367.70117055561747 186.81712293704902 584.7146522742357 528.7759019394316 401.57403189749476 200.80995068373946 552.5729407217351 531.1952487119158 408.8521633274326 264.891229283009 504.94618682859556 558.9171115661861 362.6210128150456 153.85239733546143 621.0107384996035 544.7248068786538 386.5978639098138 288.2315236382297 476.919038483018 591.8219744166039 356.21350350902526 289.4155762368605 482.1366478049599 604.1510449450548 357.72808820240084 257.05342982501475 502.8567890218142 659.7131170897461 311.19782284156975 206.53782678630333 566.3009423730367 644.2595176115136 316.47099335489463 216.66810323332626 536.337027988962 548.6762909064284 375.32949248519037 209.65689682013783 556.2740180480145 565.9902943995379 367.3065055992416 233.5511771141226 531.8119562000561 620.4994208810145 348.1312747595485 232.504624602318 517.1175741738574 555.8352144364169 375.1687630585707 161.97249126495697 614.6506488555103 595.8401920227287 338.104382512908 237.6881138784416 527.279628107308 628.7556805433098 330.69805386633374 194.73422350778188 583.3343892553357 571.0763255555287 370.3825311775477 208.13027272872242 548.1328939355823 516.0463679326829 395.2847910308569 230.30634485759236 537.2967751605398 646.1827465380045 319.65969623467464 270.5043398478473 488.146905772018 650.7889574343064 303.70553049968794 227.23546387768616 545.1296321515593 521.0392144489886 397.0042846705992 218.6797163542559 548.4045203723895 577.3018247331077 353.79913534985116 144.45446574012936 629.9498701992393 660.9365552110963 297.45493265242084 277.512334272853 479.0577705450824 598.1584372618233 349.87095951483457 260.6038726003164 503.43466654441573 637.7067185229811 323.59957661431747 269.2895421700496 494.55203124064207 541.4538375426541 375.9092102002312 163.0918240635568 620.9690852106298 531.0340593126236 386.42986048916475 247.44856746324666 525.1365432428344 614.8330311616314 355.49215003881193 177.97400895485305 592.0861477147535 610.7577013111303 333.3354185493971 213.33796768205346 558.5960702649272 557.4856680927978 369.52145349535436 255.84200214385828 513.6577762161926 534.4584477165649 389.8757327489824 206.21089673750296 573.8298160274194 653.1192058215179 319.524967646574 198.81953545680136 568.0429264475403 568.297758619918 354.6950702222542 250.47793630120918 507.13248973175394 556.1407076730848 384.0209771213108 171.77816070108162 622.6344018289051 534.7575933237698 394.80761695360496 215.11489565132084 544.8905254114221 610.5310792024043 348.5820028981195 223.7516157362411 532.9382607288835 568.3438809326019 360.17139983386505 258.6820350690196 521.4383851230936 634.4223559747379 334.90152214221376 248.47979365124243 519.6212476179734 591.7470909840679 361.7141150122601 146.25788136770618 635.9247112831792 575.7560760602619 367.9059912167917 252.93584043149247 525.1149908674263 521.9123305237321 389.50827560830965 263.2374376199003 496.137701051949 662.373439537955 302.878533490572 223.28319676180706 527.2870783854216 653.6949206326286 309.8005344013685 239.33003387104316 520.5294290489512 549.6031431822605 397.17301902493153 277.05501040163574 493.91844099966795 640.1714699552381 328.16684775631205 219.33000426359618 554.5703635616817 562.4384391969896 374.21953177440264 214.92868907560262 571.9320823171433 623.4279870920992 329.27969873652404 168.59972915930936 602.6411967324646 505.631625443454 399.9811443863907 189.83285095239012 577.9907509656432 495.37817020331886 398.73688215715526 185.63542997842364 592.0711413374511 506.0465522731153 408.0228581107329 180.10858685359784 601.4164987292456 560.9264766951894 387.44626857499287 173.22995750111372 615.6071143440831 585.8913840982547 345.9371719973522 201.72395605233666 561.2560011464304 609.6844856211235 341.5777354091997 276.1760957855063 486.791524206489 542.9055140285483 381.5288517058247 254.56457695889043 507.1574517519198 511.05804794393157 399.46054328237926 185.35303848371328 597.9775323088259 500.8525315859251 404.17050656717663 191.6576814056542 591.2655778252474 536.9994912549969 403.9802009229952
450.00163596192135 4.269263333890065 12.15886730483491 5.692351111853425 7.115438889816779 12.158867304834644 0.0 5.692351111853563 4.269263333890183 5.692351111853654 12.158867304834656 4.269263333890238 5.692351111853374 12.15886730483466 4.269263333890055 10.262031905866198 4.269263333890152 4.269263333890156 4.269263333890097 10.262031905866204 12.158867304834827 5.692351111853428 10.262031905866259 5.692351111853407 4.269263333890174 4.269263333890032 5.131015952933173 8.53852666778026 4.269263333890105 0.0 5.6923511118535 5.692351111853605 5.692351111853612 4.269263333890248 7.115438889816758 7.1154388898168435 5.692351111853524 8.538526667780458 4.269263333890161 3.9846457782975087 5.692351111853446 10.26203190586626 5.692351111853661 12.158867304834786 12.158867304834807 5.692351111853594 4.269263333890316 4.2692633338901915 5.692351111853616 5.692351111853724 5.692351111853368 4.269263333890203 4.269263333890164 0.0 4.269263333890133 8.538526667780417 4.269263333890277 4.269263333890061 5.131015952932992 4.269263333890312 10.262031905866216 12.158867304834795 4.269263333890087 4.2692633338901675 12.158867304834907 10.262031905866209 4.269263333889974 4.269263333890253 4.269263333890269 12.158867304834917 4.269263333890198 17.077053335560585 10.262031905866081 7.115438889816987 5.692351111853581 4.269263333890208 4.2692633338903345 5.692351111853524 12.158867304834867 5.692351111853484 5.6923511118534345 4.26926333389017 7.1154388898169545 5.692351111853483 4.269263333890193 12.158867304834708 10.262031905866216 12.158867304834807 5.692351111853645 12.158867304834704 5.692351111853656 5.692351111853651 5.692351111853462 5.131015952933027 4.26926333389016 0.0 4.26926333389027 5.69235111185347 4.269263333889981 10.262031905866195 0.0 5.692351111853508 4.2692633338901205 12.15886730483473 8.538526667780491 8.538526667780216 4.269263333890204 4.269263333890293 0.0 10.262031905866195 5.692351111853519 5.69235111185345 5.6923511118535846 8.538526667780348 5.692351111853618 4.269263333890176 7.115438889816956 5.6923511118534345 8.538526667780475 7.115438889816996 5.692351111853524 5.692351111853474 0.0 10.26203190586629 4.269263333890241 5.692351111853412 17.077053335560688 5.692351111853548 0.0 12.158867304834883 5.692351111853699 5.6923511118534265 5.692351111853589 12.158867304834777 5.692351111853555 5.69235111185354 7.115438889816952 12.158867304834935 0.0 8.538526667780225 12.158867304834802 186.12347632337833 603.8497580497892 570.9283805567652 362.2490703959694 240.60538115458434 512.843395377974 586.2331900948208 371.84644166499675 206.38243277071157 564.5438007182438 481.234383551372 411.54201833101786 159.07094902904902 621.8968417788601 477.1010381141876 408.20260248818215 183.87157806221464 589.4721224067971 618.3406056087177 331.1855937268786 202.2819579087452 578.7340283259053 591.6927136877392 352.8253387878375 244.7598298567884 529.87471564555 635.4858024151653 318.973467200118 202.23678928060224 587.5711621970369 584.6310599993604 364.23039723007287 252.5528382937949 504.0026637356581 532.9952891520225 405.09043367575475 155.2943004798058 618.0921957179958 498.56811130323655 398.69588875309654 180.3071193917905 597.9769033972447 565.2166244370911 369.6910805357361 210.13983189000444 571.6656464755323 609.8043310582592 342.2974041484864 167.8326429303017 624.969467019596 538.3263353408048 375.4958202315154 195.6594887725745 594.3275957846215 618.556701424815 344.65987159027424 294.1524777166489 479.8263915617053 570.2631350617477 368.7066814238032 193.937350460324 573.072315422395 518.6662205086293 406.2343177877236 210.99830232774153 544.7057608521174 512.6024617129352 411.6561132508401 278.1917966432471 498.012916162582 552.9183644121294 367.9166834611247 161.07942021281454 614.7419127434752 538.6944144260772 390.3387590896825 295.85176704135483 464.02687248548733 579.3480455623394 360.3663486142147 296.0057851773042 471.9960335805318 593.0657431141276 365.3277583138465 265.7642180279926 490.4013012607603 648.8095720987 317.7184259697859 214.42234392656732 557.4288704006369 638.6073348134729 323.479209702858 224.99079099402672 528.9264959475715 536.6524517166199 381.46122131305384 219.52781961381274 552.3531253776703 553.4104783504024 374.0833360448453 242.79270048623908 525.2707327953838 613.3357992856289 351.6915568097532 240.27728277408198 507.0479758044256 547.169180392572 380.7037830968613 168.30101191407013 607.5757170492582 590.6810533741608 344.52955176050165 244.89132536227402 517.7937299566992 618.4723451199503 339.42678798906377 200.44120881059683 571.4968753570855 558.5401712102813 374.33317329981503 219.0568315680234 543.0683956554245 506.5800418946856 399.4662926825197 238.44116912903345 531.9162276398274 632.8752177776082 332.2068271596975 277.37536836656693 479.3840854139176 648.5031049509525 311.26456657549465 236.42587849011795 538.5374957641782 518.7574588250228 402.49285702674035 229.48535446476993 534.699431829201 568.0862834268653 359.9615867148411 152.20702369697443 628.4318833574418 658.0530028639828 306.8434837555701 287.78950349041025 473.6194502767878 593.6522393315248 357.27338242677683 271.90773558426963 496.80406323615364 627.1073954658672 327.32833799492875 276.4543978990115 487.17883927907593 528.7448314036344 382.41634697603365 171.88332302416876 612.9255933600248 522.1713452691944 393.17848146475 250.69661779224114 521.6688450705338 604.3263694923298 356.99299991892434 184.5837595316483 581.044513785974 605.6342886872701 339.81495675647693 226.53822529803622 549.1792328676095 548.173336708142 374.1096115403328 264.89144359716124 505.90477017355084 524.2507985835873 397.44263505861676 214.24426266266732 562.9829883991307 646.7142393643275 324.1813278711294 203.3366177513811 559.362691045931 559.0310832489996 365.07426486619835 260.06305965432136 498.81162800215276 545.5200944178295 387.9156798307219 176.1660942240558 615.950466828499 525.2253086099304 401.96132926950986 222.35039301549722 538.6360560996968 602.7354042401693 353.99457983080873 241.1199373966286 521.084803687481 558.4094326721608 369.51631977115784 266.7624036054585 509.48865704249323 626.6789332745692 340.38950427369923 257.4066276592457 508.47812315541864 578.611246131691 367.7188498385089 158.59589444725154 631.0930813693112 566.5137256661468 374.0048054943485 257.94358721711586 514.6077466057164 511.94630187788346 391.31012352605 273.49353417251166 490.6678358594492 657.5675088542404 312.3129086746798 232.85003544331596 522.1213645848784 642.2080562618461 318.1959611478416 245.62598217679204 506.8902190254511 539.1242609919163 395.28683023893103 282.5254510994147 484.89924764357835 631.9438265075477 338.41207489565323 226.0323961193253 543.5628162260523 553.0771667164022 383.07132578802526 220.6564023595337 560.1138302207924 613.0906779555473 336.5761344477879 175.79027662151046 596.3402920493073 496.1404473314504 404.125116373282 193.76211146677616 564.5853042292064 483.2652665534541 402.9967777729855 192.60232288977585 582.4013493045146 492.7328466418797 410.26171523775076 192.0485529177458 595.1014868394145 553.686454787787 387.82324762049626 180.5979276166178 607.3472169451593 577.3967045794916 353.1276781462346 209.5927947002895 552.3899879474499 601.2658375931907 348.8596491272919 288.9131488838765 477.1240429648539 530.216129821554 387.9841075775906 266.67681473128175 497.95979964520245 499.37475358370835 407.64940900052864 194.78598169881556 587.322167135961 489.30547491431577 409.4720790696664 198.25725811659962 580.2158851416466 524.7972480888543 411.340334563733
460.00163596192135 12.158867304834668 12.158867304834734 5.692351111853478 8.53852666778043 4.269263333890048 3.9846457782974416 4.269263333890087 7.11543888981687 5.692351111853483 4.269263333890087 4.269263333890129 5.6923511118535846 5.131015952933141 9.00039737742462 0.0 5.692351111853492 5.692351111853476 7.115438889816867 5.6923511118536 0.0 3.4840401359501985 4.269263333890105 5.69235111185366 4.269263333889972 4.2692633338900166 5.131015952932965 5.692351111853532 5.6923511118536485 7.115438889816887 5.692351111853545 7.115438889816872 5.131015952933197 0.0 5.692351111853453 4.2692633338901205 12.158867304834882 5.692351111853434 10.262031905866126 2.9884843337230236 12.158867304834855 12.15886730483481 5.692351111853525 7.115438889817005 8.538526667780353 5.692351111853564 5.692351111853348 5.692351111853687 5.131015952933149 0.0 4.269263333890288 4.269263333890174 5.6923511118535295 0.0 10.262031905866362 7.11543888981693 5.69235111185369 5.692351111853488 5.6923511118536245 12.158867304834699 5.131015952933 4.269263333890185 4.2692633338900645 4.269263333890064 5.692351111853612 7.115438889816955 5.69235111185344 5.692351111853552 4.26926333389016 5.6923511118535375 12.158867304834715 5.692351111853659 4.269263333890162 4.269263333890196 8.538526667780214 4.269263333890223 5.131015952933141 5.692351111853495 10.262031905865987 4.269263333890243 4.269263333890269 5.692351111853644 7.115438889816834 5.692351111853665 5.692351111853665 4.269263333889986 7.115438889816931 7.1154388898168985 4.269263333890212 5.6923511118535925 4.269263333890184 4.269263333890227 5.69235111185358 4.269263333890152 5.692351111853508 0.0 10.262031905866179 8.538526667780422 4.269263333890144 5.69235111185367 5.69235111185341 7.115438889816923 5.692351111853457 4.2692633338900725 7.115438889816873 10.262031905866149 0.0 12.158867304834859 4.269263333890172 9.54636302842571 4.269263333890149 5.692351111853548 0.0 4.269263333890229 0.0 7.115438889816937 12.158867304834795 12.15886730483473 4.269263333890132 12.158867304834795 5.692351111853543 5.692351111853649 5.692351111853579 7.115438889816873 4.269263333890207 4.26926333389006 12.158867304834832 5.692351111853463 4.2692633338900094 8.53852666778048 8.538526667780168 5.692351111853503 5.692351111853495 10.262031905866275 4.2692633338901365 4.269263333890138 5.692351111853491 5.692351111853486 4.269263333890189 5.692351111853532 8.53852666778042 191.8507450614378 592.0241173481065 561.0253406478759 367.2516678361158 247.80651891755585 505.94204136647454 576.3635553705318 372.6784172064413 219.0495422809503 555.7351779239177 463.93624316311883 424.00688392293387 166.46130113088145 618.9595155344949 461.38211403430654 417.05007189271896 188.42845098312168 586.1165643719396 617.1558265403305 337.78383368128607 207.11258389554834 560.8153875423636 577.8878497387088 356.36180075308806 252.44531152556436 525.1626862365224 628.4856944290617 326.840215498507 204.619944694676 575.9500041402886 573.4258280251498 367.3645635085536 262.80281443765386 498.5035966826567 519.6745433206365 407.4539151521327 163.37902751173917 612.5963261700437 492.4988745021384 400.81656780518045 185.9849470748794 592.7839690820442 552.5563857591926 376.3726816402753 215.21628527446427 562.4285524948809 605.3010008962054 349.70511777464645 174.48207710638903 613.9489294531219 525.5085965911287 383.35558356656657 198.27132764491225 587.1346836762523 609.48442674607 353.79114528561655 299.254291790895 471.5240790906081 558.3007384149747 376.41951708330686 200.57188525187073 562.0451523335687 505.10410079286214 412.7754782268259 220.59022472564374 534.1687338130649 499.12259774772474 416.72604763988664 281.7195354428669 485.9415094907677 536.3014086034697 374.1601194567791 168.43988356627193 606.4806267304782 528.6714789806052 393.60815474513225 303.7803169110577 454.38405524821354 567.4515397143347 365.32486867626403 304.70821265969937 460.5711633352506 583.1901206090996 367.6296513832516 273.7903848713356 483.889628563839 643.8519243125697 327.09833263462235 221.13681839059493 546.4551075265435 629.6706809768882 332.7143527251226 234.4894038974098 520.4500415452188 528.1434483618486 388.0141074327825 227.508823015283 543.5666361455372 534.7644205026304 381.5625004839131 252.4324873671834 520.2373423245913 601.5465301914167 356.88503911516824 245.73433874983013 501.32416566024597 532.4706261418228 386.95963539018 175.81508821420536 597.3303570972691 585.4561610611792 353.7493776286402 257.27955924784624 509.9212388327295 608.6921594586759 344.74703594622866 215.00904119118917 556.9586976344298 549.1419595766049 381.6582607224468 226.5256947990322 534.888078794923 502.3000852160227 404.686245985388 244.25665940966732 522.2172552809684 624.5359047139377 340.9704065307714 290.49363286283364 467.98080463954375 638.2302766450207 318.6396023906801 243.75104189505663 532.4042682656375 509.19420881982944 408.07230123899444 234.87291653362377 528.8989601057046 556.7760720564685 368.6687234414565 161.19029321450904 623.7332541818058 645.7719338069161 312.83334984980394 295.95857398971475 463.93902969446987 584.455553450594 360.58398623035976 276.5833204361663 490.3091029811735 623.3854952238817 337.16947155580647 285.5962429875144 476.2510653525402 519.2690942898348 388.107674545691 177.66102904669808 606.4252447185204 512.7964728520845 395.9700576019608 259.9734540943122 515.3727105004211 599.7721456753128 362.9508965077432 191.6016402818029 576.7024689565271 594.5179607137902 345.97665203230747 233.14304762180686 540.1961082394465 532.2198667720827 378.43353874774766 275.3994837956836 498.4778836988823 520.0851808746019 401.27996268612776 226.92894920748887 554.2186630361582 636.9239808560607 326.78879219928064 213.54676350747962 551.5366456617577 549.0563989783353 370.03697607831793 262.7593874932074 492.61963944978174 535.9732298108261 396.533439089245 184.28072724841618 605.1803694688197 515.0009797850876 407.97706994609746 228.62448082643505 528.3205690445146 594.8897153640623 362.1819588585513 247.84428408079341 512.2228236964511 542.4644961861193 376.30212641626593 270.0646979768821 506.07338277648546 615.6766950471393 349.47700903327285 267.0459209799833 500.19219558788114 570.0056907383499 373.3466461039877 165.4632854361382 628.7497340263754 557.8361099257974 380.9519195303908 264.52220686226053 507.7666596272918 502.5584609586829 394.03427414994724 281.8080766309737 482.2417089957995 649.180025058345 316.9193202332873 241.7351927526107 510.94285805662696 632.4205853887652 320.80250956426863 255.37361402782605 505.28115370013256 526.3905347600294 400.1779193689336 292.0176286697402 478.72224118211767 616.287270916752 344.99891710374567 237.09027943309016 533.3123448247621 541.7008942309776 388.73375826375093 231.5961572215641 555.0955248266142 603.9787472493985 342.87224275456396 181.55947194185512 589.832055328878 483.19225625309423 410.1392963493807 208.00280680238922 553.9727185677809 476.080974528828 411.1598321763379 200.7957314478524 569.5921289778196 478.402521170253 417.0577358145578 194.4248253690517 583.4765619068393 547.944753836654 386.03738675490115 184.07102973804274 599.8596237539258 571.4350083314414 359.9049760383689 218.26492177100857 541.0444937721538 592.7602633493242 354.63650047581496 295.64302806088716 470.5435335342725 523.3607187314417 393.46282796543085 269.0938274810826 490.3666482701709 489.96507802130947 410.2945930753878 198.05383750732958 576.485014610746 471.62543553662823 416.77080273580344 207.34661117318475 568.1996606169688 511.7452567595097 410.99380365526287
470.00163596192135 8.538526667780367 5.692351111853575 0.0 5.692351111853594 10.262031905866193 5.692351111853503 4.269263333890183 7.115438889816931 10.262031905866179 7.115438889816945 5.692351111853444 4.269263333890131 2.8461755559268958 4.269263333890131 4.269263333890007 4.269263333890074 4.2692633338901125 5.692351111853613 7.115438889816966 4.269263333890247 4.269263333890069 12.15886730483491 12.158867304834851 4.269263333890035 8.538526667780303 10.262031905866156 5.692351111853444 5.69235111185362 0.0 12.158867304834725 7.115438889816866 10.2620319058661 7.115438889816959 8.538526667780337 0.0 7.115438889816953 5.692351111853612 5.69235111185366 2.9884843337231897 5.692351111853397 12.15886730483478 5.692351111853512 5.6923511118535295 5.692351111853577 5.692351111853631 5.692351111853577 4.269263333890217 5.13101595293311 5.692351111853535 5.692351111853604 5.692351111853509 5.6923511118537 12.158867304834796 5.692351111853593 5.692351111853629 12.158867304834892 5.69235111185368 4.26926333389005 10.262031905866207 2.846175555926837 8.538526667780241 9.99532137056268 0.0 7.115438889816984 4.269263333890097 5.1310159529331605 12.158867304834725 5.13101595293307 5.692351111853653 7.115438889816942 5.692351111853445 8.538526667780353 5.692351111853557 4.269263333890317 4.269263333890149 10.262031905866175 7.115438889816901 5.69235111185359 5.692351111853384 5.692351111853591 5.692351111853586 10.262031905866165 5.131015952933128 5.692351111853567 10.26203190586625 9.000397377424516 10.262031905866156 4.26926333389028 12.15886730483472 12.158867304834837 5.692351111853448 5.692351111853718 5.692351111853613 4.269263333890256 8.53852666778033 10.262031905866149 4.2692633338900885 5.692351111853437 12.158867304834844 5.692351111853428 5.131015952933204 5.6923511118534265 12.158867304834825 7.115438889817061 8.538526667780243 4.269263333890221 5.692351111853501 4.269263333890169 4.26926333389006 8.538526667780472 7.115438889816954 8.53852666778026 12.158867304834756 0.0 5.6923511118535055 4.2692633338902 4.269263333890232 4.269263333890161 8.53852666778043 8.53852666778032 0.0 4.269263333890119 12.15886730483481 4.269263333890208 10.262031905866014 5.131015952933016 5.131015952933155 7.115438889816917 5.692351111853463 5.692351111853652 4.269263333890139 4.269263333890107 4.269263333890214 5.692351111853562 12.15886730483476 4.269263333890224 5.131015952932989 12.158867304834708 5.69235111185342 5.13101595293304 201.1516031144301 583.356473368198 549.6672434094744 372.9791949863049 257.7688486731008 499.061866400236 565.0749488370036 378.4997643340311 233.03366628385552 549.2388387394726 457.15417259369616 426.46438427946754 170.82896149541148 612.264024894227 452.4750861308412 420.56784421017176 196.6734895989392 578.6407949754945 609.2787029045093 340.2907947955027 215.42769523634107 553.4062730517333 570.6219671307241 359.68908721027094 254.7372658358134 514.2044742184705 617.4757469986731 335.92127906092253 206.38000591404924 566.8775592252656 562.1573258544389 371.76179957927246 274.2231986203798 492.0063703791079 510.1025173911187 412.99467126727734 170.56726089411308 606.293256088394 484.8356898215431 406.5333422989346 196.82708229958925 583.9272961015512 538.567302433609 380.8016751881399 221.18422767133058 552.3558180106003 598.7370144065818 355.5410100607768 177.79500724619243 608.4325898468189 512.4345631002886 393.8754847650928 207.0270544074972 573.75580893438 596.3529427330703 359.7671044545879 310.51297461332996 462.75035506581366 547.6315085526537 380.24625045247996 209.58457035966063 552.0591502624166 495.2961586325331 421.10828435518715 228.67713617615598 525.5126962866941 483.633681002203 421.4415609670727 295.2420332043612 479.41933050256705 524.6788421705803 383.9456110271001 175.4628144728313 602.14340083795 517.095343667185 400.42332020837347 310.8200054612188 446.32052816775234 556.1477493672348 371.1015184077259 311.9662013949493 450.8904419481905 569.9507600973604 373.37818534829165 279.46225522936237 478.3189313696764 630.1885020101481 333.7941478834337 227.5688295089358 539.4879606163328 622.5982627300128 341.9375581419995 241.0280270663138 513.5809812452032 517.9314223094971 394.06289404030224 237.86257150030045 535.9250551458073 524.5229358178326 389.0873314302191 260.28344941625113 506.9658640113084 589.7009457849452 361.924012174937 253.55351030010573 500.0811430920496 523.5058213319327 395.0622226310128 184.05227856755585 589.839994488802 576.2254751166345 356.9578013115338 264.1124742993948 497.82043061695845 596.2111639600989 347.44995313099326 228.44203047566054 551.049093226511 538.3986370737261 386.82675794805084 234.0806891600592 526.8224702185835 495.2388604215758 411.37999453071825 249.48403494777753 518.462744973682 617.4188160344934 347.3138011272041 296.35232922669593 467.3569479029705 630.5604249596943 328.3671559707134 254.19210105926751 524.8866314643882 496.8449916991543 415.1528845696905 241.61834898187232 520.0537612797037 542.7505316784082 374.63853949189695 165.72652201610308 615.0672840978822 637.4959483652518 323.0565330271219 305.72726549575884 458.22051730189094 577.1485930581582 366.7747248604329 287.84847665108816 482.55685620906377 611.0012318763539 344.22916574341025 289.83980980651813 462.43330515474923 499.4649612226788 399.6667706155458 183.7957747726702 601.3007569272229 504.99456285123915 404.59059268491046 266.58212366891865 508.57839303994535 585.2647356380469 369.71019077855675 200.21992501073532 570.6218172369786 583.9796578500508 354.4086856403796 246.55162194575354 531.1003386739201 517.9835580161935 386.9775068701437 278.7650240786152 491.76066528360496 511.2863374908398 405.0216370404611 240.92269037691167 547.7663075650574 622.6488145845259 336.73825075120584 221.89565641231317 544.1768256956879 534.1915901179817 380.5722354375178 272.51917184142746 484.482681893938 526.4549777513146 402.18771598862753 189.33124179440796 595.9180330371676 504.912596201428 411.0603905361426 233.3951238925751 519.7975757096324 578.3823062492907 370.19613993897036 254.19723104961258 507.3635554412476 532.1579982981581 386.7264030720941 276.15197615897637 499.8856605729062 607.810481335437 351.95352576954724 282.05806157782916 485.92002781523706 558.0433834071727 378.10431998264573 169.67163904133912 624.0245365340818 547.0908550344884 387.61294821706707 269.1733471049282 497.9453825617051 494.64085551078637 404.0510725996052 285.27254319349476 472.25835026626487 644.1048122067789 323.445193481665 246.3534471163003 504.43296623221113 624.7322988840154 330.5294252342321 268.1000205564718 488.9429220222341 519.9982066227116 408.0437343139045 299.2648973737556 470.27951413245836 603.1564741761115 346.76750797784194 239.24274529108422 531.0225975131804 534.0366711970491 397.502650055992 243.6108339024156 540.3282695552414 587.5705787173213 346.7737808528482 188.7479655367884 583.5298033077535 476.5192266208215 411.186584963448 217.389341139595 545.4403881385188 466.439394141724 416.5995184979752 206.09199147902123 558.3878583881864 469.6625108862318 419.2673623235521 201.7771400724156 575.2341010949465 540.4575383485322 391.9664697852299 190.17199453815803 589.418004325737 557.532004321407 364.5995171380874 224.70153489025213 534.0886512875686 584.1737756751278 363.16657919425785 301.61086534815604 463.2948676419097 507.1109643359982 397.4708528456038 283.4337611081977 481.17701435065425 485.04725707406476 414.44457488545174 202.26503176215536 566.4501531504889 458.64385102809337 422.7229547372018 215.83399699397535 558.8068506174506 501.18156465704595 421.16705840271044
480.00163596192135 5.1310159529330654 5.692351111853543 5.692351111853524 4.269263333890314 7.115438889816808 7.115438889816983 5.692351111853363 7.115438889816837 5.6923511118536085 4.269263333890313 5.692351111853669 7.115438889816894 4.269263333890158 5.692351111853425 4.269263333890095 10.262031905866234 5.692351111853596 12.158867304834741 4.269263333890146 12.158867304834843 5.692351111853503 10.262031905866104 5.131015952933284 5.131015952933152 5.692351111853533 4.269263333890238 12.158867304834912 5.131015952933181 8.538526667780337 12.158867304834835 5.692351111853684 10.262031905866127 12.15886730483463 7.115438889817009 5.692351111853465 0.0 5.69235111185352 5.69235111185352 3.9846457782974993 7.115438889817029 8.538526667780241 5.692351111853649 7.115438889816864 5.69235111185356 4.269263333890254 7.1154388898170895 4.2692633338901445 10.262031905866111 5.692351111853525 5.692351111853584 4.2692633338900245 8.53852666778025 5.131015952933112 2.8461755559266924 12.15886730483474 7.115438889816954 5.6923511118535215 5.692351111853399 5.692351111853602 5.692351111853741 2.8461755559268025 10.26203190586619 12.158867304834805 4.269263333890323 4.269263333890193 5.692351111853562 12.158867304834901 8.538526667780424 10.262031905866218 5.692351111853542 5.692351111853565 17.077053335560702 5.692351111853514 12.158867304834931 9.00039737742449 5.6923511118535695 5.6923511118535 4.269263333890208 4.269263333890243 12.158867304834825 7.115438889816892 8.53852666778025 4.269263333890284 5.69235111185355 5.6923511118536405 4.269263333890032 4.269263333890086 12.15886730483481 5.131015952933044 4.269263333890105 5.692351111853576 5.6923511118535775 7.115438889816909 12.158867304834653 5.69235111185359 4.2692633338900725 4.2692633338900645 7.115438889816856 7.115438889816866 4.269263333890184 0.0 5.692351111853654 10.441194558967673 4.269263333890298 8.53852666778021 12.158867304834727 5.692351111853419 0.0 10.26203190586626 7.115438889816841 5.692351111853543 5.6923511118536085 8.538526667780387 2.4131239368097828 7.1154388898168985 5.69235111185336 4.269263333890224 8.538526667780362 5.692351111853462 4.269263333890045 5.692351111853559 8.538526667780342 4.269263333890284 7.1154388898170025 5.131015952933174 12.15886730483472 12.158867304834825 8.538526667780367 5.692351111853391 5.692351111853397 5.6923511118535775 10.262031905866033 8.538526667780376 5.6923511118534895 17.077053335560677 4.269263333890193 5.6923511118535135 5.692351111853585 5.692351111853441 8.538526667780209 213.1415514028184 571.8131449803715 539.2174528348806 386.2480202159617 268.3875027076912 491.78262883330575 552.2440625651154 387.8317675630833 243.64722085043306 539.6456991811347 444.19034421687013 435.6686073169923 181.8966699178141 605.1766151264059 442.2946988877614 433.10435090960374 202.85824528002564 568.2440054968484 597.4522867802655 348.2206938508624 227.04237701847055 542.6060838935281 561.1768897734247 368.45801666256324 263.882886914881 506.55958403827697 608.3212245791834 343.5666567948963 212.57282206055982 561.831433546781 551.401115176079 378.42369739760403 281.0702878238948 482.0649804227722 496.1679409850027 423.67259982112034 178.81057999836472 598.8122216438292 473.2402577416784 411.7227330564577 204.23074456954475 575.6959722495633 526.5061482108579 385.2423413953134 230.45431605407614 545.8481004854397 584.1429923526385 367.9268924291414 187.98073987998845 600.561395820098 500.20391200030787 399.55703791882337 216.59234530139963 563.2213971826517 588.3722090676891 369.2350756609064 314.75313495694115 449.5880064240619 537.1464697041635 393.48236960135966 219.703494601478 546.3181477035187 479.57276190800303 428.64142629872026 235.38183022985268 513.3360593526384 469.4906648115807 425.33436153142134 301.78630168065087 470.1512705643109 513.1756713244666 389.33094787309415 185.81844783200376 592.3034550349686 505.7749143283894 412.41013450910106 318.0873643965961 434.05967861823933 543.3931346489326 377.51979726520653 316.8390220834511 442.00643524030204 555.2308905172208 381.15475201368776 290.2613460189533 471.4094961395111 621.0971132385143 342.8826497331426 234.29203467197408 530.6177457070373 609.5265053197237 353.6528065516377 248.74516926541875 505.6255896361501 509.2552739922988 405.93228174119855 240.5860943022261 533.0655387217259 514.024894741793 399.3617525576325 267.79167167389545 497.7058478011968 580.4466971781997 364.39408634966736 263.87081493203584 491.379194274509 519.0537836245168 403.1442007351447 191.2663906041048 583.5601178588915 566.9022823906053 362.9178183893333 273.3766614595547 490.28620315185236 588.9375461893673 353.66280885179964 236.65464749713547 545.7289029203973 529.4832694452904 393.5050200255508 235.33167848408567 520.3570420827723 483.17074271596533 414.1333196411947 255.78791448780095 506.92449067416703 603.6070245680422 350.891482320648 311.68753413814903 464.6001404348146 626.062042268116 335.76751498621434 262.4112409317259 513.0408857185233 483.5707631300302 425.4097408761978 251.31274822794836 515.1516914619358 535.1030433580753 383.4048193827621 175.9053278453562 607.1914032070372 634.3498595206887 332.45476996828785 311.73303286572605 443.49682757077886 560.4239775599324 378.0737934446144 296.9677602873479 477.2380093498623 594.5748393921162 353.7871530717873 303.6846274424986 461.1179658493793 491.6210443619801 408.234637184482 190.80596149935934 591.655252216885 487.7256371668513 415.7982862083383 275.5247216617762 499.6240608421801 575.4288560016576 368.99938057966335 203.25496052342072 558.4275459771678 575.328959404692 361.4050557854092 253.85350334577385 518.3715122777687 508.7447139541072 397.85324858364106 289.2465252341202 483.2875426892032 500.5062427492403 418.0165370721642 249.96914649338783 531.2857010945692 616.1629178941428 346.90923926591455 232.82155471397158 535.9690878601133 519.980635122199 387.63299358476513 282.4119039232418 476.56268505705975 514.8325648463108 408.93520987778453 199.70530215929412 586.097994607912 493.8208137051695 418.74194246679343 243.60731003491367 514.2759932664683 567.8098382666354 374.11106139840047 262.81056858801816 500.3166676522283 521.2585087382349 393.1784146584259 285.33015243947136 491.1571360287614 598.5982028058493 358.089508472967 291.0965850772035 474.28896394797437 546.7626391300017 380.83206998683244 172.09992179033847 617.7225340555542 536.7038285626855 397.97832422191345 279.833228333746 490.7123997565857 483.0588177195089 409.26303938743723 296.53764456253333 463.46795915444795 633.1451357098177 335.40271594448086 258.33142096450734 497.3283671550967 615.6212480413388 339.6284419310542 272.2970641341314 486.49362849231244 509.9246857485081 412.4836335972352 319.0754283395194 460.41965210653626 589.2937813174209 360.2027943768903 245.17441642233388 521.3896029002086 526.4480209018567 403.3317551270596 249.12132445700982 525.9428861213974 580.2850348054061 354.38051957225963 196.31983681521822 573.3282938526057 466.1899633479093 417.01026324037025 223.83755381058748 538.4962632539962 462.4609144088763 425.645644693088 213.75665869001654 548.2624702035947 458.3208391959437 429.7390563590337 210.25878139397344 565.8621217309801 533.3585984433063 401.6938139829305 195.61894222535582 581.5600448340683 552.6381706827218 373.2199558343788 230.58392438319459 524.4166211711787 570.3484772487751 365.0167370053787 308.52678613460097 450.8072061881632 498.3083272933425 410.71332480802954 298.05265753393144 469.0783946346241 477.95041239030724 421.1751739957996 208.3314838179391 552.7282630576169 451.4336036893303 430.86558117340377 222.0602870308954 553.7804867953544 490.27580653109857 425.99656552627124
490.00163596192135 7.115438889816903 5.131015952933021 5.131015952933184 7.1154388898171295 5.131015952933162 0.0 12.158867304834736 2.9884843337230413 12.15886730483484 4.26926333389006 5.6923511118535 4.269263333890255 4.269263333890237 5.692351111853476 10.262031905866122 0.0 4.269263333890113 12.158867304834699 4.269263333890133 9.546363028425805 5.692351111853431 5.692351111853514 12.15886730483476 5.692351111853453 4.269263333890269 10.262031905866305 9.00039737742461 0.0 4.269263333890126 5.692351111853454 5.692351111853613 7.115438889816895 12.158867304834725 8.53852666778032 5.692351111853616 4.2692633338901285 5.692351111853389 12.158867304834812 7.11543888981695 8.538526667780214 7.115438889817022 5.692351111853512 7.115438889816864 5.692351111853525 5.6923511118533785 5.69235111185359 7.115438889816905 5.6923511118535695 5.692351111853564 10.262031905866293 4.269263333890172 4.269263333889978 5.692351111853493 4.269263333890225 8.538526667780246 10.262031905866126 4.2692633338902 5.6923511118535295 12.1588673048347 5.692351111853721 12.158867304834835 7.115438889816966 5.6923511118534575 12.158867304834725 12.158867304834725 4.269263333890101 5.6923511118536645 4.269263333890268 5.692351111853541 4.269263333890242 0.0 8.538526667780413 12.158867304834832 5.69235111185373 12.158867304834713 5.692351111853407 12.15886730483481 5.692351111853488 5.692351111853405 5.6923511118536485 5.6923511118536245 4.269263333890301 4.269263333890173 5.692351111853716 10.262031905866216 5.6923511118535215 4.269263333890204 0.0 10.262031905866204 7.115438889816816 5.692351111853619 12.158867304834736 5.692351111853532 4.269263333890239 0.0 4.269263333890152 10.262031905866246 5.692351111853517 4.269263333890225 12.15886730483481 7.11543888981684 12.15886730483481 5.692351111853487 5.692351111853392 0.0 4.269263333890146 0.0 8.5385266677802 4.269263333890095 0.0 4.269263333890198 4.269263333890224 5.692351111853636 7.115438889817029 7.115438889816962 5.692351111853732 5.692351111853488 5.6923511118536965 5.692351111853708 5.692351111853447 12.158867304834855 4.269263333890069 7.115438889816926 5.131015952933121 4.269263333890172 7.389992380302193 5.131015952933053 0.0 5.6923511118534975 0.0 7.115438889816969 8.538526667780369 5.692351111853646 4.269263333890207 5.69235111185356 9.546363028425793 7.115438889816946 4.2692633338901205 5.69235111185354 7.115438889816858 216.39225995741594 563.0070797304513 526.6481602268286 399.15652299717425 281.17791451391463 481.11713983535583 546.0683347612885 392.91536605001227 247.95063707953096 531.7384255829367 435.3415128036485 439.2897265483182 188.22866688653923 598.116581266333 430.77768869517047 437.81925828936653 213.3532223444782 558.5594742934793 588.8887488980004 349.55695321761135 237.06695104886595 530.331811870563 552.8664107343106 379.10253048594757 270.11160261237416 493.75180987221876 598.4347459806153 348.66007095697614 220.1179998783383 546.7215327368019 539.2018087371154 385.7588247721114 289.9888783600571 475.4233614050434 485.5758862543661 424.21557375691924 182.6712067603969 592.7245557606931 462.48457387865193 423.2321485898447 208.8760259504855 567.0923776058828 518.2107322817865 391.4432822508834 238.06288007312966 537.8265624794735 566.1661918450969 375.0411023749717 193.44262571710405 592.7076527814559 488.62907708310104 404.7785276766864 223.97367880993943 551.7513847030666 578.4747225224545 369.9039638832482 320.10860187112877 438.80300872604016 533.5113051520386 399.74303473468797 228.6052573421948 535.1511882042417 466.0112273501232 433.561889227503 245.92216128518163 505.94408454314356 458.8370087552812 435.4181400670292 305.35803041879933 462.24931762339435 505.2745691829965 399.35639780468347 192.87900028384254 588.0127079224962 492.33567310556475 415.9601131369446 324.15711268242296 428.5038199549555 535.1616143228418 383.80554537518117 328.7926896166461 430.42246881409665 545.9494221736379 386.9688591004393 295.8364742319403 459.9330196212512 611.2371014986888 348.0336109050776 240.4952159303512 519.0396657061129 597.0084888311018 357.61372910649163 255.17138385406054 500.87543566891736 499.4403496324638 414.25895990191725 251.03206930535205 522.2692829835069 501.09456137289425 405.4016886664699 276.57531167266546 490.82191820900005 570.5061360757057 366.447794577029 272.12204576600476 481.71929579968355 509.15621541226744 403.35646000022706 192.50204188143286 580.4257162579829 552.9386776128598 367.37790483628265 286.72636722742544 482.4588113427082 576.995001906001 358.50531175164036 244.53205299341383 535.7727732423688 521.1131346858683 401.1131685103078 243.60899794332136 511.8501715045404 469.71767451504456 417.6425401991068 264.7729093209335 498.0153385715063 591.0403361009655 357.6715390775668 317.32460520335445 456.61165108449796 617.5241458053663 342.940997852131 266.3191736312806 505.7997117860944 470.22206881989655 427.49317338131124 260.23415747881637 509.51694122414614 528.2908462930549 387.4263440276464 180.9851996042126 597.9528583951898 625.1767508928301 335.8109590525343 319.6863145224025 432.09234862310075 554.1081458986748 387.46052436445865 305.6145404075246 472.6511508340903 583.9608794838534 359.22070753599866 310.3777034963894 455.1568677423535 481.02872043074666 408.7825091987771 201.2228151610677 581.8879615884392 476.3396952034463 418.1476349902176 288.89493129744926 488.4374010272903 560.741211475701 375.34195554971075 211.4343826524296 553.0595344120665 559.9488167363612 369.63546099931244 272.3015357946356 516.5859980525224 496.9815138323662 405.9461926308818 298.22299713377316 476.69702023338044 487.37175209116305 417.28765643674933 257.9772217016941 524.7531589581251 604.3026073708945 354.7578874984591 244.77585592350488 527.413134248075 510.3157079429523 394.58943660461983 288.1474814816299 466.4446002928388 509.3410909008552 412.08254451723946 206.96275972384592 579.8707330055175 479.1006168048053 421.61769125033464 251.69199835323738 511.13357087092163 560.3361233173955 380.08919194157284 271.6306298576719 486.70058788296416 510.89453095383976 400.51974020747446 293.77853988835625 481.6105425836861 587.9597032236926 364.9423524386675 300.08964688757135 467.76952528120626 530.8901390002651 394.3886231328914 182.2869012054697 609.873762221089 526.588114531285 403.9144008022882 293.5933201806575 489.11311262773364 475.11404020210136 409.6662973435551 308.21414603936853 451.60308866417506 622.6987274169524 345.3528794638123 264.25552693784033 489.8096794003832 604.4479924225333 347.06179939429785 281.5482062542724 474.43040575818833 502.2725974990742 418.2079526093087 320.10513134625455 447.04155816315 578.0230891572824 364.59917881165654 258.8438788586926 515.9254687455381 517.5394404454065 408.46772285267934 264.5166679877239 516.1705414493424 568.2708052676176 362.00753972341505 205.03936260564396 562.0153891791925 459.56309658281816 426.18694017428214 226.93303577355317 528.3583180942721 451.8061054521825 435.72793993590847 220.143315386989 537.9820473550889 445.38811559670825 437.38690309730157 216.42353864551652 552.173053368288 524.2221406966387 411.1210729601691 202.90258614636664 570.0154366326283 544.5209594474818 378.1168497924088 237.1564218833636 517.5967109188775 551.0293430681398 372.7953923290479 312.64461447316717 441.0419804072005 491.73827361529555 410.34992649203645 302.5551281836884 458.71831943499336 468.045257093437 421.3132079397845 213.3826773445012 545.5516053180952 443.1666067707102 435.52009891814225 231.15979731517842 540.6472352361174 476.9289977461999 428.08500049691895
500.00163596192135 7.115438889817081 5.692351111853672 5.692351111853542 5.692351111853693 10.262031905866175 7.115438889816893 5.69235111185359 2.9884843337231897 10.262031905866145 4.269263333890124 5.692351111853439 5.692351111853427 4.269263333890183 5.692351111853697 7.942822252191712 4.26926333389015 7.11543888981685 4.269263333890065 4.269263333890069 12.15886730483484 4.269263333890198 5.692351111853455 12.158867304834677 5.69235111185376 8.538526667780433 8.538526667780417 5.692351111853489 5.692351111853619 4.269263333890218 7.115438889816911 12.15886730483489 12.158867304834793 4.269263333890225 12.158867304834793 10.26203190586627 4.269263333890099 4.269263333890113 10.26203190586622 8.538526667780323 5.692351111853467 5.69235111185351 12.158867304834692 5.6923511118535375 4.269263333890291 5.6923511118534496 5.692351111853662 17.077053335560525 10.262031905866204 5.692351111853505 5.692351111853628 0.0 5.131015952933078 12.158867304834791 8.740122562652626 4.269263333890056 7.115438889817009 10.262031905866259 7.115438889816967 10.262031905866216 4.269263333890188 7.115438889816944 17.077053335560503 4.269263333890255 4.269263333890267 7.115438889816908 4.2692633338901835 5.692351111853522 4.269263333890152 4.2692633338901596 5.69235111185364 5.6923511118534815 10.262031905866243 0.0 10.262031905866404 7.115438889816842 5.131015952933146 6.037650108129727 12.158867304834796 4.269263333890031 4.269263333890187 12.158867304834786 12.158867304834772 5.692351111853646 4.26926333389012 10.262031905866115 12.158867304834693 7.11543888981698 4.26926333389016 5.131015952933055 4.269263333890039 5.692351111853437 5.69235111185355 4.26926333389018 5.692351111853543 7.115438889816772 12.158867304834686 5.692351111853473 5.692351111853649 8.4811882540401 4.269263333890163 12.158867304834653 0.0 12.158867304834722 5.692351111853572 11.38470222370696 5.131015952933213 7.115438889816972 10.262031905866179 4.269263333890163 4.269263333890024 12.158867304834779 12.158867304834581 8.538526667780337 12.158867304834818 4.269263333890127 4.2692633338902946 5.692351111853509 0.0 12.158867304834715 12.158867304834642 4.269263333890051 5.131015952933089 7.115438889816971 12.158867304834878 9.00039737742457 5.692351111853574 5.6923511118536325 8.538526667780433 4.269263333890254 4.269263333889983 12.1588673048348 11.000872953990516 5.692351111853554 12.158867304834896 4.269263333890232 5.131015952933069 5.69235111185338 4.269263333890109 5.692351111853457 5.692351111853556 220.49649317597897 551.6723083775855 517.6435979624546 405.7050037802504 293.9525412179506 474.2788491132731 535.9119341179294 397.47908921543484 257.08635365239587 524.1155586242089 424.11295994394953 445.0976320932741 192.8475917551474 589.4941339859009 416.0774532922979 441.2552795562802 221.59604826934364 544.5904529528533 581.5016331906005 355.6408237496722 240.02927964655302 522.2022055084964 542.59597910804 386.58195835172296 284.54842363755137 488.30113051986166 587.0927417499754 357.3445296357532 230.85253621938773 534.5263929329632 527.4438181994848 384.3889302133196 296.2784134772819 468.2146200764951 472.2265424302998 426.2969898643177 188.35175113179955 582.92470548274 446.9545450126847 427.8675158056303 213.17451831364355 562.4559959609243 509.3878735424889 395.1364715798285 247.1657360979555 530.1483495559368 558.655233999688 380.9723503487532 202.3475506936786 579.4106783374465 481.64156662564244 410.09402533525457 230.97363833885424 540.9642736280673 567.8083251618693 373.6940519132213 325.08055103517546 429.97056428912197 525.8971220162038 405.51196793768514 237.41165921519018 526.0684281505715 451.06161077185845 439.2301402795654 262.68827151251355 502.6790057582835 443.28988637349585 440.02605654162414 314.0135834200042 451.6671582888782 492.5276950120923 402.51400050664625 198.00105802638336 584.1465558676233 480.7969453006116 429.28850339805166 339.0349028217195 431.4995591136818 520.8935459917045 390.73737825526285 346.0582236784125 426.8928240435446 533.1540210546751 391.7113604174285 306.1745312328708 452.52020504748526 603.3538367844158 347.50261173985876 249.97059425241946 512.831289399561 587.6763291768679 363.5694432106322 270.6660583636205 494.13305370341044 482.71250143889284 426.4527581220438 260.23376464054667 511.3454987542365 491.36884656311867 412.28618413515244 291.2316308696402 486.8961891586471 562.1742192356888 377.11088596624563 281.4412599276146 473.1050630525615 499.2605474570959 412.67306712368736 198.03040416749747 572.6238788786784 548.5364242421649 376.93910607681795 300.4586830141876 476.44606191825295 561.5674680283234 366.6813704417859 254.2564191185747 530.9099055888566 509.64936353116065 404.96065375556105 247.5128041481296 507.94791711286155 457.89496724651656 425.6520359827403 273.1828295392696 496.5141950688845 581.6120826032499 366.4577645544456 319.34423011400014 445.5567131592585 602.3850201805857 342.9328050884775 282.82025253218205 493.3246260086856 456.6298425605976 433.7249968326482 268.37921311806537 503.17050988359995 515.7909429086682 397.3914077661881 185.06421687735636 589.908779473577 617.2690923489561 343.8608278091717 328.0011580201691 423.552241213473 541.4836747247765 389.4150317277029 313.2516954452528 459.72176821027244 569.4157700910417 361.3387110100868 323.7589286188701 443.7441868248899 470.9672292550773 419.9037479220554 205.56274837123868 571.9157751017322 465.3203563517249 424.354957750083 296.87289055002225 479.5682140918744 550.2398275458052 385.52516105109265 215.4435062429296 547.0696489656755 554.881898932724 379.6248273368848 282.7838053748223 504.743800013815 486.07488660512723 410.76198640000416 305.9513777297577 465.12614676252315 477.52795877929896 420.4118853054384 259.66319043858033 516.3571932378052 595.7197416105473 356.0556795886081 251.96993375976646 520.098305377148 500.70655822861227 400.0780543974023 297.6154355149787 462.8147339456266 497.172550268008 416.26728151844213 212.72914374483494 570.1322384521463 466.96412858212375 433.89745986885225 254.50236516626353 508.3570632251255 548.6631081827218 389.83134937449915 280.3434255066854 479.0748432907535 501.27904111895805 405.99965369419766 306.56062088025146 473.3862147977474 575.8919011721991 372.50936314529974 307.6538850205653 459.6220699177847 523.2627942579019 400.1650939308815 187.60042333358433 593.3858327932749 514.3437868510431 409.5783500903204 301.78552341385847 481.6584193799131 465.26012114027077 417.9414892171345 316.8994448476468 441.0685653499259 611.5304224074971 342.77059012169286 276.39048224077465 486.493765725759 593.9017062806827 348.2225620572957 290.74729060952865 469.29109732063927 487.26340205550605 418.9852793580936 324.29176386256734 437.29793066961133 568.0944352242032 366.57605684758664 268.35889541906647 509.84606121133595 506.7499187649994 411.89467875163496 275.79405684853907 505.1092071522525 559.3320657059264 371.6382853884176 209.5507849225318 555.4201253948975 445.8366267641112 433.1469282425087 231.34493231961451 523.8181279101123 437.5077938965289 432.82191333954864 227.26300649423177 530.5586675719956 433.97848086827725 439.6601158032693 225.86697386789538 538.5393887965184 512.1639562583999 413.9279061177003 205.4508885801437 563.7684800699965 536.1788715095051 385.7809431247997 244.40818085765156 513.6499471992661 543.7383578035805 383.8999547690389 317.317432004638 435.5451623134489 481.3069164095182 417.60636257503893 311.9623364277321 449.01487229402886 454.3742473179565 427.63994627297757 217.95702249008258 538.996615845222 427.0358533683921 439.06202534340434 240.80199458283843 532.3734358608231 461.77271034950996 436.61603644934127
510.00163596192135 5.692351111853578 4.269263333890176 5.1310159529330805 8.538526667780342 4.269263333890066 9.546363028425707 7.115438889816981 12.15886730483474 5.692351111853424 5.692351111853607 5.692351111853554 5.6923511118536085 4.269263333890176 4.269263333890196 4.269263333890202 12.158867304834926 4.269263333890121 5.692351111853474 5.1310159529332005 7.115438889816957 5.692351111853577 4.269263333890196 12.158867304834782 5.692351111853699 5.131015952933113 12.158867304834695 5.692351111853592 5.692351111853657 7.1154388898169 4.269263333890256 4.2692633338900245 0.0 5.692351111853571 0.0 5.6923511118536165 12.158867304834688 8.5385266677803 7.115438889817002 7.115438889816904 7.1154388898170575 2.988484333723181 4.2692633338901755 5.692351111853616 7.115438889816841 5.692351111853474 8.538526667780458 5.692351111853659 4.269263333890152 4.269263333890184 4.269263333890186 5.69235111185341 10.262031905866298 4.269263333890077 12.158867304834846 5.692351111853552 5.692351111853581 8.538526667780294 7.1154388898168195 12.158867304834605 4.269263333890028 0.0 5.692351111853543 17.07705333556062 5.692351111853439 5.692351111853543 7.1154388898169225 8.538526667780308 5.692351111853586 5.131015952933107 5.692351111853562 5.131015952933071 4.269263333890173 8.53852666778033 5.692351111853724 8.538526667780298 0.0 0.0 5.692351111853508 5.69235111185363 4.2692633338901915 5.6923511118535215 5.692351111853412 12.158867304834851 5.692351111853564 8.538526667780353 8.538526667780268 5.69235111185356 5.692351111853513 4.269263333890204 0.0 5.692351111853514 10.262031905866252 0.0 12.158867304834777 12.158867304834779 5.1310159529331285 0.0 7.115438889817032 7.115438889817022 5.692351111853556 7.115438889816963 4.2692633338901045 7.115438889817036 10.262031905866284 8.538526667780424 5.692351111853495 10.262031905866184 8.538526667780197 0.0 0.0 5.131015952933033 5.692351111853546 12.158867304834859 4.269263333890176 12.158867304834732 12.158867304834725 12.158867304834892 4.269263333890224 8.53852666778026 5.692351111853548 7.1154388898170176 5.692351111853494 4.269263333890259 5.692351111853565 10.244774058447298 12.15886730483469 10.26203190586622 0.0 5.692351111853525 4.269263333890082 12.15886730483486 4.2692633338902 8.538526667780241 5.692351111853529 7.115438889816903 4.269263333890127 5.131015952932972 5.692351111853656 5.6923511118535925 12.158867304834702 225.5910693197379 541.2304388843802 507.24136396442566 412.9959478447251 304.45766208964454 463.4755602084209 524.2672452466292 404.18070734871617 263.64358112369945 509.3361675498904 410.9335593693011 452.3048394305777 204.56841806749452 582.018823236781 407.6781018109209 446.6577354301209 229.22120793137077 533.2788896864957 571.9704347175071 364.2943770253675 249.5581569705344 509.3545206227158 531.4900763401066 395.78725914493396 291.1701322430501 479.14505940629584 583.6772386612432 360.8605326828642 245.04592516604768 528.529734894203 516.6671121055555 387.84686193260217 310.0144336475158 456.32191103536724 460.27718868899353 435.7092317082704 197.26810187510577 575.0112479455794 427.133813380325 436.1325492574146 217.5751760774581 549.1998235578875 499.5648516083023 403.4504136512436 260.5870735186293 523.4601484688104 546.1764902410433 392.4750969037852 206.63708622915948 566.1155569545678 470.6172078865923 416.3010775103027 235.0896506859868 535.0491580479446 556.4114213773909 377.7452182809796 336.27876085550633 422.41148163458297 516.5846750905445 406.73465394780385 248.02914065635665 518.7679054763879 442.87651594657257 442.41377709866 268.4856218914631 493.88302587913654 428.1757763614148 447.0048771410891 327.65382354495233 443.3119648469071 482.8892757050469 407.9595818516169 202.06221400634357 572.7766280977995 466.66444722501166 434.8000403002981 346.4695887721826 425.5892240051945 517.9557219681029 395.15127587592536 352.55558113466446 420.31269129599605 523.3746272329286 400.0829597310244 312.1923573292825 447.41543275320566 595.8494735975783 359.2830185055489 258.72855424885796 505.9150980915379 580.3431201124696 366.7033570323986 276.783830132881 486.7923721913529 471.8995323913923 429.80968569593944 270.564208538126 498.12900656963893 481.7314435805484 417.72469057154717 300.27856411586 480.4271138748201 555.6868754557472 387.8662203853279 291.6623938372558 470.3411363746487 485.59682253574914 419.0291510252855 206.89517370281092 561.4177639647788 538.9988108352518 382.5410253638826 309.45610586648246 463.872404822149 550.5774996212905 376.01821433618153 261.31103296954313 515.5586775985795 501.39976074983326 409.64546876399083 258.82850905735324 496.90504578800267 449.6061628368961 430.27676138801377 288.4013983021993 487.3253340263207 572.2805385195177 369.39850866465855 327.5514346987807 435.6338754916749 597.3696344044185 351.2265442517604 292.2069113546243 484.79492528629936 442.5747687985586 436.1083220713798 279.07819285076863 491.47716752502043 508.1375271098857 403.1195218007265 191.87712387961503 578.9848343454113 606.6873760366751 347.87913915421075 341.33570192673807 417.392287664517 528.9099280975435 400.82292209593777 321.9730486936309 449.2163529091194 565.2388535052388 366.64553088208413 333.78797118388917 438.4892332849078 462.00325539709934 424.9310163913001 214.64738926226153 558.769824444219 455.3262970679568 434.02563097638745 299.07939684790904 471.30565782384366 538.1185647496418 389.8670468022283 220.53687532827948 536.6374406793095 545.8651654151149 387.693011911868 286.8887978544185 492.8094958129381 479.983380266316 412.8359210444863 317.7986749885713 453.447069477776 464.32248000774626 429.18450025920066 272.64852044771624 507.0750349267759 587.650993033776 362.5134624578427 257.6012245327821 514.5486512462635 489.9111392247507 403.4707432341968 300.23686096889054 457.4032936191709 490.07858801728884 422.99705805083505 220.9775209434545 556.1867868893363 455.22792761197445 440.4554056467634 264.41790198824634 500.41792400554476 542.2675555124256 397.69392318442164 283.85562329665 475.9288791706657 489.5826827168425 412.61897792895917 317.99468762489516 458.8122504324623 565.2807033951577 374.80035375130626 318.7642868424435 447.07095396461824 511.69599817403713 405.41118227981036 199.104195095613 587.8588727805146 503.04624171105064 420.09049720472046 305.7859628241955 471.8298652757238 458.1407508546024 424.650889971778 324.5021327635555 431.640316778395 603.6305047369037 342.20374763362406 285.3559191720532 479.9215851017792 589.1023660702224 355.42630675998424 300.04956843230286 464.3139761794012 480.74370704512825 426.74118659978467 334.68094938844746 428.7603362280039 559.9037376036565 372.88760559881564 279.47378957843216 500.908608368866 498.4943727335768 416.57280963477643 282.25742670343425 495.7809853999658 552.8838417232997 382.0168313362713 220.14634532848808 542.5858096731755 434.5346634308307 442.11359179816884 242.23199429143088 517.8965201130491 426.87718335603756 441.3793436596916 237.71532438117595 527.2094765675552 418.60684798343493 449.4442898540096 239.99298156204043 529.1619338345914 500.1752939675677 424.82774214829936 214.67032754205317 553.9978205153886 523.7326373408821 384.76709913147516 254.03266778453448 500.85503435508986 531.0275892977494 387.1992354592909 329.0269824912694 427.3905568161905 470.97190988604274 423.4188800178618 317.36311712250114 438.28512501411194 437.2167572376062 435.8255364105335 229.51958820252108 527.075122579984 416.76114023527384 443.3385356809114 253.06667309925925 526.7473163807343 447.0269066226257 439.39870161049333
520.0016359619214 7.1154388898169705 5.692351111853555 12.158867304834843 5.692351111853586 12.15886730483485 12.158867304834775 7.115438889816977 3.9846457782974554 5.692351111853659 5.131015952933031 5.692351111853518 5.6923511118533625 5.692351111853491 5.69235111185352 4.269263333890036 7.115438889817019 12.158867304834715 4.269263333890193 4.269263333890111 2.8461755559267914 5.692351111853586 4.269263333890176 10.262031905866186 5.692351111853646 7.11543888981682 0.0 10.26203190586628 4.269263333890232 8.538526667780218 0.0 4.269263333890189 12.158867304834793 4.269263333890217 8.538526667780388 2.8461755559267696 7.115438889816831 0.0 3.550460236564511 5.692351111853519 0.0 2.988484333723243 4.269263333890176 4.269263333890166 5.692351111853399 4.269263333890108 5.692351111853412 5.692351111853508 7.115438889816974 5.692351111853556 5.6923511118535 5.131015952933166 5.692351111853592 7.115438889816986 5.131015952933035 12.158867304834931 7.1154388898169785 5.692351111853504 4.26926333389016 4.269263333890263 12.158867304834747 4.2692633338901285 4.269263333890136 4.269263333890127 4.269263333890099 9.546363028425793 8.538526667780355 5.1310159529330885 5.692351111853437 4.269263333890136 5.131015952933127 17.07705333556063 12.158867304834883 0.0 8.538526667780333 7.115438889816861 8.538526667780275 5.692351111853507 5.6923511118534815 5.131015952933149 7.115438889816908 12.158867304834747 5.6923511118537045 5.6923511118535925 4.26926333389024 12.158867304834798 5.692351111853483 12.15886730483475 7.115438889816873 12.158867304834821 5.692351111853764 5.692351111853483 4.269263333890123 12.158867304834837 12.158867304834711 12.149118192308011 9.546363028425839 5.692351111853484 7.115438889816751 12.158867304834653 5.692351111853634 5.692351111853594 5.692351111853696 12.158867304834827 9.546363028425697 5.692351111853425 5.692351111853666 12.158867304834768 5.692351111853612 5.692351111853558 8.53852666778028 4.269263333890142 4.269263333890028 4.269263333890201 4.269263333890135 7.1154388898169865 4.269263333890245 10.262031905866214 12.158867304834791 4.2692633338901445 4.269263333890238 0.0 5.131015952933202 10.262031905866255 6.037650108129684 4.269263333890226 5.692568722783797 5.692351111853561 7.115438889816834 5.1310159529332315 4.269263333890116 5.131015952933008 5.13101595293321 4.269263333890168 12.1588673048347 5.692351111853565 5.692351111853627 12.158867304834654 5.69235111185358 7.115438889816736 5.131015952933114 232.00011592832263 536.4181703034603 500.9442053836982 417.9176902812825 315.7584043925955 452.3310967929382 509.3590485964947 409.9392815396091 277.01772029227067 501.63685325880346 401.3155414614436 457.78595991125684 212.3708131048027 571.9709454632678 394.46597812399114 453.47579290443014 241.32757322677486 524.4049363382569 560.575221540501 368.34212030990255 253.30172665356483 504.0949511601537 524.3422194572612 403.9840252931801 299.5756331427824 467.0994420000813 570.2685292240881 366.1962101085191 256.55545864969577 522.1488446099489 507.5400951259547 395.77719428339884 319.2482895238363 443.95359791375864 448.99475258307893 436.5439981050062 205.92672850194023 565.7756051735288 414.6602464277961 442.9738673370438 225.8005200134509 537.3473139786884 491.8865533004367 409.1451959660914 264.4284212058557 511.4789963997076 533.1044566296317 401.4621008772912 214.7450217587623 554.1782829035535 463.7148299214294 420.1602130138081 245.98321754635205 525.8382295380535 544.8249928622321 384.54655364909377 345.5170381190283 413.70348573347974 502.6596303187427 407.81425681746595 258.45804875718613 513.6104752801988 428.45065378633876 448.9954828186525 278.17425253748365 483.3856222601007 415.37087120694656 449.9615436082344 341.2715900001008 433.74580779013706 473.0215005862043 416.2238952313608 212.15840351038523 563.8018254485719 458.30843930228457 437.1603016965755 353.23918946852876 418.86332410100266 505.6879261424104 400.7617101715816 360.6481895036273 420.3761596863486 517.8783398372498 403.216438294891 318.73288217783687 440.43596368903445 585.8964472140815 361.21112770792064 261.6870796821104 499.84727899633106 568.7538854346211 375.0466234404946 283.8317682579264 475.7064781625445 462.9217366559506 434.81450366229 279.7272727059693 492.92735314660405 462.52900299878274 427.123784962674 305.19516100884954 466.7724404494921 547.4915966483002 392.6475770786406 294.1307767179324 463.51148247147347 466.9753449502234 429.4699390506149 214.16311323350538 548.680744362409 532.1518145378427 386.49393629900294 322.4437478666931 449.81233412029354 544.3469659076893 381.0325246752616 267.433523615755 504.7932072410129 491.54802704462196 417.92765151532956 267.03891475041667 490.6364962408796 440.1613074256731 432.7913855252169 298.4735702191732 478.40611771437057 562.1726476070875 374.0536972857435 337.6364726075278 435.5490587640644 591.983547977518 354.5672664064266 306.48574499050795 472.2710908458181 428.84485095288045 442.31160778829974 282.5861980444896 483.5381430571105 500.19417915940016 403.5266524953449 201.810960233222 575.27486927587 593.9095688105 357.23006032913196 351.51125407853704 412.5373619465179 517.1444771982468 408.91194923155837 334.92613107898194 440.0849104998982 557.5189531798062 375.36454552375557 348.6362256608568 426.6453180685071 451.1782307533396 432.30685257926064 222.56386158454353 548.8405596860053 441.8448648581711 437.42086690564753 308.3416892672661 460.25727105038777 530.4888366032563 395.6243251131411 234.41729596303864 525.9292555366276 539.6887058443633 396.74726276772554 300.47899394728853 485.4896036970514 473.22961622666566 423.41775633624854 330.47761470984767 435.3046336348085 457.29543873877236 434.4461258866619 283.89455164671807 498.294591697409 578.1832558863953 368.2578170798147 268.2921415140367 499.4349872111883 481.906865012364 413.42466600254863 310.66619367741066 450.1283636449809 478.09862999262685 424.27849125353396 225.94448389583695 540.3437662268582 442.04952753871913 442.76389944798984 273.6803820191869 491.8239090987258 531.1057181391717 406.8539761885323 291.77715957412494 470.5746804540995 483.2733867667454 417.52723769542484 325.5645467189399 443.24814161802334 559.5348985005427 383.7120555631386 328.3112456533103 431.6624788184558 496.3265839605514 410.91391391477976 207.28649099853723 573.8616447572414 491.55103077371723 423.8507220027185 315.49646453605425 458.8964177801606 446.50190049245975 429.7586133676708 339.0749639366416 424.5065954173061 603.2981335188322 353.61330821037126 292.2709381586204 476.97271473898996 578.971496794022 361.6186657226277 305.7250742787933 456.35538107902113 474.532732723036 430.2174605352622 343.83484957227535 427.58484685637865 552.3366826520519 378.7215298348602 286.8468259908008 492.62437674861656 484.2132202069483 424.61442786436857 291.818387350716 488.7761040326985 538.6439623430994 388.94372498539576 225.6078814236839 530.2429113852522 420.10183509238055 448.6793628593447 253.46030543631352 513.5731997362801 409.5667020350307 446.8030518064558 247.82358009337108 517.1975216781993 406.4670934631762 450.678561243355 252.89218827079313 519.6777175873981 484.651401373522 429.4845973047042 218.15113146599467 545.2707085543784 519.2265600489387 392.81239066834087 261.0325992795155 490.97502122791445 523.1927206510833 395.79586044489 336.94339235704905 419.5611199667988 454.2688409122295 425.9480626834154 330.84167857240004 427.28029098590844 420.83320865274663 442.125446998728 240.44951686258918 517.8578033663338 403.5746444442337 450.63953503317424 265.2375416701136 516.516128682556 434.25778322546853 443.88595304495095
530.0016359619214 4.269263333890207 0.0 5.69235111185354 4.269263333890194 12.15886730483473 7.115438889816856 8.538526667780234 12.158867304834796 5.692351111853664 6.191256667504579 5.762356435283844 5.692351111853355 12.158867304834741 4.269263333890237 5.131015952933069 4.269263333890128 5.131015952932983 12.158867304834713 5.692351111853612 0.0 4.26926333389025 10.26203190586629 10.262031905866174 5.692351111853417 5.692351111853442 4.269263333890225 4.2692633338900245 5.692351111853592 12.158867304834807 5.692351111853568 4.269263333890116 4.269263333890092 4.269263333890088 0.0 12.15886730483471 10.262031905866092 10.262031905866346 8.538526667780294 4.269263333890237 5.692351111853559 3.9846457782975016 8.538526667780353 8.538526667780244 5.692351111853546 5.692351111853532 0.0 5.692351111853565 5.692351111853436 5.69235111185364 12.158867304834736 12.158867304834732 5.692351111853373 4.2692633338901835 5.69235111185347 7.11543888981692 5.692351111853441 5.692351111853496 10.26203190586605 4.269263333890217 12.158867304834747 5.131015952933042 0.0 7.115438889817001 0.0 12.158867304834798 12.158867304834859 8.53852666778026 5.024048833086871 4.269263333890092 5.131015952933221 8.538526667780395 5.692351111853713 0.0 5.692351111853543 5.692351111853615 0.0 8.53852666778035 4.26926333389012 8.538526667780339 5.692351111853493 5.692351111853447 4.269263333890107 7.115438889816964 4.269263333890222 5.692351111853577 5.692351111853474 12.15886730483469 4.269263333890113 4.2692633338901524 5.131015952933039 5.692351111853581 4.2692633338901445 5.6923511118535695 5.6923511118534735 5.692351111853514 10.262031905866245 5.131015952933167 7.11543888981708 4.269263333890208 5.692351111853562 5.6923511118536325 12.158867304834606 5.692351111853642 4.269263333890061 7.115438889816933 5.692351111853432 7.115438889816842 4.269263333890179 4.269263333890103 17.077053335560713 4.269263333890192 5.692351111853712 0.0 4.269263333890127 0.0 5.692351111853349 5.692351111853615 7.115438889816975 7.115438889816999 4.269263333890232 4.269263333890212 4.269263333890115 5.131015952933032 5.692351111853509 10.262031905866117 4.269263333890164 12.158867304834924 0.0 10.262031905866277 7.115438889816959 7.115438889816904 4.269263333890264 7.1154388898168355 4.269263333890156 12.158867304834782 8.538526667780358 7.115438889816944 10.26203190586625 5.692351111853649 5.131015952933089 243.7911079087829 528.0893185621404 495.21387941023335 423.8588396088055 324.81350694948725 443.39486121786655 503.4244959225246 418.7399933209074 285.64245892570517 497.05257817529383 389.398248007439 465.6537531730234 217.38935320098545 554.7946724904763 379.87069572849373 458.75295540044124 248.94432169822306 515.3736762840141 551.2903947481265 374.3987707340342 258.65925489394056 502.8938671118281 515.708827112782 404.7924833101156 309.2360089571421 458.94313841400935 564.066269702409 371.23746260338174 266.30323371347845 512.8752080349849 503.20480735377447 400.9560715346261 324.50965722334337 436.66153769436613 433.9989532513937 442.094566717848 212.74551262458087 556.9922830313582 403.8118216712 446.2068282581141 229.4377053103989 532.7015153945287 482.81271509632 415.5958120125204 278.0356313426553 505.28645770894 521.3285361602851 409.5379237414398 223.8668568215335 543.1941661877835 454.2749787296029 422.691558131906 253.12530207337585 517.2916591342541 537.7872464492166 391.3313928133981 357.95257201476284 411.7992664435125 492.2169027289126 415.05544018093195 267.8639891185838 499.92536319666726 419.8077020857532 449.67496206735893 284.69627767550725 477.64226175103204 405.28626203830817 459.53306738528994 358.57998758089184 426.4164018893366 466.3418418392795 417.22881306628244 215.87281064593049 549.7706103363932 441.36284508854106 442.45535992181493 365.5164267633866 414.1630888024807 495.83547771185675 409.04157478070994 373.3903650521433 409.94686928979246 509.8292778446821 405.0482228648042 328.55988540037237 432.5125791282842 576.1490752613647 358.7490452667947 269.4933829691451 494.3004789378599 561.3351058048876 378.0319031234842 291.00276208060626 469.47546656545705 454.04510925311183 438.3720073943885 292.7339371955996 486.1245026764146 450.31601718179445 431.1829210419791 314.1284403825733 451.56084447722327 536.7121770361182 396.10971134391394 303.94129745164 456.7635324398202 455.45205287907174 433.1464962808361 224.69291860045993 537.9878298493287 522.5459295612707 391.9871974984133 331.25548551795765 438.0927115080458 534.9387570841417 383.71089635587333 278.49678855014224 494.6478171128838 475.46578234076895 429.65225006113866 282.7390729808784 484.47984676591165 424.2620932284837 433.41481716970964 304.58175885806605 468.5067610657963 552.1085843108045 377.1922096797683 352.8101584454823 426.80134310119183 583.2364625673018 358.4552391274866 308.0861444341282 463.14900639834457 414.00104280477973 447.7421623604728 291.6977726004086 477.14698127830866 487.31791828481926 408.0523136696457 205.5613334351075 567.9061516868347 585.0461614931908 363.9646047991313 367.0494358147607 406.95469368017353 508.301020507135 412.55557875572345 340.5176366179671 435.68478264464954 544.1892913472939 377.6375902029604 357.4760374935755 419.9425242888443 441.96480550024125 431.97608529055555 230.94132295649018 547.1139043699135 429.739125396233 440.0189118724004 315.3581311221392 445.1986246250444 523.6221300860681 399.5426843635488 241.19261660829838 519.3030323175836 532.7266280447394 402.10693347332193 304.13767668809305 477.61947930229104 463.20896090367097 424.9230542991565 343.75971038298525 427.8925643588503 445.2614651279699 436.24866673033915 291.77085326213444 492.85904174906307 569.3291316451988 373.5001227280644 278.7896480561564 489.8540495662329 475.5825475851404 418.31976595998856 317.5883583993557 439.8542086544891 469.69950371741504 430.3180387565482 237.1373181559543 532.5025898618452 432.0116837896895 447.4858842060746 287.26026341200793 484.4475602348068 515.4003222460393 414.42288002483116 299.59016851239613 463.89014391302834 477.5304063718581 423.4545532590919 332.47489162219864 431.6406974232282 550.3123673681965 383.5790851180627 336.97739833140446 424.8443275986435 486.9381014419167 421.633333799307 213.4717931535772 562.2493142991617 482.47695164362926 430.29151394784355 319.3233009889209 451.1215666301769 431.17811709278493 431.4373665653537 347.86099228198395 417.7677748938189 592.7215766397089 354.50947032100527 296.88820107820317 471.4321256207749 572.7701819736849 366.67997626662026 304.97022910211626 449.26667926307664 461.17766975969187 432.21394198900606 353.90286920900274 419.9260394891311 542.0743197553451 384.65389700101616 301.8564538145849 485.7423576842051 472.83761350527914 435.04085624094824 308.0268186923371 485.6798777816908 530.6143855076401 390.82153630952547 235.68316157670412 526.9256096308175 409.12926460314856 453.33217332314365 262.07572010834076 505.43154222205135 397.8997203505387 451.8325691387498 256.30672773285437 512.3840955319995 394.4255554174952 459.96670170034633 261.07119430721036 516.7987093381975 478.6826834917218 438.25720579636805 230.15507608118853 541.570421417051 509.014832092111 397.243345645173 275.79139631788337 487.1791128297084 515.439525183368 395.5765498064306 351.66630230217265 412.8170782350065 445.29343429852327 422.78459098605055 342.6666583717246 418.0407802186361 411.12368086118636 447.44217161197 250.94088646990116 509.4018699545392 387.7448585007926 457.94374001802976 270.87002674399963 506.35243267762064 420.3144588338942 444.7693351029704
540.0016359619214 4.269263333890178 5.692351111853509 4.2692633338902235 10.262031905866138 4.269263333890231 7.115438889816891 10.26203190586613 2.9884843337231226 4.2692633338901915 5.692351111853508 4.269263333890125 10.262031905866282 4.2692633338901285 8.538526667780426 8.538526667780257 0.0 5.692351111853483 5.131015952933078 5.6923511118535 4.269263333890187 4.269263333890165 8.538526667780426 5.692351111853465 10.262031905866303 5.37998984915497 5.692351111853554 7.115438889816736 4.269263333890054 5.692351111853569 5.692351111853636 5.6923511118535925 10.262031905866296 5.692351111853485 7.115438889816873 4.269263333890195 5.692351111853504 7.115438889816912 7.115438889816833 5.131015952933069 10.26203190586621 2.988484333723168 5.692351111853567 4.26926333389017 4.269263333890133 5.69235111185358 5.69235111185366 12.15886730483471 9.546363028425734 12.158867304834695 4.269263333890184 5.13101595293302 12.158867304834796 12.15886730483489 12.158867304834867 5.131015952933009 0.0 5.6923511118534815 4.2692633338900166 5.692351111853508 12.1588673048347 12.158867304834718 7.115438889816877 7.115438889817015 5.69235111185356 4.269263333890246 5.692351111853428 8.53852666778042 12.158867304834825 5.692351111853529 5.692351111853621 8.53852666778049 8.53852666778023 7.115438889816935 0.0 4.269263333890211 12.15886730483473 5.1310159529330415 5.692351111853548 12.158867304834779 4.269263333890152 5.69235111185352 5.692351111853514 12.158867304834773 12.158867304834613 5.131015952933131 5.692351111853603 5.69235111185352 4.269263333890087 5.6923511118536245 4.26926333389009 5.6923511118535695 5.692351111853517 5.692351111853614 4.2692633338901365 0.0 7.115438889816866 5.692351111853428 12.15886730483472 4.2692633338901596 4.269263333890245 4.269263333890172 4.269263333890111 4.269263333890183 5.69235111185365 5.692351111853572 7.115438889816914 5.692351111853517 4.269263333890185 0.0 8.538526667780262 4.26926333389028 12.158867304834954 12.158867304834795 2.8461755559267687 4.2692633338900645 10.262031905866284 8.53852666778028 10.262031905866168 8.538526667780422 5.692351111853502 5.692351111853517 5.692351111853527 12.158867304834729 5.692351111853615 4.269263333890197 5.692351111853628 4.269263333890185 0.0 8.538526667780154 8.538526667780346 4.269263333890048 5.1310159529330415 0.0 12.158867304834837 0.0 4.269263333890145 5.692351111853477 0.0 0.0 5.692351111853518 248.70091693495635 521.7640768311991 487.15858973617424 425.64122072430257 329.5564866191396 436.6228420845807 496.19490866418715 426.8705091258576 291.58656790563737 491.8346174283071 379.0478129142161 463.20355451950155 227.44012004089356 548.0766423524873 365.52885941374535 458.890642072684 255.52501200846928 510.830293637258 545.024341888761 379.3688720763925 264.35137546828946 500.9040919741272 507.5999011693524 416.17373196552074 317.9786574860028 447.1841293686667 552.1102296094965 372.67814637882304 275.6418460798688 504.30173609977265 490.0020003240445 409.73442455698546 338.5386549039098 430.2337818270251 420.50341393412555 445.43846876410674 219.37528250039037 543.5602555058717 392.71324185311846 452.27640566372145 236.325729506962 519.3542633229248 475.5552550507008 415.56969150021905 286.30295170414524 497.90410417926466 511.89431234982465 412.14054364631943 228.60684408346515 536.8465531963822 442.86407863406157 424.92366673361494 262.40146542084324 516.7611677200888 528.9563082373755 394.99729022619107 368.40248776199314 409.9621523432955 484.51532976540904 420.71713613021416 270.95925773040005 493.94985302132596 408.710620418917 455.746652731561 291.97872734389307 466.7181723682952 394.56153049927804 461.3426319428714 366.72441097455913 418.8360029373856 460.0025257123156 422.099993480915 222.30056023941134 538.3191817297493 430.2746160618234 448.5435510587982 377.87116440377423 410.93683176175193 489.5212472086067 413.9373790472648 385.6584008666615 405.16970836551656 500.8694999925994 410.08774598516595 336.5621096823989 424.79266970502107 568.9240454023717 369.8635637360819 279.3327439207185 488.6934711876813 551.3408026233027 379.6899397714257 295.201698353453 459.73410192126545 442.8746331853296 437.75388503660025 305.1764952655074 473.8987187813933 439.14753861684585 430.5674733707649 325.2124112334601 442.6290559315616 523.0640954749056 402.50401972490005 309.6372412398602 447.5152894644204 435.85121097576695 438.53322326897955 231.4772831683566 527.9769996884787 512.3306815693559 396.41152798321207 342.8114791318108 433.63235143881076 523.9567181790221 389.97249592508183 286.6356069042532 485.9098299250458 458.4141138965981 436.39750983418975 290.9826434243823 471.0369340492291 413.9856758411327 437.69343116543877 314.18083025649224 459.01048206047284 537.2275136734023 383.01824629156 360.0032152746626 425.8449049807361 573.336784442943 358.78971587090723 319.06407703173977 454.1438208275284 404.539942336526 450.2146014175287 299.803169904269 467.1317207543826 480.88332350482244 414.36062517435573 213.23745577601747 553.27260679893 574.7295512292512 371.4194133292185 377.35611516209207 406.28180798559254 496.7969071904442 416.2969356661568 351.4651273649239 431.8017322265131 528.7025868845623 382.4017849535798 374.4095349338272 416.23105252602295 428.920230589302 437.7891063735584 234.67944887466587 535.1284646583164 415.47926200227613 441.4757810148056 322.0229446090691 438.3446995382701 512.0251912440706 404.7380679377182 249.69736370528432 506.41178052413784 517.0040370175838 409.6487537427338 308.3392215490834 467.9022363055835 453.7577824310554 427.43748630397187 355.8377703108634 420.2581804040483 433.4837733817041 442.7217693540382 299.27542860421096 484.8398501724756 560.8850037453568 371.5503121397915 291.05484696367716 477.5624957908605 467.7522758898181 425.3863516247574 328.0131535419043 430.0886938827713 461.0547613627265 431.0382600645225 243.4595252689222 523.108908319042 418.51565625187163 450.8249387666922 296.83618446498275 476.17828353690425 500.45078230257946 420.1139990453077 308.5802289451473 454.8880314855574 469.00659934803633 430.9043388164817 345.3849759715807 427.6832963882817 542.8706092673071 386.4872583705561 346.4997859549982 419.0940330796961 477.9637321503808 426.63692869567546 221.54707018149048 548.4297710883633 473.61126508997376 433.866968109292 330.45331771490817 442.2295914461949 422.61455574647346 438.8416212563024 356.08929087398826 411.609939009646 577.9292179771318 360.5417546607229 305.8214440825106 462.37339725295374 555.437925263501 369.91766056568883 313.58133037296125 442.29150202622304 448.5020427037258 433.7925145346721 360.3657490033628 413.14553783883207 534.4178855400183 390.3921478618578 303.93695559544835 480.8497497008961 451.6459715874102 435.9301768687228 311.01063422643415 476.9349344220329 517.4474385826335 399.6603173042591 248.6153618604784 512.9622501968277 400.9302439558278 456.4645873522565 277.3729678660171 496.3662270516897 383.1377861278668 454.4979340879478 262.92051830059995 507.87094909241415 387.86297866046004 459.5002133566016 270.0161803631412 510.1539630447466 466.35969034097127 435.60359902327116 236.71006398699396 530.160096716669 500.53326745307834 404.75142392607034 283.09705904001254 482.3262814861657 505.4821693186227 405.2854259454065 364.49300946938973 406.22129872339906 432.2557243447633 428.6065503431971 347.55488942801867 411.39043347626466 400.27471018717415 450.6732692489572 254.77139494818596 504.2237518339235 375.31338508862706 456.63143357115104 282.218175075156 497.71647219079887 411.9921962413125 449.32377298069804
550.0016359619214 5.692351111853397 12.15886730483471 12.158867304834699 7.115438889816872 10.262031905866188 5.6923511118534575 4.269263333890066 2.9884843337229907 5.692351111853539 7.115438889816997 12.158867304834878 5.692351111853499 4.2692633338901365 5.692351111853712 10.262031905866245 5.69235111185352 12.158867304834681 8.538526667780419 5.692351111853443 10.262031905866158 4.26926333389027 5.692351111853444 8.538526667780335 12.158867304834786 12.15886730483486 4.269263333890137 4.269263333890125 5.69235111185368 10.262031905866108 4.2692633338900645 0.0 5.131015952933138 5.69235111185346 8.53852666778025 12.158867304834766 5.6923511118534575 7.1154388898169305 0.0 10.26203190586619 4.2692633338901596 12.158867304834699 8.538526667780326 5.692351111853563 5.692351111853645 5.131015952933083 7.115438889816908 12.15886730483473 4.26926333389012 5.1310159529330495 5.131015952933084 7.115438889816881 4.269263333890134 8.538526667780319 5.692351111853596 5.131015952933167 4.269263333890186 12.158867304834848 4.269263333890095 12.15886730483482 4.269263333890213 4.269263333890128 8.538526667780323 4.269263333890072 4.2692633338901524 5.692351111853557 5.692351111853733 7.115438889816848 12.158867304834773 5.692351111853608 4.269263333890185 8.53852666778031 5.131015952933046 7.115438889816896 4.2692633338902475 12.158867304834736 7.115438889816872 5.692351111853531 5.692351111853546 5.692351111853535 4.269263333890089 5.131015952933164 10.262031905866115 7.115438889816926 4.269263333890036 4.269263333890216 5.692351111853473 5.692351111853502 4.269263333890146 7.115438889816916 4.269263333890244 5.692351111853582 4.2692633338902 8.538526667780387 5.692351111853556 8.53852666778037 8.538526667780383 4.269263333890146 5.692351111853564 5.692351111853502 5.692351111853561 5.692351111853453 5.692351111853348 4.269263333890044 10.262031905866241 8.53852666778021 5.692351111853535 5.692351111853645 5.692351111853581 4.269263333890251 8.538526667780461 4.2692633338901285 5.692351111853652 12.158867304834741 0.0 10.262031905866209 5.692351111853535 4.269263333890281 5.692351111853543 0.0 10.321417448653621 5.692351111853437 5.692351111853596 5.692351111853467 4.269263333890168 10.262031905866221 7.115438889816853 4.269263333890122 12.15886730483477 8.538526667780499 7.115438889816898 0.0 4.269263333890178 7.115438889816887 10.262031905866237 7.115438889817032 5.69235111185351 4.269263333890183 12.158867304834796 4.269263333890216 5.6923511118534735 258.46111762556177 515.999042398044 477.2496262833237 433.85183275948646 343.4845877038156 427.5059215929987 483.6493224973938 435.2130663548761 291.3268351340595 484.24955069130726 364.51471010772394 462.95479648453744 235.17682845348105 535.5917584129118 357.2205312436435 468.2524819617842 264.53765536441483 504.2752975376465 531.6871030044275 381.51379938330103 275.3944247163968 494.3198000234995 501.06187210049296 423.9116102648862 328.1466493475041 442.2207498448229 541.4417001828696 384.2616815592129 281.61644008981045 494.34745992137783 478.3730235179894 414.85679522810165 351.3980286024985 425.00351540041476 408.8376941250432 450.47003660746583 224.21544615478015 537.1892000938174 377.3785524876561 453.88576718129735 244.998957861406 519.3725724274607 462.53091000040496 421.4250169106602 299.4546653931023 486.5338980002154 496.1414674741679 419.61338866574584 238.33484299206938 527.5778303563042 436.8723515888769 425.512049623587 268.22958319895037 506.6995932293608 523.0338383392108 403.79396419310115 379.82322383559415 397.38085491902234 479.2165414032931 429.0873118478138 276.53658970082415 485.9377428638875 398.87289245702647 462.4753066867825 302.61355328730133 454.7930586304518 384.84761350468705 466.64164685568505 378.3839522101557 414.7536901286024 451.93527234403905 423.845132459446 229.66535437524067 531.1895275712274 420.318953671875 456.69926570508375 390.28040795053954 409.39734651208397 482.9627250848743 421.6657567168437 399.3086945065856 398.87441679991656 489.831136277671 416.25831196095095 348.0918807897706 419.08772315387654 555.3122942444002 376.35549331930787 285.39272629733904 478.77612186915474 542.7173527691104 390.08558127397686 303.9567302231203 447.95268244830646 435.6997045009551 444.3994818555943 314.7759312190072 464.404029462323 428.8728134362115 434.8524907870356 336.16596508844685 438.6458902325623 517.34175138752 408.45622845895633 318.5225127626144 443.489266004857 424.18766378597496 443.57517953467703 238.9448510014146 520.9129095442385 504.6444182842664 402.095000864675 354.33963649353825 427.93628434338103 516.6526390570874 399.54986204814077 294.5684321340036 474.5005113870528 447.57588002752027 439.6646862777067 294.6205748363373 467.96951925803637 408.18828365230144 443.56958948938353 323.5221481403847 453.0507409788562 532.3203086200077 387.18014488267534 370.55397273152363 418.8490529836917 564.7753409375697 369.24683187552887 331.7119775904101 447.230976714765 391.4147610097033 449.2767897923147 305.1516969043091 461.18422056045034 471.55139671507465 423.612533249374 221.62977494055792 548.3218527675704 562.4901085370159 377.1415572849547 390.3270107309695 400.06497233786445 489.6691724386608 422.991082827034 363.01416049968094 426.14647281111667 522.0020790006482 393.01851237152965 382.6758648438822 408.82585079178494 419.9808757838469 449.44686455300985 245.00586495370615 525.3432902364525 401.0394760297135 448.02426253052903 333.5922392108988 433.9186181488612 501.3552200499088 414.80831739121817 260.8673387794771 501.05519067984795 513.2358700535027 415.8497761477408 316.9725897648495 458.5451207923021 442.7976157186887 432.11675499108026 364.8123473113172 415.11666622921547 429.64706661050224 448.88102525594024 301.8188488523945 478.0520000104352 558.1735553104531 382.69411963424375 300.4530622281288 472.74609241525195 461.86124181061524 432.7082895096071 335.19962413146 429.07080536349105 450.33527714535325 432.88500970159083 251.95784333948797 513.6457980405934 407.54345153387334 455.47525233823586 306.6910682538016 469.45661281290774 487.8023757778915 429.8897490106744 317.2125058332719 447.9847990679993 454.7118608873199 437.37219215589533 355.6758668516669 422.9545648352918 536.3854027099409 394.2714259724446 354.2670603805325 416.26231228278914 469.89889610444436 428.3928317420912 228.65881413739092 539.8152718446042 464.8499966924536 435.9994959717397 339.98535950300476 433.84400423398733 414.04417883887766 446.2373084793639 369.15341261195533 409.3699238538184 570.9387924701022 367.3650126386566 308.35030626349004 454.2017968045125 545.0704438503411 377.24322871567307 325.7165544525839 437.3158382122807 434.8018427875495 431.8496809513426 379.70966776691256 406.4016244540364 525.3732597385351 396.8803779586923 310.90853224740476 471.9127651790891 436.19674651107846 439.0123655137689 320.4949454390751 466.04046421438164 502.5090806094888 409.2199425105475 257.5840574520663 506.3832764141956 391.0907347189491 463.1895819022306 281.2439125014281 485.14454338867654 382.0704966566894 459.1288156850325 271.5988987351429 498.5623422681712 373.24994161641337 460.702899991651 278.4952992813155 499.45377325235256 453.90113595135705 442.47889116048214 248.3664917976151 524.0780309000821 487.42214483511236 412.0869032730441 286.4611373858831 471.64157769818917 492.4886139285197 411.20594275351664 373.56081900674064 402.5852308708827 422.79710028820216 431.0879682979051 361.97323694748775 409.5849294581717 385.3834876854738 454.7522039272095 265.7796420457862 497.5256371035035 356.9110255573677 462.4672417904151 291.34841709174367 491.37162704089116 398.9374299379252 455.10900754309364
560.0016359619214 4.269263333890184 5.131015952933197 4.269263333890285 10.262031905866186 10.26203190586617 4.269263333890196 5.6923511118536485 7.115438889816952 12.158867304834896 7.115438889816985 5.692351111853463 5.6923511118535775 5.69235111185358 5.692351111853671 5.692351111853487 5.692351111853525 12.158867304834816 12.158867304834693 5.692351111853635 4.269263333890106 4.2692633338901445 4.269263333890248 7.115438889816865 9.735039494764816 10.262031905866158 0.0 4.2692633338901524 4.269263333890098 7.115438889817027 10.262031905866204 5.1310159529331525 4.2692633338901445 5.13101595293314 7.115438889816848 5.692351111853503 4.269263333890265 10.262031905866346 8.538526667780284 12.158867304834722 4.269263333890147 3.9846457782974274 4.269263333890057 5.6923511118536245 5.692351111853442 4.269263333890184 8.53852666778029 8.538526667780324 0.0 5.692351111853524 4.269263333890232 0.0 4.269263333890154 4.26926333389022 5.131015952933152 9.546363028425839 5.1310159529331285 4.269263333890219 7.115438889816989 4.269263333890137 12.158867304834757 4.269263333890093 4.269263333890136 5.6923511118536325 12.158867304834779 5.692351111853541 4.269263333890233 5.692351111853596 4.269263333890202 5.692351111853595 4.269263333890159 11.384702223707063 5.692351111853708 0.0 5.692351111853485 4.26926333389008 12.158867304834644 0.0 8.538526667780427 0.0 4.269263333890181 5.692351111853419 4.269263333890192 8.538526667780268 4.269263333890078 5.692351111853491 5.692351111853561 5.692351111853628 12.158867304834725 0.0 12.158867304834711 4.269263333890037 5.692351111853512 5.69235111185358 10.26203190586621 8.53852666778031 7.115438889817034 4.269263333890171 7.115438889816944 4.269263333890276 4.2692633338902795 4.2692633338901835 7.115438889816856 7.115438889816849 4.269263333890075 11.789096305636004 9.000397377424537 5.692351111853564 7.115438889816872 5.692351111853562 14.230877779633795 4.269263333890119 12.158867304834896 7.115438889816968 12.15886730483472 5.692351111853566 12.158867304834681 8.538526667780266 4.269263333890248 7.115438889817019 4.269263333890036 4.269263333890176 0.0 10.262031905866293 12.15886730483483 5.692351111853642 0.0 5.692351111853545 10.262031905866138 5.692351111853696 4.269263333890269 5.692351111853542 5.692351111853522 9.546363028425862 8.538526667780257 4.269263333890185 12.158867304834855 5.692351111853509 2.9884843337230573 0.0 4.269263333890144 263.5590173131471 509.8570022961302 462.95447841072314 439.03786052481644 353.75395943824884 422.8222262965738 473.9641093447665 440.5726546426297 298.60377330577387 478.18652461235627 350.8542075801914 460.78655546748365 241.86701136649617 527.7173385025492 346.649012083714 467.51110516916805 275.0782175022558 493.4984153044856 522.7954813105133 394.70824060589246 283.4155933866051 481.21892084938156 487.4679070722108 428.75801567263943 340.186573323328 434.5511708469471 532.3899095365838 390.74905658061795 288.82211489065696 488.19639873657775 462.92450355275304 426.1215813017631 363.00545475352277 419.45063656908167 397.72981589490024 456.51804209337547 233.74354992043172 526.5485182755915 370.69506790757015 454.79402204379295 252.980620387442 510.48462492184353 449.16231618281375 423.3749817846382 304.79108261859477 480.5768744199728 477.6132059477875 430.05069117527444 243.1133258312473 519.925688051995 434.54686371079833 429.4926875371067 275.3789424713981 500.4256392989526 514.8702455012098 407.0177349623478 393.69794293919256 396.67387182612487 472.6325478115411 436.7918654356966 286.329676959527 473.011853268349 389.2253571215483 459.6162633321023 311.6153242893208 452.15263908841206 370.9067047592871 467.40525550240284 388.15887447810593 412.2740437614007 444.76327260662475 430.4945342000493 236.48262786530813 519.959915753024 404.98875474459055 458.3116313055572 402.0980414320853 402.9890951616115 471.5144511008154 419.25139600195007 407.4068688655869 396.74595224733287 483.8283502107854 424.9954507328981 353.82884798788666 414.88327064237075 540.4018866078175 382.12110135632906 291.60086461514476 475.11890511704365 538.0092665834367 391.3866088368558 310.884301050392 443.9663538951914 423.21743279835283 451.2322302576327 319.3718337474367 456.1955912325012 419.73463825086304 441.20909924913013 346.43958804919873 433.8786263581008 509.0666352578486 413.0914696208262 322.2710239336026 432.78303258440275 410.4386941731095 449.73939162779186 251.6805717930078 517.2786595609807 499.3670149273424 410.47609378098053 367.20752670954334 421.4219787661509 507.5727121956608 405.9972018750803 300.39245251585646 466.6280942040282 433.7104362536483 447.270217482055 300.47772556729615 460.1363763759745 399.8578107701251 448.1153227461329 329.9105673357233 440.6464983092511 522.8353326427604 399.3335230937632 382.79291247210864 410.20632441714736 555.1757409587066 374.7536122132162 336.5528220561471 440.56538865763025 383.9009871907081 452.0080066436871 310.70102772654656 456.74527766567286 458.66155879877846 419.891637674356 232.06701718539105 531.8430943355485 548.8559095808953 383.56120213882895 398.95158642929334 395.88844931423694 475.3812403507996 428.2046145266013 378.4728065333146 417.9042490477518 514.206168809298 400.11691728614585 396.41844672311464 400.94397624446486 409.69956153059644 453.7130547555957 249.8887149130073 522.4616507488576 391.88570721279 454.36012853455674 341.0097559260632 425.37701410969646 491.57006525036314 421.6155800241722 267.3645268380602 495.31190377384314 499.0781576200227 419.6866774439158 322.78242864478653 447.9802961600026 431.95281493022753 435.36102326909 375.79012555893263 407.3419888495612 414.63651021875575 454.38416961405153 312.4998781366854 472.38060364151943 547.765887172661 389.9806825994545 307.93229512686725 468.1505893372665 448.0077721316569 440.3300702979877 347.85273239124865 419.60828077900095 438.8776259400732 443.2366364403779 258.8011423825632 505.92581008354335 391.5702365230927 464.1651127249249 317.0424271039382 467.17968850781904 482.8439484951547 433.9956268193104 332.8450104283079 435.8853111732818 444.11101021001787 437.7852059823332 369.1989997019905 416.04508522830696 528.8138576293647 398.5433029756829 365.05521971394063 409.56468032628675 457.1969704800973 438.1016870752421 232.63977877114505 534.786373314836 451.5702490916231 444.6635792807936 348.1423271243074 426.2665009461551 403.19168907332886 449.45801439869683 383.9995942843486 402.0950502739009 558.8235005084784 381.1668371476372 315.6941579378224 446.872071088725 532.7987014321054 382.840533525725 331.64399802791644 426.8542787790375 422.5682088049823 435.8473905639108 390.85288592928305 401.71911008841136 520.1166212226561 405.2734858380601 322.24237450537476 465.7950349318272 425.9222035616829 443.28970640080854 329.1886666364367 459.1753060961144 496.06903229284575 415.5315177188557 264.68839041664023 500.0961841838839 381.6187272670141 465.61731965141826 290.6312049133753 480.3189899930077 364.0244659870609 462.90895476723176 281.18033133339253 490.29721001707 361.2500996776129 461.7061161230062 284.5012238158972 494.3046315886051 443.62529626362794 446.77010514284177 258.1205825561989 513.6083143805438 478.08939047824686 421.34088000338886 294.5272391599426 466.51262408853984 486.0414134752487 417.5053059127626 382.08258029127035 396.74265283940684 415.36324047154335 440.5634653460183 376.2557271911904 402.3571645233916 372.16931058475654 461.8708833527839 272.5856952383852 488.46793547979644 342.91467680548516 465.4071525273993 298.90126685631344 488.1039994629225 381.12629465844674 462.06831871185614
570.0016359619214 5.692351111853526 5.6923511118535215 4.269263333890157 7.115438889817003 2.8461755559268123 4.2692633338901755 4.269263333890081 8.538526667780204 12.158867304834812 7.115438889816902 4.2692633338901365 5.692351111853543 5.692351111853475 5.692351111853709 8.538526667780364 5.131015952933019 0.0 5.692351111853543 4.269263333890255 4.2692633338900645 8.538526667780301 5.692351111853544 12.158867304834855 4.269263333890132 4.269263333890222 2.8461755559267 5.131015952933003 10.262031905866284 7.115438889816888 5.69235111185354 5.692351111853466 5.692351111853452 10.262031905866198 7.115438889816936 7.115438889816926 5.692351111853439 12.158867304834764 7.115438889817015 12.158867304834764 10.26203190586621 5.692351111853503 5.1310159529330015 7.1154388898169 5.692351111853438 4.269263333890136 4.2692633338902235 4.269263333890116 5.692351111853627 5.69235111185366 4.269263333890212 5.692351111853556 5.692351111853571 7.115438889816919 5.692351111853484 4.269263333890231 5.131015952932987 8.538526667780262 10.26203190586624 9.000397377424527 5.692351111853461 5.692351111853522 12.158867304834821 5.692351111853527 4.2692633338901675 4.269263333890219 7.11543888981688 5.692351111853557 4.269263333890224 5.131015952933069 7.115438889816936 17.077053335560638 9.000397377424521 5.69235111185349 5.692351111853486 12.158867304834736 0.0 4.2692633338901915 5.692351111853516 0.0 5.692351111853505 12.15886730483485 5.692351111853557 8.538526667780303 5.692351111853499 7.210559954422836 4.269263333890122 5.692351111853545 4.2692633338900565 7.1154388898169385 4.269263333890138 5.692351111853592 5.13101595293305 5.692351111853457 12.158867304834688 4.269263333890058 7.115438889816909 5.131015952933181 8.53852666778032 0.0 5.692351111853506 5.692351111853478 4.2692633338902555 4.269263333890261 12.15886730483472 4.2692633338901596 8.538526667780385 5.692351111853542 5.692351111853555 5.692351111853611 8.53852666778027 12.158867304834757 0.0 7.115438889816951 7.11543888981692 9.000397377424594 4.269263333890247 0.0 5.6923511118536 12.158867304834688 4.269263333890151 4.269263333890293 8.538526667780289 5.692351111853494 4.269263333890072 2.846175555926702 4.269263333890196 7.115438889816913 8.538526667780365 8.538526667780268 12.158867304834764 4.269263333890212 4.26926333389024 10.262031905866117 5.692351111853503 7.115438889816965 4.269263333890247 5.692351111853582 3.9846457782974194 7.11543888981688 0.3137850491197472 271.95748694742787 502.59514172960576 453.8638499853909 437.2670025386273 363.4714767057951 417.3463475328191 462.0728230605651 448.4762653670729 304.8435565996567 467.05747167156693 339.26047806726444 464.18209173531295 249.07194108397047 518.0062004522065 334.6511404164256 468.41925346945675 285.87884563292687 489.09619619016416 508.30716656407463 402.8236517237406 285.8372833888705 479.2253903246476 483.3160816197996 431.0534984092217 350.6115737684452 432.75221215426114 518.6019444994303 398.49698234661935 295.409309932218 481.2355370188068 452.5364855234831 431.8389084762296 372.7931867839735 416.92356271237094 392.16146140411587 459.52269544763107 238.08865326615066 511.3568365165509 366.36538919484394 458.4412816016592 256.21583831880156 499.76955919396585 442.55542287880473 431.0587965904885 310.4640503953417 468.73238774291536 474.94665594849954 438.29851186618134 250.95990860379786 509.71978212780255 428.87392628708733 433.9478661958845 280.9810111170395 497.23284684505717 502.6687787894771 411.1069081801928 409.47588734392053 395.1145526961987 465.5888587967032 442.02522297671493 292.44936848453045 468.0249509737577 369.1314516928437 462.30378712803355 317.1450614446489 446.3733857967123 356.66335188848143 470.90475676132 402.0677077556207 404.66601517149456 434.4868140974768 434.7735506554136 243.48189710601326 504.0875367723569 396.68488764927616 469.5470031423965 414.19903225579037 395.4615888650867 461.25220686135305 423.5583423454013 425.17559093046566 391.41167909793785 475.2890134253606 432.42809624745644 362.83265410089865 408.5043889084834 535.2621265880678 389.1061142695764 297.94416123966977 465.3872032576626 529.7405836221386 396.03967758788093 319.22499021042506 440.5523279053348 407.3116239838975 451.78701574395615 328.6820171067578 447.54191403353394 404.0220600035955 447.066659283086 359.92055151651994 425.51516156449145 497.43712765905593 418.20538819975155 329.47154213816674 431.84690740616026 399.44610380472506 454.3517246769396 259.15759175771143 513.8317102246525 487.84922280345324 414.1635646147571 378.31383902036305 415.16396082456885 493.64193319557666 406.9725306927701 307.0932023367481 459.7831082992104 415.72529345011486 448.9812166935985 308.4300421483001 452.3473898337424 381.73671269805936 451.16259429054605 337.51202690620016 434.97882609497765 515.1360808613518 405.00574769483734 392.6580931387239 406.50215401962663 546.6125949115504 383.7078088382411 344.8694924437467 435.86655403824034 373.863098092566 453.3527729486789 317.6968858476641 452.8109151518813 451.49078491186145 426.5431748267793 232.24023748766163 520.3740332751624 543.0321230711444 390.94308597998634 417.6189302624229 390.0681990715621 461.5341598555071 435.8419433259393 386.3052267594397 408.36612023298284 502.35731960625446 408.090432044182 406.9938087431327 399.8857129031382 399.5754961437462 463.2493699052021 257.38012516885743 518.9872670945107 376.8382342571828 459.75315653665285 351.2513788387732 417.9445525090752 480.62011590533353 426.3250149123184 274.55919547429176 489.1893460364248 491.3588441292628 425.32612078457913 326.44254408188493 443.10225500452725 424.4459260006693 438.11352410255677 383.68647544705635 402.0669378653406 406.297482655708 458.91272586986076 320.22643924661355 461.7611712201065 539.5031644041871 394.6486952766773 312.67885387273185 461.39917175557684 433.25031153474134 443.0078986221611 358.2250180507279 415.0886642569337 421.0901444627241 450.2540285919158 263.5743264673751 501.77201978948074 381.25936148437825 461.68714189898776 323.1763388290057 454.6778431429988 480.41472738168153 439.4034396449427 340.4332569942068 430.2017652206418 428.5323972223173 442.2579930186411 380.28535552382704 408.4765871898326 525.8375085406033 402.93435101075164 372.9278710069941 408.4613752131745 444.887602136167 435.38823288861295 244.2898002895383 524.0884934725218 442.6052610216865 441.46579696696705 357.8209209657952 420.75602360307965 389.8115306230515 451.30915045220826 390.59944779522425 400.6238701306606 551.157241046556 386.8914123493641 328.25188133684435 437.2818553614502 522.1454773762919 392.9211451859624 343.98711282349666 424.93427731852864 411.7174989815248 439.067307849005 400.78305721538806 398.1974693065702 511.03403470000626 411.70815483008766 328.795618593795 456.2050051749252 412.5445423508251 445.18264974758944 336.1783976619191 444.9129753355139 483.28281753048543 418.5561271316633 268.54587191512223 493.66117995208214 366.001511770668 469.92176259804984 299.0850646809842 471.9035345553997 355.3953933785603 456.73828363898673 291.51534649793666 481.7104154578965 346.7372416666589 461.2902773173363 291.65181748808635 486.8120978042198 429.6844968783477 447.64077149948054 266.05156326939743 508.23690541605026 466.2060019362954 429.2580852013659 299.7058052405991 457.79414576672383 473.8275672205657 421.55633379870306 393.31574426587935 393.7072537686295 400.4649030386986 444.6156638057217 386.12078834519787 397.2157958060209 359.47745952522797 463.2428487830375 280.7887146652235 484.6879986795301 329.2900962998585 469.45189732291993 305.4514012836293 473.6191513734067 366.74332310380197 467.136462228822
580.0016359619214 5.692351111853532 4.269263333890168 4.2692633338901524 0.0 4.269263333890077 5.692351111853541 5.69235111185356 7.115438889817031 4.269263333890184 5.69235111185364 12.15886730483471 12.158867304834747 5.692351111853548 12.158867304834823 4.269263333890232 5.6923511118534345 7.115438889816892 5.692351111853493 5.692351111853517 4.269263333890132 4.269263333890219 5.692351111853443 5.692351111853547 5.692351111853497 4.269263333890168 4.2692633338902475 0.0 5.692351111853475 5.692351111853452 7.11543888981702 5.69235111185352 4.269263333890156 12.158867304834807 8.538526667780266 5.131015952933105 8.538526667780278 5.131015952933049 5.692351111853568 7.115438889816991 4.269263333890157 3.9846457782975433 5.692351111853548 12.158867304834882 4.2692633338901995 7.115438889816861 4.269263333890079 4.269263333890182 5.6923511118535375 7.1154388898169865 5.692351111853533 5.692351111853557 4.269263333890227 0.0 5.131015952933021 12.158867304834683 10.262031905866268 4.269263333890132 10.262031905866262 4.2692633338900885 5.6923511118536245 5.131015952933031 5.6923511118535295 4.269263333890089 5.692351111853591 8.538526667780332 14.23087777963384 5.692351111853565 5.692351111853644 5.692351111853575 5.692351111853472 11.384702223706975 7.99416612632327 5.6923511118535055 5.692351111853528 4.26926333389017 4.26926333389006 0.0 5.131015952933107 8.538526667780209 5.692351111853564 5.692351111853516 5.692351111853474 4.269263333890063 4.269263333890143 5.692351111853457 4.269263333890123 12.158867304834736 4.269263333890049 10.262031905866218 0.0 5.692351111853491 5.131015952933046 7.115438889816863 4.269263333890276 0.0 0.0 4.269263333890141 7.115438889816991 12.158867304834846 12.158867304834697 5.6923511118534185 5.131015952933025 12.158867304834843 5.692351111853632 10.262031905866172 0.0 4.269263333890188 0.0 4.269263333890167 11.384702223707011 4.269263333890075 7.115438889816932 17.07705333556065 4.269263333890248 8.538526667780323 4.269263333890216 10.262031905866182 5.692351111853598 0.0 4.269263333890135 8.538526667780287 8.538526667780332 8.53852666778027 5.692351111853552 12.158867304834795 12.158867304834706 5.692351111853457 9.000397377424598 0.0 5.69235111185353 12.158867304834635 5.692351111853532 7.115438889817014 5.692351111853531 12.158867304834763 5.131015952933157 5.69235111185355 12.158867304834796 4.269263333890184 8.5385266677803 283.35359724389883 491.54862250976174 444.4048926632359 439.74113633576707 377.2290242242769 412.3397129893765 447.3134535359007 451.15664168401463 312.8536393233238 459.29197528795976 326.5398361523806 465.36290370483385 258.78440374377476 511.1221658251379 317.3338010001899 469.2640246042437 292.71481685627344 477.4228520168305 498.4041232331378 411.04254584880397 299.38602725611395 468.345602663947 476.4860563979059 441.58744413432794 362.84574765832065 422.70649386306206 507.09969827495024 410.33729601501966 305.7981771061609 471.42174066533636 439.48584456601566 437.6313982859549 378.7149827877684 415.83051365585754 381.8396344411408 463.6889473552573 248.7199400429927 511.4936095143875 352.3329702788113 458.92670739458833 268.08595106120964 499.02586667801995 430.88815888770637 436.0793482520149 324.3843109087933 460.9035878437143 461.9038001424781 444.1136296864675 258.14663384357544 503.51446084050855 421.366552359167 436.6921286127897 290.46492553367017 486.35960484429813 488.9499038931952 425.4930654375685 421.59025420028433 389.2068117831038 452.5417109144785 447.8315828516011 299.1579904760054 461.2030676049466 359.06741798460206 463.5782534385131 330.02271254616375 441.1410688436391 345.51400552724385 469.99512483231587 408.9096579016619 396.27119051959176 426.59891559507645 441.77954370760835 254.54506947189077 502.3371754289039 386.64761379360164 470.8858532292297 429.1225680572083 386.53633120942857 459.6225222494163 427.160542772163 436.146903484002 380.77649826365905 460.28962202020915 437.96954633524666 377.357089055614 400.26822700471575 526.7657034242202 396.5867585144795 309.1687742115669 456.5918198907316 522.6158318393599 402.7387669161057 327.53298861581845 435.8221869020142 393.3953470728612 459.29240676635845 336.10333752558086 437.6226694172086 391.36455445633806 455.232924756841 371.6585653856831 420.3493814327635 493.72885613731086 431.1014411336256 340.1708291752704 419.6598025791089 383.2602379969604 457.6446527321236 271.181774384613 503.5760715310846 476.53886800570143 423.1213894594616 384.9816611671401 406.50137725841506 482.34571333214853 415.9389853307877 318.5475040253827 453.943143750698 403.0791452598932 457.18036760729154 315.77995330493286 443.72742565184774 373.3571278986144 455.6165097407348 344.3576746449915 424.18468958965735 505.8152372175991 414.26474636835957 403.9581573028202 402.2041708682462 536.5314612264638 394.82285115225244 350.5274104960774 427.46820393340363 362.40861017298386 455.3734612293641 321.85408220263133 445.20481551986154 446.5147291336562 430.62177250501065 249.58583829680742 516.1234737100071 532.2972265315614 401.80683619105184 428.5752964821218 382.193102733829 455.7434628219377 441.72422938961427 391.7290887668616 400.66183369682767 490.7552253547576 412.8270746578151 414.4291098506065 395.37895632206715 388.70345505319756 466.3877862026211 263.4329455165311 509.060567199436 367.3371476929758 462.09136017491636 365.69671115880044 413.73617590494814 468.4893451669966 437.07074325948406 283.36357525888 484.97988779505886 482.0064770260797 434.5547601425591 336.9749397990876 434.0435421310862 411.0733568110101 439.9892634682686 392.52857087606293 389.4348100275564 398.07808851270994 461.9894168420874 333.1574168683139 457.86476991864845 531.4780365575162 404.5884233378628 325.390670895525 454.62546012745116 429.08376991764015 445.277826089718 369.62529229906625 403.0229858034786 415.7870760124979 450.4351514860652 273.2581833066812 493.63100474553374 375.26169838330105 462.18605479872275 330.7280878875439 448.96134425695067 468.3105961142366 442.0034540535442 353.95831738547076 422.04897772837325 418.8072953330199 447.5464784122136 385.7068258152974 396.5092335285117 516.2823927248891 406.9083376247674 382.88767127786537 401.992925694936 436.88152182025374 443.8187185834618 256.1446382892181 518.4407320349709 431.9443464108238 449.98764153382587 368.0498575536665 407.95448301856544 378.23967107921834 454.8074020337649 399.35946093837197 393.7453261068671 539.2291452439711 396.3288757410092 335.4188256275958 426.29433141021866 510.6545487317755 404.77021867209163 359.0260266549888 421.6087976364805 403.38095196540024 443.584530316803 417.58451775805764 389.36181127653475 498.5957487769582 418.6219745422706 338.89501754260533 448.61315009010247 400.7234301539106 451.5806042417036 342.2822582982115 434.5409553024136 474.5030446427013 428.81787974498445 273.40822774751484 489.62399896278856 353.69563599460287 473.67619888436684 305.5012371787042 460.8090284898218 344.47602620128475 459.73562959733624 297.317769540034 472.520146255106 338.2980518425921 465.62416752851624 301.2538495732672 476.01782145371624 421.4792646064039 450.75684662257436 275.10535225883626 500.5769143001196 453.9775622947082 433.2707177012591 311.6944083877108 450.00739815595296 465.51880583415857 426.1314434569462 408.539733824413 391.2822168333503 392.9415791907734 447.31974950954 400.13248904547316 388.3947615675129 349.81385717262015 466.94129156836976 291.5569320710755 472.8780213552886 312.50327363850334 473.07200607938273 310.7276789053383 464.9385696135775 355.82406208347015 467.26860000894743
590.0016359619214 12.158867304834752 8.53852666778027 4.269263333890149 12.158867304834763 4.269263333890217 8.538526667780372 5.692351111853615 0.0 8.538526667780205 4.269263333890215 5.6923511118536565 5.6923511118535215 5.692351111853596 4.26926333389014 12.158867304834752 5.1310159529330575 5.13101595293319 5.692351111853593 8.538526667780271 7.115438889817 4.26926333389025 4.269263333890042 4.269263333890109 10.262031905866177 4.269263333890184 8.53852666778038 5.692351111853561 12.158867304834768 12.158867304834777 8.538526667780301 5.692351111853535 4.2692633338901675 5.6923511118534496 10.262031905866301 4.269263333890123 10.262031905866223 4.269263333890207 12.158867304834853 12.158867304834715 12.158867304834754 3.9846457782975433 4.2692633338900965 7.115438889816961 5.692351111853614 4.269263333890185 4.26926333389022 5.692351111853664 5.692351111853579 2.8461755559267394 5.69235111185358 7.115438889816918 7.115438889816895 5.692351111853528 5.6923511118535135 4.269263333890213 12.158867304834889 4.269263333890186 4.269263333890248 5.6923511118535455 5.692351111853578 7.1154388898168754 4.269263333890177 5.692351111853539 0.0 4.269263333890109 11.38470222370714 5.692351111853671 5.692351111853545 8.538526667780271 5.692351111853575 4.269263333890157 5.692351111853524 4.269263333890076 2.846175555926786 5.69235111185359 7.115438889816897 5.69235111185348 4.2692633338901 7.115438889816919 5.692351111853605 12.158867304834699 5.692351111853534 4.2692633338901205 12.158867304834866 4.269263333890108 5.692351111853659 5.1310159529330255 5.692351111853465 8.538526667780312 8.538526667780232 5.692351111853589 9.546363028425702 4.269263333890178 4.269263333890204 5.692351111853617 4.269263333890144 4.269263333890139 12.158867304834823 7.115438889816847 12.158867304834766 0.0 4.269263333890192 4.2692633338901205 12.15886730483474 5.131015952933107 0.0 5.692351111853598 5.692351111853554 5.692351111853524 11.384702223707013 7.11543888981692 5.692351111853499 7.11543888981688 8.538526667780221 4.269263333890151 4.2692633338902155 0.0 5.69235111185345 5.692351111853587 5.131015952933198 0.0 7.115438889816849 12.158867304834875 5.692351111853508 8.538526667780364 5.692351111853559 9.546363028425839 8.53852666778019 5.131015952933108 5.692351111853562 0.0 5.692351111853598 8.538526667780271 5.692351111853556 5.692351111853582 10.262031905866293 4.269263333890127 2.988484333723069 5.692351111853576 4.269263333890127 291.2370586447127 483.69893960885423 436.63911971925637 445.32086788250194 385.8630980610698 405.37805732604886 433.11834123786366 454.83500939768743 330.3856086992099 454.97145587824167 316.3419782269309 473.22202143021644 267.5588290784638 506.8406717718187 310.326499693498 478.15412742375645 301.9436332799954 468.6666489029969 491.72254114877023 412.02660215217617 305.8642532273552 457.8782599487342 463.3597562694542 440.6755547773065 374.70216285085434 419.0850303617805 501.62812534314344 412.6799902108238 312.22009254097213 458.9759659997446 430.20147997300825 445.38287178126035 381.4566745209789 408.42356230821844 369.801822897403 471.36758044921834 254.3369611060947 497.3587667181348 343.8969749515714 463.27852451653155 267.9554384350547 491.44061963759486 425.5010601634864 444.4001186113094 334.8848453884314 460.4453907863723 444.74329668434353 444.0350813698924 270.431483184186 500.97246850364223 414.110958952659 436.57661757165965 296.6812680690345 473.8522888393557 477.53685675874664 427.71711233930705 437.5320453871043 386.6255419091482 444.332945861658 452.5969140421008 306.2894769356615 449.73620220496076 351.81201512521153 463.3273845242464 340.30932698801473 433.75889789798583 333.9225184469608 478.58808147026025 419.5470591080181 394.01814031326336 416.6940708063691 441.75370720918977 261.3586440278799 498.15218262632015 371.8069076147199 480.0395270983481 443.6329196637201 386.1973850460666 449.5914383449235 428.5975993051245 445.8508209658882 374.1998448911685 450.5083110417656 436.56354932666284 386.08682582571646 393.36395355782105 515.830624364573 401.32034130984096 314.55531326303657 448.01662414468126 512.366630414727 407.07921756660005 335.51768697639136 430.6821627172537 382.3042349254168 465.36613425235106 343.8949719305618 433.5355672954689 386.8920875534056 460.29644581188614 381.61933532888156 412.42842082325734 486.13898374091934 427.15853435304405 353.79502188053823 417.07553206304084 376.5368464362818 465.2224992552235 275.48542554785496 493.8746905933768 466.8402097011281 428.4527377529596 394.99483778797156 401.63473584384917 474.6093900965422 421.55563524896917 325.9877839972411 445.4405039464287 393.87653194249896 463.43884975429535 329.0354412873123 432.46520122027266 361.0472805756811 459.3799462088033 352.2457027193696 423.06780337619125 498.6650842610083 420.9337819108901 407.38812580975883 398.72705374047666 523.5270445998611 400.72463908667413 362.3396444474978 422.2963502402006 351.4924524669391 458.3657038277648 327.39406878316044 436.70678916064224 434.841118982631 435.6373253362798 253.68498205067203 506.3487214468692 523.092185879856 409.65430242115957 437.34009720893425 378.37141512402934 440.6046964146124 448.6418728923605 402.49897279237666 394.03876536014326 482.44553093140604 417.41015809153316 427.71835181714573 392.9651818478691 379.929609597231 473.7139978251043 275.8817097146939 501.7721457226795 356.1091044290903 467.9242152964999 374.9657427587567 410.52755547936755 457.0740501266659 439.2712652184837 288.91562814964317 480.5429766324052 471.40866017720583 434.96610821103377 343.4067928811979 429.47686770996177 403.8436733294079 446.569752555728 405.2251188910601 384.4459710704163 389.4272021617568 469.2781941499944 339.5471442032341 453.16196502401317 517.6681797346868 412.2848017982198 332.94268850499293 447.57357602980915 421.43512713629804 449.4157650887842 376.26240466384223 398.73409905939496 405.4824387496034 454.63609637038775 283.23865779030416 487.4583487736173 367.46018837506625 460.9159625974224 333.63214362274886 439.5093270623616 453.5529742155388 444.67929559480746 365.76335873686475 416.98403526058325 406.11214928450823 448.9945743095855 397.1707815272317 388.0005354197972 508.44565106052744 413.97109205578937 392.87611161434455 397.1282143231988 429.67623343191417 450.42880601572983 257.0951953385314 509.8254196292798 422.20898914756924 455.2638468401791 380.6411797363438 402.64839788257893 371.53257759451526 455.6540546592527 407.46855035681875 388.81361317118257 527.9644701830244 405.33912262415214 347.14290602465536 420.98465444327036 503.16711718135514 407.57060188495785 370.88466505778547 418.0056779335817 396.96504270602753 448.3675811189295 427.6257886208818 386.1338135997972 489.1450436800152 421.1324732243484 342.5478482345211 441.57490525536787 394.31571090517684 456.34794523168097 353.9590222729146 427.78339460464525 463.98735297623864 435.9445544530316 281.23861184927625 481.73216879244524 341.3650761686574 477.35773788206154 316.8335530600519 452.17045365349037 335.71547494402745 466.9069601629589 301.26639412822533 463.41933515353276 323.46335664013657 467.8698071446905 308.3242675008061 463.8115789952654 412.8376683389237 451.3785374248717 285.49939161841195 492.0672811015198 441.86633023195515 435.83412489941145 319.5750496691172 438.14433187294117 457.32256985653106 429.27350189592255 413.2182016233556 389.8480603872853 385.6816500422376 453.8687519342832 416.714995676441 385.2832478294219 337.8584741497579 473.0933522874327 296.28218070547535 466.13415316370464 300.0680461415751 479.001482593271 324.5787343399254 454.42794802250387 347.9363973935912 472.6785019064736
600.0016359619214 5.692351111853546 12.158867304834859 8.538526667780301 10.262031905866191 12.158867304834654 7.11543888981682 5.692351111853464 8.538526667780392 4.269263333890125 12.158867304834676 5.692351111853611 8.538526667780346 10.262031905866188 8.53852666778032 0.0 5.692351111853635 4.269263333890107 5.692351111853495 8.538526667780369 5.692351111853483 4.269263333890173 4.269263333890098 4.2692633338900885 5.692351111853598 5.69235111185353 5.692351111853592 4.269263333890133 4.269263333890198 17.07705333556064 7.115438889816988 7.115438889816859 12.158867304834777 4.26926333389017 8.538526667780328 5.692351111853557 5.69235111185357 0.0 12.158867304834759 8.538526667780209 0.0 10.262031905866092 4.269263333890131 4.269263333890276 4.2692633338900325 12.158867304834672 5.692351111853558 10.262031905866147 4.269263333890153 5.692351111853623 4.26926333389022 5.692351111853444 12.158867304834773 7.115438889817011 5.692351111853468 5.692351111853585 4.269263333890072 4.269263333890115 0.0 12.158867304834676 5.692351111853631 5.6923511118535375 4.269263333890252 5.6923511118535375 5.692351111853483 4.26926333389015 10.262031905866186 0.0 5.6923511118535925 5.692351111853437 5.692351111853557 5.692351111853484 12.158867304834887 2.8461755559267634 7.115438889816856 4.269263333890234 5.692351111853453 7.115438889816847 12.158867304834757 5.692351111853502 0.0 4.269263333890084 5.692351111853456 4.2692633338901205 0.0 12.158867304834818 4.269263333890243 7.115438889816931 12.158867304834777 0.0 4.269263333890232 5.692351111853431 12.1588673048347 7.115438889816928 12.158867304834752 0.0 4.269263333890141 12.158867304834674 7.115438889816901 12.158867304834764 4.269263333890194 4.269263333890111 10.262031905866223 4.269263333890114 17.077053335560674 11.384702223707063 0.0 5.131015952933144 5.69235111185354 8.538526667780255 12.15886730483479 4.269263333890086 5.692351111853443 7.1154388898169145 4.2692633338901 5.692351111853536 12.158867304834715 4.269263333890148 5.692351111853453 8.538526667780278 4.269263333890148 12.158867304834752 10.262031905866293 5.692351111853533 4.269263333890236 4.269263333890261 0.0 5.131015952933159 10.262031905866259 10.2620319058662 5.69235111185341 4.26926333389017 0.0 5.69235111185348 4.269263333890058 5.69235111185346 12.15886730483469 4.2692633338902 10.262031905866186 10.262031905866218 12.158867304834821 295.19231288515016 474.62034354799545 424.11887427153073 452.0813809950024 398.6723273163404 397.493278536209 416.7331349061975 453.5728280105711 343.0484866130785 441.452911550956 307.31764112324464 476.3941387399421 273.4117581841184 499.00219506259316 299.0218049713182 478.4573726800266 309.86142904061916 458.1830997220428 482.84107481708537 415.5592257284757 308.7873362426768 451.25065518153076 453.3314768813762 442.0965594101206 385.4879487025174 409.4141108128088 489.9805898939905 417.7477044389495 323.65004955127927 450.5055654114305 419.1988979335576 449.9634243111184 390.2822028795089 400.13242190507015 363.3232405052311 476.0557193518688 267.1222924598705 492.99529576725695 336.8625904194186 466.87559301895635 278.8165064241716 487.27449196884544 411.42238486076104 446.5877636910787 336.364981932317 447.68048030336416 432.23384968136645 450.81707101616234 274.9486691948702 492.7381177458123 406.01114367120033 444.8789816110653 306.7123682343887 466.14853406032006 471.9925665626348 430.7566223921415 444.0323710984524 378.8343283552632 430.81940691739055 455.8662149495669 316.5840629724162 445.07973143746113 337.41811197518336 473.36300587372796 347.4011176802257 423.1360628435219 320.84304890386164 477.230767797211 424.3919130600632 389.77853457713945 401.92710001156564 451.00980676434074 272.2580344557104 487.7297884629414 356.4325313218832 481.3159704164716 451.29983272002517 373.7084810646057 440.69274068921425 432.09505472955544 450.5610455231917 368.08682319481443 443.8211256154446 437.50385299597644 394.8100162990498 389.4158650558838 511.4477082946724 406.4602732106306 323.49783101147847 441.5046615268421 504.0001134397045 412.425988697123 340.53783503198514 412.8451773565254 374.29166662675357 472.2307204581193 357.6682700140831 428.49522153708915 377.3888424156842 462.6042625922255 391.6837461342822 406.14538037493065 479.2071701664602 430.9613242314212 368.25852819817624 416.10381636157786 362.2624134627134 468.6401613604281 288.7083558280096 486.3801958513655 458.19677897012116 429.12256537375123 404.968347477079 399.7363531436919 468.4932103587526 423.5570504414541 339.55691477010595 438.66238721881444 385.48266810661585 467.8561646630191 339.29459828144513 419.52456943842367 351.9149734061782 464.0946118792532 367.3563823315443 421.5839316522372 490.4753055496227 424.0893148887164 414.17095456876996 394.6546078079661 517.61016953595 409.6252456323293 372.2255984120209 422.95557532308493 343.91810943694804 460.91987666809814 337.76841650582 430.84586399366003 423.71103584985923 441.66222180533276 261.9197080639156 496.4808398142414 513.7501499205375 418.89719839604896 446.9078903515386 374.2888195760771 423.3536691988284 456.6244366181679 412.7160857323998 386.50510551120516 476.65813181482065 423.29421063348036 436.0769393529263 385.3331416159354 369.5601452131363 477.78470922861885 283.62014586160075 492.4957746227872 347.2934544234195 469.78603948107093 382.9656411006272 406.88490050744593 443.87835390639896 446.45604505089176 299.95486704306626 468.9952191903173 465.29054136186403 436.960723098753 353.191189840555 418.5815733698672 396.86225273962566 450.28571835604174 412.07243367731365 378.97400695481844 378.3707539920824 473.731802230893 348.5418193253256 446.78286481013373 503.8085255308903 417.7098081374123 344.4652495657161 436.5146955335796 404.9871279061717 455.5360128109547 387.5525013143683 395.8957910681282 394.0226146498913 463.39698330180073 286.6854155995432 481.71292301385114 358.8771843595227 466.6965157345324 338.568678897486 424.4643808511455 441.04692809415025 451.47582816428576 375.73479009840463 412.04369218686696 392.70921768303606 457.4586120415513 403.8806919139285 385.3351227340918 498.2760111322295 425.0006038347975 406.88905699048763 392.78969806284664 411.41560173112043 454.8669018918069 266.09038475045685 500.85981307711006 408.54695210728636 459.89424961492057 394.7774850024626 393.8871563013704 363.11004559016754 460.03451437554185 422.9212216590113 382.3643099297028 516.785860376882 412.90090471653485 359.5970602278777 422.62384348660464 496.0079340510745 414.2278894493315 380.82451869766555 414.4617769422408 387.46877140436845 450.71474962403494 437.4064412974323 377.7494021581981 481.5241139091038 425.31728454390844 345.91942514736866 431.2139610372549 387.02735008810555 462.8796341014442 365.77703025989365 428.45124647928117 455.2196340249165 438.0325669004761 294.7389136999705 468.1719697054589 326.10436755169593 473.31612326962374 332.1629576848266 440.9987279717265 327.7641473766903 466.96534520182104 318.6243717460111 456.2845211534619 317.29966909293825 469.66131385352935 321.1935757370611 458.6107484955621 400.277427552752 458.07218224287567 295.7295882461311 488.48189454843373 433.52560076295725 440.35939593304533 329.34611941634233 435.5050395994055 447.7337299276207 433.15832721551874 422.6618107560852 385.62430805759476 378.9746684659591 454.7136843633747 430.6078741982581 383.9562769727042 317.7092257180439 475.3253623837931 300.58441102247644 461.35271193719507 291.03580558519417 479.60902490700374 332.3078869790313 450.2689714773681 329.75150756927775 475.2957799971364
610.0016359619214 5.69235111185341 5.692351111853539 5.692351111853569 4.269263333890221 5.692351111853633 8.538526667780415 4.269263333890112 5.13101595293318 4.269263333890114 5.692351111853587 4.269263333890153 4.269263333890113 5.692351111853582 12.158867304834668 5.692351111853559 0.0 5.692351111853554 10.26203190586621 5.131015952933122 5.692351111853493 0.00118165109919986 5.6923511118536485 10.262031905866138 5.692351111853603 8.538526667780372 8.538526667780301 5.692351111853562 7.115438889816979 0.0 10.262031905866229 5.692351111853471 5.6923511118536325 4.26926333389009 0.0 5.692351111853422 4.2692633338902155 7.115438889817028 7.1154388898168754 7.11543888981701 5.692351111853581 12.158867304834756 5.692351111853523 0.0 10.262031905866104 5.692351111853502 5.6923511118534895 0.0 8.538526667780237 7.115438889816854 4.269263333890269 7.11543888981696 0.0 12.158867304834791 5.692351111853556 8.538526667780241 5.69235111185347 5.692351111853543 5.692351111853531 5.692351111853452 5.692351111853571 7.115438889816963 4.269263333890166 5.692351111853472 4.269263333890262 5.692351111853493 17.077053335560688 5.692351111853551 5.692351111853487 4.269263333890184 5.69235111185352 4.269263333890267 12.158867304834757 12.15886730483471 7.1154388898170176 4.269263333890266 5.692351111853483 4.269263333890284 8.538526667780395 5.131015952933165 4.269263333890249 5.692351111853472 7.115438889816944 4.269263333890139 4.269263333890101 5.692351111853502 4.2692633338901125 7.115438889816891 7.115438889816895 5.6923511118534735 5.692351111853531 4.269263333890242 12.158867304834818 4.269263333890141 5.692351111853532 5.131015952933204 8.538526667780282 5.692351111853494 10.262031905866213 5.692351111853525 5.1310159529330965 5.692351111853505 12.158867304834793 4.26926333389021 5.131015952933067 4.269263333890222 7.115438889816935 8.538526667780367 5.692351111853572 8.538526667780317 5.6923511118536405 5.692351111853642 4.2692633338901205 12.158867304834846 7.115438889816837 5.692351111853588 5.692351111853566 5.692351111853562 12.158867304834772 0.0 12.158867304834816 4.269263333890254 0.0 4.269263333890227 5.131015952933077 4.2692633338901 4.269263333890168 4.269263333890066 12.158867304834738 0.0 5.692351111853507 4.269263333890192 4.269263333890099 12.15886730483481 9.00039737742449 5.69235111185359 5.131015952933067 4.26926333389024 0.0 5.692351111853485 4.269263333890216 301.4190953795331 468.44450839906114 412.40115113597403 456.9877977303984 405.93048239233735 397.3174375643558 399.72028542053505 458.5953460017529 350.25208731073207 436.5215802488773 296.3246171080687 479.12446474344983 277.98347155468616 498.3888691854392 294.7360982371301 485.8589007924981 316.3516876761531 456.3880166507173 476.350920063478 421.8158467955855 316.44909843684206 445.6707797839394 442.64468086927934 450.5879481822954 396.2649433494371 402.8298352076721 471.258689987101 428.0021435438045 334.73586635595785 447.0236425419061 409.9852800300773 451.73343964379825 396.8269293711293 393.6602627062287 346.5907008645895 474.2316024839548 282.8154153607118 491.095966707558 329.62971910344567 471.83752041465965 288.3184814687734 485.82796454398334 404.99471584211443 451.3444122343464 349.4918338580993 445.77818978117944 418.69884033513097 454.0311645900181 282.8017874000591 483.49660602974524 401.53005184676636 449.93903847844257 317.7266141834065 462.4318848830911 461.9600006341068 432.1706819929684 455.29707047509265 378.2003686784164 422.30559150496157 455.0454583990531 326.34177135426086 441.01887176437 325.22944760385246 475.504218532134 355.3426427916012 417.9124408428405 313.919927759207 484.63462288907067 429.53416022478206 382.783357241262 398.28718327391164 454.2721795217373 281.5845378403771 480.3789876363965 341.9307710664031 480.70219111745075 463.46170234980525 371.39659160523473 429.99458707110784 440.5662512595242 463.5285830703453 364.2679579139257 436.03629288729405 443.05523602929344 407.638415878784 383.15821139527344 500.94456247717414 413.6046082190287 327.90723635534243 434.0500740775754 493.15499380448483 415.68142376087263 357.0231081753944 406.2439575458128 355.5316022154913 475.17491320647525 368.23767588482286 425.8964929384402 367.0255438261267 466.6338732231961 402.3911421997079 402.44057218382585 476.8749096124793 434.9389564465592 382.32001348044423 408.7456964700339 357.1790813604218 472.57840412973826 303.6984586692306 483.7905405347985 449.8587390217146 433.6477034322582 411.1705742455004 394.6837351054802 456.2476079751853 427.5280912259528 346.6937323598722 430.8851294160311 370.19546235833303 474.4547235970724 350.45505757143155 410.6541001868148 343.6269025625899 466.99296557453715 374.88971203326827 411.23079026270153 479.18002709140274 425.60886887122615 425.12835394936326 388.3390258462619 510.9160525007923 410.6102886977082 384.3400357893537 413.9829202091329 334.38439533854364 463.0915245603803 346.2758154409088 423.61906525715744 417.99824895989997 446.064680258049 274.97962935519695 487.5057467462142 499.68891854801967 421.22534953051616 457.77713427731607 371.25443172677603 405.639449031972 462.04152084496235 421.692952164677 379.942646642475 462.46217359400924 426.9888845815223 446.8807134410553 382.0973721803352 354.7471802991982 480.07747517233304 295.9849572077343 490.3602998014117 339.53285782323104 473.7248244439077 387.91048020346255 398.30832544598815 434.44110858293885 455.59017577390756 308.12512533981663 461.40540990753726 454.6859933896064 437.3228191067363 366.3814639140125 415.696436804248 388.465285191203 454.71221610801496 428.15049534203604 375.2267604166944 362.52967246537895 479.2449884287419 355.7739122300801 440.5580193825862 493.5379419973611 422.00128851718983 356.91616429682745 432.39920354197443 383.74195951407046 462.7121446399827 399.7385331666857 388.53931166848315 380.8688187649617 468.94052190851585 289.61211493355205 476.4708004484349 348.48522684955924 470.6882226980133 347.74802618078235 416.8613398470472 427.9658059486947 457.17363634616436 387.768971966627 407.41232054138703 378.1722260456122 461.4953658056735 415.32682548878466 381.3937114088681 484.7779261753412 428.345731643724 415.0647680904546 387.9944115628232 392.6898994068731 463.4426122297109 272.72762901040227 494.00457981072543 394.56642117907984 467.27878608929194 407.07578239674854 386.88660083930745 354.13521288753265 463.3179003956795 434.1329794683916 373.32420782882673 508.71948955569303 414.64420478100493 372.1738656451333 418.79834500751 488.13778985720285 421.255279178592 394.8445962307677 408.6257204315156 374.85760020040675 457.31218913675156 449.6697814785286 373.8663610943206 470.29685017056556 432.80365475049376 357.7681726411051 423.3411254665153 372.4504716839414 469.1269852947718 374.4479707991135 422.91735478696836 445.184826963186 439.4234536470594 302.86514990992504 460.5708974917269 314.04420818960654 479.3357389442495 337.34470692663825 437.38489302018854 322.9959168958077 468.027332451754 324.93228733105633 448.8301665689785 307.56547273658987 473.14917369620844 330.2639439738085 454.96317358521037 386.8866786540578 469.12593019907735 309.7225442070386 480.7594425436833 426.2902127882375 446.9410669124695 333.8001743808487 428.1061963351833 442.1706318132783 436.16826336760823 433.8983144909696 376.5796868840839 370.4128589194509 460.4955257277435 438.1047268954141 381.1551516635034 301.43623361949443 478.06422711618285 307.37616166630744 451.90080646740796 290.4565570106242 483.8456006429054 343.4386921516967 446.85102214000455 318.2633429590569 471.7553919247559
620.0016359619214 5.692351111853485 4.269263333890264 9.000397377424537 5.692351111853522 4.26926333389019 8.538526667780324 8.538526667780385 8.53852666778027 5.692351111853612 4.269263333890182 4.269263333890192 10.262031905866253 4.269263333890214 4.269263333890118 5.692351111853508 5.692351111853612 5.692351111853608 5.692351111853467 4.2692633338901 4.269263333890107 5.69235111185354 5.692351111853479 0.0 4.269263333890251 12.15886730483484 5.692351111853491 4.269263333890196 10.262031905866202 5.692351111853564 5.6923511118535925 4.2692633338901524 4.269263333890149 12.15886730483483 12.158867304834834 5.6923511118535 10.26203190586619 7.11543888981692 10.262031905866138 0.0 12.158867304834748 3.9846457782974687 5.6923511118535215 7.115438889816974 10.262031905866117 4.2692633338901125 0.0 8.53852666778035 6.037650108129656 4.269263333890196 5.692351111853628 5.692351111853577 7.115438889816945 5.692351111853603 4.269263333890133 0.0022537779453397416 10.26203190586625 5.692351111853652 5.69235111185343 5.692351111853545 12.158867304834663 7.115438889816879 10.262031905866152 5.69235111185365 5.69235111185365 4.2692633338901596 11.384702223707116 12.158867304834764 5.6923511118535 4.26926333389025 5.131015952933166 5.692351111853628 5.692351111853594 5.69235111185352 5.692351111853476 9.000397377424529 4.269263333890181 7.115438889816836 5.692351111853506 5.131015952933089 5.692351111853544 5.692351111853459 4.269263333890254 4.269263333890254 5.131015952933144 5.692351111853537 12.158867304834777 7.115438889816962 5.131015952933141 7.115438889816911 10.262031905866262 4.269263333890113 4.269263333890243 4.269263333890181 5.692351111853459 5.6923511118535925 10.262031905866232 5.692351111853587 7.115438889816938 4.2692633338901524 12.158867304834846 8.538526667780326 4.269263333890243 0.0 9.332675025820782 5.131015952933146 5.131015952933201 7.115438889816885 5.692351111853579 12.15886730483478 10.262031905866229 4.269263333890102 4.269263333890116 12.158867304834711 5.692351111853447 4.269263333890182 8.538526667780276 5.692351111853504 4.26926333389006 7.1154388898169785 5.6923511118535 4.269263333890217 7.115438889816847 5.69235111185352 8.538526667780403 4.269263333890189 0.0 5.69235111185366 7.115438889816949 0.0 4.269263333890105 5.6923511118535846 5.131015952933074 10.2620319058661 5.692351111853491 9.000397377424658 4.269263333890174 5.692351111853492 0.0 4.26926333389019 4.2692633338901915 306.996949722092 459.97160940723364 403.0213506482877 464.62598501623995 415.1163438651324 387.9096602659716 386.41182630731737 465.55507488252937 352.9214514786486 430.48955963767236 288.8871819246304 480.1043112944803 286.67309629466706 495.31409003781596 285.77106250457933 488.846584401293 326.7129939932772 449.1344358707744 467.4517058709094 425.3119841188395 323.62703620912544 442.1157973749989 431.1964847205168 452.68183025169975 403.9153904557964 395.5660503439024 461.5325911853344 433.2910765426349 344.5847426074124 441.7858949768356 398.5021364036561 460.4684811621837 406.8272691838633 391.9523241559335 333.17197519387355 480.9668646733346 287.6589179244123 484.3946520299196 323.961785477736 474.64559246656313 293.09547512291283 479.9754417731832 394.23809321286944 452.9802962038563 359.34991627472124 440.6384022429373 407.1379176362808 450.77411979324387 286.5943755287139 470.17550795274445 386.97465150135577 456.2394524899867 327.4390081121577 456.9966651234274 450.9688921686744 436.7715240608435 463.8992669090075 367.20125766789795 408.4740273424882 461.03731974288286 334.1443920055904 435.67530291131004 316.8829632014534 483.59369545347363 364.0535666665043 410.98751650690997 297.7731434212546 491.20122709530824 442.47755696805757 378.49801057541384 381.62439241297574 461.6418744191131 294.68190477972576 468.91099124630904 325.82273622881365 487.40802936587005 474.10705537567736 364.3831358015527 416.32958124815104 445.17481246018986 474.27648653201385 354.97855198990163 423.9043202142946 445.5101891639556 423.6860235366343 379.51883186872135 487.0011336701284 414.4795776022573 335.7502826554754 428.7418418699706 480.34809739251403 418.6296955985044 368.85546299356895 407.1963411842666 343.5509035741468 479.90278916449626 371.7216345246219 419.50835099366185 352.56916572719064 471.3469655272419 414.7692798312665 393.8739572456305 463.80142121634367 440.6949796651317 391.2508526828381 400.60112548913617 345.6858156170928 474.4112534481736 305.9746478853903 480.62735573489294 437.8926030483168 441.4366523777001 420.6087368060276 392.0278594303153 443.7291995609068 434.29525098216516 351.3584909353223 423.5805180719391 356.4329488059821 478.819300848528 361.75901592935236 404.8435898052075 334.08575942631444 469.1304178946314 384.95908901040076 406.4994049532358 467.2506555988423 433.45740761170987 436.6439774654953 384.7121945727485 494.795207382826 416.7512585523969 391.8364407905436 408.0882924736026 325.89796580950025 467.31944975344464 349.584931688141 420.0584602245223 405.3027215117507 447.43107565412816 280.21216901339886 477.46872255340037 485.0451267949283 422.47737389714695 468.9086354095023 361.69486059369234 392.640006343466 466.1922793596503 435.7577422862842 377.6033963799716 454.38214561497045 428.66997201572855 455.2561421054184 372.4430982062724 339.20445727451147 482.6212526375154 305.5324438993683 484.6494677473051 326.79567800608896 480.0684825685236 396.0901347545691 393.4704073590681 422.4401310941531 456.6262884377941 316.5474911513061 456.8117739068086 443.68576856709956 441.90497296952685 376.5008734760206 408.03006290012587 377.243921834884 460.5495035886532 439.5704044755809 373.09671173597985 348.56210606095203 479.69123643069236 367.15032665728535 428.93778244709495 483.0030183747668 429.11169531423747 360.9453870107293 426.9706717137556 376.2525946344587 470.59152228496 401.880529903812 385.9289749588831 367.66711537167765 474.4113319965226 302.11526994789205 466.2560017893087 337.884275446672 476.0264906890661 355.05385636857085 412.1590749825412 412.74771127167367 463.9282071143244 401.8148023756999 403.16531607445097 369.587422527838 467.25826412691197 430.17331955565464 377.2145455097534 475.87842120398375 431.84900229702083 424.7054742312928 382.55311089804843 383.8441166186155 471.81933501848835 281.4606357241791 487.1931514371539 386.0466227451914 474.88034443394486 411.9543533301255 382.73392960151284 342.8525702784238 469.03286629741996 446.86562486996115 370.456060430751 495.6759912955942 420.4524088638057 378.9010818333251 414.6350159056608 474.19635240500503 422.11237608858863 410.49689667492396 399.37956384569225 366.59159407310614 460.24026309417496 457.23092102329855 366.04152993485553 455.27128464915114 438.25781115536455 365.123670594803 417.2483604879369 361.6751016132216 470.6544791958437 388.57945497463777 414.1910309350073 432.64610703037795 446.1584774503871 311.85187048189044 454.0932359566607 306.9006761808095 488.1132197892083 344.5772481019796 433.9899121249463 314.52396362975827 466.9176415693897 334.0751537063821 445.41057291789684 306.2888262496409 477.73244447331564 342.0494773490931 451.1681314747198 374.4165585110702 474.2539008935549 315.9547727681601 473.2263388589329 415.96841350768705 451.0981659902733 342.3406760996553 421.02090460341157 427.25836662132787 440.14326486170165 449.3607989090075 373.7339617839296 358.07857045221743 464.15283593336903 448.85945211180893 379.5163567769697 295.65012144867757 483.5245599487775 319.77723034718395 447.46227499186796 279.48748425369365 482.9771558929632 352.0152886835984 445.40126239757143 306.9476653349459 472.0288252628611
630.0016359619214 3.6602859617903105 7.115438889817043 5.692351111853622 5.692351111853525 12.158867304834681 4.269263333890182 4.269263333890111 10.2620319058661 4.269263333890073 4.269263333890195 12.158867304834748 4.26926333389012 5.692351111853497 12.158867304834676 8.538526667780353 4.269263333890237 2.8461755559268473 12.15886730483469 9.546363028425734 5.692351111853519 2.782615813882215 4.269263333890267 12.15886730483481 0.0 5.131015952933098 5.69235111185366 5.692351111853537 12.15886730483478 7.1154388898169625 5.131015952933155 4.269263333890194 10.262031905866257 4.269263333890144 0.0 5.692351111853592 8.538526667780271 5.692351111853582 12.158867304834772 8.538526667780296 7.115438889817021 0.0 4.2692633338900885 12.158867304834889 5.6923511118535615 12.158867304834752 5.692351111853597 12.15886730483476 7.115438889816838 7.115438889816968 5.692351111853616 10.262031905866282 7.11543888981693 4.269263333890238 8.538526667780356 5.692351111853546 4.269263333890114 7.115438889816816 4.269263333890194 4.269263333890095 10.262031905866118 12.158867304834715 10.262031905866143 5.131015952933117 8.538526667780262 5.692351111853596 5.692351111853531 7.115438889816979 5.6923511118536405 12.15886730483471 4.269263333890107 7.115438889816833 4.2692633338900805 5.6923511118534815 8.538526667780246 4.269263333890198 5.692351111853642 10.262031905866277 0.0 9.00039737742457 5.692351111853514 4.2692633338900805 8.538526667780312 5.69235111185354 4.269263333890249 5.692351111853631 5.131015952933043 4.269263333890128 12.15886730483477 10.262031905866268 7.115438889816961 5.692351111853617 12.15886730483469 7.1154388898169145 4.26926333389019 12.158867304834843 5.692351111853564 5.131015952933093 0.0 4.269263333890154 4.269263333890198 4.269263333890056 7.115438889816883 5.692351111853588 5.131015952933021 12.158867304834779 7.1154388898170255 5.6923511118535846 5.692351111853636 5.692351111853572 11.384702223707125 12.15886730483477 5.692351111853468 5.6923511118534496 10.262031905866339 9.546363028425821 4.2692633338901445 5.131015952933065 5.69235111185346 5.692351111853597 5.692351111853468 4.2692633338902315 5.692351111853558 10.262031905866264 8.5385266677803 5.692351111853615 10.262031905866227 5.692351111853532 0.0 7.115438889816901 4.2692633338901835 0.0 4.269263333890256 12.158867304834692 5.692351111853518 12.15886730483487 12.15886730483481 5.692351111853546 3.9846457782975153 0.0 5.692351111853508 312.51871795317805 460.03194139018854 390.70673579497094 468.3542336264498 431.2523763340026 384.5130597414488 376.0225135976777 469.56746969929605 358.34400935191866 424.2618179790608 278.60626997060143 482.4632631236668 286.67067748249843 481.6756360883036 274.45354067437694 489.0703652949149 334.6001599664954 443.8381919539122 457.147557850789 429.5372273454836 330.1954728966389 437.7273906492739 420.3071907685724 455.77185812759814 410.8810775942781 390.253763756481 451.22010191376427 437.4986849839817 352.575608080985 435.18023955592173 388.13279360643406 464.521857610595 419.8094410491044 384.37765748698223 314.91425403684684 488.6402735393064 295.2528545529192 477.358162167207 309.6143912932846 477.7142275645465 299.58693675230677 472.045154327755 385.82533367419956 457.35290778156275 364.8582608595142 428.7121967907413 400.5371626630972 456.9067746842845 294.3007620491271 464.50972772845506 376.60219807763633 460.2618067583314 335.93244892512 449.81635730717426 434.79188702369 440.0564859454161 472.93449004427606 358.7312996367743 394.36095094676926 463.0643798446806 344.66956556544386 434.45565194828373 305.7564007679939 482.42742047740774 375.90278249400416 410.6821822736538 287.10750083429417 496.3878764879227 459.4153073369353 375.13283551851436 371.94604581848193 465.29312600870963 306.2660499663384 462.02089759634515 309.39029378100844 486.2121785932283 482.8072424200699 353.45253054915577 408.77743124960364 447.8149856015726 480.9594144687357 349.9468835027607 415.51703409076293 449.9429987988804 438.19192957942556 373.13521055682634 476.7725723970509 425.44289095947175 345.6639320069804 426.5661053961941 470.05329359427316 422.8675737150077 382.90541074853763 402.89675546417175 322.68404829488287 482.3152443523833 379.8544000184188 414.57867808936635 338.2833671578468 472.82580171798435 426.758320701473 391.9784509014003 449.15212543749516 441.84933917231996 400.0350064146974 396.8817295371097 329.78060820636927 477.03880115293356 313.41033250477216 467.20355745613614 426.45530700583964 443.5014824460612 433.98783310909107 390.1765849819649 438.98784239447593 435.4917563453338 354.1226310368493 419.03432199439175 346.6928113484253 477.072469378608 371.6703773533382 404.3450659090467 326.3174503495883 467.6842476753786 395.7753497792738 401.5158179648566 457.08188098832136 436.25208084484274 442.26209506765105 381.78432981917894 482.2335484357832 416.84787820138763 404.8943643433694 399.11431713499366 315.44069488460104 471.143521247386 357.6907380517203 412.17055211111216 396.60003281158413 454.67136728841234 283.2999669623619 473.70135987128043 476.32308833802256 431.2669792536024 477.58667840050896 356.06406531099105 384.0505964786595 471.9670773569749 451.6604669412596 377.35658024332065 445.4659399339622 432.1199066518134 469.2277313360872 368.5525155405947 332.4918591254475 483.3110110726834 305.73875810785034 475.7130314029904 315.6629361334723 478.93305838165486 402.36460440731975 388.5094064540299 414.1989588142285 459.630185958907 327.69121053303246 453.48746223251976 438.1110505367675 444.8789641587958 388.147021340746 399.7063374495307 365.06750437341555 462.7978834346156 452.9812095725847 371.5287411914104 337.4209791630567 478.6271352545833 377.838369555979 423.706767160251 471.8832886889288 435.14427557702714 371.0038932074903 420.6966087475491 362.49799849493934 474.9400966383927 414.6546625491839 382.8241227938946 357.0548544339922 474.4667141352044 318.4242816491221 460.5577700667038 321.7620745847465 478.72985302072584 364.9345919168136 411.5827160024553 402.12915525768466 464.1342531306376 410.23722083185174 395.60958021055876 360.5893052343808 470.51260031773336 442.1683684045105 376.25757225962207 463.06301382439466 434.73820673013375 434.5238901896202 377.3324212390143 371.5066722719758 475.4912575737798 289.6141116709319 474.35878672237385 375.980065093009 476.0458399963428 423.3859381563982 380.5265376159833 330.4751503269592 472.54278812834593 460.8006078536081 364.7162441501051 485.64610407616067 421.8719822163581 386.5253399302146 407.33581720294563 461.4242060788739 431.7262271648711 419.6413968335902 391.5217924572304 356.35859554145156 462.79029944183054 466.9594892192894 362.5147148459306 443.4156004108911 437.8959824229163 373.10346375906346 415.12424844475186 351.0536071325202 470.69375379976583 391.6003227234808 406.9051221860091 424.96962103867264 450.2365118802955 317.72857102055247 451.4800845589186 297.3325635988972 490.133342991792 354.5880636635288 427.5618305569299 298.85629510939566 467.0195397632324 342.6009832498068 444.0194724477663 295.0765116390085 484.508101042249 349.319079495491 442.13577538748865 359.7927358878024 480.3811459072043 321.58257115502647 462.0639223627584 408.52673504214727 459.0306331547663 346.3266727998332 419.87312217579444 420.2735605404614 443.8517558412746 461.18554825605077 369.06352028900665 341.8142271302849 467.0286141462561 464.5604926016381 375.5223999887051 289.38402791336875 490.5261186275522 328.3210025200054 444.53970738723774 267.77074434942296 485.6360820953639 360.0431878304044 435.98919327925046 299.87566355443874 476.7947502209588
640.0016359619214 10.262031905866214 12.158867304834859 4.269263333890183 5.692351111853522 4.2692633338900645 7.115438889816835 5.131015952933035 0.0 0.0 5.692351111853499 4.26926333389007 5.131015952933041 4.2692633338901125 2.8461755559266866 4.269263333890179 5.69235111185356 5.131015952933145 12.15886730483485 5.131015952933114 4.269263333890172 4.26926333389017 5.692351111853518 0.0 7.115438889816976 8.538526667780282 5.692351111853484 5.692351111853527 8.538526667780305 4.269263333890125 7.11543888981686 5.6923511118534735 12.15886730483477 5.692351111853535 5.69235111185356 7.115438889816984 4.269263333890169 7.1154388898168985 10.262031905866298 3.9846457782974953 4.269263333890066 0.0 5.13101595293305 4.269263333890095 4.269263333890075 12.158867304834756 4.269263333890119 10.262031905866145 12.15886730483475 12.158867304834757 4.269263333890161 5.69235111185354 4.269263333890231 5.692351111853434 9.546363028425759 5.692351111853508 0.0 5.692351111853612 12.158867304834782 5.692351111853516 10.262031905866277 7.115438889816841 5.131015952932978 5.692351111853532 10.262031905866266 10.262031905866124 4.269263333890268 4.269263333890162 5.692351111853457 8.538526667780257 12.158867304834843 7.115438889817002 10.262031905866206 12.158867304834809 5.692351111853524 5.692351111853585 7.115438889816998 12.158867304834684 5.131015952933127 4.2692633338900805 5.692351111853436 12.158867304834718 7.115438889816968 5.692351111853583 5.692351111853585 8.538526667780369 5.692351111853521 4.269263333890113 5.69235111185347 10.26203190586625 7.115438889816895 0.0 12.158867304834683 4.26926333389026 12.158867304834864 5.692351111853527 0.0 4.269263333890031 4.269263333890263 12.15886730483474 9.000397377424491 5.13101595293311 5.692351111853476 12.158867304834807 4.269263333890139 4.2692633338901755 0.0 8.538526667780365 5.692351111853476 5.692351111853636 8.5385266677803 12.158867304834725 5.692351111853627 12.158867304834699 4.269263333890215 5.692351111853663 0.0 5.692351111853596 5.692351111853587 5.692351111853535 4.269263333890084 12.158867304834757 5.692351111853539 5.692351111853508 7.115438889816965 5.131015952933085 4.2692633338901524 5.6923511118534895 12.158867304834711 7.115438889816856 10.262031905866165 5.692351111853543 5.69235111185358 5.6923511118535 8.5385266677803 7.115438889816848 4.269263333890067 5.69235111185362 3.9846457782975615 5.692351111853515 10.262031905866293 321.6497231211779 450.9604904642267 375.0130298818301 472.3839543701172 437.32438918024917 377.33986857849936 356.0731712559056 475.6725119247864 373.0403310875509 418.03033079858346 269.643288303536 480.1520978416637 292.27747739114255 473.71417335903527 259.3818157942115 483.08480089847154 347.2039307351788 437.12850193811767 444.73740479874147 434.8382046383196 339.44722799050516 434.5454390521261 406.59670867406265 460.2653889214072 423.51781591670004 388.77242766675164 435.7302918280521 440.3848369687016 359.3478218149193 428.1467148805169 376.6550556620169 466.3962499744025 433.9397819955356 382.2651514932496 301.4665490753307 489.9154410804932 307.82593854327905 470.488468418285 295.4250842474317 481.98733275811554 315.98776874202514 470.6670470170644 378.0385078867296 456.01166638882603 370.29684505073965 423.98373754290543 390.31690685805756 459.5103671670752 305.4414890657747 463.9125433033435 367.2336581634139 461.03063597005075 344.57088874493286 442.7998839606205 421.5121968767855 447.0796420977239 479.3258030092225 350.26646267149886 382.78938288697674 471.6725474292047 352.6577654837623 430.81956918915125 291.20878691047363 486.8548704915137 383.63811122550754 402.03598346745986 281.0878159926003 496.6398296318984 467.02216313734505 372.6432776611066 365.0628466263381 467.4474478054659 313.3796786239257 455.7040158697534 294.7140322249921 486.7476222476784 496.80905173900317 348.2327992470429 402.00797679388904 455.35314142779873 491.5847530198343 344.67995532004164 408.7569863709648 457.484847866432 449.99099360139445 368.4166606296007 468.55249577028036 428.5293939478836 353.6443260526567 424.38252075194964 462.82532629435553 429.4551858496998 394.83641616280624 391.9185235246728 310.23243701600745 491.0496991744428 391.12915711430423 402.50824776901527 334.92733901847424 473.1642613555993 440.2098079481676 383.5686375878294 435.76310682055055 443.6124200094217 413.51321477976256 385.360357546546 316.9703899052472 480.68817268429103 318.53450810400517 457.95437396478246 414.9631363671634 452.22361383596035 448.1494349391782 381.47874367543096 427.21758540725443 440.2990450156335 361.70523026119764 410.2134162297544 337.2961452010526 483.0482532742876 383.2618617573538 397.5247973913013 321.2580034546432 469.9344865809454 408.1956699587268 394.5672257027951 443.41252540001483 440.86756270283206 452.9982974405611 374.9863487526954 473.89335215993765 421.3633775457166 415.4805020206012 398.69340098592966 309.0216261942701 476.01781630531434 371.0790080382149 406.83993978089933 382.5462650628599 461.9129327526289 288.2821759243995 465.71632068288125 469.3574599793699 435.02108748052314 488.9197705764423 350.44519085397053 367.26191684618374 473.86041572537806 460.84191546368504 372.7292077510536 437.3731732070512 433.74594608999945 477.90309521222656 362.91981724382174 316.9110184784431 485.6756249992287 316.8841796517271 473.6843648791609 300.60219255528386 482.3163802552567 418.44901551878655 378.35832115740374 402.7108094413641 464.9331405353001 335.65244666941385 445.4250202727022 422.727108794813 452.9974193178959 401.91059330210095 391.89346132368803 355.52863403955485 464.9559460127929 464.64527061508903 368.32797661338697 323.9790980299789 479.964237184648 392.31993446139006 410.9852270267355 458.7643024131002 434.12067574220913 379.7595552709257 416.83139844621576 348.3638900078015 482.03321526549104 426.07506757646775 380.72540297152693 341.8740650509067 479.4216236797905 330.8777924412379 449.33599347156655 308.45757109155943 483.9209734888729 374.30479066058956 408.7134627232481 391.5213172749125 464.2808215347981 420.50201645304725 391.3733155305215 343.2688093963659 471.22625936677747 456.8126829376732 370.15360546931703 448.84208687508846 438.3275086089725 444.5515518217633 370.85710389435786 351.34753674593617 472.3858294807728 299.28353876888843 467.4073675947096 363.0808720403003 478.5847537924505 432.80100794529017 372.89032229353705 319.83206660695146 477.7785733279103 467.69811132883177 357.2948444781045 483.0261362839105 423.6799087132316 391.88296301783527 396.0647046479359 454.03128254468965 432.9972576254335 430.2490054596266 391.2520475053162 347.88289857389583 467.04735637418474 482.5385197556746 354.781188853517 427.26199399439616 445.0769241959848 384.59041709784026 409.6961681274938 339.7320775019496 476.32813719911394 399.25562160992763 401.1719284156891 417.6744640230553 456.74450232857146 324.964091211217 445.24969025739125 287.7623636641946 492.12469914947695 365.55996429822255 415.21649370264106 290.1548808195225 471.2488215447461 352.6168095078067 436.2281612280324 286.9226192698631 485.8227456417026 358.67185463288786 436.2165225957357 345.1152074221296 486.3887760323592 333.4069067353228 454.1337119203712 397.91880579350607 459.1847356794108 355.66468045125015 416.87522029532 409.615344765463 450.77495027116424 470.7404560526839 361.6464540663875 334.56848568505876 466.65038587501306 474.29662292857 366.675776937791 280.7131186192606 490.7460752003948 334.9447912986643 438.818968119005 251.37355237240357 484.52898443786205 363.8420675864047 421.0853502756678 288.29716090995186 480.101867669377
650.0016359619214 12.15886730483487 5.692351111853587 5.692351111853558 5.692351111853513 4.269263333890213 5.692351111853491 5.131015952933061 7.115438889816979 4.2692633338902235 5.131015952933149 12.158867304834699 5.131015952933057 10.262031905866191 8.538526667780241 12.158867304834757 12.158867304834722 5.692351111853559 0.0 12.158867304834708 5.131015952933063 5.692351111853528 5.6923511118535615 5.6923511118535775 4.269263333890182 4.269263333890114 4.269263333890034 5.131015952933212 5.692351111853567 4.26926333389021 5.692351111853494 5.692351111853445 6.03765010812963 2.3710385309692974 5.6923511118535846 0.0 4.269263333890259 7.11543888981696 12.158867304834706 8.538526667780282 5.69235111185345 5.692351111853509 0.0 4.269263333890208 4.269263333890208 5.69235111185347 0.0 8.538526667780314 0.0 5.692351111853549 5.692351111853557 12.158867304834883 4.2692633338901045 8.538526667780387 4.269263333890236 4.269263333890172 8.447272400986039 12.158867304834688 5.692351111853587 12.158867304834715 12.158867304834793 4.269263333890259 8.14941553969048 4.269263333890157 8.538526667780364 4.269263333890214 5.692351111853535 10.262031905866147 5.692351111853574 7.115438889816875 5.692351111853539 7.115438889816926 0.0 4.2692633338900965 0.0 7.115438889816953 7.115438889817037 5.69235111185357 4.269263333890224 4.26926333389013 5.692351111853431 5.6923511118534815 10.262031905866142 5.692351111853524 4.2692633338901285 4.269263333890051 5.692351111853448 5.131015952933117 5.692351111853462 12.158867304834699 17.077053335560635 5.692351111853509 0.0 4.269263333890194 5.692351111853552 5.692351111853505 5.692351111853623 12.158867304834823 7.115438889817014 5.692351111853545 5.692351111853657 4.269263333890251 8.538526667780193 5.692351111853537 5.692351111853512 4.269263333890147 10.262031905866255 0.0 4.269263333890208 8.538526667780275 10.2620319058661 7.115438889816942 4.269263333890093 5.692351111853512 5.692351111853513 5.692351111853622 5.131015952933116 12.158867304834816 5.692351111853652 4.2692633338901205 8.538526667780333 5.131015952933078 12.158867304834821 4.2692633338901285 5.69235111185352 12.158867304834837 10.262031905866188 0.0 7.115438889816894 7.115438889817006 10.26203190586619 0.0 0.0 5.131015952933157 5.692351111853671 5.6923511118534265 12.158867304834715 12.158867304834706 3.9846457782975375 5.692351111853485 0.0 330.31270383248386 442.51963897441135 360.70496365068067 475.5976852071538 448.59815167542376 371.61775983582163 340.49713716481375 483.40749289184976 383.1796886422513 413.47300447042124 261.3995138786105 477.46616770700524 304.10160223368575 472.69854938596046 249.6602987809934 477.12300941478134 356.09095649571873 427.43529423388526 433.29260428751417 436.8696010787401 350.62390649165485 434.5646402225749 394.9663647742843 463.58942448191544 434.16503599864876 381.8765672668877 425.93884882049 445.5362041662491 370.85555560060146 421.207706602941 361.6445427080023 469.9693160781639 442.54880555269045 376.5169953055069 288.32504736829804 493.61519631555404 318.9610923533073 464.35638906810277 282.0251443269772 488.4338065887619 320.53883258817564 454.7679727931727 368.86959543688994 460.6512685851215 375.89350575251655 417.9268404799736 380.0383362652966 456.7602628673164 314.6010285351629 460.557829625025 361.3992157688472 459.98193703711826 357.97722346372956 434.45939325187334 406.9357808429294 453.32806375674323 487.98945982824097 349.94222360953745 368.99016640541805 470.6664848524094 362.8909460957948 421.7970102415265 278.98051911930196 488.7755537504597 393.1976436534883 402.8555217086274 270.8125129097109 500.82281956811545 476.76447669269015 363.819697125093 356.75265167658233 470.2816538662483 317.32261450315974 451.6647281146488 280.3852925933653 494.1893260034045 502.577567315992 346.69702326586815 390.9110111950725 459.72273331310805 504.4984972148963 342.2495806679389 400.0949067513761 457.9555764068111 453.87330640159746 363.80950726867394 451.1167455181331 431.1252683549576 363.2302828660088 415.7834325057099 444.96930075670343 429.5628508748993 409.8154384434332 386.4330510729283 297.088053413052 494.7731751840906 401.0305086947441 394.2961257195721 323.5676922353359 478.7368921562268 450.07730777276237 378.5401500964098 422.321961594207 452.0135787480086 424.8128569096491 384.752895877379 303.7824096087827 489.73903090264406 325.8298529209183 448.9060310123752 397.63486359535005 462.52894097140563 460.51215796384855 377.90547011500405 417.414497260509 445.42436065439773 370.0377037518347 402.52677674904925 320.1147267301247 487.49655634271284 394.6269382153601 395.2043239696668 319.03530930585197 470.901262166633 417.68133585571053 392.1710576215409 431.5339270789577 447.1466784244357 461.12366228197226 368.25693769296424 461.2169875823857 429.5025830670519 426.64442093737983 392.7638283455736 299.0620488360518 480.8434530954451 380.53782289904893 402.7215935108416 371.6049749732553 464.79520347146223 303.46079256097266 468.17209569456423 456.400126887378 434.2663590742306 494.76824215624936 346.2224946200443 352.94013363880185 477.04961371816194 469.1541168803029 369.90710219836603 423.9343047411692 442.1642838909415 493.48525094098113 355.1924866688254 308.63654420426246 483.1092533200197 320.4181684980746 474.69737417800707 287.81960344537964 486.75005366790646 430.46885440487694 377.4413189765101 393.3972163768901 471.04098163114645 348.9425128580732 439.82518930972975 414.7896610998511 453.1280174496128 413.3193859716818 389.7638196706403 345.4453433327279 466.0011006677605 474.2551130156239 357.19915992848865 315.449916818075 484.1195559061054 402.538601047943 406.61595861789664 447.03842609267366 439.01342077978217 391.9968762966638 411.1425269783847 338.0706823065014 489.7594386786507 435.15087841284685 370.69705071517836 332.1342291796384 482.8988134857408 342.28683723434096 437.8031445519264 295.31896146915864 487.6412624735366 387.2254515612165 402.63799298372135 378.4661641057911 468.26208975946395 429.04731517456855 385.5522444958849 335.110402646578 477.9050916899694 463.35848945618073 360.2517640140491 436.00600123068267 441.0995385510927 456.76811656807314 374.0006935010249 342.8448400343324 476.5986466199927 311.109720356369 466.53733189011416 350.5201162104717 483.519983610318 442.1310466271623 366.8070834023057 308.19245793874717 475.53802045285875 478.13703261410984 353.4337384348027 466.31406762336417 432.65790683514024 404.3342114628846 389.19085521056854 444.54280496598943 435.36013967410025 438.45343255006946 383.00202864310916 337.95966581733927 471.96125544989843 501.28250717171346 353.4302320160535 413.5591607969346 449.5610095331874 394.7987178695427 405.27160978173646 326.9637858794056 482.61254893515314 405.6254674394665 396.3174587770252 406.05844324081295 460.09396457208436 338.12296440389775 443.83125027545833 276.35224642072546 497.5780108813973 373.7205113688539 410.3921828546291 280.69579269287857 477.1185826205659 365.8712748138126 433.65900456860254 271.83668858119034 489.08216032608135 370.12901927315 429.1901440424574 327.7915678758276 486.99600845876205 334.8189983793728 447.59876182817175 385.7849951669073 466.72351808489856 365.23670945391063 409.7480994188417 400.9579033038599 451.2462747785295 481.5405786290632 354.9584868172726 326.05293725025973 470.8333686297914 486.69612490509707 357.87200871575374 266.47942229271223 497.2019476318336 342.6808223158845 433.3013412150115 242.88783409844032 480.4452331211661 372.07053264287157 414.80885319710814 279.0247598750006 484.5460251894614
660.0016359619214 8.53852666778028 4.269263333890211 10.262031905866134 5.692351111853556 5.131015952933115 7.1154388898169225 5.692351111853433 10.262031905866204 12.158867304834823 8.538526667780314 7.115438889816996 5.692351111853466 5.692351111853547 9.546363028425693 4.269263333890081 5.692351111853588 5.692351111853475 5.692351111853594 0.0 5.692351111853576 4.2692633338900885 4.26926333389019 7.115438889817003 4.269263333890064 4.269263333890189 5.692351111853537 5.1310159529331445 12.1588673048348 5.692351111853543 5.692351111853432 5.692351111853494 4.26926333389018 12.158867304834777 8.538526667780365 4.2692633338901125 5.692351111853644 10.262031905866184 4.269263333890048 10.262031905866092 5.692351111853628 8.538526667780303 12.158867304834777 4.2692633338901125 10.262031905866136 4.269263333890142 10.262031905866262 5.131015952933147 12.158867304834644 4.269263333890206 12.158867304834734 5.6923511118535 4.2692633338901524 5.692351111853559 7.11543888981698 7.115438889816856 0.0 5.692351111853472 8.538526667780266 7.115438889816873 12.158867304834718 12.158867304834676 12.158867304834803 8.53852666778028 8.538526667780376 4.269263333890145 7.115438889816976 5.69235111185351 12.158867304834867 7.115438889816851 10.262031905866191 5.692351111853579 12.158867304834745 12.158867304834802 7.115438889816891 5.692351111853663 8.53852666778028 12.158867304834807 5.131015952933148 5.1310159529330575 5.692351111853535 5.692351111853605 12.158867304834747 9.546363028425771 4.26926333389009 10.262031905866236 5.131015952933143 7.115438889816853 4.269263333890209 5.69235111185349 4.269263333890139 4.269263333890136 7.115438889817009 0.0 4.2692633338902874 5.131015952933133 4.269263333890071 8.538526667780289 12.158867304834683 4.2692633338901915 5.692351111853625 5.69235111185363 10.262031905866149 5.1310159529330965 4.269263333890084 5.692351111853535 7.115438889816936 5.13101595293314 12.158867304834766 5.69235111185342 11.384702223707075 4.269263333890051 5.692351111853593 5.692351111853531 5.131015952933039 12.15886730483474 4.269263333890137 8.538526667780312 5.692351111853549 5.692351111853529 5.692351111853529 9.546363028425715 0.0 4.269263333890243 5.1310159529331685 12.15886730483475 4.269263333890217 8.538526667780292 9.546363028425823 7.115438889816896 5.692351111853571 7.115438889816964 5.692351111853476 0.0 8.538526667780285 5.692351111853581 2.13463166694513 4.269263333890151 2.9884843337231817 0.0 5.69235111185343 342.2463654623278 439.25055716651934 351.3078461672804 481.57087816656787 465.38482208110827 369.8593007392174 330.0342197742709 487.209091797757 390.98771884707776 406.38972260380604 250.34981195554872 479.92881416778886 314.60497274967565 468.5058280253771 242.45401904860842 480.36551654862956 367.5678915032051 421.99601865069104 425.7356988967715 439.48141942233104 360.58008255415905 432.7314154232837 382.26727204810516 470.03298803183725 449.7727215089834 367.66526547845615 415.7289114973007 448.16245518905856 381.88539431907265 413.4379701287353 349.61943510028385 470.6403468064126 458.20545726396426 368.65897754775835 276.3896450272467 497.9694569358508 326.92202597524124 456.31900897802495 270.70854139824513 488.5521546265046 329.7923942778769 451.6644948439985 363.2121033732262 463.48526018357614 389.5452114157013 411.515236671302 374.38302845428404 459.6081377752372 321.89076499682665 454.3953858677306 352.3756310666285 463.14484240470296 365.51912315830833 428.56852714217854 395.3213678043457 459.26724033189305 500.03886780028876 349.3913382520378 362.4420127546614 475.2566253271639 371.6576680715583 418.02012091811355 263.690119868403 493.39245101636766 404.8855288711312 397.85333966556925 257.8737467599211 502.97307805088303 485.6515789907821 356.78618562200563 341.2137779457539 467.38117598512525 321.3690920355169 446.25003947149185 270.79827764437283 496.10123512620015 520.7545785837611 346.5710259348941 380.1360911367871 461.19610486109275 515.048023601358 345.6531373061147 384.7578782689357 464.4214182876564 460.2440095811408 360.6367674748007 439.7750946681996 438.44664468023353 369.39677690856644 410.6585409457275 431.8270802044595 435.136679814991 422.693716044457 383.69823448598635 285.1597722544564 499.1469100313494 409.6936366706876 393.69019557958876 308.7300689480206 480.41875614186284 459.0875196940572 375.35304079557073 408.91161657080653 453.6081375543467 432.01357727224104 379.73665129173776 295.9450136649431 493.5017154222383 335.1986314106932 442.99330285784856 387.43748686585354 470.37483363266 475.54626692447766 369.09736428241183 405.40763863756496 446.2867776812331 379.260928923053 402.70675486179726 307.88904414284167 489.4506679030868 405.6457951058507 390.61671963860925 308.36431013669176 476.0755522426658 430.5617121949284 389.4957331438149 423.0402748733359 446.21933584782937 468.7442183038732 360.49584551853326 445.16238705852743 431.2975431356272 435.0078289322334 383.12579635369866 290.50352790749963 484.93912450766607 396.54339981463045 400.64244390249826 353.92726339338964 468.31743645584413 308.05087943194104 457.96120910298436 446.4617233396874 440.86116452077454 507.4383732833012 341.4885567515645 345.111688535019 486.2047543216827 479.4363397261321 362.17553227581163 415.9821103013601 442.2922480599224 504.5110449648062 352.52240175968876 297.12472101992296 484.69966981776525 326.38032972169947 470.7648862418196 279.76237164547047 491.8979698070032 439.6396967283541 372.79144899192306 374.8406178753834 476.42195856047556 352.46747562205906 434.90370620016853 402.2981379124565 458.217476263427 426.9070481820194 386.7073185341451 335.33153974316093 472.30942699045056 484.74075706377783 348.07621361096597 301.8022887178065 486.7503104336089 417.86926202938565 398.37137756591886 438.08837470561326 442.37866489415325 402.50285906590744 403.97696175008963 320.3559658076992 493.1301382001056 442.91784456329145 366.773165935345 320.23758686311413 487.37819337100296 348.41794836705856 432.6609661866413 289.92398261542064 492.8466169671557 397.59637104731524 396.9010645282721 362.59463146759083 469.81435127200837 442.2611397637671 380.1371056004235 322.71628699784674 481.3331645049871 477.53303825645827 353.23691827123406 430.33770229407634 450.74435706913596 471.26235419718085 369.4296406549584 332.90931863216144 481.47422580915946 319.0274563348258 459.88041553835814 336.18449308799904 486.60996637118285 454.1474456815356 360.7769667509591 299.13190705706387 478.5867983210112 489.9902521078023 348.92881576716917 449.1208358824425 433.80303868674656 416.88335223049046 389.2522180734417 431.0850347155052 443.75358828205134 447.0743701758746 372.004091226207 329.0717157672783 473.67710781634986 509.5017202735773 346.8953477283079 403.1729499103452 453.5703052651107 409.6856369722056 401.18058238354064 312.6963654461795 484.00926487815514 421.8348061993381 393.1171613024761 393.00336683873434 464.09521765770484 348.57287479531453 440.2956390627326 270.93731924504425 502.7610614629532 388.7213173123501 403.2359934303494 273.8618742123868 482.9929859661913 374.216623257143 425.99333283436874 255.5609377163058 495.3876843857497 379.2345282884262 419.75438917003333 315.1860008513036 491.8061499419049 342.17256881625764 444.4132604008456 370.4012569635274 467.82934605642834 370.12008879844035 405.55479962389103 388.45186237694924 456.2969254572183 487.2192089876361 352.16426550246024 319.845958534201 472.5389365789205 495.7399033893808 354.77198675819756 254.2301430249999 500.9416511435836 355.296722159902 429.75336070555716 237.9801720908659 486.52606327645026 381.29407903726485 405.416169249658 262.7046272948766 487.00835190002425
670.0016359619214 5.692351111853449 0.0 12.158867304834747 5.692351111853596 8.538526667780392 7.115438889816995 5.692351111853501 12.158867304834747 4.269263333890165 7.115438889816982 4.269263333890247 5.692351111853543 7.115438889816933 8.538526667780314 5.692351111853572 7.115438889816923 4.2692633338901045 8.538526667780268 12.15886730483485 8.152803189845612 4.269263333890244 5.692351111853635 4.269263333890162 12.158867304834695 5.692351111853512 5.692351111853664 5.131015952933209 12.158867304834818 5.6923511118534496 5.692351111853505 8.53852666778028 7.115438889816935 0.0 0.0 5.692351111853545 5.692351111853509 12.158867304834859 12.158867304834779 7.115438889816917 12.158867304834796 0.0 5.692351111853651 5.6923511118536 12.158867304834825 7.115438889817013 5.692351111853554 5.6923511118534815 12.15886730483477 4.269263333890213 5.6923511118534735 5.692351111853534 5.692351111853669 12.15886730483465 7.115438889816853 5.692351111853612 8.538526667780381 12.158867304834784 0.0 2.846175555926754 0.0 4.269263333890132 8.53852666778025 7.115438889816872 5.692351111853524 4.269263333890127 0.0 8.538526667780388 4.269263333890194 5.692351111853564 5.131015952933101 4.2692633338901205 5.69235111185352 9.000397377424576 4.269263333890156 12.158867304834745 12.158867304834786 7.115438889817064 5.692351111853547 12.158867304834859 5.69235111185346 5.131015952933014 10.262031905866278 12.158867304834779 7.115438889816976 5.131015952932999 8.538526667780332 5.692351111853546 10.262031905866278 0.0 7.115438889816895 5.6923511118535925 0.0 5.692351111853621 4.26926333389016 5.131015952933082 5.692351111853606 4.269263333890151 5.6923511118534265 5.692351111853548 5.692351111853468 5.131015952933223 5.692351111853581 10.262031905866138 4.2692633338901045 0.0 8.538526667780339 8.53852666778027 4.269263333890095 4.2692633338901125 8.538526667780282 5.692351111853556 4.269263333890098 4.26926333389018 4.269263333890232 5.692351111853691 5.692351111853441 4.269263333890114 5.692351111853522 5.692351111853467 7.115438889817037 7.115438889816909 5.692351111853602 0.0 4.2692633338901045 7.115438889816898 5.6923511118535375 4.269263333890224 8.538526667780264 0.0 10.26203190586623 12.158867304834867 5.692351111853532 10.262031905866188 5.692351111853501 5.131015952933165 7.115438889816932 5.131015952933093 3.9846457782974016 4.269263333890053 0.0 347.94570297745724 430.3009341727363 342.83130864064884 480.4410549431354 478.48571990464245 366.0794210114924 313.72948059595257 489.82688682662894 404.3603791368731 404.51749972147024 247.0484609243577 487.9445229468494 319.977941339488 462.21992461341887 235.76174330220596 492.4667354294771 375.2714406697604 414.8530154855641 411.12894634891984 445.666638443793 364.432877373292 423.6199820576186 369.7101762673494 474.9792156077823 459.50295092563886 358.846434153738 402.71698739886057 457.4787774085186 390.6142904472452 406.203840707861 334.91783992081326 481.4306740791189 468.6447133263401 364.81608079280744 262.93437331215364 499.0088309783622 339.6903606797631 448.40932924136524 258.0797284144963 493.23995948855475 339.93617927324453 444.02433537337623 355.4168466820881 467.34255078367704 396.4764534097411 407.71580347583915 366.77721131924153 462.07265632530016 329.3300629500822 446.9362948223661 344.01806393617625 471.22073534051975 376.41831808701266 418.387704206582 384.38386479089604 467.42678472492895 512.1523009052039 349.9175033746671 350.04575546073914 478.72102923042604 380.8859013314287 408.7137880369089 249.27324413627207 496.1117798448784 414.6717215852488 392.7059513872029 242.41874592854617 499.63190255280773 496.1486901495138 353.1291014409645 331.27626292775955 472.23749178505636 334.73404883834195 440.75431403816407 256.39777153060135 498.8554906944013 529.4110830388798 342.29290872874753 365.2833411900163 468.6147655354026 526.6572923553946 336.6827051473097 373.4461046165962 464.7861596526482 474.07605023167287 356.488534462889 419.41202779785505 436.99095894849614 374.38441948846196 403.7540462666389 420.12311907204804 445.20627624045454 430.61010157578886 378.33756919653155 271.9797746054667 502.70136441184115 425.6832058932952 386.73088377298205 293.1365508904988 482.6259453493552 463.7021909745135 370.421415939913 403.4812871926099 460.3651507785958 438.5225924507421 369.81829853314184 288.2975769308974 495.8089571508142 341.46894956342175 435.02130219212626 376.12601878981036 476.0454983011102 493.6593763189551 362.93779205924585 395.7459030247296 455.19899863907943 394.05036084940537 400.00302319561064 296.37291696095394 491.01126946653403 415.45368557081247 385.4784940785468 298.58298168630074 479.45382919281707 443.7833383486221 384.1259207111602 409.2959923555075 450.60756768843703 480.84375089846077 354.5893623801636 428.6489032022966 437.24160220009287 446.6529513228151 379.9140727799518 276.1204831809769 487.8015660619332 408.380312084501 401.0321837524564 344.33972014463086 475.68815919764637 314.6572417256457 456.5284423075103 434.14024616804767 444.60573806466743 514.6760501210356 338.2257283873088 330.6143038837073 485.3573303387 489.21759920238804 358.7900887508515 400.4974561250341 450.2093823710352 519.1814607291102 348.4674055180149 282.32888493842177 490.4039075170573 336.60796275583704 454.44375008862727 271.8853915070674 495.5910772976236 448.1015848795801 370.04187693728414 359.0875146321102 480.2755772784655 366.6538731554189 427.9295919043104 394.20443908443485 464.970754372861 436.91513593688694 374.9728067754252 323.5006573587552 471.4771021595616 495.0428391517349 345.8251044035733 288.85225126358336 488.9703990212751 429.26653135915745 391.1547542449567 430.76724336051547 448.86050686729845 414.80302402124795 400.14799168331433 309.3538076690353 495.8000057514882 455.1241750706595 364.66727427829267 309.83409952527427 485.8174320750098 357.1382511346519 430.2559136533129 279.9081555148649 497.5635438025575 407.49676283336987 390.2859573090379 354.0878758463525 474.02424045074264 450.912660037514 374.4780753706649 317.80422200717095 478.4383486451017 488.5390159533984 350.585155994211 418.32004046030164 451.60054443272423 483.0294477000781 361.0348433034389 326.70081810287667 483.1748098111827 327.6841272096971 455.78650945760745 322.7386419852862 487.8761784397714 469.8787144921896 356.9664435619343 285.78222487242726 483.6301224130234 509.1723702689264 345.1936457613425 438.2093543393345 436.8327802637075 436.5948842449187 379.1486973113111 427.89111665959103 442.7407779818501 462.28111346938323 367.0771693455029 316.52299804088625 473.17875913092564 521.0669411699873 341.6992542563577 390.83867731046286 462.48202137289985 419.7936614918368 393.2105325279746 301.58337592940467 482.7665939971353 435.3792660353144 384.8451564909702 382.9466879525945 470.48389037660894 362.1867523112688 432.173754511147 255.53537134507687 503.3546650026471 396.87517020740756 393.3850327930173 268.64078949810045 486.74353060775024 384.1339403273372 416.27876534026115 243.02404259342174 494.6029216576703 382.41860348009084 412.5286122807683 301.4245247993921 490.5241323603046 346.82313581878884 442.9705274051297 362.066659640705 475.9379080950321 388.7897403224815 403.2875336969278 381.0478824143771 462.67490214699706 501.8060692846038 347.92061171662766 304.57429380161534 477.2736025285286 504.111094800642 352.17597262537436 234.00174864129286 498.38331254961787 359.8112364495492 420.2502888523959 227.32035158225762 491.7389972698394 399.6557071698596 399.38226093456956 258.1792774325482 490.4071387645918
680.0016359619214 5.6923511118535375 7.115438889816887 4.269263333890168 5.692351111853516 12.158867304834741 5.692351111853572 12.15886730483481 4.269263333890203 2.846175555926714 5.692351111853649 12.158867304834828 10.262031905866115 7.115438889816981 4.269263333890202 5.692351111853629 4.269263333890163 5.6923511118534345 5.692351111853578 17.077053335560546 7.1154388898169785 12.158867304834667 5.692351111853557 0.0 5.692351111853492 5.692351111853564 5.692351111853516 12.158867304834818 5.131015952933206 12.15886730483497 7.115438889816962 4.269263333890122 5.692351111853517 10.262031905866266 0.0 4.2692633338900965 4.269263333890172 4.269263333890184 9.000397377424493 2.988484333723075 0.0 12.158867304834864 5.692351111853532 2.846175555926873 8.538526667780388 0.0 5.692351111853572 4.26926333389019 0.0 4.26926333389027 0.0 10.262031905866097 5.692351111853485 12.158867304834729 4.269263333890079 4.2692633338901045 4.2692633338900645 12.15886730483475 5.6923511118536405 4.269263333890051 10.262031905866298 5.6923511118536725 5.692351111853483 12.158867304834791 4.269263333890101 5.692351111853556 5.692351111853439 4.269263333890171 5.69235111185348 5.692351111853609 5.692351111853505 11.384702223707059 8.538526667780337 4.269263333890164 10.262031905866204 5.6923511118535295 9.000397377424564 5.692351111853347 5.692351111853594 12.158867304834796 4.26926333389024 5.692351111853563 12.158867304834821 10.262031905866282 7.115438889816961 17.07705333556062 5.692351111853446 5.692351111853615 5.692351111853652 5.131015952933015 7.115438889816898 5.692351111853581 8.538526667780406 7.115438889816977 5.692351111853639 4.2692633338900885 0.0 4.269263333890177 5.692351111853478 4.269263333890252 4.26926333389021 12.15886730483468 4.269263333890172 5.692351111853532 4.26926333389017 7.115438889816846 7.115438889816891 8.53852666778034 4.269263333890157 5.692351111853534 8.538526667780273 5.692351111853602 4.269263333890066 4.269263333890134 4.269263333890151 8.538526667780262 4.269263333890228 7.11543888981692 4.269263333890267 5.692351111853509 8.538526667780237 5.692351111853642 12.158867304834706 0.0 4.269263333890258 10.262031905866099 5.6923511118534895 4.269263333890132 4.2692633338901205 7.115438889817041 5.692351111853546 5.692351111853553 4.269263333890272 5.692351111853495 5.69235111185354 4.2692633338900805 0.0 4.2692633338902 3.9846457782974922 4.269263333890153 4.2692633338900725 354.3783883502689 422.4636866998175 331.2526673633016 487.36974667951154 486.64023494828103 364.8222014006894 302.0037007382661 492.78499911797144 414.32889615889206 397.9859004060625 234.768989058698 489.5266162059254 332.8421779455099 451.4858439177286 224.19834683526523 493.65197466207354 387.29747851365664 405.53610262054804 397.7350920871428 452.45865685090024 378.57127491174725 411.6481572759906 354.32617803116784 475.94784182817375 474.2521117702546 353.01981510271895 391.5901168873599 461.7620795794434 401.43383423693973 397.07398334412545 325.85958658650094 484.4932277827952 479.05931190549825 366.3803614651752 250.8883987575994 499.28020223018194 348.5640066739506 441.7411254031179 244.63530864756837 498.02457027103276 351.4286976096568 438.5791904282939 344.9560997033185 471.14034290944716 406.805796900117 403.60410081571985 355.95932903339383 468.7300991093458 336.20857346243326 440.01570632389365 334.4432701763472 473.2370483207264 387.49929347069053 412.29452997074065 371.48024204534596 469.878818643758 530.2115748649572 345.81306859439337 338.86424646723765 482.8438922876313 390.7335529521189 402.0265269370625 236.75279211253945 499.0989774676225 428.7624187419151 385.5098517568076 228.50433449161125 503.40414338088937 506.72032570440473 349.61367020910154 324.55241933135426 472.85751437002 342.570097490629 441.5716989792665 246.9639721606449 503.96097537674973 547.9951632529397 343.85087827876384 351.9900658131057 473.8360707281043 542.5780845094146 337.57691654563007 362.1066073030326 470.3944587592956 488.7495820406944 356.0647359521956 413.8263134787561 445.17451465065716 381.0796554962668 402.79147105625026 411.12467403139715 448.46425853294664 437.15705916142275 379.0320674036215 257.6118601866426 509.29941069082395 435.223475392732 384.5670112113079 283.5459995627734 484.5172313144788 470.3674185574997 360.6076863875619 389.40057369325746 467.56431665176376 448.0721547800854 367.72054902817035 274.45548095767987 503.57668126048253 347.8572399828449 427.13519830470005 362.6776080993518 477.404038349705 509.00655508997846 358.46193400353775 383.3748870948695 458.7502100317194 404.7884667657213 391.6432525062247 280.9568883859934 491.6979308837522 430.0952634118907 379.3577296497979 285.83148118222255 480.23541590701666 455.8334607998277 372.8360377378738 398.5488783187169 457.37578839702564 499.13676271054874 350.8959985866226 420.75340340850323 442.63187059679865 460.8160818603641 372.9117415960216 267.73133979543354 490.38129480227036 419.20858223753123 392.7566395935818 334.89704913126457 481.5874644102665 329.4229337894643 447.36379783185805 425.39173421887176 451.78235090266355 523.1015011831815 339.6984350899875 321.67217172070855 492.2966382074739 501.7238799514292 358.7162704503753 390.6308898560966 456.4084876392595 536.0354033104193 343.6483312044426 268.7073844130017 496.74587821533413 346.27838253264423 444.4592609190765 259.6407429014974 497.3128317594601 459.451884443693 364.4598294145471 346.44910758521905 490.41638355461566 378.4482481637616 419.9327162007451 378.1169128944266 471.68280007362057 446.9902057965777 373.9253591683768 311.18964772002613 478.71732833452864 510.43309828361805 345.33992916808484 278.18262550942035 497.88841402184363 443.3697674727462 378.72433041123253 417.2464718557806 457.1246850148222 427.10296215305476 392.94027332438793 298.75473969802226 495.58244905286045 466.67970413275293 357.6967474123522 296.67780882183087 489.44097020395407 364.5724270586468 427.3678735835479 265.1134048219374 507.02569024154633 417.8817122114241 386.257129003946 345.75326981042065 476.77853009067945 466.52531565156954 366.80223264160946 308.3325424425585 484.2853039047872 500.52342518678654 346.363926399446 407.37392383891523 454.5019421920358 494.2707067800627 357.07770534518653 317.01286284795896 481.25947284206296 341.06170345830265 450.4329492351481 311.53888378677846 491.9364490708829 484.47006452927167 361.8315028610358 276.1802845335869 485.4994285333703 523.8601546532167 345.16104798318065 435.22402034488056 451.7244773349 454.98357067633356 369.96271958401053 422.48031158167527 449.51779302436324 477.09704788108 355.94457834517965 304.1929124934329 480.40095583611134 531.1913822833469 337.2753220786379 378.4669396856806 466.0249083781425 432.35115255788037 393.4550327105011 295.3600065060306 484.40246982287863 449.3301963694077 379.1740749285465 369.8657973680083 474.3379520963154 372.42360558435956 418.18075622378285 241.59054060760084 507.039458628628 412.2859641797963 385.325266969149 257.14229907751445 492.0315050748434 391.59695299204856 406.8144771524948 228.55823743229482 497.1108778664007 395.89585055362085 402.50883335239524 289.1744574444141 492.37230116213897 359.91441504534725 433.9525610791257 349.61962344179017 484.68419550529836 394.75782963446267 396.06426485875045 370.0724179525078 465.4837577566936 517.3315991658451 344.85555003157043 293.9604901852865 477.06092602454163 516.1461100861618 351.96811982979114 219.5295794245711 500.7590231678527 367.0182860690562 412.08516767168 214.83319351358983 496.32436635922573 411.15672943523964 390.6774333001982 249.01996785765445 489.3584699131844
690.0016359619214 5.692351111853465 0.0 4.269263333890098 8.538526667780257 5.69235111185357 5.692351111853609 11.384702223707134 5.692351111853537 5.131015952933106 4.269263333890223 4.269263333890195 5.692351111853532 0.0 8.538526667780399 4.269263333890154 4.269263333890157 0.0 8.538526667780353 5.692351111853556 5.69235111185356 5.692351111853596 5.692351111853516 5.131015952933032 4.269263333890181 4.269263333890177 5.69235111185348 4.2692633338901 5.6923511118535615 5.692351111853388 5.131015952933026 4.26926333389006 4.269263333890191 5.692351111853444 7.115438889816926 5.692351111853602 4.269263333890092 4.2692633338901365 8.53852666778027 8.53852666778026 9.000397377424544 5.692351111853402 5.692351111853527 5.692351111853499 8.538526667780395 8.53852666778023 5.692351111853588 0.0 7.115438889816972 7.115438889816956 5.131015952933114 5.6923511118535055 8.5385266677804 10.262031905866149 8.538526667780314 5.6923511118536325 7.115438889816828 5.131015952933181 5.692351111853557 0.0 4.2692633338901205 5.692351111853429 5.692351111853596 5.13101595293305 4.269263333890063 4.269263333890262 8.53852666778038 5.692351111853593 5.692351111853576 5.692351111853627 4.269263333890097 5.692351111853472 5.692351111853495 5.692351111853449 5.1310159529331525 4.2692633338902315 5.692351111853601 7.115438889816835 5.692351111853599 7.115438889816902 5.692351111853616 0.0 9.60196032385709 8.538526667780282 0.0 5.1310159529330495 5.692351111853525 7.115438889816923 8.538526667780312 12.158867304834766 4.269263333890148 4.269263333890146 12.158867304834867 8.538526667780287 5.692351111853663 5.692351111853483 7.115438889816872 7.1154388898168754 4.269263333890228 5.692351111853579 4.269263333890168 10.26203190586624 0.0 5.692351111853611 5.692351111853483 5.692351111853631 7.115438889816921 4.269263333890237 8.051566424342003 4.269263333890241 11.384702223707064 8.538526667780419 5.692351111853589 8.538526667780289 5.692351111853503 0.0 10.262031905866218 12.158867304834825 4.26926333389019 10.26203190586614 0.0 5.692351111853665 12.158867304834805 5.692351111853566 4.269263333890242 4.269263333890097 4.269263333890193 5.692351111853567 0.0 0.0 8.53852666778031 8.538526667780408 4.26926333389027 0.0 7.1154388898168985 5.692351111853517 8.538526667780305 12.158867304834917 10.262031905866134 4.269263333890191 5.692351111853568 363.4682226906595 416.0314029729499 319.02160891054154 489.274644160872 498.8113253302648 355.3076648889247 293.1882352777151 498.22882408611974 421.19916649679953 395.8136995354351 224.36888936646702 495.3312566220796 343.11407095207693 443.9975319572576 216.26750844420638 493.14693934408854 399.7288773955075 400.32108868377634 389.24525081173937 456.7144066277839 385.66778726141456 406.4830214534141 344.17304781273407 482.1974822410247 484.56377280931883 350.796651845658 381.2401860443151 467.9924650019638 412.89936034321687 389.1088698415306 312.50129008948255 489.5393178162674 488.5814668303866 360.6099598243257 241.25675643284748 497.0679834163494 359.2058570022779 430.1353556201766 230.17389400250426 500.4659250308717 360.3502073015342 423.91131641444144 335.3772974149122 473.14473652432616 413.7535326662499 394.6812797031631 346.0633516202693 468.28358898561373 342.00630688573443 431.12721515674656 322.0137163859037 476.5775496585193 395.2984145696335 406.78912282954946 360.647213600446 476.5171830758119 545.413582927306 343.2607492031068 328.37975645640904 486.5710265975432 399.9580244217332 395.83964433317027 224.67204922712185 503.04950291062494 440.60980969278006 380.92099484794824 215.2153806106459 506.44918680726227 517.582858304178 344.8302034950026 314.96969393806785 474.80593283529936 350.4540454257441 431.52318392354965 237.35466648243576 501.7089792935394 557.241594322744 343.5656250688885 341.70189076406865 476.1982756873356 559.3224144269767 336.83342025854813 354.81110848644977 475.277875280968 501.43443893607395 347.692137494241 403.23145948981056 450.5271950682971 386.51376721270964 401.2322821520654 398.9468024083835 455.9252087798471 447.261324531673 372.7207380972675 240.74171757220824 506.41316438239073 448.50953430100765 379.31155427669677 272.3380255626962 492.301723525981 481.81294068993054 355.21090523986265 378.0788154377519 473.18615287583225 454.0168614590944 358.21931362067454 262.4942198119849 511.63149006276916 357.5857700514764 420.24597471949494 351.6871165025564 480.1284291150061 520.3032082427217 350.84316071374644 372.93106897649574 462.5996434170056 416.8878221297545 384.090676184691 272.8910378086447 500.6457539632146 441.9540667967502 374.78952565997116 277.71886670713184 485.30177605042115 461.0824903572941 363.70164312153963 394.4063324378941 461.0756753920667 508.2702893771972 344.19917737748676 411.9238767150936 444.4613331588703 474.5596670469568 365.0143005485481 259.808812368193 493.9703961899184 432.8974831754404 383.61174198044205 326.2249345589687 481.80211216681914 340.4650439493884 438.0611429104644 413.8764264708888 448.3223957259791 538.5383446063188 339.579066429784 309.9323412856741 495.2452980721733 511.32896797731917 353.0962879713226 385.1408768592104 463.1213196372164 551.1079072610457 338.69753871933915 261.0115013354529 498.9301565176718 356.7346231777635 435.6782674804902 246.17402110848604 502.04114929790813 468.79378515636137 354.7265408220267 331.28802894174015 486.05222544793395 383.4397938544099 409.14781034696443 370.6515138696411 478.01221395772933 450.78132160229666 365.4698657640975 303.4342128660577 477.1364568713575 522.0383810121773 340.2889403491182 266.2386291636066 505.96425461348343 455.251071908596 374.2143851054733 405.74934748273733 458.9478784067373 438.05123619364116 390.0937888249964 283.9265113833805 501.17926109604923 474.75549114092564 352.55797320028057 286.64927443670354 494.13047268358747 367.24909439341457 419.12550709477205 253.05067661768427 503.3454393506344 430.9282036883648 377.0174244242813 337.2167124513969 480.91392415435513 480.82633943802523 360.039241947377 303.0273287729889 484.1577635004258 513.5378478387984 336.6744527416007 396.95832868935696 463.71662888160364 503.949045345854 350.961956653299 311.2947784499297 483.9709688381607 349.11290994187755 436.0890579565331 301.94798985525614 493.8421186120685 488.4480800476555 353.46196388307186 269.9124257010012 490.84069687618785 532.7338756372515 347.7985761465914 420.3099996197503 443.35492877942124 464.7945203595895 361.256610005128 407.0994691405865 450.6660420826663 493.8290487341132 346.8469728442665 294.6779235463925 486.18547192473767 539.6726827192454 335.0068876679642 371.3770049606439 469.52196869277054 447.0197727860343 387.4478051138837 287.6972773258791 486.6701659071166 456.1630559115064 367.894101456139 361.496717716671 482.40415502113774 377.5448867729582 412.6904043785276 228.61989534910063 504.9361566701605 426.59833391118457 382.0640828099864 245.82788639259596 491.91420592281025 406.6717504071899 401.561426786345 218.46910919636267 497.58484280329037 407.2509390029783 395.24951331390344 277.852409038497 492.3901203079853 366.22454232802676 429.0393497671778 338.3056684723359 484.8855111188914 406.2852906866578 387.3855387788408 359.6094081655239 469.2987750779064 528.4705062996139 338.7415268424194 287.3069643702836 481.48481936989 525.3444785515495 345.3939912359083 208.67910080064402 495.02496400027536 377.322195377488 407.8331629971213 200.91469071036508 495.99703507157096 424.06192402739583 390.7486247767792 236.48752742532585 492.30460009508135
700.0016359619214 7.115438889816843 12.158867304834741 0.0 12.15886730483481 8.538526667780221 5.131015952933061 8.538526667780257 7.115438889816881 5.692351111853566 12.15886730483484 5.692351111853503 2.5347531602405016 8.538526667780369 5.692351111853581 10.26203190586621 5.692351111853534 5.692351111853561 5.69235111185354 12.15886730483479 8.16875266118947 5.131015952933106 5.692351111853596 8.538526667780248 5.692351111853604 4.269263333890074 12.158867304834812 5.692351111853548 10.262031905866168 10.262031905866317 10.26203190586619 12.158867304834665 10.262031905866145 5.692351111853634 10.262031905866234 4.269263333890056 5.6923511118536405 4.269263333890218 12.158867304834802 0.0 5.692351111853527 2.9884843337232128 12.158867304834779 4.269263333890158 10.262031905866145 5.692351111853551 5.6923511118535775 5.692351111853492 12.158867304834727 9.546363028425796 4.2692633338900565 4.269263333890116 7.115438889817024 12.15886730483472 7.115438889816976 0.0 5.692351111853598 4.269263333890124 8.538526667780207 12.15886730483479 4.2692633338901365 5.692351111853557 4.269263333890224 4.2692633338901995 5.69235111185358 5.692351111853428 5.131015952933091 12.158867304834741 4.269263333890117 5.692351111853603 5.692351111853644 5.69235111185366 5.6923511118535375 12.158867304834896 5.131015952933034 5.6923511118535775 0.0 8.538526667780397 4.26926333389014 0.0 7.115438889816952 7.115438889816938 5.692351111853572 4.269263333890142 12.158867304834745 10.262031905866245 5.692351111853492 7.115438889817086 8.538526667780332 7.115438889816968 5.692351111853589 7.115438889816931 9.546363028425779 4.269263333890061 5.692351111853565 10.26203190586632 12.158867304834816 4.269263333890139 5.131015952933074 4.269263333890099 5.692351111853572 7.115438889817072 5.6923511118536 5.69235111185342 5.6923511118534815 4.269263333890157 0.0 5.6923511118535695 4.269263333890132 7.115438889816983 11.384702223707018 5.692351111853594 5.692351111853572 5.6923511118535055 4.269263333890157 10.262031905866266 12.158867304834786 7.115438889816808 12.158867304834773 12.15886730483472 10.262031905866232 4.269263333890111 5.692351111853529 4.2692633338901365 5.692351111853575 0.0 5.1310159529330015 12.158867304834807 3.223517263214032 0.0 12.158867304834853 5.692351111853474 5.692351111853466 0.0 8.5385266677803 5.692351111853457 4.269263333890082 5.692351111853551 3.9846457782974936 4.2692633338900485 5.692351111853585 371.669629689731 412.9351277283398 308.2153791860125 495.9993412377031 506.50073726993696 357.0992700917536 283.5740257471551 500.0274408644116 429.1534575250588 390.4983428576535 216.61601864747988 497.24960301338444 344.8769738884889 437.5144866939197 208.4948176817351 495.0300669323956 413.1561626038633 398.7791835943803 374.3828486280986 458.74834727531135 404.19520483101087 394.15551926340606 335.1049148685572 480.6365879550505 495.37012898241227 345.89693189568106 370.3008437490081 465.4328357679653 424.2027035989722 383.4123280885505 303.1845637770663 493.89607628669904 502.4980018511768 353.0678730416985 231.81285539918426 501.10326612361234 369.61466412381674 424.41716647625185 217.5592851893445 500.8316019664052 370.63910821554873 419.63096062209127 329.1526800815208 474.8007621211704 422.2229985366873 390.38865553629876 338.9379491114392 471.7101882394281 354.38163789023986 424.13709879829344 311.50491328530296 480.23090871197934 404.589857867359 400.6660453386224 351.7136778750805 483.4760469790396 560.7988307885335 343.6374104962035 308.9086670866807 487.9165306348933 411.5556405220963 387.25720442422573 205.91926079788433 509.4637548802787 450.63325969441377 370.7744527185378 197.45075599928725 504.60262158677654 527.0362691170997 340.8162543350406 306.88592675342403 479.91758088495476 359.5491676027296 425.0857157270095 220.95908308332477 503.49228017485063 566.7654901882688 337.44178667336064 332.6315535009073 479.226616527701 570.9166431276583 332.0804090359803 344.32369403622056 479.01912494198956 511.32829150339865 340.7824305095128 393.31501549744104 455.467221569649 396.17109839788293 397.55049031943867 382.6707738607804 458.6999338620777 457.62967519413525 365.1015674986431 222.70018289699226 506.35331537964623 455.8930878607065 369.1713954960667 265.60731937285243 496.64182725187123 494.56456905387677 354.6349595741626 371.16594191936525 475.2485049338818 467.39435835462405 353.2115670075041 249.9890363151266 510.6724277392222 364.9762444972576 418.9071446692012 338.5514661834711 483.810114333953 527.0517004814425 350.5533263630506 364.0251633719993 469.5962398701953 429.0914264294543 376.6588554364148 262.29660785882055 500.20711353837436 449.3264994924168 364.62693010397 270.0452994034376 487.49387559991754 472.9664733748757 355.50400413718336 378.12500667989275 463.8244620615487 521.1333886751577 336.0883856724898 396.9028937740701 448.0138759438914 482.61645941559027 356.0716720450959 248.24572674263857 499.09497699929983 444.4456370976868 376.6192796176432 317.5606184899716 481.9711245190899 354.8628856855432 429.8444073363293 401.34258554435377 458.58412138866674 551.465216783708 342.1264478190994 298.6087756237658 495.28480237432444 520.0308440837662 349.3479134527714 380.66242565559486 471.9269948450709 562.2780788307003 336.94248345608 255.22692657266336 505.38658171943837 366.3026679117247 431.70208992910915 232.17228142358613 505.4975858316348 480.21878112951043 345.5199327374998 316.1890587216786 489.28053105076845 394.47734328615473 404.6897434342609 355.77162108053244 479.9627056258541 459.74985757003213 358.5507308116578 294.90561739701064 485.03250025840896 537.974474986642 337.53480542365975 262.88359243781593 506.1674507895746 465.0813849523998 368.20531594975324 395.6689346596396 459.98982214641336 447.3147208746498 380.2583275773213 268.75280823032153 500.25635580250383 487.72689200515714 350.50443117125667 277.29895042737974 498.3895991773507 378.2542983403178 414.56915392419114 239.53420004417427 504.05147613328404 440.8551865788429 372.11134083530055 329.8727644400771 485.7317702327469 491.4133857408696 360.4167995841712 294.4802902349434 492.0342862663238 523.2714313974823 331.24863058559265 386.6870202940121 466.15175456383963 514.0776858183904 346.5447749319565 301.1838834271877 484.7691997032014 358.5432081704234 433.5027273999005 289.1979243033452 494.51480091483086 504.4344873421319 344.79832066218484 256.9141677804865 492.7868214154628 539.0534656445991 346.510580780757 400.5379465750807 453.3014519689688 478.55173197499954 349.61314028935504 391.00511650517825 460.0228741128638 505.8749990369611 338.94502759094854 283.4227678647541 490.0670296596914 555.550040396984 336.4183783370677 359.99719254289124 475.0548688427799 454.76156459149365 374.42968824741 276.19539297747696 491.9316594915863 466.8836775699786 362.80423541995145 347.45156564859406 487.8788220519352 383.84259477344773 409.3629118500209 215.58473189148873 506.5195793299672 435.6273776181509 378.91709404060674 232.2873171834091 496.47232497891457 419.0131819814443 397.9303601100115 206.45937924439977 503.767461288205 416.244264120347 392.0178928987647 271.5098053429665 497.5448919514697 376.2189285876312 420.89917686730325 320.57286897864805 488.0851463275598 416.3588773978059 386.2730191563425 351.06732203712363 473.4334281625136 543.3110788706887 341.65452079493446 284.934738384663 483.8811694557081 537.4966032536308 341.66793080889767 204.85898824800037 500.37080038996817 388.5225770773564 401.94454137915494 194.12053132308196 500.803034175234 435.3846941312942 385.1014444350278 224.91775090924935 493.3635767931477
710.0016359619214 12.158867304834827 10.262031905866271 10.262031905866339 7.115438889816869 12.158867304834795 7.115438889816977 11.384702223707183 4.2692633338900565 5.131015952933155 4.269263333890136 4.2692633338901524 5.692351111853535 12.158867304834683 5.131015952933142 5.692351111853543 4.269263333890226 9.000397377424555 5.692351111853499 4.269263333890232 4.269263333890266 10.262031905866142 5.692351111853575 7.115438889816907 4.26926333389022 4.269263333890193 5.131015952933194 7.115438889816936 0.0 0.0 0.0 0.0 8.538526667780395 12.158867304834747 0.0 4.2692633338901995 5.692351111853476 4.269263333890082 5.692351111853572 8.538526667780467 12.158867304834763 12.158867304834686 4.269263333890127 5.692351111853714 4.269263333890048 12.158867304834747 7.1154388898169545 12.158867304834683 0.0 10.262031905866202 5.131015952933021 5.131015952933106 0.0 4.26926333389017 12.15886730483481 5.692351111853596 5.692351111853522 8.538526667780257 12.15886730483482 5.692351111853556 9.00039737742456 5.131015952933063 4.269263333890232 4.2692633338901675 5.131015952933099 7.115438889816947 7.11543888981686 4.269263333890238 5.692351111853554 12.158867304834676 12.158867304834853 5.1310159529329855 5.69235111185354 8.53852666778029 4.269263333890192 5.692351111853744 4.269263333890151 10.262031905866323 7.115438889816891 7.115438889816886 0.0 0.0 5.692351111853594 5.692351111853537 4.26926333389019 4.269263333890193 4.269263333890157 8.538526667780404 7.115438889816945 7.115438889816888 4.269263333890133 0.0 12.158867304834732 5.6923511118536005 12.158867304834766 5.692351111853492 8.53852666778036 4.269263333890156 12.158867304834704 5.692351111853601 4.269263333890237 8.53852666778018 0.0 0.0 5.692351111853486 4.269263333890047 8.538526667780296 5.692351111853659 5.692351111853528 7.115438889816824 5.6923511118534895 5.692351111853567 5.692351111853615 5.692351111853661 4.269263333890234 8.538526667780303 5.131015952933085 7.115438889816965 5.692351111853502 5.692351111853552 0.0 0.0 0.0 5.692351111853482 5.692351111853574 4.269263333890136 4.269263333890069 10.262031905866227 5.692351111853515 12.158867304834747 8.538526667780381 4.269263333890127 12.158867304834853 8.538526667780273 4.2692633338901524 4.269263333890157 7.115438889816954 12.158867304834805 4.269263333890086 4.269263333890224 5.692351111853601 382.56964738654904 409.8953515785691 291.8222436978494 494.4041477939186 512.5611180815494 353.2381905452573 272.52109437347826 506.2886851774845 439.4747807896198 382.7989437443627 204.85997696293256 495.5819168234262 353.67474635126035 427.2550006189288 193.7726130673363 500.8295209658991 421.8185907273944 387.8274065161217 367.0202442778116 468.9285883178146 408.7703900890802 389.1911807129356 331.73682216423526 480.9163105521167 504.0586347210378 346.022283853916 355.5440004532888 473.0555799506068 435.55577041894924 377.851550330824 286.60674672368634 497.5752049336997 518.9258833785015 347.3310235161296 223.14054801340046 500.8211443537495 376.1810730947018 418.23525519229673 202.15380490289968 500.6219841555669 384.32810506089436 415.08179423459956 318.62592075915813 478.4385044691413 435.6796483250523 389.04279240306556 330.3644967940479 475.7877230176189 360.19687172495225 418.26979112531586 303.61978661235406 483.8903369995864 415.0080317083354 396.7413159986741 342.25146366591605 489.3106512396998 568.9403169182882 338.19398917266534 299.353990204488 493.6435199913479 418.09852286535926 382.6604671221541 189.64535203500577 506.8841534390859 461.4916014043095 360.41239601272036 182.25368350326463 509.09315798554474 535.8561996061999 337.29288593818995 292.6952242124872 481.2533280406966 368.8651218383699 417.35756015282976 205.844371025524 508.3164691676228 579.1123310336334 334.43397489248457 320.67922987431706 483.5487648457104 584.3278800405946 328.7610662961211 338.92602671139747 484.2188931989847 527.7371035504027 339.07498426417305 384.24499688568693 463.89244557971455 408.89701186194264 396.43654140613864 367.4205030141093 463.5078218835341 466.8704029778672 356.86689092596134 211.63772938132988 505.97499763694566 470.93770923428366 362.1236469690617 252.5867820630053 498.45736330582264 506.63681874172306 350.68040571851026 363.52274092296676 477.62275465136094 479.87928957115594 346.225270609218 232.5869229621423 500.00120762185395 375.02134383760716 410.88281357288724 325.60708252850304 485.9994381376693 538.7534922397507 352.21691567565847 346.2903781454092 472.86357420286424 442.41171356219917 371.5062254443756 250.75127859456182 501.37413172453694 456.09322689874847 358.5639444697049 262.81342036152984 490.70748123044507 479.46478745597875 352.55733731408077 361.3809251761736 474.5993688924448 533.0135013554527 333.81631394520326 381.31339600851845 455.7179288194865 491.2867541272372 348.3030226835946 239.76241375549543 501.39849065994645 456.1736891733227 366.3278069547353 310.8272758927973 482.4803175152706 363.3139985845438 423.87484830533435 392.47097024018296 465.6139254353912 560.818467834241 339.9499154854843 279.8665368167784 499.91702316089305 531.7524470295164 344.56518185298984 370.22167543293017 472.14756337277936 573.4995891225719 335.5055284981384 241.7495871678238 505.9985229124374 377.03172566739886 423.2536914141738 220.8128934073402 507.0104090961123 494.1785648030499 338.02080817823907 303.65602094938345 488.5643900416085 399.5716596616265 400.76790096187165 351.09899181981194 484.83896266849786 471.44409415760776 351.82056688916947 284.757358395966 481.84887034677143 549.4135117719139 340.7944294016393 249.41733034405047 506.8350471123583 478.72603923546455 361.8913226402959 383.7617991696682 469.8145864858313 456.7748241860503 374.4196731993139 254.32056725891005 502.698295668668 498.8402281320196 344.3284119796621 264.040008973669 501.66472648725073 387.6086036418409 401.67815161975335 229.39706819073655 504.4252121151273 446.9538906901499 366.555784186025 316.6221310155637 485.39639720475606 499.1539748293105 354.42208661086363 283.16574555047185 491.9675213396634 540.5605001373887 331.97574486421803 377.927510248183 477.03617001699837 525.1257882506039 342.21110108374 291.61657604806294 490.4648051220491 365.7492894846188 426.8733463467413 273.3417529559475 501.67033477876214 511.8968474320183 344.1988352852528 246.28666782312246 496.09343296584063 548.5041907886151 346.70118365557613 388.85928369742027 456.434285554714 487.68679556908177 342.9399154604679 374.53004926858864 464.14295217421306 520.284270401256 340.6125550311336 276.69187229049675 490.4906423035133 567.1455234583043 336.0552474564945 352.1639094147271 478.8212145066205 465.6995628017084 367.96078133504153 268.48060474728646 494.0801072569821 476.9488238080686 358.18490446433134 334.510242997472 490.1020557858145 392.536230179239 396.88087703960593 199.5970330367783 509.058896569931 451.30129436714816 371.3785856137571 221.69732390152382 495.72869129559285 425.9190472774591 390.51193283264615 196.40878311741182 504.11240695045285 434.28433025176577 385.7191967193239 260.1901646438257 497.3463673172232 394.2679006564486 412.78430781367297 309.99192295065666 487.78991266588315 427.11964742201354 383.50761561963014 338.5188398473391 472.8501498390128 557.0412857471384 337.77527411781796 275.78821253103973 486.69952561145215 540.7262666839699 345.4948420396701 184.41398928123712 504.50262365645085 401.7184463783342 396.53586657601886 177.4421527675685 504.52010425020376 446.44527497757593 377.09546010428284 212.30977464943078 495.9408467360599
720.0016359619214 4.269263333890195 12.158867304834741 10.262031905866175 7.115438889816868 0.0 5.131015952933028 11.384702223707084 5.131015952933118 5.131015952933069 12.158867304834859 12.158867304834779 5.692351111853503 7.11543888981684 4.269263333890112 0.0 12.158867304834848 4.269263333890204 5.692351111853522 5.6923511118535375 5.692351111853527 12.15886730483468 5.692351111853531 8.538526667780273 8.5385266677804 4.269263333890084 4.269263333890121 5.692351111853449 8.538526667780244 7.1154388898168035 5.692351111853504 5.131015952933188 4.26926333389011 5.692351111853604 8.538526667780218 7.115438889816815 8.538526667780257 5.692351111853579 7.115438889816853 7.115438889816861 7.115438889816952 4.2692633338901365 4.2692633338900485 4.269263333890158 7.11543888981695 4.2692633338901365 4.269263333890213 5.692351111853436 9.546363028425775 12.15886730483472 4.269263333890123 4.269263333890136 0.0 10.262031905866165 12.158867304834725 5.692351111853552 12.158867304834796 5.69235111185346 5.131015952933077 8.538526667780332 5.692351111853587 7.115438889816853 4.269263333890067 12.158867304834825 4.2692633338901 5.692351111853586 5.6923511118535215 5.692351111853575 5.692351111853549 5.131015952933194 0.0 17.07705333556055 4.269263333890041 7.115438889816864 0.0 4.269263333890178 5.6923511118534424 4.269263333890053 0.0 8.538526667780339 5.131015952933138 10.262031905866145 4.269263333890151 12.158867304834827 9.546363028425835 12.158867304834823 5.692351111853677 5.692351111853636 7.115438889816948 4.26926333389006 5.69235111185355 5.692351111853656 12.158867304834741 5.6923511118535615 5.692351111853505 4.269263333890121 5.131015952933146 4.269263333890136 4.269263333890115 4.269263333890281 4.26926333389018 10.262031905866237 5.692351111853592 5.692351111853707 12.158867304834684 7.87346261742496 4.269263333890192 5.6923511118537 4.269263333890258 7.1154388898169 0.0 5.692351111853667 5.692351111853616 12.158867304834779 5.131015952933139 5.692351111853585 12.158867304834834 8.538526667780364 4.269263333890056 12.15886730483484 8.538526667780216 5.692351111853505 5.692351111853516 0.0 12.158867304834741 0.0 10.262031905866218 17.077053335560663 5.692351111853554 12.158867304834807 7.115438889816939 4.269263333890106 12.158867304834867 5.131015952933065 4.269263333890146 5.692351111853711 4.269263333890181 5.692351111853631 2.988484333723062 8.53852666778027 0.0 386.9109234637627 401.0104463054058 277.1473897959523 498.3409352868119 520.3111497296326 351.35837253725003 256.82717271900395 511.8039204816805 450.17130987266023 377.6934940829525 191.90400121235507 499.3114084292528 369.90319667571737 424.00728861538295 177.9542986474839 499.19697326601784 427.6762508964721 382.46547838084194 350.8181387745751 475.374240327455 418.68871767812163 384.305787769312 316.61678168997025 484.0340312971898 518.6695569234488 339.98220720472005 342.5005296178347 471.37700946812737 443.6140941354638 372.6917626575505 273.6120436278179 499.45545921544505 532.4332098236939 347.04108742531247 207.83583885588132 503.0694397403294 389.58728854891785 407.6232610614892 187.59024857191503 502.39708483983577 395.045965984117 408.2710665857014 309.78898113915983 483.8216284561945 442.3854449931666 379.2408078722774 324.63266735152683 478.47329570033565 367.7399367233659 415.6130114596316 288.181597122329 480.4901642693132 426.2188744885975 387.2603911139083 330.1359563816731 485.83503116517073 583.1133420873177 330.7928426995939 285.6514136197752 495.9137007608742 425.3891886827594 377.7710273252597 179.01895182233594 503.2748118142574 475.42371953258527 356.66948628056133 166.44983974499738 507.32141449963075 558.2532208814666 334.0027302838186 283.82716927681344 486.55433531280016 379.9337121519636 412.9248103064827 191.80400573659682 504.8341820814991 591.0640481942511 327.8440374092044 309.18638553958925 488.84821132094805 590.989940719193 321.8490009217999 325.45441939568224 485.29652248955216 535.7377932045205 333.4017498964423 378.29747500460263 473.3713964485633 412.28156125473413 390.7864424154384 356.220833842177 467.5868485175443 478.6302351352923 350.27080616114023 199.92416728910877 504.16677259472544 483.92508169150534 356.2976796946203 244.64030258069687 497.96213622206795 512.01779693245 347.16672619354426 356.0908190215953 487.74287123439376 487.87483961038333 338.86798616716015 212.15984733824345 498.0092165893934 383.45235527675294 406.53055030914464 314.5669577071487 488.4976923335989 542.228246571664 345.8417274222856 340.86581314957056 478.0496192949676 445.6764264010289 367.3542155571097 236.97896930771768 503.31822298507245 463.7695946673752 356.357829025169 257.06637786998687 489.3224827477614 493.49164882415135 345.17198117631995 352.9728857404783 480.82457808958765 547.3191255434299 333.4972299979576 373.2914479653441 460.9318946904588 501.9444458377553 345.06857288425937 220.05227958926923 499.18481266794277 463.54727210956923 361.61474028569467 294.9641671318423 485.83670424294394 375.9053964841746 417.2436680377011 384.70611663343 464.12494131635503 573.3064887873097 334.9215938856243 271.6584088624941 508.73053233263164 546.6187535039899 341.4191986684885 358.50395237384316 475.14242533388403 584.6713721649687 326.6578642345768 228.91090080756157 499.741384241644 386.08726105179477 413.1908621141416 212.14734537506365 506.6267209888297 505.1844586783749 333.39210670929754 294.03405684293034 490.3385524400069 407.53287880628864 395.4713870531318 334.9017624815055 481.9897972377084 483.9547106685865 344.9677999261772 276.5839214946736 486.7982855764359 560.2324603266384 338.19134192779984 235.39162506236443 510.1329542194935 492.6672982939025 358.2869692206218 370.2418526530471 476.36053230084053 468.68572546234725 366.30615684376204 245.32027552536056 507.8005345626436 509.9922047062261 342.243360681837 254.7995638607054 508.21740508245426 395.03790704907163 400.5738974819477 216.2005222817569 503.346845795243 455.0419745164692 361.4679925453957 303.63844481825635 487.461505998702 508.5413647557697 354.2987295528476 274.00099540392347 494.7314275950305 548.511083563593 328.31222036148597 362.64660300392853 481.7671452481493 540.0131027397762 338.9967460460622 281.26833544773285 492.4976917847898 376.4875804350528 420.06111028263115 264.6474328858016 505.46906180459956 524.987877326405 342.7339959508437 237.24727756940626 490.897953034088 559.6440259202444 342.6629363644465 381.22680271671493 458.83841690857304 499.5448701419849 340.46976608481543 368.8339617476633 466.895416958287 532.5056333995311 337.1035721578429 265.5692628868182 500.5641761181875 576.8297478336543 330.2039039669826 343.079018387666 481.8082612615724 475.7616660576739 363.40017466096117 260.04010034328525 496.464496789181 485.6258326687846 350.4585884297292 323.4097629647782 488.74580052638436 403.68128857814435 392.62906517725634 179.75739561099522 510.26317422078864 460.8223676102946 365.6250350666037 207.0130490730292 495.1788934865637 436.2666460863472 382.85816797803346 185.188038850803 504.56227846000604 449.34587696775185 373.2638309334022 250.5420994202889 498.8920437062589 402.16032870196665 402.15284755706455 297.05693955873505 493.699573029691 435.3328425571734 376.8997539438198 330.95010963664396 479.0292517320454 567.8399185950104 332.73504276602887 265.185004184215 490.0742697109724 551.9310624010158 343.87663151533377 169.75093549770244 503.61618548806564 410.2135437003954 386.9962449474674 163.17608859468575 505.50894743528517 455.45603476124995 370.2284415334621 201.69506728516268 501.35629673209326
730.0016359619214 4.269263333890125 8.538526667780195 5.692351111853388 8.538526667780404 8.538526667780275 5.692351111853553 5.131015952933188 5.131015952933056 5.131015952933014 12.158867304834704 4.269263333890157 5.692351111853504 12.15886730483474 4.269263333890246 4.269263333890135 10.262031905866213 5.692351111853517 5.6923511118535695 5.692351111853532 5.6923511118535925 7.115438889816864 5.692351111853495 5.692351111853573 5.692351111853544 8.538526667780323 4.269263333890125 5.692351111853639 8.538526667780246 5.692351111853492 8.538526667780246 5.692351111853573 4.269263333890084 4.269263333890165 7.11543888981691 5.692351111853457 12.158867304834839 5.692351111853605 12.158867304834793 12.15886730483465 5.692351111853476 3.9846457782973306 4.269263333890136 4.2692633338901755 7.115438889816884 7.11543888981689 5.692351111853588 4.269263333890204 12.158867304834812 5.692351111853635 4.269263333890204 4.269263333890096 5.692351111853507 12.158867304834748 4.269263333890207 5.692351111853452 4.269263333890134 4.269263333890105 5.69235111185346 5.692351111853627 5.692351111853565 0.0 0.0 12.15886730483483 9.000397377424553 4.269263333890134 5.131015952933142 5.692351111853617 12.158867304834741 4.269263333890072 5.692351111853513 12.158867304834725 11.384702223707096 7.115438889816755 8.538526667780376 4.269263333890176 10.262031905866268 5.692351111853564 5.69235111185351 4.269263333890208 7.1154388898169 12.158867304834846 4.269263333890102 5.692351111853445 5.692351111853525 12.158867304834777 4.269263333890168 5.692351111853564 9.546363028425779 8.538526667780417 5.69235111185362 5.692351111853482 12.158867304834923 0.0 5.6923511118534815 5.692351111853598 7.115438889816907 10.26203190586613 4.269263333890069 5.692351111853601 4.269263333890193 0.0 4.269263333890079 8.538526667780275 4.269263333890128 0.0 7.115438889816854 4.269263333890222 5.692351111853525 7.115438889816872 12.158867304834837 10.262031905866234 5.131015952933134 5.692351111853685 5.6923511118535775 4.269263333890148 7.1154388898168826 7.11543888981693 5.69235111185352 5.6923511118535 7.115438889816868 0.0 5.692351111853546 5.692351111853628 4.269263333890232 8.538526667780216 12.158867304834734 4.269263333890248 4.269263333890052 12.158867304834807 12.158867304834867 10.2620319058661 4.2692633338901365 5.692351111853361 5.692351111853608 5.131015952933164 7.115438889816951 0.0 5.692351111853554 7.115438889816921 8.538526667780369 398.3976819433039 393.93827041939613 265.81405496659033 501.94156670219127 526.8195313322465 346.3119350130832 248.81484328888527 504.88406573600696 457.08311620018384 371.89035523633896 183.65116057846524 499.8577989532042 385.7246706451381 418.50370848400723 169.96750205219783 495.81956299104036 443.4170445496331 375.0338566707666 338.6565226966868 481.08874407861566 428.47094584614103 380.92541167186823 307.4378386229373 483.0014062801347 530.093000708452 334.3707161020217 334.8317059746341 473.6529891080411 446.8702451488888 364.64721448178466 256.91433442392184 506.60814789251225 543.2288211298024 344.3047064426971 195.28644324175337 507.86730047259687 399.1292215539681 405.4886079239758 175.23372189476055 503.19477611584267 407.8075646726668 401.9257832714093 295.8306267184515 487.5103407032933 453.0818775490249 370.3429706034142 315.01272740441453 480.2772040842848 379.9748651243352 418.6603984761353 277.35231640946614 481.38711892664844 438.8713215002072 382.560624265907 318.65698689319373 491.12908798446404 593.9631604898414 323.3967029275125 277.92549397001 501.8908380838019 436.4118528285646 375.1736819852938 166.1759066770289 500.4103363524556 482.2062050981525 352.43058335139534 152.2633833940848 509.94960862079665 571.1860314332127 330.2454926840263 272.2560816503781 487.7309093906648 385.6963034536763 403.3558027061927 178.28161733897642 504.7931960584876 603.4301622898438 320.01793201555193 294.7530425075301 495.34263682051176 605.5587830937941 313.87791879334526 312.70261102014655 485.9335889694963 544.9044382609245 326.2323474567888 371.5714299756959 473.9646069357899 423.8106605851458 389.17707047926376 350.5938394147018 474.1894249428243 485.69074616659327 344.6479276940238 181.24242090452103 506.1160816582807 494.3075827809709 354.4443846787449 231.5846799078362 499.4443596664555 521.7729606926335 339.51304494484816 345.97991690465057 488.5599910883535 503.75758105836076 340.02428806441395 205.21668686732426 501.97543510137734 393.6746998609117 398.7271814420712 303.95843546811597 488.0960236365959 552.6384355696167 342.0478131161258 329.61160125847243 481.97630189549034 453.755904321591 358.4398232449215 224.7950882886667 506.9209070923385 471.4824621181067 350.3255289789178 244.93646425684915 493.12204466819554 510.76797849152786 339.38364274580755 345.53561236842097 483.2517162280873 556.5444564531753 326.41158082831237 363.1038914357437 467.1226122609727 512.6618943919648 342.02749017551236 210.1636226870708 504.27869146228517 470.7684340444547 354.501069358437 280.5116758705702 488.3491847136182 383.4273524309673 409.39392300298255 371.3709675131137 469.227701931777 584.8882478994685 329.71838309239024 265.17610449341714 507.6296764756008 555.0885440909715 334.55985790086356 348.91472135999544 477.05073831240986 596.2516576598337 319.0186898905654 219.053254993929 504.90683087776205 391.00444756223976 405.39619688797217 195.50069221508497 511.74852888388494 522.8219442968848 332.7738424571216 281.2801867735953 494.68917716763104 418.5678443207713 387.461470025905 321.852261336636 486.724264050792 494.87698952286286 340.36471146097426 265.01953316980564 487.9315742478422 567.3421424754608 336.9725485658124 221.13788584220072 510.7016393050593 500.95334314657373 353.5230039075013 359.63370937785055 476.15518245481417 478.32838697787497 360.7403926915572 227.54037520529073 512.4403870493295 517.6219075943702 337.93891342342823 236.2915527420686 506.88343374563533 405.49321887030936 396.7396010317595 205.15153605322695 507.63271631164133 458.38167091656027 353.4585954342108 288.96788424968133 491.4466861309545 516.4640674432746 348.5761290354839 264.3520129710549 496.2970487396259 558.1525453114253 322.3836028920997 353.26673855169287 482.2766446340719 548.4574616934711 332.13560161847784 271.85809263422306 496.59757199556475 389.1532383993368 413.57879488108017 254.65950806488584 512.263689997058 533.1431520509542 339.65496375884055 222.01941019649527 499.58945968389054 572.7385140684103 339.35111402086807 367.68846956160706 465.3483621879943 511.8656650002685 332.92522129745345 359.56086719390623 471.31612725873555 541.4286100497915 333.8164605785741 255.89386823068443 502.09655629156714 585.7811969360378 322.1563866172785 330.6161032950665 484.99937496332217 486.8699434264205 361.14974019423806 246.54787655839368 496.997818942158 498.0002898579235 345.23307131613825 309.4926552602354 492.50566848813844 409.0213148939431 387.3718909932964 164.35958375251295 509.60302685009316 471.40016010154187 362.19132623878943 195.41282426483363 495.8341873694099 447.23021989653495 376.4102419893041 169.94631689355967 508.9211019228654 460.08546750525977 364.4215795376696 240.4302001916325 499.234080272351 411.59071850155135 390.90152400236605 287.1768664139664 500.67632813073044 445.79795152292564 369.3960132988565 322.3366242517875 483.0095346711759 579.4228561121104 327.52113732908737 254.60384736782325 489.4308606455484 563.8918850405531 342.11919627289217 158.53995707043518 505.1753429315042 419.45902733810897 382.5108487294313 147.26012710654626 508.00120271863017 467.233044782559 367.49905219555745 190.0886725442732 501.93698620896674
740.0016359619214 8.538526667780264 12.158867304834802 4.2692633338901596 5.6923511118535695 5.692351111853517 4.26926333389014 5.692351111853492 5.692351111853604 12.158867304834814 0.0 4.269263333890246 5.692351111853559 2.84617555592696 0.0 4.269263333890199 5.692351111853516 5.131015952933022 5.692351111853551 8.53852666778042 5.69235111185359 8.538526667780433 5.692351111853539 12.158867304834715 5.131015952933157 11.384702223706993 5.131015952933117 12.158867304834711 8.538526667780339 4.269263333890263 7.115438889816976 5.692351111853474 4.269263333890085 4.269263333890249 7.115438889816971 10.262031905866296 4.269263333890096 12.158867304834722 5.692351111853542 2.9884843337230005 4.269263333890091 5.692351111853517 4.269263333890133 5.692351111853458 4.269263333890201 12.158867304834725 0.0 4.269263333890151 12.158867304834843 7.115438889816854 4.2692633338901285 5.692351111853483 12.158867304834699 5.131015952933101 8.538526667780328 5.131015952933132 12.158867304834843 4.26926333389008 5.692351111853621 7.115438889816971 5.692351111853591 5.6923511118536165 5.6923511118535695 8.538526667780346 4.269263333890157 4.26926333389002 5.692351111853556 4.269263333890168 4.269263333890112 12.158867304834777 5.692351111853533 5.692351111853489 8.538526667780319 0.0 7.115438889816864 10.262031905866307 5.692351111853492 12.158867304834736 8.538526667780378 8.538526667780374 12.158867304834663 7.115438889817032 4.2692633338900805 12.158867304834736 12.158867304834722 4.26926333389024 4.269263333890113 5.692351111853745 7.115438889817005 4.269263333890156 7.11543888981689 5.692351111853603 10.262031905866207 4.26926333389016 12.158867304834752 5.131015952933202 0.0 8.538526667780337 5.6923511118535846 4.269263333890158 5.692351111853549 7.115438889816751 5.13101595293301 10.262031905866277 4.26926333389019 7.1154388898168595 8.538526667780324 4.2692633338902155 5.692351111853493 7.115438889816866 12.158867304834725 8.538526667780388 7.115438889817037 12.158867304834876 4.269263333890103 4.269263333890168 7.115438889816968 4.269263333890093 5.69235111185359 5.692351111853592 7.115438889816898 0.0 8.538526667780467 5.692351111853556 4.269263333890164 0.0 5.692351111853516 4.269263333890103 12.158867304834796 5.6923511118535 7.115438889817016 4.269263333890212 2.846175555926697 4.269263333890107 5.69235111185358 8.538526667780367 8.538526667780346 5.6923511118535375 2.988484333723062 5.692351111853535 10.262031905866218 406.9201617442488 389.79951827238324 257.5118273288752 506.66388212865803 532.3443893169944 342.9833635671253 236.64029865947995 508.5223505082371 471.0686713448649 364.4113745117731 175.5629989503525 505.35791062496907 389.606934629911 408.60356756189896 164.16977239584924 502.98671122921047 453.98016546323595 371.52757894807854 324.7433326185953 484.87482641800494 438.99508786165643 377.34546663180936 295.16654671322493 488.4540827634398 547.586128123162 329.30341800011 329.8567587469268 479.855790950609 456.49266540572023 362.92113671868424 247.05571805315236 505.52244488335475 552.8100440566496 335.85669565349866 186.39366187567964 511.1819861356811 409.97345319418287 398.880263500713 156.77606663399638 508.67909621562717 417.8499560914008 391.80522703857287 280.17291410274333 489.16123031194076 464.1599595654276 364.11984727890626 306.36660017577225 484.16787111204366 386.8257276821838 400.6259488768604 271.29358566280325 485.2850980636282 448.44017441622424 376.88033834794294 302.7919243731594 494.3652859924077 604.8930609901242 318.68430101747003 263.38985551211397 508.03846961505184 446.69021585771964 369.1709974780712 154.2236581484033 502.23997961871964 491.7563190449982 354.88324894733296 141.04912450469504 511.4954602172279 577.1874037346166 323.24649859669114 264.25679977742743 491.13382806848665 397.06657074743333 392.46411192813304 163.18580503703282 509.11884096781534 618.427991246933 315.03823168374794 280.7811694865741 494.95295196229625 615.9445270476907 309.9766004292512 303.5695310341201 488.72398337596246 555.0317195871177 326.42970230709307 358.62311354625217 476.1583051811896 434.3196342264827 385.53970993427345 337.34380648244286 473.8256289119415 495.2395171773017 347.14185493183066 170.10565240386984 510.20141801167745 508.5360680233855 353.80411974642266 219.24572159948406 500.482327000638 539.2131077614041 334.29045889944933 335.98277073441045 491.82313924275536 514.3826733385273 334.60860207168537 197.81586352043257 504.7729357778314 404.83184796095526 394.5943101470115 284.7103735808035 491.3839290000492 558.911379424735 336.08053605949243 317.38102245550425 487.5443754510199 462.67785012954505 353.20360792257804 216.43187182373708 505.0791952574487 485.8971887320872 351.9395189988446 234.06679184267222 495.74358810772475 522.4654420509997 332.3438068676014 330.417200575096 486.3234882651812 562.9103210962897 325.46839295357904 344.50431585434865 475.8748539285553 518.4751075273795 337.22121152821165 200.65232543620985 510.4262772870588 478.7925994930249 351.10371472250756 272.0554516588423 490.67683845579035 392.8577432995272 398.43585366760936 362.3323138715056 467.42986586025575 598.0661784948593 321.6890033838548 252.58040044834536 510.29020239599646 568.1371161700943 328.7843447190331 338.6686589900772 483.1305972304667 608.7693223037459 311.37559540776783 207.9109034530934 507.76757651888704 402.8667224456508 400.88776009109387 182.15945043472558 516.7128969584746 538.8371138149379 330.6030266466758 269.65659808201184 499.6532056227705 428.6639657653569 382.12401786513783 307.92965703831396 494.3012098587477 502.3622865987341 339.9003249163878 256.720291141605 492.6903732207672 576.3159919789497 328.935627115745 210.80493803334065 514.6926196692967 508.0068706730033 345.57123351040775 352.0638326170848 482.33117768343305 489.90656604053544 359.71649979955276 216.4132603478396 507.8710505595181 527.4926673498223 334.51837719299414 223.19381617938657 508.21615912364996 413.7295028220773 390.13739155430716 191.42597559633208 511.54120825377373 469.46029859582137 351.2055883393051 276.6100292545025 500.67261703071335 522.5895643211376 342.4104191704654 254.48039422190902 505.53210972174213 572.3738327984929 320.043566470734 342.5304192180572 487.2896514712862 560.0559258910164 329.3487807934552 261.1932645892876 499.78689643288305 398.38350298921125 403.7104567096462 242.0140885786066 508.4577169128642 544.3448556546501 338.1268099122551 206.4226965896973 503.09166202977485 584.0106846429996 328.0951688082436 353.81290325363915 469.2883737212049 525.2576023389614 330.3571839634974 350.6784058273461 477.3591992449375 555.6300583564031 331.31131647841005 247.94122792791103 501.5077589188963 592.5466916448635 319.98517511570356 318.17097768594476 491.97646337132267 499.3729305369509 352.12448545833576 239.66887870962444 501.0650659076645 511.2258399787069 339.9780991342506 292.63503478111215 493.4902310299594 416.67329448884175 385.03896576323166 150.17309971356627 512.2384239435257 484.4750661159314 356.610535438509 190.73388719343058 501.38607407501644 462.38066770398643 369.5487774895163 155.4240490286382 512.9530813585349 464.90541787380687 359.7132916075507 230.4476508985873 501.9154324630833 421.38275775234086 387.53821413066555 273.64240984222204 505.2179502521182 446.7278111779449 363.7668957985029 312.7383255604922 488.64983436640006 584.7094519054239 323.2771792924213 247.0261994523798 493.8364214210056 569.448235299263 333.92522415962014 142.05917791003597 506.11403156007555 431.40691100351887 378.20656201998867 134.19701345597633 507.69275800222516 475.0371235621044 357.65986364534535 181.60666125039236 506.34228878667255
750.0016359619214 7.115438889817 7.1154388898169625 5.692351111853498 12.158867304834763 4.269263333890248 5.692351111853491 0.0 5.692351111853593 5.692351111853586 4.269263333890229 5.692351111853488 5.692351111853558 4.2692633338900725 5.692351111853443 0.0 5.692351111853572 5.692351111853702 5.692351111853496 12.158867304834745 4.269263333890107 10.262031905866298 4.269263333890213 2.846175555926775 0.0 5.13101595293319 10.262031905866253 5.6923511118535775 4.269263333890224 5.131015952933067 5.692351111853564 4.269263333890028 5.692351111853536 0.0 0.0 5.692351111853518 5.6923511118535215 12.1588673048347 5.692351111853499 12.158867304834684 4.2692633338901125 7.1154388898168515 10.262031905866142 5.692351111853604 4.2692633338900885 7.115438889816921 7.115438889816912 10.26203190586615 0.0 4.2692633338901596 0.0 4.269263333890196 5.131015952933123 5.692351111853611 5.692351111853497 8.538526667780385 4.269263333890197 5.692351111853439 4.269263333890228 12.15886730483481 12.158867304834772 12.15886730483473 8.538526667780337 5.6923511118535 12.158867304834772 8.538526667780264 10.262031905866241 8.538526667780353 4.269263333890281 4.269263333890108 4.269263333890049 1.4173587273753214 4.269263333890143 4.269263333890135 0.0 12.158867304834942 4.269263333890142 7.115438889816869 4.269263333890128 4.2692633338901365 12.158867304834832 5.692351111853616 5.692351111853573 7.1154388898169305 4.269263333890233 4.2692633338902715 10.262031905866193 12.158867304834667 12.15886730483468 5.692351111853653 7.115438889816864 5.692351111853562 5.692351111853508 5.692351111853455 12.15886730483473 12.158867304834695 12.158867304834839 10.262031905866234 10.262031905866134 0.0 7.115438889816904 17.077053335560638 8.538526667780348 5.692351111853601 4.26926333389009 12.158867304834851 0.0 0.0 4.269263333890081 7.115438889817029 5.692351111853644 12.158867304834944 5.692351111853616 4.269263333890167 5.692351111853525 4.269263333890034 5.692351111853434 7.11543888981706 0.0 5.692351111853401 10.262031905866175 4.269263333890232 7.115438889816919 4.2692633338901675 5.692351111853512 7.115438889816846 12.15886730483485 12.158867304834729 4.269263333890138 7.11543888981693 5.692351111853464 5.6923511118536085 12.1588673048348 5.692351111853512 7.11543888981698 10.262031905866165 4.269263333890139 4.269263333890233 12.158867304834795 4.269263333890124 12.15886730483473 417.76773834801276 379.4318321257649 248.5969363323229 514.110892976936 536.3987385601738 340.27637021124497 221.2239413515431 508.1450847875638 479.3491239282881 359.6340875307595 165.16422087479984 509.1488000941668 398.5234912551546 401.6179825593312 155.1178613301557 501.23141057475357 464.0990719903592 367.11665131046607 311.1504923033877 484.47928330625416 446.6888925388976 371.3073486923989 281.16575384007535 491.8780132786685 559.9684250573765 328.8040441490511 321.69906398250833 484.8431741838014 465.9343422353293 358.85138221551387 230.02249346156054 509.73182225366094 564.0677441665712 334.5331930975326 173.36776695308203 514.6984727901256 420.88651787610354 392.40224912730554 144.81920142893313 510.50036150713896 432.7491125549947 390.0912873141268 266.6052479641722 491.2317011782152 471.96134776286806 358.2029973930379 295.5268757785871 485.04448651772793 396.97007556811747 394.3681315110781 261.64313470974514 486.7341515120484 455.18970144078884 368.7125006825247 292.10341718268324 501.59550307583453 616.4020421786109 310.25158773810125 255.16824065481325 508.8175214242321 452.70633508854775 365.2035604104663 146.7928084633146 504.93883621701207 506.15894925176406 350.49590671285415 127.13576189909573 510.2352347276065 590.7497633715936 318.8841508843214 255.47090000628737 494.74076485618986 406.85622338960167 389.09174335288014 150.58117699160834 509.16040668712446 634.1813733261546 316.417626788749 272.51718673048117 499.72362950361264 629.6345728012694 314.6565369557171 286.3511396115108 489.734567950355 567.7722512209397 324.6336108492136 351.02041118974745 482.3088926382892 441.9545397558479 375.5707877409305 323.89690173715974 478.658960777693 506.80707354582995 346.47077449746246 159.90402607374165 507.6053248314581 517.2200565176355 345.403749001147 210.79897268021043 504.9713572041827 546.0066340932451 336.9276002994962 322.71770798078063 491.3163804399 527.7118538704223 329.65747255243855 184.05814825556985 508.60344364599206 417.92709999666823 385.7563324132454 274.4055084561071 489.31017355259837 574.284195789823 332.1546294582145 303.1646334047703 488.6808866313137 477.72464345525884 348.1347765887301 204.60093389696272 509.55779022090695 500.44581841213693 343.5714866213483 229.03410150501873 500.25969891260024 535.86109835271 327.4737554440624 314.3761840568764 491.1679918078297 576.020759434605 322.37223116008045 333.45036096626114 478.3497680715773 527.4463964204093 336.4295142052497 188.7822784913709 514.821842833119 489.1949674960015 349.4064061171185 262.583104791313 494.63738430247673 402.99410754652104 394.8563928070318 346.51036090104196 470.8913386594478 610.9843186741076 315.24253019898043 239.53559884401938 511.710624781915 583.5171143090366 327.4985186723963 331.9427271732814 483.5955392332838 620.8812161809639 307.7738139901164 196.53385250583867 504.43307708484565 411.73008551695096 390.08989713121946 168.3841174835229 520.4859270021091 553.8329396059385 330.3842503206754 257.0585757356625 502.2709850659583 438.21277806363213 372.5691601830841 297.5574861935619 496.24727207127836 510.0635102148811 335.6744820932649 245.45150756376503 498.5429335921937 598.4243535819702 330.5551732377076 195.15572968177884 518.0152407725383 519.0156915448754 338.87899805186294 343.71898753478644 488.79212453568516 502.82487234171975 355.8066157780698 200.46692399195544 512.6331358084691 541.3035214091979 330.82052377076616 213.47583070976302 509.378483724968 427.63411974781405 386.27281143020184 182.26713465033478 518.7001171912214 481.9706129748556 352.4082778520987 267.02384482361254 507.02318409146574 528.2671385925572 344.1181744789086 244.6533548070852 510.7672435632907 583.2694065780771 320.25390797124356 335.80500535198473 487.75930463492136 576.9265912731097 324.97154425412907 250.5198671871054 502.86382100982865 408.76776476535656 396.0917331613093 231.4323799165354 513.9088379535249 552.912739878635 333.8883907904369 188.38434734551473 502.25441841170334 604.7116628588818 325.29189226469134 339.41198544789904 472.0528267010457 544.9889358305766 324.5175912835835 338.42954760564976 479.10286333575317 569.5148408088703 330.36883720641976 239.99957638475243 507.2288715311418 602.4187462489218 314.44745196488907 304.4474934896672 494.17870274648044 514.3833360682034 351.3951599400877 231.8792552059792 502.86740626736 520.3429689985009 332.7821969257981 286.63508864108456 507.66080673661725 425.0586911884084 382.44338433300624 135.11170433304227 510.1354331172034 496.80484526113366 349.06258356268614 181.00906232424813 502.4373917613728 470.6367395262411 364.72374162478627 140.15633135885625 517.2359237795182 474.4464969311974 351.83219740171313 219.59004131179478 502.2839950582579 434.7732362194715 378.7732863116844 263.63155802492474 509.91943181384636 459.76970769760413 358.08095380530483 289.84986155738756 493.5234961271945 597.8461468925732 322.87261524070414 239.67518456711827 496.76985076210326 589.6925548751829 329.79604276627236 137.9386473613329 506.3477742703422 440.4827451307371 367.581333543261 119.05283620953522 508.1390364266834 488.5308605577542 357.2046265191165 174.18521967901896 509.05767126633083
760.0016359619214 4.269263333890125 7.115438889817017 5.692351111853418 8.53852666778029 0.0 4.269263333890163 11.384702223706961 4.269263333890082 5.692351111853476 5.692351111853582 12.158867304834695 4.2692633338900645 12.158867304834962 5.692351111853615 4.269263333890239 9.695892263568627 7.115438889816981 5.692351111853539 0.0 4.269263333890255 7.115438889816977 5.692351111853573 4.26926333389019 5.692351111853492 4.26926333389008 10.262031905866168 4.26926333389011 5.692351111853485 5.6923511118535615 8.538526667780284 4.269263333890131 5.692351111853508 5.69235111185363 10.262031905866149 10.262031905866062 7.1154388898169225 7.115438889816975 0.0 3.984645778297508 5.6923511118535215 8.538526667780365 5.692351111853556 4.269263333890112 8.53852666778028 7.115438889816877 5.692351111853613 5.692351111853426 4.269263333890067 5.692351111853654 12.158867304834763 12.158867304834704 4.269263333890275 5.692351111853469 4.269263333890176 7.115438889816987 8.538526667780422 0.0 4.2692633338902475 12.158867304834779 0.0 8.538526667780348 5.692351111853502 10.262031905866296 12.158867304834803 7.1154388898169785 10.262031905866245 4.26926333389019 12.158867304834809 5.692351111853574 4.269263333890209 4.2692633338901 4.269263333890222 5.131015952933191 7.115438889816901 4.269263333890104 12.158867304834837 7.115438889816777 4.269263333890215 5.69235111185354 0.0 4.269263333890017 4.2692633338901835 5.692351111853648 4.269263333890113 4.269263333890163 5.131015952933122 7.115438889816917 0.0 12.158867304834965 7.115438889817015 5.6923511118535375 10.262031905866257 5.692351111853617 7.115438889816895 5.69235111185346 10.262031905866177 4.269263333890248 7.115438889816896 7.115438889817065 5.692351111853535 5.692351111853642 0.0 5.692351111853656 10.262031905866227 5.6923511118536 5.6923511118535925 5.692351111853541 3.4731331760144215 10.262031905866081 8.538526667780296 0.0 5.6923511118535775 8.317028800900637 5.69235111185358 7.1154388898169465 5.6923511118536 10.262031905866037 12.15886730483481 8.538526667780294 7.1154388898169785 12.158867304834832 0.0 0.0 5.692351111853529 12.158867304834727 5.692351111853572 4.269263333890092 5.692351111853553 4.269263333890037 4.269263333890235 10.26203190586613 5.6923511118535695 10.26203190586621 5.692351111853475 4.269263333890245 5.6923511118535695 7.115438889816838 3.9846457782975095 8.538526667780353 7.1154388898169145 429.3504340363136 381.97153342758196 233.17368926756112 513.7663044343891 549.4607653153003 334.4989738053591 206.5185423564985 516.2156103778586 494.1570233794103 356.24686644416306 152.3347330852296 506.23865464718915 407.0881364773232 397.5964853721147 143.90676117891763 502.76855418058807 475.43081881342613 357.3056804508885 299.3728532962871 497.88790726533557 457.83509583479133 365.2400875379257 263.8305095032506 491.3686546837458 575.4233360671852 329.2199454546816 305.85397818155394 491.76446391928164 474.1076951777149 351.62958887777825 214.91499922297248 512.7090279084441 578.7073391131366 333.48514180889026 161.74813867405618 515.1412081690477 432.4224339450476 391.0298162370584 131.01437713215253 514.2018770040133 443.3106700707475 382.7455763781122 257.545889059925 496.19528314114314 485.30626284393446 355.33237681291536 285.33757325407447 489.3749506060246 409.2958054292465 387.22572750093127 247.90440049386024 494.8425691917562 466.8626031247853 363.77292424811935 282.4393926986029 503.0903001548838 626.4402872074777 311.1808147705989 242.5491897520567 511.25745085272695 460.5241335942497 359.30668025641376 135.23362969288695 507.8468930611407 516.4425652571936 344.1450749069772 118.79290244538872 505.6131530316768 601.8333958959594 311.7927321328005 241.36642380776277 497.7923512951195 418.0166452424726 381.2859860301689 139.09094241404463 514.5758714042007 652.1512635304048 320.6214747333116 261.8066731293921 502.80589779625814 641.7505012407753 323.82257742845565 269.94976891722166 491.4688567319605 578.3212729964168 321.22002118759775 340.42193787467727 481.9240892568381 454.5449761676399 368.80187891458064 310.647600292427 485.8251350938281 522.7078331435956 339.3348979263185 145.31500052678814 509.1140987218852 529.4541334150725 339.72020407460803 204.86861450534104 507.1785138997637 557.9835839239377 330.37736398811296 313.7662401692615 496.56829148277376 541.8601213575367 324.6970108204461 175.821052071992 509.0911347443161 427.10469133292344 386.7769739314858 262.1931300944749 486.6489389413325 584.4065609028719 332.6346725654729 293.5224393103507 490.25466448630226 486.7423539197664 345.2100936119725 195.1238331367407 506.74302076965074 512.6932453564683 340.229729906795 212.99983587217247 502.56440081065017 548.9294454177652 319.21412603224246 299.5692449050082 502.77756068236704 586.6188479162985 316.5391938726183 319.7491843340932 480.60380649496915 532.9389449009861 328.2028749934906 175.27382339033943 514.7138805885952 500.13584450959127 342.6396944172301 252.34376002790592 498.76751159172534 411.59625644933703 390.8138784669775 337.8737968569089 474.83046349809035 621.2218310799798 313.5934035751124 224.22272752914532 513.8186635384479 595.9112671595392 327.3543938487087 314.1264683530533 490.22385789394986 633.023492365082 316.78173259933453 185.74043562586397 507.1515996608647 420.3424157881188 386.1211882544305 164.59924316561973 519.3381324820699 566.9514254360819 329.7636886898555 245.31849439364217 506.93472408857684 449.3429694538183 366.44156666508513 286.0520557663662 493.4275220614364 518.3141205457003 335.1891697070976 239.70034234677158 503.34630084273687 609.0515303650635 327.3603904070137 181.98002263577175 516.5462831120502 529.7852540870038 333.76145333760593 331.40901081266975 486.54687709323315 510.0274338121408 348.01423763618567 190.7436000123791 513.6889640479335 546.9008666441126 327.64714931704054 197.82806713558097 512.6731333185332 437.7366894775721 381.7472994513094 171.79370232415116 519.9976486959498 494.1687492749291 348.87583224907485 260.2784102032218 507.1855176626244 536.8132018007751 339.8445488816052 229.2251547195657 510.40069805388424 597.5977182094066 318.30332832391224 323.7681113836479 487.9571742559754 589.7236453308655 323.3982127831859 238.14255836782334 510.2872139783673 419.3102048612012 392.4768331888167 212.75659116719694 515.9449667710586 563.7825905387349 336.5069742841139 176.43523604408034 506.4078263280018 617.65917937021 319.0590413976895 328.8548124358622 479.43571671460825 559.2634152827995 327.18210243462187 330.50262928510824 482.6760140522985 582.5651593671121 330.6621154095876 226.3666333575959 504.8671700057407 612.2020358224047 314.0873417036398 290.89958199911393 498.70139447664883 521.714908195793 346.18258416225075 218.8784233310989 509.1125924529914 526.5968503567126 326.7623968566757 277.7501506637125 506.84600731394545 439.49777991989873 375.98325795519435 122.41226767861733 512.1392222566091 507.46511016360415 343.72513955994106 168.05035342812525 508.43720437555345 481.8952795787249 358.8389298439044 125.16193048186362 517.5556297921153 484.42848951046125 349.07142807466676 209.0556248735498 509.2807989538343 443.7068908892385 373.5223587842675 251.16211418143382 508.53298959912456 466.6308384293826 353.94660842197436 274.7394608484456 496.1411283209277 605.4992756658526 318.1066871424268 231.26471046457092 501.31035508027594 602.617310718716 323.32113768186935 127.8158599412366 506.1989494854233 452.81901300912995 362.25437425322224 111.27622641964507 512.3198977140468 501.97178818755094 348.1723591296101 157.17492105752115 510.09623457168647
770.0016359619214 5.692351111853609 0.0 5.692351111853504 7.115438889816926 8.538526667780236 5.692351111853516 5.692351111853525 4.269263333890174 10.262031905866182 4.269263333890239 12.158867304834773 5.69235111185357 5.692351111853656 8.538526667780356 0.0 5.131015952933153 5.131015952933018 7.115438889816863 7.115438889816893 4.269263333890024 7.115438889816868 5.692351111853547 2.8461755559267368 4.2692633338901835 11.384702223707103 5.692351111853516 8.538526667780365 4.269263333890101 7.115438889817144 7.1154388898169625 5.1310159529331605 4.269263333890101 5.692351111853539 5.692351111853548 5.69235111185341 4.269263333890114 4.269263333890234 8.538526667780145 3.984645778297508 4.269263333890146 7.115438889816826 5.692351111853506 5.131015952933206 4.269263333890153 5.692351111853564 4.269263333890092 4.2692633338900565 5.692351111853553 4.269263333890111 5.692351111853585 5.692351111853503 12.158867304834788 5.6923511118535055 5.6923511118534895 5.692351111853541 5.692351111853545 5.692351111853584 4.269263333890055 4.269263333890209 0.0 4.269263333890101 4.269263333890124 10.262031905866415 10.262031905866126 8.538526667780324 4.269263333890129 7.115438889817113 5.692351111853518 5.69235111185339 12.158867304834763 4.2692633338901596 11.384702223707105 4.269263333890072 7.115438889817 10.26203190586619 4.269263333890238 4.2692633338901125 5.131015952933037 5.131015952933031 7.115438889816801 5.692351111853694 5.692351111853492 5.6923511118535925 4.269263333890171 4.2692633338901365 4.269263333890208 10.262031905866326 4.269263333890082 4.269263333890167 12.158867304834818 5.692351111853403 12.158867304834803 7.115438889816834 5.131015952933198 8.53852666778037 10.262031905866028 5.692351111853453 12.158867304834857 4.2692633338901285 4.269263333890246 5.692351111853501 12.158867304834827 10.262031905866058 4.269263333890054 4.269263333890166 5.692351111853476 8.538526667780339 5.131015952933102 5.692351111853666 4.269263333890193 7.115438889817064 7.115438889816912 8.53852666778025 4.269263333890117 8.538526667780289 5.131015952933205 5.692351111853434 4.2692633338900805 12.158867304834791 12.158867304834779 4.269263333890256 10.262031905866289 12.158867304834827 12.158867304834775 8.538526667780385 7.115438889816886 4.269263333890087 4.269263333890202 5.131015952933069 5.69235111185352 4.269263333890183 4.269263333890092 10.262031905866092 5.692351111853558 0.0 8.538526667780276 12.15886730483473 2.9884843337229308 4.2692633338900565 9.546363028425752 438.0394146607404 378.1686090738025 216.90248428926745 519.9358368135048 560.3356944855765 332.1638126574849 187.89884411409457 520.5466197794763 501.3664556331612 348.4556360533155 141.90603028002198 509.951594384206 421.9605851480356 392.0961919043997 138.3282461622796 505.9993829817119 483.8336279154088 352.734336039724 288.52891748169907 498.4779184552785 467.31501079810863 354.9700117560633 248.39462034534878 497.5210134918213 587.8502085927465 326.6309825847973 294.4596044039249 495.31722864688027 481.03533534727967 347.6270513703098 199.02383560171916 519.8947889924458 585.1520545207939 330.2479243825367 139.60246179109677 514.2526573168361 446.44577561398717 383.5941694737552 120.88331781248667 513.9509797672714 453.37350494190247 371.99701093392787 246.64084149360545 503.03004075369086 496.99252158087955 348.2946621191254 277.67081356118996 487.40897636318317 418.2124420247753 385.78763408978494 240.11013413749146 496.5962703227863 480.0637400041666 358.4546362521241 270.8627366647783 503.9680455013301 641.6510733578381 313.5272328706251 225.88020326654458 516.3673985674632 474.7602246205481 358.65203583837734 129.2675042490111 509.935241310833 527.108961602794 334.06261152274254 107.97025316802686 510.5770513298906 618.684615202209 313.2421663721873 233.70358038164647 502.0314041804671 427.9271421586089 378.1704110408691 126.74589110563339 517.6381513498087 658.1927837780811 320.0807859438381 254.01330145591757 504.612467902154 651.2577685232127 322.82841287985275 258.2176027334835 496.17901145374094 590.0281523514141 318.9030229659454 331.27784068518844 488.5900065755588 464.33720210209043 363.4713555306357 305.1020572979104 486.9181438342356 533.1419406538254 335.64662095231193 135.5889480194003 510.02914631718335 541.063428010779 339.4556098850906 190.28256979833 508.7626161511094 568.4759904999172 331.9869156156912 295.89388041956164 499.032919610561 554.6159609896287 327.94759879485684 160.95490448948647 514.4781066852419 438.1970963310819 384.46302896077844 255.29306983613668 490.6740204941503 600.3888853369506 325.3435390704553 288.41436585801756 492.3937050751156 497.83329968273955 340.97667901944936 181.95287030212356 505.252010056161 519.6239545880992 331.4517526994847 208.14951013870208 503.11346563750527 559.0274804235868 324.6434042006238 283.57940468307265 505.611170396178 595.6399854325042 316.3399947874844 312.98321497525365 484.844589104773 550.1577273398779 324.88540953813595 160.39876425597072 520.1020361573862 513.4408310525741 335.2457670598843 240.38646548463714 507.238310943202 423.72991996035853 384.0094565290247 328.24196430254204 484.3067937857783 632.0709688208236 314.5177362450049 208.26736997525103 518.5400149172455 604.9091891042852 318.5792457662894 304.68086873374824 494.2753695579344 642.3811787473905 321.8312119089969 171.89714976457594 508.40742127419014 433.5959087027274 382.82174849422506 152.45208729869756 513.6212180481629 580.9294180551002 324.1547539151803 233.50797554615866 511.48603990493683 458.3909268925222 361.40063690889957 277.8501997258929 494.25281254351216 529.4733367936423 328.74327898367966 228.43127552003637 510.2024738960608 620.8800107038602 322.8648723143296 171.7144485242449 511.451926742369 540.9814987196312 327.3890975792641 323.2036835103151 495.338959778146 525.2925578383426 343.7742391334463 177.50361603845874 509.6858504311252 561.9037549049685 327.69482291971315 186.28345703596293 515.6442883294412 444.78694413215334 376.1231756582974 158.40241223744042 524.8364523554251 508.2328753818707 343.64930271505347 248.5015285139746 511.8140353518012 548.3682437558151 334.65030120081803 213.92164406980837 512.3856204957109 608.5575604217837 316.4136970950914 308.51171962917977 498.4537483060361 600.7531452682188 318.91310499524235 221.7798198716967 513.9965460373193 430.86437351936587 391.1924039605737 202.10345610948835 519.0330871337809 573.6129467198085 330.89187253300076 165.62411567606637 509.06761453838254 626.808331671993 322.8110565724489 321.8611546080968 485.11117196005665 570.8783167741211 327.1864382079536 316.7423263594929 492.61077312012003 595.4701064216829 324.25968793815593 218.65157934044908 509.04873517025544 628.0291969253759 312.3413307016462 277.01531193648304 504.4460269236748 531.7770270673149 343.8800811145937 207.3496517290458 512.156401891743 537.464313786204 324.2870460757416 262.76516782369214 507.7593683997016 440.08339480701534 369.2711218699256 111.53707029633898 512.115342592462 520.8431967318451 338.9012569076164 156.43316096562253 508.8501021743927 492.9285361041242 354.55476171279724 114.33378016110663 517.663571850728 490.2330108911711 344.3071555471249 198.01271107422045 515.9026612406971 452.2723452705763 367.315871757015 239.67472409311512 511.715949257517 477.48094744808174 353.45342755865875 264.03653941614664 499.1835395024057 624.685049808406 316.5073218766158 226.31161577354675 499.38784775358977 614.4508987028074 318.7384333580017 121.45238104623039 507.1516995378628 462.5949091467123 356.94395215488026 105.75627239924168 516.3343056544159 514.2601426486833 344.92360481956786 148.97811880780532 513.0249866906288
780.0016359619214 5.6923511118535846 5.692351111853447 5.6923511118533625 0.0 5.692351111853512 4.269263333890192 11.384702223707125 4.269263333890081 4.269263333890115 8.538526667780374 5.69235111185348 12.158867304834748 5.692351111853637 5.692351111853572 0.0 4.269263333890309 7.115438889816888 0.0 0.0 4.269263333890126 12.158867304834724 4.269263333890202 4.269263333890262 7.115438889816962 4.269263333890147 5.692351111853564 4.269263333890206 4.2692633338901445 7.11543888981688 8.538526667780385 5.692351111853515 12.158867304834867 4.269263333890131 7.11543888981678 5.131015952933099 4.26926333389011 12.158867304834752 17.077053335560628 2.988484333723026 5.692351111853571 5.692351111853644 4.2692633338901045 5.131015952933051 11.384702223707016 4.269263333890216 12.15886730483471 5.692351111853395 5.131015952933085 12.158867304834766 4.269263333890054 8.538526667780264 7.11543888981686 12.158867304834898 0.0 4.269263333890118 5.131015952933121 5.692351111853485 5.6923511118534895 5.692351111853478 5.692351111853556 7.115438889816774 4.269263333890129 7.115438889816775 12.158867304834738 8.538526667780369 12.158867304834706 12.158867304834699 10.262031905866356 0.0 12.158867304834743 12.1588673048348 12.158867304834715 4.269263333890155 8.538526667780413 7.115438889816835 12.158867304834843 4.269263333890174 5.692351111853593 4.269263333890211 4.269263333890327 5.692351111853403 0.0 4.269263333890103 5.692351111853556 5.13101595293305 4.269263333890122 4.269263333890166 5.6923511118535695 5.692351111853449 0.0 0.0 0.0 5.692351111853631 4.269263333890258 5.692351111853573 8.56812303613479 0.0 5.69235111185357 5.692351111853598 4.2692633338902 0.0 5.692351111853609 12.158867304834825 5.692351111853542 4.269263333890218 7.115438889816952 5.692351111853568 5.692351111853515 4.269263333890216 5.692351111853594 4.269263333890267 10.262031905866143 5.692351111853335 10.262031905866197 5.692351111853659 12.15886730483481 12.15886730483497 4.2692633338902874 0.0 5.692351111853601 5.692351111853615 12.158867304834763 8.53852666778029 4.269263333890112 5.692351111853511 5.692351111853585 5.131015952933099 5.692351111853609 5.692351111853609 7.115438889816911 12.158867304834699 4.269263333890238 5.131015952932981 12.158867304834777 5.69235111185347 8.538526667780312 4.269263333890231 10.262031905866202 12.158867304834976 5.692351111853608 446.3117649145373 373.3851451029356 201.08338604807867 518.2038495485291 570.8304001549685 333.855115022237 169.93553672607524 522.0168591384042 513.7881217145193 350.2712674376949 137.02914980892146 510.3965917878919 428.747158028359 383.9704188133004 126.33811510558479 507.6426217217334 498.32964904412097 348.58358431653176 277.8389490929368 501.54498456989097 483.95570264542664 349.78412789100634 234.68919364177108 501.5127274137892 598.3395839253823 323.91084802693734 283.7588081571542 498.4139315742199 489.09660131862245 342.07711874257734 178.69204747100486 516.4087222274937 594.2594524433254 327.60517119970893 129.47527059331597 514.0018088869704 458.1307825090146 378.7066936003723 111.1176689222178 509.760249266418 457.8744018751283 364.2446011783406 236.8310226689552 510.59581666137507 509.6225662371094 343.6988388679753 271.51208125661645 491.15642976549236 426.9269583343895 378.0758114841502 226.39002434813344 500.55271945451466 490.07934122402577 355.9025345276053 258.40531581579916 502.51688572360047 659.6832619193295 314.52799677323077 214.59159877600163 515.5260539820841 483.6203070572464 355.2636147250075 119.15652128048987 512.1464298818258 541.3605176894014 336.73835024176987 89.21244390048614 514.2857842978967 630.3180856352554 313.9823246030919 228.72422136823704 508.9885168831059 432.79523840677984 373.50585269346226 111.3624951788246 516.61215634086 665.1351660555183 320.1889837443827 243.793732896388 511.0921862888745 657.1631478451988 320.4054543366424 243.79961153644547 500.51905199197597 597.9583281998002 317.8788407502527 320.216722533382 486.9166591424744 471.2562574248759 359.46077577909523 287.6852582279516 490.3140453514574 548.1462084367148 333.13818149974327 121.77343986687929 516.0428663853013 555.6956272041657 333.4064465042445 183.79268796273882 504.815621478801 580.8663781887192 331.94142534733385 283.6192288998566 506.62282569335014 567.4545125483104 323.89906811752314 152.11932807730562 522.6597430088826 450.76544815561584 381.7004524168681 247.32521615248908 496.3166214570644 613.8096261798784 320.4360897647626 279.01715527037715 492.37815624650716 505.66195170653856 339.3951051950362 170.7390906234062 506.78644846701616 533.519960970469 332.95448173749634 199.75359550090118 498.6271766787319 577.7783614584986 323.79733735831576 269.62869989565314 504.8162944099958 604.2832058192879 315.17517867881946 297.2381572705921 490.1993268166582 568.9601906013083 321.38380719807213 147.12563840297628 528.5925431596418 523.5874754944656 335.47971592892924 228.33987785789364 515.6084096534399 434.97457096538915 378.7329681669216 317.8977272315079 482.3190894853502 641.9080244440048 314.6601054604125 195.2426946214973 522.0726274415983 615.3078556819537 314.5845280297879 289.0559535522248 502.0332336739076 650.3453776146459 317.6719593087324 160.72828312389777 512.4136845234055 445.6898310128516 378.9657476541072 145.78608546464784 518.4847005516609 590.8837927766034 318.7991895651151 224.62087652604498 514.8318930827287 464.7071937332414 353.76746601724017 270.20840812940014 498.57979113744665 539.6058812619417 331.5745739454161 218.38138697365878 512.7025688197474 631.8267772900683 317.663722167758 157.22250359395363 517.897509997929 559.7117185348293 328.76445876303154 312.4103429661898 492.2268723139169 536.9174428288974 343.53332514238707 165.9474406606222 512.5857857442437 575.7462975804267 329.6065017931175 173.46064753095825 512.7224213424381 457.3856967110693 373.46542413604783 141.80777508314435 530.0753702434318 519.4600581881143 342.1834447439152 238.16331502562613 515.7769440144276 562.5888819440902 337.552342397162 199.33255912628084 513.9890979103302 622.7745577089984 311.47577177106984 296.7318637689136 496.9516467941174 609.5927247940773 315.31281942278923 209.83517847338481 515.9215132830227 437.3720195545299 388.3752903376915 182.64971411019442 521.0955773382842 586.0639179430585 328.3886578626618 154.39432462006098 510.5677121389911 638.120500786555 322.52262345824823 308.3626293498219 485.7341108851757 584.0731512868442 324.44913346412227 304.70850353187404 492.56664619894815 605.5389460176533 318.9998902603093 214.85392769374397 507.93054315883296 648.8345544169019 311.17974168356756 263.0430652946755 503.58473355494726 546.0026559166472 339.07141651062295 192.50340030413744 517.6219816595499 550.2158136135799 327.5655152974872 249.38070714511696 510.4334797395669 450.3042625694612 365.03053046254854 95.20531031024926 515.2847243948239 534.3374085601012 339.2587443223551 145.1154918031149 505.31333808416196 507.7602079370389 349.0945543195879 102.31435736731255 514.2140816948256 503.9280205945239 343.14204162161076 185.9143943984693 512.7471274589374 463.0844609949304 360.4043048610254 229.53959665900555 520.6274329983293 494.862005240804 345.3596675617838 254.33767142460644 500.4400808482039 637.4839462623468 312.18566232952276 217.00703282065444 501.60514843990336 622.1183340382929 316.77176353887035 113.57568831878932 506.081737476626 472.4550177130615 351.7774884591092 94.79546260857572 522.0520370109517 528.477615971893 342.46100959730245 139.2398001306267 513.920114052852
790.0016359619214 5.6923511118535295 12.158867304834706 8.538526667780218 5.692351111853535 12.158867304834688 5.6923511118535455 8.538526667780205 4.269263333890133 5.692351111853554 5.692351111853476 5.692351111853488 4.269263333890187 10.26203190586617 5.692351111853624 0.0 7.115438889816882 10.262031905866236 4.269263333890163 5.692351111853499 12.158867304834764 10.262031905866221 7.11543888981696 12.158867304834613 7.115438889816921 5.131015952933028 8.538526667780404 5.6923511118534345 12.158867304834791 7.1154388898169065 5.692351111853464 5.692351111853489 5.131015952933153 5.692351111853502 3.9846457782974887 5.13101595293328 5.692351111853516 7.115438889817007 0.0 2.988484333723026 5.692351111853491 4.269263333890037 5.131015952933004 4.269263333890127 8.538526667780232 0.0 4.269263333890218 5.692351111853582 7.115438889816897 10.262031905866122 4.269263333890152 5.692351111853412 10.262031905866156 8.538526667780234 5.692351111853564 5.692351111853579 8.538526667780319 4.269263333890201 4.269263333890078 7.115438889816811 5.692351111853557 7.1154388898169545 5.692351111853537 5.692351111853438 0.0 0.0 5.6923511118535 0.0 8.538526667780207 7.11543888981698 7.115438889816855 17.07705333556063 4.269263333890162 7.1154388898169225 7.115438889816889 7.115438889816951 5.692351111853596 7.115438889817125 4.269263333890227 5.692351111853484 12.158867304834796 5.6923511118533705 5.692351111853552 12.158867304834812 12.158867304834715 8.538526667780358 4.2692633338902075 5.131015952933116 5.692351111853563 9.546363028425679 8.538526667780284 5.692351111853678 5.692351111853529 8.538526667780351 5.692351111853492 0.0 0.0 10.26203190586617 0.0 0.0 9.000397377424463 7.115438889816857 5.692351111853602 8.538526667780305 5.1310159529332395 8.53852666778031 7.11543888981697 2.8461755559267305 4.269263333890201 12.158867304834839 4.269263333890169 5.692351111853355 12.158867304834715 12.158867304834578 5.692351111853568 0.0 5.692351111853524 0.0 4.269263333890109 12.15886730483484 4.269263333890267 4.269263333890179 5.692351111853489 5.692351111853575 5.692351111853522 0.0 7.115438889817082 5.692351111853676 5.692351111853569 8.538526667780243 8.538526667780244 5.692351111853593 5.692351111853533 7.115438889816924 5.692351111853578 10.26203190586624 7.115438889816953 4.269263333890152 7.115438889816979 5.131015952933152 5.69235111185357 460.0860474792965 365.28670451737634 186.21869323225505 523.6031085474657 580.8996350890301 334.60496826678724 155.98194756042875 518.1410497637721 525.3272647785623 342.5432147630638 123.9130287795976 511.111831269807 439.23198696497485 378.2599498001795 118.45068382030249 504.0478283637705 510.4145321004962 351.8460829821346 260.9599060227423 501.8120509822263 495.8301920693357 345.41860359486367 229.5988286814285 505.9639067014121 615.0018200790893 322.0066842311014 275.97382942117866 500.22309639644465 499.5833752089752 340.8125622911075 160.42061170884458 521.6650175752169 610.7333040264463 328.107217706362 116.71110443206648 510.8060547461285 466.79995520830937 366.3394607147147 99.11512264054319 513.7536367323162 466.37488134151994 353.3206976215483 223.92351661323218 516.6998699890138 523.7971292452166 336.3139174291805 261.6438371802518 496.28765932003597 439.79283115766816 373.98599538745395 214.4543471074979 502.4735784042003 501.1367471743913 349.36556224716907 241.73515051898087 507.62942225608026 675.9415349751583 321.84424789387344 202.63771515968537 517.3875920423335 493.1792772671609 349.2353446281649 108.65837642701047 513.1744543806072 560.5580212882411 331.8553865032842 76.97010835055863 521.6346272029784 648.5289034641993 316.146302239516 219.83488062200513 512.2967628960193 440.3833142577852 369.08480356089973 105.36160540424633 518.6212819084458 677.8809523726749 324.1313051840184 232.5899578436186 512.7776062368745 668.0893675031065 323.52113329436173 234.34212373193125 509.0256377944916 607.8879540112525 322.2964049108039 309.29855322068767 481.227265910026 479.3033867062017 353.89367743053776 282.3910688586129 489.88758837087283 556.5000443409302 328.00396578000806 111.27295701299406 517.0672860398142 569.6642309379803 327.8706267080014 177.32184439834816 500.8471743495889 594.8926618815627 329.237377050604 271.12473094772844 505.207279755213 574.7003754531506 320.5171080139569 140.89406739386877 524.0572240199317 458.210694207354 374.86844425427455 238.658248034432 504.6871176147265 623.594913787535 320.49465794630714 270.5155218651003 494.4818186247296 516.8993089091208 338.00714916270687 161.0002641309967 507.72567021362386 542.9052968967997 331.1270439713693 194.6247368208623 503.0202522134397 590.5865651006867 322.6264619167369 257.7233176008537 506.9048706637084 613.2838873436332 315.32847027352676 283.61599993628255 494.44842898433575 582.9154284755729 318.51059415883674 134.7313588941247 526.6186941087426 535.9588286265752 332.59979249409963 218.27667519604606 518.0025985407403 447.38155710596646 373.6056811113491 301.492625206264 484.03968829975526 656.3716802325915 319.1688531287471 182.6015533172232 526.6490741137517 631.3015160854183 316.93575553132314 278.3986351693425 505.20536118944324 664.5975974196493 321.20770910828327 152.4500198801049 510.307268927584 453.5703492272398 373.2210978475895 135.261775054217 517.0974389833106 600.9830184304705 319.7640240220611 212.34869834967898 518.1147045406057 470.58688173205184 346.9394851186867 252.6954416112805 501.55735067718575 549.3838849734375 328.4120370902712 210.00673091027372 508.2775934390705 645.1744311982392 319.6692622994143 141.8663574793391 519.4911653440429 577.0277525701215 326.0172036401501 302.89371046629986 496.17175363076603 545.5784058760257 339.44907151161715 148.40721731328247 517.5026842104943 584.4071893944983 328.32607316440857 168.19619559020586 512.0776318087939 470.95351237691 360.5012382583316 125.65564617856144 526.8620127941097 528.4192519445013 339.14955460887415 231.92248838544063 519.3970276765211 569.8602181780024 331.62895731103015 188.1224022940775 515.5412833406261 634.3002452327813 312.4807486954169 284.56326557278555 500.586150305096 625.1978826180201 316.3454105989861 194.9003242287321 518.8603540240783 444.3025462024556 380.3378457683205 169.8221495552651 518.1319622324061 603.1315089884063 324.9094936646375 144.26513772120506 510.34561760583097 649.4496826067898 322.70860852661735 299.0299943347209 492.15630747516053 595.7042127341933 324.92960380042376 292.09338183410256 495.1585494124484 620.6746062203855 317.65123628214997 201.33790566047068 507.84050390032814 664.2947890848442 316.88817733285254 249.6462189577343 506.19836158729 555.4198763190968 337.2802690615548 179.80299893917456 519.6932106612137 563.0626479718494 323.58918444422295 241.5684232069093 512.1302973332007 463.8583187920446 358.39042332979636 89.18612256327656 522.2649399654787 547.4867346213217 333.7152541670255 134.26528957628648 507.81135979374574 520.1320141025011 348.52080073832894 91.79750291389921 517.6897399957138 514.3574041648176 346.52883921218375 177.26734468091186 512.0767927548987 475.50503838387766 353.09046306878474 214.5608228722599 521.1484748656213 509.072563377437 342.7982522889978 246.52024148700215 502.1565271362137 651.0823774215571 311.89621327728315 207.27971583661844 502.6670070881936 639.0675662667912 312.9187625324377 104.95026362011797 507.7149436189378 484.38592621119216 349.8513530195387 80.90603364621236 525.3776529028959 537.864781546336 340.59006023280693 130.63019760311056 515.617604363428
800.0016359619214 0.0 4.269263333890287 12.1588673048346 7.115438889816988 4.26926333389013 9.00039737742464 0.0 5.692351111853557 5.131015952933149 0.0 4.269263333890201 5.692351111853515 5.6923511118536725 10.262031905866177 7.115438889817112 4.2692633338902946 12.158867304834885 9.546363028425766 12.158867304834708 4.269263333890208 0.0 5.692351111853618 4.269263333890168 5.13101595293319 4.269263333890226 4.269263333890206 5.692351111853762 4.269263333890096 0.0 4.269263333890002 5.692351111853596 5.692351111853529 5.692351111853457 12.15886730483478 5.692351111853578 4.269263333890254 8.538526667780424 0.0 4.269263333890247 12.158867304834812 4.269263333890214 5.692351111853532 4.269263333890045 8.53852666778033 0.0 4.2692633338900965 5.692351111853588 5.69235111185355 0.0 5.692351111853518 8.53852666778028 12.15886730483473 8.538526667780404 8.53852666778035 12.15886730483475 5.6923511118535695 4.269263333890174 8.538526667780278 5.69235111185352 4.269263333890139 0.0 4.269263333890105 5.131015952933066 7.11543888981688 4.26926333389017 4.269263333890208 0.0 7.115438889816943 4.269263333890214 5.69235111185354 4.269263333890173 5.692351111853667 5.1310159529330726 12.158867304834656 5.692351111853575 10.26203190586605 12.158867304834594 4.269263333890106 5.692351111853456 5.692351111853491 0.0 4.2692633338902235 7.115438889816927 9.546363028425672 7.115438889816895 4.269263333889975 5.692351111853513 5.692351111853589 10.262031905866241 7.115438889816832 8.53852666778035 5.131015952933218 4.269263333890176 5.692351111853518 5.692351111853505 0.0 5.692351111853636 5.692351111853533 4.2692633338901 5.6923511118535375 10.262031905866104 5.131015952933168 4.269263333890142 5.692351111853468 12.158867304834798 4.2692633338903105 12.158867304834613 5.692351111853592 4.2692633338901755 5.692351111853515 4.269263333890169 5.6923511118534895 10.262031905866388 10.262031905866174 8.538526667780369 8.5385266677805 5.1310159529331685 4.269263333890111 7.115438889816944 10.262031905866058 5.69235111185351 12.158867304834903 5.131015952933125 4.269263333890121 8.53852666778038 4.269263333889972 10.262031905866268 5.692351111853648 8.538526667780339 10.262031905866115 4.269263333890092 4.2692633338900725 7.115438889816745 4.269263333890231 7.11543888981697 10.262031905866191 5.692351111853616 7.115438889816961 8.538526667780319 4.269263333890229 468.5286759692552 360.7938825492463 175.04191725147714 527.5903794653801 589.723693317034 330.99279681875595 142.90489341744498 523.9192549369224 537.3215743052109 341.1153510334427 111.90189276591262 515.1090197947356 454.44432324408234 375.93155132764787 110.55944411208168 510.40465708121144 519.03562746908 350.1705053807816 250.9314395168556 504.36259451382 504.022987220409 340.03543816623596 223.66055204627534 508.1588083027479 628.125689519518 322.67394896718775 262.4764754726682 500.3672376720508 513.4269604317191 337.2959646325225 152.12181815966727 519.526844591292 624.5730005912543 328.5558959768978 105.07716105618165 513.3746218766761 477.8271097386174 359.6671604831663 86.26331554514923 520.2785545005366 473.36307187529553 349.4569185943269 210.48948986188557 519.1128327121733 530.5802650929738 334.0930124073099 252.36186624852638 498.56252950102305 451.56974188965165 370.5102889702836 209.07127834584827 510.7641328841362 513.4681992279393 346.3566431602521 236.41250687148585 515.9475489098415 683.0994520569369 328.12063982313674 188.03677039522566 518.8745091441347 502.17151423648124 348.6069131672124 97.3827340568198 514.3410631519938 576.0877034255577 326.301230162024 63.42737687806801 520.854631063283 659.242929392737 317.9928288610923 215.3776250457448 513.9346538573245 454.95807903352693 360.7194970195254 95.57553418682836 521.7895757359669 694.1642468179409 325.73105842009033 221.55603317725885 519.3884842841002 675.775795341211 327.2756848444355 224.712007664942 512.5975996425642 621.2502630712471 320.3840578580613 295.8526029447042 494.38157037293433 496.18841527845257 354.1229906157774 273.9925007105201 494.457179290087 568.9622052025451 325.57877507503565 102.6205855332482 518.6381730096127 583.5302108319859 327.64107874024336 167.9829006044287 502.8996344153628 601.6443448484223 329.9698112867919 258.4651115904623 507.5320607101169 587.9982171294079 324.23375913573926 131.9179640798455 524.6153993275478 471.9331069197995 370.87242196303737 231.7495351872929 511.0558049627384 638.8180614230403 319.73751655791136 260.39211114139584 494.57089390057735 531.5596956001934 341.89663663717766 154.2374027454399 507.5699839280752 553.5851896371674 322.85682062932483 186.50008305487924 508.4655605559612 606.2345938569468 319.8565719832895 247.36716636328697 510.8152241416912 626.3834831136547 316.0296266846303 271.23931637308567 501.86435648687444 597.9569022882757 319.47022238826486 120.85221592184281 525.0474124853865 544.6283553105778 328.602780340014 200.31379451414912 519.5260597915457 459.00766591179445 366.4690786812431 289.7679101279895 488.77542205682477 670.3227524410988 321.8872480851658 165.81059928546935 531.3556179599365 648.0640578157456 316.122010043786 265.9828815968413 512.5637597205665 679.8673421792092 321.97872367898253 143.48519239977705 513.3969816516848 464.63572274546976 368.93982106264434 122.90547066653926 520.0278482007527 613.273418378974 316.7735832194148 195.40018894135093 515.4631926645088 485.57811207091515 346.524947980129 245.28278514829393 504.35609984849424 563.4806635997245 320.45747705761664 202.71796205500388 515.9842976240669 655.1349333421529 321.6078966444378 132.6066115246733 521.7129026543839 594.0088074119504 325.0865885191518 292.02529271266394 496.7023311019494 554.0373250630632 331.8658845789351 133.40378389176135 517.6448977973614 598.2800125169699 328.292160832098 160.97614598245227 505.81155168705277 482.01513297451 353.9003426391202 116.27812135950397 523.7432832042542 542.3506473272763 333.4168480745391 217.75325251201693 522.1048275609654 578.868002879342 331.56289236136206 172.42938400657326 518.6191657782533 644.9869803652085 309.27957332263725 271.31535163457846 505.7805123365972 638.3682275677216 313.62656059636873 179.55218789619363 520.5818292022377 461.77107135020725 377.20792316337446 161.8904043266142 514.6307219062663 618.8558723760334 326.03279610555074 133.40590457938168 512.8044749358128 660.8927202297996 324.44517663610424 284.18518064984676 495.53267219998935 611.3445441861879 322.2343775201389 279.29354440517534 501.4944001713062 632.9907878057811 318.6728755105076 196.31296168526364 511.76260064899094 675.085384608005 320.16566105541176 240.110826290492 512.309701522704 566.489402598891 330.26074733681855 168.98057704787533 522.2835464920313 575.5378744172704 321.2538041843056 229.89061742464636 521.5403801101659 470.41753702735895 353.3793384532278 74.75363795408549 529.1429239869907 561.8959198064196 329.3410893147912 125.6421432675735 506.98341556473656 535.1455791814395 343.5182318077506 82.63362293855705 525.4700211125439 524.4808476179866 346.8843790571992 169.41694049936623 513.5967549624434 476.93720212484976 350.0380508201604 207.5428110970166 524.97126559796 519.1934942446883 343.1176744508178 234.99323430780626 505.2120927477955 665.8838493281802 314.3704068889692 200.25438105235474 506.49739232446063 655.0691529965948 312.44615162951806 89.56517748918894 511.45853351415315 491.5173646092237 351.07276512954303 70.43209174286946 523.4975814205573 544.7087616476448 335.9349140383368 117.14107469995447 515.1575626068781
810.0016359619214 4.269263333890224 5.692351111853532 5.6923511118536005 7.115438889817031 5.692351111853508 5.13101595293328 7.11543888981691 0.0 5.692351111853639 4.269263333890202 7.115438889816892 12.158867304834747 7.115438889816879 10.262031905866138 5.692351111853445 8.53852666778043 8.538526667780257 4.269263333890359 5.692351111853527 8.538526667780385 8.53852666778029 7.115438889816844 5.692351111853647 10.262031905866186 10.262031905866143 4.269263333890025 4.269263333890106 5.1310159529330335 0.0 12.158867304834681 12.158867304834768 8.538526667780465 10.262031905866271 3.9846457782974674 2.8461755559266635 8.538526667780218 4.269263333890084 7.11543888981691 2.988484333723175 5.692351111853504 5.692351111853709 5.692351111853602 4.269263333890192 4.269263333890043 7.115438889816946 4.269263333890193 2.84617555592661 10.26203190586601 5.692351111853445 7.11543888981698 10.26203190586629 5.69235111185356 7.115438889817072 8.538526667780431 7.115438889816937 4.269263333890074 5.692351111853382 5.692351111853546 4.269263333890138 5.692351111853512 7.1154388898167324 5.692351111853598 5.692351111853694 7.115438889816904 8.538526667780273 4.269263333890198 10.26203190586607 8.538526667780516 5.69235111185358 7.115438889816952 4.26926333389009 5.69235111185354 10.262031905866127 12.15886730483484 4.269263333890279 8.538526667780474 7.115438889817108 5.692351111853604 5.131015952933206 4.269263333890088 0.0 12.158867304834736 5.692351111853462 7.115438889817008 12.158867304834873 4.269263333890239 5.692351111853564 2.8461755559267266 5.131015952933026 7.115438889816921 4.2692633338900565 5.692351111853492 5.131015952933114 5.131015952933024 4.269263333890192 5.131015952933067 5.692351111853702 5.131015952933195 5.692351111853374 5.692351111853588 12.15886730483478 5.692351111853543 8.538526667780413 0.0 7.115438889816837 8.538526667780236 4.2692633338900885 12.158867304834772 5.692351111853532 4.269263333890095 5.692351111853649 4.269263333890198 5.131015952933159 4.26926333389014 0.0 5.692351111853545 4.269263333890128 5.692351111853468 7.1154388898170335 4.269263333889997 5.1310159529331205 7.115438889817006 4.269263333890201 5.692351111853557 10.262031905866277 7.115438889816979 4.269263333890169 5.692351111853451 12.15886730483486 8.538526667780285 5.692351111853521 4.269263333890097 8.538526667780314 5.692351111853548 5.692351111853628 5.692351111853557 12.158867304834757 10.262031905866117 5.6923511118535375 4.269263333890347 477.72617664472 353.66200729846247 165.69410215891685 529.5996389689958 599.8121054441376 332.14070986562473 129.02655964629062 522.3086059314273 549.8818368801639 333.56208192942273 101.25510727523393 525.742174212438 467.8475074928844 373.38619845781113 101.87519724674183 514.3870804382667 526.9505910487638 343.8926120083731 241.9563463597631 505.1786189064383 513.0195477071256 342.03386583745 207.99595718521152 511.354645889075 641.0669973590559 319.1340304389049 256.3633842107347 497.60606041861763 528.0727560019062 336.2801807659083 143.87797958983057 519.8113029396184 632.988865176308 322.10321604591803 97.74969544674411 521.8573496161628 489.731838467635 355.43309948737516 71.610378305526 520.8017617193706 483.42560565296867 347.1180653431065 196.36328111677716 524.2111521303772 539.6451229134376 331.28870454187677 238.44127652483422 497.4378288424269 462.1354936477927 371.5803520574746 202.37508746038193 513.1888243014025 522.0879922965023 342.2912868185308 219.8600089259066 514.4496379797927 689.5121161158779 328.5899019853321 173.91257113375977 526.3678150213018 509.3013612472237 345.0026193213355 91.23700555615507 518.690383430562 592.5994831117036 326.8640366867506 49.02434071438012 522.7678097349402 674.4149518162507 318.3142083835582 204.9786409671097 517.7049116240818 462.7587949962005 359.05934935303276 76.69616762419709 524.9258748909969 703.9313682125658 324.88736056797006 208.59055816166617 525.3702963883233 682.1998484666216 327.7020608569335 212.83293475055086 516.9360026882358 633.4412198751204 316.8226995248731 281.2977361182538 496.2648926011383 502.94815929865547 354.322756706772 265.34603755416487 493.9624633961677 584.3599374273653 324.89192423671517 88.16431465454393 525.5138442302808 601.7544710278356 325.4806292284204 160.12805142380992 504.38724674003106 616.8404447163954 332.58851632744495 248.0060228426332 508.923886108493 598.7216805155135 321.5640874674307 117.34377614182992 525.6996334134292 479.22052947719743 363.1623114006765 215.67716136894643 513.1647337585197 648.5891613509847 320.5206178305942 247.08536893993323 499.59855728918257 543.9163003266223 341.77541397205465 140.37407017286407 511.0306237179557 570.9636451643165 320.39670264558623 179.04270528677054 511.0998046732865 621.1860179021437 317.81091570867335 239.13155164025375 511.34456939472494 634.8956542613188 314.45900872706267 260.5600402939929 503.95793096088806 610.3264388871273 316.5988944667058 108.86742112039612 523.9417682559953 558.2870232634527 324.6065134834285 185.318897302474 519.8507644987949 465.98597252622886 362.587237252174 278.5971288362676 490.59998837541656 681.4651126882858 321.6940999599616 154.23167721859684 536.6008123714917 659.208819230253 315.6025786866777 254.38331631079888 513.1566621267418 697.5649170734106 323.59353673631523 134.85295893001103 515.0464305719778 476.36328107178076 359.5768211114292 116.9033601756245 519.4897427837703 626.9727044945654 312.7159103093743 178.26519075682572 521.546654978485 499.7980382285794 344.1192136753884 233.00275295933486 507.6506563970486 576.3838524426317 325.5018730400848 193.76981445039178 512.9030794078361 668.2872314740262 318.5350881168646 121.74167688085278 524.0592026262002 606.8468897931589 320.79356097399756 276.98935438628104 503.8390278117412 564.4172899737589 325.18586412271645 124.0281504564772 519.4950030385932 610.390988772767 327.87933189565956 153.920326576245 512.0034511919259 496.59659603622293 352.56650250113387 105.28193541446284 528.48323593154 551.8629392674801 329.34735070277634 202.4367020933758 523.8894049642408 589.125976043185 330.1083623784873 159.37930757312708 524.4208067112423 660.0006538801899 312.99126055016677 260.665395324801 511.1194728962718 651.1588184301359 313.9401871002927 168.75474618621487 525.6352668695081 471.507612354233 367.21880564015567 148.77882705698372 515.3720831644756 627.4204811388095 320.6340595918601 125.51999410840904 514.1694467547125 673.4457919536692 322.76479586336677 274.47911061725466 496.742508192201 621.1813233148907 322.5938399168683 266.6393967542884 503.8201137822749 646.1657251012244 316.36190721139803 186.2818552753958 516.6029789152294 688.337059031626 324.5697974358385 227.43116037301036 514.4641302899232 578.415939493423 331.89614671465915 158.58172782020839 530.9184291006834 585.3409645046344 321.1206338340042 217.0533710473087 518.6698866859754 476.31446077590857 348.74105438799495 59.44039652289984 527.3200341741658 566.7988715675737 329.2037970702097 115.5005804274999 511.55337930845104 552.8024779016437 341.8146009489241 68.29709250416148 527.1004340856733 536.4857209267454 345.5407712672191 161.949788437843 516.1972701116516 492.9387377206182 348.0944801401355 193.7456683692522 528.6749457611938 534.2424242016482 338.2810275529289 225.42356218381295 511.2676445656217 679.0138824657819 317.43995913485475 194.63710667949624 507.25442933583525 667.7790404016861 311.8323688514925 79.76086391479294 520.0254300149127 505.7690459204991 351.2211147330576 63.379247739276806 521.7892127960206 559.0337561518772 334.1638565438381 108.11700285664281 518.0552253626774
820.0016359619214 5.692351111853436 0.0 8.538526667780296 5.692351111853524 4.269263333890113 7.1154388898168595 12.1588673048348 4.2692633338901045 5.131015952933148 5.692351111853509 7.115438889817078 5.692351111853545 0.0 4.269263333890088 5.692351111853674 4.269263333890265 7.115438889816767 5.692351111853588 12.15886730483484 5.692351111853545 17.07705333556064 10.262031905866273 5.692351111853482 5.692351111853533 11.384702223707059 5.69235111185362 4.269263333890205 4.269263333890313 5.692351111853741 7.869038888609051 0.0 0.0 0.0 12.158867304834763 12.158867304834851 10.262031905866294 5.692351111853616 12.15886730483483 12.15886730483456 7.115438889816962 7.115438889816812 4.269263333890025 12.15886730483495 5.6923511118535846 8.538526667780422 5.692351111853647 5.6923511118536405 12.158867304834688 12.158867304834978 4.269263333890213 5.692351111853445 4.269263333890105 10.262031905866207 8.538526667780236 8.538526667780337 5.692351111853462 5.692351111853373 5.692351111853533 7.115438889816992 4.2692633338902946 7.115438889817015 5.692351111853484 5.692351111853517 4.26926333389016 4.269263333890201 4.269263333890131 12.158867304834608 7.115438889816899 12.158867304834938 5.692351111853619 5.692351111853459 4.269263333890114 5.692351111853485 7.115438889816918 4.2692633338901524 4.269263333890243 7.115438889817087 5.692351111853514 7.115438889817046 5.13101595293312 4.269263333890137 5.6923511118535615 4.269263333890204 9.546363028425676 5.131015952932984 4.269263333889978 4.269263333890205 8.538526667780479 10.262031905866241 4.269263333890198 7.115438889816737 5.131015952932979 12.158867304834796 5.692351111853547 17.07705333556063 9.546363028425779 5.692351111853735 5.692351111853548 5.6923511118533785 5.69235111185352 0.0 0.0 12.158867304834608 4.269263333890207 8.538526667780308 5.692351111853499 10.262031905866348 5.692351111853487 5.692351111853597 4.269263333890166 5.131015952933152 8.53852666778026 4.269263333890058 5.692351111853601 0.0 7.115438889816971 7.115438889816872 7.1154388898169865 12.158867304834637 4.269263333890288 5.692351111853565 7.115438889816893 4.269263333890067 5.6923511118534735 5.692351111853644 10.262031905866314 8.53852666778046 4.269263333890245 8.538526667780417 5.692351111853605 7.115438889816864 5.6923511118535615 7.115438889817094 5.692351111853588 7.11543888981675 7.115438889816929 5.692351111853705 0.0 4.269263333890235 4.269263333890201 493.03956742659665 347.12822395988803 155.19701790553154 528.1753094231831 606.5537609024452 329.4616775154601 120.34246090685994 526.3251166469468 557.6212685384899 328.89914290574336 86.7550978912923 521.3720465298933 476.65330227012396 365.1869080531888 91.04306899569202 513.9379457634908 532.1799944995431 344.77483287583607 223.39826777107638 511.99185852668273 525.7939029769566 338.0125997253915 198.2600974239623 512.3223361335748 654.3772231813213 317.1375638749874 253.16188698500778 502.60417740499764 540.151482142866 335.11807624883767 135.62928986906496 520.0291469070166 650.6927379700483 322.8824294781902 78.62675638975948 521.2628216943274 500.9615446144372 349.17024247069236 60.29845608476632 521.4837206379863 502.57411834984435 344.43413914935826 185.74651591358017 517.8971996713803 547.9126837928848 331.3732713962171 228.2124320340307 506.2489609451351 474.2100881344363 360.91956509076834 188.86626470127518 512.9628098427629 532.987753947815 340.19204688622284 211.9616378309292 513.514836384509 702.1341141300974 327.3438727839048 165.3473411037281 525.7482200771418 517.3109592401142 336.2191323140632 75.92733665527362 516.9508473736219 605.1950491399183 325.25898785112344 37.23040947709778 524.5880329239803 685.8011288449485 320.6166991310257 194.10580941262631 517.7992863805133 470.15240229794455 353.89178682485453 61.14394725011388 528.0511977190293 717.0928002032892 322.9172314244234 199.25417174406016 527.4402020509795 693.4882091371994 328.8894305016514 202.06790971230524 522.0604689602258 647.7464013802038 319.76108575363554 272.5516256488053 502.1453050008627 515.2932734041067 351.53043799944857 256.88661710936407 498.4085740839651 596.4392770615632 324.4354438989443 71.95230007406528 526.4427553657126 613.3394585566023 326.6865075183245 155.28529769391375 509.80050778115276 627.0259223656334 327.0453288098863 236.78998072628082 510.5353280181365 608.4606233701257 321.86821683895283 102.68255822920672 529.0197162631177 492.226043919433 352.37057378747784 202.960598971713 515.2167260255742 659.5645489250684 318.9558979783004 243.05237028996956 502.35982443883705 550.8692153297611 337.2954903318348 129.1292148594737 512.2241538064907 585.7640805643343 323.9863500621184 171.53806230371546 511.1902670792527 631.7721760524222 323.1632270304056 229.47843696284255 514.8817370118845 650.3387768374788 310.84215130103485 255.04570827624374 507.288863446441 629.2378928128029 314.2074215635504 94.98635537542631 524.4494001962361 572.1621051513621 318.4373780871871 172.59884177219953 521.7734283485249 474.88063178255 356.893353988284 272.06384576946976 495.6377669898551 691.1842194834668 323.0519957738149 136.60031553482855 528.741066372817 669.9651710780329 318.9718895981424 248.67997295299267 511.4790280359861 710.182409456968 322.4732667981626 125.41043406578483 521.8261088468447 487.49418285613984 350.681361864397 102.15642871333279 525.3084217068565 633.6312565267834 318.80007990843393 166.2697940359792 523.1811995638329 512.5336823691786 342.4507987632952 217.13026657371333 517.2072933332486 585.4780831548757 327.53140559864204 182.93176737204277 515.4755390955553 679.2719824729836 317.243138442121 110.48869379783399 525.1207596666263 623.1951829521738 317.55987796316975 266.21881794155826 506.6589869863139 577.0901491085285 324.99686490887825 109.74638043330282 521.5099053823009 620.8102502818323 323.4193894336673 144.9293242190143 515.0122922732016 510.4304295821337 344.2748211723215 94.43341383103642 528.028473962597 564.1751482292832 323.4503823889132 191.55912668630566 523.9759195566598 597.8726256670095 329.2655999801461 146.62298436532723 526.2260344768214 673.4447629387396 312.44009810115836 250.29123841726164 514.9911400619352 666.2038937330366 307.1325516997239 158.59533378482993 522.8520453972886 481.0517552872962 356.2660247054167 136.03031702304767 514.607984718139 641.0561360010098 321.2787654399085 117.24847954652084 516.7991447418722 683.2745008485248 325.240058821918 265.1926803850024 498.996471911977 638.5229451661316 325.52597138188605 259.42037937372294 511.6007901767029 658.3569588915221 312.23527774371786 172.0195025872587 516.558899773706 699.4612784997184 324.64324201773803 220.40806694600846 518.2726108674705 591.44205310198 328.66599727660565 142.10319559712883 531.4598936410168 599.719986272719 320.16699778223403 208.13433485371044 521.8812020058845 484.1774278264462 347.26947565722037 44.48610401890317 526.4296533784542 578.1383113847983 328.6924658300699 104.24926068189666 512.5900094245628 560.7076343757556 334.9860825866927 55.12297594018232 527.00993812669 542.283652734967 340.0987225925942 152.5963224633467 518.1303219776241 500.09591057375195 339.4634569313857 180.15441389586428 523.3923013697065 554.3210160080754 333.60286490874466 215.56022613331817 507.2722060160392 696.7660273926781 320.3048364880416 183.7656534792603 507.32618016245175 684.0344241623432 314.67630836196435 67.27556414529467 522.3300013783711 520.4811463210767 346.60230758289737 53.30078597130018 520.8803025325807 566.9567144897578 333.21672394917715 99.04784621230338 520.8253702658037
830.0016359619214 4.269263333890137 4.269263333890336 12.158867304834953 7.11543888981689 5.692351111853568 5.692351111853572 7.115438889816891 4.269263333890254 5.692351111853689 4.26926333389017 10.262031905866055 4.269263333890131 4.269263333890202 4.269263333890112 12.158867304834729 10.262031905866058 7.115438889817036 8.538526667780205 4.2692633338901205 7.115438889816914 4.269263333890154 5.692351111853608 4.269263333890109 8.538526667780333 5.69235111185354 4.269263333890339 5.692351111853393 4.269263333890026 7.115438889816856 4.269263333890253 12.158867304834704 8.538526667780255 5.6923511118536005 4.269263333890005 5.6923511118536805 5.692351111853465 10.262031905866284 7.115438889816983 2.988484333723175 7.1154388898168754 12.15886730483462 4.269263333889953 12.158867304834908 11.384702223707158 0.0 12.158867304834727 5.692351111853581 5.131015952932931 7.115438889816906 4.2692633338902235 5.692351111853694 4.269263333890168 5.692351111853671 0.0 5.692351111853539 4.269263333890324 5.692351111853659 5.692351111853532 7.1154388898170655 5.692351111853602 12.15886730483491 12.158867304834741 4.269263333890155 5.692351111853537 10.26203190586617 4.269263333890203 7.115438889816902 7.11543888981688 12.158867304834885 12.158867304834825 4.269263333890124 5.69235111185362 5.131015952932935 7.1154388898169865 4.269263333890076 8.538526667780276 0.0 5.692351111853508 5.131015952933196 5.6923511118535615 5.692351111853678 5.6923511118535215 8.538526667780284 5.131015952933149 0.0 12.158867304834903 4.269263333890086 5.692351111853561 10.262031905866209 5.69235111185355 12.158867304834931 5.692351111853565 17.077053335560546 4.269263333890272 10.262031905866317 6.673214489348191 4.269263333890111 7.11543888981688 4.2692633338901205 5.6923511118535925 7.115438889816794 7.115438889816955 8.53852666778028 12.158867304834745 0.0 4.269263333890189 0.0 4.269263333890208 4.26926333389007 5.692351111853512 4.269263333890145 5.692351111853604 8.538526667780287 8.5385266677802 5.692351111853724 8.538526667780276 4.269263333890104 5.692351111853552 8.538526667780339 5.692351111853508 10.26203190586617 5.13101595293316 4.269263333890222 4.269263333890344 10.262031905866078 7.115438889817048 7.115438889816928 12.158867304834788 7.115438889816818 7.11543888981695 4.269263333890095 5.692351111853497 7.115438889816785 5.692351111853478 10.262031905866186 10.26203190586636 4.2692633338901995 5.69235111185351 5.6923511118536245 12.158867304834779 506.59333616591135 340.2335898893123 142.09052194902424 523.7354741724334 620.7450788247447 328.03083260477024 105.29555782889774 528.4375317098584 574.4685832831897 324.59557335037374 77.09662060052148 519.1538538391216 486.3589446979961 359.325992358029 86.81964470089865 516.3840795333567 537.6164388376692 340.84197432856337 218.58515708002906 514.9799542577748 541.314621276994 334.76714362104656 186.99230548833282 511.2525515125997 661.4183738941459 316.2420582506004 242.3773711138932 505.3187700480046 551.124789780642 333.29484619181477 128.14142971744297 519.9178929903005 663.0985104904809 320.0620900613441 67.6324161543723 523.081477533637 512.5565619215255 349.20508518313227 39.82756357978633 524.4983495202297 517.6380999768676 339.6746572579516 173.80761403502177 524.5179276241129 555.8136704955283 330.46180098112325 217.79322751442456 510.00266037616495 485.0573676001253 355.9366930024847 176.5396429367757 515.9859852266911 548.834181706545 338.14495528899647 200.43342621334273 518.8579035155764 715.6295614296522 327.32357675301853 151.11000044533594 528.0215239657595 536.2511962122281 330.60123518101017 62.9613910487596 520.5269151714227 617.6384773866015 322.93747975712705 23.75189029828687 521.0865036269504 697.2708617725368 324.25333411419257 182.76783514733876 520.4942808736961 482.45023285540515 345.88480572440494 49.5211047742283 521.3457536430731 729.7203934114576 320.279022398305 184.64926261855828 528.7814192592346 709.229020009799 327.4187812007278 190.8414398957223 523.4899800444235 657.7811885203749 317.2301344142547 262.27386825741047 508.5152039007319 525.0627956175808 346.14987328832126 247.98667050074175 501.6949749589502 605.3140826592345 321.4355948565538 60.64070846802419 527.0696646586584 627.9859752065788 327.7287913913449 145.91646829004435 509.16114391762665 632.525923988383 321.36042340355783 227.87221529100023 513.7663072166445 625.7670654913998 319.99522855108097 92.83952651620709 531.9309475334146 505.0258777098644 345.69551792836495 197.332129086013 515.9459252046398 670.8258004017189 319.9978853489067 233.05213411161316 507.26204333172507 562.4725479454935 331.7439996339131 122.66464887931023 517.9752721569349 599.1471537266998 318.64319950777997 163.29690713437088 511.47971790228837 641.5226478904107 320.75917144306055 217.97947070740756 520.274546933644 659.6135219107209 308.4467218074114 241.7700305372097 514.6967868086555 640.3659302884188 313.65836025948647 74.80924913200793 522.8183015672381 590.1750688262138 315.44325962658667 155.73233489630505 521.2107029342308 481.9658349680384 353.20288369440044 257.2474365935984 501.1735995045101 703.8990850803564 323.0406598046011 122.3852437861731 525.762652502283 678.4807598909927 316.8422292302613 234.9032694088074 515.2465419244843 719.4304059187627 319.29095340325273 116.34951824247733 524.6395405371429 500.6557098168094 342.63121919373646 93.55316152267667 524.1322295097723 648.0313109672967 316.63814465203575 149.0108982442877 521.4499020427838 524.9848502137717 337.39169379833515 209.43498884748246 518.133207571446 591.6778638869715 322.5003426100528 166.46102857917927 518.6198251914341 687.2798359885644 317.60943749757666 95.76492820789119 528.2745363858687 629.2340784654491 315.36682273094846 249.49125860782794 511.5897493455647 583.4694691988054 321.1026253196836 101.57116456880277 519.0050388558421 639.1145381571927 317.9900187106513 136.65121292556574 520.1931804395357 527.4142372063695 340.28887597665965 86.11911171623998 524.8061077865996 566.9385802535503 321.54175447566274 180.31194833559383 525.3668372372204 610.73792554721 329.06493105663867 135.31460273089775 532.3728769485163 687.8743268603044 313.28153202081273 241.1222652648964 522.1356614245981 678.114896041947 314.13303261064726 143.59585295259052 517.8274212098323 491.9191362882366 348.85560354209724 126.69301882171172 511.3503363336169 651.8036445644216 312.59871170204195 109.81930869381695 514.1007157179428 692.1629443679019 326.7375079598057 253.83156960594835 507.0081411139563 650.6606404270609 321.3826975178102 250.18488517985932 516.2721572306609 669.3180367634461 310.9115963936023 158.15767007893382 514.9943587941593 715.206406564495 323.2147670235937 206.61437778815412 521.9334159279836 601.5097738812635 326.5323374432511 130.0493404874708 535.3203404878017 613.644642052165 317.37060816927465 197.2990550429774 524.4360280203986 491.6859651427 342.29243882692856 29.51748917576009 521.8842356809845 589.470718389091 328.52506322590034 96.35421235453315 513.7048365450172 571.4221862485534 332.2374930367582 33.420908203441094 525.3864551635853 557.5509099087385 335.9110277607501 137.98606032211043 514.1712071242008 516.7004068352064 334.2576654094996 164.77874475871235 522.3793969886892 561.9885733050617 325.4222321455628 205.92768640846512 513.2215750460001 707.8926996457081 320.4624671222734 170.70209205122032 513.084806105327 695.8402072282277 321.8272857295829 57.34470739474396 525.0152468040625 532.0788590609625 335.7144507695888 37.56689858460284 520.1350694507951 581.7381407858951 327.1619314541061 81.35674073560057 522.2575628654154
840.0016359619214 5.692351111853457 7.1154388898169705 7.115438889816931 0.0 4.269263333890168 8.538526667780227 5.131015952933045 4.269263333890092 5.692351111853749 4.269263333890064 10.262031905866346 5.692351111853547 5.692351111853707 5.692351111853581 5.692351111853697 5.692351111853514 8.538526667780337 5.6923511118535295 7.115438889816928 8.53852666778025 5.692351111853645 4.269263333890077 10.262031905866227 4.269263333890034 0.0 5.692351111853554 7.115438889816874 5.131015952933261 10.262031905866198 5.692351111853562 4.269263333890171 5.692351111853533 7.115438889816882 12.158867304834786 12.158867304834642 5.692351111853562 8.53852666778035 5.692351111853547 2.9884843337230578 4.269263333890141 8.538526667780369 5.69235111185354 4.269263333890057 7.115438889816941 7.115438889816994 4.26926333389024 5.692351111853498 0.0 8.538526667780387 7.115438889816874 8.538526667780355 5.6923511118535846 12.158867304834649 5.692351111853591 8.538526667780241 4.269263333890345 12.158867304834827 7.11543888981697 5.131015952933037 5.692351111853508 8.53852666778039 0.0 4.2692633338901205 7.11543888981693 5.692351111853529 0.0 7.115438889816844 7.115438889816869 4.269263333890118 7.115438889816976 4.45275796208338 5.6923511118535 4.269263333890143 12.158867304834656 5.692351111853459 7.115438889816961 7.115438889816776 8.538526667780236 5.692351111853468 4.269263333890084 5.692351111853535 12.158867304834782 10.262031905866234 12.158867304834727 5.69235111185341 8.538526667780344 5.692351111853504 4.269263333890024 5.13101595293302 5.692351111853506 7.115438889816947 5.692351111853528 0.0 4.269263333890327 10.262031905866204 4.26926333389021 7.115438889816908 12.158867304834697 12.158867304834784 0.0 10.262031905866182 8.538526667780161 7.115438889816982 4.269263333890168 5.692351111853483 4.269263333890067 10.26203190586622 5.13101595293302 7.115438889817064 8.538526667780403 5.692351111853423 8.53852666778038 10.262031905866156 5.692351111853558 8.538526667780244 12.158867304834741 5.692351111853572 8.53852666778013 4.269263333890107 8.538526667780216 7.115438889816928 8.538526667780348 5.692351111853703 12.158867304834759 4.269263333890032 8.538526667780246 5.131015952933183 5.692351111853605 7.115438889816809 12.158867304834816 12.158867304834674 4.269263333890031 4.269263333890258 5.692351111853546 12.158867304834779 5.131015952933213 12.158867304834665 4.269263333890271 4.269263333890224 12.158867304834795 521.2304429818803 339.52060699291354 130.74246455168506 529.7741882950114 633.5452416810373 317.6568662103238 93.88204704488932 523.0850835969837 577.0736591782326 321.5756131786232 61.80147153584963 517.1616801636053 501.7661925946226 353.02389997167273 76.40543832373972 514.3523241129803 549.5198982847962 336.4457277443067 204.40669995867475 519.9693887969007 555.1123324832542 331.1574362560051 175.75574015801013 512.5898286740518 678.8244878098631 315.5194387147861 225.61978319701853 510.10642344922707 560.677818278714 325.990426236267 118.29532532360071 522.9184705650724 675.8053926560972 319.8397819127932 57.389769769532684 524.5839753785152 523.833102542106 348.3215914330984 30.82985836701335 524.3681839330931 528.9336602670884 338.8743924042231 155.4459989681847 519.3845383795488 566.6783550324508 321.68704705214986 206.2170193732909 512.8211505716926 492.9470429926306 352.08799285212757 166.4768671323017 514.8621274642932 562.6284492411338 334.6263756226269 187.34995122667684 522.1182094620993 725.5534978887886 322.89115537716145 137.61295906914148 527.3520593717312 547.2798775614198 328.87389456802634 54.54588671825317 522.7635807722351 629.3557447270297 321.0988865939821 12.01348294967218 522.413377525964 708.2907482192113 323.25615400056313 172.61932917241847 517.6741755680946 495.9108842707636 346.45559405085976 37.147810009438274 520.8950110594899 737.5183451467129 316.5110981975657 170.33628484782747 521.1068735204491 716.8984584037349 324.35330085666845 179.17561735205064 518.7029309095507 669.7126276452447 317.0654351146491 252.28279886484435 513.4274962620091 535.7026466074984 340.79251140252586 241.77289056112085 507.74525245569623 616.0255658265047 318.3572809934447 46.58204091271216 523.4164929743687 637.1066757184891 319.1722723432665 140.62034651975182 513.3450738984327 644.6011191335728 316.0965084870903 213.6211881893591 513.7914485054357 640.7509483622633 313.0266879524357 78.42976874000735 527.3575545383069 518.5892450097539 344.0526705865254 190.20189264935325 514.6409839918448 688.7705027193178 316.96902135691874 218.444067604071 508.6943992337395 568.0741607050038 327.9607234976019 109.87122568286846 519.3403671360579 607.6878343856215 317.04007073358656 151.67432353894645 509.06729749612896 650.6474620596754 317.17179843246464 209.73338290467197 520.6591588145152 674.9556878368998 310.33555511793355 232.722530219313 512.9209319680625 654.4315225760683 311.83907293758244 64.28927381424187 523.2222110609188 604.2785323975388 321.1440851834578 142.96653820182703 522.8369284182102 493.0542607171647 349.38390724593 250.6324814486502 506.1233028659765 713.9305272715972 319.75934111039476 109.35832320125476 523.5179563677311 693.1094700118107 320.1741349088849 218.06863970636508 517.4727322961461 733.7199159191318 319.2576000529352 103.41514318474877 519.8061419788079 513.8057550809438 342.3280275967173 81.74618870868831 520.0696892767623 660.4482405121656 313.93127109809103 137.37052121079924 521.4366454508888 538.8302454063635 331.04591533947223 197.16721990817314 526.1774443892708 610.8417922790355 326.0859050545332 155.22541264466946 514.8460651511047 701.1117487477891 321.07673140331696 86.2186006168308 523.5790180634995 635.7864056255731 310.83217843392134 241.2888208785743 515.679907361387 593.0238289361853 320.3528990960355 90.3975800805868 517.2768768847559 646.4621287485753 313.41255981045634 128.76825714166966 521.4052909704446 536.5374829974307 334.3054400205986 73.23982299113274 519.7476106956045 584.6825450293203 317.5218845727871 161.92707174068138 527.7932138506338 626.2457057807089 331.2792743913432 122.9980566762653 529.9828562883645 697.5521309956791 314.74777947334763 228.59126876526875 515.3019573199107 692.3805726222309 313.9252813547365 133.47084510662285 517.3060768885366 502.42467222587555 348.0208092901186 117.96155247096917 515.245247096157 665.8281540892511 309.7597817589167 103.00167706461411 516.0993171689421 703.0791703782845 324.54657986126267 246.87337100935795 513.3338153260153 661.4963980127033 318.8826740758452 239.38030198050237 518.9315250493116 681.9113206677923 309.6045075320884 145.01514197545546 518.0097278850512 729.1987311417352 314.85082523964866 190.57937249901389 528.7659540003478 617.882121429775 328.45320111817387 115.2140070702365 529.9469843250544 623.0210936567221 315.8405563425954 183.44536980507277 525.445809447672 504.42318057878657 343.265539624567 19.58392153952051 524.3997629119368 603.0869418054867 328.23899988666665 85.06329055606756 514.44315888996 575.7516725888632 330.0216986542139 24.257452415307434 527.7465706037606 570.6415041151146 332.70348078556225 123.99956962360044 519.7923317790091 529.8453460394172 334.142784383515 147.49544330918954 525.5501352626674 574.5102539375303 316.4027037009371 198.07546256145997 514.7022805521439 722.0636650407372 319.2079588125699 158.3205498508827 510.9589412586162 709.0013365031551 318.2535439238991 40.076881982624194 524.6531953975972 544.7586000380755 336.0229138500009 28.062896149127653 521.3727802509458 592.2752662624833 327.3719806267681 64.06837504422334 518.5654645240389
850.0016359619214 4.2692633338900885 12.15886730483476 5.692351111853476 12.158867304834668 5.692351111853684 5.692351111853596 0.0 5.692351111853586 5.692351111853693 5.131015952933128 4.2692633338900725 4.269263333890125 5.692351111853531 4.269263333890166 7.115438889817005 7.11543888981696 5.692351111853543 0.0 7.115438889816904 12.158867304834677 5.692351111853671 12.158867304834759 8.538526667780385 5.692351111853619 11.3847022237071 5.692351111853555 8.53852666778041 4.26926333389019 5.692351111853444 12.158867304834878 10.26203190586616 5.692351111853572 12.158867304834581 3.9846457782974376 8.538526667780365 4.269263333890181 10.262031905866158 4.269263333890058 5.692351111853403 9.546363028425793 5.131015952933204 8.538526667780152 5.692351111853658 8.538526667780209 7.115438889816895 8.538526667780257 7.115438889816773 5.692351111853589 7.11543888981709 4.269263333889961 4.269263333890181 4.269263333890342 7.115438889816965 0.0 7.115438889816788 5.692351111853484 4.2692633338902155 0.0 5.131015952933027 5.692351111853573 4.269263333890064 4.269263333890096 5.6923511118535295 8.53852666778018 7.115438889816945 4.269263333890178 12.158867304834825 7.115438889816883 5.692351111853608 5.131015952933069 11.38470222370711 10.262031905866149 5.692351111853442 5.69235111185354 4.269263333890109 0.0 7.115438889817032 5.692351111853519 7.115438889816914 5.692351111853485 5.692351111853397 4.269263333890331 5.692351111853374 12.15886730483472 5.692351111853651 4.269263333890271 5.1310159529332156 5.6923511118535615 5.131015952933197 8.538526667780452 5.692351111853708 4.269263333890028 5.692351111853513 5.131015952933133 10.262031905866188 4.269263333890043 12.158867304834862 12.158867304834752 8.538526667780374 9.546363028425723 12.15886730483485 5.692351111853567 0.0 5.6923511118535375 5.692351111853411 5.692351111853514 12.158867304834603 5.692351111853555 0.0 5.131015952933141 4.2692633338901285 7.115438889816848 8.538526667780268 12.158867304834777 7.115438889816775 7.115438889816852 0.0 4.269263333890195 5.131015952932968 7.115438889816828 4.269263333890138 0.0 5.69235111185373 5.692351111853535 9.000397377424461 7.115438889817007 0.0 5.6923511118535846 0.0 5.692351111853487 6.511585065162948 5.692351111853604 5.692351111853403 5.69235111185358 4.269263333890121 4.2692633338901445 5.692351111853563 12.158867304834798 4.269263333890175 4.269263333890315 530.9761419201393 339.27953619922226 117.26898175139326 528.8642931410664 642.627104554588 314.06855743774685 83.68713830396595 530.8158535841449 587.5459156726934 325.54584662351334 41.174349137489436 516.3765933601821 512.5600725967743 355.93562200402494 64.80418854443735 519.9218387042321 567.2693840649716 335.9170364348704 193.18492562206427 523.8073264849648 564.8788159465956 327.68470499076835 172.00931841620982 516.3308290826612 690.4002874514977 312.02562329739806 216.1843163355501 507.1394841561696 569.388281224345 321.61555287063834 104.1455103284132 527.9465594896881 691.6672839298556 319.50419231239755 39.47381155057104 527.9467865413136 539.9900685118096 341.4316930781474 16.714551920059456 526.5068625012972 539.3025565130515 334.87543634753365 141.88532726471718 523.6647834626688 578.4076230743541 324.0041645004853 198.78377057911814 520.3884648725156 511.7314711079108 351.27212007151303 161.59889266119345 515.2097129239903 575.1809933429082 333.06614389773256 182.85995273204693 523.6355364438522 739.2059662372475 314.8160392237699 122.4916066919622 531.9373659983033 556.7268300085018 320.5010075131836 40.65764530309326 522.5669824865429 638.1353349663273 315.1542329012774 -1.6245629080834227 520.1176000770071 720.9122471487747 320.84475882774325 158.72778331409026 520.9877834988756 508.8019139704678 340.02685961672836 24.796353181967334 520.238903970669 753.1650222543019 309.77400900197136 156.45115798877964 524.3666985777901 728.5580695912831 321.0496361789927 164.19379034979636 521.1563639306261 685.6864227091803 317.85316580041535 241.07283396003575 514.9369810520388 544.5837326344483 337.2619212316763 234.22345141502765 505.40193286506906 628.4759906683626 310.54790119036153 33.94710280034071 531.4598190202913 648.1013634613145 317.7642536410218 131.97340581219632 514.770819735659 657.0309892915549 313.4451338483321 204.99111401829157 513.0123506590477 651.8537433627827 312.8611809737079 62.83638009746237 530.3131330554617 532.9437130831321 342.52047188689005 181.56595903743747 513.787565455831 694.0689118080605 314.1009239072239 205.32157048099106 509.5030247128163 577.5636313846079 327.1462865717611 97.04731374971152 520.53370816476 619.2481260622187 313.99278266544513 144.15514992058283 511.4599745272522 664.9327455234106 316.7606777457951 206.0054681403052 521.9464699215678 685.8516000715634 308.082667050029 225.4663423909733 506.6778624551808 674.598545784807 314.4174367582282 51.28565409302703 526.6240667732629 617.5590232456423 319.0154142045259 127.49959354370782 526.3587604642759 508.1455318327866 344.7293748255301 242.51193001234506 511.5620935141883 732.8000495571684 317.0673248333312 90.12891324449045 525.2799777136828 707.1832465279625 317.7227647203228 213.9789839869668 520.1504305926367 750.7624513288088 313.4896757596229 91.35858678239252 520.7320843310631 524.5307677068384 345.4381838956998 66.33004606719501 526.6976802570637 679.5416807609572 316.93013736167507 122.79672949470168 519.6963256954184 551.5671970482663 326.6171416057744 188.1823892068395 529.2143130984132 621.4121972413261 322.0337549205323 145.84152192978146 516.6042361457185 717.5620336943516 318.4829882054177 73.3976415507826 524.6229720619374 645.8263572396811 308.3818414065082 233.05653401307498 516.0991188239561 606.3021168590445 322.8477348977004 80.81138245209802 521.1551089653613 666.0813094501864 311.14713757652567 113.63363469201758 525.9201543557862 545.9268815941306 329.4438036615139 58.57636867144834 519.9727322757751 596.9017479134181 322.4816598991452 149.20524484795163 524.401385873501 631.0149270205181 319.8105114424674 111.79674972704949 531.1233400167125 714.7938441656687 312.0571780599575 220.35036218960406 515.6839230234195 705.1797384026103 315.1585567055686 119.99005788979355 516.4406462118416 514.0888686091625 347.0350906607012 104.63711676854591 520.360890300822 680.2374174968786 310.6774797878429 92.90115757073806 515.2432255235625 712.6360236412476 324.9049300619072 234.45466352131368 511.4827814803276 671.190606245404 320.2269040229996 224.398345097428 519.2108452059804 696.2886439442678 310.6333307611566 130.3187644781152 521.3154138761638 743.9334472129259 310.30616502256225 178.5905283146323 527.8033700532554 625.6752393097465 327.27492060217924 99.23603297237007 525.9258125828344 636.0108533401453 311.6464717660547 169.58231406599617 523.8140351285829 516.5969938852273 339.7306859419046 7.726804622004796 518.6143794161753 612.2230122723693 325.54036768430666 74.39007160935286 517.362039884272 584.7233554649592 330.64293133886855 11.135548275621867 527.1583672776028 580.4349603491622 333.04652542143907 111.86959344047814 523.3875380133298 535.9337036284862 332.5164483889967 138.94942391410464 522.0114634982463 588.8142939740782 323.3495237164975 189.0971722409468 517.7588745433914 733.4133076684413 312.4299128743883 154.22277655789554 508.53265464508735 722.3188682181949 315.9701599724651 33.36147550106529 525.6523476944312 558.0802686884997 333.99094644104315 12.627952115764712 521.3861684189098 598.5065280550762 326.26237628717905 51.22517570940281 519.4875813174165
860.0016359619214 12.158867304834676 5.692351111853508 5.692351111853718 7.115438889816981 5.692351111853653 4.269263333890039 10.262031905866028 12.158867304834715 5.692351111853438 5.692351111853498 12.158867304834596 5.692351111853548 5.1310159529332156 12.158867304834766 12.158867304834942 0.0 5.692351111853596 10.262031905866266 12.15886730483497 4.2692633338902475 5.692351111853356 4.269263333890301 12.158867304834681 4.269263333890242 12.158867304834931 4.269263333890136 8.538526667780404 5.692351111853588 4.269263333890234 10.262031905866172 7.115438889816883 5.692351111853528 12.158867304834635 5.692351111853588 7.115438889816943 5.692351111853545 5.692351111853452 0.0 7.115438889816992 7.115438889816896 7.11543888981706 7.115438889816986 12.158867304834857 5.692351111853498 4.269263333890243 4.269263333890183 4.269263333890205 0.0 5.69235111185362 5.131015952933138 8.538526667780383 4.269263333890265 0.0 0.0 10.26203190586623 0.0 5.6923511118536485 7.115438889816955 4.2692633338901125 4.269263333890354 5.692351111853587 0.0 4.269263333890237 0.0 0.0 12.158867304834779 5.692351111853449 8.538526667780364 4.269263333890184 10.262031905866149 5.69235111185352 5.692351111853553 12.158867304834576 7.115438889816948 4.2692633338901445 4.269263333890002 5.6923511118537204 8.538526667780438 12.158867304834704 5.692351111853538 12.158867304834672 12.158867304834784 5.692351111853444 7.115438889816847 4.269263333890183 10.262031905866282 12.158867304834896 7.1154388898170104 5.692351111853553 7.11543888981692 12.158867304834951 12.158867304834747 12.158867304834713 4.269263333890352 5.131015952933087 4.26926333389008 10.262031905866237 10.262031905866088 0.0 12.158867304834732 0.0 4.269263333889969 4.269263333890081 5.692351111853597 5.6923511118536965 10.262031905866182 4.2692633338900725 5.692351111853505 5.692351111853367 4.2692633338901675 5.6923511118535846 4.269263333890346 7.115438889816922 5.692351111853468 8.538526667780227 7.115438889816964 7.115438889817002 12.158867304834653 7.115438889816832 8.538526667780236 5.131015952932978 5.692351111853525 10.262031905866046 12.158867304834802 12.15886730483462 0.0 7.115438889816927 12.158867304834779 5.692351111853388 5.69235111185354 7.11543888981678 12.158867304834676 4.269263333890162 4.269263333890122 5.131015952933142 5.131015952933123 5.692351111853667 5.69235111185359 7.11543888981682 5.692351111853578 542.6815798261397 333.9633866216689 101.52063948824386 528.4263491651469 663.5485493006928 316.4588742010144 70.26365843951842 529.4712834302462 601.293744468192 321.938311892607 32.7377177885178 518.4213760930854 516.4179992981643 346.2182537290076 54.35865730137973 523.8126028567901 575.0025356764587 334.35433755369615 180.0713445170702 524.4089580094942 577.2849971836129 325.21827446939386 163.75701613435075 516.4869568626747 699.8420745696194 311.21255237511684 201.95133394451958 509.50281273764455 584.9544416016154 327.0616445496973 92.09397560597272 528.835673842855 708.9047958645101 316.8472569223025 32.23978165049456 524.7984752429007 550.1429847243363 336.561179965622 12.849100038122797 527.391573026434 552.3537732484571 328.0762309322872 126.39178539340473 527.0954994172872 595.11849762715 318.5789050548929 190.5360083349867 525.630429224092 525.4094882169729 347.4847805960692 151.83237465599515 515.7961801642812 581.052229268174 334.3333260196358 172.34120410359202 527.0632806823036 751.6119493929585 310.5716660602478 108.91587992363893 524.7547454256874 571.0893663229168 323.5195370837527 27.809556663195234 523.2192698038855 652.1343003552711 312.3261067340168 -14.00122201070913 518.3902722573913 732.5189860743935 316.4787584137749 140.34168427325977 520.4982519403818 516.6314144914238 341.5303216048267 21.71574665627014 520.9511612937717 765.8436663932861 308.05167386181313 139.93205510675978 524.5207907495262 740.9828700480182 316.69857960598847 147.69032129157824 521.3909653805955 701.5495468958405 317.63993984948735 229.44842486654517 515.2415445357835 558.4933147909818 337.7056076921696 225.27128766988864 508.5285561514918 642.9079003994802 311.1473967645775 25.99743380494443 528.7281347030452 658.6927251197465 320.1744629093678 123.80798221287196 512.251731073444 669.7941917368253 321.653131706152 195.63808824995536 514.927232963536 666.7894879325038 311.2555346999409 49.427656060369735 528.8362428650739 542.4353064510178 341.36365622219097 177.06217951487662 515.2671114558619 705.8946837296658 313.11539905605196 194.08068449490284 510.80224385161114 589.4190144771142 321.3146610547928 81.65163359380277 521.080813706457 631.6302891959364 311.14634355836256 140.3099203363943 515.1160612553296 675.5081101652519 319.27499108631446 199.64267064372459 525.3441879189912 694.5055867561908 307.3101135132417 215.72995738448626 507.53444489634023 682.5714337903589 314.85208276595847 40.752247349907904 526.7772361785404 623.1862445520958 313.44117468121635 121.66055160747949 531.7732414665828 526.5518353211481 341.4730201697423 228.19686249244083 510.6760517449288 745.2770317956276 313.94114119813537 79.77280205358929 529.3110506759024 719.9802747396634 319.1054340572304 203.4494502148448 516.2169992234161 769.5965864361059 310.2738623774612 73.79881679985228 519.3308350593406 539.2468674858934 339.242371358082 55.03794903163773 527.1383376739013 695.972927288748 314.242622787613 111.08176261511205 521.8690619130783 560.7878674979711 324.595427056878 169.803932918947 531.5033261106493 631.4253918341551 319.50109810648445 130.03728660642105 518.9291154351797 732.2978500479381 313.8918409632234 62.09959961527923 525.0976037879398 658.2671535731076 312.9560358381753 218.1215453419118 521.2844050961597 618.7806685973146 321.0676076970815 68.57106388729915 524.3841893561694 675.869570169363 313.7583693995255 103.64383160954132 522.6104402272126 550.2781500648479 323.58858853077055 49.46272458886617 525.9434272662202 610.9637972140953 320.27780120006526 135.49411226382136 517.429213454557 639.8535087222219 313.94798228555237 95.93838935619524 533.1259069361836 724.266479893509 311.36055611074704 210.18036763047837 512.9108176824789 717.7093939932674 312.99609566501294 110.85240777720551 519.0909627500179 531.6492442008778 336.19337706258847 87.36488130670833 520.2478397480553 687.338983852946 310.0135431452927 82.68227728591584 516.796893097474 725.1041672533834 322.1261637225852 223.65041367001552 516.5108013177265 688.517212670733 318.5843097453631 214.98528862816102 516.1908354609639 712.053219074703 309.34735451157957 116.67518560698132 525.3505551353999 754.8381742085846 307.32419431071474 162.83147481195516 530.3992598210289 633.0434151676468 322.732619856151 84.56176816298424 526.2518645782606 649.0793036639799 307.69859954314217 157.27168398131073 519.0217793281814 529.4675174854618 332.62335258126376 -3.0677491414047626 521.0548006416556 624.8992908166683 324.9534306364182 63.69096303251091 520.1517299513614 601.4609283351053 325.3553031925545 -1.2034061944693626 529.9569420457973 591.7226727105121 328.5459950674611 93.18508039639057 521.270069352807 545.6629657811483 328.9492400748987 121.83393597023473 517.2269096621262 606.2780233058238 317.9942327769668 175.2106341750314 521.0761527887345 741.1537617946825 309.58593177256586 147.04176873806637 512.0160935165427 738.0092809686117 313.73990254266175 18.475516187808797 527.9406979214648 568.6650327774962 330.544644481986 -0.1362447044947579 525.8681313504243 607.3073082259161 326.07452312166527 42.00745000070574 521.7698134480212
870.0016359619214 8.538526667780268 4.269263333890299 5.692351111853364 5.692351111853506 5.692351111853608 4.269263333890161 8.53852666778025 4.2692633338903265 10.262031905866253 4.269263333890072 12.15886730483477 4.269263333890113 7.115438889816978 4.269263333890221 12.15886730483477 0.0 12.158867304834793 5.692351111853585 5.131015952933245 5.131015952933205 8.538526667780406 4.269263333890179 5.131015952932971 5.6923511118535 0.0 5.692351111853587 4.2692633338901835 4.269263333890177 5.131015952933156 5.692351111853521 4.269263333890256 10.262031905866177 5.692351111853518 10.262031905866337 17.07705333556046 5.69235111185357 7.115438889817135 8.538526667780324 0.0 7.115438889816992 7.115438889817022 7.115438889816936 4.269263333890232 8.538526667780488 12.158867304834915 8.538526667780367 5.692351111853439 12.15886730483469 0.0 5.692351111853605 4.269263333890198 4.269263333890293 7.115438889816816 7.1154388898169 5.692351111853708 4.26926333389016 17.077053335560723 8.538526667780298 5.692351111853636 5.692351111853564 7.11543888981705 7.115438889816887 4.269263333890134 5.692351111853612 8.538526667780232 5.692351111853508 4.269263333890231 5.692351111853524 5.6923511118536325 12.158867304834864 17.077053335560578 10.262031905866284 12.158867304834816 17.077053335560645 7.1154388898168 12.158867304834793 3.9846457782974833 10.262031905866179 5.692351111853392 8.538526667780499 5.692351111853574 12.158867304834773 10.262031905866298 7.115438889817007 4.269263333890127 4.26926333388998 5.692351111853601 4.2692633338900645 12.15886730483472 12.158867304834832 0.0 5.692351111853524 4.269263333890222 5.692351111853539 8.538526667780344 5.692351111853561 5.6923511118535215 5.6923511118535295 5.692351111853466 7.115438889816973 10.26203190586613 5.692351111853527 5.692351111853404 5.692351111853583 5.131015952933057 5.692351111853524 8.538526667780305 4.269263333890154 5.13101595293306 10.262031905866092 7.115438889816844 7.1154388898169065 10.262031905866161 5.6923511118535375 12.158867304834867 0.0 12.15886730483468 12.158867304834754 10.26203190586633 4.2692633338901755 7.115438889816854 5.692351111853506 5.692351111853712 12.158867304834764 10.262031905866186 3.9846457782975095 9.000397377424534 5.692351111853487 8.538526667780241 10.262031905866197 7.115438889817023 12.15886730483483 8.538526667780312 7.115438889816927 0.0 7.115438889816898 9.546363028425796 8.538526667780339 4.269263333890216 4.2692633338900725 552.9561924274792 329.3014833841878 89.71412902714059 527.1695381761436 685.798737148953 316.7432652133455 59.808125684561716 533.3379317149761 615.6577295558795 316.22666235099837 27.845123721225473 518.3462253909219 532.4279553566852 338.4299625107959 43.03278098468191 524.1379758867836 585.8851124798474 332.43464405314256 171.46890058107073 523.4298573910709 590.9586947596523 320.4565445564877 156.25133553567804 516.3451650304793 710.8749655348308 310.3852977318716 199.31722763150492 511.6344868688193 600.5984144607016 324.51108691881365 76.05365129502907 526.9643159312739 716.6380981228342 313.92721509637465 16.500289186325592 519.9312499412518 560.2191418021918 334.42482197680397 -6.195657659425516 525.6243678516548 564.373637667341 331.6397249594129 117.81986529479101 525.8535514852196 608.2286268922815 315.3742177931716 178.49775271224397 529.5148833483103 537.4319404004864 343.30832760465563 139.0379526608423 517.1885256864157 592.1611710504193 328.83272984967465 164.00755326771448 532.1795874331984 760.2058100263612 307.8718281055861 92.09761540197432 523.2404145058872 584.9889304381404 324.6401745134213 10.030292755369356 516.3992475448082 661.822436560739 313.720372904889 -19.189538901361928 521.9861031354494 751.2974691304084 311.93504902121066 132.09620966816644 520.4666985605984 531.5360974414518 332.8549786339309 3.4359116924903255 519.0373804259241 775.5298434251589 313.66168085742277 127.47746330077011 526.9495616748615 756.6574818163208 313.5917228550589 137.8426001689722 524.3430176966797 707.8665319041353 317.1681262480242 216.69712038306835 517.5752632001517 572.2298675872522 333.79503865125844 220.058016333961 512.8181704627019 656.678130602684 306.07542139811295 13.8801240120192 525.4263869833736 666.5661537289884 319.39857925253216 110.38595490808744 517.048299075416 675.9760317952422 319.89426536948866 190.38632301722424 514.1557748720342 679.8123086407311 314.80918705042296 32.787394745651895 534.0476994802628 554.3330444828664 336.2960884869997 169.88956620130747 518.8008172707572 719.299561054529 312.1959347238123 183.17802062070464 513.1253995504225 600.3746600688809 319.5648622079036 63.92661013556496 521.9984205499671 640.12667709739 308.95525010286855 133.89132044295968 515.7691225925327 689.9711153889582 321.58447097036736 184.62463315498033 525.278244977741 707.1127992096802 306.3340306557976 208.6196052263516 511.1933595874548 695.3782535708883 316.16089802114715 23.198673695174957 521.1625789037074 634.3172774316852 313.28462837499467 103.95174685984296 533.0675996828825 539.1454539911098 334.7912509185297 210.15345813249883 516.4568023420738 759.9337117670018 311.32923810236275 65.86667169736847 529.2183696328507 723.0693088859978 317.7200817392268 191.81009458577887 523.8158678670849 786.2280124605769 315.26248469170713 57.325843238313865 518.6485909887157 548.0362889311255 334.85100104768543 44.0866779097783 532.2622487638661 703.5747028366145 310.09434912199066 99.84387796620689 528.6668935530427 574.5283811151744 329.227726307312 154.02418520222417 533.9544320595395 637.6979440229624 318.74968301058755 118.73810813337818 519.7367209302927 741.7645766904213 313.4109419005893 47.72386040732392 526.2242168180736 671.2016940135012 315.26852923139177 200.49969678568175 523.4563708314669 629.0764101855856 326.90101509692414 56.87938247754246 529.7845182170548 689.3517514758003 313.77795915911616 88.94718004736603 516.7829134332248 566.5885101274723 328.6960206784405 40.15575628770242 528.4771375859888 625.089562245302 318.36689836471345 125.19821073822558 521.6728376389386 649.2809526419678 312.92125047699415 81.40229997114395 530.8782935970901 732.8033386292051 308.4712639439602 194.80608944688188 516.7923994728137 728.8303292598031 313.49203783061347 103.04602208636148 517.5712227615454 547.2870763845656 330.168740178433 79.58491840109481 518.6369066381437 698.8822729604215 305.5022277059905 71.93034564805447 519.465667396847 739.8851233737655 317.6951948638482 206.03080507326223 516.2336675532802 702.8839096726313 319.7971092004627 201.11016607270096 517.0881808925218 723.032277887228 307.44300005399714 108.30842652610075 527.7029595288574 769.263244594912 312.73858784699956 150.5138303275494 528.0003315356697 647.5842776413419 324.6275923147845 68.51980739011026 524.307840096078 662.751470333535 301.49944263273375 148.20046631892936 521.8028931496226 540.4867740232843 331.2688777397123 -10.518778324761259 523.9529246381638 639.0502996369336 323.21557606467894 48.467399211168456 517.8179405704653 608.0005241327501 320.8064570340993 -19.049432356917468 532.7618840325231 606.0948975505341 328.2992580558708 83.1089358512509 526.4212789894616 557.984935110283 326.301981912415 106.20711523908888 522.9015460140297 613.4479858095934 312.214418324457 161.28687632754156 524.2322052388043 753.7149749479852 307.8233481621708 144.7649669273318 512.695874354508 745.6644435842818 308.60122326323255 2.5143400784368226 525.4941494446263 577.6398227022615 331.3184313767262 -9.128863243815506 529.116699436121 621.262034052207 322.9465570949139 32.24151687063964 521.6436094996011
880.0016359619214 9.546363028425734 5.692351111853546 5.692351111853484 7.115438889816915 5.131015952933083 5.69235111185357 5.692351111853707 4.269263333890188 7.115438889816955 4.2692633338901524 5.6923511118534424 12.158867304834747 5.131015952933176 5.131015952933166 12.158867304834727 4.269263333890347 5.692351111853436 4.269263333890341 8.538526667780284 12.132217946727875 7.1154388898170495 5.692351111853499 5.692351111853604 8.538526667780472 0.0 0.0 4.269263333890113 7.115438889816852 7.115438889816784 5.69235111185348 2.8461755559267985 7.115438889817004 8.53852666778022 8.538526667780218 5.692351111853428 4.2692633338902 0.0 4.269263333889971 0.0 5.6923511118536005 5.6923511118536 5.692351111853502 0.0 8.538526667780312 4.2692633338901524 4.269263333889985 0.0 7.115438889816941 5.131015952933183 5.692351111853583 12.158867304834791 4.269263333890184 10.262031905866232 0.0 10.262031905866175 5.692351111853455 5.131015952932977 5.692351111853458 12.158867304834608 4.269263333890094 4.269263333890069 7.115438889817038 7.115438889817102 0.0 10.262031905866282 0.0 4.269263333890198 5.69235111185354 12.15886730483493 7.115438889816934 5.692351111853703 0.0 12.158867304834647 12.158867304834763 8.538526667780289 5.6923511118534975 2.988484333723065 4.269263333890081 4.269263333890074 5.13101595293314 5.6923511118537125 8.538526667780136 10.262031905866126 12.158867304834839 12.158867304834862 5.692351111853549 12.158867304834647 10.262031905866138 5.69235111185373 10.262031905866344 8.5385266677804 4.269263333890161 4.269263333890221 9.54636302842566 9.546363028425644 12.158867304834757 5.692351111853471 5.692351111853493 5.692351111853721 0.0 4.269263333890204 4.26926333389005 10.26203190586615 12.15886730483476 4.269263333890241 5.692351111853574 5.131015952933091 4.269263333889975 4.2692633338901125 5.692351111853468 4.2692633338901125 5.692351111853487 5.69235111185346 5.692351111853587 5.692351111853356 12.158867304834798 12.158867304834938 5.131015952933031 7.1154388898168435 10.26203190586633 4.2692633338901755 4.269263333889995 7.115438889816918 4.269263333890171 4.269263333890183 3.9846457782974456 5.692351111853501 5.692351111853601 5.6923511118536325 12.158867304834788 12.15886730483477 4.269263333890085 0.0 4.269263333890019 4.269263333890066 5.6923511118535846 7.115438889816977 10.262031905866184 5.692351111853452 4.269263333890262 573.9216281964634 332.76494709217485 76.59617529555732 526.90320904629 696.409047484214 320.67731723144044 42.6133437413006 536.2682659621257 625.514572649782 318.60954797660133 17.27081195273925 514.687671970959 544.0222724406088 332.2571786022094 27.63440302855654 527.7424674571866 604.4975229109008 328.4215469346488 164.0248603661975 520.7644551658815 603.6392951208949 319.81077437555723 148.51433544987978 523.5989937764666 724.7383111884119 316.6911902806441 189.54383360669706 514.8227568248145 612.0726666054568 326.5250462001143 57.64857345133197 531.5846699679909 731.1805404246298 319.05014789079803 6.985507366935303 520.880304243222 569.604185960031 337.4879331227963 -18.77101378950853 534.5307258851158 575.8234565132581 323.6003108594895 104.68020162176336 525.7676680988359 613.3749119341225 318.2952289635392 163.84640351197265 530.3307423102859 543.0901700600277 339.6251326086978 131.5533597682508 516.8831569277613 601.041914015265 323.9469780597033 149.08500109289554 529.2496016137786 772.2056646811825 313.43072914024066 81.25933766814966 522.3848108551064 598.1115495298118 321.4615512626205 -1.0257791334998472 517.6888204467837 669.4621417598306 310.65113709982245 -29.468622821027406 526.7270655303034 760.1353266560438 315.1762823151673 120.1584565688081 518.9209172235253 542.6464403082903 327.9884289734591 -2.4588633392021984 525.231368009395 786.6888239914488 318.18809654468356 113.69599482909888 524.646517287105 767.8714423325529 317.95856309198086 128.28407193768385 519.6699274458759 718.3608844789513 320.06870446965326 204.69500459917845 521.5676717526601 581.779747941614 328.5386094457304 204.68058889081124 516.69510506282 661.3850042621267 305.621214540944 0.769884354141803 528.4003359762285 672.660122442565 316.4790828767899 96.16472695971582 516.0107381003326 685.2340583992802 316.77250197082424 177.62591067683178 515.7457472767157 691.2949345136551 319.84227096901697 17.106941253087378 536.446959561637 568.2923450137736 333.6449531082595 155.22059973769922 519.5712846514871 728.0974051805031 314.0635761111222 167.74765373573626 516.7564431820858 610.3070523498299 321.83639690006186 54.13419548318825 521.9642908993853 644.9635959752037 309.6423945993335 123.34867384714083 516.2948216240113 705.7561048618237 320.4476036214337 176.64214642158464 531.5397977253936 719.603904115877 303.17171979141216 203.76123429118223 509.0549117121418 704.8421729596758 315.48923266855917 14.963870074404369 520.609948526522 648.9860490661799 316.5190503719458 96.30482697292912 528.9724839138826 549.6766004983197 334.98169664350314 198.88703717458873 520.1822657688543 774.2804218168546 315.644111392271 48.425263802131994 531.0601873065705 738.8202333351395 315.721987767282 179.39569948032326 526.5400298111307 795.2434424410177 322.2620725855118 45.530431930301845 520.2895087027902 555.934288547184 338.10421476201986 31.219699939826366 532.8489068115487 713.9250112608088 310.6012301536949 85.8039857972158 525.0135482764658 590.1192955170617 326.6864443132267 141.49069358604623 527.9116029052325 653.1838461942306 314.74850537665156 103.7475456638106 518.9533351281443 754.2759592020246 309.36234356533555 34.05805930554091 523.3560243900289 678.9768323116188 313.42876383917644 184.29068116032607 532.4609370416134 634.7095453064004 320.29969670128764 42.64030520848779 524.6701069078783 695.4697754093448 310.9380018895835 79.29121529987886 520.5127380080752 584.1018411534908 323.2755833881494 20.631259271256905 531.7975933458122 637.668142294506 316.95637832293716 112.93582967495873 518.9524697045824 658.4930678367358 309.6593906060487 65.20518055872624 531.3434258882774 743.8959414913228 308.3369507283039 186.1461197089856 520.8423689279182 741.3730744873725 310.51850364354914 88.05555138432554 516.6674936550137 560.5282865121898 330.37057070980546 71.62809584098385 519.4353902371896 712.4787543782822 306.96074225849657 66.38387987058051 523.3024303952865 748.3377073854191 313.81465633457833 193.62433642359946 519.0568780422236 713.7605950639805 316.69098094889614 189.8044914249905 525.7561453927036 729.4658838615127 309.47976856305814 96.83428218714792 524.6555592390181 778.88379930397 317.3322112636499 134.69223997688692 525.8881248311042 659.5896046203928 317.50273652793857 50.31959538775095 526.3747796813516 674.1947744969941 305.2259174648558 133.21702858999956 521.2284027055019 552.5481118238597 331.1551753725332 -22.349062494441164 525.4007864752944 646.5535280556294 318.8548906255771 37.42158256687547 519.22294405931 617.980923312604 324.3135654592382 -29.91786709185827 538.4861308514718 621.7471989999271 326.2216911492958 69.97207045385548 526.1104140354341 569.3032198701384 326.6261447751699 89.71698572980728 522.4148402697007 631.946081430075 313.56002658254505 157.85351305965924 526.5216372334429 764.7532991381519 306.2431479920976 139.37279365081355 516.7404202745034 758.3923862123382 310.48595281794024 -9.304356179820454 530.5909559633479 593.6144371921503 331.1281318422101 -20.4285081647722 536.5220912669815 627.5534978787671 322.2084325998569 25.5415182598192 520.7546325955255
890.0016359619214 5.692351111853534 4.269263333890227 12.158867304834605 5.692351111853522 0.0 8.538526667780435 10.26203190586629 5.131015952933166 12.15886730483476 0.0 0.0 7.115438889816965 8.538526667780303 7.115438889816991 0.0 5.692351111853542 8.538526667780259 5.692351111853556 10.262031905866223 0.0 10.262031905866202 8.538526667780138 5.692351111853701 10.262031905866115 11.384702223707158 5.692351111853548 12.158867304834624 10.262031905866372 7.115438889816792 5.131015952933163 7.1154388898169465 7.115438889817002 12.158867304834908 7.115438889816877 5.69235111185362 2.846175555926725 7.115438889816976 5.692351111853565 0.0 7.115438889816904 5.1310159529331445 4.26926333389009 0.0 0.0 4.269263333890081 5.692351111853587 5.692351111853451 5.6923511118535295 4.269263333890168 5.1310159529330575 4.269263333890114 5.692351111853583 5.692351111853571 0.0 5.692351111853346 4.269263333890196 9.546363028425601 5.69235111185355 5.692351111853644 4.269263333889995 8.538526667780273 5.692351111853591 7.1154388898170255 0.0 5.692351111853689 4.269263333890144 5.692351111853441 4.2692633338903345 7.115438889816773 10.262031905866154 0.0 4.269263333890224 5.1310159529331285 8.538526667780289 4.269263333890216 5.692351111853557 3.984645778297556 5.692351111853584 5.692351111853596 12.158867304834883 0.0 7.115438889816982 4.26926333389021 12.158867304834777 8.538526667780253 5.692351111853542 5.6923511118534185 5.692351111853573 7.115438889816912 8.538526667780271 12.158867304834747 4.269263333890216 4.2692633338901285 4.269263333890304 12.158867304834633 4.269263333890004 5.692351111853515 4.269263333889963 5.692351111853516 4.269263333890211 12.158867304834843 5.692351111853621 0.0 7.115438889816856 4.269263333890116 5.6923511118535 0.0 5.692351111853547 5.692351111853456 8.538526667780426 4.269263333890233 5.692351111853568 5.692351111853553 4.269263333889979 7.11543888981689 12.158867304834766 4.2692633338900725 5.692351111853513 7.115438889816855 5.692351111853564 5.692351111853605 5.692351111853568 7.115438889816983 4.269263333890128 4.269263333890224 7.115438889816931 4.269263333890204 12.158867304834699 12.158867304834745 10.262031905866271 8.5385266677803 12.158867304834757 0.0 5.692351111853492 5.692351111853617 4.269263333890293 7.115438889816936 8.5385266677802 12.158867304834768 4.269263333890049 587.2855433076019 325.8241940528256 61.99174656440375 530.5031166901516 710.5205259431531 318.62655986749996 27.133636787096663 532.5558434422437 632.0823181472008 313.1303975838603 15.23857206893278 520.0143401423655 558.325730613037 335.5167500229922 10.925322803427234 529.1301464964456 613.6148531186951 324.89378312816774 151.7421657789715 529.3466376555141 610.2600128489731 315.6837342609529 131.91405999849076 525.8912645685705 739.9384052207168 319.55798942083766 181.63726976693587 516.0665423982513 620.736532351294 325.50565751018485 43.67189780291289 527.6005060999208 749.9876827453406 313.5631602471122 -2.269751947799704 522.968652897954 579.549776583445 329.8564168215455 -25.44387139166198 540.8933246861116 589.901282664776 321.4545383621509 87.88663638254044 524.0376130812381 624.2107117273928 315.8682989424235 155.9254420865264 531.4337373372863 554.1769596300479 338.6906722871086 122.97241818580292 515.5751013907548 614.7024223697873 318.63928154313163 138.76883867533388 533.4645061911897 783.2386809088655 318.159499675855 69.75660481207056 525.2546372433754 603.1088955999437 317.22942302321906 -12.582249836664639 523.9409940339323 679.8980181919084 312.2150246111702 -41.03041827010171 532.9717738945694 772.8782460196607 319.75990359839454 108.7232049673066 522.0116619085603 552.7319964726786 330.3868355449152 -14.01892153112632 531.4801310582226 799.132241344121 325.6311177105184 99.4882204901601 523.5337483631413 781.3306907663274 322.6476700964147 114.831807446853 518.4475357066501 731.8382352437288 320.59149961046097 199.9947368231728 525.9669766548726 594.4353987330663 327.8659133253471 191.14112706228474 521.0402701279535 675.6861779800569 305.6524134150345 -7.724941758164254 526.6675932955621 685.2741461031163 315.51715087933036 87.92015330456063 515.6996905256954 696.3477326147691 317.2106557535294 172.26477869098036 519.8680551651552 697.0408465121797 323.037841599254 6.313424844620624 538.8936647663207 577.2342471295837 324.95748538905053 145.79857733754616 521.0872161166076 742.5032785122004 318.2139050799962 158.18437758461525 523.3534214757526 619.7175551255677 320.7269679500177 42.04791817277762 522.4022138667664 654.726574731371 312.31313449212024 112.0256031618042 516.9178691675274 715.2751230034792 321.0829457560722 159.6466562457379 535.4546285680814 729.3701312862642 308.64001915734707 191.3795185947081 511.797642853725 714.8864077175709 311.34551289457994 8.79532990704046 522.0075596024896 663.1735932847645 315.22616235559855 80.75644645431461 525.6179373401479 565.8235530741922 335.6000178968589 189.0243654576521 528.2944149733539 790.110718100429 318.0725914904877 39.95872379140047 533.0514315915794 754.8540528111533 309.8835326981734 166.13826336027708 531.8200758427182 809.9203154474668 327.8756957155918 33.93835319327639 519.3437899742174 570.3550184821115 337.9670544598775 17.078284420771812 534.8661160267458 725.0006400184394 310.0169389129598 72.31525521500113 529.6289830355148 604.6397889607928 322.28495316395197 125.5569135330719 523.7899496165967 667.9561503606894 311.06951584362474 93.03902602036537 521.7739538428693 768.5474349935497 310.26965164910365 22.530362932921342 529.6647844882308 694.0322983233965 313.5625787390992 173.01286756312518 533.4553531693379 644.3896701692852 321.7195665937567 29.513438807302993 524.0688903022916 703.65294652822 315.17793005501426 66.44260242593464 521.2726792374058 597.8133552874356 318.9136203267219 8.037517858844689 533.4487796309544 648.666514443558 315.87251958663063 106.51335953376083 519.4543921915197 674.9376186916201 308.48760816660723 50.5220611521244 531.2306358647224 761.3125958728604 307.85053509114823 174.83062838937346 524.366188492244 745.4060666479319 312.7519289061524 77.03349879830817 518.2502850962635 571.649224462419 329.66492166326753 55.70655273403586 520.8831539026378 718.8063405963885 306.6246707029508 50.44944042994325 524.7060629631686 762.6035416228461 314.6296306623571 179.38377205858856 518.5936314387739 719.1708928880065 314.0219265345479 178.83791015866038 530.4376056041185 736.0225822036116 315.149813734691 85.57353710224369 518.9979003417061 794.6345399912105 323.49626761876766 121.66830135213931 523.3593222257963 673.6701906286089 315.11819197262736 33.114581622069224 529.2080111767091 685.6886831032032 310.3094394366961 117.34727675528751 523.1808352418186 564.7831780235291 327.7759302136683 -30.824931949593847 530.9529995210884 654.4361108922785 318.1287781134855 27.115954360973205 516.7364539092912 627.5348228140873 324.45423613466045 -38.208794622781 535.4874003809077 635.4121817133171 319.95582181624917 53.13115911117526 533.8541959422906 584.3476563462698 320.63744310015056 77.17568135441643 524.3890928975002 643.0617073957378 313.6234594679171 142.0095696501111 528.6588150124319 774.342293973715 308.5050035436925 132.09028052783182 520.0276241950806 775.0977318270633 315.08875512989397 -21.125139419039492 535.681307729349 604.2607334199264 327.32977274747884 -30.44676127594473 542.4210574651756 639.6391811018343 316.19009878464004 19.379051151590627 522.1619202904404
900.0016359619214 4.269263333890188 5.692351111853568 4.269263333890159 7.115438889816913 8.538526667780213 4.269263333890219 5.131015952933074 12.158867304834782 4.269263333890102 0.0 10.262031905866111 8.538526667780236 7.1154388898168355 5.69235111185349 0.0 12.15886730483479 5.692351111853417 7.115438889816941 5.692351111853539 7.11543888981696 12.158867304834779 8.53852666778038 5.692351111853517 7.115438889816929 5.692351111853536 5.692351111853493 4.269263333890225 12.158867304834834 4.269263333890154 4.269263333890057 4.269263333890225 4.269263333890325 4.269263333890081 7.115438889817043 5.692351111853452 12.158867304834763 0.0 5.6923511118535 7.115438889816896 12.158867304834843 5.131015952933086 10.262031905866282 4.269263333890073 8.538526667780143 5.6923511118534025 10.262031905866221 0.0 8.538526667780472 4.269263333890174 5.692351111853592 5.692351111853429 5.692351111853512 5.692351111853665 12.158867304834674 4.269263333890096 12.15886730483482 12.158867304834853 4.269263333890264 4.269263333890175 4.2692633338900485 5.692351111853461 2.846175555926753 7.115438889817053 7.115438889816889 5.692351111853521 12.158867304834832 0.0 4.2692633338902475 4.2692633338902155 8.538526667780385 4.269263333890137 8.538526667780326 5.692351111853583 12.158867304834704 7.115438889816902 7.115438889816869 3.984645778297556 12.158867304834748 7.115438889816963 7.115438889816887 7.115438889817061 0.0 4.269263333890209 4.269263333890088 10.262031905866165 0.0 0.0 5.131015952933101 4.2692633338901596 5.131015952932925 5.131015952933021 12.158867304834823 5.131015952933169 12.158867304834809 5.692351111853431 12.15886730483469 4.2692633338902155 9.00039737742453 5.69235111185349 5.692351111853514 12.158867304834933 4.269263333890071 5.692351111853414 4.269263333890335 4.269263333890173 12.158867304834772 4.269263333890135 5.692351111853575 5.69235111185345 5.6923511118536165 5.692351111853626 8.538526667780307 12.158867304834647 5.692351111853502 7.115438889816779 10.262031905866063 4.269263333890074 4.269263333890287 8.538526667780362 12.158867304834748 4.2692633338901045 5.692351111853571 5.692351111853564 7.115438889816859 5.131015952933058 3.9846457782975007 4.269263333890237 5.131015952932922 5.6923511118534895 4.2692633338902475 7.115438889816724 4.2692633338902715 0.0 4.269263333890043 5.692351111853492 4.26926333389019 12.158867304834827 9.000397377424406 7.115438889816999 5.131015952932992 596.7197243972028 324.59287269340905 49.40416492180573 532.2662599772398 715.3572222204099 320.7703646441014 11.697332969873969 532.4194549858694 645.5745619967404 313.04412863943736 4.456145241393965 526.1009207693269 568.8609875976655 331.3612409532976 -2.668363574229363 529.6740728342759 627.0887243601343 324.62002824451025 138.28898847084434 528.2410958510336 620.6291163136101 308.5692999671972 120.30755963329514 525.3666184156958 751.7611804679129 318.07958780375196 173.59597071700972 522.2133684295075 633.5537371621996 326.5715693678064 29.80514184920224 530.8034036091877 764.9533665284732 309.798770559067 -13.328213901155559 524.2419811845713 591.2765608232572 328.24515942719694 -34.960216818594425 541.8166930511031 604.1714727734969 320.84718240153035 79.37814628479376 522.5068184946377 638.1411713983806 312.10672902288115 141.70991435323754 530.5613161770108 565.8581788095455 336.7214463536052 110.59467035057045 515.1973956079895 624.0119328233894 316.42797339278655 121.0450246739041 534.6591998702603 798.2034388647619 320.8851852249106 54.807543651594635 523.9650325393599 613.5720714889884 311.23699028911204 -25.425188609205893 531.6915981546457 687.5447656580715 308.13418906849955 -51.54874036405893 534.484696247803 779.160674118082 323.3653368049231 93.25328910513633 528.4513376334401 563.6530697953998 328.5593235652049 -19.409339461718975 536.338583978557 815.0179442901697 323.7958124963729 87.37292682163056 525.8982087470681 793.1491003472709 324.08696808126456 96.53069606267101 525.9644414708837 744.3191277506846 315.4689041622858 188.8986022037144 519.4899960944135 608.1234934609034 322.5933454257729 178.36131877896733 522.4581427229298 691.3503019751073 303.3553196392741 -14.917544862336868 530.716723528971 691.6034248185149 315.11440861620946 80.24440027750435 517.6161419008569 712.0659310012871 315.20435280394645 157.44263239507745 525.4916997736683 703.0814401646513 317.96543921250196 -8.612522810259092 537.39405996631 585.0588678142219 323.86766058684833 130.58114431374392 525.3359902945593 756.5601951291591 310.7878007049631 150.2575957367303 524.4113339365748 637.0192397012868 318.93405000268604 30.996688003794755 523.7401288360031 665.8383658961794 312.6026155986064 105.99924014519601 520.241353165535 726.2415952002904 318.2331289908391 147.93238321496608 537.6041199865733 741.3088270976383 310.6431245813316 183.72360366594836 519.1067900226361 720.4316005310993 311.1017265810416 -5.856759321545285 525.3128900746568 672.7257256664176 315.69077245835 65.90056696449992 528.0411461305645 573.0583721064468 335.66120573127404 182.29292281826017 527.8713413233681 805.9155905638149 318.4960848555606 26.08857158574059 536.236429866022 769.0482288343982 307.4113332783556 151.81954539671833 533.5313456639027 823.4131789499149 322.05648074714935 22.887691245229092 520.6618922785271 584.3111553776978 334.69863643253905 3.9555143905582195 534.1884433829991 736.2454807466313 314.3729704842207 58.204383166175475 531.8253181481355 618.6567489502748 319.47402805003054 117.90385964879064 519.7199538140235 679.0911255178227 311.433585491004 89.66770001214901 521.4041308414562 782.7295082789753 313.9152006835604 5.204695435500846 531.9177416855318 704.2128490711251 311.5125628039751 158.2738720370622 536.5671385840805 657.0843183028135 321.80028905079723 15.379274257630268 526.0729516126976 714.4221267491762 308.71114811014695 55.83607136798243 517.714307529315 611.9563686610583 317.2184916283888 -6.1061442956631184 535.4218163601074 658.3047301264984 317.4260123038534 96.14916711595977 517.2308725437417 684.1289981776708 304.2644281686221 35.353718871223485 532.3245123803082 777.899087681553 309.01422558875083 165.2404847809786 530.9323408624389 752.4133928828053 307.8877455637941 65.72787180680002 518.5794107669309 583.7017956291808 330.3080342895426 45.42825002548369 522.082231227475 730.074201370582 310.9139915320746 39.934527623918555 528.3772638721143 772.8735983980431 312.26471323856646 169.7441276685576 527.7032124002535 733.5903986197524 318.20754990669764 174.29584968494135 531.8052054334663 750.938698228827 311.2265074571527 71.28815189881199 523.7551217085671 805.7387199584613 322.64860639140335 104.5316782961098 526.6852868572352 681.9675781490274 320.47247258167977 23.60921454193 530.170494794636 697.5741554509267 310.7230001004241 99.18019139199956 519.3730807738852 572.9255566290251 328.89627456787156 -41.884026685049896 532.2230334664176 665.7450279904525 320.7893310477951 16.589140297387075 520.3508548902718 642.4625825320576 323.00049039639384 -54.17520536577963 539.4401437519626 647.3258378807404 320.0215315830806 40.54217330788295 535.5787444929715 596.2453274646797 320.2723484057534 62.516467454942564 524.305106364841 657.9026667101323 311.12801368937113 127.65856259097352 530.1966817206815 791.6383793380736 314.6749321114857 125.0516162499137 518.2631889708465 782.9489658171175 318.7380954966131 -27.29591831357559 537.0684216512481 613.6848427858986 326.2396176108886 -45.38020286220951 537.2689109691314 653.70639967775 313.73806756248814 8.598786182853484 528.2510626876488
910.0016359619214 8.538526667780271 0.0 8.538526667780374 7.115438889816993 5.131015952933069 4.269263333890342 5.692351111853693 0.0 5.692351111853616 5.692351111853455 5.131015952933223 12.158867304834773 12.158867304834807 4.269263333889959 8.538526667780257 2.846175555926749 5.692351111853712 0.0 4.269263333890263 7.115438889816945 5.692351111853604 9.546363028425777 4.269263333890186 7.115438889816992 4.269263333890175 0.0 10.262031905866271 7.11543888981688 5.131015952933048 5.692351111853576 0.0 5.692351111853566 5.692351111853383 5.692351111853557 4.269263333890221 7.115438889816985 8.538526667780362 8.538526667780145 0.0 12.158867304834786 4.2692633338902 10.262031905866147 4.26926333389012 11.384702223707123 5.131015952933106 2.8461755559267656 10.26203190586621 8.53852666778029 4.2692633338902555 4.269263333890282 4.269263333890205 10.262031905866104 4.269263333890052 12.158867304834693 4.269263333890193 5.692351111853572 5.6923511118535535 12.158867304834766 5.1310159529329935 5.692351111853528 4.26926333389016 5.131015952933 12.158867304834619 7.115438889816908 5.6923511118536 7.115438889816911 5.692351111853698 5.692351111853504 5.131015952932949 8.538526667780353 10.262031905866381 12.15886730483482 7.1154388898170104 5.692351111853576 5.692351111853558 4.269263333890322 5.692351111853688 7.115438889816885 7.1154388898169065 5.692351111853587 5.692351111853369 12.158867304834757 5.692351111853443 4.269263333890022 4.269263333890105 12.158867304834844 12.158867304834635 0.0 9.000397377424465 5.692351111853499 5.131015952933199 8.538526667780259 0.0 12.15886730483478 12.158867304834699 4.269263333890105 5.6923511118533545 5.692351111853545 7.1154388898169385 4.2692633338900885 8.538526667780408 5.692351111853524 7.115438889816981 0.0 4.269263333890173 5.692351111853548 5.131015952933113 5.692351111853583 0.0 5.692351111853523 7.115438889816909 8.538526667780337 5.131015952933222 5.131015952933083 5.69235111185351 5.6923511118535775 4.2692633338900565 17.077053335560638 7.115438889816819 5.69235111185355 8.538526667780282 5.692351111853556 0.0 12.158867304834875 4.269263333890104 8.538526667780165 5.692351111853348 7.115438889816897 5.692351111853572 5.692351111853545 5.692351111853374 7.115438889816934 8.538526667780356 4.269263333890261 4.269263333890249 0.0 5.692351111853492 5.69235111185358 10.26203190586623 5.692351111853529 611.1109359894675 325.34178888794605 37.079268078310484 535.1095235646395 727.8845589065871 316.79769670461974 1.8774932242277909 535.5922076720999 660.6584783075292 313.03592216113077 -3.5168936254908187 526.68207004325 585.322801176342 335.10672298405393 -17.583534137009444 531.8155539150731 637.8809574776432 321.2401952285618 129.8984383542337 530.5170888191421 632.8824281833703 312.14408904949573 102.28194109236287 525.1318644944739 764.3841114077861 315.6675841128454 167.07936592378266 525.3754620686086 645.1508736474394 323.16376536611307 13.596512339779101 530.8434892982395 777.6024771954694 307.5529023206907 -23.86687188918578 527.8272532865271 601.7145664905256 322.2294801702495 -46.288127072333296 538.2850442956544 611.483477990403 315.2663572693575 64.21752606890513 523.6964824849589 651.0594294687573 314.5755007954022 126.3936672792236 534.4403387676398 576.4871884520767 332.815430541039 97.28615447548563 517.3678287692957 638.3999090999923 317.4631786819635 109.62760957564247 525.3765303790702 810.1352735476622 318.9133301184811 40.216382636559324 531.0070557138001 624.7010977625292 311.300740123802 -38.538319415943725 534.6388943393894 697.8753865752828 308.78022048429665 -64.3326358909919 535.2912728609969 782.4328377230975 318.68942675129153 77.82966116325744 528.5951400705005 574.337254366594 327.8817532849666 -29.697109561615665 537.4354405188956 823.644321993396 324.18915166667733 68.86388764662158 526.731550337321 801.1143168306694 321.9521214022053 86.67637530487914 522.3044447414666 756.91133156536 312.9708041084171 179.78574694257145 522.1984175083742 616.5169188083979 319.31380109984946 170.69047710265426 527.180638457979 702.532921008397 305.1563727681544 -25.205196027167787 531.813981347949 696.2707910760877 313.68466365182275 72.0622183762817 520.8148505462867 719.1897463445209 314.93587628275395 146.48798525533408 527.3469794595924 707.8167992750542 317.76807432554324 -22.23634023776455 541.6735141201945 592.4777654653038 319.3596784186162 123.24605894362125 522.396525067388 772.3688799933444 310.86193478452105 138.5217217739641 526.4373473913307 648.045880543425 317.9826904855287 22.009279479390635 527.0033079260087 678.2253481829682 308.21609813250194 98.43216810254663 525.8228657212507 737.2336264194784 314.41725037896805 134.0283233923868 537.7583189726853 748.3531760197181 305.816568632062 172.66421592055056 523.6257199431567 731.5388189025905 311.9565077887654 -15.11291154576245 527.3954189584374 682.8570331403962 312.6970766977961 53.32673115674874 529.7859076155413 593.238027291556 337.7628082804681 168.64310814899738 531.8797078365782 819.3886203250231 317.8299910333375 12.70348108701361 534.412103635367 783.2402482281858 307.57792592406355 140.9500648931303 532.8763894595314 831.5627143267877 320.49563756633785 13.37303701519833 521.6042055103268 601.2714877748457 330.212971170618 -9.926414798584702 537.315856791242 750.4999963200505 315.33916618878175 45.07679019651862 531.2303066079497 631.248764560154 318.2541954793322 107.53931718939349 517.5160868999723 688.557882233986 310.87763494852487 77.09680076387232 523.2580376983005 797.6704009051127 317.8432345289766 -7.746918831688655 534.4565706994866 712.9686159292418 312.32301882010415 146.320279865067 535.0080868417618 667.4977014184417 323.41153600477486 8.960892287811564 529.9566036650369 722.430498948727 310.7942247629721 42.79551694168589 524.4088182538396 620.2397210563973 312.78358548025193 -18.19652506956217 535.7108862631073 670.2883779915128 318.9255827608414 81.75391585185456 518.3690447297098 693.6713314557152 304.91864150726667 20.422131653662934 530.8667518710294 788.8716064365686 315.14666115586067 152.1025082650534 530.9730790160477 766.6032944097908 305.52633646224257 59.84549707237162 521.1945856019688 590.3261639270738 325.8893347334202 35.441943448545025 528.0306509650154 742.0293992057971 314.208165692064 31.218655756674917 532.8042866874815 781.5283949563196 315.9583596374631 159.52349752209668 529.4046194987404 743.8743557182329 316.8065436912367 163.33879155733726 533.75130578974 761.9665289320967 308.80223445829057 58.21426187265496 526.8535592122596 816.84633083136 321.89311124780386 90.63477354550886 526.5165543128677 688.0125697319844 315.3692463725321 3.808602644288877 532.2230899408543 707.8805382447922 311.444362663654 89.11033062985376 518.2250427716622 583.2873983792344 322.7134416795377 -52.17178859215381 533.3195323820976 676.8601445538195 321.2379739572214 4.001809088679371 525.6289934927855 654.2996068794419 322.0219004376855 -60.22134298556081 539.2187513513767 659.8382389466724 317.8479534031541 22.793463686043715 535.9906402097193 603.8476582257641 317.0184642258214 51.47145979085243 525.6783578205531 670.5306927753833 310.21338417053636 118.50942948518984 532.6232745605316 803.420627779938 317.3926693843156 114.6631217881959 516.0945357745305 792.3452654148939 322.5230247111446 -38.60634186629438 540.8258442238877 618.068355766493 322.43215132251567 -56.69936825370489 537.3816948252178 666.588688501951 316.3313367026868 -2.6294227958904095 531.8103148402371
920.0016359619214 5.692351111853701 7.115438889816905 5.692351111853511 5.692351111853531 5.692351111853478 7.115438889816964 8.538526667780387 5.692351111853556 12.158867304834612 5.692351111853472 5.692351111853386 7.115438889816942 12.158867304834825 5.692351111853533 7.115438889817066 4.269263333890278 7.115438889816886 0.0 12.158867304834697 5.692351111853552 17.07705333556072 4.269263333890158 5.692351111853352 0.0 0.0 4.2692633338903025 5.692351111853537 4.269263333890249 5.6923511118537 5.6923511118535135 10.26203190586625 5.692351111853539 4.269263333890227 8.538526667780136 0.0 7.115438889816986 5.692351111853486 17.077053335560645 12.158867304834859 12.15886730483474 7.1154388898168 5.692351111853549 4.269263333890145 8.538526667780133 5.692351111853521 5.692351111853491 0.0 5.692351111853516 4.269263333890252 10.262031905866268 0.0 4.2692633338903 4.269263333890125 7.115438889816977 4.26926333389009 5.692351111853601 4.269263333890215 4.26926333388998 6.037650108129502 4.269263333890327 7.115438889816791 8.538526667780316 12.158867304834871 10.262031905866127 12.158867304834633 4.269263333890305 5.692351111853405 8.538526667780134 12.1588673048349 8.538526667780177 5.692351111853484 4.269263333890161 0.0 12.158867304834851 7.115438889816979 0.0 12.15886730483457 8.538526667780332 7.115438889816847 4.269263333890121 7.115438889816923 4.269263333890281 4.269263333890238 4.269263333890235 10.26203190586624 4.2692633338899615 5.6923511118535295 4.26926333389029 5.692351111853631 8.538526667780236 0.0 5.692351111853552 4.2692633338901125 5.692351111853515 4.269263333890214 5.131015952932971 0.0 12.15886730483482 5.131015952933022 5.692351111853567 12.15886730483494 12.158867304834796 8.538526667780344 5.692351111853512 5.692351111853375 12.158867304834764 12.158867304834684 5.692351111853533 12.158867304834768 5.692351111853617 4.269263333890183 7.115438889816977 5.131015952933087 5.692351111853541 7.115438889817058 0.0 5.692351111853372 5.692351111853572 4.269263333890159 5.692351111853556 4.269263333890207 5.131015952933046 5.692351111853406 12.158867304834773 5.692351111853366 7.115438889816988 0.0 5.692351111853573 8.538526667780287 5.69235111185358 4.269263333890211 5.131015952933095 5.692351111853394 5.6923511118535295 10.262031905866298 7.115438889816873 0.0 5.692351111853557 5.692351111853516 7.115438889816864 618.9693655773566 324.5881537850294 26.79785804644045 536.2332381802996 743.669678633902 314.2164722050701 -6.356425719435588 535.0145106700221 669.870808857419 308.8809096724003 -17.150288782127674 527.3178229811645 594.2197040725139 329.26456425962164 -26.579589904234336 535.0534825047424 650.6829851665126 322.6312872917491 123.16917876286 529.8273418453794 647.2830680063845 313.3570554835385 88.17641523295866 527.387410622902 778.5818848202903 317.1086432388115 152.4274217011534 525.806850820236 657.6101111689123 319.8618126563082 3.5720770534118693 533.1069373809088 788.6004387296349 309.0405973524908 -34.020174651869524 531.3248710479696 615.7585832512162 319.6412095320197 -59.930096776738985 535.2733725712267 622.6205356259554 315.3982589335209 52.40277947862076 525.2424838637729 660.2654907367123 310.3668922835647 115.43561085227468 529.9332780133616 582.6588683123401 330.8518394697976 89.60639310077998 519.2608555015504 657.2040831866334 314.8118945182646 101.07882509668588 523.842447496453 819.4935961551382 321.79830872018556 24.76423817965653 527.2329067776769 638.0014029732945 318.4733201369837 -45.489330572939735 532.5545655099293 711.8093551425624 311.81498041933327 -74.87174151411516 538.8751875618802 787.9362016740928 320.0483959243228 61.409716917253014 531.2781697487669 583.7517044537086 326.70307094576197 -42.559008542698024 537.8950086537299 835.0807825293748 319.00898354364824 53.47349897598986 530.3373551073179 812.8967033412287 323.7185611963941 72.56730674103056 524.4682845731716 769.5824652610899 313.1020015067545 165.6684398289441 536.1152786176012 626.9722766181899 320.7373624785487 157.6572208396361 533.3504691399693 715.189570872837 304.7283954661088 -39.089728918340036 534.9345536889381 703.7261691230401 310.3379391806637 57.12725843223464 519.455723447305 734.2437467101452 315.82371302135635 135.36754624948017 531.5901477738848 716.3953333030406 313.961023203282 -36.34542560178824 543.7949197894345 600.7009880840645 322.04552258688585 117.11972182421732 523.9808616374346 781.8552266563527 311.0840642779219 133.0269241453634 524.2207152358419 661.9285413758871 318.18729681419825 13.498689591812049 521.6328674152049 686.1064445968326 307.8323909636177 83.19801004330688 523.4502446824549 751.4540062704561 311.97650314918263 119.99948516795389 534.1076500487953 764.2048674385765 304.74674200602624 160.95214410415252 525.7323813564833 744.1611191030693 308.2875230634998 -25.91190132147069 529.8233158997899 693.8483885987584 311.02632418419427 37.15832351212226 533.5137096680759 608.0353820536911 327.7692353877706 158.65188903961294 537.1855385577742 824.99250812869 316.96844331951866 0.3653587384528554 537.1953178699171 795.7570118306555 310.34949085547294 125.67802788220769 536.9501400400733 841.5997480456606 322.0306034355551 4.12002383062317 523.6929916206296 606.9228252774094 323.66358244921184 -22.00746076642332 541.2485517824447 763.1277414471293 317.80492869720445 32.4853512934719 532.899588798328 642.4699339048359 319.70582233630927 93.7333489826563 520.9484522082506 696.5806909798298 314.0785901933174 72.31523527988108 530.4981326346707 809.5753393434688 317.1873058624088 -13.136802035325829 539.3155103399014 727.278050306961 315.5522253606918 132.74653400362806 536.2235166258744 678.3945658081698 320.3919299113675 -2.1079437308029343 527.5888588251876 731.9476411354452 311.7988289483361 33.28443332808738 525.3702559121153 630.2092808412809 317.84749768325605 -34.39492756886362 539.3520309406742 685.2875294662235 318.0827128864295 64.85495047946179 522.4057431846383 704.0053830370179 305.68517263635704 10.12081286581942 528.3335048107816 798.2216452551154 319.07336340706365 141.12774048870156 532.7459636236816 775.9878230228092 309.25512062167815 42.90222332434669 525.1281832260751 600.0214013875982 327.2080680908385 19.217929759369856 524.4213804290333 757.8393118378265 308.2589783224645 19.637700741855745 531.7818712509966 791.7925569839674 316.293307153545 149.1807307959102 533.5004695431003 754.1741571105009 314.4260458444393 150.60725475412247 540.9912570341585 772.2525769622184 308.97490208059276 44.89367055949329 532.3763081083985 829.4998384129686 322.62807138390286 79.1792813657797 529.373936327393 699.8628404857936 314.87789927338264 -12.27490069518903 530.9838775402385 719.249086533685 310.4110892720328 74.71734079271423 519.264929515487 592.7335651243784 321.6180998050335 -60.15417117532594 530.2514669811948 689.4564178824021 319.4038699856503 -8.349577510436909 524.7640914598434 668.3508222336641 318.7125136990231 -74.10593473310641 542.3390068509897 669.8768510350408 313.6420506765326 10.949240655310321 533.805864527589 611.1489438411672 318.6734042453958 39.40996545792927 529.6716134358268 680.0196790101494 309.67435178206597 105.70787559775502 527.303478396994 818.4728966685428 316.9689673970612 107.27471438377336 519.1796310767099 804.9003148365597 324.24433211329114 -52.50834528950827 536.6571448828269 630.8738068396888 323.62609585361747 -68.0185379264444 537.4944631349623 676.7626534210391 314.52842758905456 -20.640145393131313 531.0005475828134
930.0016359619214 0.0 8.538526667780417 4.2692633338902 5.69235111185358 8.538526667780332 12.158867304834782 5.692351111853707 9.000397377424713 5.590536896970699 5.131015952933117 0.0 7.115438889817014 5.692351111853492 5.692351111853545 7.115438889816739 5.692351111853576 7.115438889816799 8.538526667780458 5.692351111853754 5.692351111853562 5.692351111853667 4.269263333890355 8.538526667780362 8.538526667780166 12.158867304834795 4.269263333890028 8.538526667780221 5.692351111853565 4.269263333890199 4.269263333890168 4.269263333890247 8.538526667780154 8.538526667780253 7.115438889816864 0.0 4.269263333890158 14.230877779634064 10.26203190586639 10.262031905866298 5.131015952933009 0.0 10.262031905866026 5.692351111853724 17.077053335560514 5.131015952932953 4.26926333389006 5.692351111853671 5.692351111853567 0.0 5.69235111185352 4.269263333890251 12.158867304834788 5.692351111853455 5.131015952933088 5.692351111853538 4.269263333890338 12.158867304834725 4.269263333889985 4.269263333890239 0.0 4.269263333890247 4.269263333890148 0.0 7.115438889816963 8.538526667780227 4.269263333890075 8.538526667780264 4.269263333890258 0.0 0.0 12.158867304834699 0.0 0.0 12.158867304834793 7.115438889816922 9.54636302842581 3.9846457782976645 12.158867304834759 4.269263333890206 7.115438889816947 8.538526667780365 5.692351111853542 8.538526667780289 5.692351111853507 4.269263333890099 5.6923511118535846 5.692351111853543 8.538526667780223 10.262031905866232 5.692351111853585 8.538526667780271 4.269263333890325 8.538526667780385 4.2692633338900725 5.6923511118536725 5.131015952933011 4.269263333890213 4.26926333389018 5.69235111185353 8.538526667780307 5.131015952933066 5.131015952933061 5.692351111853518 5.692351111853564 4.269263333890216 12.15886730483477 4.269263333890143 5.692351111853558 10.262031905866042 5.6923511118535925 7.115438889817037 0.0 5.692351111853557 0.0 7.115438889817112 4.269263333890335 12.158867304834676 5.692351111853555 4.269263333890255 4.269263333889972 4.269263333890088 4.269263333890044 4.269263333890107 5.131015952933166 4.26926333389006 4.2692633338900885 5.13101595293291 12.158867304834798 5.692351111853517 5.6923511118535 12.158867304834875 12.158867304834766 7.115438889816873 5.131015952932964 2.846175555926642 12.158867304834763 8.538526667780358 10.262031905866042 2.846175555926945 5.692351111853546 628.4159656630843 323.7880325902347 16.48561241220347 530.0553446276219 754.7087226616972 316.68486373302574 -17.935757533605784 533.9718556230648 680.8953585909741 308.33742365192325 -30.27218033639294 526.6213192160619 602.189649039101 329.65047623570797 -40.97489405175007 539.5048372324767 661.4490400413143 316.8120838756622 114.34418137759279 527.1629967662412 655.0162423368108 310.48379351918516 75.58837268901196 529.162442731841 785.6959513103517 317.3682629726601 144.4747845386076 526.7135349084506 670.1272763465621 316.77597282791714 -7.8877012041941255 534.311081993701 800.3648127329675 311.8169618303218 -42.25322742123603 530.7443504364912 632.9925609091308 316.9778896163677 -75.5299794705859 548.5597295679543 638.2113832615659 311.7654151596265 36.195803659751455 525.9488723289529 666.5624800410014 310.02748820410056 94.06986010138306 529.1022982635508 606.8729938657461 334.2765792029314 77.3077303786568 522.1946421726279 661.9501056265539 314.53656954580816 91.58293828100048 524.9166529418019 831.9656120393001 324.98219854729115 13.431960869365083 523.714841198524 648.8018200042198 314.1430087627282 -59.891129930309006 533.3642898046759 722.9595089939693 316.38061162251796 -84.57750702859704 546.0403922707931 794.2114875573827 321.5109570052484 49.16289764461289 527.4202083045049 598.7833388931955 333.46879528011294 -58.18210425371049 540.4824752959719 852.2682565854716 322.58427374268933 41.88598039323187 529.3426423861724 823.2891147593672 321.9748145423331 63.02491655747106 527.79007847075 780.6005000450197 314.62760887330575 154.64513081628587 531.7790369383196 639.5921376269978 319.7431794082863 143.75940571891167 533.4331625054488 724.7726608995189 308.16267946678295 -56.068018691756805 535.1073019455662 710.4288954180977 308.37546275219984 47.886880272221276 521.583327134796 746.1426028520117 309.8976876211314 118.70619198942413 533.4439357781308 729.8797079896458 316.1779199951667 -50.518367864247224 534.8263022598017 611.4839744024677 318.64623057848263 107.35286970892997 523.9860526386033 799.8199152333032 317.75294806587044 126.91194905467867 525.7967384832119 676.8875539435177 316.192855446729 0.637061953077104 522.1002671239354 698.7175439896246 306.19355694341004 73.32456735262318 516.0501067219402 760.1209604552354 312.10567737881394 101.69708131826896 532.5816829189735 771.9295119142366 312.0617973688358 151.8144686999726 528.2435471151745 752.8084169310109 310.7428392774339 -37.74263663091894 531.2670038646685 704.9523982331959 311.8784959987102 24.821425890361333 536.3158737583973 622.3387343723949 328.13848930716574 144.3130263098833 538.6273364956381 837.3815860337148 321.3555415594192 -13.779143650257513 539.1619885201965 816.0925870117275 314.95094745097714 113.09920567006793 532.4544256873224 861.7649340140453 323.79922422919975 -2.551049715560194 530.0569463456792 619.4069063050232 321.3364955670767 -33.07541830400264 538.8744222319984 773.4639550857652 315.68761768131435 19.08337794287099 527.4236597560795 650.236675765028 316.78176907600914 83.25652280081815 524.6767564727166 709.2373139839741 313.7213528408026 57.37613200244469 529.1081207762139 818.1067727164592 320.07805072779433 -23.69361355493275 535.6112649234847 739.9083662013066 315.5210008020665 122.21437052054297 536.4948279627791 690.2258851800892 319.8878055586082 -12.395216655911524 528.6877428426549 736.6611713812589 310.5968860888206 25.542224140515508 519.83095504317 645.9767333645123 316.66963632669325 -47.26583656509733 536.1682990881682 692.2587343665974 314.26329053991043 56.895246698705265 523.0448131912635 718.2655526937652 306.5559397706185 2.4188711886745176 533.7154507862172 807.6866428271062 319.5728930766756 127.53611809600537 533.8401943759621 793.2714856500398 313.44874886204235 32.08905044695972 523.9448952917176 612.4915675338782 324.8094782009071 5.063162018178642 522.7530126600097 766.4405480436135 313.16144400528736 5.483117172037683 530.1114230511067 806.1638853552969 313.4067911160696 135.73802325256435 532.1445852594547 765.1956222772473 316.9913797713803 136.53864807891986 537.3687279347521 787.1887101116471 311.8295921547553 34.87061939264377 534.6610487523415 846.8547538304451 323.8045506342836 69.90043465074744 524.5130862577045 715.7678516566825 318.0218020827068 -25.136696914719458 531.4447600564346 728.7713653687059 312.66480564003007 63.89979080840268 518.1521094048508 599.1370939814547 322.15801069461065 -69.12443319350446 540.7932785349736 698.9187925012235 319.0736001540449 -20.69068828798066 527.5394273151726 684.0101812732662 315.56702500284274 -88.63012173118857 552.2875812321756 676.8445894620098 310.9327917253424 -6.279414400802964 536.4709132597654 624.4438280459615 316.3318766836378 28.613589114501412 532.1250862814043 694.1953505546476 307.94055003262565 89.79035840712247 528.7285405910991 830.8636704402029 321.3279581680029 96.24671456400458 520.6560076567564 812.2105527854571 321.09975942580365 -66.13975134035022 537.3065260073736 643.4207987475136 321.48426435180545 -78.45368756658401 552.0495149941514 687.2293559656136 309.9403091617661 -34.264367390974215 535.2787980264541
940.0016359619214 5.692351111853481 5.692351111853572 5.692351111853646 5.1310159529331 5.131015952933014 5.692351111853522 12.158867304834663 9.000397377424708 0.0 12.158867304834795 4.26926333389024 5.692351111853529 4.2692633338900645 5.692351111853602 4.2692633338901915 5.692351111853559 5.6923511118535 5.692351111853572 4.269263333890117 8.538526667780456 4.269263333890061 4.2692633338901285 0.0 8.538526667780241 7.115438889817058 8.538526667780307 5.692351111853588 4.2692633338900166 4.2692633338902075 5.69235111185358 4.269263333890073 7.115438889816891 4.26926333389016 5.692351111853539 8.538526667780253 7.115438889816864 5.692351111853523 5.692351111853533 7.115438889816892 5.692351111853544 4.269263333890207 4.2692633338901125 12.158867304834727 11.384702223707105 5.692351111853671 5.6923511118536085 4.269263333890145 0.0 8.53852666778039 4.269263333890034 9.546363028425784 10.262031905866252 10.262031905866133 5.131015952933135 7.115438889816845 5.692351111853494 0.0 12.15886730483476 2.846175555926943 5.692351111853561 7.115438889816888 4.269263333890201 12.158867304834715 5.692351111853516 7.115438889817027 5.692351111853609 5.692351111853359 4.269263333890163 5.131015952933181 8.538526667780404 7.115438889817048 7.11543888981686 8.538526667780342 4.269263333890337 0.0 10.26203190586632 3.9846457782976192 5.13101595293323 12.158867304834699 7.1154388898168754 5.692351111853344 5.131015952933133 4.2692633338902 5.692351111853565 4.269263333890106 0.0 12.15886730483457 5.13101595293323 7.1154388898170255 0.0 5.692351111853387 4.269263333890002 7.115438889816832 4.269263333890089 4.269263333890103 4.26926333389017 4.269263333890167 4.269263333890066 8.538526667780241 4.269263333890266 8.53852666778035 8.538526667780518 5.131015952933061 4.269263333890035 7.115438889817061 4.269263333890339 5.692351111853493 0.0 7.115438889817024 5.131015952933037 5.6923511118533945 0.0 12.15886730483494 10.262031905866182 5.692351111853673 4.269263333890093 7.115438889816837 5.69235111185355 5.692351111853355 5.692351111853581 8.538526667780312 5.692351111853588 7.115438889816943 7.1154388898169145 5.692351111853342 5.692351111853538 12.158867304834924 7.1154388898168515 5.69235111185373 5.692351111853556 10.262031905866175 5.692351111853492 7.115438889816982 0.0 5.69235111185347 4.269263333890287 7.115438889816907 0.0 12.15886730483489 9.000397377424576 640.0780801136506 320.607566519418 3.6240470322285967 530.5212343290283 764.9558719089516 316.9554716628902 -33.56330445241146 532.6297801900517 690.2071313543938 303.27625267887163 -46.451193669475394 533.9297643525719 619.0843412763348 323.41471875401857 -52.27522569807324 543.296053218469 673.1501622047865 312.71265166497113 106.3807702469834 527.8888543716331 666.0281905219622 308.73867376230106 63.263117852913325 532.0198807871581 795.9044038059333 319.0376770400434 134.68792090018286 526.7916000596567 679.6126853429147 316.3973300588749 -20.87551800120461 536.0176447060888 810.4197164111096 315.95607434923716 -54.842522888744725 532.4024782358566 643.1799394415464 315.1067824791541 -81.98732637773405 555.0565541424561 649.2127528982774 309.8817813222793 33.88414844528913 526.472892325266 682.3123149837727 308.1839580598127 82.26507165403636 530.6844966976062 619.0329247933628 328.47858573082937 62.37765348036168 520.8009726777011 679.2094783262205 311.40079272686745 82.57527751148943 524.6088245498653 839.8394227659616 325.5260122837891 2.112938302608487 523.8330785181033 658.0785687664425 310.0682878643986 -80.42176245848209 535.7392225280513 737.2091636591125 314.0475947926721 -93.19359098546944 556.8688992951238 802.1677623810289 320.7518998853678 40.702553007822 532.9965470599072 611.7016366190671 327.5513460388216 -68.74661879749034 540.5250467836569 866.2211576533376 326.12314647323086 29.56622075992272 535.7868337742082 831.0936942254558 323.68384486082317 52.47197733548696 527.7799449754323 793.3301340538911 312.8616175411109 144.28151354910005 529.588856103591 649.1388399017388 320.329920559198 128.19248797973125 530.0950010343704 739.7884689743893 311.76465017663924 -69.74662370816614 532.1790565395319 715.186121585366 313.06196387298763 39.65411332525837 521.0274059176255 755.545900047632 313.66705385144485 100.88975042031309 530.5060731569673 743.3602290910657 319.711116343597 -64.16541311219785 535.5431850469519 627.2288059745995 317.3941335296628 94.50321995577623 524.6459400262772 814.8100816704765 318.6090057516011 112.8259071474501 528.0807840124918 687.0002346547253 311.08645295765643 -11.443855311716222 526.0347256211874 714.4875979617304 304.728131632245 68.20282536701575 518.460324657965 774.1951771894024 316.1341250361533 91.35548262599906 530.1858664727488 785.4217756121095 310.21360978444636 137.75666307611155 530.6886897341857 765.4091999942985 312.2721198075023 -53.40493138589391 537.2610171220209 712.9018010212338 315.32872911193897 11.960883175701483 536.787387045602 633.9524628600377 324.89052192974947 132.10050442325925 535.6485021054401 848.2149157034876 324.5221335453183 -26.128392953395473 538.2943469148698 826.7450413458946 315.64478378413264 97.0391956293794 526.6050619140035 872.8461933266021 330.0003780198898 -9.493030039752313 531.6188547315296 628.0334736721678 325.4445480536949 -41.825248180683865 539.6385387530339 790.05433347872 316.39672789429045 9.04597971042776 526.0397073578357 666.0011445804134 314.7712314388785 69.35850820596124 524.2717641395105 720.3559850637482 317.1566750723373 49.187358135507566 535.8512978329483 834.1183321272002 317.59100914997373 -37.83677928619425 537.5855684937997 752.53993860345 316.9324553459081 108.51854250083468 533.7905770464648 704.4114742070474 318.3597270121871 -21.65095883954273 530.7702791737886 750.8961678910227 309.6284867069298 19.63474845975183 522.381717097584 656.2936414562687 317.2540613308705 -59.33582373483477 540.1641094091988 704.080208930322 312.7953773327589 44.56711494497438 525.8648697887896 726.1508068037385 313.6257160892913 -10.182946927925423 535.3356513410824 820.4563011121411 317.79586243005923 117.18301381760706 531.5438489218379 807.1599728112778 320.12098742936365 22.326324455549607 527.3719242901791 619.8801093089525 318.26073605348955 -1.6081760286742197 529.1173866011957 783.8501072892476 312.6259662152149 2.1576491339232104 536.937921530767 820.5163568134747 311.8931452050703 122.17915805264809 529.0506219927419 780.1864267245712 317.5295819994879 125.68985884791535 536.4615954621692 801.2168829678277 316.0937402243883 23.055989792872534 539.7664996349267 857.6720861238917 327.04901430274873 60.9258072707856 527.8064149767466 729.9976071083119 319.1414595200392 -37.746849112095525 529.4279792339544 746.9438539535137 313.9835057682625 54.39234497413552 519.120536300026 606.8244028856616 319.0928380470484 -73.06730210364486 551.5111778008876 711.5807854303745 320.05101955798426 -30.20571277634231 528.4688715339763 699.0080320329303 315.1238713607727 -98.23055777918223 559.8333673568885 695.7427419507268 307.9364132541313 -22.478080962116294 540.1166132650193 637.1467905215604 316.6178149054294 19.35975160815346 534.2155459165195 705.1303268040019 301.75347263772977 72.04428637177963 529.2625087465138 840.3029525131745 321.99892030559784 89.32186402008129 522.3086350260124 824.0462256039721 321.86429636314176 -75.11385938869186 540.6575275848807 656.2606253073894 324.283453974784 -87.85638936847182 556.875673843443 698.9520237073608 304.8834345528481 -46.95194387971582 539.4267267086807
950.0016359619214 7.115438889816816 0.0 5.131015952933089 12.158867304834795 8.53852666778039 5.692351111853506 12.158867304834722 4.2692633338901205 5.692351111853732 5.692351111853515 12.15886730483465 5.692351111853556 4.269263333890149 5.692351111853597 7.11543888981686 12.15886730483481 4.269263333890056 12.158867304834763 4.269263333890113 5.692351111853604 5.692351111853748 10.262031905866348 5.692351111853668 7.115438889816912 12.158867304834725 5.69235111185352 4.2692633338900645 4.269263333890301 7.1154388898169705 7.115438889816795 5.692351111853417 7.115438889817023 5.692351111853536 7.115438889816889 5.131015952933036 4.269263333890098 12.158867304834692 12.158867304834855 7.115438889816891 7.115438889816966 4.26926333389014 10.262031905866266 5.692351111853459 0.0 5.692351111853344 10.262031905866063 12.158867304834649 5.692351111853565 5.692351111853472 5.692351111853522 5.692351111853748 7.115438889816912 7.115438889816894 0.0 5.692351111853535 4.26926333389017 4.269263333890199 5.692351111853578 4.269263333890201 7.115438889816784 5.131015952933045 5.6923511118535535 4.2692633338900965 0.0 5.13101595293303 12.158867304834747 12.158867304834683 5.692351111853486 5.692351111853379 7.115438889816953 4.269263333890084 8.538526667780177 8.538526667780392 10.262031905866195 5.692351111853583 5.692351111853508 4.269263333890156 10.262031905866223 12.15886730483479 7.115438889816929 10.262031905866289 5.692351111853589 5.692351111853389 4.269263333890065 7.115438889816825 4.2692633338902075 12.158867304834597 5.131015952933205 4.2692633338900965 7.11543888981692 0.0 10.262031905866253 5.131015952933181 4.269263333890078 5.692351111853581 0.0 5.131015952932961 5.692351111853492 12.158867304834608 12.158867304834782 4.26926333389007 10.262031905866374 4.269263333890092 4.269263333890037 4.269263333890258 12.158867304834681 7.1154388898169 7.115438889816901 8.538526667780319 5.6923511118535135 8.53852666778038 7.115438889816994 8.538526667780323 12.158867304834754 5.692351111853651 4.269263333890176 12.15886730483462 0.0 8.538526667780328 7.115438889816774 8.538526667780241 5.692351111853544 5.692351111853684 4.269263333890353 7.115438889816897 5.692351111853538 5.692351111853601 12.15886730483468 4.269263333890139 7.115438889816979 5.692351111853428 4.269263333890138 4.278972970432468 4.269263333890182 12.158867304834766 5.69235111185359 8.538526667780317 12.158867304834878 5.692351111853478 10.26203190586632 655.9366815033472 320.9544348243199 -6.4027236493653295 532.7822284498718 776.6937597735697 319.832746365708 -48.710536855333 537.3552096842741 707.5712248946483 302.96727543489817 -56.71069636422963 535.1378493112796 630.0403996880785 321.4734309957802 -69.43060253240436 546.219854619798 685.7408030442416 311.15171486664264 88.35141749740791 527.3130669207759 678.7496485288729 310.6903320582403 50.40073861354603 532.5263302452512 815.0399877124153 316.63372674341537 123.55439935693127 524.6817332677646 684.2892066934453 313.91190516492725 -31.6672091313287 538.4772736086094 823.2777155953573 313.2570841300807 -63.241480483968786 538.0776115759364 653.4427072583774 314.56964844255356 -90.47794260922926 559.9136593040142 660.3370403410778 310.55381099707984 23.34759773868175 530.0668165334405 699.5870962400442 304.2148535127832 65.05445998952571 533.4482344204768 636.9134322776077 323.70143491401467 45.91055020798743 519.7019623262394 691.821972788374 311.06259664074935 70.25845430523358 527.463571676162 849.4769322649521 323.97215185776884 -7.141041468153594 525.9202840903076 667.5254844078167 308.50983774696476 -93.60621431383922 547.8551961117164 746.6606896917517 316.62854478959963 -106.99743707799897 565.878788316667 809.3951410993765 319.1680509647422 30.429069129619553 537.751315241184 629.0477523402644 326.2762167042892 -87.21865569024006 543.5580089715678 878.3337705526775 332.12524020247724 19.291094183994616 540.5363053006838 838.7009618894776 327.84456864059604 45.77949062740876 526.8673152451877 807.5525366709735 313.70253370700505 128.36509321751424 531.16570958213 659.6257715314416 316.24912320443974 114.97617034555856 526.0320578923996 749.266513230272 311.9640391658084 -81.93459107090115 538.896031938019 732.575857215415 311.98139595960953 28.086583374814794 523.6422081015144 772.1794275055624 313.1006487087381 83.9169811182234 530.8761902738928 756.1194624193658 315.29043716316113 -71.94067382163428 533.7873037878862 637.4984436990701 316.7563974314809 84.72052640772552 524.5149098204643 828.3850502786862 317.1686413481028 98.30181108837512 521.8255887951558 699.713893013138 315.5834902654862 -20.35576420428307 529.1944878923465 724.7758524242884 309.48520248479565 57.14939796833395 519.7782112208453 787.8593365062005 312.0505784024706 73.78653396567579 524.5514602180364 798.0979325168761 310.3844166835907 120.97383378760964 528.7859873393703 781.0215226334462 316.524539148767 -68.20499448778897 543.2691936432094 727.1342229958208 312.9886348551602 0.11953056622398783 534.5936981754392 646.9919941348448 318.19226737726314 121.74709058112488 533.3320106985935 857.3538876759724 328.91035970917113 -39.525129517701025 536.4940032446799 840.2107617485934 315.4665885276765 76.49015850944278 529.0099657323403 884.776102700153 334.4773370087308 -20.5449369418373 532.9046834780208 645.1790904520697 320.85463459670126 -58.62970687750634 544.1251167997469 801.2585685623122 314.65962246103726 1.5940235818375275 528.9352040750372 674.6798766095626 314.4625617969623 66.00852374173712 523.8228632513651 731.4407988063102 317.2643589252174 39.40779967451298 535.6374166810648 846.7385729030533 318.61823153088034 -50.10904336385817 544.0838416953316 768.3997999509736 316.28634877895985 95.5374156847986 527.1435271260005 713.1058611392035 318.29536905688013 -28.300576470045364 537.152367598476 761.1303176404402 311.13965803678167 8.315644455294061 522.502008286019 666.6501205385356 314.12885300073594 -74.3094178910826 538.9440168751513 717.5358556253682 312.71606408642015 36.59559651989602 526.4554979528951 738.8269636769231 310.2528924887644 -23.287885530359976 538.3057146640253 832.8859470235196 321.0539274310554 105.31079615996809 529.5413093071966 819.5963761003591 323.3075263737121 15.112648826702886 524.1358846609405 623.7438627351465 316.8041164492156 -14.47021708152168 529.5913405512213 793.1467530658887 316.682708860074 -9.4232747042356 535.903778751187 833.7439184321914 315.2154249208285 107.14717538898492 524.1874251863431 788.0377625857077 319.10592984009253 109.89385198884867 531.789329045131 813.2441935332052 313.2782964277949 12.757818491772431 537.2261440508508 869.9237701378354 331.8221682438804 53.45989735882916 527.077056618831 741.0979930696697 315.77419028008586 -48.53740568881638 531.9272617888577 764.3789428275238 313.30449177617714 38.18491976933061 519.155123340102 621.4070046499004 322.7393546015406 -83.46676093295326 555.4754112615664 722.6523666872731 316.4937743994201 -41.00138950500184 530.9433205224235 706.1535401174708 318.61493488344735 -113.62683380784763 568.9825753579402 706.0462165058199 310.15740066768467 -37.38728250594797 542.306906709236 646.3591574685349 311.35619449942897 9.583130047082673 533.9879311969349 717.7640123443645 302.84941768222916 62.52803066900482 530.2377169352458 856.3914349407042 326.7113254477688 75.38282573877682 518.2588024661964 842.0777859573024 324.4088238419461 -84.20418493644422 546.6677874049242 669.4248060006375 317.77413383895254 -97.17645714346024 564.4689543797489 713.1717995387481 305.90148655426106 -53.951369814046885 542.2879128173953
960.0016359619214 5.692351111853506 4.26926333389026 7.1154388898168035 12.158867304834722 8.5385266677804 4.269263333890248 5.6923511118533945 4.269263333890079 9.546363028425683 5.692351111853603 2.8461755559265725 8.538526667780404 5.692351111853348 4.269263333890222 5.131015952933057 5.692351111853496 8.538526667780301 2.8461755559267488 5.6923511118534424 0.0 12.15886730483469 12.158867304834859 8.538526667780266 8.538526667780113 12.158867304834674 4.269263333890203 12.158867304834606 7.115438889816914 4.269263333890058 5.69235111185354 10.262031905866138 8.538526667780221 7.115438889817099 7.1154388898168435 5.692351111853607 7.115438889816997 7.115438889816768 4.269263333889982 8.53852666778035 7.115438889816916 5.692351111853478 7.115438889816943 4.269263333890193 4.269263333890152 12.158867304834878 5.692351111853532 12.158867304834834 8.568123036134839 10.26203190586625 5.131015952932991 4.269263333890151 8.538526667780319 5.692351111853462 7.115438889816793 5.692351111853627 5.692351111853491 5.692351111853355 4.2692633338902235 5.692351111853474 7.115438889816974 5.1310159529330726 7.115438889816875 5.692351111853404 5.692351111853578 4.26926333389015 7.115438889816871 8.538526667780259 4.269263333890123 12.158867304834795 12.158867304834718 5.692351111853499 5.692351111853558 8.538526667780273 4.26926333389026 4.269263333890124 7.1154388898168754 12.158867304834658 5.131015952933183 5.692351111853649 4.269263333890272 4.269263333890071 9.546363028425725 5.692351111853364 5.692351111853524 5.692351111853562 8.538526667780289 7.115438889816991 10.262031905866104 8.538526667780403 7.115438889816895 4.269263333890092 5.692351111853588 12.158867304834668 4.269263333890211 5.692351111853564 5.692351111853517 4.269263333890103 5.692351111853585 12.158867304834699 4.269263333890048 5.131015952933114 10.262031905866282 4.269263333890122 4.269263333890348 8.538526667780335 5.692351111853531 5.1310159529330575 12.158867304834759 0.0 12.158867304834772 4.269263333890065 12.158867304834747 7.115438889816742 0.0 5.692351111853477 10.262031905866131 5.6923511118536885 0.0 5.131015952933144 5.692351111853501 5.692351111853575 5.69235111185358 0.0 5.692351111853552 4.269263333890149 12.158867304834844 8.538526667780275 8.53852666778049 5.692351111853666 5.131015952933248 12.158867304834875 5.131015952933187 5.692351111853689 0.0 17.07705333556061 5.131015952933101 0.0 5.69235111185354 4.269263333890168 5.692351111853505 665.2820767418513 317.0483981960389 -22.8740422615317 531.6805848479416 787.9609472744919 316.88861179190576 -62.31978948484095 538.2577114498933 717.8238621718215 305.3542278054571 -71.1353147546804 536.3002819370028 641.9358312810639 322.0036462052201 -81.05247062896706 551.7394877334655 699.9727466998739 308.6242010851933 76.41242834142852 527.8218401597221 696.0528974749916 306.8401184708663 45.251973753122236 531.260648855749 829.3381560568121 316.5126775306832 112.73541778956516 523.6547344336708 693.7800377217792 312.59726078464814 -45.74961703805568 544.2390385988332 835.6976550524838 316.64307545234414 -77.75218949801086 541.8213845704223 665.1821619208082 310.60042955338224 -93.67558881185236 565.7939356887377 669.7231517695044 306.7138125608941 13.309352805444146 528.6873866056512 710.6775052918161 311.3061557039699 52.947927794311084 530.1278098729508 651.9215093704886 322.9755969673973 42.33144624741309 525.3755446666064 706.807121899731 308.603411742558 60.26079832914156 533.3954615416111 855.3426134895896 329.2990948544056 -17.182329134041364 524.5656328352937 675.4837535761054 310.684161983179 -100.06780608712695 565.2085506370256 763.2277940357478 318.4519074885517 -118.4134773940921 571.8232139774377 820.437310833626 319.96811373708846 18.587592348265574 535.5613280838173 644.1213831211917 326.62550503276657 -92.03904518191251 549.8422712540595 888.0522490489066 338.0714521910818 8.966927514576888 530.7109782312609 850.712625600819 326.5400821094908 33.17963224692189 528.500460377448 821.3018656765636 309.9187755033523 114.1733965679247 529.7446127719537 673.9054718053707 318.153985938588 103.53421665328165 519.0157811050888 760.2416062086373 314.76685429703195 -97.13249319080103 546.1749096259697 746.8315797008008 312.3392561960487 17.538312283265835 523.5920789346948 783.1542255183607 314.8469882700252 70.7990053318652 530.257237508036 768.7159763472137 317.017567746743 -78.97247761207488 538.1061759376998 646.8732488511524 313.9320781280711 71.86011665302652 525.051858912194 838.4365824150557 320.37781230622755 84.50147514934312 528.7185139579125 709.1953418973111 315.57430068563343 -35.56087965766665 526.6221804438611 735.9652831670879 312.05638847071594 45.82872213049949 519.9167740181779 802.9287317643299 311.7854351868314 63.23696171462562 524.5351185545244 810.8175418323635 310.0465612723422 101.96619285261893 527.1584497450193 793.2178946882813 311.28849677612993 -79.21199456335562 544.9387278730624 740.6455607480889 308.5168884750501 -16.847893517882962 534.8102771887013 658.0035432175799 316.54368344740436 108.61398379296841 532.8436228375001 869.6135450965375 333.7683078596549 -51.263636545215135 541.7276111255367 853.2190046607561 320.8587184737516 64.39976516346546 529.3500012999273 898.3417935371675 337.94582471021687 -30.83330926823534 534.0562009692428 656.2867390890929 321.5641839020432 -70.28630920513073 549.5128860510658 815.3621627715313 316.80523111295395 -10.493040262665106 529.2496812096948 690.3532332866133 308.2297093246859 55.702797604302155 521.3050106181071 738.6176905487705 315.0616676083708 30.650858766814093 532.7521077774583 863.9213995180421 321.43831740720293 -60.945213994872546 543.1037564757021 779.41845745182 318.0142871556023 77.60519028663313 533.764247788418 728.9418701185483 316.0667525165216 -40.399798330884565 537.5554804624875 773.7175647280534 312.9149279943795 -2.217636015786793 526.101202590839 683.1702420621175 310.1557815514016 -88.03951266507192 542.6396111257541 721.4371624439381 315.11551682551493 22.975461758100995 530.7474846867997 755.4634049484932 309.5716464039635 -30.992839681182105 540.0939056684169 845.4898556319403 322.11290016143073 89.77701450262337 522.2315187746439 830.7224811186999 322.9928951971714 5.594963108635782 525.0700403003766 632.0431914549539 323.44978923443284 -28.63447759586705 527.9751765212039 810.2284333084796 318.15795893809997 -18.940000113135795 536.865881305962 846.2391399174189 317.4627228006737 96.4942423204841 516.9655317669678 798.5165801731197 316.1771156477268 95.38473691203805 525.4800596326539 829.4427716512962 308.5423433527676 0.13427070299709776 531.5726021964111 882.1093173469877 336.87006632880673 37.77765954231424 529.4140836805042 751.3328239722159 317.2718331943995 -54.80800801309865 532.9303705238779 776.9165771950056 316.2726673044548 27.91217279837285 523.9080641226028 637.4180184176203 325.35596248153877 -88.28086652176177 561.7807814051808 731.2545930876144 321.373747820011 -48.91572593423091 535.278268407558 715.6219079964691 318.6372737300237 -125.43061285509424 574.1870981314767 717.096978700498 310.1718675416918 -53.08164570940344 544.8220363952132 654.2267822412614 309.84518885596304 -4.834011108197356 531.1713052118499 735.1610799170803 303.07992714051744 47.33501326343251 527.6117228881076 864.2618413607836 327.5282136278035 67.14344381417789 517.7173497933085 860.2594967031372 324.89870637502264 -85.47457854672102 556.872298690917 685.1698072004698 315.6632271913452 -105.57603420044661 569.4741772014736 727.4124648910157 306.013428528306 -67.24935585272316 544.4128276083947
970.0016359619214 5.131015952933061 4.269263333890176 12.158867304834727 10.262031905866316 5.692351111853405 12.158867304834766 4.26926333389011 4.26926333389019 4.269263333890251 5.692351111853579 4.26926333389018 0.0 8.538526667780362 8.538526667780202 12.158867304834763 5.692351111853514 4.269263333890232 5.6923511118535695 12.15886730483482 5.6923511118534815 12.158867304834573 8.538526667780225 5.692351111853474 5.131015952932929 12.158867304834613 5.692351111853582 4.269263333890151 4.2692633338901045 5.692351111853708 5.6923511118535055 12.15886730483469 4.2692633338901755 10.262031905866104 0.0 4.269263333890249 0.0 5.692351111853362 0.0 7.115438889817101 12.15886730483471 4.2692633338900485 5.131015952933132 0.0 4.269263333890258 5.6923511118536885 5.69235111185357 12.158867304834818 10.26203190586616 9.546363028425764 5.692351111853537 5.692351111853556 10.262031905866078 12.158867304834827 12.158867304834757 5.6923511118535295 5.692351111853572 4.269263333890195 5.692351111853539 5.692351111853414 5.1310159529329615 12.158867304834931 5.6923511118535925 12.158867304834862 5.692351111853564 4.269263333890216 10.262031905866017 5.69235111185355 4.269263333890137 5.131015952933158 5.692351111853573 0.0 10.26203190586634 0.0 5.692351111853566 0.0 4.2692633338899775 4.269263333890151 8.538526667780433 12.158867304834791 8.538526667780406 4.269263333890241 5.692351111853501 7.115438889816962 8.538526667780257 12.15886730483458 8.538526667780454 8.538526667780353 5.692351111853579 8.538526667780248 5.692351111853595 5.131015952932947 12.158867304834706 8.538526667780408 4.269263333890011 5.692351111853578 9.000397377424596 12.158867304834926 8.538526667780475 10.262031905866332 0.0 5.692351111853554 5.692351111853584 5.692351111853394 7.1154388898170335 14.230877779633731 5.131015952933124 8.538526667780392 0.0 8.538526667780337 4.269263333890009 5.692351111853614 5.692351111853512 8.538526667780241 7.11543888981697 0.0 5.692351111853566 5.131015952933114 4.269263333890001 5.6923511118536405 5.692351111853577 10.262031905866232 5.692351111853489 5.692351111853548 12.158867304834716 7.115438889816968 12.158867304834907 5.692351111853357 5.692351111853575 4.269263333890146 12.158867304834777 0.0 4.269263333890101 7.115438889817056 8.538526667780193 5.131015952932939 5.692351111853577 4.269263333890184 7.115438889816942 8.538526667780337 4.269263333890303 673.0617646324804 310.95314777341866 -32.65110877114247 531.5600177990206 802.9597363108604 317.9108597179167 -76.69752862056336 539.6449327737001 730.4403050072069 306.79199484990625 -83.9820996525915 537.3755779921136 649.7288502892812 319.33120981177154 -87.7813608417278 551.1917832433127 714.1721581542693 314.6682048819759 65.09314424672148 527.9762098154489 708.6419005706614 312.7936585888216 31.386172273214655 538.0450714744267 833.8538791950207 319.2984793324889 96.70136155196552 517.7075196437992 704.8395857695093 316.2018729566952 -63.161377031957045 546.2127755115124 843.3332818296369 319.7479237662902 -94.71013692584638 542.9003669592859 680.1462097675019 306.7719929870542 -107.50811515072519 563.783638439 684.7314594127594 305.29403085351214 3.5251948752810267 528.4851198656613 723.2850257403858 315.06151967937393 43.170884691295576 529.9107430202673 665.3637553357316 322.57593523979284 26.386047919572597 526.5517462767419 716.2936846813886 308.67591187137896 49.96003049461702 530.8686057317203 868.6914329583637 330.8617076766585 -26.370716204493572 530.3746972881661 692.0607732639039 308.1510172543356 -108.825026142643 571.5869324533518 775.8381464382915 319.14062019859983 -127.46003789950167 574.7095897281206 828.1006262603337 322.99479261363894 8.54489106439793 534.193814752244 656.7811428710511 326.1666248315031 -101.89589875348864 552.7402997058598 898.8771411998009 340.0405800958021 -5.695968163424314 530.4152332315856 857.6599446402787 328.4602978948143 18.251309882403127 527.0185824736412 830.7834047297748 310.722426597158 97.9526246775026 529.9312850944303 684.8724888777201 312.08022090033836 87.63915251608135 523.9621325178036 772.1360587472627 314.212426525771 -110.1144673459554 552.4950841796906 761.8827075945776 313.0604028458535 6.2175551036379675 523.7339910780064 795.9187995650553 313.30749742245473 59.51994821229483 537.6936673699062 781.6132022582217 313.0056710302842 -101.25076245396066 540.6861193426467 659.6581983437965 318.27236245609726 59.752155150823896 521.734110445057 849.206274692504 323.8099538008502 73.71172180231758 531.1950756355271 718.6570338962631 319.2687859370404 -50.58056255152414 535.1679267530985 744.6606884365103 312.3644179070442 37.37525217018047 529.1260630535427 815.5434267332976 312.7560387095333 48.308771336858236 523.0616348926336 823.3349515850756 312.237657850416 84.74498464080921 529.9594980401715 802.6672078835866 311.95752173644814 -94.8585556316397 550.5880864683634 756.4158080351369 310.3083486536929 -25.853524607354085 534.500311716767 666.6501499306717 313.9614888020061 91.13222001427575 534.5269525018801 880.7230969950923 334.23459499019805 -68.22621923917684 542.4328986264682 863.8491544535208 318.4487667184564 57.19878579321884 529.771995668485 908.2521558441695 340.7489608940465 -41.457434884623076 536.2854467521291 672.7921538510337 317.59637867205817 -79.11977326462309 553.1744453571995 824.2292265515491 315.16026657225973 -20.772571441246445 530.4224101655215 706.9311534359716 304.68078606705825 40.28168757834245 524.8000417476354 749.6946309313929 315.4735511991769 19.34871935592669 536.5261062715849 872.7806974616387 326.36129132627156 -76.98106925899472 547.3758898446063 793.7124371783236 317.7208216210564 65.24873270305959 532.9414365536638 739.2665003892635 315.161340723574 -53.815248722246125 540.9138279892833 784.8915521944014 311.1856510882205 -12.466935995653134 530.8928861740629 698.9313824521937 305.32741566005154 -103.24980743732486 547.0105561901916 734.0792113970707 315.4420214357776 13.967695860882202 530.3568836400149 765.8004597626615 308.86945964748776 -45.099064092381965 542.3053471340221 858.218640440951 322.2404706632222 74.57816887681572 519.653744269243 840.168312140616 323.8708488985495 -0.8312440526432867 525.3250519173706 644.8881283596946 327.66263852819014 -43.25182465015215 531.4783912440245 817.230314917203 319.8955124862159 -29.444271520324733 540.5457693668691 852.4019763689191 319.27769777451505 83.90770434818467 518.6767958202204 808.8489875521917 315.75732731557815 77.63313573682638 525.941395906558 838.1327039272571 317.64664563422707 -10.66058207805737 534.0588343808892 890.0080908850183 337.0517995448675 24.66993225903078 532.381831263037 757.639322616629 317.5481442052191 -64.78627116169028 535.5084509914415 788.9263253727141 315.8156126962749 15.55778077633852 523.058365684111 649.9692727350815 322.4824372817727 -99.23074723127553 563.7836966795126 744.8111362236589 318.2457676636128 -59.1394576768386 542.7873216454401 728.2550943422691 320.07089541271273 -133.62960043197145 580.2169867851381 728.1353735701713 311.5937753052305 -70.81841278389966 551.8630780012046 659.0408819168032 312.0733773593193 -17.66382209139076 535.3628431853921 746.9321285640689 307.01056695336155 31.403888350223156 532.4347940525835 876.670095261528 330.3875940144541 54.03916803175338 520.7002182346729 868.7176858886992 327.08824239719553 -90.02800119156363 558.1991435798434 696.1915121189058 313.24201496515565 -119.15326121365308 573.7018691393012 738.4080937849998 307.49512571390824 -83.42264863941894 545.1203730097774
980.0016359619214 5.69235111185372 12.158867304834875 4.269263333890145 4.2213445664276765 7.115438889816807 12.158867304834773 4.269263333890058 4.269263333890184 0.0 5.692351111853594 5.692351111853438 5.692351111853548 5.69235111185368 5.131015952932978 5.692351111853476 5.692351111853567 2.846175555926902 5.131015952933002 5.6923511118533465 4.269263333890067 12.158867304834766 4.269263333890288 7.115438889817036 5.6923511118535535 4.2692633338901524 5.692351111853525 12.15886730483466 12.158867304834747 5.692351111853492 7.115438889817008 5.692351111853742 8.53852666778032 7.115438889816909 0.0 5.69235111185368 7.115438889816885 10.2620319058662 12.158867304834727 7.115438889816851 9.000397377424706 4.269263333890242 12.158867304834788 7.115438889817006 4.269263333890182 5.692351111853722 5.131015952933179 5.692351111853548 7.115438889816985 5.692351111853709 5.692351111853556 7.115438889817011 7.115438889816958 4.269263333890236 12.158867304834796 5.692351111853724 4.269263333890273 7.115438889816906 5.692351111853562 7.115438889816965 5.692351111853584 4.2692633338901045 5.692351111853502 5.69235111185346 12.158867304834773 12.158867304834597 5.692351111853514 8.53852666778035 4.269263333890272 5.692351111853693 4.2692633338903505 10.262031905866177 10.262031905866236 8.538526667780241 5.131015952933204 5.131015952933157 5.692351111853578 2.9884843337231684 5.6923511118535055 12.158867304834603 5.6923511118535215 5.692351111853742 5.692351111853596 4.2692633338901205 0.0 12.158867304834736 4.269263333890217 7.115438889816919 5.692351111853517 8.538526667780365 12.158867304834667 5.69235111185344 5.692351111853555 5.6923511118536085 5.6923511118535295 12.158867304834827 5.69235111185356 7.11543888981687 4.2692633338901125 12.158867304834692 5.6923511118535695 4.269263333890282 5.692351111853589 4.269263333890135 0.0 17.07705333556059 5.692351111853572 5.692351111853397 5.69235111185354 12.15886730483464 0.0 5.692351111853377 5.692351111853568 7.115438889816958 4.269263333890011 5.692351111853395 5.131015952933183 0.0 5.692351111853579 4.269263333890123 9.000397377424711 4.269263333890083 5.69235111185359 5.131015952933245 7.115438889816853 12.158867304834631 3.9846457782974474 5.692351111853434 5.692351111853572 5.6923511118533465 7.115438889816972 8.538526667780394 0.0 4.269263333890225 4.2692633338900725 10.262031905866168 5.692351111853616 4.269263333890255 7.115438889816772 5.69235111185339 7.1154388898169305 684.1432939975814 312.06527362237364 -44.90761821444197 534.6474663656787 811.5136198686333 319.83062885403154 -85.95291288073095 541.2681088027008 739.2272747394817 304.7334597162432 -91.57393969478633 539.5821853728689 658.3897886713428 317.9386926743466 -97.483154344922 549.1171657729453 723.5031162756596 320.830097792855 55.579108172167345 528.9224126535354 720.4725863513584 314.23662879200793 12.095360859063959 538.8004613788258 845.2812437810331 324.132255763347 82.8108239873388 517.2744011494289 716.6789857437956 317.6025115143053 -77.66266160093468 550.1984953633438 859.2635597956337 326.50113894439096 -104.06710847474626 541.9628665066358 692.0208815369886 307.96400672171563 -116.60129511335629 569.1162701344252 698.960581854722 305.33672868275636 -7.487176291813095 533.4982195735619 735.1310688743656 315.4320659264092 26.178139275633324 526.477338398797 676.2973664443219 312.93468968574456 15.856993847867155 530.1737784507011 731.9418508417675 313.8709160017445 33.24575600323382 532.2322238401815 880.3518169499811 332.7593942180151 -39.20640707169376 531.1041805999236 706.2964563692008 309.4552222232216 -120.09141180580521 572.6827695387569 794.7727973852467 320.4543739639432 -137.257661089867 580.3745496892267 835.0721871188921 324.90058625465815 -4.533013793880187 540.8836497766724 671.0278304080598 327.070274186953 -116.43090930822922 564.6529684891489 910.4406137099779 338.8309770484801 -14.93860212959909 532.5955288728949 871.3407088312003 332.7957434548742 6.423298257361569 528.5226183965295 843.2971897153599 313.2146900423804 87.43767644518798 533.5847617413033 697.510383874896 312.1110804623867 78.60748489613331 519.9554751257577 786.1053416734503 318.7035511305287 -122.28703602623024 561.2587655255263 779.2476442182409 314.09255603615327 -4.0235573569894285 528.5539922598027 805.5316927506287 311.6845151440072 44.06676386699462 533.9056416285923 791.6066951085028 317.2774334781479 -111.85728418662929 543.8605879429558 672.3499721076845 320.43888314677787 49.20446049380804 521.6968151167991 859.6063463529423 329.92893475322103 65.21333563852907 529.4802505304436 734.4317748868482 320.91525162322085 -63.73751219309576 541.1153109764809 758.9209009747358 311.85194972438705 24.535606253985396 533.262853823929 829.6919202041224 314.0785232132636 34.95639715309076 528.5263878100877 838.6822478486885 317.3544751580223 76.98995116303692 524.4374201156222 815.1142068625871 314.1871225259403 -104.4775208066549 546.0380263843456 769.972828332392 308.6757866308823 -37.39009247163747 537.342114977078 682.4902383653804 318.5569908269238 82.416329435873 538.9702263722393 890.289143375765 334.8635983330842 -83.03196650200601 545.3434905934075 877.8544911181664 326.5860618273069 47.15966622814153 528.4018637617506 917.4130665315852 341.0066071575579 -52.93763591451443 539.2501549594484 690.19351796387 321.04753263186245 -92.68910909067964 554.6473835488172 835.6898320598871 319.900449244554 -33.06750204275459 533.4196363393929 722.6470260888257 310.90254430536186 23.549017476028837 522.5226783708766 766.8607416254066 312.81470328786975 5.209750022577925 538.5513976613862 892.9876190515835 329.8361540025109 -89.46635835521097 549.7405234984504 804.4799343183229 322.10865877707744 54.96367436775012 534.0632215408458 751.2452199353863 312.13260848609985 -66.93957117655722 546.8946910865245 791.2714107699124 310.45715425486355 -23.61909167504376 533.5698656585489 713.1730692620607 305.53837313180327 -107.82860197557142 559.1988712650453 744.4094936422802 314.66444137510075 1.6357642262498688 533.1973892407425 780.15421482708 307.3878467594946 -57.306747805763976 545.5035570572749 867.5735773738633 327.42799077115455 61.9822079082899 521.3072925179246 849.019070074773 329.6730802087227 -10.0725038119187 527.4911621219594 655.8625638659454 324.9837152903932 -58.576503658475936 535.4281686103084 824.9932214326213 321.81522502475224 -45.7483126575575 537.2921568004103 863.8582221998026 323.2101678562848 73.36398017499747 518.6614000078118 822.2209569546751 316.96292000931504 69.90499479505955 524.055964403127 850.580246164511 320.2807579949952 -19.907734472747126 536.2658673155864 901.3344807020969 336.95234502637135 10.532701616574153 534.4040629611532 770.2668640484452 318.25441308626773 -73.93507091465813 538.0305151569491 799.1715837773427 316.5761139180895 0.3782939995874668 524.1239567386871 665.021273030952 323.2942953751475 -107.87799281687703 565.1895980272466 758.3232188272077 316.5269073040064 -70.10418140111729 550.6774092235537 742.5428135832844 319.3946788867891 -140.61553368107826 586.3500272396163 739.9807328631588 312.00186200195714 -84.51562138006584 555.743086868931 667.0022440598578 315.49602441384263 -25.76662398926622 542.1993558215605 761.1825729281392 306.5216057817722 18.167318979436455 537.6283097868845 888.2787529036691 332.55257470273165 41.44058163050661 522.3441234598184 885.499894810918 322.61075004744384 -98.77571610703428 562.0643896985198 708.8154918825478 314.55934458270696 -127.82477307996659 577.7278045221278 752.7798569843972 304.54174123769485 -94.70746188808405 545.9463517529379
990.0016359619214 4.269263333890176 5.692351111853493 5.692351111853415 4.269263333890276 5.692351111853622 7.115438889817048 9.027684420774914 4.269263333890044 7.115438889816998 5.692351111853517 8.538526667780259 5.131015952933117 10.262031905866255 0.0 0.0 5.692351111853583 5.6923511118535135 7.115438889816807 7.115438889816897 4.269263333890214 12.158867304834734 5.692351111853559 5.692351111853542 5.692351111853543 10.262031905866133 4.269263333889974 5.131015952933178 5.6923511118535 8.538526667780388 10.262031905866202 12.158867304834923 5.692351111853526 7.115438889816818 7.115438889817056 5.692351111853439 5.6923511118535615 8.538526667780333 7.115438889816815 10.262031905866268 5.692351111853581 10.26203190586614 4.269263333890035 7.115438889816903 5.692351111853556 5.692351111853428 5.692351111853592 8.53852666778036 12.158867304834814 8.538526667780303 4.269263333890277 7.115438889816932 12.158867304834834 10.262031905866275 7.115438889816907 9.000397377424468 4.269263333890224 5.692351111853407 5.692351111853533 8.538526667780385 4.269263333890314 5.131015952933125 12.15886730483479 2.8461755559267576 5.692351111853512 4.269263333890087 4.2692633338900485 12.158867304834825 9.000397377424628 5.692351111853378 4.2692633338900166 12.158867304834855 0.0 8.538526667780365 5.692351111853503 4.269263333890141 5.692351111853514 5.692351111853724 5.692351111853555 10.262031905866253 4.269263333890102 5.692351111853386 12.158867304834802 4.269263333890091 12.158867304834756 4.2692633338901524 8.53852666778017 7.115438889816826 5.692351111853521 4.269263333890232 10.262031905866356 12.15886730483465 5.131015952933047 4.269263333890074 4.269263333889995 12.158867304834617 4.269263333890225 12.158867304834768 5.692351111853539 8.538526667780305 12.15886730483473 4.269263333890176 5.692351111853516 9.000397377424665 5.131015952933101 5.131015952933245 4.269263333890136 5.692351111853578 4.269263333890157 5.692351111853426 12.158867304834798 5.692351111853673 5.692351111853572 10.262031905866204 0.0 4.269263333890102 5.6923511118535375 0.0 5.692351111853515 4.269263333890185 0.0 5.692351111853428 5.692351111853516 8.538526667780232 7.11543888981699 0.0 2.9884843337230853 5.692351111853573 8.538526667780513 12.158867304834834 5.692351111853556 0.0 5.69235111185356 4.204460580182932 5.692351111853524 8.53852666778032 5.692351111853578 4.269263333890054 8.538526667780191 12.158867304834954 4.269263333889991 696.0176887056732 309.80093894175917 -53.454960216944656 539.3903488376 822.3308491088443 314.98461352452745 -98.6091629113387 537.5917375701964 750.0632778417969 310.00446556600383 -107.38115675534183 541.8618500812854 670.8606291065328 319.30497987402157 -106.75656471518113 558.5295744120356 736.2519423566389 318.96592721595005 45.82180525123872 532.3616987657927 730.7714940405717 314.59520777190426 -0.7041240532622973 543.0289592090907 854.511806321302 326.6210936116699 77.14994866723325 517.3536558154376 724.4571817909123 321.4215955373296 -86.75419313873516 552.866309313371 870.9206531663904 323.5630775164706 -115.1188155255291 549.0905969456197 704.6610986224422 308.17351832733743 -123.77334667841552 572.6543569255954 712.3277918297994 309.1928957099879 -19.576676566865974 534.0208192472616 743.845852448928 315.8101871344148 16.429159381770816 529.9473940483299 690.4932420415767 316.56592207698765 8.1567672386851 531.9697115149698 742.3249213293286 311.9590733753484 17.835304779417548 535.7807129671373 889.1980278982895 336.8540921867101 -48.40555799450521 533.525524349155 718.8743109344531 312.18258296414064 -134.77399184764238 578.6736094676983 810.7905839004638 319.47172546133777 -149.29014053106667 584.2773275420114 846.0735971509052 326.3303195652907 -20.99831148214041 540.0116538848386 682.1031175476709 318.74375852219214 -125.47252919214567 567.5422357584046 918.1746809619874 340.4796208850008 -25.492347070199624 532.774886614322 883.3230902904985 337.3823263401065 -6.165248925929655 530.2895707286668 856.5968632776463 321.0063329020592 78.16480142154386 532.056870372273 709.3423195128336 313.55087983312285 69.35816554776909 522.0665397000686 792.6447985504471 316.8556249838112 -133.3003315953675 573.5143207018544 788.8137073436285 313.6162856231223 -15.347225796479592 528.8530285672923 816.5581935107996 312.7447604855823 29.934683985327563 535.9276418999513 801.6420697661378 320.50813784583937 -118.80176638959894 553.4794387763752 682.6600197939106 313.32222228730524 44.35591827293157 528.8831312249906 868.9764892144711 331.4495153338499 54.68458638866883 533.0925813445178 742.5224093610248 317.708004687541 -72.2335387421652 545.9746914180001 773.2859773905709 310.3817467901968 12.51145822943717 540.926404228679 836.3051182549717 318.4514905455062 24.170364807776522 531.0053128400777 848.7580746490557 319.81254858949785 68.77411521317225 527.5262544757742 829.4945454376985 313.36769311374763 -114.41131395935555 554.08795571506 784.0810485954704 310.8537220408243 -48.26057230982258 542.6418052059958 695.1369021705627 318.68066743094494 71.84640151878685 535.3018025745878 898.0531804471219 336.440021789263 -91.52211978023776 544.4774387628804 888.4061894317355 326.1546500827407 35.8643664145201 532.199950779697 927.3590752404995 345.91851499475615 -66.29942390623887 550.3006264734023 701.3117035735219 315.2758553477952 -99.20823825340209 560.3447300730813 843.0952759737069 324.45095154270393 -43.96765895074755 538.699736056319 734.5498742457179 310.1648221280464 9.831367404514868 526.3934454386915 775.4861178289357 314.5600225525872 -6.84147257641145 542.6338434545979 902.5805397118286 334.20185960789104 -100.46771372298228 554.3008807324717 816.1874378367488 316.089453612191 41.09164780384643 537.2242067776946 766.9711197068576 314.2433948956446 -79.8674728312338 550.6054159101271 798.8587953783052 314.649562324411 -33.39320033898817 533.5869343275468 727.2833547642982 310.7335924649752 -117.59770450027497 559.7761049133843 758.5653606336958 316.60598543117845 -11.410122176606846 536.3398146795056 789.42680503645 310.45597337904644 -72.44985468519596 555.9293128391553 875.5384793547344 332.38727184054216 52.73204619117791 523.4130510138749 859.1524546216908 331.17397611552855 -25.23668452607988 528.7731952445172 672.5067339659394 322.5465275117256 -65.88138515524761 538.6807786661453 836.8723772761473 322.0151959213292 -58.56321756896362 544.4033608497429 880.7906681880935 327.2220262517369 62.307738557764814 519.9637623359255 830.5735191896332 320.30377815553584 56.79999189390224 527.0380980932731 862.936796248061 323.3340415072858 -28.99127482347292 542.2243310703935 910.3735697722149 340.07900481857877 -3.0891798368851013 535.1838006358781 782.7123519874972 321.49858161067897 -81.18967128428396 541.3616374594795 808.8417572160006 315.06026295837 -5.5034679551192935 526.7504293091218 676.1210498008552 325.6029950051522 -118.07759620419576 569.6616111222319 769.305945824571 318.3880110712951 -81.93516976673637 555.3335715279618 756.0334883492704 318.8809981034476 -149.10329887538467 587.8568961277094 751.7711368669148 313.7768196326155 -89.07052112233292 557.097636303589 675.7105772474304 316.6488804191726 -36.11464124919783 539.9566526564464 773.0242488637472 307.2734410007307 7.184892512152079 537.2483762189242 895.7872267493999 335.2345539327389 32.192104297709044 524.4617961313595 895.7087528690155 328.2119552965691 -110.85307319752782 565.8164830545098 719.0928784633309 314.84754195428803 -140.61227579711127 581.8703473852585 758.8751550944104 309.0977458933757 -106.05658017074103 549.3985072410275
1000.0016359619214 5.692351111853724 12.158867304834747 10.262031905866117 7.115438889816947 5.692351111853566 12.158867304834672 11.384702223707034 5.692351111853508 0.0 0.0 5.69235111185353 10.262031905866282 10.262031905866126 4.269263333890264 0.0 4.26926333389021 5.692351111853495 7.115438889816774 5.692351111853596 4.269263333890313 7.115438889816878 8.538526667780465 12.158867304834736 12.158867304834763 10.26203190586617 8.538526667780152 5.69235111185374 4.269263333890075 8.538526667780314 0.0 4.269263333890252 7.115438889816868 8.538526667780397 12.158867304834747 5.692351111853675 5.692351111853541 0.0 7.115438889816817 10.262031905866174 9.546363028425677 5.6923511118535 12.158867304834782 8.538526667780271 5.692351111853545 10.26203190586629 0.0 4.269263333890094 7.115438889817081 8.538526667780376 4.269263333890064 5.131015952933156 7.115438889816984 4.269263333890087 7.1154388898169 7.1154388898170895 4.2692633338903345 12.15886730483469 12.158867304834791 5.692351111853724 4.269263333890239 9.54636302842582 7.1154388898169865 4.269263333890044 0.0 6.928501454511205 12.158867304834747 10.262031905866122 4.26926333389021 5.131015952933125 0.0 7.1154388898168515 0.0 5.692351111853548 5.692351111853547 12.158867304834732 12.158867304834786 3.9846457782976383 5.692351111853586 4.269263333890099 4.269263333890173 4.2692633338900725 5.69235111185354 8.538526667780374 4.269263333890065 5.692351111853479 0.0 7.115438889816805 5.692351111853575 5.692351111853396 8.538526667780394 5.13101595293302 5.131015952933092 5.69235111185369 4.26926333389009 5.692351111853371 5.692351111853543 8.538526667780369 5.6923511118535135 7.1154388898168675 7.115438889816951 10.262031905866172 5.692351111853512 4.269263333890243 8.538526667780202 5.692351111853686 4.269263333890218 8.538526667780264 4.26926333389011 12.158867304834967 8.538526667780225 5.692351111853627 5.692351111853561 10.2620319058662 7.115438889816947 7.11543888981704 12.158867304834766 5.692351111853422 12.158867304834798 10.26203190586611 4.269263333890066 7.115438889817001 4.269263333890124 8.53852666778027 8.538526667780404 12.158867304834674 4.269263333890168 10.262031905866207 5.692351111853534 4.2692633338900645 4.269263333890172 5.1310159529330726 12.158867304834793 4.2692633338901995 5.692351111853543 12.158867304834907 10.26203190586609 5.131015952933101 8.53852666778035 0.0 4.269263333890147 706.2678112279714 311.2621448814816 -60.410021953987204 543.8437034284544 837.2453061408063 316.8787232934919 -107.88940754611185 550.3939702294142 759.6680224645676 308.2236795286931 -117.37773139261168 554.9407005945505 683.5187717841242 317.00223999620783 -117.66381651835513 560.7367212462094 747.4331570985238 317.19142480107854 37.11346060475194 536.802616916926 741.9559764631751 312.7788169467222 -10.352331394957965 536.8686899960071 867.9150393270312 332.472928290047 65.08068621544979 521.3240355080192 734.7761531157342 320.71629336437917 -94.02426186125273 549.5739651327403 881.5955837434474 326.77435113280023 -133.21839485119807 554.830662916955 717.2165642443268 312.1487312333847 -132.4578109611362 579.199921378485 725.0318501415477 308.4969144658122 -33.921059210193995 535.3085984265094 759.5323655662102 317.9245402598738 6.384207273386209 528.6893162753776 704.6444730397236 319.269675287127 0.7585474780945198 534.9803025480785 751.0753872692399 311.2821496756421 10.128296742371743 537.6084615081033 898.8239907956981 344.876530857252 -52.03076918248747 538.233965116577 731.5162147090205 312.70092141471196 -145.28567933108113 587.009656096721 821.6960659615804 321.89206498833744 -159.82314824456944 590.2349586270511 861.174984323485 332.2786938329264 -30.483184350570717 541.2345888366793 693.196147505205 317.7251616185307 -137.16685666228105 575.0582512036524 927.3746526041796 349.89314289366234 -39.37618107854623 532.7488728274262 898.1988758303601 335.5651977557195 -23.52557121357957 535.8711455491558 866.1307700401408 326.17721385722825 66.31844745739305 529.8960766301332 720.1809923845547 319.8743821625047 57.511859842438625 519.9057540550855 805.0245748819013 320.4150033230003 -143.1175261578393 581.6850299868324 803.1318296133942 313.75054554051775 -24.825353582055218 530.038841580935 826.4750232067292 316.3310541508425 17.891108309672624 539.9802528984845 814.6207785198116 318.2792295166867 -135.7896734799941 562.6436612407741 698.4355533082042 314.77906764691534 31.002086958991 530.7531332557148 884.9378822953726 332.0543498404456 48.25672433064765 533.3553618676901 752.9202220325841 315.9286518346458 -83.86014592998418 545.7137276154529 787.8906841889426 311.55468881909354 1.1859873008884483 541.2086461495378 845.198812602013 323.29388280429015 12.855716771682602 531.25150364502 861.5618118523761 329.79290063900044 58.99656622345095 527.3277988997179 842.2259123513016 313.85757546693367 -123.88382557723571 560.8295392733669 797.2482187261635 314.40361055406225 -60.00259488062421 547.6299022019782 710.1638235511116 319.0750617052532 58.45946635542487 533.4927567722889 911.2282878379474 342.89542822889695 -101.05621761010799 551.1259813821133 904.3759252172238 327.0231374157016 22.774193204134807 535.2628920110682 936.8272642235102 352.3661227574978 -77.24168992490088 552.2790666451052 712.4143091882466 314.42876888024904 -108.26469367256597 563.1756517708512 850.7989115583297 331.59293100186835 -52.18575031426738 544.6612409428378 747.430580779976 306.0796141603597 -0.638175899936994 530.1303459258249 791.2432976711757 315.8839439804396 -23.01100051604964 543.0204055346434 918.5386431610051 342.52630523462136 -109.87302602650611 555.9981831452251 830.8384318855155 320.2617205518329 28.99966513667371 537.5921336832685 781.2191424351304 314.1173303121739 -87.03143783723075 551.5292362778064 810.9040839432046 313.50411798387177 -42.55298299952724 536.0427951200633 741.6177405545913 309.05630207630156 -130.81376627304275 567.7449443283955 773.1647552413409 311.6477333983046 -28.18554324745151 534.4821693031677 805.2757661871045 310.7586914162831 -82.97241264425362 556.5872633032566 890.8786407789421 328.1400209743079 40.67096105070019 527.4026980795472 878.9634068101096 337.09876066423294 -32.70039188144942 528.2583070014573 686.7423034379896 323.8338134914763 -73.14951867746306 542.034986678258 854.6779010275502 325.7778861392908 -67.01919810192653 549.303775774877 898.7979210128044 325.9798859531138 49.98306973013995 522.782739866488 838.547859093144 326.16359336964535 50.37403835634939 527.296524844901 872.5430213443776 337.0976458302513 -40.442455836983235 545.2871225090305 923.4807903585157 346.70204157784804 -19.019537105969505 536.7061255664038 795.7277855447604 317.88277045770195 -92.11824900051982 543.4203568748894 815.6318238228214 311.0429160850435 -12.408847546874219 528.4632986521012 695.1298465347166 324.6198591992739 -124.12431805580323 574.0949161621886 777.1405793158488 319.3711248935204 -90.96246368066623 555.6011581074378 772.8091512916473 316.4862301512694 -163.05279909335331 596.5390808261131 766.0203145205408 313.50357042982995 -103.02741295621405 560.1698504934309 689.2161872919494 310.85093935146176 -43.40796346843894 543.1581811241215 782.3893333073114 309.19200544945977 -8.183452069991253 541.0155481609722 904.5858360426727 339.51790458594513 19.898559415700284 530.9956372978698 910.2205161862478 336.1192792050822 -119.84684325554684 566.190382683341 730.879254148183 317.0257015981749 -150.80188528052028 588.9169390284002 767.7930402321724 306.14297403721105 -124.14960806196221 553.8408254885693
1010.0016359619214 4.269263333890166 12.158867304834763 8.53852666778022 5.69235111185357 5.69235111185347 10.26203190586621 5.692351111853528 5.692351111853508 8.538526667780307 4.269263333889972 4.2692633338901675 5.692351111853588 4.2692633338902475 5.692351111853549 5.692351111853425 5.692351111853495 0.0 5.692351111853534 4.269263333890218 4.269263333890063 5.131015952933149 12.158867304834764 8.538526667780312 4.269263333890093 5.692351111853619 12.158867304834788 4.269263333890208 4.269263333890323 5.692351111853694 4.269263333889988 7.115438889816897 4.269263333890099 12.158867304834885 7.115438889816812 7.115438889816929 10.262031905866346 5.6923511118534655 4.269263333890121 12.158867304834871 7.115438889817003 4.269263333890248 10.262031905866264 5.692351111853513 8.538526667780273 5.6923511118536965 7.115438889816977 5.692351111853357 5.692351111853482 10.262031905866168 8.538526667780317 12.15886730483478 7.115438889816901 4.269263333890188 7.11543888981699 0.0 4.269263333889991 5.692351111853701 7.115438889816927 0.0 4.269263333890045 4.269263333890184 9.546363028425759 5.692351111853687 5.692351111853569 4.26926333389009 17.077053335560638 7.115438889816939 12.158867304834757 4.269263333890116 5.692351111853476 12.15886730483488 8.538526667780172 12.158867304834795 5.131015952933027 0.0 8.538526667780232 2.988484333723092 7.115438889816864 5.692351111853552 5.692351111853553 5.692351111853572 5.6923511118534895 8.538526667780268 2.8461755559267985 4.269263333890163 0.0 4.269263333890261 12.158867304834853 4.269263333890239 5.692351111853577 10.262031905866245 5.692351111853573 5.692351111853476 5.692351111853554 5.131015952933155 5.692351111853538 0.0 0.0 5.692351111853357 5.131015952932993 4.269263333890159 5.692351111853517 10.26203190586613 4.269263333890344 11.38470222370707 5.6923511118534735 4.269263333890167 0.0 5.692351111853584 12.158867304834752 5.692351111853522 5.1310159529331125 5.692351111853525 8.538526667780358 5.692351111853577 4.26926333389028 7.115438889816984 4.269263333889974 12.158867304834747 8.538526667780298 5.6923511118534345 4.269263333890064 5.131015952933016 4.269263333890328 5.692351111853624 2.9884843337231675 4.269263333890095 4.269263333890175 5.692351111853737 5.692351111853598 0.0 4.269263333890231 5.692351111853575 4.269263333890176 12.158867304834875 12.158867304834855 8.538526667780303 4.26926333389016 5.6923511118535775 7.115438889816935 717.3046459451026 311.7129301087857 -75.73376030101545 542.2346051773445 843.1012309429343 315.3546896967447 -118.44110961495035 553.7431010952301 770.8840755295855 306.73374993305976 -132.0193012867206 555.890488221405 697.8496677017779 312.60760213949135 -127.48101759476717 566.3800388834644 758.6566320190121 315.56025989789595 29.156973188869227 537.4637512166402 754.5802570414883 313.57977298938556 -27.599942471138387 536.474923747332 879.0053412102659 333.3976503441109 54.801793024806756 522.4765540032311 744.597285029746 315.3649375697868 -107.202609402609 552.4660161232598 884.4459145145995 328.57504383030783 -144.16997117769102 562.1063144986696 728.1853674096742 313.87131515130454 -138.50254681573253 586.1559027691867 733.7232253870387 308.9525982350618 -55.22851774349311 541.2603890662356 770.6766622572297 317.57698422777344 -2.725390770759819 524.8318985610534 713.4332632703454 317.22975351596205 -21.105086792415825 535.6434065788262 763.1608516384725 308.5889058878255 -5.401355744044019 534.1244359056241 910.9032269154234 345.12281881684856 -68.9719682481586 541.8968674010649 742.9610107328712 306.2321401086906 -159.18064491414424 592.8832651616708 833.5470087992542 328.38956885738367 -174.7579958288691 600.3649748638426 873.2129663388675 336.91917648415836 -44.200439621851345 545.0076048372175 704.279344654507 316.901728345606 -142.18409009102086 580.0786215266678 938.9124411445424 362.5227464718975 -50.03345704543693 535.7227035143231 907.207492190018 338.74490016146683 -33.93380121226268 533.7468358566091 872.344811516201 327.36940539898114 58.85671592532727 529.182683139451 733.0471942885631 315.7866519832181 45.724583902570885 525.070238322471 817.72204031088 320.7513731475715 -149.52697758728394 592.5552606446212 820.9852236815804 317.0220017834588 -27.866832384209637 530.8480609926029 838.2959873852938 322.88808562114485 2.0967736365698197 535.2868450094621 824.1700553754602 324.2825614926601 -146.75488698423342 574.9322262441107 711.3125621312448 308.12961918873367 23.59165362738466 533.7400820857882 891.1280535398439 333.3443051289057 35.67504777760315 535.0846081262729 767.2712862878743 314.6145285346356 -85.82438045342464 550.0451926246893 798.381187260875 310.2140058106755 -14.15782399244074 535.3080052813315 854.3529527272531 326.06602413457864 4.333375042828296 529.6885133151494 867.2509783375809 329.6348348952882 49.22431497988387 527.1609842423959 853.7190667078835 321.70982494189286 -137.03333235925356 563.8234833762401 806.2914875246931 311.802537381129 -72.895398446364 551.4694832164124 724.447149218792 318.5159838660679 45.61512629589339 534.036009379145 919.9286090970448 347.3538239729566 -113.74192680692447 557.0561381095765 915.7221303806544 334.3775735708436 12.281893992523216 539.00729178684 942.5024855691477 353.78734934774394 -85.96816185674352 556.1794673319847 722.6920599460195 314.9004601164295 -115.44239798054922 566.7057177708177 855.4610617927865 332.4272214696269 -64.33532219220406 548.1931167172087 756.1069682834939 306.66232729453026 -10.599879888798197 532.6470974166422 797.9462721008128 320.13922508286146 -33.677493672319414 545.8927141638852 928.6495934243393 354.6699448039507 -124.54158496528242 559.4278230454371 845.3140439060107 320.04749688150827 14.386422121873865 536.0758773122259 792.1199234520649 316.35277993141506 -100.62148447965559 555.7551973445886 828.9221339217006 318.84161094557066 -59.59844640836022 539.659770868797 751.8673700667905 309.72340691521373 -139.81486688801866 568.1700060946756 785.8622691526864 311.57657017684386 -43.43999602140626 538.6322022885096 815.4379923067947 311.9257314546327 -93.5016197334588 557.3457598972449 899.9354797016474 334.9082820763319 28.861387705932657 528.9773479777632 893.484131805663 344.9279661423149 -40.598351709230954 535.3279439566488 698.0195137879356 317.00970260064827 -82.97833675941811 545.0289556787894 862.4457611192428 327.14599931543216 -76.6079305132016 555.9153973579862 908.6027588720714 332.9747293538799 34.784713771861966 527.2221423605538 845.3936046364985 328.46385314689996 39.097279333059575 531.142483659814 888.0305966219122 340.21026915600737 -52.39855136115794 543.7485399425905 935.3573593994098 358.12391297782267 -32.78960459074039 540.3614681527615 807.3894012545877 320.3379717290667 -97.46875989603835 547.5667000664333 828.9529215858561 312.7878098794817 -21.130448213261314 529.4985201786889 707.9212779629227 320.2892574529426 -129.77831708164035 577.1684325816523 788.9606584351526 320.46149429903215 -100.82190553757968 561.1658715399726 783.9548038182726 316.2814386571929 -176.98898338982443 605.1115749592316 774.9803829304112 310.673253504371 -112.03450384474935 560.5299827275118 703.5131185291831 308.9023924253969 -59.589573744797605 544.0996043120151 789.0330003742573 306.2679952994178 -20.84859299813141 539.3996914941682 915.3865989744577 341.9487717331759 13.678090899527932 528.8413720882993 925.1024389929113 341.9701326702464 -129.65591758934943 571.8402417250309 739.1824232957449 310.3797634203093 -165.0531984812414 598.7157738886239 781.0946710779249 308.46915487560676 -138.65909075053358 557.7792845147018
1020.0016359619214 5.692351111853478 12.158867304834741 5.692351111853402 8.538526667780246 5.692351111853699 8.538526667780337 8.538526667780365 5.692351111853531 7.115438889817057 5.692351111853533 5.692351111853645 4.269263333890342 5.692351111853555 8.5385266677802 5.692351111853693 4.269263333889985 5.692351111853477 7.11543888981682 5.692351111853357 8.538526667780214 5.692351111853648 5.131015952933185 4.269263333890126 4.269263333890224 5.692351111853596 5.131015952933249 5.692351111853622 10.262031905866081 7.115438889816851 4.269263333890018 4.269263333890086 0.0 8.5385266677804 7.115438889816949 12.158867304834812 7.115438889816915 8.538526667780392 8.538526667780342 10.262031905866186 7.115438889816861 5.131015952933047 4.269263333889963 7.1154388898169865 0.0 8.538526667780232 4.269263333890066 5.692351111853449 5.69235111185356 10.262031905866156 8.538526667780417 9.000397377424516 5.692351111853583 4.26926333389009 7.1154388898169465 4.269263333890107 5.6923511118535846 10.262031905866246 10.26203190586614 12.158867304834871 12.158867304834798 8.538526667780356 12.158867304834699 8.538526667780419 5.69235111185353 4.269263333890236 0.0 0.0 8.53852666778048 12.158867304834793 5.692351111853518 7.115438889816824 12.158867304834716 5.692351111853671 4.269263333890237 0.0 7.115438889816928 10.262031905866289 12.158867304834757 8.538526667780257 4.269263333890318 7.115438889816844 7.1154388898169785 4.269263333890152 4.26926333389004 5.692351111853358 12.158867304834677 4.269263333890192 10.262031905866133 7.115438889817056 12.15886730483476 10.26203190586631 4.269263333890157 5.524451163234397 4.269263333890268 5.131015952933093 5.131015952933006 4.2692633338900965 4.269263333890351 7.115438889816856 12.15886730483492 4.269263333890159 5.692351111853515 7.115438889816903 5.692351111853527 4.2692633338901835 4.269263333889963 12.158867304834676 12.158867304834757 4.269263333890217 5.692351111853505 5.69235111185372 12.158867304834779 5.692351111853671 2.8461755559267807 5.6923511118535775 5.1310159529330575 4.269263333890077 4.269263333889992 7.115438889817062 5.692351111853598 7.115438889816968 4.26926333389028 5.692351111853546 4.2692633338901445 0.0 5.692351111853444 5.692351111853732 5.6923511118536 0.0 4.269263333890165 12.158867304834732 12.158867304834668 4.2692633338900325 8.538526667780259 12.15886730483472 5.692351111853612 4.2692633338902235 0.0 7.115438889816929 7.115438889816865 731.5817327268019 311.35299974684295 -87.8177712235642 545.9726054595674 852.4108052286226 321.8396033260952 -127.83135534030403 555.5210779689335 782.4719024155461 310.21312501336814 -138.7970453952174 560.5867173867153 704.0140994730245 316.4370564140454 -134.64001919438445 569.9640867846903 774.4317159190357 316.9608813658835 15.236273950643156 537.2016489617218 767.1880054729918 314.62902195906713 -39.925977898207584 542.3439946030205 890.6203039312744 339.53688167822315 47.64468910064656 526.592160859716 749.6926423640302 310.9885034392692 -113.22709294741597 554.3913856131237 891.4218994964352 333.73459775528266 -157.3171017063523 572.6968285960215 742.9909224288494 310.74757913784725 -144.11888885759504 591.7722573414751 748.164004281211 306.3786521501862 -66.24973122660748 545.7826894750289 780.4933646701047 314.9305390303299 -12.849901844165199 529.93562041637 729.266937629353 315.83237373670687 -34.05566849337592 539.1603812283273 773.4693438282826 308.3302000907757 -16.10274767412653 543.0682634427958 920.1509967655319 347.30113212898624 -80.02615176029954 549.0009428924809 755.4013308611043 309.5394108842394 -163.61085855869783 599.4513513293047 846.4517428672103 328.18223565165124 -180.45536413492744 612.5108663791904 885.3028780169437 337.04774008278235 -56.36679606236236 548.5440968765878 716.1740844872596 316.26997174426975 -148.16102854629463 589.5675522049036 954.2048375669235 369.1556908442738 -64.01733841802091 538.5923581538249 915.9140461027048 343.19723005012804 -44.45353731784738 534.2488899438306 881.1571158377274 331.62185329776895 54.02497516045673 525.9540042844447 744.8118864850566 317.7563655060783 38.30253398510434 528.0550469991001 827.5285395166511 324.60980252355165 -154.72785174915205 596.8699358990295 832.5528554569381 319.94463368898494 -37.881953055105164 536.0952733879719 846.6507168431319 325.5592470452188 -7.96325430437891 534.20881880878 836.8827763858555 325.02986586325875 -154.5794282003735 586.3096049509064 720.710193462296 309.80018334063715 3.923994059538666 539.8540249455388 903.4919679499781 336.1040163209111 23.09579721037876 536.8978745651274 776.9045504419846 313.15933392167693 -96.02437993288308 554.4988726101211 810.979721102547 311.7954500844383 -28.34945541935915 540.3523019884494 862.1319187447598 327.5421714134525 0.5204471582772225 530.6614508635291 874.3155463843028 334.69896841755957 44.92058742038793 533.0481487299902 868.4843649021302 324.5108305835684 -144.16208238348125 564.9016634105003 818.5444393220698 309.86225688960684 -86.07543434345509 554.315060343874 733.0422295914522 320.2414648436613 32.4779529996525 533.5164016542285 926.9840058438027 355.1710684786292 -121.266926341893 559.471201393826 931.075783405432 341.66453789875015 -4.878483602545244 542.1600567991829 951.035489255256 362.0316555318366 -95.02959742987021 559.0343114473812 740.215150897679 313.59095710064287 -123.74254243331383 571.8811847381564 867.5606171207725 332.3825617376506 -74.24602805554517 553.690033973818 767.8385955215791 308.82526175746875 -15.772416567714751 537.6994951100393 814.3880811864449 322.23685851305385 -46.91630270263686 548.4338855719233 935.4683217603939 360.02124452951847 -132.42249638930664 560.7368606016095 859.5715749342902 321.39452995300917 -3.695859994744559 537.8884154618216 808.1337050646671 315.8824655706019 -111.94583659100184 561.8490908859833 844.4738810432111 321.33858323360096 -72.05657297765738 542.1500896232585 764.9879073983857 304.861855074489 -150.7046830847003 573.0055317795747 796.1019523107304 312.6770957181831 -57.881267475574845 542.7991761745814 825.1373728825971 316.9069765194874 -101.82211020150584 562.4812049992684 908.9047678228928 338.1665630618968 11.477615401896301 534.455533461068 906.8636751298325 343.099790842465 -50.80482910597231 537.0161097663786 709.7329774372647 321.03705847766423 -92.79372134983416 548.0945827447995 874.0698573639345 329.50497517293525 -88.67409827618927 559.6736046804092 918.8679337976016 337.78141039860685 23.468808509780704 527.5037313174627 854.7213448277158 330.1677803217899 27.503872297888883 530.2680961113664 898.5693382014072 340.1070521325237 -66.88559407442965 550.5345527380298 944.4726145100944 364.05967632335853 -49.75780917648806 541.4275284411103 815.0651273039745 316.56418844081975 -104.29585874197235 552.2248056311494 838.3650162513519 319.0507622925537 -27.06167120031665 534.8025226488943 720.6155822118988 319.73460594912575 -141.8009407550835 581.1085558142094 802.5901963318659 319.6587637871428 -106.84705411823462 563.0891382406309 788.4300317555842 319.13873699765105 -184.45107190056265 615.5462924343002 789.8209192483894 313.37279917664773 -118.47152103011395 566.3432614916381 709.8464845720945 309.17041704773436 -72.53970883521447 550.4724495667268 805.2882807964156 310.51751001042976 -32.11241318971908 546.1776361035559 924.3401345988757 345.29720478323 6.881780385927663 534.2053062773339 935.4203851045885 353.0489979664304 -142.03647990487516 572.154230925668 759.5015720467941 314.2550226106993 -171.32240998593815 604.7023657318873 790.4866080698 309.4544387779669 -151.81333098186707 563.3194949482049
1030.0016359619212 5.692351111853524 10.26203190586626 8.538526667780257 12.158867304834782 0.0 8.538526667780358 11.384702223707235 8.538526667780438 5.1310159529331525 5.692351111853492 7.115438889816999 4.26926333389028 5.692351111853502 5.692351111853589 5.131015952932984 4.269263333890105 0.0 8.568123036134683 5.13101595293314 4.2692633338901 8.538526667780319 5.6923511118535615 12.158867304834686 0.0 10.26203190586611 4.269263333890189 5.692351111853632 4.269263333890213 5.692351111853531 5.692351111853572 5.69235111185351 5.692351111853623 0.0 7.115438889816952 4.269263333890075 12.15886730483468 7.115438889816934 5.692351111853485 8.53852666778031 0.0 5.692351111853696 8.538526667780403 7.115438889816916 11.38470222370708 0.0 4.269263333890327 10.262031905866113 7.115438889816775 5.131015952933214 5.6923511118535695 4.269263333890246 5.692351111853568 4.269263333890232 4.269263333890171 5.131015952933034 5.69235111185356 12.158867304834782 5.69235111185358 5.692351111853653 4.269263333890261 4.269263333890222 12.158867304834766 12.15886730483473 0.0 4.269263333890156 7.115438889816836 5.692351111853377 12.158867304834825 8.538526667780259 12.158867304834786 0.0 8.538526667780262 5.692351111853452 5.692351111853587 7.115438889817018 5.692351111853539 3.9846457782974256 4.269263333890172 0.0 5.692351111853542 5.692351111853708 12.158867304834843 5.692351111853518 12.158867304834866 8.538526667780362 5.692351111853567 10.262031905866126 5.692351111853522 7.115438889816963 9.000397377424537 5.13101595293302 4.269263333890083 5.131015952933048 4.269263333890337 4.269263333890234 12.158867304834793 12.158867304834878 12.158867304834821 4.269263333890145 7.115438889816907 12.15886730483478 4.2692633338899615 10.262031905866065 5.692351111853553 8.538526667780417 4.269263333889977 7.115438889816864 0.0 7.115438889817101 0.0 5.131015952933195 4.269263333889995 10.262031905866106 12.158867304834757 5.131015952933053 5.692351111853478 4.2692633338902075 7.115438889816904 5.692351111853615 4.26926333389028 12.158867304834578 4.2692633338900325 5.692351111853539 5.69235111185356 12.158867304834653 2.988484333722985 12.158867304834816 4.269263333890058 5.692351111853384 12.158867304834825 0.0 7.115438889816972 4.269263333890168 5.692351111853554 8.538526667780413 12.158867304834654 8.538526667780372 12.158867304834796 5.692351111853484 5.692351111853563 741.2216494964516 309.67905467530153 -103.97050265350757 547.3690824997431 860.9169638508546 323.516413806518 -143.98751942670933 562.091465926248 792.5725805004471 305.41338855581216 -146.66423201817778 569.4627916410399 713.7394471926985 312.2253501751181 -142.13807037228918 572.4588069245312 791.1166241874118 317.6024291575874 3.1911772374930045 537.8754915242539 782.9520296939116 316.2667834019202 -47.50396197842602 544.5686332907937 906.0287410510539 343.0767243989047 33.535622591549775 528.78662387466 762.4819641222083 309.76085669571955 -120.36463500850111 555.4581905149829 905.0212456003243 338.0867791362799 -167.079667313976 587.9965455321446 750.153994344059 310.13547990239647 -148.20829688885604 596.9318544587712 753.6597575692219 306.837014507423 -80.73869286984649 548.391062884032 794.121369855394 314.15164747085305 -25.374916254090067 532.1526357173717 742.2569442060425 312.0299114081292 -41.52876601025068 538.8447379740284 784.065177511763 305.92099444856007 -31.96614554236364 545.0583658492017 932.6508706731449 352.79868104735215 -96.88623777361367 548.1047548940835 769.8719299704802 307.3375537067987 -173.33307078660317 614.3574302158052 850.1165851527487 330.0889110204733 -187.26447120941717 621.5073855977685 893.2884463012564 337.6241830783112 -75.9494603726491 552.0394985305412 725.6628398429093 316.86698433004 -157.09709968575987 595.1833425671641 960.6182704126078 363.0574237343577 -73.85758960910853 541.6012660753795 925.8416077230056 349.2632931737938 -57.253282825524074 535.555868138172 898.1297485834575 335.42321569908245 38.64516563655126 529.6795934784041 757.7103063192498 315.2632192504695 26.47207990349002 533.4134074527676 833.7740606310485 325.6951749899117 -164.2090058914411 607.8512117304415 843.4661160507288 321.8901092715804 -49.41550676314138 533.2676916960609 859.6560985708596 329.2414695090586 -20.040534264101865 535.0369616247813 843.3520024865104 324.99585268740526 -161.2627150020599 591.168836448588 732.405028095543 312.9597648257045 -9.07503822881028 537.1544104452054 919.9227407592168 338.7776920559858 9.674292993978131 535.413093184493 787.3626304844134 311.95330602453606 -102.46687560028627 560.2939598457856 821.9400717340363 313.41426134007554 -38.67538148399966 544.5410766979293 877.3166022331538 328.31071615634164 -16.278615507241504 529.0086127386883 885.3819875213815 339.56151995643364 35.142152506483725 532.9873217619081 881.6638746694906 330.9371906868136 -154.63264047968548 573.4255258409761 828.720499885456 316.25905649804497 -95.47442605365922 556.0556379582115 745.6393601258948 321.19548617287717 19.430765037614215 536.7883423835523 936.1957504959306 357.44456376541564 -134.018329032415 561.1529174518803 944.0463075728159 348.5272201400302 -16.815874704854355 540.4494080526542 970.4312901409698 365.28950869398597 -108.58778711993821 563.3724832563614 750.3652437397927 315.5985169887205 -136.1210855026916 574.7098415163385 878.3701567266994 334.68891428370887 -87.826682361715 557.9467413902546 776.1559649510317 313.26404204477194 -26.43469096219326 540.6880394776574 824.9336254240997 321.4672532473104 -64.16955355480191 548.6281906892987 946.8807840154301 366.53433369885107 -136.19504935093678 566.97991695643 865.9666809210415 321.4858250290043 -13.653770467421369 534.4165143991378 819.8886240183491 317.59165436868517 -123.5793835826753 564.3754702917603 856.1303516621828 323.62396647068755 -85.250206950251 545.0078637735747 778.6893212366626 311.01506808114294 -159.66336826869858 581.0786925856052 810.3355278507694 313.4216570422722 -69.31004991668863 546.5275896407323 839.1628217079525 319.2915290954845 -116.51351063424586 568.4695087895984 923.7364510999776 344.1629717809619 0.03608369178294729 531.28699124928 914.0080051648665 347.2390393537852 -63.34631273879773 541.9963667915539 714.754233020128 316.58888898361664 -105.99160044936419 553.5457950417152 890.0488431956489 334.20037664670826 -95.84440153625044 563.2019458544428 932.1438614707553 343.4515956579964 13.02694678812778 531.3494030810198 868.5735072467426 329.34976648322913 24.1439024385419 529.88168270053 912.4181123591344 343.3504352381631 -83.48475980142207 555.6893846428002 954.7314041186742 365.39996873809235 -57.40867066433067 546.1950670377117 828.9555061014926 319.9228232972394 -115.55892669632556 553.3661548542625 848.1321021096911 318.4084150682549 -33.15409225467436 536.5396029212911 735.16699935165 315.93650233522413 -151.55236233581883 581.9135398902031 810.7690024560673 318.40005772967413 -117.35194972462581 564.0010982758179 802.8058361871681 318.5942989407754 -192.57979007182286 619.4665490918848 802.8109371339237 311.4492583019477 -127.49743791218216 571.7865869218622 722.4913377425328 309.9148880600372 -90.55242442104992 551.1412311356636 814.2229868812442 309.37701133501 -44.26082068719713 549.7011280262429 935.8622415771733 348.12369692184194 -9.432211153383905 531.1428919420508 944.7286348478113 361.4757896415852 -154.01519422887299 576.1948446803319 767.6138767531694 312.6513094328208 -183.4033735798577 615.5380291472326 804.0774410099292 308.7918065607124 -161.52819534474335 574.0992235528553
1040.0016359619212 5.692351111853724 12.158867304834775 0.0 10.262031905866268 12.158867304834915 5.692351111853499 4.269263333890256 5.69235111185354 8.5385266677803 10.262031905866268 5.692351111853714 12.158867304834773 8.538526667780307 5.692351111853566 10.262031905866303 4.269263333890315 5.692351111853554 7.11543888981689 4.269263333890242 5.692351111853545 5.692351111853681 4.269263333890248 5.692351111853342 5.692351111853523 8.538526667780403 4.269263333889969 4.26926333389015 7.115438889816947 4.269263333890099 4.2692633338903425 10.262031905866122 8.538526667780387 12.158867304834843 0.0 10.26203190586626 0.0 7.11543888981699 4.269263333890318 5.692351111853451 5.692351111853559 5.6923511118536005 4.2692633338902395 5.692351111853668 0.0 10.262031905866307 5.692351111853521 10.26203190586627 0.0 12.158867304834665 0.0 4.269263333890175 4.269263333890046 5.69235111185355 8.538526667780497 4.269263333890231 12.158867304834828 5.692351111853708 8.538526667780443 12.158867304834684 5.1310159529332156 10.262031905866177 0.0 5.692351111853644 5.692351111853596 4.269263333890081 8.538526667780289 12.158867304834844 5.692351111853569 5.6923511118533865 5.692351111853525 7.115438889816955 7.115438889816912 12.158867304834942 4.269263333890272 0.0 4.269263333890341 4.269263333890123 5.692351111853535 12.158867304834764 5.692351111853477 4.2692633338901445 5.692351111853548 5.692351111853431 5.692351111853524 8.538526667780227 5.131015952933235 4.269263333890276 4.269263333890022 5.692351111853644 5.131015952932989 9.000397377424491 4.26926333389027 5.692351111853487 4.269263333890058 5.131015952933246 5.692351111853557 10.26203190586625 4.269263333890135 5.131015952933233 8.538526667780287 4.269263333890213 7.115438889816868 0.0 4.269263333890275 5.131015952933022 5.692351111853521 7.115438889816914 8.538526667780356 5.69235111185354 12.158867304834779 5.6923511118536485 8.538526667780511 4.269263333890062 0.0 10.262031905866264 12.158867304834788 0.0 5.692351111853522 12.158867304834851 4.269263333890208 12.158867304834853 7.115438889816913 0.0 5.692351111853483 12.158867304834715 10.262031905866271 4.26926333389016 5.6923511118535846 5.692351111853412 5.692351111853538 10.262031905866312 0.0 5.692351111853676 4.269263333890025 7.115438889816748 5.692351111853539 8.538526667780433 5.6923511118534895 7.1154388898168 7.115438889816941 751.8663170458408 305.8920794804285 -120.11223409941198 548.8757513131633 875.5174840138129 322.1454150157063 -154.83572069301883 569.5543567525518 803.7109267635609 305.78658605978256 -160.08579857371006 576.6032272307398 731.3663847873026 309.9332091219126 -152.5689145816746 581.0580585325484 804.1684052368846 315.8445876917607 -10.591930367565665 535.4829166473694 795.8180117687145 315.5611694255394 -56.91970775447654 546.1925127815797 913.4509800070895 346.09133792534345 20.883186818486394 527.109580994495 778.6086723380752 307.9803762063969 -129.39079241253583 558.4343360393669 921.3811081795745 344.46172737840817 -177.49581465366919 596.3547011637226 762.4367751467393 306.5989814411162 -157.81840030570126 602.8666153410804 771.213552047852 306.28745761745733 -89.7824818287659 551.260766438094 809.8121032289971 310.43248619891654 -42.74042382315183 534.7150023070755 754.5227248907266 308.4061805071384 -47.91623711767277 539.5126583408295 796.2973544947417 309.9063337642135 -44.19259722341614 551.1401336068798 946.4627179763204 356.228557356348 -111.52752400674451 549.0921994592463 783.0183395607651 304.11553250094664 -181.41362626324891 611.2454875396696 867.8041999393841 326.5273019653995 -200.24687378271207 619.3857404580023 902.4284713758667 347.08167839066374 -82.77990930931387 556.6759215632866 738.1735910943039 319.0816064046846 -163.80100689669058 597.5943498554079 969.8224811540622 365.3575220245933 -87.06797424039615 546.997789666935 941.960455322789 353.2489206336292 -64.58306965481076 544.0023448863185 910.8775818279006 343.31721972739837 26.37104561145433 532.7961058203988 768.8137072541608 315.2525487172489 14.87373476793325 532.7488618342342 845.3982816390824 327.92226519735857 -173.48812280814434 610.2107625544053 859.4957008982863 326.30061777272607 -57.40639190787537 536.91872827703 868.9274442361851 331.2095184462724 -33.71488440637548 538.9453206883086 853.3652235706593 323.37784956880387 -170.4027502026989 598.3110769344664 740.4526447220094 311.28066947132345 -21.566887364985362 539.4268614309632 927.5291557242527 344.3038752389474 -2.272285999675727 533.6992321219642 803.9885897997151 313.04390197508434 -110.72893853907917 562.98603822173 834.4472793614342 315.633423115581 -49.27851614536868 547.7154833420504 884.0010331358178 334.67463684186254 -29.984835099372546 532.8817764137676 897.582802826874 341.1845027625832 22.55757880751427 534.9645576943085 894.2528318525652 336.2560964190513 -165.92080894193538 569.806225361381 838.6845706878603 314.47866328616 -102.99821185518601 558.4880125710127 757.4435755717551 313.9863442329904 11.49067310397868 537.6488280612259 953.8393281092146 361.8399717238213 -146.01743016023016 565.1887214799235 956.8932337775693 349.28455309180345 -27.993221458722243 547.3325647362346 974.909315841502 372.15371144830095 -120.24021093972772 568.4409317481801 764.3160364496879 311.05881833177295 -144.35602477976636 577.5121707332382 886.8492952026569 340.2517426027681 -99.1284114012497 561.5702299219213 786.3756153647556 314.5156971013525 -40.52417267808012 546.0369737968983 833.7109902875615 321.82292621097105 -73.63238208360816 552.79949457621 960.7827962242378 366.33965873001546 -146.66558360719048 573.0241760401318 883.4606180129746 322.88078591140027 -28.9878278326895 541.2135434463197 829.4788503433095 318.06579196694497 -135.96408159066578 563.4979960719353 869.0022733683019 323.9024005661019 -93.52967483951649 547.6414848783858 790.2785834790492 307.68212783694185 -167.8092587093081 588.9865609520966 824.3894557820221 310.9272589576342 -79.15251366220527 552.0787305703975 852.2564166931734 318.2098525404868 -127.40162346124058 570.8122738155827 934.2022557990979 347.9628000008471 -6.6840354810339715 530.6621636806174 930.6259684575716 352.5223783036552 -74.26931032004354 544.1341656954953 733.0826572150822 315.5688421503049 -116.9103740220094 560.8505351595898 907.2209128476741 340.66962844706035 -105.5987484646291 563.8636365886306 944.1373426501699 347.6449018374012 6.139075568671263 533.1905713127358 879.8838405327296 329.4146513844721 8.877592539995327 527.732995036154 924.1572206346901 348.6470030146732 -92.52649039326172 558.562501756156 963.551557548305 362.71449773347337 -66.82628549208067 547.8642635052798 842.1484898882503 322.3568880688327 -123.4829619096091 564.7148741347869 861.5391223911057 319.9359644866373 -43.449723924332226 540.8126846091507 747.8685409735854 315.8534750557685 -157.88845154753974 585.3828047750045 821.7065769782445 320.2050143459664 -132.35435927330715 568.975527162647 812.4985253518737 317.7303656996722 -209.34014979136447 619.63746293834 816.4625720380776 313.1329558354896 -137.23978419783623 572.5567991352337 733.8810706017575 306.05237258078637 -100.88662183002126 551.4255186333452 830.4328654235569 308.5293600234805 -55.201729591960486 551.7661714290123 950.1539352332552 352.89735006572715 -18.88808352902079 532.5451631978627 953.6461649251514 364.9242551282543 -162.20021862352775 581.5614397257659 775.4773136464678 313.5549704821989 -192.08359275367062 615.3587318471818 816.9415056050086 308.3989975376516 -174.99854491152453 573.8034854321158
1050.0016359619212 4.269263333890185 7.115438889816837 7.115438889816819 5.692351111853502 7.115438889816863 5.131015952933252 5.692351111853436 0.0 4.269263333890082 4.26926333389032 7.115438889816826 5.131015952933083 4.269263333890287 5.1310159529332156 5.692351111853751 0.0 5.6923511118535846 5.131015952933133 0.0 5.69235111185355 4.269263333890227 4.269263333890253 12.158867304834653 10.262031905866285 9.000397377424509 5.692351111853528 4.269263333890117 12.158867304834855 8.538526667780294 5.692351111853515 0.0 0.0 5.131015952932973 8.538526667780188 5.131015952933086 7.115438889816902 8.53852666778033 4.269263333890165 12.158867304834928 5.6923511118535846 5.6923511118533305 4.269263333890239 4.269263333890224 4.269263333890059 12.158867304834603 4.269263333890165 5.6923511118536245 8.538526667780406 5.69235111185362 12.15886730483477 4.269263333890121 12.1588673048349 4.269263333890183 4.269263333890252 8.538526667780346 4.269263333890097 5.69235111185354 5.692351111853503 10.2620319058662 17.077053335560574 4.269263333890072 12.158867304834684 4.269263333890234 4.269263333890036 8.538526667780424 5.6923511118535615 5.69235111185347 0.0 8.538526667780392 12.15886730483488 8.538526667780365 7.115438889816945 8.538526667780303 5.1310159529329775 7.115438889816887 0.0 7.115438889817006 0.0 12.158867304834727 4.269263333890316 7.115438889816859 12.15886730483479 10.262031905866065 5.692351111853582 4.269263333890225 8.538526667780205 12.158867304834882 5.692351111853549 7.115438889816859 5.692351111853554 4.2692633338902715 12.158867304834756 4.269263333890196 0.0 10.262031905866204 5.131015952932961 4.269263333890183 4.269263333890345 4.269263333890184 4.2692633338902874 12.158867304834885 12.158867304834763 4.269263333890175 5.692351111853533 11.384702223707155 5.131015952932973 5.692351111853488 5.692351111853483 7.115438889816892 17.07705333556064 5.692351111853352 8.538526667780124 5.692351111853689 5.692351111853516 10.262031905866118 5.692351111853547 4.269263333890236 4.269263333890287 12.158867304834608 0.0 8.538526667780214 5.692351111853537 0.0 12.158867304834748 0.0 12.15886730483477 5.692351111853582 5.692351111853543 7.11543888981686 7.115438889816807 10.262031905866051 5.692351111853516 12.158867304834722 4.269263333890338 5.692351111853528 8.53852666778038 7.115438889816734 7.115438889816919 4.269263333890187 7.115438889816952 759.0650301265092 305.4941657361462 -129.49051807125292 560.7701454278279 892.7208212194246 328.505657352256 -166.61023103585237 578.8263769739212 811.9175463021818 309.5220212603416 -163.66094104129652 582.9592492132701 744.1983103009253 308.7189050291468 -161.0873144680389 585.4003103700691 812.0162705685066 317.14620743763925 -21.425571615970227 543.5457892502345 803.2744928161676 319.11319698215095 -65.2614885111658 551.2739300985758 924.201111646069 348.73350820708004 12.16988812600999 528.2205805400481 791.920459724351 309.78868010294 -136.49088715049368 562.1050507527314 933.6559993787089 347.4980964754957 -184.1575476977238 603.0297827789541 772.7899848777225 306.64921384786413 -166.45826232709553 602.4098520001894 779.1986461020635 306.1212297898055 -99.19919176668982 555.5524262616392 823.8210612056035 317.68625070560375 -56.37315484968498 538.8569644613606 768.1673642598588 307.5606548753905 -64.1351422280031 543.2769638000974 807.0818260118303 312.79418031201095 -49.4916794718488 552.765577411381 959.628812218739 362.04270580858395 -118.29911064528821 558.8316138426977 791.0000718622784 304.01758737607514 -192.49274471980956 609.6290556796166 876.5445630090228 330.9086106426122 -212.7826080872612 618.5528331171159 917.8516467133609 347.1745345198586 -93.68199110313591 558.9397539237057 745.4989933893914 317.41216439652 -169.51087824857316 596.0030421189018 982.8922150421363 370.8236807905171 -96.10063366413281 549.9101900821934 950.5797945221858 357.8903433199258 -75.84873512855573 545.0693354477473 920.6561491541261 343.26203269938827 13.532852125776555 533.7614912129426 780.0992012968234 314.3048731599758 3.7180630409129085 530.8791858510808 859.2521424292945 327.1953858258445 -185.0383005755168 607.3968611676428 868.7710306703191 328.3146517421896 -68.88084288995968 547.9475889512191 875.598731892047 337.5664312176052 -45.403775689814864 541.2224679952564 867.7717149118602 324.04478621285364 -176.1397531638076 603.1734144677993 753.080908923788 312.5618193089303 -29.813963296135363 539.3746136999933 941.9035074294948 345.44626384702383 -17.478453228463696 538.0222170524694 817.9611289780946 315.3676068270312 -126.47174203760234 563.2459763518023 840.7950585446899 318.589545960384 -60.20879462080666 549.8546531312969 891.172129101808 338.7881362567785 -37.57878011390138 535.1393537129389 907.5827725768697 343.59947622153265 6.335772093429101 535.6378528147898 904.4674973793443 341.147726331229 -175.04505181236502 579.4685980711729 849.3990989327809 317.3398993089147 -121.01501057231579 564.4470693190977 770.2827770790519 313.1023145488336 -3.6664920594447237 533.2356511960259 964.6070545243377 367.2038384468618 -154.19154422831303 570.5724249830652 966.8741091380265 360.5410941829632 -37.087719332995874 550.0417594227521 982.1261519687185 375.99236157431244 -128.09406933268437 572.3435379819414 785.7968200800686 311.36869865747093 -153.32729104965765 580.6745451720781 899.6566358420073 344.5087103712383 -112.64661615877712 566.0173147164281 796.2919730882927 312.35216245261154 -49.19118352106056 547.4376618196753 846.1172048107397 324.28512640924487 -78.58203900308034 558.1080114323972 970.0111428411982 371.57301502238283 -154.8606144974838 575.9489850780212 900.3421772639297 334.107272426593 -36.229530147389724 544.6021557060152 838.8793743293528 323.52846814562696 -144.1443435329006 568.8444504126145 881.087488955898 327.81004335994766 -103.66721165114687 549.6835432502613 800.0241301750723 306.75468433489345 -176.29879053750133 591.0203750173382 833.4236898585881 310.1952121566185 -84.07912538741589 557.3971744016598 860.7661176093137 320.02340630700803 -139.34891295312772 574.9003697865815 948.2887685423539 350.2772921550345 -16.130488161389813 532.1269422679103 943.7687888394502 352.143448526754 -80.7174900146753 549.9248407120255 744.442289328912 313.07013677871515 -131.49749548290887 566.9937442100238 911.8247989202401 341.7882194075585 -122.48210712332683 568.2183791224278 953.5957029268964 348.8377357183989 -11.12012636346413 533.118317038354 889.12858976312 331.54910974820046 -3.6236794607428626 529.9496310873872 932.7885764984948 353.2340942976856 -108.291869015694 561.2167687554136 974.7956273180978 374.7154429326641 -78.92163091433667 554.1850892759475 853.9485607914098 319.9463588505599 -135.46091576964503 568.7660766919118 877.2627100360636 322.16582156221835 -52.77098261419936 544.234538649859 761.126717121478 311.293891413026 -167.85513293610845 590.3570844202503 830.0516039974272 322.98101027342096 -149.1594550327599 573.5273456629352 822.201000635043 321.8321716363745 -221.62090753861727 623.6176704867099 833.9571597000051 318.7435606630843 -145.4294917876203 577.9079376334585 743.553952010785 304.57536337184445 -107.6589231493264 556.1384225487693 839.1351533497694 305.3824808201985 -72.1558994765024 555.8287172694332 957.7734607379687 354.88768497776186 -23.444948304153773 533.8728363812774 957.9462168416655 367.2961342506324 -174.56996381632348 582.3660949433607 789.3904740655804 316.6574383719518 -203.14292543112643 617.7068696740657 824.3181909074059 312.13273222664617 -180.87217517234527 589.409699958147
1060.0016359619212 4.269263333890066 7.115438889817055 12.158867304834791 9.546363028425908 5.692351111853562 2.846175555926881 5.131015952933101 5.692351111853588 4.2692633338902 7.115438889816904 7.115438889817008 4.838392580013808 9.546363028425985 5.692351111853505 10.26203190586629 5.6923511118535695 12.158867304834724 4.26926333389032 5.692351111853631 12.15886730483482 5.6923511118534496 10.26203190586633 9.546363028425903 7.115438889816891 5.6923511118534815 5.692351111853536 4.26926333389016 7.115438889816967 4.2692633338901524 12.158867304834889 5.131015952933063 7.1154388898169545 2.6588155393079638 8.53852666778021 5.692351111853552 4.269263333890334 6.037650108129506 5.131015952933262 0.0 4.2692633338903025 4.269263333890134 5.692351111853577 7.115438889817107 8.538526667780193 8.53852666778024 5.6923511118534975 4.269263333890137 7.115438889816912 5.692351111853539 5.131015952933193 0.0 12.158867304834699 5.692351111853502 0.0 5.6923511118533465 5.692351111853575 5.692351111853518 5.692351111853558 4.26926333389016 5.692351111853525 10.262031905866138 5.6923511118535295 8.53852666778026 0.0 5.69235111185346 5.692351111853579 7.115438889816993 5.692351111853569 8.538526667780289 5.69235111185352 4.26926333389016 7.11543888981687 8.538526667780328 7.115438889816989 7.115438889816904 10.262031905866047 2.988484333723097 5.692351111853514 4.269263333890093 5.692351111853485 10.262031905866193 4.269263333890138 4.269263333890129 5.6923511118535846 5.692351111853579 5.692351111853591 5.692351111853344 5.1310159529329775 12.158867304834581 10.262031905866253 4.269263333890142 7.115438889816832 5.692351111853404 7.115438889817044 5.692351111853519 8.538526667780447 0.0 5.692351111853562 7.115438889816871 0.0 4.269263333890213 8.538526667780193 5.69235111185368 4.269263333890285 5.663862236920185 5.692351111853514 4.269263333890122 4.269263333889968 0.0 5.692351111853586 9.546363028425871 5.692351111853543 5.692351111853449 4.269263333890175 4.26926333389028 5.131015952933101 5.6923511118533705 4.269263333890044 5.692351111853719 4.269263333890296 8.538526667780214 5.692351111853575 5.69235111185355 8.538526667780433 8.538526667780273 3.9846457782974687 12.158867304834951 5.692351111853584 11.38470222370699 12.158867304834748 5.692351111853612 5.69235111185353 4.2692633338901995 5.692351111853535 5.692351111853704 8.53852666778016 5.692351111853383 5.692351111853466 12.158867304834667 7.115438889816775 768.4798155369832 306.7099513776553 -147.07802945872945 563.1591268598535 907.2710701520348 335.67381122314174 -172.9566469542806 586.4592092137389 821.6902063479259 308.9078460197971 -179.39211137943647 590.4402395765496 757.7622100127707 313.52865915142155 -170.85897788058574 591.8088386547165 821.898867938639 320.2055074658722 -32.7101017418356 544.474421885951 815.1853070988403 320.02960154220807 -78.57373182669616 553.2947078026637 939.1885970288749 347.70597982573975 0.23711845759622663 526.6375757982986 805.0339238535846 308.3427055266565 -148.38471463311905 568.8496870308512 948.3070767895066 347.7041259803362 -188.26963003220916 607.441245936735 785.8119885402556 304.93710303238 -182.4755340214043 609.1198624366407 794.2074544730933 307.1722017053377 -113.80608817811441 561.6878849557147 838.1362453235606 320.9881366336185 -70.35625061847168 544.5041226153262 777.4546595584111 304.03454533295667 -73.21311033142862 548.6536878413658 816.622666670325 313.33042623048345 -64.49943877184565 552.5016490593307 969.1499492639416 368.6834784997125 -128.75792047089794 562.4392640837713 803.7301418127331 304.9131808341011 -204.04736700637517 614.9381871469482 884.5091578019002 333.36486557107685 -220.27343248730566 624.7698828070328 931.7583906932265 347.05239929033957 -104.17446570716477 559.9157381760007 760.4494942870335 315.6042516606476 -176.45051730033336 604.0047970882696 989.3391935899468 378.78719032319344 -102.8613120363241 554.637083601097 957.534796878614 362.3496104637203 -87.91075516213141 551.4611994057501 935.0548377733732 344.4812202646668 5.652089930944267 534.8230701390917 789.0471666333916 313.24158965396424 -4.959854327203206 532.1201519152117 866.720842155666 330.0818300739203 -197.09061659903304 611.5360165704382 877.23324750416 333.91132891640757 -81.28210309115363 553.1847397257086 880.2150460616176 338.64865351550293 -54.45562161616574 544.0457606134016 877.756747457562 329.98224736231924 -183.44038314938732 614.120388314401 765.1043732085059 311.6836089204561 -41.85510797534038 540.5557130510822 953.8043717315966 349.8588295144356 -27.323600499112825 540.9577167399498 827.7440320573564 314.7947513260963 -139.02533783999962 562.8079463618891 853.3595537463741 312.7639085076698 -73.7349022142734 556.6825330395304 897.363204739026 343.47401623223186 -47.05468199327744 539.2879597899206 926.0080171336948 348.1949238300512 -4.942571403972928 536.3610958390409 916.1746697035646 346.49085091172816 -182.38773890474118 588.8285097481872 863.5457972362412 319.2007953674084 -130.7610380272804 565.290330464459 778.4295642943764 311.8381005061785 -14.4073175433785 538.8173008732957 974.772412980445 374.2032453204538 -168.0284076727847 580.8836357686271 976.3232007165095 367.29911510904515 -48.00348850728855 552.1719174809272 994.7859693190234 386.28731126897657 -140.3871799553857 577.9179492410987 797.0911456343752 310.7311981955821 -160.92205652532277 587.3385652003412 907.604593251329 345.2434235086729 -119.74292333666571 569.684525656193 806.4394132352609 318.8587551591265 -56.34014772799895 548.4374628618772 858.4372845309343 319.6611285769909 -89.49999922445369 562.9069448945962 977.8973582173198 377.96292204812676 -167.2496200506661 586.8997132771841 915.4276180517555 340.9537539736287 -45.6480743738482 546.2591370116104 850.9884064589912 327.2906881018589 -156.41140888522196 572.052628886254 893.8469305475683 335.706137036367 -114.1552366774173 555.6819283860607 812.0806477567255 311.256205790654 -180.61367789623438 603.1288910312127 836.1290181967154 316.7847941947568 -97.56997745086166 556.8358267274712 873.606190432304 324.1171111479735 -148.619638794256 579.5166736841848 960.2633593919121 348.62063748634347 -27.76674504595582 531.8492828896685 954.1329167595497 356.2161230824715 -94.96962595532098 549.5791135352395 755.4545424431284 314.3366354496623 -144.53145643586677 572.8600570644763 922.548136362617 344.4621131183598 -134.06651873888433 573.4682105138271 968.5429512958701 348.2183109067703 -20.219784791853385 535.7960972806123 901.8695007718218 339.49244491483637 -17.189793272114343 531.4160982511879 945.0354094196081 356.47508137893067 -109.02963693544892 563.9655982035416 986.0278029588775 381.03987569496593 -88.33268254815488 558.494575585821 865.5373264126982 326.1444415969389 -151.76652181148089 577.1068457474641 886.4347372251051 331.6065972721616 -64.84776561261745 548.0281908270853 773.1246466068658 316.47967039905086 -178.38844479561808 595.9216496095654 842.9255457331172 323.1595891014969 -159.8992807147241 575.2362473726449 833.8208732462563 324.1254884130498 -228.99709709098613 626.9081071215284 849.6733393115724 320.7759151954945 -159.64894296224432 580.6435462550097 756.0052757823128 307.16642735525915 -121.15775168749752 558.1923098093556 846.9900959222928 314.2805518983713 -81.19498449512125 558.738614588728 964.0438307966734 361.66347381444484 -33.714539206184355 538.2037643956187 964.4892813415777 373.0298260537548 -185.9236881109045 598.5230741096584 798.9410159915354 317.0121983440654 -210.37172583287722 617.1532010854003 831.4410163155786 308.69085179322354 -194.3018543253025 604.250085953036
1070.0016359619212 4.269263333890052 7.1154388898169705 8.538526667780392 5.692351111853554 10.262031905866245 5.69235111185347 12.15886730483469 12.158867304834837 12.158867304834637 0.0 0.0 12.158867304834855 12.158867304834668 11.384702223707075 5.692351111853399 12.15886730483473 9.546363028425866 5.692351111853459 8.53852666778041 7.11543888981698 4.269263333890149 0.0 5.692351111853385 4.269263333890294 5.692351111853409 8.538526667780449 12.158867304834638 0.0 12.158867304834713 4.269263333890126 4.269263333890086 10.262031905866115 5.131015952933133 7.115438889816929 5.1310159529329145 0.0 0.0 7.115438889816875 8.538526667780417 5.692351111853498 5.6923511118534815 12.158867304834779 5.13101595293307 0.0 4.269263333890132 12.158867304834772 7.11543888981704 4.2692633338903 5.131015952932991 10.262031905866152 12.158867304834883 4.269263333890014 7.11543888981697 5.692351111853503 8.53852666778033 5.692351111853532 9.000397377424628 5.692351111853554 4.26926333389024 5.692351111853495 10.262031905866051 0.0 12.158867304834855 8.538526667780186 12.158867304834668 7.115438889816958 5.69235111185342 10.262031905866271 12.158867304834782 5.6923511118536 5.692351111853453 4.269263333889978 5.692351111853613 5.692351111853455 5.6923511118535615 5.692351111853522 5.692351111853682 5.692351111853626 5.692351111853495 4.269263333889974 0.0 4.2692633338903025 5.692351111853584 9.54636302842586 5.131015952933061 7.115438889816769 4.269263333890213 5.692351111853578 9.000397377424571 4.269263333890305 5.692351111853347 5.692351111853601 5.692351111853523 5.6923511118535846 4.269263333890078 5.692351111853479 8.538526667780278 5.6923511118535 4.269263333890263 5.692351111853607 8.493371961088664 10.262031905866074 5.13101595293313 10.262031905866266 8.538526667780241 4.269263333890248 5.692351111853539 4.269263333890158 7.115438889816896 0.0 10.262031905866037 5.692351111853516 7.115438889817032 5.69235111185353 5.692351111853678 12.158867304834763 10.14752906723392 4.269263333890134 7.115438889816777 0.0 0.0 4.269263333889984 5.131015952933181 12.158867304834793 5.692351111853609 3.984645778297556 5.692351111853707 4.269263333889969 5.692351111853405 0.0 5.69235111185354 5.692351111853589 5.692351111853531 5.69235111185351 4.269263333890093 5.131015952933202 4.269263333890064 5.692351111853512 8.538526667780305 5.692351111853524 773.7135369757431 303.8910939977308 -161.02329153332371 570.956461014421 920.4895097922185 341.46674947181515 -191.8223871493464 590.6008046031669 832.7946816839528 309.9447698459688 -190.07844108999694 597.6608184760115 774.4138989107906 308.7191023339451 -185.32032419499922 594.1317224421321 838.4349558128476 326.0446425329892 -42.92993295140472 548.8881525897382 829.1782994517439 322.80610276783517 -92.20882458275796 558.4881448000948 949.5468865297148 351.889957594246 -4.825205722815193 531.8462694093197 817.8361466368871 313.1502384152886 -163.43625871903677 575.87300131509 963.854878451142 353.5997252153505 -199.77523779438621 612.8113408485367 793.8264220757104 305.1161017705999 -191.8816624262192 617.2764192636635 800.2220070498927 309.43832717261176 -128.80511234711574 561.890751119311 852.5486149066871 325.30007602340856 -79.39461424270038 547.4234364781714 783.7127724829256 305.0505298072899 -83.38180087815181 553.2189694758902 830.9058599652714 318.5951679798974 -76.16205763978395 557.5122105517497 979.650501490811 374.73229455977867 -138.75900121792006 567.3223240684297 813.2091594376855 310.283042284803 -213.59422072185023 627.6422365281549 897.5726259168372 336.5448328577419 -232.79691131835233 624.705397460023 942.6102146785594 346.3418702239935 -112.3880878794279 565.2394006782433 773.4972681123553 313.8820277252485 -180.60299456373232 612.3202384860587 1002.991361959303 386.03331052711525 -115.18048395802164 557.5920256447013 965.4158177790856 361.119437299697 -106.66260990068422 555.2249621166409 957.0093734875289 348.23784823995084 -5.2905617208061955 536.8038136519325 797.8073929500154 313.5644807175249 -14.326713982394331 531.2119623844906 877.989799450582 333.95046845662773 -209.72089340001594 621.6498273038106 889.3147139390363 334.3635517644453 -97.79279973026267 553.6421855086945 893.0663377583838 339.325112588879 -62.71749933290627 544.1835239823648 892.41920947879 329.8223258749294 -198.3511132825346 619.6889563678028 782.4616954224198 309.47682966411946 -51.617080394392005 541.1315897909163 967.0148752409902 356.8933993644631 -37.20417664945506 546.485378925561 838.8244494787331 315.893843338383 -151.96672905532537 568.8747453063733 865.7082856597568 319.18496901202775 -86.1221390487337 559.4852708117086 906.8387793194076 344.6425379788498 -57.93088484806836 538.9755668176916 934.8801526441791 351.8548806655196 -16.25029959615393 537.2384504892442 925.7113451382554 347.5352588066563 -200.72232222358093 590.3865743209151 881.5394872674121 322.15382913760675 -143.75127374148337 571.2772227875957 789.5000523710388 312.4811106787287 -23.069961493838512 540.1899424909706 984.5068362895199 373.38296429353045 -181.65570513278053 585.209367769568 989.9439920968399 371.5008710452862 -62.634024104074555 553.0907949059489 1005.405472357102 392.65452309753186 -150.06846585801674 579.031094156803 807.7635358481286 313.87796189002546 -167.1719803059099 595.006078527778 911.589799494505 348.7139036368352 -129.8390574914119 569.5110748241069 822.9951535818722 320.82142286327223 -70.66175469525461 555.5324558793751 871.5087025534 326.3135305416226 -107.09676825734175 567.5679544621303 987.2622960953546 379.9394157164602 -179.08847098972603 589.2882462682446 931.0578700900905 343.8229777362464 -53.18507318666956 548.629288177766 860.7214151707584 334.3462010937423 -167.90361736857488 581.6878807970629 903.5319817020379 339.31792935017853 -123.90393079951369 556.5690812755756 825.0385498100587 314.97790602132824 -191.23312168672308 610.5021321545157 849.2530779120824 315.9671447186386 -108.80019531256481 560.6466048505365 882.0200232563939 329.7619613897138 -155.44862737030948 585.9864242952499 968.9707533217976 352.5597676497605 -38.36799777303171 535.1053053246458 958.6244371111027 355.1049377330392 -107.71942206573635 551.3602894914787 764.4694610147966 307.18953843576566 -153.79283556730272 575.0648253412608 940.5344137534278 350.6084684351557 -141.19927131534433 574.8135130319164 974.686311094333 365.17080335152366 -32.61150338007869 535.8552177309529 912.1138122323406 340.8404326728559 -24.4181470890019 534.8481708333356 953.3277258082738 356.4669816787171 -120.654608601455 564.2201357876505 997.2279394715597 384.98264134269857 -104.44675490227385 562.6370143885372 875.8388730133372 323.70480237518836 -157.5200056342303 581.8571672090488 900.806132607411 332.66783820626677 -69.44421219141428 549.8025469179337 785.381842538059 314.82152292323866 -181.564691914137 602.4743088017888 856.8292975424026 329.84712410018784 -174.27212593559483 586.1184733954166 843.5653440995379 323.7968342126641 -238.82287229115417 629.0065576466378 863.2910857042639 325.04524516715475 -165.37569491836817 587.7305247831814 767.002849770232 302.69346952951133 -129.48779090669404 553.5878638492893 855.9935722586694 321.11774834331806 -98.078711157775 563.0805304866615 971.5764585786515 369.0986593711588 -44.27938021281405 541.4885796118461 970.1265680143105 376.1410583393049 -191.0190002839905 604.7280112710876 809.8357822486088 318.9784783545984 -219.91053433607266 619.3431542279503 843.8447977288148 311.29395347584193 -208.54815383045764 614.9638804595072
1080.0016359619212 7.115438889817093 7.115438889816943 4.269263333890245 7.115438889816998 8.538526667780374 12.158867304834873 7.115438889817033 5.6923511118534735 2.8461755559269233 5.692351111853592 12.15886730483473 4.26926333389034 5.692351111853463 5.131015952933053 9.000397377424601 8.53852666778018 5.692351111853539 5.692351111853497 12.158867304834567 12.158867304834722 0.0 12.158867304834661 5.131015952933069 5.1310159529330575 2.8461755559267536 4.269263333890276 12.1588673048347 8.538526667780362 5.6923511118535375 5.692351111853488 10.262031905866076 12.158867304834674 12.158867304834711 7.115438889816958 5.131015952933019 10.262031905866083 8.538526667780415 4.269263333890251 0.0 4.2692633338901524 5.692351111853419 12.158867304834791 4.269263333890043 8.538526667780499 0.0 5.692351111853545 4.269263333890097 7.1154388898169465 0.0 4.269263333890264 12.158867304834654 4.269263333890321 12.15886730483482 0.0 4.269263333890289 5.692351111853532 5.692351111853708 5.692351111853595 9.54636302842579 0.0 12.158867304834933 0.0 10.262031905866248 8.538526667780513 7.115438889816993 5.692351111853547 5.692351111853686 12.158867304834716 0.0 17.07705333556054 12.158867304834631 8.538526667780292 4.269263333890151 7.11543888981687 7.11543888981681 4.269263333890141 10.262031905866277 0.0 5.131015952933062 4.269263333890051 7.115438889816969 5.692351111853638 10.262031905866078 7.115438889816953 4.269263333890202 8.538526667780257 8.538526667780296 5.6923511118535455 8.538526667780287 5.6923511118535375 12.158867304834667 0.0 5.131015952933192 5.692351111853557 0.0 12.158867304834628 10.262031905866149 0.0 5.131015952933163 4.269263333890174 12.158867304834779 4.269263333890022 5.692351111853495 5.131015952933131 10.262031905866126 2.7935983022010134 4.269263333890311 4.269263333890031 0.0 5.692351111853477 5.6923511118534735 5.131015952932995 5.692351111853452 10.262031905866268 5.692351111853356 0.0 4.269263333890213 2.846175555926822 5.131015952933007 4.269263333890059 7.115438889817061 5.692351111853565 0.0 4.269263333890098 5.131015952933163 5.692351111853468 10.262031905866156 5.692351111853663 8.538526667780296 10.262031905866154 5.692351111853453 8.53852666778042 4.269263333890225 4.26926333389001 4.269263333890148 0.0 7.115438889816761 5.692351111853503 12.158867304834825 7.115438889816776 781.7907852541448 305.8376529812638 -168.74703496877385 579.232077596617 927.4681429985609 345.8601607611384 -198.48926255224515 595.007145843358 836.5168092029764 315.15261726267227 -200.43766786057463 606.3038824165592 791.7676449878667 310.4429196931361 -196.32527319806732 600.4976143422232 850.5245656660599 326.2911509519169 -55.3401012595513 551.6158524747096 841.5349787780337 325.46864318670106 -100.45224306797199 558.7841041110291 960.9049954524843 357.9543921538018 -19.70318178491977 540.0798695595284 830.5156018965372 318.1863248003082 -175.6608924701644 583.5508472034275 977.7374402250313 356.9183999777273 -209.11736443625634 618.853355694911 804.7182216673266 307.18360452199823 -203.69102779176262 621.8397037376991 808.9889558665624 309.91994205226894 -141.72425950678425 568.007909867787 864.3325671708425 330.44034809454735 -89.16665917128671 553.1939478104546 792.0377434694068 307.73817968444706 -93.34856874518795 557.2506660423151 848.0308413288669 323.52491043007865 -91.1836603583047 560.0423148843722 986.7436259105622 376.12521122124076 -151.28598836841113 572.2067049149815 825.8477461012428 311.6559505474291 -228.93177922864012 629.0812970219663 914.329592866698 344.9040220907965 -241.9540761594345 631.0365750643059 950.5706495688872 350.0211357175989 -128.7548203528069 568.6975447832863 779.5404188575732 311.2895345551329 -192.95130542171435 610.2388015181579 1013.943449041288 396.0978408517582 -129.4965995942649 555.1549057885683 974.7787507601988 365.566141999012 -124.26598148716688 557.6298035104387 962.3148181591009 352.42641978673623 -20.10472951424062 542.5379767429919 810.007358299223 317.11806307417896 -23.060085748790655 535.1369766224607 886.6420482783665 338.51314538954205 -220.95258311613998 627.5241802008494 894.0162519525901 341.6473636848792 -107.88005514904943 558.3593792192128 903.6760083166449 345.7220342978361 -72.1311538922032 548.5079830614816 902.5785800394173 334.8566968155548 -210.14972748885612 624.2955548359433 799.050377349866 311.20552481642204 -61.37774920165128 541.7901292786097 981.303190535776 361.69155140972526 -48.11037148058851 548.7031012027891 851.3122878127333 319.886651302829 -160.34966973598003 573.4731068389995 875.9275055258662 324.0479227901318 -101.1118976468373 564.5638793640342 919.465056511901 355.38018828981274 -67.35300480622857 543.2814147251225 944.3188402434959 353.4590818677507 -28.690059337864106 539.8413911607942 936.3409141991347 350.5863175437192 -206.6912253163838 603.7618318518764 892.9786398151643 328.614178120674 -157.08497448796973 576.915893068809 807.5535134048216 314.66064489455323 -35.50841998615877 542.8254769506585 993.5358046624268 378.759847651969 -192.21641186653272 588.6433327717689 1002.2046841531937 382.97370181101996 -69.76481351051825 554.1706912071212 1022.3321084894468 394.78847549472533 -159.4565572920575 578.9687851709434 819.0921204944431 313.72411356394474 -175.85265799223723 598.7847045781307 928.3930278652135 353.3583828054264 -143.5697508884885 573.4611882967941 833.8127081861983 323.118073707987 -82.29352202566476 560.6388846715462 879.5555513441004 336.78884838873324 -119.49519888298701 565.6380448203367 995.5961076503411 384.6389433392706 -183.43434712605017 595.1366150242715 943.5573264257246 346.224730950895 -62.22496844174715 554.0452768223838 873.5741917774558 334.94457689003775 -183.61585710926695 587.140615156447 914.712949950696 349.64232278399453 -138.00501811334678 561.7177824805666 844.6031539749864 317.9239990559026 -201.91521650469858 616.5140960262931 858.2193952705601 322.87164812130453 -124.61611590235566 561.7989926423467 892.9560271415248 334.92617438166553 -160.72730418045265 585.5890191162341 984.7047212804038 355.31871824669224 -47.80467756408702 539.3198391566505 971.0125273929519 357.9513078849728 -118.21083978191488 552.5116620187846 785.1617652365109 308.1338789469592 -164.2004712821898 580.6831438655552 952.6409583263985 354.256483180462 -149.3426529434246 577.9806447799375 983.2279086974785 369.4928551051895 -42.018077927725066 537.5682169287267 918.7894455540652 346.3326511596425 -34.63296125793671 539.276558341528 965.4303086210701 365.37386740872967 -134.56550416287118 574.3665371908087 1006.6459888495011 391.17980031492993 -117.53846671294339 563.4387938287899 883.1687144544961 330.3584291244568 -171.03775931023776 584.016752606016 907.7540854344397 340.58286293983116 -78.45535300543614 555.2758627010155 795.9484311082134 314.3198682434633 -188.97108736425284 603.3012967444989 860.4138485568113 331.90057708939275 -188.47534999749246 591.0532005653793 855.8739658924718 326.5738597425652 -249.07975185729134 635.9575451593882 876.1174530898476 331.65629905232987 -171.70937847907004 593.0335020296416 772.4671714233674 308.3679937155675 -143.26306668718775 557.4143861701724 868.5387051933491 326.4577980417386 -110.49019927007059 561.1028605798633 976.0999957034165 370.65907821353403 -54.094041475095686 547.1245635619069 984.9229962969218 381.50780757668747 -197.68847316584743 609.4964998443096 822.9446763825383 317.9974126483223 -223.53520809044832 622.6157362388893 854.6594316550853 317.35809603739204 -212.73761914525963 617.1174173211264
1090.0016359619212 11.998755167235641 5.692351111853571 5.692351111853532 12.15886730483491 8.538526667780273 5.692351111853444 5.131015952933189 4.269263333890226 5.692351111853689 5.692351111853503 8.538526667780276 4.269263333890189 12.158867304834756 5.692351111853528 17.077053335560738 7.115438889816761 0.0 4.2692633338900885 12.158867304834741 12.158867304834704 4.2692633338902395 5.692351111853628 10.262031905866154 4.269263333889972 5.692351111853408 7.115438889816905 5.692351111853548 0.0 5.692351111853547 0.0 8.538526667780209 12.15886730483481 0.0 7.11543888981695 5.6923511118534 5.692351111853478 7.115438889816782 5.6923511118536085 8.538526667780497 12.158867304834729 5.131015952932975 12.158867304834795 0.0 4.269263333890245 7.115438889816853 5.692351111853522 12.158867304834681 5.692351111853444 4.26926333389022 4.26926333389033 5.131015952933053 4.269263333890174 10.262031905866227 7.11543888981695 12.15886730483465 8.538526667780209 5.131015952933045 5.692351111853572 4.269263333890106 8.538526667780209 5.692351111853468 12.158867304834672 0.0 5.1310159529332955 12.15886730483485 4.269263333889983 5.692351111853404 8.538526667780369 12.158867304834928 0.0 12.158867304834763 5.131015952933239 5.692351111853407 7.115438889817023 5.6923511118533385 8.538526667780438 2.9884843337231692 5.6923511118535925 0.0 5.692351111853598 12.158867304834757 5.692351111853498 4.2692633338902155 4.269263333890266 5.692351111853366 4.269263333890329 8.538526667780374 5.1310159529330965 5.692351111853686 4.2692633338903185 5.131015952933042 7.11543888981677 10.262031905866229 12.158867304834777 10.262031905866209 5.131015952932989 7.115438889816941 5.692351111853573 12.15886730483487 0.0 7.115438889817052 4.269263333890168 5.692351111853488 5.692351111853508 4.269263333890166 5.692351111853606 12.158867304834859 4.269263333890234 10.262031905866255 4.2692633338900805 4.269263333890199 5.6923511118535375 5.692351111853547 7.1154388898168985 0.0 4.26926333389018 8.538526667780319 4.269263333890227 10.262031905866225 12.158867304834791 12.158867304834803 5.6923511118536 7.115438889816867 4.269263333890265 4.269263333890226 2.988484333722965 10.262031905866063 7.115438889816913 1.949237466118949 5.692351111853522 12.158867304834859 5.692351111853624 4.269263333890063 5.131015952932973 8.538526667780332 5.692351111853552 5.692351111853516 10.262031905866186 10.262031905866321 4.269263333890148 787.9463450803299 311.56087465912515 -182.20362814018023 583.9022603949961 937.7196185906676 350.23884289976843 -203.73064046102775 605.8724738804426 844.2180879588078 316.86995214341897 -214.8508736983438 616.3180204386751 803.4919920173977 316.300958529563 -206.41704601618827 612.0709735969454 864.6200924853745 332.02000776146446 -69.97859866530403 552.7022028074389 847.71058682097 326.875790103554 -110.96934813908175 557.4923798040791 968.7049620671166 359.50762787222186 -29.804504978991226 539.5242749878865 848.7653970618625 323.4799882697253 -187.89692088435132 589.1579839549543 987.6037762560547 361.98697788915877 -220.02211061375354 621.956238772305 816.4133419238681 313.2003352412441 -213.49895425851793 626.9963688115703 825.5342572581905 315.77879747499634 -148.31444995085644 570.6629702939971 876.6278781623447 333.4318980524552 -99.23248479955745 557.9451534004106 802.43273514926 312.17259559480976 -106.27999330401578 563.0286135232118 860.3531025433965 326.3835657722548 -99.0078120867244 564.0298245383755 999.9537795044203 381.2974370671293 -159.4944037799755 573.0564241001426 840.7875911404274 320.9877041637396 -240.32221996010318 631.2872570965917 926.1896693557427 349.55544891889605 -249.4649967450348 633.8988052784684 963.3057829528537 354.36387986229073 -137.92037167736916 573.4966748546793 789.7926687429284 316.79813389878194 -198.0830032368004 614.1523878765744 1025.7770387342525 389.67088592762843 -141.30778040273526 559.6549393797733 983.4521984633393 371.51326967175595 -136.3918698129208 563.4822048225686 973.8830471117451 355.30795509218393 -28.295968392113345 542.8643387608246 826.553492266648 323.0166952899421 -36.946510697982106 535.7917143404634 900.9845589194234 339.79609269644476 -234.41824856847356 625.8675090548555 900.1367151965397 343.2630547796436 -119.90036939001801 557.6756107209202 909.1540125531718 349.6874630231169 -81.50423492559162 550.4175460725733 915.0148753283464 349.3299325248242 -224.38277491910733 627.852726244638 814.3299260483304 315.4852914198242 -69.99399044575297 545.8899098593187 989.2377740642517 367.49025015990264 -61.24414456307334 549.2478732713033 863.919717708341 321.5915074048218 -170.36615258990352 580.1293356813634 888.573867885846 332.09811217659825 -113.01143473243538 568.8402448943011 933.7778463500964 357.14480633828487 -76.322341866863 548.769195526203 957.4406707544406 361.60253640358604 -36.99759992915828 544.9733270988107 948.7842479045388 355.8482885612321 -212.6482169043888 609.4377667047677 902.333995631778 333.5196819228222 -164.82947548217038 578.9211420053324 822.0192621890782 318.86497040635425 -45.696864155110035 549.8380347276443 1003.0489573883023 386.43419584806077 -202.4400504039898 600.1582717806311 1012.398526901151 386.13743687533844 -82.52439510090048 555.9699609905487 1035.0668766723354 397.1032526315408 -167.56909689028478 590.2034911965012 834.0159834624587 312.08115865863937 -186.37960417416224 602.4189364630543 943.4563755239639 358.0890426974713 -155.25952462752218 578.2660720379052 840.2447452095757 323.33459525508044 -90.13547595998548 562.084611236669 892.7602077018266 342.58622385364305 -128.41511378108433 568.9720145295391 1006.3053540025994 394.5895210852742 -195.47052892558963 604.833574842782 951.507373634133 352.5372722675862 -75.33538314912772 554.671574540136 883.2683381378017 338.5811813235902 -193.54013783722087 595.7328290558046 922.6059344308453 359.3259327868131 -147.55468404672536 565.4974998240962 854.9109899300157 319.07354473477915 -212.44538570390776 621.9564661468819 876.6516524466798 327.2822806142696 -137.1888822655512 566.5820506115135 910.0138719854766 344.37100072540096 -174.72852774542568 593.0128508989549 995.760453790218 366.2361814910111 -60.943564460945815 539.8505457673157 976.0425191158374 364.92079091677743 -130.07704663941595 556.9009982448262 797.50089313529 315.2746495336188 -175.51790303696217 584.3544868008571 962.638546582988 363.9784188403758 -161.03749059745775 582.877763026808 992.0576048974943 374.81053096708706 -49.95545425781433 546.3675409770944 932.9105209330245 351.7162499211153 -46.420398833687656 538.763408288158 971.3214311253049 367.5783820412176 -144.86310508812736 578.4579367747313 1013.9710609281851 394.26682665821096 -126.18690454698665 562.8376303671059 895.1189838629944 334.64659238271537 -178.53460945178503 588.6825007453422 918.0890408388881 353.33397489525026 -91.61566937416302 551.0267693815704 810.0091934405439 320.7234673869218 -198.37094713194367 609.2336229486025 872.4365485289019 336.0404759309416 -191.84164837635905 600.5358309715938 870.1848223636421 331.1977504322746 -257.0440172761034 639.544737760577 889.7881710931017 338.775323138114 -178.41706075071835 597.4085590329875 789.3800108387829 314.2881567189404 -153.2862775701505 566.5083208440063 882.8333296845727 331.2091435467825 -120.4745064767555 566.0145073514607 980.171711204141 377.4101626117635 -64.95758710557755 546.9518368458461 989.4538343969341 381.0059293477356 -207.18775066226343 616.9768775785551 833.5081433567024 321.5055732035354 -233.0508886915905 618.338848122992 867.5244707913018 317.93308590799677 -225.85290928639287 622.7740683246169
1100.0016359619212 11.384702223707231 7.115438889816864 4.269263333890206 5.692351111853497 5.692351111853594 0.0 4.269263333890116 12.158867304834763 5.692351111853617 7.11543888981697 4.269263333890194 5.692351111853567 10.262031905866118 12.158867304834791 10.262031905866115 8.538526667780202 12.158867304834638 5.131015952933018 4.269263333890121 10.262031905866161 10.262031905866282 5.692351111853551 5.692351111853497 4.26926333389005 7.11543888981695 7.115438889816922 5.6923511118534496 7.115438889816961 0.0 4.269263333890176 5.692351111853434 12.158867304834722 5.692351111853404 9.000397377424674 0.0 7.115438889816976 8.538526667780255 5.692351111853442 7.11543888981691 4.269263333890011 10.262031905866134 5.692351111853556 8.538526667780264 11.384702223707048 0.0 12.158867304834757 4.26926333389017 9.546363028425834 5.69235111185337 5.692351111853589 0.0 5.6923511118535 0.0 5.692351111853611 5.69235111185338 4.269263333889966 12.158867304834738 5.69235111185354 4.269263333890154 0.0 5.692351111853365 7.115438889816939 8.538526667780305 5.692351111853498 4.269263333890195 5.692351111853576 8.538526667780248 4.269263333890303 12.158867304834926 5.69235111185354 5.692351111853391 4.269263333890344 5.692351111853604 8.538526667780493 5.692351111853625 4.269263333890155 10.262031905866106 5.692351111853525 8.538526667780301 5.692351111853643 5.131015952933148 4.269263333890179 12.158867304834901 8.538526667780285 5.131015952933028 5.692351111853535 10.262031905866145 5.692351111853533 4.2692633338901915 5.692351111853527 5.692351111853332 4.269263333890143 7.1154388898170735 5.692351111853548 8.538526667780253 5.692351111853474 0.0 9.00039737742464 4.269263333890232 4.269263333890324 12.158867304834947 12.158867304834752 4.269263333890151 4.269263333890352 5.692351111853493 5.692351111853517 5.69235111185346 10.26203190586625 5.692351111853724 9.546363028425766 4.269263333890187 7.11543888981703 7.115438889817047 8.538526667780127 0.0 4.269263333890184 12.158867304834942 7.115438889817019 4.269263333890092 12.158867304834779 12.158867304834573 9.54636302842573 5.6923511118536805 5.692351111853586 5.6923511118536485 5.692351111853597 4.269263333890103 4.269263333890045 10.262031905866218 7.115438889817088 8.538526667780324 5.69235111185354 12.158867304834786 10.262031905866186 7.115438889816785 4.26926333389023 5.692351111853737 7.115438889817054 4.269263333890204 9.546363028425777 798.8546432869612 313.2805420904463 -191.6521959580783 589.7201695227449 950.4388977595361 352.02327190348035 -214.02561508173233 615.2269113855912 859.8600027392727 319.3546019381426 -223.28677290475125 628.9541828107535 818.6357942643848 313.4097966982625 -220.545435161865 620.9122747231565 872.0079607026574 335.0952015511411 -79.35422968896948 559.4410836774084 860.7951361978228 330.01019660439766 -119.8552545113481 560.8620987315919 976.9174137341306 364.26320718861575 -44.7741844995483 536.9092174405585 859.2610603757491 327.20198200673923 -199.110524941286 598.5954838035524 996.1893646532095 371.4692464712128 -231.52768303263977 625.5927585295965 832.8695140691419 311.9291575082108 -223.16940774080328 639.0094679983174 844.837840801065 316.4724179184989 -158.2257215273011 579.1150097980293 891.6167153098012 338.5613677931673 -105.09777907068843 562.617618137146 811.4133757412262 311.6270220886601 -120.29003069891357 570.8397585072303 866.8519017558517 323.1143958122698 -113.49894387499923 568.1284226707451 1008.5390805978956 384.00292542580974 -164.32352234605415 581.6824014524806 853.3616457744664 322.70319266257826 -251.25148955008373 637.6381987007845 937.0892192127137 354.29818348160995 -256.59467177113015 643.6204678494593 971.3650345564322 357.60240537643745 -147.72835345353795 572.4325924213503 807.2973132771848 317.8958338109735 -207.68810859650563 623.1541713334973 1034.572122726988 393.844806450043 -156.4849712345402 568.4273628980969 992.5444780524531 381.2971634248679 -147.50624741929576 565.4635368123614 983.546772136338 364.6538504024265 -41.01875513148878 539.5165733285041 833.9998652427895 325.9022041827905 -51.58055736125377 536.8468876995238 907.7624460487704 347.82156626767494 -246.7518640999239 632.9562986059835 914.1653883200679 354.66379322623385 -132.1197169696629 561.1400934767388 917.7206648643917 359.65542230658093 -98.34979300996129 552.5810586948202 926.2922302898058 350.2502023626011 -234.4999604186034 630.7850266827043 828.9723819192899 315.0364192860386 -81.56839113768173 553.6202421567965 1000.1296413473293 377.32605704222215 -70.20541998806101 554.7915246189547 877.6417713314188 328.65440912847873 -179.9788375946264 581.91343498821 900.1640033340615 337.65383210305237 -125.87779829808895 566.1519637898483 943.4794587241523 365.3800576441927 -89.7975509920816 550.958762518783 966.7774878656398 363.9668674890724 -48.23365946133635 543.671048212512 956.4133151463474 362.50288740772544 -224.35437738713614 619.7384665110194 917.6082301980935 337.8485228767698 -172.30100810285614 579.7065809635976 833.3324713560851 318.9409604426822 -56.534452173590005 547.2859878048683 1012.8759349559447 391.6220962861764 -209.4427492193951 609.0750221519697 1020.6877050210913 393.5602369721165 -96.72782250348372 558.4662509363674 1037.7889932645205 402.2569639616956 -176.14585045093335 594.1788013552175 842.5343729109014 310.381107238418 -192.937698759642 612.2972021882885 950.7958905801758 364.48972987853466 -167.5471473472033 587.6100703017272 853.8362833745659 327.74269095611413 -100.54134982988946 565.8470057593853 905.2126878647862 350.940084929874 -142.10039564502011 573.1748122244729 1017.0714544221382 399.4804595792848 -207.40926245966526 616.2717607205478 959.914964514753 356.9163704042692 -87.9833600494896 561.584584405516 893.053319077077 344.8780882022292 -197.42325382006524 605.6218647267709 934.6774097359928 363.1342692091492 -160.66244672841822 574.5368543257538 867.7556891633055 319.758985714824 -222.7484864947116 633.2768735081931 884.8987144211347 326.95661760777375 -152.0694793053023 570.790504723178 917.7847598337872 351.59139379585287 -179.31134199877394 601.7386778158776 1006.1561763725256 377.34487943081837 -68.80414438903483 546.263669438336 988.972926547161 370.857651246504 -137.86625688716526 558.7184293722744 815.780202937952 316.6305509497964 -184.11721874095696 588.3792738141525 974.4447963918739 368.7999938381212 -176.20507979894543 585.8284044382044 1001.445404381732 385.50945370139874 -62.696378671796786 545.6331651161807 944.5801581746355 356.82184855248767 -56.540025883396424 543.3658699241382 982.4230993815012 369.9350933481241 -152.336416115193 579.0453903046114 1027.5880011890165 397.3390117643084 -141.77573099383267 566.4744666418474 910.858995720033 340.2252690064827 -191.33638328507266 594.8051450404643 927.2104565715767 358.5863327081726 -107.30733290452092 554.1650937585227 824.4088230250268 321.40738249323067 -212.83488528004915 620.0406897072917 882.5628498454888 341.0972011908466 -200.993684177952 610.4581792063306 883.6640305257582 335.87077527313465 -262.51281820436014 640.8680902867815 901.3675472744545 342.98739630905254 -187.5404682608006 605.7533036861355 801.2812849019081 319.0912598361832 -166.33128013599264 572.1557337650173 889.8564145951553 335.47409424179756 -134.59826655384478 568.9802586246069 990.1770942864028 378.3995507530545 -75.03194860427664 551.6474962736537 995.0865992719372 386.9423404175321 -216.0064318197832 625.6800995165006 840.7131390974822 321.9431040844631 -240.27085586292594 626.4796234685704 875.107599213146 323.4839029241432 -242.29828660581796 630.6065138293956
1110.0016359619212 5.692351111853675 0.0 10.262031905866248 5.692351111853447 7.115438889816906 12.15886730483481 5.1310159529330726 7.1154388898167955 5.692351111853514 7.115438889816933 12.158867304834654 10.262031905866314 4.269263333890105 4.269263333890307 5.13101595293316 5.692351111853581 7.115438889816897 5.131015952932987 0.0 0.0 9.546363028425727 5.69235111185361 5.1310159529332156 4.269263333890193 5.692351111853495 0.0 5.692351111853574 7.115438889816901 7.115438889817028 5.692351111853466 4.269263333890175 4.269263333890135 5.692351111853544 3.9846457782973967 4.269263333890142 5.692351111853608 5.692351111853749 5.69235111185346 7.11543888981708 7.1154388898168035 8.538526667780344 5.6923511118535215 5.692351111853536 4.269263333890264 0.0 7.115438889816798 5.6923511118535695 5.131015952933232 12.158867304834805 5.692351111853515 5.692351111853422 5.6923511118535775 10.262031905866246 8.538526667780417 4.269263333890161 5.692351111853497 4.269263333890269 5.692351111853612 10.262031905866118 7.115438889817057 10.26203190586622 5.692351111853579 4.269263333890187 5.692351111853524 12.158867304834814 5.692351111853485 7.11543888981688 4.269263333890184 0.0 5.131015952933035 5.692351111853698 8.538526667780188 5.692351111853632 5.6923511118535375 10.262031905866465 5.13101595293295 12.158867304834756 4.269263333889995 5.6923511118535215 4.269263333890059 4.269263333890208 4.269263333890176 4.2692633338900805 12.158867304834649 12.158867304834843 4.269263333890326 7.1154388898171455 5.692351111853568 5.692351111853349 5.692351111853535 12.158867304834635 5.6923511118535375 0.0 5.131015952933068 8.538526667780308 7.115438889816893 7.115438889817068 5.69235111185363 12.158867304834692 8.538526667780427 10.262031905866115 5.692351111853504 5.692351111853613 4.269263333890354 5.692351111853505 10.262031905866168 4.269263333890065 5.131015952933069 5.692351111853587 12.158867304834823 5.692351111853569 10.262031905866317 4.26926333389001 4.269263333890059 5.692351111853234 12.158867304834782 5.692351111853596 5.692351111853486 5.131015952933027 5.131015952933125 0.0 4.269263333890208 12.158867304834827 4.2692633338902946 4.269263333890187 0.0 12.158867304834766 5.692351111853571 14.230877779633971 12.158867304834793 12.158867304834734 4.269263333890099 5.692351111853494 4.269263333890264 7.115438889816999 8.538526667780452 4.269263333890134 7.115438889816879 0.0 12.158867304834725 813.746572128744 313.0868290983097 -205.02674009406147 601.7817751181242 957.376224348865 356.1513900186665 -225.93896029810315 623.1061520335535 871.1645963919699 319.7714853414526 -236.27550108728076 634.9381043807259 835.3766360438595 311.12510486528606 -232.4894822825526 622.1543790466343 881.470384552301 336.3910242598438 -89.07967236950617 560.4455608439902 872.7600912314273 334.30523335224325 -128.948673367657 559.450392744516 985.641579956759 370.0129141504386 -50.39963887427302 540.0386770846809 868.9062760801306 330.86629307444093 -205.57852102060747 606.8120800735876 1008.9700720164551 380.80964541341586 -243.86364514547859 633.9493764578635 846.2326860856019 313.82164615439154 -236.74835859321658 643.970747491893 857.0569514869554 323.0983153347444 -171.41313035307147 586.5001158016283 898.7229374392665 345.5162173736413 -118.46091185354791 565.2935844222712 823.2534028618279 316.69204979558634 -129.81751023831163 574.6724007903517 875.1293019565534 328.9340318478474 -123.45861276519089 570.8335341651054 1016.9307370374839 396.54855454124646 -178.61135795253622 588.442650112933 863.4220883736189 321.5313817885498 -261.5370177973148 645.1050980722241 943.2297943770416 360.4229546217747 -269.9276752801576 654.3034822530622 979.0258749917106 363.9385869048108 -157.37833322089566 577.9796070171961 824.5334371825015 320.46266839447895 -212.68066095295276 627.2249374025845 1043.5747607272249 406.1446176052148 -170.40604614790752 575.9709923522208 996.9682372940906 395.13069522458045 -157.163202528786 570.9810065341355 994.1664815111264 371.7325721265865 -46.631383579963746 547.666073656295 841.7323611662327 324.0759299516793 -64.64638450931113 545.0601840338966 921.3732452574623 352.1145718458113 -260.2924647895129 639.5511983981219 921.3410439253112 358.2800918277889 -137.6018218260471 568.5464627500251 931.587338848266 358.10266152647677 -113.1467029712491 558.1713759266936 935.4550500962017 357.2409713407985 -246.82854919167272 637.9218234185715 839.2496857216839 316.19930876694406 -93.40990428434871 559.1887669804354 1002.9034360436304 384.6379151987656 -82.91228985833686 556.8018244666761 887.0983364062201 336.1044990006723 -191.53521133899937 588.8885611833358 907.8991155737476 344.895801692069 -128.64759715221206 569.8602584791421 955.4227850836817 365.04923136761795 -102.09215737980745 554.2566144636573 975.8114860556698 370.9330358758221 -58.70786131527715 547.2299199934928 966.9049249914021 369.7797343463869 -238.71157817230784 626.4455829371477 928.5976858181224 345.0647167915033 -184.93098184324128 584.4483621281595 847.1735308523645 322.21033541950163 -64.68413804566852 555.1252363982339 1023.0673000209497 396.8161861997771 -216.4205910426026 612.8499497480681 1031.3492102232422 398.2958786185784 -108.64545865003971 560.4559310820971 1044.1461521097121 413.8275509796183 -186.79602101555676 594.0652870072255 856.0303288471547 318.51959479412494 -198.1574463448444 617.6805748006509 964.3970659202737 362.54618179323427 -173.14778540523884 594.1961158799321 861.2263656767208 330.8161004893616 -113.59601665180833 567.0935452898906 914.3151853267113 353.7828220041613 -150.60548419509 579.4254899444799 1030.5680161298646 406.79569196994913 -217.82438244425023 621.8906103482075 968.5324781228536 360.7671515457616 -100.45242611249282 559.8935106753187 906.0479643545993 351.1414294386834 -203.48906555944936 612.8124017332352 947.2723992605253 365.34342126639666 -167.12697913518693 581.4248843837316 879.069713934422 326.35478645187413 -228.50992547117943 639.2368416548737 895.5195578008211 336.03753645327595 -164.3334615398657 576.2569111445947 930.9195471990297 352.2662441075035 -181.7939674181627 600.3296043840528 1015.8821923408725 388.39895170557963 -80.72278080370468 550.4657492525296 1001.8528110296418 378.44025924025055 -142.8454396733476 567.2550205067678 831.9856643851167 316.6412307985879 -195.26818678919955 592.606344271391 981.7279603947712 373.8532417794662 -186.77542292639723 589.6562532206183 1009.8462804219585 391.46711725509385 -75.3055279019323 555.0743425356856 952.3600216455708 358.6662306039767 -67.70038811686395 549.7137536190307 989.2149428617469 380.4065185182251 -160.96341467960315 586.8433281233223 1038.3645164005848 404.3083223803986 -152.4780728979398 573.683802219465 921.4173189779287 343.52523186258054 -197.8582455766742 599.4492356214744 937.2808372529245 363.4134569223338 -121.34137905303773 559.599968654427 832.3698199930894 322.01769694488536 -221.2933644775314 626.0127192262412 890.3072964733732 345.7197599479796 -207.1471809258536 619.1252807083116 886.9686250730985 341.6859000420387 -268.03433627009025 648.2897892733706 913.1927422905744 350.2809365586685 -195.99102091276924 610.0845646652896 813.3219965887495 315.62407134774924 -175.10815912715236 581.4855905536484 904.7089019231298 340.9736358369151 -142.3965852717697 574.8507087516326 995.8374249818471 387.35677396851145 -89.34628139658643 549.231131264511 1006.412461391421 395.81166177534794 -226.5027183472712 632.8677938314311 853.0203511869714 324.90572200472786 -249.74963355055547 630.6169766532269 885.6695153348178 329.9498273831021 -253.23326934249073 636.9897906012267
1120.0016359619212 5.131015952933208 0.0 7.115438889816931 12.15886730483481 7.115438889816887 4.269263333890082 12.158867304834697 5.692351111853612 5.131015952933071 12.158867304834756 4.269263333890257 5.692351111853594 0.0 0.0 5.692351111853403 0.0 5.692351111853734 12.158867304834757 5.692351111853694 7.115438889817 4.26926333389004 5.131015952933103 4.269263333890107 5.6923511118535375 5.692351111853498 4.269263333890066 5.131015952933032 0.0 5.692351111853626 4.269263333890348 0.0 7.115438889816873 4.2692633338902155 2.98848433372322 12.158867304834788 0.0 7.115438889816751 4.2692633338900645 10.26203190586592 4.269263333890139 7.115438889816767 7.115438889816858 5.692351111853718 11.384702223707123 4.269263333890135 0.0 5.692351111853571 10.262031905866252 0.0 12.158867304834754 5.692351111853465 5.692351111853473 4.269263333890108 12.15886730483483 5.692351111853686 12.158867304834795 4.2692633338900645 0.0 7.1154388898167875 4.2692633338900885 4.2692633338902 4.269263333890309 5.692351111853679 4.269263333890336 5.692351111853653 7.115438889816883 4.269263333890193 12.158867304834756 6.333945094578753 5.131015952933058 5.692351111853584 7.115438889816904 7.115438889817295 7.115438889816908 12.158867304834626 4.269263333890086 12.158867304834786 5.692351111853506 0.0 5.131015952933013 10.262031905866028 8.538526667780468 5.692351111853593 0.0 5.69235111185376 8.538526667780184 9.000397377424617 5.692351111853498 7.115438889816938 12.158867304834779 8.538526667780404 7.115438889817074 8.538526667780316 4.269263333890238 7.115438889817103 12.158867304834779 5.692351111853735 5.6923511118535295 10.262031905866255 5.6923511118535055 0.0 5.69235111185359 4.269263333890136 5.131015952933133 5.692351111853484 5.692351111853562 5.692351111853705 5.692351111853482 5.131015952933082 7.115438889816978 12.15886730483471 5.692351111853527 4.2692633338902 10.262031905866369 5.6923511118537 5.692351111853545 5.131015952933142 4.269263333890272 5.692351111853492 5.692351111853497 0.0 5.6923511118535 10.262031905866122 5.69235111185359 5.692351111853764 8.538526667780431 5.692351111853552 5.692351111853619 11.384702223707016 5.692351111853477 4.269263333890107 5.69235111185356 4.269263333890209 5.692351111853565 8.53852666778019 12.158867304834601 4.269263333890261 5.6923511118535695 7.115438889817085 0.0 826.5936370885867 313.6069102361795 -216.18158880369825 601.0363528034841 961.6118405642557 358.17763971496964 -234.16815005789644 627.8090552272156 886.086909010856 325.05186948613795 -245.68503802107213 637.6615870852071 849.1280562830635 318.1322992436901 -240.48728563169155 633.5982346414582 893.2252095603754 341.09274648178393 -104.51327232624462 560.040600892818 880.094485884808 337.5596059698279 -142.46810219183402 563.9615324063799 993.5113960083847 372.22714864249434 -61.230708848807346 542.5613874059301 876.8418464702249 331.81716522992605 -216.0514469387625 605.7529984485994 1016.3949584544981 386.6390281699762 -251.782596666876 645.4662045791622 858.5073984498276 316.91890116561126 -252.34542062006219 651.7291247291778 868.0548774098041 324.7056286251081 -181.7000200425142 594.2494108201998 907.701408625518 348.37752532018567 -132.6702222085033 566.1077762725274 832.7661912722826 317.72239609312334 -144.27040466654964 577.1247363738972 887.3949335516012 334.8309238891358 -132.37397550600906 572.0438821715007 1030.6333307465907 397.9696359908142 -191.88411791204865 593.7898130846278 876.5226182239384 321.3424240473435 -263.9607511075556 653.4271958569966 956.9227042383883 366.4688949015798 -279.2867447260244 660.5098239158724 990.7143524166937 373.8298695350052 -162.75703634656497 587.0210486844151 832.5332516068864 321.1356680188108 -223.6028710768566 632.0131536142521 1059.7233924169248 416.340754845467 -175.0740774529582 580.8282940215142 1008.464440787171 400.9161603131502 -168.32577309637256 578.8157483193077 1000.8034499322617 377.5635070143917 -55.63088233080482 545.7868503706927 845.400113582832 322.5443087604275 -73.57827802305913 548.2349696027267 929.9022217234748 356.4719106405955 -266.9037535923929 651.7170158591875 932.2074367190411 361.0295344776694 -151.07230867312532 573.2702959487364 940.0536162551135 360.2773129351296 -127.67106194025936 560.230888567617 945.8489321906027 355.0807561047642 -258.575654135921 647.5899587013906 853.5481671269736 320.95348625085904 -112.80888569743398 561.6697987803996 1010.9728472079424 392.3297834908458 -97.00630697280508 562.1087600685482 899.6914689282295 343.5585577922384 -199.03510938279504 596.7409534222566 915.7578866258884 348.70662243175235 -141.03619343247047 572.658817858398 970.3035740997703 368.6273449784731 -114.73801011142307 556.714590048748 984.6274047381759 376.16459496784216 -67.2427809891859 551.5104468720218 975.7086422489685 373.2505942867247 -250.5259725171235 636.0621072799134 938.1711565221636 353.0267771643116 -194.45467876287069 586.637520205512 856.6775527776621 323.3923807700689 -77.43396628867204 554.6939515424425 1036.3688852325408 404.6679872697394 -223.12184480599694 623.3512428821491 1043.8978444770557 405.8498027030686 -121.51458427547355 564.383950646679 1053.720224750843 420.00750774460437 -196.94429591456137 601.9809895028669 866.1019051453642 317.4495465064278 -204.65995282959742 623.9248361497224 975.8877748893909 364.611416392308 -179.6851471990771 598.7740018980617 870.1033727555451 334.4304509050568 -124.98672083574189 570.4910782818697 920.7805645912019 354.7412990096243 -155.2657075708182 588.1081569933707 1043.3046689429268 413.0336266454664 -226.88178162935574 628.3777131008056 982.9174024327314 367.2332937463595 -118.0594392905163 566.9151628040511 909.0830919244327 352.12598658500394 -215.12866213615385 617.8379896398467 961.8158355663678 368.07515656222773 -178.17734516633288 585.3635665509728 889.8676457959532 331.5478711297988 -244.7638485574341 645.914311902024 905.3852642083624 341.5512051933757 -170.6565219752582 583.2209684795591 937.764346466631 358.45140583765317 -191.0834964709907 606.4367853888493 1022.9923144351125 389.86512153363907 -91.42828309066758 555.7233175106388 1007.624913431726 384.07924482703936 -155.12487222695123 568.8571792780062 841.5477205589741 314.0768538809193 -207.32679911433434 602.8224736225792 989.8282708074757 384.61072179090513 -198.23703097763354 591.5436647151946 1018.8569641181222 394.3419853563614 -89.82067771181738 559.1805411219461 962.9817695436276 364.5561655459333 -82.97003117394964 553.988010269708 998.9493491067171 385.66624144504215 -167.9688473995714 594.129228267126 1049.9458439772313 412.9189277032207 -161.14236739084637 573.7883962469185 925.1631460988281 344.8266678405707 -209.8652552333062 607.189982408843 950.2174745493181 365.13772778996 -138.06923133909913 566.6159368816288 842.6998072172318 319.62774000315574 -231.89818511050981 636.1329298842082 900.5473902238713 350.0955115647623 -212.09294811518348 623.2327295072436 893.4524988183113 344.8694315433208 -271.26768492426527 658.4502199749909 924.8717078511752 349.33299011847856 -204.62687908828548 617.3894718329133 820.0278987914716 314.7516191778768 -187.34589295072763 588.8738911785355 912.5394660517608 344.7595360436531 -153.91829407098066 580.083779072821 1000.1349126106018 394.7838814676539 -98.65131730761576 551.5100115969307 1022.010910960188 399.69012503906293 -235.10269667726308 643.2926636509143 861.3178284156108 330.69035904932133 -254.91908284271955 640.5430986659404 896.7871156029404 336.93019481546816 -263.52295684205046 644.4460177016063
1130.0016359619212 12.158867304834686 8.538526667780369 7.11543888981696 5.131015952933064 0.0 0.0 12.158867304834946 4.2692633338900015 4.2692633338900725 12.158867304834791 4.269263333890118 12.15886730483473 0.0 12.15886730483476 5.131015952933237 5.6923511118534735 4.269263333889934 5.692351111853412 5.69235111185366 7.115438889816858 0.0 5.131015952933085 10.262031905866271 5.692351111853548 5.692351111853392 8.538526667780145 12.158867304834715 5.692351111853606 10.262031905866088 5.692351111853628 4.269263333890133 5.692351111853428 12.158867304834752 2.988484333723155 4.2692633338900405 4.269263333890328 4.2692633338901675 5.6923511118536 2.988484333723125 8.538526667780387 0.0 5.692351111853543 10.26203190586622 11.384702223707093 5.692351111853356 0.0 4.269263333890187 5.692351111853499 12.158867304834889 5.1310159529331365 0.0 8.538526667780387 7.1154388898169465 5.131015952932935 0.0 4.269263333889986 5.692351111853658 5.692351111853567 4.269263333890168 4.2692633338900325 5.692351111853381 4.269263333890103 5.131015952933128 7.115438889817094 0.0 4.269263333890225 12.158867304834638 5.131015952933108 4.269263333890034 4.2692633338902795 4.269263333890061 7.115438889816976 8.53852666778016 4.269263333890293 7.1154388898168595 12.158867304834779 5.131015952933147 4.26926333389012 7.115438889817047 7.11543888981697 4.269263333890237 4.269263333890256 17.077053335560542 5.692351111853559 5.692351111853386 8.538526667780415 12.158867304834905 5.692351111853611 0.0 8.538526667780241 7.115438889816968 5.692351111853483 8.538526667780225 4.269263333890001 7.115438889816871 8.53852666778048 5.692351111853516 5.692351111853506 4.269263333890197 4.269263333890117 7.115438889816863 5.6923511118536 4.269263333890157 4.2692633338900245 10.26203190586611 5.69235111185357 5.6923511118534345 0.0 5.692351111853741 7.115438889816875 0.0 4.2692633338900094 7.115438889816946 5.692351111853518 5.692351111853598 4.2692633338900725 5.692351111853468 4.269263333890228 7.115438889816931 4.269263333890069 4.269263333890158 12.158867304834924 8.538526667780244 0.0 5.692351111853502 12.15886730483481 4.269263333890288 4.2692633338903265 8.538526667780356 5.692351111853543 4.269263333890013 8.538526667780248 4.269263333890124 5.69235111185359 5.692351111853548 4.269263333890307 5.692351111853627 7.115438889816776 10.262031905866095 0.0 840.2099163604144 314.54316403728274 -227.73027151348003 612.786130581837 966.00081705247 363.3132927378472 -249.11901791989777 635.1292110161241 892.3001745825509 331.9312918214762 -254.12614125185002 646.7050221415008 860.8923358641923 320.0299720388072 -250.72660152282822 639.5704375948018 902.9639275515196 341.8144875754996 -117.1138420311937 562.7172323221932 890.3376001924307 344.4484692331646 -158.24548124258638 571.266123574433 1007.4545882663186 381.1476380735688 -80.27507143758902 545.8108911056166 889.7501397507813 338.2226804066913 -222.81812927008968 616.3505541197973 1025.253145774813 389.8228699224031 -263.81779509984165 648.334220058263 871.3017469160988 324.135331902377 -265.76086999655774 655.3893668169206 878.9161774758036 332.75337263834837 -189.41396632389436 598.275858229961 915.7557923749591 353.84973904309504 -143.9813302238723 569.9008853289442 844.5663942462471 319.4817317572226 -153.27914974963127 583.9508796053159 899.0437015867768 337.33301128068405 -141.9651068268994 577.7066201104587 1041.4764555094064 403.9540705391812 -204.04344353507614 602.9411228420355 884.8110841069796 332.45826476013485 -276.2364589955272 659.0279646558175 970.5377568655516 374.27283227924704 -290.4494356217017 663.4881087272774 999.7722647015673 378.9603525401513 -171.22705606575988 591.220557973523 842.230498000557 324.7906499668604 -231.81914408489348 636.7648114106325 1067.5381586044762 426.358243761683 -179.44429250166382 584.356678802153 1018.3097280720395 401.7606441577866 -176.2778381990596 584.0879856217076 1007.0386976467461 388.50976646283266 -73.59468516848864 547.3216145570481 855.6763321720169 330.1462929052746 -84.32591646526585 551.0284149667165 941.6448939666872 362.9159661604049 -282.64536127416125 659.237014742837 946.0014976507466 368.58728955372345 -157.89644381358966 579.137072570275 955.357768001692 370.2718498970144 -132.94572150700498 563.8166914703841 959.0756917331258 360.3491558175777 -269.5428152048861 653.9193617959542 863.9400452297572 324.97937031381446 -121.64679803369754 569.2352088917519 1019.5622794060163 396.9209809803035 -110.33554851064014 564.9855567915223 908.5811625477476 348.86901211327523 -209.47085882037524 602.3931233988912 930.9087993836357 359.76181070017054 -150.64782696257075 574.4849293963641 981.4897269610935 370.0521542089448 -121.02622066892452 558.1123450339052 994.4062942703096 377.4779815632504 -77.35596321026165 551.4944021311306 988.1558369440635 377.4908152813496 -261.4431934151369 642.4279273753993 945.8521319526799 355.1908983613785 -205.26155411149082 595.0437391635808 863.4098095762773 328.8945695218461 -84.35563968305458 558.6317055579417 1044.6509689424297 409.82876055561684 -230.16632247567216 630.1291120824006 1051.3330981920624 411.86733999504446 -135.00048454151653 569.0096466749058 1062.7183468595665 427.82271631181885 -207.3720460713903 607.6411649392844 878.0236745813135 322.05612927212456 -218.33420071772048 630.2645499837806 988.5207800620832 368.50310629048084 -188.11700616436207 603.1817609414746 884.1218285938073 337.333892305318 -135.58455313337944 573.906192735701 935.23007306148 363.259724154079 -164.63348457124567 588.6976885356545 1052.6399716276069 419.4347289160814 -240.57736552174816 636.2854045205388 995.369829903813 371.453568300357 -125.91441208776203 572.8284169608005 921.5637100670448 359.37289131146605 -221.5211757015895 624.191719305158 979.3698502186393 374.25360788649425 -189.96499266492117 590.0767236398543 907.5132429249394 338.5046492818934 -256.1395963194035 651.2935357185372 920.2625956907775 346.93724541326077 -181.5729538301579 591.3813378077498 951.647956221348 362.2676904362691 -199.45279083917052 610.9194411353411 1033.4855276444373 398.2938114613388 -106.25927246540526 559.0556462782992 1016.6368942114289 387.14002105228036 -163.55925596769586 576.8462039205548 853.8077072747302 317.2679953548672 -221.1686222943276 610.4658702095633 998.9166033638681 383.2929866994416 -211.91973266024658 596.1926419149892 1026.2025385364157 398.0771937423955 -98.79956284401828 560.1802760868211 973.7840752297096 368.02744236777806 -92.67915899675221 555.1802760365181 1005.8217214731845 394.5098106737321 -178.3565777898317 598.074905917847 1058.6337639492283 422.11380999473107 -169.54211957846837 581.8620484425941 932.6368261158187 351.69287482634934 -213.70694118147568 613.3714991146958 963.0334043612658 367.8829235861373 -149.63602746936982 567.9623021030799 849.7580893666058 323.90566788123385 -242.83255361154153 642.492363504608 911.005874395684 353.78137189403776 -225.1414453311077 630.6697114780495 903.2164323992616 350.6738133322919 -284.4318093379691 665.7253106900787 935.3045339462262 355.7729890579895 -210.18156312710144 620.4699815043261 833.4780481953608 313.144476042357 -197.44980190752474 596.8715561682271 924.2815163520202 351.64503452475066 -163.50975809841762 582.0788954315697 1011.3065409315169 394.9876903589466 -112.30823591602291 555.7698124004368 1035.1551865171327 404.36250571344823 -247.8192967175933 646.5887014974205 873.187061067107 335.2566388760101 -269.53438479053005 647.6492607122171 912.9710027852095 343.6224346925186 -275.2745775803641 652.5731037267674
1140.0016359619212 7.115438889816829 10.262031905866309 12.158867304834851 0.0 4.269263333890165 4.26926333389032 5.692351111853668 5.692351111853436 4.269263333890206 5.131015952933116 5.69235111185375 5.692351111853487 5.692351111853538 5.6923511118535535 5.692351111853601 5.692351111853598 5.69235111185363 12.158867304834718 5.692351111853573 12.15886730483485 4.269263333890175 4.269263333890033 10.262031905866085 8.538526667780173 5.692351111853639 5.131015952933072 5.69235111185368 10.26203190586627 7.115438889817087 5.692351111853449 5.692351111853444 8.538526667780305 5.692351111853437 12.158867304834803 5.692351111853526 4.269263333890219 5.69235111185374 5.692351111853648 5.692351111853441 5.692351111853464 0.0 5.692351111853667 5.692351111853429 5.692351111853579 7.115438889816987 4.269263333890293 5.692351111853611 5.692351111853567 8.538526667780376 4.269263333890337 0.0 4.26926333389003 5.692351111853407 8.538526667780483 4.2692633338900885 5.692351111853439 4.269263333890004 7.1154388898169465 5.69235111185354 5.692351111853655 0.0 4.269263333890075 4.269263333890206 5.692351111853549 5.692351111853484 4.269263333890136 5.692351111853612 4.269263333890296 5.6923511118536965 12.158867304834745 4.2692633338901285 7.11543888981689 10.262031905865976 4.26926333389021 5.692351111853481 0.0 12.158867304834772 4.269263333890253 8.53852666778033 4.269263333890271 4.269263333890296 7.115438889816911 5.692351111853649 5.692351111853625 10.262031905866193 12.158867304834908 5.692351111853733 5.692351111853535 5.692351111853609 4.269263333890218 10.262031905866033 4.269263333890058 5.692351111853567 4.2692633338903 7.115438889816822 8.538526667780285 4.2692633338901915 5.692351111853542 12.158867304834912 5.692351111853542 5.69235111185362 12.158867304834782 12.158867304834658 5.692351111853565 4.26926333389021 6.274719865108009 10.262031905866298 10.262031905866202 4.2692633338904 4.269263333890307 5.692351111853323 4.269263333890231 0.0 5.692351111853501 5.692351111853374 5.6923511118535775 5.692351111853599 5.692351111853591 7.115438889817081 4.269263333889993 10.262031905866209 12.158867304834803 5.692351111853379 5.692351111853472 4.269263333890227 12.158867304834859 10.262031905866149 4.269263333890188 8.538526667780246 7.115438889816764 12.158867304834779 5.131015952932988 5.692351111853532 12.158867304834791 12.1588673048349 7.115438889816906 5.692351111853449 7.115438889816782 5.131015952933178 10.26203190586617 857.8930839095475 315.62954688296503 -242.63059737988837 618.5918049517405 979.1079036753575 366.352917498902 -257.15321756388903 637.0261232093316 902.4454910527627 334.1465820241951 -266.4564671371647 644.1762771673037 873.3917068373707 322.47930284983323 -260.33544637322393 645.071911225383 907.8501888142073 342.34739221666484 -130.6013557295516 567.4644197233266 897.8130231832032 347.08606443174915 -167.1315398195408 578.3251405924402 1021.9979323313021 386.30520849037373 -93.96262120459753 549.9003407102336 900.6020865628191 340.7143481994529 -234.8685200092976 619.1577317251971 1034.2633752546692 395.36464510503475 -279.66156826814927 657.2059772036331 880.4337859903968 329.43934299658497 -280.96996859865726 663.8431613880225 885.3447513265501 336.04063072806565 -201.78702497178836 603.6311275357609 932.6400751113571 354.604138783372 -155.62295448197912 567.6110028247643 851.8887024465535 322.7256265948688 -161.95463258266668 589.6048060609205 913.6238008993946 338.8487408676128 -153.79976826010505 576.8318848452329 1051.8299515737588 414.8723384210344 -211.54840712829426 605.7498315384368 896.0298586455515 333.7208263001353 -292.08180676210424 666.2947117646034 982.9205213050145 372.9266232398375 -308.7912313317033 667.2974498859469 1013.2472320823762 387.5354930725112 -181.97499487623813 592.7892908400577 846.9531538357519 328.53952874130994 -244.73116927434128 642.8604664853624 1075.420127077792 432.1329754986417 -197.34341798043133 591.0957106914682 1032.5724524382392 407.6663074231927 -192.42080778544803 592.511799964389 1017.356643972495 394.85033059488126 -92.30995570552929 555.91150218546 861.7633856947373 331.87910996662055 -100.79775956877226 552.5532415511735 956.2840655872183 364.00668462781744 -300.3805067200555 664.7041465689639 957.5588881022824 370.9099712837702 -166.20360146805464 587.2925674368354 964.3481706151466 370.2530983482608 -139.17889758798313 565.3952748571114 971.0866701338349 363.5667205109535 -288.5497618615842 660.3756085518228 869.3625722460532 329.0357694290609 -132.69683023009557 571.6569605502181 1031.6287831237707 400.4560419983102 -123.35341109658881 566.8459263990418 918.4123003527915 354.10451281563826 -226.3580630856015 615.9407259049809 937.1507870047277 361.38506178570793 -158.86748028537474 581.1477134875946 989.7856761924295 373.33941494440194 -129.92167221212623 563.4252288785243 1007.2963589779071 386.8569614918576 -87.39957757795419 560.5221269373689 998.3197315678752 382.6417903395287 -272.4192160178471 648.6580382926825 955.4119095950023 358.99596063664086 -219.3464935649705 605.5374174774194 875.9860446496893 333.8848522503967 -96.66600446053813 566.1941528271742 1058.1997599344504 415.55894738963093 -242.30170163817482 634.416631271082 1063.9620716301683 418.4587124436091 -148.87731779325364 572.9212331855698 1069.2666815764098 433.46996047984413 -215.87980713311555 615.1160880205366 886.042122971943 328.2974000947164 -226.46636191586248 633.5675204339136 1000.0245397496703 374.3977888779282 -192.1453948639891 605.699892533298 892.8086215218104 341.48311128082344 -149.35024387957728 581.773798591481 946.2462301309573 366.0560916182597 -176.5795964188263 594.8266830420633 1064.6838363255063 425.5231896809425 -250.7542917814953 640.791640654983 1007.6208850802958 381.45706650908267 -141.1040281488823 571.9746880253676 930.4638975515091 356.9059913019951 -224.2649575031112 625.7679831730248 989.831925226223 379.9444404404581 -201.16735057393802 595.9692941003458 924.0561586027942 343.6053304211414 -270.1448025865652 653.8045834310582 931.0979474899153 347.62331166654263 -195.32630303742403 600.0202558735185 965.5753847498491 365.0152032910392 -204.97891038875807 613.9834405904644 1048.1336460816972 408.31593128999543 -120.2727727846927 562.5353908746378 1025.5319438970191 397.3088766443212 -173.63143054748102 583.1865006089822 864.1978535408895 321.45145406308137 -228.34399213807944 613.8196033586223 1009.6478927940236 392.69679819211245 -221.11110657954336 612.1880919246518 1038.4832564432959 403.7271003319071 -111.60078584383112 560.4314441148279 984.2099902286321 368.1970177620364 -107.59582401510269 556.2765189541309 1021.0831780914951 402.40499536010424 -189.92045658958736 601.5226739980473 1070.9564475296468 426.91607732675465 -182.09946754428486 584.3043918021488 942.8989821783267 353.90180672218094 -230.1968476127679 622.7497298868966 975.7641944389352 371.91763788556835 -159.11797256664482 573.8896125425272 857.8033284425635 327.4014045734807 -251.14377003778247 648.652039469055 924.6433202027121 358.2021011178658 -237.28077349074755 634.9455201854796 910.0345487542454 350.7625262613957 -301.4984616177281 670.7203146275698 945.1753393989278 363.3802019330603 -215.68759058942183 623.5941690666735 847.8461080686187 314.4610566227152 -208.28849604587867 600.1054727214605 941.0166268958599 356.7533284666104 -175.79727055020683 591.0197311170508 1027.7358033610153 407.4951999249437 -125.82403851277682 560.4100942106553 1041.4186685878485 412.61497247736 -260.53817882099344 649.7909909014218 883.0401709307607 340.8954080019074 -282.6408384669573 654.9687236747777 918.5941440296784 344.5630086010477 -294.18331989949223 657.5294428960025
1150.0016359619212 12.158867304834812 10.262031905866122 5.131015952933154 8.538526667780344 0.0 5.692351111853382 0.0 4.269263333890084 5.131015952933089 5.692351111853591 7.115438889817095 4.269263333890204 4.2692633338903985 11.384702223707055 5.692351111853452 12.15886730483473 5.692351111853315 5.692351111853468 5.692351111853476 12.158867304834777 12.158867304834882 5.131015952933276 4.269263333890127 5.692351111853595 5.692351111853539 12.158867304834734 5.69235111185351 4.269263333890226 5.692351111853357 0.0 10.262031905866243 5.692351111853594 7.115438889817069 3.9846457782975264 5.692351111853668 5.131015952933116 5.692351111853433 5.131015952933137 2.9884843337232194 7.115438889816837 0.0 12.15886730483484 5.69235111185326 5.131015952933048 5.692351111853477 5.692351111853545 2.846175555926848 7.115438889816852 12.158867304834907 5.69235111185354 7.115438889816934 10.262031905866154 4.269263333890098 4.2692633338901285 5.692351111853502 12.15886730483492 4.269263333890416 8.53852666778025 5.692351111853594 4.2692633338903 8.538526667780355 4.269263333890211 5.692351111853547 5.692351111853488 5.692351111853614 4.2692633338902395 5.6923511118536245 5.69235111185346 4.269263333890245 0.0 5.692351111853658 0.0 12.158867304834382 0.0 12.158867304834718 5.692351111853451 8.538526667780607 8.538526667780259 10.262031905866072 10.262031905866209 5.69235111185366 5.692351111853477 4.269263333890099 0.0 0.0 4.269263333890195 0.0 5.1310159529331845 5.6923511118534895 12.158867304834834 5.692351111853456 8.538526667780191 0.0 0.0 5.692351111853446 5.692351111853684 5.692351111853503 5.6923511118535215 5.692351111853525 4.269263333890098 0.0 4.269263333890025 10.26203190586586 4.269263333890327 12.158867304834896 7.115438889817066 0.0 8.53852666778032 0.0 12.158867304834812 10.26203190586629 7.115438889816905 7.115438889816849 5.692351111853547 2.8461755559267226 0.0 4.269263333890248 0.0 7.115438889816825 5.69235111185355 7.115438889817028 8.538526667780255 7.115438889816874 4.26926333389028 4.269263333890139 0.0 8.538526667780241 4.26926333389001 0.0 6.206700339897838 8.538526667780406 4.26926333389015 8.538526667780515 5.692351111853512 7.115438889816838 8.538526667780225 4.269263333890266 4.269263333890305 5.6923511118534185 7.115438889816994 871.3155846224496 326.0101741121215 -254.38447695607937 626.7005241553912 987.2139813188585 374.17268451454794 -264.4866945108132 646.5975213998718 915.2362980916754 340.4883019144607 -277.78756430574145 653.1253282458127 884.6729725664082 326.2363234316438 -268.04392854220305 650.7521943111545 918.82677853274 347.05103696260596 -143.32379286842195 573.5619011217976 908.4949806323546 350.0934716353916 -175.25681383944126 579.8577299923627 1029.325814141514 396.88777540123414 -99.80109929844778 552.4015900116003 910.2411927495917 342.06880630101205 -245.84338441416182 625.4574878338408 1039.4314262126318 402.4939993957675 -286.3532840620024 664.82816658423 889.3776129579869 332.6007788878763 -290.2016793640566 670.1137403816209 897.7661982432741 334.30328865045215 -212.46619581461974 613.6928700569079 943.5040936898724 358.8550727478856 -159.69336703084966 573.6470682768461 864.0080189937651 327.69529258462984 -174.8344925686241 599.0209453338474 923.8666702594629 347.1454777368269 -166.82734932965244 586.1164833398514 1060.4218257926916 421.1126391106148 -217.2614563771684 611.7135396236531 906.1849098710557 340.18027095455 -304.6918017931011 672.8774309967988 996.5625274307059 382.60882500643066 -318.4732256009467 674.4355884712968 1023.4243870724276 394.07937282867186 -193.66377598116821 597.7653047701306 854.3460402573294 325.7709120725465 -252.30978492943535 647.1532970735676 1083.6709458965931 438.1407914856125 -204.63751186570065 599.1406750152044 1042.8575774412159 418.6172365528271 -199.36106697447693 596.3071126552163 1027.4039383599932 401.5789931171809 -103.98495054569598 560.8386144537819 876.0310116367591 331.45877747839796 -109.5166321234158 560.2376043035443 960.973874682792 371.2606221144835 -311.08702966715003 671.5498142213214 973.8902777447125 374.941137881287 -178.18683668363624 588.2304638568482 981.3569102118593 373.7122034626846 -146.4503726698169 564.9736190745189 977.5616142707672 365.27675717641887 -295.8847869576408 668.3243697689045 882.4635434467127 329.70564948277183 -147.83359401164057 580.3345584837222 1041.1301816156194 412.0920890230469 -129.59317810397508 568.4528185633575 930.5695831115146 359.83185475391156 -231.5529131025456 624.3782115108876 945.2339968237603 363.25548171529204 -171.44646880595175 592.9654658073913 1004.0025422223737 382.40407041526163 -141.67707250632483 566.3894866317935 1017.8780687032796 395.2568503563857 -96.09043083827726 560.2682779951634 1011.382406105966 388.19457233608966 -283.76817601920544 657.543493085528 963.9747337775053 357.431777309996 -227.21600644936308 614.0996704295227 883.4571148937079 336.4690797038835 -103.88567734887641 565.4436734759496 1066.1646089580067 423.375001975996 -255.0499694184151 637.6014834446335 1072.632237831077 427.6236004502257 -161.9489879277059 582.1108311434559 1078.2984090996058 437.994213801758 -222.744278099595 619.0315466849834 903.2657306364891 332.0708824822793 -238.92025949781333 632.5125169805145 1009.8482437010089 379.9899319488956 -205.41077617995091 614.3897872606523 901.9930060423186 343.7828761086203 -157.0910971666693 585.6853629456688 958.4922926260165 373.5123641836072 -188.3027156323732 599.7561018464692 1068.2426647672405 431.79782639491236 -258.4456025365991 646.5012721144012 1018.0645362722205 386.43108969905256 -155.2824870690304 579.0064046902564 938.7698137030824 361.24096262499035 -231.11799639306412 629.7039414524338 1002.5548186154233 389.34366136373626 -210.38591658253023 603.7947375929214 930.1706348810199 349.0141753698199 -278.1396536050115 662.2144882511677 942.1726792980008 351.8660693803633 -207.2016468119483 607.9354378182569 972.0827349323021 368.12438287410475 -216.37674227535177 616.3354436666018 1055.3898379609523 414.59061531148427 -124.82747203790896 562.02805518344 1035.5038183655024 404.19753858487456 -185.79358085072852 585.5898978999011 879.9896164959296 324.0905316016837 -239.41364800737173 621.5334847275452 1020.7080391266292 401.74820667962064 -231.6039823830743 620.9069445402644 1047.7063044879235 404.8416930912434 -118.80084028648675 563.7259108574793 995.5542400169556 374.36017578521404 -116.47957294982125 557.638446371785 1030.5134877034652 408.67267136875495 -198.47830346491378 608.9134222508396 1077.67312643231 433.897978364447 -193.24369549034336 590.2883441922191 953.6376689906244 357.2284305089057 -239.79597034149214 628.2584864921863 987.9218286897961 378.2579879719548 -167.73854143335285 579.6247209992603 869.8681688702991 331.25937717850167 -260.82064777831795 654.1061791960964 940.2422907684225 366.0920196893625 -244.73988555320378 637.846985793311 920.2944514372591 351.3548910443365 -310.26190837672914 677.8810509976769 954.015885011446 370.036788297562 -219.90063530214465 627.3705159844868 855.9103548870273 318.0063876073088 -219.26018807980012 609.6059286423547 953.4188206497137 362.399272428632 -183.33564189218137 593.6930194683797 1035.0934413291088 413.44080972912906 -133.89562189402494 565.4708217991489 1052.155355172611 415.681734284546 -274.8127618930569 655.0046841947435 891.6189463446831 340.2098737887363 -292.54052302877204 661.6251277498088 927.4495726953904 353.8372437873203 -303.72434909245703 666.5391496706402
1160.0016359619212 8.538526667780468 7.115438889817111 4.269263333890239 4.269263333890195 5.692351111853428 7.115438889817131 6.291993426698834 4.269263333890188 4.269263333890132 4.269263333890312 0.0 5.692351111853571 5.692351111853737 5.13101595293302 5.69235111185354 12.15886730483473 5.692351111853575 12.158867304834688 4.269263333890224 12.158867304834764 4.269263333890064 12.158867304834745 12.158867304834914 4.269263333890108 12.158867304834938 5.692351111853565 4.269263333890098 5.692351111853545 7.115438889817341 4.269263333890226 4.269263333890216 7.115438889816952 5.692351111853675 12.158867304834803 5.692351111853652 4.269263333890046 11.384702223707095 5.692351111853412 5.692351111853735 0.0 12.158867304834613 4.269263333890308 4.26926333389026 4.269263333890288 5.692351111853444 5.692351111853444 8.538526667780282 12.158867304834853 5.692351111853433 5.692351111853537 7.115438889816917 8.538526667780273 4.269263333890171 5.692351111853623 6.037650108129707 4.2692633338901125 5.131015952933141 8.538526667780316 5.692351111853411 5.692351111853592 5.131015952933009 0.0 4.269263333890034 5.1310159529332475 7.11543888981673 0.0 5.6923511118536245 12.158867304834855 4.269263333890143 5.692351111853619 0.0 7.1154388898169465 8.53852666778055 12.158867304834773 8.538526667780218 12.15886730483478 7.115438889816601 5.692351111853565 4.269263333890241 5.692351111853533 5.69235111185338 5.692351111853521 5.692351111853484 0.0 10.262031905866108 7.115438889816949 5.131015952933016 8.538526667780216 4.269263333889944 5.6923511118536005 4.26926333389003 7.115438889816901 9.000397377424681 4.269263333890206 12.158867304834635 7.115438889816821 5.131015952933002 5.69235111185346 5.6923511118536085 4.269263333890251 4.269263333890248 5.692351111853652 5.692351111853478 5.692351111853572 0.0 7.115438889816767 8.538526667780502 5.692351111853585 5.69235111185358 0.0 4.269263333890038 5.131015952933079 7.115438889817259 12.15886730483478 8.538526667780536 4.2692633338900885 4.2692633338901445 10.262031905866273 12.158867304834851 10.2620319058662 5.6923511118534 8.538526667780417 10.2620319058662 5.692351111853627 12.158867304834935 10.262031905866081 5.6923511118534496 5.692351111853628 8.538526667780427 5.692351111853532 10.262031905866193 5.692351111853627 0.0 8.538526667780452 4.269263333889866 5.6923511118535 5.692351111853546 5.692351111853436 12.158867304834635 5.692351111853548 878.7391932376659 328.60795572888134 -261.36783200085273 640.10714122042 1000.0315374330961 382.2162334933981 -271.4410056334842 650.3811569968933 925.5227324222367 342.87440684141507 -286.447966143437 653.6977910549547 889.7385713681273 332.4939256908888 -279.4709156189141 652.8728953602749 926.6855980924299 352.2814155339811 -150.1690829360804 581.0148844581194 919.3682629990465 356.5845936564023 -191.69460430129803 586.023930872731 1038.7726210759806 405.3489160017259 -109.66747010524819 559.4537126496806 920.2290727493855 350.69069001127724 -253.8552610481508 635.4103886730517 1047.7972302185221 411.9271474538948 -298.45331104058704 672.4150837657263 898.3779665406422 340.05724721415567 -305.02622242390555 672.3904985261981 904.3995517306751 337.05189502961065 -224.24708261563484 621.7630898947968 957.7121145417556 365.1935190959354 -166.16150973113508 578.3422377225218 873.4323164980358 329.756043265121 -185.43636496175068 599.3784520676926 938.1510695150721 350.63787326206716 -178.55459377259857 591.0348355846019 1063.9660329721512 430.2783490751788 -227.26452181255613 613.3221287380488 918.188748148279 344.3995456482747 -313.49771981669784 679.9958777956844 1009.8651732927184 390.35018750724424 -329.7702424701152 676.9047109327024 1029.9386021758573 400.9641350635185 -201.93611181154776 602.3616920556057 865.6103702175512 329.48997724135285 -260.75914757173865 653.1620572137829 1090.6394261479109 449.0852031846705 -217.76695875638902 598.3622530513458 1054.5936313157786 429.44136914730245 -211.4463550902298 598.9804883801132 1032.1281371655887 410.15878859477215 -116.06483029608235 557.2557737837129 889.7404577050388 335.28271956731095 -123.37361302427387 564.1138036853109 977.7026445717686 378.0641581303366 -323.09819789027625 677.5645005651764 989.6469071609832 375.5933268977967 -190.4412541909239 592.1832623557021 994.8310696372678 382.1360044949553 -156.1160399793898 573.8387332381727 988.3173790349931 364.84805658586976 -310.87802713234447 671.9706861482985 896.585140791761 337.71029603575823 -159.16352853196753 580.8007558166524 1049.7032370526363 420.35710180418727 -135.26513509551356 571.2153773004153 943.248296415341 363.12184992183785 -239.60712751750802 635.7901027114672 958.3360468969926 373.27589800752133 -175.64063336593347 595.2208978110667 1012.4385516084062 384.59055659578803 -150.63738543546518 573.2133255885302 1023.839211018269 404.8979729551363 -106.64644936079215 558.4254808289746 1019.6261506591474 397.2924868692055 -295.6666423666924 663.7663101328023 972.5249959375442 359.19803989384457 -237.23031122461052 625.2680456983607 888.4815004360399 340.9678377911151 -117.11885157045091 565.0447655832694 1071.7391355024192 429.2458638632702 -260.49282826282723 647.3909913265729 1081.9547351685615 430.99048855079326 -179.38310475767005 584.640169274885 1083.7812582992856 444.8700262668281 -238.6397995564458 629.4624791912856 912.4688247063096 338.6521405403437 -249.5536520556089 642.5933296488794 1020.003588515252 389.9472605356073 -215.83765201221036 621.6559257219449 910.7706048090547 343.801212653714 -159.8957393849803 587.15478862353 966.7364026743729 379.59372710245793 -198.2153266877663 607.9651549842314 1077.854087878773 437.9020874047183 -267.0146226369973 653.8982982522365 1026.452112265342 391.5875389150448 -169.55472133104533 582.4292657181588 948.6464130981263 364.56203350911824 -236.42979118920886 639.5429188491864 1011.8197987915886 396.7054425775233 -214.13681177660692 610.007233499818 947.5961857393266 353.3953130622364 -290.42557858337614 665.9859339274999 951.7217748065012 359.1037026120366 -215.67257324693446 615.4499077169035 979.7674182321231 371.1992378453416 -224.52590495030546 629.1785891689548 1069.1825320638936 418.89368797324045 -138.6641440271373 566.1048838045265 1042.5547434416558 413.8487997321789 -196.32066389162867 592.7080010986343 884.009517270392 326.7684365874655 -252.59867196065838 630.3686458780847 1028.3283214262983 409.86735144196035 -245.34869473047382 628.7326325419101 1057.7092700801002 412.9684527004707 -128.77135106078114 568.4899363324361 1000.263086576091 373.8214604566268 -132.29064068920198 561.2041962720987 1037.9622545353625 416.87994529101405 -207.90916518011255 611.505580425369 1083.2213125064213 440.5886279155392 -202.45442683266361 589.9534585699118 962.7991216166569 360.49937577484167 -247.46448313411466 633.9616832188326 1001.6535739202043 389.0231171175613 -183.81567675176925 581.457581029137 878.0498932534394 334.14476952497137 -268.60150824098866 659.6794379966627 951.390807986284 371.7166939451063 -255.57660910229487 641.1921980811558 934.4656009996506 358.3065187394822 -322.0967219277014 682.4606158626644 965.6267045379269 373.97356656063414 -228.92707074045688 633.8902157401969 865.3226123800333 324.82961495022874 -234.3712318733448 618.2173950137186 966.5475750998467 365.6432975513963 -193.86475195351517 600.8328252895535 1046.9340374941808 425.21049618785383 -146.25717772214438 568.9241933782314 1062.2311620445564 420.7607917452571 -284.02272359715266 661.239040201628 904.2860698952557 346.85062091639725 -301.66703420300354 666.3327728925246 941.6371156772943 359.0791492359665 -317.6461905423137 672.2572966642427
1170.0016359619212 0.0 0.0 5.692351111853556 5.692351111853477 4.26926333389017 4.269263333890018 4.269263333890299 12.15886730483483 5.692351111853553 10.262031905866161 7.115438889816784 5.692351111853563 4.269263333890465 12.158867304834658 12.158867304834827 12.158867304834715 4.269263333889973 5.69235111185366 0.0 4.269263333890329 8.538526667780319 4.269263333889967 12.15886730483489 5.692351111853476 5.692351111853533 7.1154388898168675 4.269263333890207 4.269263333890248 7.115438889817061 0.0 5.692351111853733 9.546363028425645 8.538526667780163 10.262031905866113 4.26926333389044 0.0 14.23087777963378 0.0 2.9884843337232594 7.115438889817053 12.158867304834514 12.158867304834763 4.269263333890433 4.269263333890315 5.692351111853394 5.692351111853552 10.262031905866028 8.538526667780111 5.6923511118536725 10.262031905866115 7.115438889816988 7.115438889816947 4.269263333890125 5.692351111853444 0.0 10.262031905866342 7.11543888981695 5.131015952933037 12.158867304834706 0.0 10.262031905866051 5.692351111853501 4.269263333890195 4.269263333890086 12.158867304834503 11.384702223707109 12.158867304834988 7.115438889816869 4.269263333890041 12.158867304834699 10.262031905866214 0.0 7.1154388898170255 10.26203190586619 4.269263333889967 12.15886730483475 8.538526667780086 10.262031905866134 5.692351111853581 12.158867304834772 4.269263333890293 5.692351111853458 5.6923511118536165 4.269263333890139 7.115438889816848 4.269263333890151 7.115438889816716 12.11333222554103 4.269263333890393 12.158867304834875 0.0 5.692351111853639 12.158867304834788 4.269263333890134 7.115438889816888 5.692351111853514 4.269263333890187 4.269263333890158 2.8461755559266777 7.115438889816917 5.692351111853597 4.269263333890266 5.692351111853443 5.131015952933157 5.692351111853574 5.692351111853477 10.262031905865825 8.538526667780449 5.692351111853364 5.6923511118535695 8.538526667780426 8.53852666778031 7.115438889816855 4.269263333890092 8.538526667780229 7.11543888981704 4.269263333890078 5.692351111853709 8.538526667780431 4.2692633338901445 4.269263333890176 7.1154388898168515 12.15886730483485 5.692351111853458 4.269263333890181 8.538526667780516 10.262031905866095 8.538526667780232 5.692351111853493 10.262031905866275 5.692351111853651 5.692351111853611 7.115438889816976 5.692351111853613 4.269263333890232 0.0 7.115438889817078 5.692351111853653 5.692351111853474 7.115438889816896 887.2893926880529 324.3510378410166 -271.9442493147371 647.1398665643865 1010.6809834784484 389.40165049597846 -285.98833754510247 656.6921170276222 939.0907588374398 347.8113333681896 -293.5781311246287 664.0441165099422 901.1454462976158 336.22476411487804 -294.608937473252 658.0250784905494 937.9997160318119 354.9885640603472 -160.62708509431442 586.529125835126 932.1701397524472 359.8011337946284 -195.1467551058512 596.0927228623422 1044.5135302805631 406.71007979931596 -120.95731187309678 568.7865906026976 929.2315228963727 355.7667623135346 -272.2177061190752 641.3825454433115 1056.3090901977278 411.3274925056345 -308.712325540637 674.9159489822448 911.551164075135 343.64874330090316 -313.3447318988579 680.5214687661246 916.7842890851448 345.7553768274988 -231.44628088691672 629.9260619543822 973.1665783239874 375.5247066571494 -177.70170740009902 581.8872093583207 885.795237722236 330.8805780876298 -193.14114693432654 605.0417278552123 948.885298701266 351.7336201238747 -186.97607302913684 597.0208020693202 1076.0643327539638 433.82819149311223 -233.17782130812233 622.1247618135077 931.5036541822235 346.2643534308267 -321.29744589615177 683.850630588794 1020.3407221185271 397.9522509317085 -346.2645868867317 680.5347552198658 1040.1758622753657 403.74058316826284 -210.09137730472827 605.6115745869578 875.6213234134366 329.57929026437097 -268.9840840595409 656.2141280216283 1096.2313368220455 456.25372365296465 -225.25738432114335 610.7953344688104 1067.5179723958624 435.9065461057136 -218.53095076450006 605.7206912649364 1044.7966249058245 416.02811880257644 -126.70377017913144 557.1310790962333 906.1439284854005 345.19438467551385 -137.69672375359212 567.2567176161814 989.5451531256207 383.8526749665376 -335.98702157421116 674.6416191653077 998.5860769494997 382.3010126112174 -194.4514942519242 601.2104091986536 1004.7814474252943 390.09048412304566 -168.39830325144774 577.6392637439438 992.6536279517867 371.8895150820772 -320.26635088515195 677.9586027521226 909.5670730112462 335.9226400045998 -168.0792475252874 584.2173012091628 1055.2472622505848 428.04352689921 -150.00040305958905 578.7691816781227 958.8104218014695 371.0988344275787 -252.24944094755043 645.5464168683566 969.955077280056 376.31010897821994 -185.32979242098546 600.5510895783317 1017.28626524986 393.04124588918853 -159.89601009730424 579.4077737959338 1033.7480830596687 411.03575598719414 -117.44177321672672 563.986517819273 1035.0148429950493 405.79135888188245 -306.606888545262 666.6561240362308 979.2273053803722 366.07461228839685 -247.1201006029726 633.5271801958099 894.3898250682468 344.9372370849757 -130.06159376265444 567.3913725876994 1082.751757091093 433.5724137315616 -273.6067340217543 653.0691157750953 1081.808198822329 442.1690209782332 -190.3556307721144 589.319861963239 1092.2408123865546 454.56926263589673 -245.1702324545934 637.2009072223751 921.3572316841158 341.9806641342465 -261.0946353535997 646.1829246668091 1026.2507678076927 400.27327122548024 -222.12750087182104 626.5841166233541 923.944150034902 349.3930612661781 -168.78366957482098 590.6021934134246 976.7465751970866 382.34178473218816 -203.72312568500558 611.0751094616551 1086.1833203676786 449.49622046091366 -279.1349186758454 658.9444265604802 1029.4824017500137 393.14754003635926 -180.66934974171906 588.4765211346732 966.5575919933967 368.74342471840026 -247.82407012061208 641.8112478128156 1025.948618016125 405.0640601560221 -216.40421060714584 614.0223114026911 957.3600998844645 355.82774229251265 -300.65031582033436 668.5354086327226 954.1834842024136 363.73345790441573 -225.7790506683443 618.4606351526082 989.274279770939 379.58588826226975 -228.7624744322639 632.929643532003 1076.269507259387 427.4788794530752 -151.52575166355328 568.679658880116 1054.9421840808145 422.1140839896396 -203.45949402998 599.099611172697 897.5078158621311 331.1876734156617 -258.9553188602229 635.2215514952601 1039.7176945320266 408.58859757095485 -252.7151981535473 638.2523537675092 1061.8248299377676 422.6589054992324 -146.4309082275993 572.0645980822835 1004.2649485480857 380.9854290815793 -142.73233941877805 565.0972650818685 1047.7012115569237 423.45661329831853 -213.8216247060593 620.3122547323734 1088.6733733506658 447.44979667277954 -210.35327836437074 598.4869852697287 969.7251777478068 365.7636242831679 -263.96766241739334 641.7043433749592 1011.2389782590207 395.26749669411794 -194.90626609215272 587.5719224894702 889.7019344980481 338.99331229375974 -280.0491351046726 661.6717362572836 963.3294300806782 379.2635074804628 -264.4389939065538 651.3852346431348 945.6016802006046 357.0107367502587 -337.58289756947323 679.5919502679118 984.1398512288946 380.06693053057967 -237.5419504397303 634.655488943454 881.1033173568434 325.6783788657296 -239.7254572165406 628.0391100611735 979.6249020504431 374.6220211961946 -203.40434434823499 604.8324539814882 1062.9384261104703 433.3157411547076 -155.10618216487367 577.5564230825842 1067.9988290370884 429.217131589902 -288.55091385540555 666.2561965859 915.2722604389817 349.73848337076043 -312.97511632654835 672.0165056394103 950.169687526625 367.66081995402567 -330.0358857710822 675.7203769958367
1180.0016359619212 12.158867304834656 5.692351111853473 10.262031905866177 10.262031905866243 4.2692633338900965 5.692351111853707 5.692351111853449 4.269263333890201 12.158867304834668 7.11543888981691 7.1154388898169625 5.692351111853568 5.692351111853489 8.538526667780262 12.158867304834883 0.0 5.69235111185342 0.0 4.269263333890154 8.538526667780287 10.262031905866008 5.69235111185346 7.1154388898171055 7.115438889816789 4.269263333890207 5.6923511118535695 5.692351111853698 5.6923511118535846 12.158867304834462 0.0 4.269263333890194 5.692351111853598 4.269263333889904 4.269263333890322 10.26203190586608 10.262031905866245 11.384702223707155 7.1154388898170415 3.9846457782974163 5.692351111853657 10.26203190586649 7.115438889817027 12.158867304834649 11.384702223707128 12.15886730483475 0.0 7.115438889816792 4.269263333890364 4.269263333890136 4.269263333890297 0.0 8.538526667780244 4.269263333890268 5.692351111853537 12.15886730483464 5.692351111853619 7.11543888981664 12.158867304834668 7.115438889816883 4.269263333890263 7.11543888981678 4.26926333389012 2.8461755559264996 8.538526667780241 8.538526667780557 0.0 4.269263333890431 4.269263333890048 4.269263333890224 12.15886730483475 5.692351111853719 10.262031905866198 4.269263333890282 12.158867304834716 12.15886730483442 7.115438889816835 12.15886730483474 4.269263333890216 12.158867304834931 4.2692633338900965 4.269263333890187 4.269263333890175 0.0 4.2692633338901524 5.692351111853528 7.115438889817 17.07705333556075 5.692351111853521 5.131015952933135 5.69235111185362 5.692351111853596 5.692351111853659 5.692351111853658 0.0 4.269263333890128 5.692351111853504 4.269263333890129 4.269263333890164 4.269263333890278 4.2692633338901205 4.269263333890384 5.692351111853633 5.692351111853493 5.131015952933291 5.692351111853468 7.115438889816995 7.1154388898168435 5.692351111853678 5.692351111853486 0.0 4.26926333389012 8.538526667780353 10.262031905865989 4.2692633338900405 7.115438889816845 5.692351111853611 4.26926333389034 12.158867304834676 7.1154388898168754 7.11543888981688 7.115438889817038 0.0 5.692351111853678 4.269263333890313 7.11543888981695 5.692351111853602 7.11543888981677 5.692351111853434 4.2692633338900805 12.158867304834756 5.131015952933268 4.269263333890044 10.262031905866143 8.538526667780202 12.158867304835104 0.0 10.262031905866134 4.269263333890283 5.69235111185352 4.2692633338901205 901.2933532300233 333.6076939455766 -281.2640140236022 660.0184655321054 1021.5875675857422 394.50833497227046 -293.5526893143681 659.2182824812825 948.985992495761 352.966239996456 -307.0162826243426 673.4012987765802 912.1772344066443 340.68554457836353 -303.5814270795022 661.227930983233 949.7691735517562 360.32724776923004 -174.1252022029335 589.8269578537308 949.2625331477102 365.61229855740527 -203.62403720189383 603.5874245660602 1054.8588175548464 414.7015417013539 -133.1472528784962 570.9501290508008 943.0201520678098 359.2407489985105 -280.33299359102335 649.6744797461105 1058.9169295837337 419.20324524320176 -315.80917686716003 678.3948020025371 919.3313557607001 349.3068223777536 -323.53211186633865 677.5796740999931 927.6843381606664 350.63289228262676 -247.14227588712006 635.1334207766731 987.6760351435215 383.6408311534972 -189.33448509069362 586.9783665429973 891.2386560849332 335.97600460279875 -195.52507738173645 610.4692906159052 956.4551990868093 358.72111022389987 -198.56079451003112 595.7457719363389 1085.005666180885 448.75093426969414 -242.84741716112285 627.4841292137122 939.5211438449985 351.44796366723756 -334.0448468618993 684.689776101993 1033.1231805073548 403.8286806016949 -354.5945044859724 683.2924889543181 1052.126962705386 411.6271551031957 -217.18335465436974 612.343281426129 887.734923112105 329.66293633337887 -278.0182867587195 666.2600090118034 1106.1314616402708 463.99611064845584 -231.42161917023 622.4038196227965 1081.844130016765 445.6878292520096 -224.1056238842776 618.392829124421 1058.2496321863111 424.872190020125 -133.5560492800728 564.6106789321362 911.670956548339 348.23713133783315 -146.48246995361322 569.1524257332243 1001.7702582080303 392.8555960049902 -344.5616994673428 678.6915941028636 1005.8105869666688 386.31065327663487 -203.03097205345193 610.1330095077872 1014.7111885490597 393.85220246425905 -177.86457721805345 580.0909742313589 999.7806652921005 377.0691844924824 -330.5585521612966 680.2724113763954 918.7618151465017 335.571809531491 -181.7060374722743 588.9887292487504 1065.5526749751525 443.9589743750236 -159.90744316648215 585.4189357267473 967.9751828570894 372.41184634869165 -265.34710699713395 651.2327385748944 982.7847170835471 384.4679474448343 -192.80680010027498 603.3755772487119 1027.0530387980407 397.05745022737176 -171.442877976526 582.9527399410672 1045.2429676935622 420.1277809262517 -131.20547303553315 568.2138215009699 1046.544125018717 412.9020099194625 -318.0917377886214 668.3511267758131 987.107859884555 371.5086791691545 -256.2938606449844 639.8518167451466 905.9911216396176 342.9085776564512 -139.66250706135165 564.3059767897045 1083.7665207031719 437.57318272330724 -288.48055376751597 662.0983945315221 1091.709335876635 451.9279364132476 -200.48580235684352 592.2690397008836 1102.9104786351384 461.16731575794165 -256.5583859012963 646.0852375715688 932.8408139655701 348.9033251387271 -274.2290679002133 651.8048093957617 1037.9056367542873 407.0456911670402 -230.4022061041012 631.2018487574398 934.1171952607164 355.71362841217916 -180.42724120913383 595.6685586667206 989.0719304165493 388.88502929064606 -208.37546866466204 620.5170791808927 1098.0131938915154 458.1210500384473 -289.6237361294445 669.6417319778807 1035.032611538217 399.8702040736736 -188.95622333481464 593.0994832342437 975.589608441099 371.64438826083153 -257.95366403894593 651.3310196951699 1038.6578150353216 415.11373887007954 -220.85627170746199 620.6167455718761 968.1312480283094 362.6811651790084 -310.4902754904735 672.7342494889652 959.4513705906902 363.34187582497424 -233.1261666862934 627.9952924896583 1001.0116339802139 384.55198607945533 -238.66052835390764 632.9955548752685 1075.5661298931957 435.343374031376 -162.1408822819638 575.6734934876358 1063.1329714369795 436.5547649637974 -213.41358413518958 608.8082474706264 910.3540504110395 333.7337557885013 -263.1643523820186 640.7573219516505 1051.550120582902 422.51083967525824 -266.78364431178494 647.1596072009327 1066.952015570753 430.61004967611586 -154.43906469452295 578.9526841936316 1012.37439107761 380.94873706407117 -151.4670279238664 572.312195073137 1056.2745683403168 431.75786519736903 -224.85230580070072 626.5141389930221 1096.1751408195043 448.52169129475664 -219.6210388990223 607.8070382701567 980.6810718852975 368.74675666965953 -275.0089131701005 646.2087798498806 1026.046946570597 401.23478105782345 -207.5333690908592 597.3777295222445 899.2095993888186 341.1136133885546 -293.5271931466702 675.2317274487168 976.6573849640207 378.15528052757827 -271.33751842489824 660.3688670420245 952.8988677106267 361.7594039292078 -349.062941734215 684.871808089806 996.0712148257358 388.1985504016483 -245.5172767952542 643.0982259360485 894.5815994975375 326.58282820978116 -251.39074306462192 633.082916139567 989.5244061245129 378.8723940320855 -212.0848275443173 615.1823545919042 1073.5153013463867 443.43263057981454 -166.3611405329717 584.9685457712717 1072.5990251861697 436.5897535489588 -299.1338574300335 671.5939830215071 926.3320020339194 358.9508648276855 -322.52460462193636 674.0482897085421 955.1847268450573 370.0189967782694 -335.7783026470551 678.437607273574
1190.0016359619212 12.158867304834718 5.69235111185351 4.269263333890384 5.692351111853556 4.269263333890172 4.269263333889995 10.26203190586617 5.692351111853431 4.269263333890201 5.692351111853642 8.53852666778048 12.158867304834699 5.692351111853714 0.0 5.1310159529329935 10.26203190586621 5.69235111185378 7.1154388898167635 5.692351111853499 0.0 12.158867304834773 8.53852666778038 5.692351111853638 8.356373406048588 5.13101595293321 4.269263333890216 7.115438889817023 4.269263333890066 7.115438889817314 0.0 5.692351111853661 12.158867304834759 5.692351111853659 12.15886730483487 12.15886730483471 4.269263333890275 9.000397377424527 0.0 2.9884843337232354 0.0 8.538526667780449 4.269263333890058 5.692351111853596 5.692351111853646 5.69235111185352 5.6923511118534815 5.692351111853458 7.1154388898170575 4.26926333389033 5.131015952933048 4.269263333889811 8.538526667780356 4.269263333890015 5.6923511118534975 10.262031905866207 5.6923511118535215 8.538526667780214 7.115438889816952 4.269263333890181 5.692351111853524 12.15886730483482 5.692351111853492 4.2692633338901524 5.692351111853621 4.269263333890201 8.538526667780172 4.2692633338899535 5.692351111853458 0.0 5.131015952932983 5.692351111853477 5.692351111853603 4.269263333890384 11.267162343093949 10.26203190586634 5.692351111853548 0.0 4.269263333890317 5.692351111853578 4.269263333890057 5.1310159529334145 0.0 7.115438889816888 4.269263333890231 7.115438889816715 5.692351111853518 7.115438889817062 10.262031905866246 5.692351111853416 4.269263333890015 5.131015952932987 5.692351111853543 7.115438889816656 5.692351111853508 5.692351111853529 5.692351111853546 5.692351111853665 4.26926333389013 12.158867304834844 0.0 5.692351111853665 4.269263333890199 12.158867304834862 9.54636302842578 5.692351111853444 8.538526667780268 12.158867304834654 0.0 12.15886730483479 4.2692633338900645 4.2692633338900166 5.692351111853524 10.262031905866593 5.692351111853645 4.269263333890256 7.11543888981708 4.269263333890356 5.692351111853582 0.0 12.158867304834798 12.158867304834683 0.0 4.269263333890318 5.69235111185354 5.692351111853433 12.158867304834663 7.115438889816985 0.0 4.2692633338900166 8.538526667780227 5.692351111853464 5.131015952933163 8.538526667780593 10.26203190586624 5.692351111853684 4.269263333890277 5.692351111853337 5.692351111853581 12.158867304834802 8.538526667780134 911.7841729218078 342.3293682030794 -294.8297139113194 662.8503800145264 1029.754124509537 397.0942563673215 -302.9477441906547 665.2011122135604 955.9480733091441 356.8694984911137 -321.40387544989164 676.3512098097503 923.5074973650419 347.66591496233167 -310.5667439115185 668.5795977387005 958.5232132234864 365.7348713056264 -187.25323446251738 588.9897757704513 955.735106849948 367.76770144247683 -216.94448736553963 613.777819405874 1060.2558473807328 429.2539488818349 -147.1536206877379 578.3374903590471 952.7571202092312 362.2251971269259 -292.82156229901466 654.6862809923537 1068.626083726461 429.9024188726551 -327.78176955684603 682.7067924262267 937.1292435132557 353.99846605570855 -338.63835392189293 680.6215466302365 943.5138092014593 352.8597893720897 -253.002561096071 640.9843919280423 997.8867985942707 392.4381368096385 -200.97346083727936 592.082251552999 899.3049072480692 344.27442407282877 -202.19610837400012 611.4977445068295 967.9222573516123 363.56302978306286 -208.64454023476944 606.8510183003771 1100.1895331082592 456.731064348404 -251.20829746085786 631.9943993568226 948.5612416147113 355.15750599405237 -347.7631373171852 683.0270000228292 1043.8684769216861 414.5153420406063 -370.7396576095054 684.4661277735397 1063.027300307133 421.4360855229963 -228.69399236086136 624.1793695094054 904.3013933710525 342.2080854408214 -289.33210865762294 671.9517585753002 1118.2418141649305 475.42985274843664 -245.60309829061313 626.1195097350742 1093.8982827287878 452.6392573733181 -235.1924562333877 624.5233357290981 1066.8658871932494 436.29230656977063 -146.41660238872663 567.3369799649696 928.0895237394611 351.6323952871737 -155.0720128197858 576.4725849111085 1016.5476761365567 400.81065903582964 -360.975926937812 680.6177435778756 1013.9795556676248 393.7909887546226 -210.61247460111062 614.3906371671718 1024.7371641938225 394.84660070298423 -189.8504347778936 581.3268659056979 1003.2083191920643 382.4399025672418 -344.3246483834744 678.6594150082516 926.1155129075522 337.3434877497498 -195.52806372304897 588.5659886187518 1079.1972632781842 450.60412040865185 -171.8089181258925 593.3141928918863 975.665770447738 377.8715788434713 -278.8405919101536 659.5425563959566 987.235148103496 388.9220754282766 -202.34899120764118 607.3761581486464 1035.1994305210906 401.6508288084605 -178.57869113078434 581.4840227557411 1055.89649510252 425.3509912125825 -137.26206685860453 575.3757558337002 1056.7314370970776 419.3548544187139 -324.7413725666134 672.7824830639738 995.7966330260608 371.6817044427615 -264.00993440507125 643.9135038865827 917.5163996214726 351.08142249480426 -151.94813323159036 568.1327707947439 1088.0057484252688 442.4440176036867 -296.2625212952532 667.2002834799107 1106.917290061444 457.5584489487799 -205.16299054147478 601.697312308768 1114.3442864457118 466.56081619484223 -262.85807050142466 649.4038216226719 944.0398621008302 348.0406021387172 -286.7146200805685 656.8662196562859 1050.4688731809836 418.48438211530674 -239.67766368709485 638.9705808779725 946.8870377338352 365.06720518485747 -188.84268330818853 593.5846560360586 998.9422610938022 399.19662392123394 -219.7791338762407 622.8123949298244 1109.3482956310131 466.05877423524134 -296.0061962505874 672.8111160339921 1044.491278389368 406.5537678272158 -198.17175931121167 592.8334523973867 983.4945556214585 375.8962698528742 -270.57557645125024 657.9143655745895 1049.7684504642446 424.67438780952233 -230.7772797350324 628.8141891319445 977.5398659325084 371.1737884265578 -331.33937761647826 678.7020605035134 970.1531342636738 371.0217371469189 -244.23807072872015 634.0629949178391 1009.1180900566641 389.96355164639044 -247.5284248010478 643.1836073076125 1083.8419088919268 446.96960610671374 -167.36237030462053 582.5965986198179 1072.323581603659 449.47136093470226 -222.95614145063286 611.1751047174101 919.9908073543165 340.77943887759307 -270.004171288172 643.0082396441101 1060.0054473981352 437.7777794996147 -272.6067773195889 646.1831176403512 1073.9339098666699 442.13535217124235 -163.6037016586431 585.2957556145493 1013.6183852567676 384.1683071980763 -160.88702364930757 581.4770355645811 1067.214857715372 442.6681510319851 -236.74816212333613 634.411661920245 1106.558886693166 450.2377380286841 -226.40886272513862 618.3729263058025 988.7482445447101 376.33448877881784 -278.4590222642428 653.326892539887 1035.6840194967915 409.76887354754604 -218.199430637335 607.4431691238012 916.039514207158 348.1041573658949 -306.07089387854444 674.8001594582025 985.0629697139215 382.9598509303125 -282.6145528672865 666.1157214667647 964.9927312206274 373.31732616700066 -361.12017292180076 684.8576723846401 1010.2110609834191 396.6247408051995 -256.3982949068242 646.2094483186457 904.7572947364098 334.4634184353335 -257.6889734305014 636.4579836474559 994.1949985935064 385.26447567358514 -218.87958375743486 617.6165888979954 1086.6207853407886 454.2048698382496 -172.47267224428404 586.9871585119728 1077.6612394895615 442.782465186284 -312.087407880933 673.9420530287232 938.7529378680347 360.2563329494507 -335.3016712059927 674.7427782503055 967.1380149417017 380.3541898285677 -348.28692637660026 677.5700176931335
1200.0016359619212 5.69235111185338 4.269263333890304 5.692351111853299 4.269263333890316 12.15886730483479 5.6923511118535215 5.6923511118536005 10.26203190586613 4.0817961743269215 12.15886730483481 5.692351111853601 5.6923511118536565 10.26203190586628 12.158867304834665 8.538526667780172 7.115438889817042 4.269263333890473 12.158867304834812 0.0 7.115438889816935 4.269263333890037 5.131015952933089 5.6923511118536565 10.262031905866314 0.0 4.26926333389017 0.0 4.269263333890219 4.2692633338901045 4.269263333890169 5.692351111853362 0.0 5.692351111853556 5.692351111853536 12.158867304834727 0.0 8.538526667780237 7.115438889817018 12.158867304834699 5.69235111185344 4.269263333890479 12.15886730483474 4.269263333890074 7.115438889816775 4.269263333890056 4.269263333890001 8.538526667780252 5.692351111853601 10.262031905866218 12.158867304834867 5.692351111853516 12.158867304834773 4.269263333890096 4.269263333890065 8.53852666778044 5.692351111853592 7.115438889816872 8.538526667780392 5.692351111853398 4.269263333890131 7.115438889816994 5.692351111853516 4.269263333889928 12.158867304834816 0.0 11.384702223707063 10.262031905865845 12.15886730483479 5.692351111853434 4.269263333890293 17.077053335560578 10.262031905866289 4.269263333890469 4.269263333890014 5.692351111853491 4.269263333890141 12.158867304834837 4.269263333890046 5.692351111853524 4.269263333890168 7.115438889816976 0.0 5.692351111853749 10.262031905866037 12.15886730483479 5.692351111853659 5.6923511118536565 7.115438889816965 4.269263333889841 5.692351111853496 8.538526667780214 5.6923511118536005 8.538526667780488 5.692351111853464 4.26926333389012 5.692351111853529 4.269263333890151 12.158867304834828 4.26926333389006 5.6923511118535 8.538526667780236 5.692351111853644 12.158867304834843 5.692351111853634 4.269263333890059 8.538526667780449 5.1310159529330726 4.269263333890315 5.692351111853623 5.692351111853621 5.69235111185352 4.269263333890244 7.1154388898165974 5.692351111853496 7.115438889816943 8.538526667780408 12.158867304834699 5.692351111853658 4.269263333889841 7.115438889817127 7.115438889817099 0.0 10.262031905866353 4.269263333889999 8.538526667780426 0.0 7.11543888981701 4.26926333389009 5.692351111853444 4.269263333890202 5.6923511118535615 4.269263333890098 5.692351111853684 5.131015952933021 5.131015952933065 5.692351111853543 8.538526667780296 5.692351111853499 8.538526667780292 5.692351111853598 923.0639903231283 351.0277268677129 -304.39699343416845 664.8616067365832 1035.8367986535586 403.37889989787755 -314.7469398205123 664.231536234123 962.9273533837128 364.4914055803337 -337.33412836732487 679.5975569741591 932.4722916759359 355.6198180743029 -323.5848501070245 666.7854842524359 975.0121089836878 375.4846403722977 -193.57431920973772 593.8846119190567 969.0448423342904 371.7788147551157 -223.53275269044903 621.4754599572063 1067.0660977305636 439.2874665265736 -158.11594827492274 582.9865259218734 962.6802704820144 372.5092341262704 -304.184794329995 660.2456960603653 1074.0321555167193 441.3357511516167 -342.2942805631259 685.1997171266747 941.7638914513906 363.58941285628794 -349.9894957042348 684.2341062209334 948.0744578920047 361.0647859104237 -264.9915990255524 641.873730879025 1007.7810076801735 398.5152687318609 -215.85769819078212 601.0949552951317 906.3498554512665 341.60256244978865 -212.3311336636248 622.5613309822701 974.2690593815887 369.49694544159115 -220.73553023613349 609.5001936827804 1106.0814915817139 458.4959592515885 -264.89923663099694 636.4883537004088 956.5442341959558 360.3243635492474 -359.31341888978255 684.053570666477 1052.6440659311495 425.73195625941696 -378.96061141815267 683.9155254338339 1071.5048173016837 432.9177168566199 -240.08113894988634 633.0382740948833 912.3063934556866 347.10854189617214 -296.106611830866 677.8840557888972 1118.4542872215966 488.7208913675875 -252.30388531882383 633.6999233105705 1102.5608485561706 457.4118695688848 -246.34493277256072 630.5025875764113 1076.118297700995 450.01454749002454 -152.92088065499968 573.5668043034684 939.9651422297572 354.53261786532477 -164.52633998136005 578.9777243101132 1029.051562387962 409.29806872476325 -366.83158746416365 683.0338509686168 1021.3690947399903 400.0712800188165 -221.01354905545296 628.262673353313 1026.6753477421466 403.28688826414844 -198.57407434000422 591.642357396141 1009.4037319676697 389.59872219100623 -352.49053610896107 679.5912353682697 927.9912104145649 342.9278602711754 -203.45001202876318 597.0743570704985 1091.3104746706176 463.9741995895847 -185.2786059379178 596.7567941925902 990.0304357956918 389.34677165782796 -283.08529560623697 666.9669636940849 1002.4711041774424 400.71609143057344 -208.3314422966271 616.1405319459062 1045.9542051799638 408.57432261509035 -188.24100017553224 586.882410840346 1062.5985196355819 436.0483121243751 -150.62733455672023 577.1979990168594 1067.7575798865792 430.23530679214895 -335.86563990436997 671.2501257715179 998.1703905413818 375.9878762792181 -275.87608599870777 643.3466853514553 936.4222090295368 362.969778540164 -156.84804075553913 578.9060121640267 1090.5745938576315 449.97804057950566 -304.7952200741476 671.3169366388881 1115.1422167639337 466.2522741709324 -208.49660470517009 610.3470997541544 1120.3472470775646 482.06122628076105 -273.1088961649627 651.9828954451741 949.9538380097932 355.8771304037091 -295.2383277554943 661.0676533158461 1053.3335997934341 431.72798622289577 -247.4890393317714 644.470111605432 958.4212502882882 368.7017970766504 -195.9647128359957 600.286418417192 1008.8564337845331 407.3779540465125 -233.07418767309082 631.440069192661 1115.2963271548533 476.4596321837051 -306.3503028299783 680.3787755121077 1053.5709531925913 415.6834912029209 -208.16410082060617 602.4937028629329 989.8284047531321 380.80259602276806 -280.11717047837084 660.068250943 1060.0422569722305 427.5613709740898 -242.4467093392089 640.4811482802012 984.7876711141761 375.11695855261814 -344.1471091266672 679.1545690053488 981.2282451442735 380.05567846233834 -258.08011861998915 640.0176317324621 1015.1822396655932 397.29570263464933 -259.12968012849944 646.5703838876029 1093.1642545472635 457.3465684262339 -182.10434729118026 585.3691778251007 1082.114020621579 460.2139773395697 -233.70819931442503 621.1255239322038 930.53870078764 347.8288177772859 -284.8603628608942 645.2346738869077 1071.6052124660239 448.21966206206116 -281.9356437403927 652.2358690934032 1085.3668763670653 455.6539964154024 -176.04951295588427 592.2008666093977 1017.8832201543976 394.95093235389317 -171.721012549723 584.7623511693971 1071.3679947405155 454.80490615672784 -249.57763301191142 637.2201326600564 1110.9553956236641 457.77305600195393 -238.65901104406376 622.3514881249439 996.5011736150284 386.35895187064 -289.57677491062555 657.5612063092171 1045.2956310562627 417.4379788334971 -228.69250795464038 614.5963711887063 928.5576724629916 358.0049945878607 -318.18611083440527 671.3162186343981 995.903388970973 391.29701388283723 -293.97037459052035 671.7102452259896 975.5419391291995 378.43747893019395 -371.81330614769047 687.9382824004119 1022.4764679531046 410.103487228718 -263.73980797113705 652.6647045242185 910.2123674270533 339.18715686519556 -269.7714093851418 644.0603555067033 1001.1219340716142 394.9913101400877 -233.55297347892576 627.0246390583925 1097.4191787518898 463.1630715675234 -185.36559850573838 591.4662072348146 1085.589947423158 447.41021404312073 -329.43782705231274 674.1051724328635 952.6158880694485 368.44559510470856 -351.9089198266487 674.2360073108207 983.4373196502223 386.3933040172268 -360.3360975882144 677.4833616529091
1210.0016359619212 0.0 5.692351111853615 4.2692633338904 4.2692633338901045 5.692351111853616 4.269263333890001 5.6923511118535846 4.26926333389012 4.269263333890101 4.269263333890294 4.26926333389025 12.15886730483486 4.269263333889794 7.703667346398872 12.158867304834791 4.269263333889985 4.269263333890407 0.0 0.0 7.115438889816956 5.692351111853559 10.262031905866197 4.269263333890154 10.262031905866237 8.538526667780225 5.692351111853635 4.269263333890136 4.269263333890019 7.115438889816733 7.11543888981685 4.269263333890119 12.158867304834688 5.131015952933172 10.262031905866234 4.269263333890428 5.6923511118534345 5.131015952933058 0.0 5.692351111853591 5.692351111853455 8.538526667780676 4.269263333890031 7.115438889816913 4.269263333890108 4.269263333890151 5.6923511118536165 7.11543888981668 7.115438889816864 8.53852666778026 5.692351111853468 5.131015952932945 4.269263333890232 4.2692633338901445 12.158867304834848 12.158867304834791 8.538526667780229 12.158867304834807 0.0 0.0 4.26926333389008 7.115438889816955 5.692351111853577 4.269263333890146 8.538526667780337 5.692351111853399 8.538526667780282 5.6923511118537045 9.000397377424463 12.158867304834803 8.538526667780266 0.0 0.0 4.2692633338903825 5.692351111853479 7.115438889817016 4.269263333890298 8.53852666778012 4.269263333890095 5.692351111853746 12.15886730483486 4.269263333890169 0.0 5.692351111853377 7.115438889816932 8.538526667780337 5.692351111853583 4.269263333890376 0.0 12.15886730483466 5.6923511118535295 8.538526667780213 0.0 5.131015952932753 4.269263333890199 4.2692633338900885 4.269263333890047 12.158867304834786 12.158867304834827 0.0 4.269263333890263 5.692351111853603 0.0 7.115438889817205 0.0 12.15886730483469 8.538526667780152 12.158867304834786 5.131015952933174 5.69235111185372 5.692351111853566 12.158867304834883 12.158867304834715 8.538526667780129 4.269263333890203 4.26926333389049 5.692351111853454 4.269263333890122 7.115438889816841 8.538526667780589 4.269263333890105 10.262031905866163 10.262031905866348 10.262031905866358 12.158867304834951 4.269263333890113 7.115438889817 7.115438889816984 5.69235111185351 10.262031905866122 8.538526667780124 5.692351111853646 12.15886730483475 4.269263333890406 5.1310159529332156 10.262031905866314 0.0 12.158867304834821 4.269263333889997 0.0 4.269263333890049 931.2225201899317 358.5567679435615 -318.73917932334376 671.4788730032062 1039.3601803140461 408.58407894914325 -323.8947634385262 667.0378828934679 971.964393152843 369.9145146457981 -345.4583997013913 676.6060176625308 945.2098735552377 359.92203508647356 -335.1723316978406 671.846887570373 990.5522797425873 381.56405121708787 -200.5464974661918 602.8775124422768 980.3550368740165 378.2549513257325 -230.08145039528588 627.676265418612 1075.060313120191 449.24319744331086 -175.17470333703238 591.3618474803809 981.884001405327 386.7220451444026 -315.2053952864594 662.7546926294477 1082.6246531575594 453.32878426041043 -356.7286625575351 683.5304804492412 956.2872598154142 373.2347883003804 -367.02208521422074 682.2517851054454 960.2688382065494 364.06982223778687 -279.2897198211784 645.0856111538719 1017.3771139910777 405.0210965053744 -223.51259592505986 613.4066727584616 920.9414454395568 343.00558564409016 -223.46445234909336 628.6131142287287 986.2606075817137 369.8775383621951 -226.50637791818835 622.0803687929117 1114.3384659798614 474.86874494276435 -275.3180156859853 640.4370223555838 964.0380797846002 371.9967730416731 -379.2847128754533 683.1151966528497 1058.8704242422614 434.0343234642818 -394.51204688411735 683.5262919442957 1078.4161304408028 438.21084271153205 -254.08615151603783 640.3816161987477 927.2535579139623 352.12181188923967 -308.5704317748693 681.1236354178545 1118.3982609158338 501.1019917637722 -265.4977050203012 639.1854164623138 1103.1607227476907 462.22043650973507 -253.50837224545813 635.5896348337471 1086.075572924001 465.395558318189 -165.48635758521363 573.7190884395482 955.3676149541154 364.5316498923597 -176.50450395123406 580.2154631912009 1042.9250648376963 417.2474842977877 -386.0513431755796 681.7402085840961 1033.312251478067 412.04997498628586 -232.44119422401732 630.3847521516902 1028.4016813203975 407.7996016829189 -207.0952755076272 599.0847032044868 1017.1985031219612 395.5672675361815 -373.0010584716614 681.5296740549763 933.323019752483 351.51410054095413 -214.64548797095588 604.6225390015182 1099.124940350638 474.4362099694065 -194.9506512533268 602.1453582607126 1001.3755145432896 399.1441199111668 -292.663781839452 668.95343119659 1015.0405919453817 409.0239515098435 -220.13166719654149 622.6026317354181 1052.5198761399508 410.0607709584673 -197.33600788127512 593.3124390309105 1068.6387953192695 447.1796542031621 -158.01430319890096 578.5521126765078 1071.3107945420268 439.1448696840786 -342.3626302795257 670.1540270545538 1006.0871947983686 387.00641231486964 -288.1294659776211 650.7694553325083 947.2431380798705 365.9115547679818 -167.56966849386652 588.9134928834596 1094.6004615786742 456.06238012704284 -313.6346841402486 676.6927234759469 1118.8806087993812 478.3636148706674 -214.72783175292207 613.7706856622203 1121.440771819476 494.10637755175594 -281.79109893016516 657.6242803973305 955.4146394741489 359.14976329721407 -305.75246563469517 664.7162386212457 1063.0533908805864 438.9739124002239 -257.48888334751456 650.9583839011626 975.3203246891859 378.45436636958766 -204.49527810750848 607.7192735501889 1019.3403129450222 415.4459991854737 -240.32832010386508 637.9713655687661 1116.661318812363 485.11819324885056 -319.83410832951193 681.2703122687925 1061.9484754417444 427.28399998527453 -215.20722246039225 607.7254968318792 998.8426204028253 385.5612120449443 -284.24722507257127 666.0316374585027 1066.1019650593425 433.28301234741906 -250.5419187792147 642.0436333009292 992.8968717160687 375.1667351412692 -353.73163981308 676.7300099893089 995.5110106792421 390.5444228510588 -271.30325120253093 645.4172523524394 1024.6645979903187 409.9578429754738 -264.2284851841874 650.4962855887098 1100.6615830323417 466.2657436888249 -191.54626753349513 587.9187999208174 1092.210928098854 468.8337324032475 -240.96387227960574 620.95686484379 938.2243747246462 358.50501317578164 -289.9111594608587 658.2690260899107 1073.6894547342067 457.73843635535775 -296.01200542842764 663.0659852038867 1095.5681062768995 464.20442245910965 -186.87336843845054 595.5176012185194 1024.4889546290046 395.88288666708405 -180.00765373315858 589.3807300723824 1080.953040020796 460.8113384838039 -260.27766716099137 644.0878509896509 1107.8323605999828 463.0210547832883 -248.18757792749741 631.4102079255422 1002.5360025377823 393.5665453529961 -300.3630104758571 667.9549256586877 1055.3560520301824 422.43010516086986 -234.09142617164218 622.8945738938746 939.2115160745074 365.0260016393382 -326.39344439836316 672.3407380386791 1003.1921852559558 407.6920618156966 -303.04419596617834 674.6595736991304 987.2842837775327 389.2356952938228 -387.65002765699126 686.5256500851269 1030.7330420549724 417.7836862551581 -273.65268550276636 657.6114277099933 927.8510466671046 344.30755835287647 -283.0372346259518 644.07673907018 1010.7351337736126 399.35455282474913 -241.242445173127 631.1002385380759 1109.600225832096 472.19080495128895 -193.65399365108556 596.0869846100819 1088.9696833769196 454.6894018438859 -338.1491930203312 677.8888197276287 965.6913732885463 377.4534513490593 -360.6784374251328 677.862255279707 990.959941908525 396.5922658844425 -370.46764604073076 677.7368720586201
1220.0016359619212 7.115438889816829 4.269263333889961 5.69235111185351 12.15886730483473 4.2692633338902715 5.692351111853466 0.0 7.1154388898169545 4.269263333890067 12.158867304834763 4.269263333890242 4.269263333889992 0.0 5.692351111853565 7.115438889816896 12.158867304834782 4.269263333890233 8.5385266677804 7.115438889816935 7.115438889816958 5.692351111853468 5.692351111853553 8.538526667780106 7.115438889816947 4.269263333890156 5.692351111853485 5.692351111853547 5.692351111853547 4.269263333890269 5.692351111853545 9.000397377424736 5.6923511118535775 12.158867304834805 12.158867304834725 5.692351111853532 4.269263333890332 12.158867304834683 7.115438889816903 3.9846457782974514 5.692351111853556 4.269263333890258 5.131015952933019 8.538526667780529 8.538526667780252 5.692351111853527 5.692351111853473 7.115438889817104 12.158867304834711 5.692351111853449 12.158867304834757 4.269263333890451 8.538526667780236 5.692351111853553 7.115438889816833 5.692351111853547 10.262031905866095 12.158867304834752 4.269263333890264 4.2692633338902874 7.115438889816892 4.269263333890191 4.269263333889996 5.692351111853671 12.15886730483482 10.262031905865955 10.262031905866209 4.26926333389003 4.2692633338899935 12.158867304834759 12.158867304834704 5.692351111853535 5.692351111853575 4.269263333889987 12.158867304834851 12.158867304835073 5.1310159529332795 8.538526667780717 5.131015952932949 5.692351111853627 10.262031905866126 7.115438889817136 0.0 5.6923511118534496 12.158867304834676 5.692351111853459 4.269263333890288 5.692351111853663 7.115438889816894 5.6923511118537 12.158867304834885 10.262031905866412 4.269263333889975 12.158867304834843 4.269263333890028 12.158867304834953 5.131015952933285 4.269263333890251 12.158867304834796 4.269263333890355 4.269263333890005 12.158867304834693 7.115438889816765 10.262031905866412 0.0 4.2692633338902395 4.269263333890184 12.158867304834803 12.158867304834848 4.269263333890351 12.158867304834855 10.262031905866198 4.269263333890256 5.131015952932871 4.269263333890048 4.269263333890125 12.158867304834827 8.53852666778016 4.269263333890199 7.1154388898172245 7.115438889816812 7.115438889816928 5.692351111853625 8.538526667780214 12.158867304834788 5.6923511118535055 17.077053335560546 4.269263333890457 4.269263333890157 5.692351111853479 0.0 5.692351111853541 12.15886730483486 4.269263333889929 4.2692633338900166 4.269263333890256 7.115438889816967 8.538526667780362 12.158867304834846 10.262031905866163 5.6923511118535695 945.5112513014235 366.2376069522066 -324.0829475288297 675.0942894600877 1046.815511512085 415.9848411832224 -333.29059216973457 667.1835563521677 976.5474228186014 376.4447088636578 -361.4463916906583 679.265595681953 953.9508358383172 367.92407640459106 -344.58768235561746 671.9054204834482 997.4808877656436 386.0752585236118 -210.2624699213939 608.1896167165928 990.4093782405334 384.23126525456195 -239.02760981857074 631.0497915532968 1083.3718518314402 459.36560024175884 -186.70205215624364 595.041278830703 988.5139297584587 392.6079125964814 -325.55921444137454 668.5949074845399 1090.6980006738793 460.2716848237727 -367.447624061528 680.1530622037701 968.8589538414283 380.8375930282221 -381.5699479316389 684.1734623907266 970.9054065481768 374.61426038643145 -294.0279196224486 650.8977039979363 1026.4046176192126 416.00384994601706 -234.12726881545078 620.4038701987599 933.6006618050249 357.6299182410708 -230.81794607573144 631.6180725669354 993.6170887107495 378.0924953922738 -235.58593045796638 626.871985910663 1119.849246934795 484.7613058609066 -285.2549310591118 645.3049093733968 976.155926095795 381.25302828557375 -395.5487814314821 680.5424202345184 1068.4079999098865 442.39513659274877 -409.11248270368975 686.9630349540133 1085.8795464539237 448.71686566718284 -269.05772565355113 646.6248004239242 941.0912332413787 359.08024885297993 -319.60426595227375 679.5359677934324 1119.1664081326119 512.0858733634605 -273.81228213986213 642.0009257622208 1106.7107296736067 476.0604831711319 -264.17904140383683 642.2963385560155 1092.5432702849698 475.604168807849 -165.02951982577343 584.3170576996899 963.3531117808408 372.2470304362395 -187.67916164464228 587.772257364552 1053.2684615857438 425.76425373919506 -404.8470987402021 681.3804950337184 1043.3090675542073 418.71233303433445 -242.54771516618945 638.3363826065075 1031.6706802866247 416.963718746933 -216.75929689999134 611.1097808384104 1019.9020040578146 403.41052883056454 -389.4412114856354 682.8882265308812 946.3503215111175 359.53508271740503 -221.83705570246107 617.9388623255845 1111.8867600326817 486.9694068440961 -201.1875420373951 605.5730891544458 1007.990281098201 408.02663597048655 -301.72473738059654 675.7472452403224 1020.7078559462649 410.8936505440709 -225.698347383021 625.5667428035553 1054.2396816282892 420.07414589098215 -213.96727058927502 602.4504973554217 1080.2185328607613 452.41400742897946 -169.76786020245115 588.9035389577665 1076.5464142626704 444.4327892060042 -356.7035102205433 674.7786246532326 1009.9517233428915 393.99406812895245 -298.913293255176 661.1372559687043 957.547099514337 375.7194486024733 -178.0545282981607 587.9529571415535 1099.6569647239521 465.94735187569086 -327.65390016933804 680.2242298610139 1125.6635636882468 492.8433452422192 -218.74508605612183 621.3101231349872 1117.99220474871 503.36770130761306 -292.48018066402057 662.7273365102644 962.2893989655987 365.75530686197055 -320.63970854791876 666.1924663404455 1070.6340077647067 454.5093993859632 -268.4621632500646 653.7983073187645 984.3474214053726 383.15353647720355 -217.26605481998826 617.3476677161226 1030.0014463435014 429.1801591293552 -247.3602410513943 641.6065213783755 1114.8058014221956 495.56082325520345 -336.18912080862094 679.2390331825247 1069.1083840734657 433.29404228336597 -228.40506511276783 621.5563538524179 1004.2649637291584 392.3940771662217 -296.9879403436409 666.8024569561549 1073.6777773557658 447.78754027833907 -258.4516493896722 647.3917062922399 1004.3949008278913 385.1612400451728 -367.9741870146578 677.3418199146852 1009.1248941163485 399.97097403650207 -284.58812611878136 650.6189302323205 1028.3125611579624 421.84310928105026 -274.88010865256825 655.7677933655375 1102.8992581252282 483.8854953498907 -201.23441261383377 593.2712254093084 1096.3988887145258 484.1252327679554 -248.03544586940086 631.3310803428692 952.6094009241882 360.1721389368409 -305.1500572567441 666.6891392217434 1082.0575577932943 465.28288966251444 -313.2827066335813 667.0806049789139 1099.670667803376 475.39864501907067 -194.6097631422959 601.1437390015062 1026.5755540779105 407.102060413033 -193.373881542499 591.3687407420507 1088.6058447348744 470.447442108259 -275.4868391363521 649.0372868715007 1107.2261161098788 464.90522925294755 -259.99061110129486 636.1019819295842 1012.4819956502291 400.8390034601446 -308.9660324681 675.7985254148962 1063.7854401743416 430.5164453235421 -241.94512762143125 628.3502808958777 952.3550170343557 373.9539150851391 -335.599442991922 674.952712446995 1015.279034693344 416.3865297602832 -310.2099763153325 681.8016002100127 998.3513015220186 393.471050828547 -400.4231322350656 686.3636612391746 1038.8144112888558 423.8403225006215 -280.76982124576415 661.0629019165096 938.3355579834415 352.80485815370224 -300.6508817861934 651.2414850815161 1015.2385031919421 411.70673687668614 -252.48469014649112 636.8862661001125 1113.7939285288858 477.5273806724374 -205.0637067638396 598.314948404284 1094.150581801418 464.5591481185421 -351.1124081249281 675.5293096889859 973.3642075496072 385.5500859906448 -375.6422499070959 678.7149288710965 999.0187150058262 401.10356499264475 -381.33141282039264 678.188502342417
1230.0016359619212 8.538526667780449 12.158867304834834 4.269263333889895 5.692351111853594 5.1310159529330965 8.538526667780438 4.269263333890113 5.692351111853562 5.692351111853563 5.131015952933018 4.269263333890033 17.077053335560585 5.692351111853613 4.26926333389032 4.269263333890262 12.158867304834814 0.0 4.269263333890287 9.00039737742454 5.131015952932976 5.692351111853705 7.1154388898167875 10.262031905866234 7.11543888981682 5.692351111853459 9.000397377424449 5.692351111853382 4.269263333889994 7.115438889816931 5.6923511118536245 7.115438889816992 5.6923511118534 12.158867304834788 3.9846457782975895 0.0 12.158867304834834 10.262031905866236 0.0 3.9846457782976383 4.2692633338902795 5.131015952932875 12.158867304834882 0.0 11.384702223706984 4.269263333890035 8.538526667780209 8.538526667780447 7.115438889816819 5.692351111853769 10.26203190586628 5.692351111853383 10.262031905866204 5.69235111185367 5.692351111853403 4.269263333890148 5.692351111853531 5.692351111853554 4.269263333890246 7.115438889817036 8.538526667780385 12.15886730483459 5.692351111853598 7.115438889816937 5.692351111853564 5.69235111185343 4.269263333890295 5.692351111853439 5.131015952933238 0.0 4.2692633338901524 5.69235111185364 5.692351111853567 0.0 5.69235111185346 0.0 5.692351111853488 12.158867304834606 12.158867304834839 4.269263333890107 12.158867304834754 8.538526667780317 0.0 5.6923511118534975 4.269263333890202 12.158867304834752 5.692351111853539 4.269263333890485 7.115438889816869 0.0 4.269263333890184 12.158867304834672 4.2692633338902 5.692351111853692 4.269263333890204 12.158867304834684 4.2692633338903025 5.13101595293319 5.69235111185358 10.262031905866394 5.692351111853532 5.692351111853532 5.692351111853611 7.115438889816755 4.269263333890114 5.692351111853564 5.692351111853513 10.262031905866156 5.131015952933127 9.546363028425887 4.2692633338903105 4.269263333889817 5.692351111853562 10.262031905865967 0.0 4.269263333890446 4.269263333890043 5.692351111853543 5.692351111853611 4.269263333890311 5.13101595293302 8.538526667780289 12.158867304834763 12.15886730483478 8.538526667780431 12.158867304834772 7.115438889817029 12.158867304834754 12.158867304834734 4.26926333389007 5.692351111853601 0.0 5.69235111185355 4.269263333890344 6.40328367384591 12.158867304834782 4.269263333890209 7.115438889816828 7.115438889817112 8.53852666778036 12.158867304834866 955.1905077516442 372.40385172377086 -345.99472522331934 673.9635446633876 1056.3318262749174 420.57288869253296 -342.96640086578674 668.6287313878987 985.1149066579552 384.6661580614914 -373.629182345653 682.807372840405 961.7556072150422 369.12864503002214 -363.2292662634114 674.2808366284038 1006.500640949123 390.1856903878046 -217.44857555310506 617.4036687344017 996.9092914042042 389.1614228605774 -248.85923773972803 641.3594039114104 1086.8836262113664 469.8320729228705 -193.31536001587753 602.7155910944421 1001.8196293280962 396.29723207734924 -351.1673704808465 672.8914167411202 1091.6762472429714 470.0117161124931 -382.00856608506365 682.031870986738 980.0079983123505 384.6095385676158 -390.7064750469872 684.6843005051646 981.1208829309687 377.21150585580403 -303.1161209973618 657.6772498786772 1032.208580588252 425.3515191757767 -248.72600804671168 626.5979711286251 941.464018553547 363.20303232762757 -238.00437397897295 636.6622844529554 999.3993533502277 381.5585664530487 -243.28309662103953 636.1595787460723 1117.5572294201545 493.686503145415 -290.1749294286141 651.553722097909 996.4151952543024 396.3145705681734 -408.5161962402516 684.2695841508198 1076.5543099906865 449.2207917129812 -426.3131904637692 688.4753111813984 1087.9536571690094 453.8087610925844 -278.5039019047741 652.4971179580751 944.4838768712642 370.425655054896 -334.5233413701509 676.8209898010282 1118.3315781278461 522.7604098504062 -279.40320725938517 648.6529021704216 1108.6692282836384 486.2216228215563 -276.90866193426916 643.2135962587017 1094.2732024138816 488.3329925721273 -181.4047197279461 590.645136557775 972.9549673290386 377.46997202079274 -192.08807881633396 592.8981317997402 1068.5400164873997 432.43357976458793 -418.12723141093363 686.4860636081829 1052.5924636374937 425.233833521706 -251.3728539934035 645.4399616461842 1040.4494254135536 424.5962589640191 -225.71312779941437 621.2247815432806 1025.122948415226 411.2707810777891 -402.09740084197074 685.2303530833499 954.2938877252296 360.5026550216831 -234.99330396058133 623.492443119578 1115.4826213895244 499.08950156902404 -209.79222652534798 612.9152988170855 1014.2465677591744 417.20146937728146 -311.6391819298662 678.8365046861827 1027.4396269270367 423.50944655346876 -235.51431489590672 630.6671452274071 1065.6488979047076 426.72482941628215 -222.5738973456574 614.832277125921 1085.847649924266 463.6726829503009 -180.28027187427227 596.0553589651537 1080.2168534073885 453.14895761042214 -371.0988205248589 679.2184957755386 1018.3502914202396 399.6014958300369 -313.8469747723331 670.4417879830278 969.8288280028213 383.70536619805335 -191.3359950646486 596.6111275042551 1102.3155903522295 470.03482767531864 -340.8370057420135 677.413715378004 1120.35292610748 504.3238277147463 -230.23420432953048 630.0037671162689 1121.3863119122523 515.6829922558022 -300.461647406071 662.4401064538819 972.4742124497106 371.2993440477897 -332.28037966046963 671.1311825227452 1076.690655040521 461.4479185788718 -279.65606976356975 657.8972320528538 991.6344698056332 388.3968654439288 -220.0796743568223 625.5470629594681 1044.5865730597409 435.1524701254115 -260.2682381453255 644.0776441254374 1117.211530550862 508.10152142650674 -350.44028570656525 679.9427689595674 1078.71706601477 442.878161092244 -239.62971077016095 627.4000676431588 1013.5669778117158 401.2944994203076 -303.72703007737175 667.2199277428795 1080.017819712277 459.7505193821101 -269.9380336555157 649.0746151750133 1011.9417778262703 393.3072547611023 -375.91416610963665 676.6341078873138 1014.432122136354 411.74338158098305 -296.2746391125768 657.3766229270769 1032.8219193457564 433.9198604715651 -290.2120806078719 660.3880188123396 1106.578039986977 491.8532582507077 -211.21422887479955 601.3939951712675 1105.6256776069101 497.8182696165059 -256.6812378702243 637.0238979546282 966.3122356808428 365.44483331096467 -317.49132766544363 675.9876413502429 1092.2085878378634 475.94717975596024 -322.69542200297235 671.1699304961966 1103.2969188199304 486.7576994410956 -205.0274878511792 606.8172377418562 1032.003054152216 417.59915033350063 -204.84840690604932 601.6852505985514 1097.3658310362975 481.65670147220663 -286.9112552389399 654.4795599458125 1111.1697775516102 476.93728446736327 -264.62560791712656 641.0391935473959 1018.747250710668 409.8846033362398 -326.56806446773163 676.9633247833516 1072.7843956897707 438.5534162667004 -252.35178166372313 632.31920175877 963.5759136471703 380.54060030953116 -353.80738176363354 678.5503390926339 1022.9124144165444 430.3797252586344 -323.13407112743863 679.8055745638057 1009.6525087175352 400.8926851466359 -410.01437753133183 690.055569255902 1047.6548192968633 429.68013818878484 -294.20781356788984 665.9708346174564 943.8170019316261 356.28018076146697 -312.1127564868504 664.2551588494903 1019.9251812039255 420.9294032387375 -270.1909362579518 645.6617508185769 1114.5319760500856 488.05463993937065 -211.13684959263898 610.3634234794415 1101.5234610998114 478.74636119707316 -362.5489306472736 678.8172166688536 987.4494374091574 391.2574539933663 -387.6854333607599 678.3175744189331 1007.4325609349282 406.708139052996 -397.3628979396663 680.5888721849991
1240.0016359619212 5.69235111185351 12.158867304834715 4.2692633338900805 12.158867304834772 4.269263333890214 0.0 5.692351111853542 8.538526667780431 4.269263333890064 5.692351111853621 10.262031905866358 4.269263333889988 5.692351111853468 4.269263333890001 10.262031905866225 5.69235111185349 4.269263333889972 12.158867304834828 12.158867304834699 10.26203190586613 4.269263333890166 12.15886730483474 4.269263333890412 0.0 2.8461755559267132 12.158867304834674 4.269263333890329 5.1310159529332395 8.538526667780017 5.692351111853564 5.131015952932924 4.2692633338903265 4.2692633338905095 4.269263333890113 4.269263333890398 4.269263333890043 12.158867304834644 12.158867304834747 2.9884843337232962 12.12531127927097 4.269263333889969 5.692351111853415 10.262031905866031 11.384702223707194 10.262031905866296 7.115438889817077 4.269263333890119 10.262031905866197 5.692351111853636 12.15886730483473 4.26926333389041 12.158867304834862 4.269263333890354 7.11543888981681 4.269263333890203 5.692351111853483 4.2692633338904 5.692351111853612 4.269263333890198 12.158867304834734 5.692351111853497 4.269263333890249 5.692351111853365 8.538526667780388 5.6923511118537045 10.262031905866062 4.269263333890031 4.269263333890294 12.158867304835061 5.692351111853579 7.115438889817138 0.0 8.538526667780033 8.538526667780365 7.115438889816731 4.269263333890146 12.158867304834493 5.692351111853394 4.269263333890098 4.269263333890216 12.158867304834812 4.269263333890034 5.6923511118536405 10.262031905866106 7.115438889816554 4.269263333889973 5.692351111853556 5.69235111185343 5.692351111853637 4.26926333389029 12.158867304834837 4.26926333389008 7.115438889817035 4.2692633338902 5.69235111185338 5.131015952933135 5.692351111853741 4.269263333890173 7.115438889817007 5.6923511118534815 5.131015952932949 8.538526667780387 12.15886730483478 0.0 5.692351111853477 7.115438889816803 0.0 6.037650108129614 5.692351111853424 5.692351111853495 5.692351111853774 0.0 5.692351111853636 9.546363028425814 5.692351111853567 10.262031905866072 5.692351111853639 7.115438889816952 4.269263333890176 5.6923511118536005 10.262031905866149 5.692351111853393 12.158867304834851 8.53852666778047 5.69235111185361 7.11543888981704 5.692351111853481 0.0 8.53852666778018 10.732370085920378 10.26203190586621 5.692351111853685 12.158867304834613 5.692351111853566 5.692351111853691 10.262031905866149 7.115438889817102 7.115438889816914 5.692351111853546 10.262031905866122 967.1184411669248 378.72253441299586 -364.4880001734529 678.8210191907419 1059.2472315802177 426.2137459110667 -358.51989587687393 672.336061546509 993.7806769385121 391.98785752894764 -388.18007097092925 684.6410068517555 971.835356906939 377.05693476448397 -371.1552536183018 673.5686577987659 1015.3692396889122 394.6049869837361 -228.74519717724885 629.9467383778328 1008.2585552120241 392.74246396639717 -258.6201360204157 644.8273428297543 1093.1364610270628 477.8347215089386 -205.92193787186352 605.939875316912 1012.0117000144016 402.71468124893727 -367.18487483795076 675.4503582653412 1096.0644486270799 478.0926886928889 -398.0423715212666 684.4024530079886 987.710550907914 392.61478430777106 -403.1625248197946 683.1223532434295 987.0309136323036 384.6798475533488 -320.04439167694534 666.3417910704778 1042.6711310348685 434.08265541182624 -258.9963785287414 634.3376752341062 952.2844149576674 365.8670375579082 -247.52167100619573 640.5870762842 1008.9035768614958 384.3988806534501 -254.4239961521099 640.3564642680484 1122.3279494861536 502.2167793056047 -299.2882554628526 658.2981219426098 1009.1061399086881 401.89287282144 -417.061600989953 686.2737355015099 1082.0963298618337 457.2576505291633 -435.1575391717379 689.2179726739704 1095.6489589756304 461.20193681794024 -287.9877164024837 662.1241551081549 959.0735092882759 373.9165198844688 -355.1026772247967 672.381245197557 1117.4683804326157 532.0400951517812 -288.3926725690141 659.3239205097855 1111.076786591495 494.5694725494059 -284.420278988763 653.2637415006213 1098.237278867343 501.93410393475676 -194.18359479346813 600.2984073486147 980.3724138824747 384.6152674292863 -202.9648348790826 596.0684562681721 1077.1164774918275 437.4561457813152 -429.7375633250681 687.0573849997767 1060.4196454097312 435.44320435382696 -266.1265147355948 651.2735909931387 1048.6569391104642 434.5858158601399 -236.10617560238964 625.2228638159734 1037.2313070598243 419.6386957189512 -411.3786630214068 687.5113536913162 957.057995769663 368.6448082947007 -244.36175996359697 629.5488695514555 1116.4274910082358 507.8033012586357 -221.58860579335155 624.473134985906 1021.2070427831006 423.9472626123287 -322.0334779065734 680.6661398884099 1031.2402930443059 432.2672899452386 -244.16012127662577 636.3719804040309 1071.4890172049354 431.0198833452578 -229.91899264721405 621.3015002440558 1094.745825450534 471.56539395915485 -196.40018440725783 606.1565545234852 1087.3624993550043 462.27109329086323 -382.7024844749634 679.916150374712 1027.4503233240935 404.9775981114813 -325.4981675604296 675.3752312221652 978.6002702108578 390.7902135953033 -203.72351306747694 601.946312213149 1101.4915042546502 475.2761486978362 -355.05500083346215 678.053243613543 1121.5994716409946 515.4735391303363 -236.94402947342297 630.7584839473132 1122.9779177375299 530.7205753433007 -312.7414000550741 668.6320825982606 978.9958842600778 377.10337901679367 -335.4924883343535 673.740611032138 1081.2539425679317 467.39594001079814 -292.0532666167049 668.8195172471858 1002.9916874863684 395.7675411554263 -231.99182969641853 636.9803474238629 1061.887030386338 442.4033740599009 -271.4471585106496 648.148133823464 1119.3533273094981 523.8593027201835 -366.00842719021375 683.5782188926395 1085.7744916731144 454.529327660803 -251.80173060014053 633.073757640816 1027.2019565629448 411.2707179350967 -314.40076820041946 674.4087343887933 1088.9313176512035 470.9093408319514 -274.53689957651136 657.8192601022665 1020.6611270251183 399.8161767212656 -390.7746544366809 679.851527024005 1025.0601138835013 415.26825606977354 -306.85870136678085 660.8032873408883 1043.8051527258344 444.20766982321845 -303.4552054204412 667.6177825421458 1113.6066841164695 503.87493042758064 -221.16828153679654 614.7300377839847 1111.497254391924 511.01494469820386 -265.6105887335028 643.995393614824 970.305175951086 368.17186504960614 -328.88766951078827 679.4826234320299 1092.7899371125727 485.6801997377955 -332.0917959223197 676.3704908974295 1106.1065254430894 500.7825169164741 -211.0535701748383 614.0431493708106 1037.128159755774 431.12478784468476 -212.38524320035316 604.3666372854116 1098.9579814460633 495.21659182931603 -296.9809745507 662.9461632012534 1115.454408508074 487.20288744759534 -276.3411750209785 643.9991008483073 1031.5731215803316 421.4242958490481 -346.68868290013876 673.7365777491856 1078.0003331421015 448.3049532750995 -260.0129374305949 640.034639683188 973.2416532991093 384.65432755393743 -370.5653512519776 681.3443407228497 1033.0470483236084 440.8972631229055 -339.00267355014205 678.6930431512197 1020.6541747903739 406.85293494680343 -425.31563689453196 692.0643122195874 1054.7792254052154 438.40901946164036 -304.84376970822416 673.2865608449663 952.1172284244383 361.32014213002407 -324.7225058085333 672.0477840270089 1023.4826360473951 431.5323249715525 -278.25284011548536 655.195961139535 1116.3504773182663 499.04319829633806 -224.03940517057265 619.8198208060187 1102.4776292216675 490.0222845476002 -378.5649112319354 681.2603819058241 1003.6152412377354 403.0390396923342 -395.4908116838984 680.0565457058806 1016.4231056441319 413.98951983523074 -410.13032451973385 680.4048669699968
1250.0016359619212 5.692351111853627 5.692351111853567 5.6923511118535695 4.2692633338903185 5.692351111853637 7.115438889816912 5.692351111853547 5.692351111853489 5.692351111853474 4.269263333890306 4.2692633338900485 10.262031905866339 4.269263333890099 12.158867304834688 4.269263333890087 4.269263333890296 4.269263333889971 7.115438889816952 12.158867304834704 5.69235111185349 12.158867304834759 5.692351111853646 12.158867304834615 0.0 12.158867304834795 4.269263333890312 4.2692633338901524 4.2692633338901755 4.269263333890273 0.0 5.692351111853505 0.0 4.2692633338898425 3.9846457782973883 4.26926333388987 12.1588673048347 5.692351111853608 5.692351111853568 3.9846457782974314 5.692351111853545 12.158867304834855 4.2692633338900325 8.538526667780564 5.692351111853646 8.501670774987392 12.15886730483481 4.269263333890432 0.0 10.262031905865937 5.692351111853644 5.6923511118535215 12.158867304834878 5.131015952933195 5.692351111853619 5.692351111853516 7.115438889816908 5.69235111185357 4.269263333890271 5.692351111853615 0.0 5.692351111853414 4.269263333890296 4.2692633338903105 12.158867304834772 4.269263333890296 8.538526667780165 7.115438889817125 5.6923511118534815 5.692351111853475 12.158867304834626 9.54636302842569 4.269263333890164 4.269263333890002 12.158867304834693 0.0 6.736611136677703 8.538526667780275 4.269263333890119 4.269263333890058 4.2692633338900565 10.2620319058663 7.115438889816917 5.69235111185351 8.538526667780229 12.158867304834638 7.11543888981696 5.692351111853617 7.115438889816997 7.1154388898169865 4.269263333890143 0.0 0.0 10.262031905866094 4.2692633338901675 4.269263333890371 4.269263333889991 5.692351111853558 12.15886730483463 7.11543888981693 7.1154388898168435 5.692351111853761 12.158867304834812 5.692351111853526 5.69235111185353 5.692351111853594 8.538526667780388 4.269263333890061 0.0 4.269263333890539 4.269263333889972 5.692351111853575 8.538526667780449 8.538526667780161 12.15886730483491 7.115438889816893 7.115438889816763 12.158867304835024 5.69235111185362 5.692351111853505 5.6923511118536 12.15886730483483 4.269263333889947 5.692351111853617 4.269263333890296 4.269263333889951 5.692351111853587 5.69235111185371 12.158867304834732 4.269263333890163 4.269263333890004 7.115438889816632 5.692351111853487 5.6923511118535925 10.262031905866088 4.269263333889839 0.0 8.538526667780161 7.115438889816997 7.1154388898168826 5.692351111853622 973.8745682790317 383.41003658637624 -373.8850674786757 678.6717867448663 1063.5423385459364 435.5555153500936 -370.9905835980871 670.8822835093927 1003.9784908718921 398.3870535402405 -404.2108953308628 686.9687016927265 981.0609254100807 388.83083202032697 -388.4651339582441 672.647280625271 1023.4352163892567 400.6961822320412 -234.76246961056486 635.6311131889748 1013.167914418179 397.9841240013883 -266.6126265803591 653.8265703118179 1100.8023465576268 483.73850024703387 -221.08205238326315 617.867225973115 1017.7432965595924 418.6056251939327 -378.7898451459158 676.1655416094379 1107.5846974965782 488.0545559088892 -411.5452616197569 684.4444342636799 996.9246508224088 401.66668918162804 -415.9405000852493 682.8786037198134 990.6375784985323 395.7131334740101 -335.0911107245324 671.3087627839936 1048.506551930536 443.5544552084001 -274.0796417961394 637.5746754099519 960.3436352961177 373.47295031255254 -249.32877533919955 644.1147646384374 1016.7706874710849 389.6173777382809 -265.83412054120424 645.7963849835751 1117.3265090492662 512.9807169830326 -307.736799893996 660.6723539980467 1015.8233621159034 412.51868942419253 -432.7955058547293 687.0677985419153 1086.5927850300106 463.3136968804665 -446.38574766495486 700.4724701401994 1095.952317872523 466.0822350789052 -299.6882553327397 668.5307849703573 968.4567833637606 381.54586981832426 -362.48875651640975 681.6738770925883 1118.102614398829 541.5094688198344 -293.216068980067 664.0410462768999 1112.4850684755118 505.64123793121036 -298.63862943817435 658.3448430201787 1107.3411456428853 514.4586111832928 -210.36648503091146 603.4988025208011 987.7978621395978 394.8731553602499 -216.9368233930565 603.4148639945247 1082.648367046364 445.5633440550377 -441.8876508283549 695.2959168466238 1065.84832458468 445.20024701790476 -276.1764936180713 655.9299356672444 1056.6050108254185 443.1467158923154 -244.9837773146999 637.5734042731768 1042.3620327777087 424.12313194146344 -426.7056444047413 689.4429856081322 965.9273368256929 375.55396827657177 -252.8896334794141 633.7130427325353 1118.5223844091727 521.9762591119245 -225.78148133056916 631.9326299957534 1026.086688591268 430.23094718806215 -332.6270145174926 679.9052106672149 1038.0107077912817 437.7210525542529 -258.91791259715393 642.2172075402333 1075.0791026326915 439.80061046401505 -240.51165086746892 631.934044542269 1095.4331501640634 473.865505497847 -205.58198266229502 605.658580211165 1091.6941089771558 480.00367993430575 -398.7404108915438 682.269906383873 1033.5145925145753 415.20860514132966 -338.6814081814896 685.9186162166526 987.0029278546599 402.3110931021383 -212.39456495776062 609.1880120880833 1103.2304500564012 481.315501285859 -368.4712074011499 687.1499664264472 1122.7597866186768 523.2533686934723 -252.0032421191814 636.4222083190924 1120.2112996592493 538.948395551881 -325.33377476267634 671.3458619275585 987.6236265215049 386.40401021764717 -345.63590793075286 667.6084804985969 1086.7530397756066 473.06144957206783 -308.42654497170497 670.7885826363009 1012.9180819322312 404.33926775457684 -239.60389682633277 639.434313431649 1063.5538959621201 453.6130259657326 -282.8641089535843 656.0959844526122 1119.2244931777686 533.2886110201626 -378.0436191585787 683.1739880267017 1090.8966050699817 466.1692556813095 -265.33693512310003 639.593311113396 1034.2175599781287 420.9294049834569 -326.63305054039375 682.0790277537783 1096.2789761082497 482.7766265928926 -283.19430251352406 661.7310237279586 1026.0854918159234 408.5413156573627 -404.7023789817778 678.8390385728903 1032.0016056653913 425.0737806509369 -316.63363125773606 670.118220007793 1059.6814244040247 450.97949787220045 -314.895163543665 675.0748967283662 1111.3890529021503 516.4010699920059 -228.37278919485402 619.7395401747285 1113.5717085242245 521.8263039231919 -278.69199583609253 651.3759927440117 976.4103662959847 379.47194262862047 -343.0640570525119 686.5401594105781 1100.4821246397642 495.81548691669195 -348.52965035134906 677.9155645631687 1109.7879899398192 511.31896633623256 -223.1473098625516 621.6288263853148 1043.2085464138277 443.2073059685287 -219.12721220813438 613.6748520015503 1105.9361380931562 503.3049153270886 -312.4469977020169 667.0624035102662 1112.8050374372672 496.07648098829355 -286.12011189467773 651.0769624690226 1040.009881963855 429.5259745080042 -358.572270543813 669.5318284286284 1083.3179822908173 456.51425834411634 -272.88565385099224 646.1155070408247 982.7780012157491 397.2665703189713 -382.90800327553325 682.3213126056612 1042.803741822055 450.07848846097346 -353.67483896844936 671.8215401970663 1026.3726793028598 416.3733457052461 -434.2255724794187 695.3565123108953 1060.9994807681287 440.79976361830654 -322.73124620444116 675.6859786986968 961.9845966749252 367.12319432522906 -335.2388985973438 677.677215317753 1030.7000287014655 437.5666813935527 -291.76258197612816 656.0832534402812 1115.1662917105268 509.8729160825297 -236.5628946234891 619.5136395720237 1106.018956328645 498.83198628793804 -393.3224135698214 686.9474502510257 1011.3361146302127 408.39814264760275 -410.5914195939032 678.1895219264735 1021.1804104962578 426.7806888680365 -424.61680274480125 684.5781139548708
1260.0016359619212 4.269263333890197 4.269263333890295 5.692351111853396 5.692351111853607 4.2692633338900166 5.1310159529331365 4.269263333890231 4.269263333890215 4.269263333890197 2.846175555926733 5.131015952933144 5.69235111185368 4.269263333890198 5.692351111853572 12.158867304834974 12.15886730483476 9.000397377424637 8.538526667780355 10.262031905866253 4.269263333890153 4.269263333890132 10.26203190586621 12.158867304834883 5.131015952933165 5.6923511118536245 10.262031905866378 5.6923511118535 5.692351111853639 0.0 5.692351111853679 8.53852666778041 12.158867304834892 7.11543888981727 10.26203190586631 4.2692633338900965 10.262031905866131 0.0 7.115438889817041 10.26203190586657 8.53852666778042 12.158867304834764 5.692351111853457 8.538526667780156 4.2692633338900805 12.158867304834816 8.538526667780353 4.269263333890008 5.692351111853553 5.131015952932913 5.69235111185354 4.2692633338903745 10.262031905866294 5.692351111853388 12.158867304834896 4.269263333890149 10.26203190586637 5.692351111853734 7.115438889816948 8.538526667780035 4.269263333890001 5.692351111853372 4.269263333890231 5.692351111853468 5.131015952933064 4.269263333890414 11.384702223707029 12.158867304834745 5.131015952933013 4.269263333890427 8.538526667780342 7.158389690583882 4.269263333890278 5.131015952932731 8.538526667780504 7.115438889817112 5.692351111853578 8.538526667780408 4.269263333890009 5.692351111853616 5.692351111853498 5.692351111853681 4.269263333890076 5.69235111185365 12.158867304834848 4.269263333890057 0.0 5.692351111853689 7.11543888981691 0.0 10.262031905866245 5.692351111853716 7.11543888981693 10.262031905865975 7.115438889816971 0.0 5.692351111853609 12.158867304835006 5.692351111853535 0.0 10.262031905866218 5.692351111853476 5.131015952933125 0.0 4.2692633338900565 4.2692633338901524 7.115438889816916 4.269263333890089 4.269263333890238 5.131015952933357 7.115438889816958 4.269263333890181 4.269263333890272 5.692351111853595 5.692351111853492 5.131015952933033 10.26203190586625 5.692351111853506 12.158867304834859 4.269263333890105 8.538526667780252 0.0 4.269263333890181 8.538526667780204 4.269263333890201 12.158867304834782 12.158867304834853 4.269263333889915 4.269263333890245 4.269263333890338 5.131015952933003 4.269263333889841 10.262031905866255 5.692351111853426 7.11543888981696 5.692351111853653 8.538526667780278 5.692351111853638 5.692351111853532 10.26203190586591 8.538526667780173 986.1417589857404 390.1653795539323 -381.68736142662954 680.4056398790983 1072.5064666400976 442.1365813979386 -380.57843030776445 674.5762979003636 1007.0145019516441 407.66076293321663 -416.34346760445123 683.9117342489016 991.8937821695251 391.80088608886507 -397.32894816839115 676.0174550152863 1021.7498817566754 407.1378624610334 -245.37690434644242 635.4859685761362 1017.8798502597205 408.110979268171 -277.4528000705092 654.8219024263502 1107.5870304170965 496.83286705825964 -231.32878105758337 620.3508052783569 1026.7662072810213 432.7176169178607 -391.45157297480733 678.4710846649315 1112.5494913859172 494.21919394256224 -427.77374729672414 683.1392012366728 1006.1055658613817 416.39472828170966 -428.1354614841383 688.6467464140952 998.3845715595392 400.8871094620987 -341.9706050093043 675.355954209716 1058.311105615764 458.3265426628319 -280.0325134811472 645.4827330532581 968.0040896002696 377.4627621056961 -260.36477609965226 646.6653676936461 1015.7468547157329 401.44449345290724 -279.27723099181327 650.5950897769025 1121.8951067832513 528.2587597387864 -314.56300410358773 664.8191694952064 1023.1242661341398 423.00289438747785 -443.45565424410086 694.7464500175547 1088.0297554542076 472.7546320368775 -456.6501299761426 708.351004412394 1102.3809276697134 475.76814565521255 -308.89840019077775 671.1517609332296 976.980340488336 390.9648700449461 -369.23840054272836 681.7428440947435 1115.6404060262394 554.9317567475161 -303.6432757239334 669.7973244006628 1118.4446787125821 512.6787942740148 -304.04179608168613 665.8021465134641 1104.8377931610412 529.2314301609036 -223.56532931564786 608.9332810934428 1001.1834963834261 410.5966636072441 -231.01960855574592 610.5689426928726 1085.1377811303448 453.09419773011246 -453.31214638623555 703.2208340699502 1064.9282545847743 456.493779318687 -281.7306902975794 660.9945181794989 1058.989321197747 448.99099290763985 -260.7946401095068 641.1482905333329 1045.1015790442254 435.1358038816624 -441.6331354639757 692.3742642600243 975.4709008790848 384.1036210171299 -261.54111828118414 633.8514399128679 1117.3316053118601 533.2324354434862 -240.63536855272486 633.9266327286095 1034.6554346329326 441.93155878786126 -339.8185095757709 685.3639100235797 1046.21140837202 453.1345483669912 -267.50035432492376 646.2027570318547 1077.639047965969 450.62856392605977 -252.74492575734243 633.8609831478004 1101.9282232458752 484.5415836886451 -216.80937831149294 611.4405286442936 1098.6689296149461 492.9426085726429 -406.4276553649622 677.558708990973 1034.8048822279945 425.19747052040395 -352.75673769341125 682.5869761469056 998.5074333631202 411.7929788713569 -222.57733938785898 617.0406058727431 1107.5809227654875 489.1866803794524 -375.77466642749704 683.6146579080407 1121.2520899722865 537.6488323865258 -269.0046418453255 639.1655768158209 1118.5378149828941 550.9217408316457 -336.35794921145543 669.4432062247604 1000.1060630745812 394.1327797153322 -357.23687153727593 668.3805553206722 1096.082014013675 480.3397632871552 -319.7570515784977 670.3912448950273 1024.002217966438 416.1555711562507 -253.05531539401818 640.6056291313987 1068.934034639781 458.3634968515571 -288.9438412438633 659.4683423387681 1117.6814647921628 545.2825984051389 -393.02626152949034 683.8220722093495 1098.0809260277656 474.0093476145929 -273.4607609709835 644.6141352415475 1037.920273277779 433.2465982695824 -342.312886616392 689.692947559989 1105.8742002760625 491.91244412787177 -297.4529046829708 666.6488019080343 1030.7337059814874 416.8243666452079 -412.6115932569176 678.0087221354552 1037.0057130772857 440.323266625495 -333.1613652826602 675.6497553714585 1069.3027607804772 467.62804755747555 -324.12426934508295 677.603326667165 1113.0958357870686 528.8839150235361 -240.20363278364763 618.97995293617 1114.143237916078 537.548266941759 -287.60549752995735 652.7459460374149 982.5163337354044 383.8004212963362 -361.85240580270477 686.3075018457828 1106.210853188836 505.89879327819534 -358.663256051091 678.0858453745698 1108.486352185622 525.8991466243805 -230.9452379974061 630.8042801418028 1053.6155916818575 452.49589869305 -229.20982883103883 614.769799301192 1103.2516356814092 514.9985157968712 -330.33476734749064 669.3679908498603 1115.6652502016034 504.3962982121322 -297.20533796878857 657.2258794472701 1047.7546985172048 446.08073597384 -373.9809870541549 669.1662265151182 1088.5292765948216 461.544244220096 -285.6372135355489 646.6550281176194 991.0908242900273 401.04256410190527 -397.99794825864353 680.4528294336628 1050.8921725686475 460.4689820577205 -365.82822052792113 668.941044117461 1030.2000942938696 428.6347655198156 -445.7082264140709 700.7973626287455 1067.1410999748944 443.43280880561394 -329.4275620300374 682.2779241602178 971.6481259256485 371.51683480439823 -353.87693400196656 680.0276808281706 1041.531964450965 444.353511261746 -305.9864579916341 657.0500091643861 1119.305803867981 521.1979844176924 -246.0039644216444 625.4402889120845 1112.7795326325036 508.79324595232396 -405.12410550192124 682.5306870838137 1016.3652989039311 414.6645965513518 -421.38193004553824 680.9407665641811 1033.9598062580205 436.18975269212365 -433.86446587187066 689.24017266308
1270.0016359619212 5.692351111853478 5.692351111853546 5.692351111853605 5.692351111853468 5.69235111185364 5.692351111853554 5.692351111853512 10.262031905866179 5.692351111853419 5.692351111853597 5.6923511118536 5.692351111853502 12.158867304835034 5.692351111853426 7.1154388898166685 12.158867304834843 7.115438889816661 12.158867304834828 7.115438889816747 5.6923511118534345 5.692351111853485 5.6923511118535925 5.692351111853659 7.115438889816982 8.538526667780213 12.158867304834688 5.692351111853626 5.692351111853525 7.115438889816874 5.692351111853533 12.158867304834855 0.0 7.115438889816707 8.538526667780232 5.131015952932954 5.692351111853474 0.0 12.158867304834724 3.9846457782974527 5.6923511118535055 10.262031905865953 12.158867304834967 12.158867304834695 12.158867304834796 7.115438889816846 7.115438889816984 5.692351111853454 7.115438889816998 12.15886730483471 7.11543888981683 5.131015952932949 12.15886730483482 5.692351111853658 7.11543888981693 5.692351111853468 0.0 5.692351111853555 12.158867304834878 12.158867304834693 7.115438889816939 7.1154388898169 5.692351111853437 4.269263333889867 5.692351111853502 4.269263333889779 0.0 4.269263333890266 0.0 8.538526667780468 5.692351111853561 0.0 4.269263333889979 12.158867304834896 12.158867304834708 5.692351111853428 10.262031905866074 8.538526667780248 5.692351111853646 4.2692633338900965 4.269263333890272 0.0 4.2692633338901995 8.53852666778061 4.269263333890134 4.26926333389052 5.692351111853581 5.69235111185354 0.0 8.53852666778056 0.0 5.6923511118535375 10.262031905866277 10.2620319058662 4.269263333890302 4.269263333890343 8.538526667780332 7.631075291951723 10.26203190586612 0.0 8.538526667780383 5.692351111853327 4.269263333890116 4.269263333890471 5.692351111853389 5.692351111853586 8.53852666778027 8.538526667780523 4.269263333890248 4.269263333890308 8.538526667780458 4.269263333890464 5.131015952933061 4.269263333890215 4.2692633338900965 5.692351111853552 4.269263333890048 9.546363028425647 4.2692633338902395 4.269263333889816 8.53852666778038 12.158867304834859 5.692351111853621 10.262031905865923 4.269263333889984 4.2692633338901445 4.269263333890319 5.692351111853654 5.692351111853571 11.384702223707064 5.131015952933169 5.131015952932817 5.692351111853642 5.692351111853686 5.692351111853449 12.158867304834889 7.115438889816833 12.158867304834972 4.269263333890132 5.131015952933067 7.115438889816848 997.9483644710488 397.59256102206615 -401.108030863618 682.6655847802535 1073.9458150430291 449.9615906407809 -395.8732153488686 676.5666060248609 1014.7597864302136 414.1193250590877 -425.32376447627405 684.6823673687628 998.8738525455104 405.08783573349035 -411.2519676252688 674.8823914097052 1027.8753645219779 410.9812266149167 -257.8454773252088 638.655581404895 1023.2092189611949 417.8668284624912 -291.2220274321914 660.8207458528994 1112.7352771468763 514.4415093581321 -238.85163160297358 626.6121417223424 1038.6224325344685 441.28454919908296 -403.8970135650534 676.8045459673741 1114.2478527594233 504.3896390171529 -438.58271677916844 685.8222649067707 1024.2315281617812 430.01231145536394 -437.72247405568777 694.6643709649919 1006.7421728729269 407.8658779703958 -355.6510230505984 679.4606059866818 1061.5665776043827 468.040432814766 -296.9151593222593 650.2786304720039 978.6570572576413 388.3768593611302 -272.8859763407533 645.7899301796718 1017.6216608202279 409.5105552968168 -288.426834803568 649.3992467755522 1116.7608102459967 538.2232014188762 -324.51953394525987 667.6067722299234 1034.044550390452 431.87028943505663 -451.4973776150947 702.7109704870729 1093.7254844612232 476.2838699016789 -462.9424164836625 716.0527226057307 1106.2632838898596 482.18768476781025 -324.7327613330378 673.170000489251 984.3199907608107 395.54445223414547 -388.34820415562456 682.6802050930221 1109.4448948123324 565.0750289936024 -315.3237148510041 674.6441981320286 1118.5388650154787 523.8545014278944 -314.44009896966065 667.5528501020669 1108.7366514300218 547.8857238407164 -232.08786845332622 613.1238577387321 1018.8179391821166 422.3411226539185 -240.32084904640243 620.3959112927347 1084.8454747792325 464.7508286276569 -466.5643820700608 713.0648825947471 1065.2408005280151 468.8481503750204 -295.2643817564614 665.5341935281559 1064.6681563604475 457.86450512705954 -271.3778284279274 640.7229642608834 1054.3668804852425 445.0332610648253 -450.82110366305193 699.4942394497143 986.1095782805012 389.25928875067524 -269.94415454839947 634.3821454164811 1118.2737956408841 546.6374642183963 -249.20092569649805 637.9459346911473 1042.839484289679 452.2562842230471 -348.7790059332951 686.343172082012 1058.4334902659898 465.5379444238971 -280.75826123821264 653.3735564604028 1077.5395656174007 458.12609657931176 -263.50916784318866 638.8216960049735 1107.8688121521348 489.8016090044587 -225.29325074751847 615.6639822567039 1106.2269324973854 501.1602387222772 -416.4779103616378 680.0199887809725 1043.2770205531665 429.2374753287556 -362.2791219928765 679.9274201396955 1009.37354337712 416.3856927984361 -228.11202028921403 623.7381923406539 1111.4654863431367 497.312567804726 -392.1364264611359 680.5982207636013 1118.5866394856396 552.7788834500359 -279.0840447836174 639.763176033831 1111.9808174501222 562.061755092093 -343.7106658756583 672.3658756891917 1005.471786089863 398.30660254296043 -364.60681643295135 671.2485580733895 1103.8867099959084 494.6818968087697 -331.2128715106814 667.3540213218461 1027.6258112040027 423.14456249431714 -263.5917796173632 644.1214010305629 1068.0591755406217 463.5756291381684 -296.6197073487986 657.5877108959479 1118.3023971065502 560.3273498873331 -407.1953648458799 686.5933170043634 1102.5449205426175 482.79264959893476 -283.8158203553702 642.7150508788937 1045.7227783881387 439.22456010293797 -357.1110293203478 686.5907729223177 1112.4318261773874 508.6089628709927 -305.1976062154607 668.6138288938549 1034.5953779218514 421.94360619941835 -422.6659711664089 680.4543209512519 1048.0183657923842 455.96750980823276 -344.9062099344193 680.3396239948314 1082.5949014466953 475.43863070500555 -330.4304643089542 678.8663510578282 1110.3217819860472 538.6390891601078 -244.6736153647549 631.6138688658692 1116.1603876198108 550.9479377010061 -303.54401769566994 655.7008187359862 992.6638678354684 397.03133543549205 -378.9675933048527 681.4583173020361 1107.5142347278127 515.4309037776162 -375.97679715032746 677.142957248758 1106.6438920725866 531.639741864515 -239.5937535409281 631.00572815506 1061.0694662885169 459.1024831671904 -235.4770262822214 621.7792511702494 1109.0687484605276 523.8673096584473 -337.65494062264173 672.3137791644004 1116.987414655922 513.8644604544116 -307.8571844833466 660.4199188742449 1050.306790300836 459.44199117454133 -381.5686900192775 675.8792088106967 1093.9587797541894 463.44479310690343 -302.821933446596 652.7921866981387 1001.2869183481641 413.2753618833241 -412.166990340819 683.2024881564909 1058.628928837464 476.03257395667544 -375.41461251861756 672.6332705520291 1039.5923869029098 434.80245265247123 -455.1759867350541 711.7990998768637 1071.3182787897404 455.36761569135376 -338.0844915916116 681.9045715200667 979.9087272166357 383.2078120722896 -369.9914546072345 679.934213044294 1050.780784252981 451.7572911484175 -316.2007702210664 661.2977997392317 1113.139315323989 531.4129882293521 -255.4950740803491 631.206417244083 1112.1084655895813 522.405510498307 -418.46386122925264 687.4711155698827 1028.2308595699 429.9543507252506 -430.549121350294 688.0966379157759 1045.5076159569267 444.93158607630124 -443.8599063836729 694.1404706137045
1280.0016359619212 12.15886730483465 10.262031905866202 5.692351111853572 5.692351111853527 4.269263333890257 9.546363028425805 7.115438889817099 8.538526667780383 5.69235111185376 5.692351111853539 4.269263333890344 5.692351111853507 4.269263333889775 5.692351111853528 12.158867304834695 10.262031905866296 7.115438889817158 7.115438889817011 4.269263333890329 4.269263333889979 5.692351111853566 9.546363028425684 8.538526667780035 5.692351111853525 4.2692633338901205 5.692351111853537 8.538526667780202 12.15886730483477 4.2692633338897785 10.262031905866184 12.158867304834867 5.692351111853611 5.692351111853436 5.13101595293316 4.269263333890512 12.158867304834779 7.115438889816985 0.0 7.115438889817128 0.0 4.269263333890318 5.692351111853527 4.26926333389021 9.000397377424596 8.538526667780037 4.269263333890036 5.69235111185347 12.158867304834658 7.1154388898170975 5.692351111853566 5.692351111853371 12.158867304834743 10.262031905865916 4.2692633338900325 5.692351111853595 0.0 5.692351111853515 5.692351111853552 0.0 7.115438889816896 5.131015952933109 0.0 5.692351111853597 4.269263333890002 5.692351111853554 8.53852666778036 4.269263333890377 7.115438889817069 4.269263333890456 5.692351111853518 8.538526667780337 7.115438889816863 4.269263333890292 12.158867304834688 0.0 10.26203190586617 4.269263333890327 4.269263333890343 5.692351111853613 0.0 5.692351111853423 5.692351111853474 0.009093743350356698 5.692351111853553 10.262031905866266 8.538526667780198 12.158867304834832 4.269263333890236 12.158867304834837 5.692351111853489 10.262031905866507 7.11543888981689 4.269263333889843 4.269263333890351 17.07705333556061 8.538526667780427 17.077053335560638 12.158867304834759 8.538526667780157 12.158867304834793 4.26926333388985 5.131015952933074 5.69235111185351 4.269263333890133 12.158867304834859 7.115438889816933 10.262031905866456 5.692351111853516 8.538526667780435 5.69235111185363 5.692351111853418 10.262031905866117 5.6923511118533385 12.158867304834802 5.692351111853412 5.692351111853668 0.0 4.269263333890109 5.692351111853621 2.84617555592677 12.158867304834743 12.158867304834768 5.692351111853462 5.6923511118535846 4.269263333889772 12.158867304834715 5.692351111853671 0.0 4.269263333890189 7.115438889817 4.269263333890163 5.692351111853516 4.269263333890387 10.262031905866218 5.692351111853506 8.538526667780161 6.024785312520473 8.538526667780504 5.69235111185375 7.11543888981708 1005.4151428871422 410.64484101283716 -416.4332606696413 684.5310774148616 1074.1867928288143 454.8035023189593 -404.11128897876995 677.0947939174663 1024.997150334434 415.9732017994051 -436.46602373052315 688.7383800657003 1006.1132789969448 418.26256323041844 -417.5246644174121 678.4575788142471 1033.361296273356 422.3977006806437 -269.89367595550743 642.7168109034416 1023.1079995671853 425.83460956177214 -300.16694379282853 661.996847123101 1109.2947813670366 528.2712970621575 -245.75262404354055 632.4401367101317 1044.2285606585997 452.5881937161734 -411.39128739726175 677.0442835988878 1115.3116955339588 513.7321811279122 -442.77452401881936 697.4367237777818 1039.6144018758946 435.37526410189014 -448.73873561483384 703.7075157719523 1011.5263308599859 414.28154301129535 -370.22054795247976 681.2381249562692 1063.852192357001 479.7287281576312 -308.03008969377237 652.3536716588103 986.6039538666056 396.48696641699934 -282.5380822383203 647.3907258118335 1029.6558458174882 412.2645506804064 -301.9864346952189 653.8183050234395 1120.6481403923774 547.7130991241972 -333.7637183713228 670.0047797658776 1043.8575679148848 446.4955990898368 -458.6728702940516 715.4006653418294 1104.2237276821065 480.7187292888128 -469.84399677346477 724.8581465985336 1103.9774850118674 490.49160201592815 -335.02002563532665 677.254021885765 989.8966308094942 407.0016576895261 -399.96929537419794 683.2160430364634 1104.8740476980115 571.7300969300474 -326.4934946271866 676.561916470577 1117.813377674956 530.299342683712 -326.1803130262754 672.2775393883328 1108.6252151311908 555.8682241955378 -238.91656545320285 618.9866467216082 1029.3350294204638 433.28714513957294 -246.98770949464657 624.8315712816149 1087.939924779918 472.19220025945674 -475.9530400180543 722.8970229478027 1067.8287953091065 482.0960890986984 -307.7465880286595 664.3255641985611 1069.0738003174572 468.10136802767704 -290.4483443947541 646.4307619152135 1060.3314598610284 451.3465026611603 -454.0041761852374 706.9541425188702 994.8457135507111 403.51588522847385 -283.6881869074151 640.4041948546521 1116.8941834859015 560.9716989369765 -258.6316713290846 634.3865996781907 1050.4078246330193 462.99612931105145 -364.4364381212238 680.9436811702884 1059.2453662635921 480.2035490542197 -286.8428620989554 657.2742616358343 1079.382406519187 469.0962769917065 -275.5322387667183 638.9710072459633 1110.356913169053 498.27488451946914 -233.7112520649049 623.6402684350393 1102.9448763586706 512.6210305514883 -420.5255571312778 682.7646293679095 1045.1155344385995 433.5782990513233 -376.84787648423514 681.6727019056234 1019.7193727937455 423.638161674032 -241.40478526941433 632.6186567849278 1113.6857550873108 504.9238340774146 -409.26495636205294 684.435772772869 1120.4103410457628 567.0815413978522 -296.4609732574809 643.3532006262848 1111.2827770883669 570.7607933835894 -353.8428899236754 672.5019897915404 1009.8139447159276 408.58565858406234 -368.19199947566545 675.1597194133053 1105.4242709421635 505.62981828163197 -340.4735485131317 669.7367971807782 1029.946059543595 428.18770271218284 -271.31880085839805 650.1242240404932 1073.442482894659 473.5425819721131 -306.73864614320274 657.9418638205237 1114.817173156427 575.8854326326529 -420.9633852033753 690.3896239848324 1102.686275267059 498.7508658880732 -293.8460478932848 653.4219862587398 1054.6570477419107 445.98898929412525 -372.9560580428851 685.0403015464302 1108.7628670618572 518.5284144098649 -311.80871813936255 671.3196019903295 1034.5108907343738 431.7728211705574 -430.02800307284383 685.6651410217809 1054.9275934332045 472.9015732596998 -355.0490382715718 680.4523243925634 1095.5500643780415 479.16483752011624 -344.3670662558029 677.969425363464 1115.4034770081507 551.3552409212599 -262.5028620854759 630.6221834715343 1109.8675329318562 564.9621130306625 -315.2128267987736 660.5288381526366 1001.8281523429675 408.19110314046367 -391.5370973091356 686.1921108612858 1103.563130977345 524.5006858010921 -387.8100694242821 681.614078796487 1102.5260252621022 545.1786709759424 -253.47575163765666 638.6728713239077 1062.6180834190131 471.93916930739914 -241.2090413000532 624.4554426097237 1105.2062937993746 536.7701327268359 -349.1392008599654 675.5347299687537 1114.000611918219 520.5005808535894 -320.1101012655289 667.8307006458879 1055.6974100656282 466.7969316945263 -394.24371372640564 678.1155451191473 1098.9693291631277 475.2624119067534 -311.12826513782306 657.5297728689825 1012.1094123649423 423.62177502510065 -427.7551073539893 688.9174007049932 1069.5078651452359 489.231575466782 -383.22943496510203 674.3225002334854 1050.318575139996 445.84451029370075 -468.556436595015 716.6447386695232 1071.4131184339428 463.6131636435247 -347.487019526227 681.7585809969585 992.1931626802717 392.3535586647301 -381.39949285173236 685.5330412840137 1056.111337701848 459.9736200684953 -329.84988811698616 665.5241022850505 1107.8640426048753 546.6354968735353 -268.49789542724557 637.0300087961148 1109.999962464376 537.2798373371426 -427.23135606561294 695.7290852408737 1043.8895040150476 440.33988574254073 -434.46369935808417 695.8304639916084 1049.3627593440935 455.29914166665367 -456.430606636127 701.2203148475737
1290.0016359619212 2.846175555926858 17.07705333556061 5.692351111853486 0.0 4.269263333890068 5.692351111853645 10.26203190586624 0.0 5.692351111853579 5.6923511118535695 5.6923511118536325 8.538526667780472 8.53852666778032 5.692351111853551 12.158867304834672 4.269263333890168 5.69235111185369 0.0 5.692351111853617 4.269263333890065 5.692351111853665 5.13101595293317 12.15886730483492 7.115438889816951 11.384702223707002 4.2692633338903425 4.269263333890214 7.115438889817078 7.115438889816776 5.692351111853599 7.115438889816919 10.262031905866342 4.26926333389015 12.15886730483497 4.269263333890314 7.115438889816963 12.15886730483488 12.158867304834862 0.0 7.115438889816936 5.69235111185348 4.269263333890167 2.8461755559267634 12.158867304834795 12.158867304834843 5.692351111853686 4.269263333889855 12.158867304834837 4.269263333890324 5.131015952932968 5.692351111853558 4.26926333389027 4.269263333889885 4.269263333890303 12.158867304834757 5.692351111853617 7.115438889816811 5.692351111853466 5.692351111853737 10.262031905866367 0.0 12.158867304834775 5.692351111853673 4.269263333889979 4.269263333890167 11.38470222370707 8.538526667780394 12.15886730483473 5.69235111185343 5.131015952933131 5.692351111853503 4.269263333890145 5.692351111853357 5.692351111853505 5.692351111853734 7.11543888981704 9.000397377424841 10.2620319058661 4.269263333890183 5.692351111853467 5.692351111853732 5.692351111853484 12.158867304834782 8.538526667780326 4.269263333890106 4.269263333890337 3.9846457782974682 5.692351111853588 5.6923511118535 5.692351111853582 5.69235111185341 8.538526667780326 4.269263333890157 8.538526667780323 4.26926333389028 5.131015952933113 7.11543888981708 7.115438889816979 5.692351111853457 4.26926333389035 9.000397377424303 4.26926333389006 5.692351111853755 5.6923511118534975 5.131015952933058 12.158867304834693 7.115438889816776 8.5385266677804 0.0 5.692351111853556 12.158867304834743 4.269263333889981 4.269263333890385 5.69235111185362 8.538526667780314 5.692351111853455 5.69235111185347 5.692351111853564 5.692351111853455 4.2692633338900166 10.262031905866339 5.13101595293317 8.538526667780719 5.692351111853493 5.6923511118535846 4.269263333890217 5.692351111853565 12.15886730483487 5.692351111853613 7.115438889816952 5.69235111185338 0.0 5.131015952933349 4.269263333890234 10.262031905866253 7.115438889816856 5.692351111853517 5.692351111853484 5.692351111853634 0.0 1013.0539501147732 423.47073909482407 -428.654653711723 690.2473700848689 1072.5496935999724 461.8707425355913 -406.00089376601875 676.5269379201549 1027.5050055765512 424.4020146327162 -447.48318198484674 697.780810833118 1009.8410829426207 428.7325025019154 -428.2608056966789 683.6365633438933 1039.143656678818 430.2338152947695 -270.4494957278546 649.4029655796843 1032.8518016779196 433.68658378326563 -306.5877923517651 667.185754363883 1108.2775367106888 538.5036813734532 -261.15591950412147 636.7267365443272 1050.3273694436643 467.3102142990838 -419.82252099881015 683.9170833559566 1112.2905967560332 523.3372509502906 -457.23642980027984 703.9383265172469 1044.0208308085175 447.2527006033579 -462.52250082498733 707.4392114913546 1019.1280748827655 424.6340274202726 -385.2068129557257 681.8133460699546 1069.3826404100237 490.50506232916047 -321.8032014128544 660.4972224065342 993.9577763933988 401.3107249440814 -292.28619006621864 652.7737443643349 1031.6626556837307 416.58560252644304 -313.86958036442604 656.1041795992193 1116.678239307088 557.0490003305376 -344.69284963970534 676.798699599915 1046.6084836658977 458.14948573527363 -465.3010720950734 720.3215321806159 1108.8268515970587 488.1370236199282 -481.4211571977583 727.7538377634366 1104.7276246588992 496.7147734939317 -350.62862756849097 680.7539215262906 1000.3858946531507 417.47485882804006 -417.52064835350285 685.8723848029601 1106.4765244395592 583.0273629672986 -338.87413566968036 683.9535814455597 1113.0862486587444 541.3151160917417 -335.1816461088147 679.6381959482342 1108.9668271001367 566.9918214108286 -253.78487601487745 624.4571813189896 1036.2577223732865 447.53373818121736 -259.4873072322647 631.7275279273783 1096.1545003802144 476.9762514486728 -489.22409442743555 725.1906261991985 1073.7788351543477 490.0300348474335 -320.9571088748895 669.6484929923486 1071.0442320826985 474.95572396472414 -298.1854356110064 648.3856673291275 1065.4181098638476 459.6563973787103 -463.6028422400381 712.953344573226 1000.6655983451751 412.01924921170576 -290.97629130113717 643.4803610588901 1115.1362740605853 567.9606927852152 -269.2673278014957 641.6266129735051 1056.7758473623148 467.6512818059847 -376.7732915612787 681.8058239931265 1064.1383349439416 492.8265863885049 -295.05399911203995 658.1158903134292 1077.6565010891177 480.98545180119237 -280.52937412641825 651.4204938165882 1113.3256240039996 504.3842274642158 -246.68998151536692 625.6605463925949 1105.8836621525763 522.0171389286197 -433.4923391785797 688.7469068866973 1053.081085908313 441.57579581125844 -390.78014220201834 686.2290578328088 1026.4724586174925 430.20782062708594 -253.42250917014692 636.740565010089 1113.32982760847 516.032915289755 -419.58264832498867 690.7366862814323 1113.6752037031113 576.018776070554 -304.0464656097146 647.7721165231542 1109.185723083221 580.0849057753474 -368.40259113218974 674.254478487828 1012.9425229166399 417.5429951205694 -379.3882610213655 676.8465878436161 1108.7976780203578 518.0339213246187 -351.1055416446956 675.1200361303287 1038.7896083305009 440.8223678258258 -288.2565734075306 654.7532228820728 1073.3247217230214 481.8043215700305 -314.05787580591146 660.9161174237921 1112.5474631219727 586.9423556389522 -432.8501156327046 694.7173740128076 1103.99744914859 511.32087408866215 -306.4437523150496 656.0406270191523 1060.4326986341082 455.72104848645756 -383.81800226733657 685.3182362459606 1107.9688606497589 528.0140871018776 -318.55830660016125 671.4604424838974 1044.6261193613898 437.9505803150106 -439.6218260111376 691.6744661386489 1059.2421578828526 483.17670116440377 -368.45483580981994 683.013870617639 1097.6292923969906 493.26170437698784 -357.8826317451056 678.0913637097923 1113.9695616076954 556.0461007568342 -272.6314480666448 635.0486702111374 1109.1629276944275 572.8141840685175 -331.0816108040319 671.9592081234149 1007.9401306453753 420.17416656851236 -409.9025105313825 686.6541362768023 1105.0460863448648 535.5578316794754 -400.72759780242126 687.669090676364 1106.8567103458734 556.3163142307415 -261.68460850803103 643.5826411182488 1066.3227813827355 484.87776886804835 -246.68692308918656 633.4477591898587 1108.638165202114 545.6366268187832 -365.5704076891582 678.398842020599 1113.3084418962765 532.3572856442264 -327.492242525277 677.1251011722644 1061.1026017271265 476.73849279279364 -399.76348502339545 681.4214537165165 1100.89653756749 487.7703672099299 -323.7482301315376 666.4509561214451 1017.7717188522962 433.15769849286477 -441.80665926823366 696.5487931800856 1089.0471769950595 497.97437669216913 -390.5498257075179 679.5764701597988 1053.9280655255382 452.9272445032196 -473.30020572832893 722.1462944546851 1075.6716394633506 469.7912496828371 -360.469395153967 685.4620307606664 1001.221873050358 403.6359558643436 -393.5723121473314 691.3430773960462 1063.607471578063 464.28803286632444 -338.24569884852286 670.0887851630574 1111.914109931979 562.6349914079731 -276.9941236353432 643.2868377207599 1112.0373722385032 551.6630335917965 -438.03875168978425 698.3931945612288 1048.9779922125576 451.13595109380606 -448.52020020720084 703.4507603096247 1051.5139746857158 462.0925086828295 -470.89349691171344 707.7186437503005
1300.0016359619212 5.6923511118536245 4.269263333889961 4.2692633338900885 8.53852666778021 5.131015952933213 5.692351111853579 0.0 8.538526667780241 12.158867304835024 0.0 4.269263333890103 4.269263333889994 4.269263333889787 5.692351111853497 7.115438889817087 5.692351111853466 7.1154388898170415 4.26926333389034 0.0 5.692351111853587 4.269263333890079 5.69235111185355 0.0 7.115438889816928 14.23087777963369 4.269263333889994 0.0 4.2692633338902946 8.538526667780562 7.115438889816983 12.158867304834894 12.158867304834763 5.692351111853483 8.538526667780296 4.2692633338901285 8.538526667780236 8.53852666778019 7.115438889816891 12.158867304834759 7.1154388898170255 7.11543888981711 7.115438889816867 4.2692633338903745 8.538526667780207 8.538526667780332 5.692351111853596 5.69235111185341 2.988484333722979 7.115438889817094 4.269263333890186 4.269263333890002 4.269263333890173 5.131015952932995 5.692351111853439 9.000397377424354 5.692351111853483 5.692351111853644 4.269263333890321 4.2692633338904 4.269263333889998 12.158867304834937 4.269263333890278 5.692351111853493 5.69235111185353 7.115438889816944 8.538526667780515 0.0 8.53852666778018 4.269263333889879 7.1154388898170025 5.131015952932914 5.692351111853445 5.6923511118535615 4.269263333890054 0.0 0.0 4.269263333890219 5.692351111853567 7.115438889816824 5.69235111185363 5.131015952933302 0.0 8.538526667780559 10.262031905866296 4.269263333889958 12.158867304834766 2.9884843337233002 5.131015952933059 0.0 10.262031905866266 4.269263333890193 0.0 4.269263333890471 5.692351111853636 5.692351111853491 7.115438889817002 7.11543888981722 10.262031905866229 4.269263333890335 4.269263333890209 5.692351111853442 12.158867304834699 5.692351111853495 5.692351111853546 4.269263333890187 5.692351111853518 8.53852666778057 5.692351111853536 0.0 7.115438889816958 5.69235111185339 4.269263333890273 5.6923511118536 10.26203190586621 4.269263333890297 0.0 0.0 5.692351111853557 5.692351111853486 5.692351111853488 0.0 2.8461755559266666 8.538526667780243 12.15886730483471 4.2692633338898265 4.269263333890049 5.692351111853616 7.115438889816875 12.158867304834633 8.538526667780166 4.269263333889913 5.6923511118536 4.269263333890086 5.692351111853553 5.13101595293334 7.115438889817043 5.692351111853514 7.115438889816957 10.26203190586646 8.538526667780507 1020.23380151451 434.1439991991601 -436.0220902406592 695.446261990136 1075.493347082105 472.5108567955671 -416.8025603974901 679.2104705464416 1034.2138859553245 433.0801407885604 -459.9444544984787 709.8456887723652 1017.55462651713 440.87297252734686 -440.4261401183867 691.8411684894085 1039.5185569663822 441.8994429299666 -280.67300228516103 653.6919756335021 1034.656965838471 445.58878634896877 -311.2970630914017 670.3356753102212 1112.4045935295917 552.1786817051051 -272.7824375375269 641.7091306619282 1056.814620218334 477.0118354299743 -433.19752369511383 688.7839498759572 1114.568334458824 532.8328195079861 -463.3588970742933 714.9599367072277 1048.1024007007188 460.08046356870295 -472.07377611211876 715.9056470955679 1028.0163205842937 430.4438661971498 -399.37778442810793 684.5197195850623 1076.5301167116538 505.92215766576453 -330.1889489936535 665.0655512288602 1005.8810609423689 414.9015901417609 -300.18380668146796 658.5586249375667 1030.60698613018 426.35852335872744 -320.1899548884575 663.717092115019 1117.787607649613 572.9820067558825 -360.73364443195464 679.1055406542705 1047.2633967606882 468.6768275186729 -481.69255198566754 726.1404654148656 1109.481696286443 496.00251452506467 -494.59963866061173 723.5237669608713 1103.848305143852 501.45522484052043 -361.80829456624724 682.4650539304789 1010.8846219395368 423.1865690030899 -426.9109502668634 685.5037251234673 1102.5710264344161 598.5320252757849 -352.59675237251713 679.0556750117967 1114.9755073433753 550.9195733652465 -346.3594876398793 681.3901371835672 1107.7443132268747 580.3902863574494 -267.33003594129997 632.9861784761656 1039.9511340763358 458.75060737401486 -269.9079620342787 637.5062421044607 1096.087783243732 484.95249739382416 -504.15454738240396 725.9407870932937 1083.149432039357 509.52779271311886 -329.18870148899106 670.3329202104328 1071.9152786628702 482.8674191101887 -306.5247706625119 653.0497576502039 1071.3639416396927 471.95175251910257 -476.5397315877338 721.3527897217099 1014.2958349747017 418.8085100234467 -299.8646400149342 650.970445900075 1114.0369910918923 579.7803485116158 -284.5785457402818 648.1008425148322 1061.5038470182915 471.2389635978443 -390.72031017356295 681.4436285877999 1070.9168589004612 506.63223553735264 -308.6869838588528 662.3571758127874 1081.2176882073672 491.50364351205474 -294.13595419219155 655.75735349637 1113.659353065866 513.8944533584962 -257.52026939425247 630.48838046159 1104.7036464083944 536.2836227248204 -445.1921903066728 700.557072045017 1051.18703810479 447.20476498417617 -401.90882940156786 690.326009954694 1033.6932757049508 439.2379310663168 -266.47344957943113 642.389626234604 1109.8555631158576 524.1160178725709 -426.6078576459744 694.5545275723946 1117.254136236857 588.2814645642829 -314.4546259942779 655.8058034435019 1105.513065531737 593.2290941429563 -382.14235256955806 678.1362138667629 1020.011837558795 424.91143564546604 -390.99951421585297 677.3630018456614 1108.919727242899 533.865644571914 -358.2847230682806 674.0431893316837 1044.6985650188026 454.722885972541 -301.10090211706637 665.1226616640671 1074.4734879759617 491.1694676204836 -322.1658507832257 670.4876205184463 1111.1671711970605 602.2183252389019 -440.15424396330434 702.4102878222811 1106.537108026706 514.4094516411637 -315.6906282181099 658.4504859930939 1067.0182949610173 465.379651778832 -392.3836250990479 687.2204738237915 1106.5395032549086 541.4154196778364 -326.95254687728595 676.022401305632 1041.5406988563584 447.31756206346347 -449.4319561156883 704.0561654623732 1067.3309120561232 496.5848862269849 -382.376880295075 681.8882867380007 1096.1881782010985 503.73674855991027 -367.49998361072875 681.7211704841462 1113.5919836678545 566.6150582533184 -280.89564899335653 639.8210879417055 1111.1946905090188 588.8934367428208 -339.5010696382675 676.4896271757176 1016.8030586900601 428.4301364965205 -419.69933386885873 685.1762724965764 1107.0175765341426 548.3125710223466 -411.3466854991973 683.9795281990339 1104.4327982382638 571.9568360086182 -272.86854844126805 649.6499098480364 1072.20360653502 498.97118173503594 -257.7718930898153 635.733205135574 1107.4889295165635 563.7927418001277 -376.0210103323711 679.7850331213926 1110.784032687068 539.4407671188137 -332.9636821113139 680.5187454588398 1063.526885802517 485.8894098157478 -406.5949666717836 678.8744645155449 1098.1195478207203 496.0719491163014 -340.08608994530726 670.2803287297022 1026.2110562031921 441.7037026360051 -452.7665277661536 708.0827558136648 1093.4905460079347 511.9016406309228 -408.02285923251026 684.7415383781182 1058.2350192267502 463.1657709195749 -486.44009053291035 722.9774424478995 1081.8884862446134 479.5960979264833 -375.3700927854236 686.2913779062835 1008.3862227381068 416.0403987610561 -411.1228561233287 693.9984836187786 1067.790958353373 474.6896252313396 -350.1599791071548 672.1335357639234 1109.8771046839472 572.8000689864497 -293.3114508525338 651.3625174280926 1112.6445577917245 560.4316804549751 -444.1990171690297 706.9302405613304 1053.5785005663279 462.1358234147077 -455.771159462545 713.6332319857293 1053.9539604335696 470.46132812823157 -480.04000317793486 719.7758491672889
1310.0016359619212 5.692351111853412 5.131015952933071 4.269263333890342 7.115438889817088 5.692351111853627 12.158867304834725 7.115438889817031 10.262031905866134 5.692351111853503 5.692351111853606 8.538526667780136 7.115438889816896 7.115438889816982 5.692351111853583 0.0 5.692351111853559 5.69235111185336 4.269263333890026 5.692351111853543 0.0 5.692351111853597 4.269263333890178 1.864780436144417 4.269263333890312 8.786595733862496 4.269263333890197 4.269263333890049 5.692351111853619 7.115438889816596 4.269263333890183 8.53852666778033 12.158867304834672 5.131015952933157 8.538526667780495 5.692351111853439 5.69235111185347 5.692351111853596 10.262031905866234 8.538526667780244 5.692351111853551 5.69235111185366 4.269263333890214 0.0 8.538526667780161 5.131015952932998 7.115438889817114 4.269263333889875 5.692351111853567 7.115438889816979 4.26926333389029 4.269263333889951 7.115438889817081 5.692351111853631 4.269263333890298 5.692351111853648 7.115438889816888 5.131015952933466 7.73494988667808 8.538526667780184 12.158867304834775 5.692351111853517 5.131015952932981 12.158867304834756 5.69235111185359 4.269263333890182 4.26926333389021 5.692351111853432 0.0 4.269263333890526 7.115438889816912 4.2692633338902475 4.269263333889967 5.692351111853449 4.269263333889987 7.115438889816745 12.158867304834708 8.538526667779998 8.538526667780284 12.158867304834839 8.538526667780374 8.538526667780342 5.692351111853428 17.07705333556072 10.26203190586624 10.262031905865946 5.692351111853471 7.1154388898170655 4.269263333890198 4.269263333890338 5.692351111853654 5.692351111853556 5.692351111853587 0.0 12.158867304834635 5.69235111185358 0.0 5.692351111853578 5.692351111853561 5.69235111185362 4.269263333890198 5.131015952933347 12.158867304834807 12.158867304834883 4.269263333890294 12.158867304834923 12.158867304834827 12.158867304834848 8.538526667780392 10.262031905866072 5.692351111853523 7.115438889816791 4.2692633338901125 5.692351111853394 5.692351111853514 5.692351111853652 8.538526667780287 8.538526667780106 12.158867304834683 5.692351111853524 4.269263333890072 7.115438889816977 12.158867304834766 12.158867304835011 8.538526667780474 4.2692633338898265 5.69235111185354 5.692351111853564 5.692351111853394 5.692351111853612 5.69235111185363 5.69235111185364 10.262031905866284 4.269263333889783 5.692351111853575 5.13101595293286 10.262031905866117 10.26203190586584 4.2692633338902555 7.115438889817048 8.538526667780433 1029.781652476998 446.5446978463105 -449.9553607597755 702.482327248237 1080.6882038068982 479.48272126674954 -430.8547635290654 686.8380664341672 1036.8391802648032 440.52623421737815 -471.82521278888794 719.0471518786112 1024.291113974751 449.27531521307907 -454.21152937423557 695.5439365870064 1045.8037192019228 449.8508594959359 -294.41826848370175 661.8419955200321 1041.0045442133626 461.84130702386665 -323.5143817540729 673.8270587207594 1112.5529818239088 564.9113148825422 -279.23949766554966 650.8230815466095 1066.1607202281364 490.90511510707285 -446.39492732368404 698.7878413122722 1116.4829238666293 542.4318400947507 -476.4259545822483 720.7549465042965 1055.8509778646455 470.2784546820216 -481.79958553694007 716.7628666755568 1034.183876639763 447.56457025869133 -410.850385649058 689.9791626300756 1084.898337805418 512.9719021073375 -341.36126292264146 666.8293577641266 1010.1633206231347 427.3193859291218 -311.04761121557556 659.0534512579927 1032.8224812780227 432.33959271637343 -331.1232674932229 670.5087818813873 1115.647301406356 583.0960840589294 -376.7012791602877 683.8085557547108 1056.2035377058528 479.4867866178104 -488.7964052511668 732.2860082460138 1111.0170001021083 504.6684195450545 -505.1481181345534 726.9571053998724 1107.671265508101 509.27482058798824 -373.6561591236318 686.8889389033371 1018.3678850989481 435.5525975011692 -441.7746431852246 690.8821448803067 1104.2042607467374 609.814005445524 -363.1099994921664 680.5432456979266 1115.7464668891575 556.5298958447431 -358.37282058823456 671.9898060745506 1104.1587610507186 592.7507145856107 -273.94778195591533 639.6398087644212 1045.9651817892957 464.3858579732626 -277.5491846517139 645.8377199178793 1101.4475601631202 490.83506158424564 -511.34183205985755 729.9356711958982 1088.2087066648896 515.5645217527234 -340.3626300505112 672.0925486923592 1077.269839897433 491.53956357442166 -319.76963489345974 658.2787427427858 1072.111791513878 480.6713603860509 -479.1066937639966 728.4999813912216 1022.3453395668306 429.23188564563213 -310.1402329493415 655.0678382826851 1111.7106370760027 591.4671808541217 -294.2182692319938 659.06311270429 1067.387022407328 480.48344500926555 -405.63824846498113 684.3897753948694 1084.1171472333544 519.5391890952407 -319.128764477066 663.9193460312182 1087.4310036095499 503.5742114055568 -304.55181018262 663.7622337332389 1106.49585286966 520.966346381345 -262.9202185812369 637.9598541572955 1107.3361913643478 552.2893656636915 -457.4972130545976 703.705300420608 1054.5786704018835 454.449166308564 -415.6822521928834 694.089342871163 1042.0877953471559 453.1790313032563 -270.98291454763427 647.2875961135318 1108.2948857188342 535.1237973027849 -437.700452662801 701.0879977366316 1114.3790492200405 605.4764550110744 -326.84437042875965 663.1963741584908 1106.9467541185325 602.9026621334593 -391.20196400380104 676.427592575566 1027.284199130062 437.3552472727114 -398.02030876407986 681.2042040094694 1109.6749786335665 542.6328857255794 -368.64766163627405 677.9249046152441 1051.03825240539 468.46545942467577 -309.0581242455141 670.8216364977334 1083.7909837286572 497.79066093654274 -334.2884795047676 676.0895750585232 1107.879872925227 611.4284902572292 -450.1728038747987 707.2666859928272 1101.7704344325116 518.3201516990895 -323.4010289829579 669.1068348872426 1071.0447533091053 471.7353895712907 -400.6213382472397 687.7127531417208 1109.0083102187862 558.210100835605 -339.80431321108216 682.2365719875047 1051.2772618607078 459.1952970968743 -464.37882231503045 706.8738368280929 1076.0651111678235 506.43139281256725 -393.5812058555048 683.4942116148101 1097.8051101349718 511.58554801093317 -382.3193968970108 687.2285682420687 1113.843591876948 576.9467308987624 -288.97100343196485 653.3928563375391 1113.65726085588 600.2556263864517 -349.11015912507736 680.1441420928389 1024.5923932711792 442.3811807536483 -435.9857910015603 693.5985539342123 1104.525494890619 565.5903091913522 -423.5355584805306 686.7685240196327 1112.114381877544 579.0341346299479 -288.03642281809505 658.4708871999312 1082.1846203154403 511.32642497263936 -259.3479249054926 644.142299008228 1110.4059403764118 571.1953976125966 -386.07087464389326 682.2380101953207 1112.6227207769948 548.2864045387444 -346.25415263861015 685.5970158503293 1076.6623511437567 497.9827281772943 -414.6959671927914 684.3532125183308 1094.9551515460023 502.6346642700311 -349.37314569277356 672.5478442637339 1034.3076774756619 454.8451402262543 -466.18378571986267 712.8376981859634 1098.2065576339735 525.2040560091781 -419.8392314556726 691.5736514691747 1061.0261050324991 468.97545550701136 -498.82077139360354 725.8224821542781 1086.1929666537667 483.5157710672554 -389.0525350198887 692.6123548540456 1012.698344972081 426.1796038703038 -426.86580540655495 694.674554142138 1070.444540918813 487.08746687232264 -366.4014574960473 669.3902825502666 1108.6845183792473 585.3940221387795 -304.452375470878 659.66629327102 1116.460613422681 571.0864584874707 -453.43462545459715 714.0090086848555 1060.7388442185554 475.0461247879916 -464.63499928558014 721.8140641929263 1062.6301768699527 485.63346284639005 -490.55341721534984 723.3538477864056
1320.0016359619212 5.692351111853505 10.262031905866259 0.0 7.115438889817062 5.692351111853543 7.115438889816914 5.131015952933053 7.115438889816906 4.269263333890234 5.692351111853612 12.158867304834706 10.262031905866296 5.69235111185342 4.269263333890183 7.1154388898171 9.165909591801201 5.6923511118534345 5.131015952933017 4.269263333890412 7.115438889816796 4.26926333389042 8.538526667780374 5.69235111185358 7.1154388898168 11.384702223707102 5.692351111853533 4.269263333889907 5.6923511118535 5.692351111853464 12.158867304834803 12.158867304834981 5.131015952933162 4.26926333389014 0.0 5.692351111853493 8.538526667780157 10.26203190586613 4.269263333890252 0.0 5.131015952932956 8.53852666778038 4.269263333890214 5.692351111853592 4.26926333389034 12.158867304834734 0.0 4.269263333890037 2.9884843337231732 5.131015952933144 4.269263333890336 4.269263333890025 5.692351111853528 5.692351111853555 7.1154388898170104 5.692351111853487 8.538526667780422 8.538526667780433 5.692351111853598 12.158867304834757 4.269263333890139 7.1154388898168826 4.2692633338902235 4.269263333889891 5.131015952932951 12.158867304834667 4.269263333890256 8.538526667780085 12.158867304834867 5.692351111853485 5.692351111853557 4.269263333890425 10.262031905866035 4.269263333890314 5.692351111853609 7.1154388898171375 4.269263333890266 4.269263333890202 4.269263333890329 5.692351111853488 4.269263333890257 0.0 12.158867304834658 7.115438889817282 8.53852666778012 4.26926333389038 0.0 12.158867304834635 5.692351111853502 5.692351111853505 4.269263333890277 4.269263333890264 5.692351111853571 7.115438889817255 7.115438889816906 10.262031905866278 5.692351111853577 8.538526667780703 5.692351111853528 5.692351111853735 0.0 8.538526667780197 4.269263333890023 8.538526667780417 5.131015952933138 12.158867304834779 4.269263333890127 8.538526667780433 5.692351111853631 12.158867304834834 12.15886730483462 7.604247201321919 17.077053335560553 5.131015952933056 4.269263333890115 0.0 12.158867304834756 7.115438889817138 0.0 5.692351111853616 4.269263333890268 4.2692633338900565 5.692351111853579 5.692351111853695 10.26203190586616 4.269263333890376 12.158867304834908 12.15886730483481 8.538526667780266 12.158867304834502 5.692351111853476 5.692351111853488 8.53852666778027 5.131015952933178 10.262031905866063 5.692351111853545 5.6923511118535535 5.692351111853428 0.0 4.269263333889825 12.158867304834763 1031.6512718272913 464.9423166573849 -459.6284510211441 708.3895910414079 1084.7737904044172 490.13639832167644 -440.87994866026537 691.7004017705857 1042.360013456295 446.28556084188574 -485.7152124696615 717.436567952497 1027.5382003288116 459.80768391161445 -465.7630099863509 700.8443206653924 1052.3216487394009 455.46563531009076 -306.3424489792196 670.3835662782556 1052.052873087472 472.0201538613496 -332.2306100195067 679.8234969071864 1111.609142517345 575.1391372884423 -290.22901538838175 661.6483381114456 1067.4332272701033 501.8994806151732 -457.12298205592356 703.5599412656973 1113.5205535355606 550.1307786003343 -486.90865286721584 721.7487429911155 1061.2532743440756 478.03253160297055 -491.95626760620496 721.3431892170685 1035.517810410174 456.23361497292063 -421.99653421165675 694.0146573897123 1089.8797465476864 525.5129695811879 -354.2532776841702 672.9687124124896 1022.6913354358161 429.505650975089 -320.98283214040276 670.5551968445409 1032.8617001175767 439.81912897957864 -343.5840829634026 677.7804182317401 1112.2181541091618 593.8828150309854 -389.2436767323528 690.9531251672134 1061.9142465652021 491.3788382935938 -497.5006420233993 723.4093255006337 1105.1619128731277 509.5401031444443 -511.80227922388036 737.7000310997756 1105.3109153762787 521.979623389493 -381.741885901582 692.3987411021229 1021.9241265068911 445.9642596857628 -451.75676312051127 698.2072176489421 1101.303145270158 615.0900470878698 -369.0419242147246 682.743656192462 1113.807091718196 565.0908604417979 -362.3983383825576 674.7590062462535 1101.898893506259 603.6506116474674 -282.20323673987855 650.7054641253002 1049.9939836006986 481.2197204681611 -288.2508640450742 648.9039191674336 1098.1753852860381 495.76012386615054 -521.2873848070901 737.5021322240826 1094.179727914641 532.16499993667 -348.0776897799786 676.2755439505883 1080.4539976583783 499.1844655905246 -326.48221442469577 667.2294818920096 1076.3959273128037 492.7930897677938 -491.4637188396671 726.3273426754913 1026.4347954443012 441.17103123272176 -317.07111036465005 659.056661919428 1110.6328216331021 602.4828303152581 -313.7728801591607 665.5131662818982 1067.4249436370637 488.4295052892502 -421.30586844792697 687.5543143068155 1091.231465647813 535.4580506515772 -333.25453431542115 666.8172100610809 1089.1734764946127 514.5430207391763 -315.411673780951 671.8262982733283 1108.579177078406 530.5312591571903 -275.6044590955245 644.514099914347 1110.0172407792468 562.8416781591143 -473.9241583601756 709.3739142361128 1056.150500452555 460.6527711457249 -427.49406707139394 694.3587648221541 1047.4964180368524 464.02422267983377 -283.83543657596095 657.6561253423298 1111.1426243275282 545.6380281464385 -449.61621323975305 705.3238150382778 1106.9336304066146 620.633900889199 -338.4396648750553 672.7117059543015 1105.0715156012475 609.8682494195367 -396.06336957354216 676.9438712496261 1032.3145149804018 448.96981012829434 -407.7506767416607 682.2273643774868 1105.416586557615 551.83239665726 -382.66419433787695 685.6250133476757 1057.7214435959547 485.85198871573334 -320.54440836786114 674.0050744755479 1085.6108588360319 506.41530648502277 -338.71663139527743 677.7736537812858 1102.9489740383178 625.2437404088935 -467.74243589010945 712.123102307134 1101.5590157986373 528.6001224403982 -331.41302904433564 674.7217114504504 1070.4731140375925 481.3521044573389 -412.91529788049775 690.9194024671411 1110.3328903848906 570.2271871214941 -351.42302448306833 682.8180571050342 1055.1219484631622 469.66943391547244 -472.77756771581534 715.9503108043174 1083.8339091547534 516.4302992278592 -405.5370784953874 685.3308484796166 1096.7582218335926 521.0799733101663 -391.89343405363434 693.2692855382634 1109.4304442496225 585.6448930002572 -297.9347954455667 660.8152673386335 1108.881449494112 612.4973179557868 -365.0776293257379 684.8541030091392 1029.06701082853 452.5288484079155 -443.76917035014094 697.6415109258868 1108.601162183365 573.1062512059078 -432.8696181208712 688.8731824616362 1106.9707837148198 595.2154010480489 -299.9408315523559 667.0357530164665 1088.2661725021424 523.9527256690357 -269.6894084940881 652.2949183676363 1106.8445696245276 583.5624432120168 -396.0551145742408 687.1613219186384 1110.825838529458 557.5508210342747 -360.4141262087096 688.3750699416203 1079.9030799756665 507.392010988563 -424.8258546355612 684.2398715925044 1095.324956992828 512.1462865803276 -356.91502716698636 681.7100227489856 1042.9228148431193 461.44292126754976 -477.01734052035886 720.2761372386983 1101.1823920675024 537.9723321933876 -430.3739803929011 690.3318705221265 1066.641493148743 478.3807814706937 -506.4798343595074 733.1711898607715 1088.8627179968885 497.54048790845934 -394.17680554965386 697.011947695765 1026.4232860868083 432.96967968611654 -436.88109899022334 699.5276068857775 1073.3645359606064 501.0129459777756 -373.47416423171035 682.1364124434068 1106.0446145484611 600.2294962827277 -320.3517967125083 664.6193593910581 1114.4577540188955 579.6291365697625 -459.45129769344516 713.5863106145533 1064.0594503080576 486.63303557693615 -472.8907706243958 722.116861910337 1070.8794515901318 492.3387354447952 -505.3036680427612 729.3067541946161
1330.0016359619212 4.269263333889832 5.69235111185354 5.6923511118535695 5.692351111853655 4.269263333890078 4.269263333890138 8.53852666778044 5.1310159529330885 4.269263333890552 5.6923511118534105 7.115438889817165 8.538526667780292 5.692351111853763 0.0 12.158867304834935 10.262031905866314 0.0 7.11543888981676 4.269263333890181 10.262031905866234 5.692351111853479 5.692351111853478 5.692351111853409 4.2692633338901675 14.230877779633808 12.158867304834747 5.692351111853543 5.692351111853579 0.0 5.6923511118534895 12.158867304834843 4.2692633338900245 4.269263333890478 8.538526667780504 5.692351111853394 8.538526667780179 12.158867304834827 12.158867304834587 5.692351111853388 4.2692633338900485 10.262031905866095 12.158867304834873 12.158867304834521 4.269263333890084 10.262031905866323 10.262031905866209 5.692351111853476 0.0 10.26203190586604 5.6923511118535 5.692351111853637 5.692351111853577 10.262031905866346 5.692351111853556 4.269263333890537 4.269263333890066 4.26926333389023 5.692351111853623 5.6923511118535295 5.6923511118535925 12.158867304834915 5.69235111185357 5.692351111853418 4.2692633338900485 4.2692633338902795 0.0 5.692351111853464 5.692351111853504 4.269263333889793 12.15886730483481 8.538526667780097 4.26926333389011 0.0 10.262031905866078 7.115438889817038 4.2692633338901915 5.692351111853707 5.692351111853612 5.692351111853688 4.269263333890272 5.6923511118534735 5.6923511118536485 7.115438889816994 10.262031905866204 4.269263333890158 5.692351111853449 4.269263333890237 9.000397377424692 4.269263333890163 5.692351111853541 5.692351111853659 8.538526667780141 4.269263333889851 7.115438889816941 12.158867304834851 5.692351111853451 0.0 5.692351111853513 5.131015952932815 4.269263333890078 4.269263333890071 5.692351111853575 7.115438889816825 4.269263333890199 0.0 5.692351111853649 5.692351111853405 8.53852666778043 4.269263333889822 5.69235111185362 7.115438889816764 4.269263333890176 4.269263333889945 5.692351111853532 4.269263333890443 2.8461755559268638 5.69235111185344 5.131015952933116 5.692351111853655 4.269263333890154 7.115438889817089 5.692351111853449 5.131015952933201 7.115438889817088 4.269263333890199 4.269263333890109 5.692351111853522 7.1154388898169945 4.26926333389044 4.269263333890202 0.0 5.69235111185343 12.158867304834672 8.538526667780344 4.269263333889836 7.115438889817001 5.692351111853628 10.26203190586635 0.0 5.692351111853443 1041.9840572433686 467.29926991658704 -475.73009004650174 715.0586589231498 1084.1077590793338 496.54783114708806 -456.542497381566 697.168639818265 1047.0150074676121 449.91920293067403 -493.30063036564366 722.3412954825149 1038.0206487351065 471.94271389426706 -476.96372153118006 709.6179925725593 1055.515816805873 463.72497328611996 -314.76697297017813 674.90209698764 1053.2161014896865 485.5660636451393 -345.5570439175162 684.8436013974817 1109.3405043126775 585.9374196796672 -299.2308709480586 669.00578725533 1073.9517298850712 515.835542027672 -465.70084248206916 710.2444383956866 1112.7538932455138 558.7979264302779 -504.6749697393978 728.5639420371702 1058.9215920251138 486.4158143744594 -501.51685519609805 719.9338309716385 1042.8189464066 460.8636377273564 -435.49566576878397 693.7814853054787 1095.2972155507096 540.7064429288745 -367.9204057056964 679.3136403558644 1028.3868921234134 447.5900856809344 -331.5404871793767 669.5024961945118 1041.797534256665 453.67940589478707 -355.6681851659963 680.0180302146623 1114.3720722152134 608.3923794802811 -400.5230625526827 690.0078223111728 1066.967157114491 508.3898099409229 -507.1631411064474 735.0568210102812 1107.4797673857854 514.307436599817 -526.5988929962382 743.2900651046798 1106.2779732473896 528.3126081976701 -385.38723272393645 696.2515485383046 1029.2238099274925 458.63339639656 -462.57222591082484 705.6828892586867 1096.7584778122073 624.9712286720899 -380.98611917726384 684.6055783673582 1116.6031646273211 573.2948955748968 -376.97723769656136 676.3546828813938 1096.9685578654844 617.4660518894319 -290.86835551758026 656.7212009885928 1054.466198513651 494.8325039161419 -297.66527467421514 655.1864251343009 1098.3390165835328 502.0679868832811 -528.9449721201365 738.3474802227505 1099.2711203615356 548.2377422423366 -361.673915222999 673.7511171127069 1082.049511805073 510.2135800903192 -344.12585094397616 676.4507923539383 1080.7283561769793 503.5915865268081 -501.67106443975223 730.7489148172807 1030.5249357466157 450.66290852436293 -320.215778781476 664.0743352836354 1103.8054688377329 611.3457509057274 -323.67320830216346 670.5856658878039 1074.7674763876034 501.9679352597208 -429.53752852716934 687.9782461010574 1091.5589509703484 549.752046499275 -340.9724233400847 671.0031402111798 1087.8934489388191 525.6778579404113 -325.22002352538277 679.3889303598455 1110.2799826583164 543.33646352069 -283.51371792351625 650.2653161419892 1106.5468664317116 574.4340211176295 -486.7117465878613 716.0554714956345 1060.9987277565388 472.6297110164913 -441.00703895764343 694.1015182383428 1052.7886813169075 471.87213797356424 -292.82276913560094 665.044155481735 1109.5566425940883 550.2711565806501 -453.7183615720371 707.9842526815377 1098.6165625831402 632.5280230328761 -349.40449294286634 670.4990262897242 1102.9645870617271 619.194292950685 -406.0608464441388 681.8376113603263 1039.0513492464506 460.36087968116254 -412.61884800501787 682.7218706310139 1109.1431746410851 563.28057358439 -391.84082063446 692.7585211629421 1063.0510381195409 500.4044414937683 -329.41038088172894 686.2682795143688 1088.0694156956117 514.2844987465454 -350.9802145124707 681.1016658329714 1093.4362079380458 637.179363594322 -481.248260471608 714.0811981432141 1103.4964245090396 538.1549810858996 -341.3537068292695 679.7374127834141 1072.4370861123293 487.5332914694718 -425.2681839388376 691.5686386748804 1109.6601919890327 577.3100023720452 -363.69478195844465 686.1119373759901 1055.6246819346522 480.06138889145086 -480.66325176388636 719.7779295155391 1082.576781168144 529.0790685962494 -415.5464010276869 690.1985569225968 1096.4481379480173 531.3907897828109 -401.951412812821 695.6623447801198 1114.102801342917 598.8109384126811 -308.05980184102077 660.949196563655 1105.130961443617 626.4284619211041 -376.71485181939715 691.0165332923299 1035.49326886159 462.3874291074025 -454.3225451219766 701.640367278253 1104.574504379465 590.1915242230439 -451.5734961259575 692.9613025799393 1102.6594675081258 602.7369238705854 -311.23850085956894 666.3405544792346 1092.7389501540074 533.636675666933 -281.5841693900189 654.5570483710085 1105.4653553692008 597.7242400712852 -407.6737880059688 687.5871008144886 1112.104441151046 569.5833362292102 -370.87409135530385 689.7111568950602 1082.4321675076894 523.0850127914433 -429.33946534493674 683.3316620019514 1092.8762626505136 521.6661940558387 -367.70538067240295 684.4499074923285 1048.2875565697657 474.90341119855094 -493.2124746274392 726.7402880889894 1102.82447657237 548.3725933545503 -446.1245969063521 690.8701265932893 1065.1209710698658 484.2201073342222 -518.7483871115517 741.8012892685266 1086.8908756337864 507.1034026140302 -408.63695872037164 703.5064141139065 1037.2315996063255 443.7101646051249 -444.42820511729605 697.155037822099 1080.1460323564093 519.8954700810544 -388.46676003865747 682.5805984220798 1098.9862941976046 611.4531146848665 -328.58439420021267 665.2388030135321 1113.313163122038 591.432494379383 -463.1899962437211 714.8436227722415 1069.0272255318582 499.5708649651463 -481.54641897000545 726.1786453048434 1072.0973849562872 506.3007108684574 -518.9852724692859 735.8841620616062
1340.0016359619212 9.546363028425839 0.0 4.269263333889935 5.692351111853539 5.692351111853652 0.0 12.158867304834892 0.0 4.269263333890334 10.262031905866346 0.0 12.158867304834857 12.158867304834827 7.115438889816954 8.53852666778068 5.692351111853567 7.1154388898169545 12.158867304834716 8.538526667779934 8.538526667780513 10.26203190586628 5.69235111185357 4.269263333890504 5.69235111185364 7.115438889817014 12.158867304834807 5.692351111853494 2.846175555926697 10.262031905866095 5.692351111853455 12.158867304834734 12.158867304834788 0.0 12.158867304834915 4.269263333890484 5.692351111853488 10.262031905866289 7.115438889816872 12.158867304834574 4.2692633338901675 10.262031905866227 2.846175555926799 4.269263333890486 5.692351111853517 7.115438889816838 4.269263333890002 4.269263333889887 5.692351111853645 12.158867304834706 12.158867304834745 5.131015952933405 0.9366729274434923 4.2692633338904225 0.0 5.692351111853559 5.692351111853517 7.115438889817021 12.158867304834613 5.131015952933364 0.0 12.158867304834983 12.158867304834747 7.115438889816721 0.0 4.2692633338897545 12.158867304834839 10.262031905866298 5.692351111853571 5.692351111853644 5.692351111853554 5.692351111853444 12.158867304834725 4.269263333890093 5.69235111185366 5.692351111853508 0.0015404283242270958 10.262031905866085 4.269263333890174 5.692351111853465 5.692351111853488 5.692351111853585 5.692351111853623 12.15886730483476 8.538526667780273 4.269263333890491 8.538526667780486 2.9884843337228175 12.158867304834773 5.692351111853542 7.115438889816908 5.692351111853506 4.2692633338901445 10.262031905866401 12.158867304834779 5.13101595293333 4.269263333890327 10.262031905866033 4.2692633338900245 0.0 5.692351111853572 12.158867304834603 7.115438889816776 7.115438889817032 8.538526667780115 5.131015952932847 4.269263333890239 5.692351111853412 7.115438889816853 5.692351111853743 5.692351111853636 4.269263333890509 17.07705333556078 5.1310159529333 12.158867304834704 4.269263333890149 4.2692633338900325 0.0 0.0 4.269263333890395 12.158867304834741 4.269263333890073 5.692351111853553 5.692351111853375 12.158867304834795 4.269263333889966 5.692351111853634 5.692351111853643 10.262031905866303 8.538526667780264 4.269263333890031 4.269263333890308 5.692351111853518 0.0 5.692351111853589 5.692351111853669 5.6923511118535535 0.0 12.158867304834642 4.269263333889992 7.11543888981676 1043.1148185191198 480.0924110116059 -486.66145379179176 717.290287657199 1085.574775542807 504.3941058713938 -467.76635975225753 700.9361500207891 1049.2303609145604 459.89911256065693 -504.20144721032676 724.4490875540166 1040.2738107380153 486.5892862875832 -483.392409607531 712.9386002134617 1050.4902463723565 469.3587223667998 -322.3649764273418 672.7118620017566 1058.785216051731 493.0137740443032 -360.30837526822256 681.4532006610814 1108.1854310989481 597.7390202609666 -310.8338642147416 669.6525419940266 1079.7183809315582 527.7581167761597 -480.3951680732888 718.7538647321569 1112.967263630397 569.1406268771193 -512.1399556936132 739.4303160348127 1063.0081653676639 492.4144484119735 -510.743164061551 727.6700078951252 1046.5894202734833 474.5288860089788 -449.7039560105908 696.1843078681266 1098.046177357647 552.0045299926294 -379.05733709825836 683.3884571742186 1034.534844543787 457.4837565452371 -342.3099923946557 672.2744212603282 1047.7445008059246 466.5611756974401 -369.0259951000548 684.9385622141483 1112.4061860996587 616.1571955464633 -416.2020290202072 693.0998199157237 1065.9065524542737 520.1837665239316 -515.7822907794094 744.9861903368928 1108.4871643987256 519.1029162552429 -542.4392008395039 756.9322162622253 1107.0115272531173 536.2539477060224 -397.067554199641 694.164746113723 1036.214337196225 468.3770900440545 -471.22345584178873 709.7544059923661 1096.4116512480152 638.392861843852 -385.436974967813 686.2229390055752 1114.7747273904045 592.1840670039387 -384.65876172252615 682.9455603425963 1098.3726069476859 627.1651093875008 -295.7796683607005 663.7177046680233 1066.853702384964 503.5801686180783 -304.17201357521884 660.2462225203252 1099.5366125980768 506.7872789690028 -540.0338065664425 751.3697028764666 1100.109583855587 566.5712169013051 -367.8656524575683 679.8194226879428 1086.6489407203221 523.7325921609107 -356.36143735437776 675.7171119864529 1080.9288627582227 513.02736719428 -504.988036843287 741.6481850045429 1040.9129317329716 463.6695270766183 -330.9908690171629 666.8789930499023 1104.400130237941 628.8926818640209 -335.61092358073284 672.5500933444242 1078.580876664071 511.38964032704735 -442.2192966131323 692.4165822082948 1095.2946947108114 561.9455333192537 -350.36650573359776 670.704030104598 1091.6460455559245 544.9139642939762 -334.71453868227314 676.624881618136 1111.8943696992192 552.9925679810033 -304.98435502585113 656.1455958211814 1105.5554670790384 584.6630110150992 -496.6169816031505 724.1078197677431 1065.9417847660204 483.2566859414042 -456.72934592534466 696.9846350787808 1058.5857508074296 478.93977790147954 -305.47135240265976 667.3913182198836 1106.0610029550867 562.6550658571708 -464.9653551746365 711.7442529097628 1092.5714090904419 643.1214412459786 -356.0750176392132 672.9751799710577 1101.5162660014614 632.5744374541215 -407.03919925225756 688.4873755552654 1045.5242120639427 468.7293381059974 -416.2957191565007 686.5476987640143 1109.2730794039594 574.4125798635649 -407.1820993950286 694.4949164718254 1068.2784650454057 512.7232875294766 -343.287692817223 676.266860582529 1088.9664981679057 525.3430810029462 -362.5088399990632 684.1011539476098 1094.384299933404 651.2060826317165 -489.03774301805413 723.5698887787124 1102.8056450725162 547.6190254281325 -352.22687878569616 679.9849695075674 1075.3850822516706 496.85370019959936 -433.818519383153 695.8345596147888 1112.129730665173 588.6717912633669 -373.34479724447226 689.6462877348166 1055.2742958042081 487.9809314433642 -488.7040736109656 728.5100172366783 1094.349429451481 551.1642955634603 -424.5779699852899 688.3616614419365 1099.5618695446337 538.6753461283079 -414.206599466597 701.304934615438 1110.656561736553 609.5944063956007 -320.09193016955373 660.4690658082932 1098.0847718040063 646.3280736061915 -393.0626147457331 696.9551728984952 1043.9571623021068 474.5327566938447 -457.6844121557108 706.5311705656794 1105.8549024743368 601.4376590799429 -469.2006473383651 695.1824826469837 1100.3849811597836 613.6428650275407 -321.3741596728677 666.3886176810513 1097.07284845043 540.2549027482194 -295.1694041516286 654.5842024791294 1104.299958929405 609.5286478582606 -422.5633006419025 692.8792151039738 1112.376181319189 579.1404251211198 -384.3090057389179 692.0901207472333 1087.415991499358 534.7871768418902 -432.61855211338366 688.2495284123008 1092.509331200593 531.1784835864682 -379.58563650582767 688.7928534951456 1052.7319218162302 481.4304290035227 -500.0027686531502 728.8155455605537 1103.0516918941128 559.5075004774498 -465.2072798333006 696.1239989932612 1068.345259241392 494.2959417502643 -532.3113875475543 751.8707356838086 1090.422992208734 513.4383249273799 -417.5864581712739 706.675691526501 1043.8186904938427 455.0913395457917 -451.5008763844175 700.833238286493 1082.3237227422921 528.6515297379451 -395.4928358564058 686.3783682994019 1101.413151054734 622.8193364628285 -339.7807696760994 666.9160858567585 1113.4123223640825 602.5644377108672 -475.56077462513315 712.6139458652476 1071.7616036503741 507.3750935499365 -494.4511734234082 732.6504788325063 1075.1528322084241 515.4443973109262 -525.4650725151196 747.6352000390311
1350.0016359619212 7.115438889816851 5.692351111853599 4.269263333890347 5.692351111853449 0.0 12.158867304834779 8.538526667779928 7.115438889817039 5.69235111185359 12.158867304834835 0.0 5.692351111853428 5.692351111853671 5.692351111853508 12.158867304834482 4.269263333890075 5.692351111853444 7.115438889816918 4.2692633338901445 7.115438889817082 10.262031905866031 4.2692633338900885 5.692351111853353 4.269263333890367 5.692351111853511 5.692351111853482 0.0 5.692351111853652 0.0 4.2692633338902946 12.158867304834795 5.131015952933241 5.692351111853659 4.269263333889953 4.2692633338901755 5.692351111853602 4.269263333889913 4.269263333890115 5.692351111853516 4.269263333890231 5.692351111853687 12.158867304834716 4.269263333889816 11.38470222370713 8.538526667780076 5.692351111853628 5.692351111853425 12.158867304834862 7.115438889816775 7.115438889816953 5.692351111853404 5.692351111853672 10.262031905865888 4.269263333890053 4.269263333890021 4.269263333890305 8.538526667780278 12.158867304834756 4.269263333889975 10.262031905866316 5.692351111853709 12.158867304834843 8.5385266677804 5.692351111853704 4.2692633338900485 12.158867304834837 5.692351111853469 10.262031905866218 5.131015952932977 5.692351111853556 5.6923511118536565 5.692351111853553 5.692351111853468 10.262031905866078 7.115438889817202 4.26926333389031 5.692351111853619 10.262031905866063 5.692351111853465 5.692351111853498 5.131015952933349 4.269263333890179 0.0 4.269263333890085 5.692351111853556 7.115438889816801 2.9884843337228175 5.692351111853621 5.692351111853451 0.0 5.692351111853557 4.269263333890166 5.692351111853743 5.6923511118535375 5.692351111853609 5.6923511118535135 0.0 4.269263333889972 5.692351111853553 8.538526667780225 5.6923511118537515 7.115438889816868 0.0 7.115438889816951 7.115438889816884 4.26926333389027 5.692351111853403 10.262031905866245 5.692351111853684 4.269263333890023 8.538526667780337 5.6923511118534575 4.269263333890159 5.692351111853524 5.692351111853375 8.538526667780252 7.115438889816777 5.131015952932918 4.269263333890033 12.158867304834855 4.269263333889746 4.269263333890112 5.131015952932971 4.269263333890118 5.692351111853606 5.692351111853492 4.2692633338900725 12.158867304834875 5.692351111853678 4.269263333890057 5.692351111853434 4.269263333890167 4.269263333890049 5.6923511118536645 4.269263333890045 4.269263333890247 8.538526667780673 5.692351111853573 12.158867304834732 4.269263333890322 1044.965966220452 497.499818331757 -495.0753326520593 723.5522020184311 1086.6969986204087 512.3065520147627 -471.2166574075327 708.2801657587222 1053.8430842269677 465.53909987591413 -516.0123399043365 729.1531950656603 1049.0126389900001 505.07249141091216 -492.10310569466935 716.8412166401853 1055.7017670511214 482.99566672912164 -334.1313787270542 679.6357853709849 1064.1092823806566 510.27588058346925 -372.18517949996146 685.7913191921112 1109.3874009984627 608.9871765541019 -324.069880222805 669.8848241589667 1077.793399103936 540.3173833310308 -489.2245386849668 727.6628334804878 1109.8452477324813 576.7811239011163 -522.880067337522 744.9893988663292 1063.3691362048603 501.0771095202432 -519.8067099642643 738.9536222984792 1054.1473405721595 487.9423826659162 -453.4719837335858 697.4391676900366 1105.344736194727 563.7624594643878 -385.8255732116521 683.3075594882018 1045.4480800139681 465.1144721610546 -354.91361358450166 676.9360684736896 1051.6797744289577 477.11134431366935 -378.82576729529706 683.448897114516 1113.275738648904 629.0222758223047 -424.05043080739017 694.5823560640599 1078.3476452349616 534.8539247058179 -520.7753329268729 747.6538250279269 1106.8125741341407 526.9039484431354 -550.367506146594 757.9586892062159 1107.8403633623234 541.0564252751773 -407.59595336039285 692.8670537592305 1042.7497779829455 472.11852306521826 -483.29690552146354 713.5413731717575 1092.2697257850473 649.7647390038081 -396.1964823008006 691.3477138463054 1112.2984279850436 604.6481590376507 -397.7657957299891 683.8688078855669 1091.3112707433568 635.7305615660182 -306.9681610737486 665.4563285423777 1071.6481206968547 514.6645682196053 -314.7316765331693 668.0633824215473 1102.7688513786986 517.9586104244643 -552.8491406860588 752.5557748756111 1102.2252495016198 581.8607636927564 -379.15320219039995 678.8762387345269 1086.1378666794103 533.2501650459227 -367.08319149105023 680.90999959655 1081.7555277944746 523.3983596351208 -513.6658331186783 742.945198423464 1046.012374784126 473.1511020584503 -339.0547868203954 672.4163232767349 1094.6946363049062 638.7072273435713 -349.1091561883075 676.6301412104526 1072.8491993853067 520.5270800988208 -449.7190538135856 689.9119250915907 1097.2100073357924 579.5884722186283 -358.60604210625684 671.2085357694059 1099.1677097141328 555.036161481769 -342.127608021776 679.3740764408302 1110.0141173811087 560.7511714099951 -317.8614737783729 662.3195856658723 1105.6936315516498 595.0056838655793 -507.89573988643986 724.9849451498606 1068.6713055823577 488.6852672462953 -466.49388328991785 697.6946534147847 1064.4660815039774 492.0046600962064 -318.7827614981057 672.4347805065747 1106.051778252716 575.3573530831238 -474.0167571904699 714.6401799884283 1088.0483290153354 656.0531191545463 -368.02311283053274 674.8327216521186 1094.6966009315518 646.7076807809341 -412.30016773391776 687.8268020048563 1049.782766215617 482.5187725788295 -423.43223597383684 685.2683046928252 1105.2968438139947 582.7578822945501 -414.9976587098638 698.5082984316755 1069.1210857784208 528.5603099564948 -350.62081570814297 681.5052476372049 1091.868271144084 536.6328532671805 -379.2425051977815 688.9357704034377 1087.5641257460716 667.0170904370311 -501.1486030118651 727.2099165479127 1101.9910181480736 557.0639367878605 -358.42202761111827 686.0505231566381 1071.9119667073762 507.96790925338365 -443.1954723923756 692.7497270645692 1110.1552183200674 596.4291143510293 -387.25896413758556 688.3675081819448 1060.833960046551 503.4584422054837 -499.30873932008615 731.7059060134866 1096.6817327391948 565.6286236145928 -429.3950258787539 693.7887271514505 1100.373170100877 543.4772844449607 -423.5862834738969 700.807770708179 1109.0808642662337 623.7500587676981 -327.3969299314568 665.7471106891318 1092.371604447172 658.276084975553 -400.21693566528216 695.7291554911144 1044.4819964326787 488.89964051630875 -464.10691636531726 712.3686045873609 1102.3179991874279 612.2144929148473 -481.59552961477164 697.950469223051 1096.8065992799538 623.5652452086375 -332.3871352262869 673.0490631833849 1101.066098224992 549.3391973480558 -308.0301891159476 660.8006260985121 1104.5300090484218 618.2800660208609 -433.3548920080761 700.3774469033624 1109.3929035730132 585.1971144666516 -391.4561316305088 690.8710861939747 1094.3266876002303 547.9634990742927 -439.7197887818344 689.4172658155234 1096.834012135084 537.8116996287952 -392.7578727890565 687.2266558578893 1059.5929759171797 491.9791792658455 -510.6174412200541 731.9559663122415 1100.4737703263622 574.3569262143836 -474.59037712145204 700.4411494606169 1068.5698559903128 504.5250100864986 -543.2804727906637 753.7660051738726 1092.5653265564601 519.8321233371108 -430.7592989796894 702.4585015313087 1050.1127705942397 463.59132853943623 -461.24338772456383 701.5527635229515 1082.7265445033759 541.3432282664517 -406.0337405967448 685.0904552739414 1099.540507481258 628.1331178597065 -350.1622294435054 670.7644524801609 1111.0683503224711 613.4321834285901 -482.0845682112594 720.8587926896619 1078.7930696556896 516.1978549663614 -507.759140195634 737.8441786995098 1083.0133212947567 528.4420518614872 -532.7423086766867 750.9472592083735
1360.0016359619212 7.115438889817123 5.6923511118536085 5.692351111853605 5.69235111185358 12.158867304834796 7.11543888981676 7.115438889817076 0.0 5.692351111853552 12.158867304834818 7.115438889816897 12.158867304834757 5.692351111853392 4.2692633338901835 5.692351111853392 4.269263333890288 4.269263333890477 9.546363028425775 5.692351111853545 12.158867304834747 10.262031905866085 4.269263333890189 5.692351111853494 4.269263333889981 0.0 8.538526667780216 4.269263333890479 4.269263333890067 8.538526667779974 5.131015952933192 4.269263333889918 5.13101595293306 4.26926333389042 12.158867304834581 4.269263333890382 10.262031905866042 8.538526667780653 8.538526667780507 7.115438889816904 4.269263333890206 12.158867304834649 4.269263333890303 0.0 10.262031905866142 4.269263333890104 4.269263333889983 5.69235111185342 2.9884843337230103 5.692351111853557 5.6923511118535846 5.692351111853731 12.158867304834855 5.692351111853656 5.692351111853758 5.692351111853556 12.158867304834802 5.692351111853572 7.115438889816832 5.69235111185373 5.131015952933073 7.1154388898170735 0.0 4.269263333889766 0.0 4.269263333889919 4.2692633338902475 4.269263333889898 0.0 4.269263333890216 6.592679556800752 4.2692633338899775 0.0 12.15886730483481 5.692351111853422 0.0 4.269263333890189 8.538526667780273 5.692351111853553 7.115438889816997 5.69235111185356 12.1588673048345 12.15886730483472 12.158867304834907 7.115438889817057 5.131015952932953 5.692351111853508 2.9884843337228175 5.692351111853584 12.158867304834667 7.115438889817023 5.69235111185366 12.158867304834734 5.6923511118535215 5.692351111853573 5.692351111853389 5.692351111853416 7.115438889817132 12.158867304834699 5.692351111853739 7.115438889816863 4.269263333890276 5.13101595293292 7.115438889817202 5.131015952933244 5.69235111185351 5.692351111853535 5.692351111853518 12.15886730483491 5.692351111853381 4.269263333890142 5.692351111853705 8.538526667780477 8.538526667780657 10.26203190586634 12.158867304834875 0.0 8.538526667780374 4.269263333890063 8.538526667780058 2.8461755559266146 4.269263333890336 5.692351111853516 4.26926333389013 7.1154388898167955 4.269263333889873 7.11543888981713 5.692351111853502 12.158867304834741 4.269263333890439 5.692351111853414 5.692351111853574 4.2692633338901995 5.69235111185334 5.692351111853528 7.115438889816904 5.692351111853636 5.692351111853712 5.6923511118536 5.692351111853688 7.115438889817065 1051.2337753033505 513.0944776700297 -500.9877550217104 731.4656369944257 1088.6742337455996 521.8704838316319 -479.9469595387529 712.2205733837868 1057.660608619405 479.5592938797614 -525.763984695382 738.136175050866 1058.454943622144 517.8028852147992 -500.5196903948023 721.8087313027103 1058.806435606423 496.27879675752285 -347.6849881503709 678.3037482447802 1070.8654301041165 521.5184439653293 -382.2053982485958 690.6352150670408 1104.3765932618335 620.3374664341854 -337.7385717883014 676.223278746827 1080.9897836790549 553.2511369792381 -493.17830602062133 733.7870493149842 1108.968246849376 585.4199760272469 -534.174506249567 745.7494703850243 1066.8730816405875 510.5578665185098 -531.2069052341941 742.218794560956 1054.8473599958058 503.8347727645453 -461.34943211267534 698.7120941508612 1104.268286688264 574.7799583289503 -395.1763829174178 685.3691248951288 1042.906980997194 473.3850305800734 -368.29394097310524 681.8039083843214 1056.06335570704 488.71079231724593 -388.3249295901178 686.2319828317259 1103.65404652718 637.1276724907826 -435.67403733784874 692.2424681754618 1080.1899934288824 542.9001139630019 -537.1750765438807 753.5705903263138 1109.7640165353605 535.0678045775803 -559.0561559158957 759.2018378513416 1110.566209051388 550.8238845692957 -420.69813546477974 696.1307214736707 1044.9548080685593 482.3363394708242 -492.5197086581376 721.27402517867 1086.851990818437 659.2245370811561 -410.3196778678531 693.7470412816024 1107.5791914159252 613.6455485122658 -409.3856648096142 684.1720944323682 1087.36128712635 644.6482125452782 -315.2441741466548 674.9052759704718 1074.5920715875964 529.0545266730898 -323.7041941572708 672.1375124944605 1100.70044969612 532.0854580295018 -563.1499418312542 755.1214293951193 1103.6973210711915 597.9249513748854 -386.199645849408 682.6489227953496 1088.5752274418066 549.2832151305738 -377.10208129426826 685.7769474567964 1079.861826039901 535.1629866760497 -527.0153676914057 748.0122728185428 1050.5808744076319 483.8869316321727 -355.7927916355343 677.2889362271245 1090.1347627355906 650.7004075915829 -361.0607116182578 678.4693878512757 1072.9621050520582 539.5066481027883 -457.2014106059759 689.8509138313833 1100.7017486384768 591.869279933093 -367.17738892287497 673.0671269337778 1100.7241588667498 563.9153091503 -351.04247747451996 682.6422725835362 1109.484425060066 566.2681366038646 -325.50345923158426 668.979022400836 1100.8576282870602 605.6111726394191 -515.3481479733867 733.3255563949658 1067.5723272240148 491.8448982638743 -475.75528972633896 702.540691664233 1067.040066567885 501.41361496112535 -326.84802784862484 677.9686257070488 1105.856811513866 588.8521827623979 -485.763769761558 719.4740669380649 1084.388883235956 668.2422730813352 -374.2583896596961 680.8627496566053 1092.6898240431715 657.6146798035599 -428.01791310057104 690.7095509718406 1050.4747922426675 494.4229907425359 -433.17991904929545 686.0719959730261 1108.3600340078042 597.4788045420569 -428.8677636303363 701.9823168294448 1069.3177729278254 544.3758760809244 -364.05881410619844 683.8789902487443 1093.8823590957622 541.546024766224 -394.92819483794176 692.0065081730485 1084.7647618718518 677.8948781072066 -509.3482890076095 735.783205457938 1104.256844066471 570.7794724742181 -372.6802703318294 686.1635132981077 1073.960226694643 517.4880725561662 -463.33733732206787 694.2478311905546 1106.582367558857 606.3669893546977 -402.0648269853364 691.0838700446722 1060.8073322370083 512.9686346269411 -510.97561894307046 742.5261508308206 1100.3097487535274 577.100435122771 -442.90869139167114 693.3062955413374 1101.214960055834 547.5135306806405 -438.95569634711126 697.2480763729905 1104.6818428261633 629.5238801324928 -335.46436048017136 671.2693335259601 1086.9731389615142 666.8409233456114 -418.1750814816204 699.4653633920797 1050.9244068494781 500.43038248323353 -473.5109489373837 714.0635501398234 1097.091676819059 615.5144581820406 -490.54122101918773 711.8726059398934 1094.677218677567 629.707381691302 -342.89076887241396 673.1343638141487 1106.3297336620624 556.9567126110893 -311.44583223892226 669.6949325658825 1100.916267876776 627.3866688426939 -454.7161297881785 696.2185550520076 1110.0139875373611 601.1604262257683 -403.7317329315338 696.4656162351529 1100.7019972062312 556.4631718928166 -447.5821564283772 688.2706114829308 1096.4033256283517 543.3232177784265 -405.64092713397525 690.7226046371629 1064.4869698017947 496.5618270873059 -517.9797852788395 737.7896149387764 1104.394866244784 582.7131299671844 -483.7804098303868 708.2566016517702 1069.6418272759831 511.616789675769 -549.6881272278283 754.3591882779588 1094.5642649877393 526.275252110759 -447.2783671169289 697.9469362394177 1054.7742753690604 472.7270843482959 -473.6667087052377 704.2442049892124 1084.4213779767206 550.2049302511272 -416.0973803539995 689.8311405611522 1095.7112558438307 637.1230100091857 -358.33039049068094 673.7481520828908 1108.6607705873569 622.6729367696103 -489.30729734482406 724.2655233173804 1081.9368274320307 525.0609136627614 -520.3410463278836 742.7183295223124 1084.746232265653 538.8402651976778 -540.9958547584556 750.8337652625316
1370.0016359619212 8.538526667780534 5.692351111853574 5.692351111853636 5.131015952933098 5.69235111185364 0.0 12.15886730483489 7.115438889817152 12.158867304834802 10.262031905866232 8.538526667780241 0.0 4.269263333889975 7.115438889817061 10.262031905865909 8.53852666778048 4.26926333389009 12.158867304834876 4.269263333890528 5.692351111853593 17.07705333556077 5.692351111853539 5.692351111853537 5.692351111853661 5.131015952932786 9.546363028425725 8.538526667780316 5.692351111853528 8.538526667780372 5.69235111185347 5.692351111853708 7.115438889816953 7.115438889816676 7.1154388898170104 4.269263333890157 4.269263333890057 5.13101595293316 0.0 0.0 10.262031905866031 4.2692633338905175 5.692351111853419 5.692351111853689 0.0 12.158867304834809 5.692351111853636 5.692351111853457 12.158867304834809 17.07705333556052 4.26926333389014 10.262031905866154 5.6923511118536645 10.262031905865935 8.53852666778051 5.131015952933066 10.262031905866142 4.269263333890043 5.131015952933184 12.15886730483474 12.158867304834803 7.115438889816967 7.115438889816908 12.158867304834576 12.158867304834926 12.158867304834866 10.262031905866303 5.692351111853747 4.269263333890055 4.269263333890287 5.692351111853634 4.269263333890107 8.538526667780467 7.115438889816952 4.269263333890227 10.262031905866062 10.262031905866285 12.158867304834926 5.6923511118536 5.692351111853465 7.1154388898169065 5.69235111185346 8.538526667780406 5.692351111853476 0.0 5.692351111853596 4.269263333890048 2.9884843337228175 0.0 5.692351111853346 5.692351111853557 5.6923511118536885 5.692351111853583 12.158867304834743 5.692351111853455 5.692351111853346 4.26926333389039 10.262031905866014 5.692351111853554 5.692351111853492 12.158867304834844 5.692351111853599 12.158867304834676 5.692351111853588 5.6923511118536325 5.692351111853716 4.269263333890305 4.2692633338900166 0.0 4.269263333890386 5.692351111853597 0.0 10.262031905866204 4.269263333889785 12.158867304834684 7.115438889816978 5.692351111853545 12.158867304834553 12.15886730483475 5.692351111853372 5.692351111853602 5.692351111853459 5.692351111853516 4.269263333890403 5.692351111853463 4.269263333889993 7.115438889817154 5.69235111185353 5.6923511118535295 5.692351111853498 5.692351111853478 10.26203190586602 10.262031905866321 4.269263333889915 4.269263333890139 7.115438889816899 5.131015952933041 4.26926333389024 8.538526667780319 5.131015952932757 5.692351111853613 1052.1496859989682 522.6019964830139 -508.47842677663 731.1609806988597 1088.0400099220026 531.3387714302062 -491.99133886339723 713.361642443372 1058.127218395669 492.220982940445 -534.2431174429717 743.0201748891699 1061.3691515148985 530.6413169423815 -513.3729838774098 728.557172669664 1058.7172334902377 509.7536639561066 -358.96193845608957 677.3389197975104 1073.6283062636383 534.4012091802791 -395.24816635785527 696.4783410686787 1103.9448807032845 630.6721158728906 -351.51916455040214 679.9810532071398 1080.457861465165 565.8497273306491 -498.8955851435949 731.100341365946 1110.2079204112924 595.1154330525909 -549.0763085758434 751.1524910848805 1064.1524256925093 520.7401925434009 -540.4481802452872 747.295975973262 1057.9842167542527 524.466044400598 -468.64843568044853 707.1830682238486 1106.0529988063986 590.8792283770777 -406.0603405423805 685.3815465783572 1050.6596432065878 484.0262051732956 -380.2067887747008 686.0528560623917 1056.2467207356767 500.63390327775755 -398.3922325704612 691.0043660325781 1094.6689840799115 646.7085361594428 -446.18757468463195 693.1745614266079 1084.1406387085535 552.7258318362595 -551.5238495898624 755.1090502185194 1106.5726845521597 544.3029359894546 -575.2457921536013 753.6619073764974 1106.3428765647857 557.5436675169785 -437.55200658936707 695.5193720836711 1048.8364408202735 490.08836925749426 -504.9888340592742 723.6938807535296 1083.5742256070134 663.4148454291126 -426.40947859966775 702.954083600702 1102.4161938913699 624.1348569903146 -416.83613040480355 689.2235047247581 1086.0568215476312 657.286504492507 -325.7273761544137 675.9227944846607 1077.333325800356 540.3578667293834 -336.80119784117534 673.1646812598336 1099.9238770229877 541.5206540098204 -583.3460816802992 750.8793613863932 1103.848552451846 614.6594144566734 -392.91845615853174 685.0085507294389 1086.616474537392 557.8243141291164 -390.5183456875078 690.5173640123273 1081.3779863522723 545.9970207134364 -539.5008212838246 750.318259824568 1050.925084504213 495.7197963204363 -366.6060238507623 679.9327184302437 1087.794141773321 662.3204761853589 -375.99748519512826 681.3143861436358 1081.3354397164087 553.6644220404278 -465.9183244491731 696.3108207209729 1099.21677995276 603.6511591587362 -375.02247732170053 674.614164047219 1104.4494894755069 573.8483800652834 -363.7516348538272 684.7047920593701 1106.0363402365879 581.4236109974534 -342.71800307894915 670.2610017595828 1100.4592766236449 616.7197003457261 -524.358652380603 742.0755314673982 1066.4075272961925 499.737840018853 -490.9000090643647 707.131981605286 1070.4095819122613 512.5418463887537 -341.57873447312926 674.5323454935634 1102.5642209731845 605.9665459475011 -492.83460322550394 717.8588456053824 1078.2097271973435 679.8455336143711 -388.06703817560486 684.4999030228563 1088.4931188701996 672.0988479985873 -435.9071489681782 692.0739529196787 1052.9338293615444 508.61620005659677 -445.19511887791083 687.523527169283 1107.4367419062592 604.5094165538036 -443.49709331298453 703.0585915330121 1078.9369572833061 557.8467678217239 -373.33440967199226 688.4605927576853 1091.8933204959476 550.8893186760105 -405.774454719174 694.5119764972759 1083.3505161914875 685.8420301167386 -515.7584282741558 736.3909186750022 1101.6998611949382 583.2179595766333 -384.1936512650247 691.5054605131438 1075.6461400294609 529.4759906495399 -478.6580860746803 708.916607258745 1105.7418492980769 620.6166766718641 -421.1668955330119 693.8663934695287 1060.6388327184447 517.6987909934841 -521.2896885562138 746.7197602667911 1097.9046995783044 587.9555975759058 -455.6777595252853 694.9235665366424 1101.6722507297263 555.4919943807602 -450.2282260699801 698.3838423432059 1100.7681203587838 638.5019814079856 -350.3917205776816 674.1920019842323 1081.6277938111668 675.684437419996 -435.05241077812525 701.3569572053578 1055.5222520092748 516.3194768797441 -481.43118383052854 715.2232827393643 1093.5781848751358 622.9595112108765 -500.82722022156025 716.1528372112932 1092.1462640101488 637.3173985948387 -354.92754217700184 672.4589177869758 1107.5783680032089 568.1924382879738 -330.46580495152574 672.9528906695701 1096.1218218320805 634.61394512246 -473.2255445201734 703.2659259691768 1106.2247430861462 611.7685390337473 -414.93775626253137 695.4733666950038 1103.2991183952763 566.2363281057095 -463.007585716132 691.9336196920236 1096.544237989329 555.2305245564329 -427.17746846452263 697.9834887187616 1063.1806559346971 510.829215323396 -531.2780132437574 746.9567021739834 1100.6782103411495 594.2186492387134 -496.920709811264 708.4809887465586 1074.1479119448013 518.1664542699048 -565.8696126221986 755.0689679283862 1093.8456881879888 535.7250301408834 -456.6679922547089 699.7175011808059 1055.4223737753648 483.82573647500715 -483.50283887322746 707.2269627294235 1083.002389466543 565.919073263463 -425.48085862959937 686.7380248373106 1091.0419604977158 649.1494359386414 -364.73842728470976 672.2787659442104 1104.4647813289728 641.2063215949368 -499.16043394843865 727.1594715285414 1080.1603797100406 533.660813010809 -532.084711835269 753.4672730045476 1087.6040275356354 547.7684727839646 -557.1589912615715 751.6100938201852
1380.0016359619212 7.115438889816846 7.115438889816937 5.692351111853699 4.269263333890061 10.262031905866179 0.0 0.0 5.6923511118537204 5.692351111853596 5.692351111853492 7.115438889816752 4.26926333389035 4.2692633338901596 0.0 2.1346316669448053 5.692351111853545 5.1310159529327155 10.262031905866344 4.269263333890084 5.692351111853535 10.262031905866234 4.269263333890051 9.000397377424225 12.158867304834692 5.692351111853467 5.692351111853457 5.692351111853331 4.269263333890034 5.692351111853473 4.269263333890283 4.269263333890233 0.0 12.158867304834514 7.11543888981678 5.692351111853406 4.269263333890063 7.115438889816738 10.262031905866074 0.0 12.158867304834859 5.131015952933094 12.158867304834809 7.115438889816654 8.538526667780342 0.0 12.158867304834805 4.269263333890426 4.269263333889975 7.115438889816977 5.69235111185341 5.692351111853372 4.269263333890308 5.69235111185342 4.269263333890202 5.692351111853533 7.115438889816806 12.158867304834617 4.269263333889978 5.1310159529332005 0.0 5.692351111853543 5.6923511118534496 5.692351111853455 4.269263333890294 4.269263333890085 0.0 4.269263333890422 5.692351111853628 5.692351111853558 12.15886730483485 5.692351111853715 7.264778832355206 5.692351111853575 5.6923511118535615 8.538526667779996 5.13101595293313 12.158867304834697 5.692351111853422 7.115438889817044 4.269263333890065 7.115438889816944 0.0 8.538526667780701 12.158867304834667 5.692351111853646 7.1154388898168985 12.158867304834807 4.269263333889957 10.262031905865955 5.692351111853495 4.269263333890116 5.692351111853507 17.077053335560603 5.6923511118534575 5.692351111853681 4.269263333889949 4.269263333890085 10.26203190586616 4.269263333890486 5.692351111853493 12.158867304834999 5.69235111185349 7.115438889816934 5.131015952933142 0.0 5.692351111853557 4.269263333890169 12.158867304834839 5.692351111853503 5.692351111853474 7.115438889816977 12.158867304834867 9.000397377424607 9.000397377424646 10.26203190586589 5.131015952933195 7.1154388898169465 7.1154388898169225 5.692351111853635 4.269263333890342 5.692351111853394 5.692351111853508 4.269263333890266 0.0 5.69235111185354 8.538526667780465 5.692351111853604 4.269263333890263 8.538526667780362 8.538526667780353 8.538526667780301 5.692351111853582 5.692351111853685 7.115438889816912 7.115438889816787 10.262031905866223 4.269263333890225 5.692351111853556 4.2692633338903105 7.115438889816775 1059.4987286631492 538.8484592645495 -521.5289693118614 737.3251034848159 1089.8847974761338 537.8150530314637 -493.93367640926084 715.1616145462249 1063.9409686194178 501.8453452521112 -547.5157396719325 745.4335743533226 1067.756724562215 540.6123556427132 -524.9068268790963 734.2938664212131 1061.5247716629178 527.2804257814339 -370.5362389643506 680.1930861210436 1076.1477153549856 547.3140032433267 -406.9065314639319 694.183095037093 1101.05543119341 639.7955701301296 -364.57152528288367 683.4061675569898 1076.0499084200358 580.5131046889018 -505.8329849839706 735.5604743470262 1106.2239045660288 606.528050405562 -561.360948063281 752.5320325645796 1064.6593443708982 531.8292096003878 -556.6332163965177 747.9903767596072 1065.3211724235946 540.8275409157023 -472.17391482505576 711.9615597346311 1108.4319488670635 600.0203197583818 -413.57122383984307 682.9024030673154 1054.281975643402 498.2747057196235 -393.2507697537178 691.8411507249019 1058.1794905207978 516.497465972658 -413.3924245538418 691.1067013867488 1086.9562695603101 654.7835517283565 -463.84439524638105 694.9858529270705 1085.1839538627382 567.1223242784664 -557.6282634827252 756.736187487833 1106.5387866678172 557.0128446753504 -582.6654212582633 756.6978423989549 1104.9905332482779 570.1128348260255 -453.704389863913 696.9451747929146 1051.1371877019394 502.7640015848447 -517.4847873915934 732.5113286586738 1081.3961793539966 673.4692381662103 -438.03421597081586 702.9910258451105 1095.985242148103 639.8864074954729 -428.84783496269085 693.1941442549722 1080.0845549665619 668.1443874965568 -343.7001740833133 677.4214872887552 1077.2885645922584 554.6317020815669 -360.19661954492204 677.8285929673444 1102.7445059040924 549.7208176354818 -590.2658016174898 758.7281642347214 1099.099398728523 629.0907462593066 -403.69025794742754 681.1843669628959 1089.095197662995 569.1863574956154 -405.92226622374943 687.0365077872492 1080.2383159719707 558.5968374422084 -546.6726551811394 751.040710522673 1054.3120627021926 508.41290252966036 -378.62381850634904 679.1465467788307 1087.2766001672069 670.3033222328348 -391.6899442332322 684.2804411620067 1079.2517644364175 566.9688319944531 -475.1222058302512 704.0811277176356 1094.9826389165064 615.7730987002634 -386.16804721742034 681.0366933344003 1102.724516688677 587.9869162813279 -375.7624622795604 683.9270288592604 1108.5656070128205 589.7031409453318 -352.10808973291995 669.8717768868675 1091.9019148437283 624.8973578280583 -533.1885114050006 745.769982086552 1066.1354564397018 509.2250224653893 -503.9892586723558 715.9122641889682 1070.8780400176336 526.8337843625338 -363.80604975857324 674.4520332923589 1102.9856302754347 618.8169266134666 -500.2931105952317 726.2013733947747 1078.1183722079124 691.1658569680785 -401.1399171239567 690.2537895146747 1081.4893784993792 681.9004874960718 -446.0082708993035 689.0942764233458 1054.7345116393376 522.9352480355988 -455.3459363040769 689.5009980224502 1106.830725507354 616.3929390170706 -449.53112184425544 704.9711944253814 1075.2611030220655 571.794533878752 -384.9635060366988 688.7530613700401 1092.7718143687766 554.1475623918839 -417.3928166998406 697.1601877258811 1080.599611328895 699.80899164115 -519.5977549563167 746.1071408559446 1102.6471471191076 594.4600315028079 -401.3941168977173 694.9414135934345 1072.8151443027991 535.6133237254728 -488.42799877143165 709.3365354903868 1100.7020435580207 635.7402138045138 -436.5582786352976 697.6700860031162 1062.0139523242146 535.208364505284 -527.8273855270222 749.7826758496984 1098.7974620640957 599.2079022622349 -469.1915271714421 692.8938028741978 1102.3750178483042 560.3264126087407 -460.1003685520378 703.9300156689535 1095.344666550895 647.942308957794 -358.8609031682893 681.0109509742059 1077.0886478880311 685.2086576096972 -448.89354151730544 697.0840215150876 1057.272412196302 529.0760918142219 -489.85916917883014 720.1790274007037 1089.3192784925363 633.417509316324 -514.8048941598562 727.5814975486436 1084.9178002889205 649.6012156841537 -365.8020240786273 672.5702922479779 1107.58868595066 578.5465936159791 -352.9563684990052 673.5572810816657 1090.4245192725843 645.5910041463314 -482.99235231873996 703.7254403060184 1106.1749417322021 626.5882102292612 -423.1868451556912 695.7139099481535 1101.4213772557093 572.3964531985968 -471.843434268271 700.8498419046148 1094.594957233293 562.9767215966892 -443.66279722319626 698.3565209854992 1064.018329251724 518.7568603366517 -539.2204165860433 747.9242488988631 1101.044521850084 608.6437082594373 -505.75851921123825 723.4129919072592 1077.0282542650796 529.4492256779952 -573.1761579512149 752.0146442782544 1094.0755842037754 546.8572094323569 -467.243395494616 702.9983605543963 1062.6163644707244 494.93398099067065 -494.1208768815797 710.3730921120483 1077.2883947028502 575.690656659449 -430.355957105275 687.088663075251 1084.3073183732272 663.8926027800903 -374.074348295232 674.3291551183979 1098.1876543440342 651.278072966589 -506.1053282732897 731.6294356404478 1078.5957342228514 538.278714177775 -539.902907648013 751.9232825233655 1089.3224115863516 555.0846299220515 -566.9602586483863 751.6536196976423
1390.0016359619212 0.0 0.0 8.538526667780486 10.262031905866149 0.0 4.269263333890183 5.692351111853578 12.158867304834875 17.077053335560503 5.692351111853425 5.692351111853465 12.158867304834825 7.115438889816652 12.158867304834791 12.158867304834562 5.692351111853518 7.115438889816754 12.158867304834827 4.269263333890532 12.158867304834617 5.692351111853389 5.692351111853646 4.269263333889825 0.0 8.538526667780717 10.262031905866253 8.538526667780108 4.269263333890054 5.692351111853699 8.53852666778037 4.2692633338903 7.115438889816916 4.269263333889976 8.538526667780422 4.2692633338903025 4.269263333890304 7.115438889816678 5.69235111185368 8.538526667780065 7.115438889817059 4.269263333890329 5.692351111853501 7.115438889817017 4.269263333890242 5.692351111853573 12.158867304834818 5.692351111853772 3.9846457782976685 5.692351111853634 5.69235111185347 5.131015952933358 5.692351111853458 5.692351111853594 10.262031905866145 10.262031905866559 10.26203190586627 4.269263333889873 4.26926333389025 4.269263333890511 4.269263333889995 4.269263333889811 4.269263333890027 4.26926333389011 10.26203190586637 0.0 4.2692633338901205 8.538526667780118 8.538526667780278 4.269263333889794 12.158867304834791 4.269263333890251 0.0 5.692351111853684 0.0 12.158867304834947 7.115438889817025 5.131015952932674 5.692351111853631 7.115438889816793 5.6923511118534895 7.115438889816883 5.692351111853407 7.1154388898167715 5.692351111853465 5.692351111853494 4.269263333890042 2.9884843337228117 0.0 4.269263333889763 8.53852666778016 4.269263333890334 4.269263333890307 5.692351111853571 4.269263333890161 4.269263333890235 4.269263333890368 4.269263333890152 0.0 10.262031905865971 4.269263333890325 5.131015952933486 5.69235111185352 5.13101595293296 5.692351111853506 0.0 5.131015952933294 5.131015952933519 12.158867304834821 12.158867304834683 5.692351111853519 12.158867304834766 5.692351111853635 12.158867304834924 7.115438889816983 10.262031905865967 5.69235111185354 7.1154388898169785 10.262031905866028 3.8139247539750105 5.692351111853588 12.158867304834844 5.692351111853403 4.269263333890245 7.115438889817016 4.269263333889921 5.692351111853699 5.692351111853404 5.692351111853492 4.269263333890198 12.158867304834786 12.158867304834581 5.692351111853583 5.131015952933381 4.26926333389031 0.0 4.26926333389001 10.262031905866362 0.0 4.269263333890078 0.0 1055.8624813842177 554.4420235621858 -531.3961376988681 746.1842123961698 1085.6347436755473 545.3555429145224 -505.0018772648963 719.5770058885182 1059.8477692721906 515.0794884192414 -555.8200282438665 751.2290924321613 1069.5158741258526 547.8930095953901 -537.4021326906578 742.6114519179459 1061.544538681114 543.0967626651385 -383.3913350285811 681.180012305035 1079.6658145615297 560.3540218095354 -426.78137589164646 694.4714993089547 1094.984398800326 657.8819167242538 -379.8930071605577 687.4941986835023 1070.5395471715588 594.2747137893738 -518.0076772005459 738.9740266153883 1103.8827322820412 620.547055223003 -580.1091016578446 755.8623206101166 1065.9769585223905 545.4147507599922 -568.3325016773214 753.3412754465037 1064.4504225130927 555.0268968392242 -481.9377928627199 712.3547631999775 1106.1582985379894 606.8503580788439 -422.94545663723085 684.7381336073499 1057.4682369069988 509.48324233166073 -402.2372450373899 697.3687021723946 1062.22670049395 528.6554450116766 -425.01820096792744 691.169343992201 1083.9468854579025 668.6883064367798 -472.1109308510572 695.0096744099178 1091.3776498363252 576.5181070794074 -572.0499178563779 757.8308599239722 1104.3389260884232 566.338723745552 -593.7781022565888 765.1774963696583 1107.7570948949465 576.8104469335137 -470.2149088160297 697.0384579693441 1051.6000296741863 519.375433647656 -528.0903754542807 741.5995345588807 1084.7919587737904 685.5576328316644 -450.0964894413793 706.7735949641689 1091.1146938324603 646.1611457828584 -443.9179297040271 697.9943962902373 1074.70380596218 681.5334648018991 -359.39571890576383 680.5046168951686 1079.1036452525684 569.7091248478812 -378.7607935800774 681.430217520813 1100.6790308178088 558.2559655675688 -600.0814353421827 761.1772721559638 1095.8555087436098 639.7311763444302 -411.19183938209574 683.6893852008461 1094.463944156853 574.5485372886816 -414.922510506874 690.0246057517251 1085.2047196226852 568.6182805444649 -559.4123028780303 755.518282685585 1055.9637702776483 522.7200882950964 -392.4465744296774 682.6525381401382 1083.258281536598 677.5151331496595 -399.1552335925352 691.8271710811887 1077.150990595626 576.2976373135361 -487.68453401920686 709.008761368694 1093.3345248807793 625.1352065272588 -399.2855055338731 681.7547470925289 1099.935023286256 598.7668063906921 -387.34364974708643 686.6738424080058 1108.8190749839903 596.1350240005293 -361.45383624482474 671.9313574855634 1091.0056307679731 636.0262885183218 -540.8365652520844 747.8247543486927 1066.673680305186 521.9930115768035 -512.6826862172879 725.7815319808466 1070.4377729495998 533.1476716575507 -372.0500324268371 674.834744381648 1096.9669898109837 632.1675156174715 -503.33600900388547 727.0708483802979 1083.1239027786448 706.8621902505427 -413.53493910467654 695.525050295897 1081.703257631199 697.3348305608181 -454.2628702885497 689.1859547737358 1057.6618612250386 532.6572572596343 -465.50868957827095 691.3786133480801 1100.8375205525138 629.7639261186076 -462.2142211701204 701.4209036955298 1073.089816778484 581.9120373655593 -396.17241261781413 695.069187914463 1093.0730280015923 562.9119753260508 -430.52730636228773 697.6671403735938 1077.7936116635155 708.5795626564337 -529.6533111448193 751.3192467318152 1103.0960867838528 607.3264919960199 -419.73322865249105 694.7950721326819 1075.5758684779196 545.3546800412681 -498.3943130999871 714.6939037207427 1096.2615826457784 646.1075832569808 -442.62012693727655 702.0674467325068 1057.686197299442 545.1701987420623 -538.8143521326075 751.5034153516176 1096.4036923465312 606.8178880554649 -478.75739338185434 700.5149373240835 1100.8914292321576 573.7040660546745 -465.4695441867436 708.0317684494896 1088.1343847178873 665.0427270170493 -371.1841285215362 684.0862923161574 1077.3419980139226 694.9843875573448 -460.1232443158825 695.5904612044628 1058.4649796001145 537.8799202231605 -499.41527092900554 724.1650685278611 1087.3140230796769 643.4826901649154 -526.9180308425166 737.1019413221788 1082.616903248547 660.4278793194477 -376.6484441881598 675.1232484657583 1107.223229635306 589.6724713470355 -366.3624591687191 678.3174448555106 1086.1725178063298 654.4045110511028 -493.95704896024904 705.675906698135 1098.3074329514664 636.3386951415515 -436.7840485041172 702.5655589580028 1103.7308046698995 582.2755073638282 -483.3178611148666 706.7225762359781 1097.63649454244 569.6804751739674 -451.9199132903415 698.4445386949601 1065.3376463456736 534.6895158217292 -548.8294286041798 751.6835869415938 1098.6900776172654 615.4536629872346 -519.373596094702 733.4119637113599 1078.9115811974966 535.9234277989807 -587.7932966647758 759.0111046958876 1089.922846816965 552.8106284805024 -476.4123797449329 708.2144580225918 1062.0829765400547 511.4662828899261 -506.27552038477063 713.8736587444707 1075.834383689458 590.6420031117475 -439.8246097959603 693.8405280191237 1078.794040261737 677.9721060002323 -387.51465523889584 678.9897290833857 1089.2766869411457 659.1031176232307 -509.9109600945127 732.7023899244491 1080.8729729081292 552.7883205437934 -551.5264559226467 757.4253213274395 1085.3083843956292 559.4475998450193 -575.7682943134062 748.9038600592654
1400.0016359619212 5.131015952933165 5.69235111185372 5.6923511118534496 12.158867304834779 5.692351111853392 5.1310159529332156 4.269263333890202 8.538526667780507 8.538526667780017 5.131015952933125 7.115438889816891 5.692351111853541 7.115438889816737 7.115438889816992 7.115438889816938 12.158867304834807 12.158867304834928 10.262031905866271 4.269263333889843 4.2692633338902235 10.262031905866426 5.6923511118535615 7.115438889817213 7.115438889816937 0.0 8.538526667780129 0.0 4.269263333890134 0.0 7.115438889817016 5.6923511118534815 5.692351111853705 5.692351111853676 7.115438889816706 4.269263333890237 4.269263333889974 8.538526667780564 5.13101595293321 12.15886730483444 12.158867304834779 12.158867304834558 4.269263333890312 8.53852666777991 5.187300813302338 4.269263333890061 12.158867304834697 4.269263333889965 12.158867304834859 4.269263333890408 5.692351111853479 5.692351111853517 5.692351111853655 5.692351111853657 5.692351111853443 4.269263333890211 10.26203190586624 4.269263333890396 5.692351111853495 5.692351111853508 12.15886730483478 12.158867304834626 7.11543888981698 5.692351111853613 7.115438889816998 7.115438889816858 11.38470222370696 0.0 8.538526667780227 4.269263333890092 7.115438889817069 4.269263333889873 4.2692633338901365 5.131015952933437 4.26926333389007 3.9846457782974047 5.692351111853508 9.000397377424353 4.269263333890188 8.538526667780513 4.269263333890272 0.0 5.6923511118536245 7.115438889817101 12.158867304834642 12.1588673048347 5.692351111853541 0.0 10.262031905866037 4.269263333889872 12.158867304834736 5.692351111853419 5.692351111853503 7.115438889816985 4.269263333890124 5.692351111853606 8.538526667780225 5.69235111185344 12.158867304834795 5.69235111185343 12.158867304834697 5.692351111853383 4.2692633338900405 8.538526667780053 4.269263333890231 5.692351111853456 12.158867304834738 5.69235111185337 5.692351111853425 5.692351111853554 4.2692633338900725 12.158867304834795 5.692351111853564 5.692351111853705 0.0 5.692351111853616 0.0 4.269263333889823 5.692351111853595 5.692351111853332 5.131015952933154 5.692351111853541 8.538526667780129 5.6923511118534815 4.2692633338903 4.269263333889783 7.115438889816738 5.692351111853411 5.692351111853451 5.6923511118537 8.538526667780353 0.0 8.538526667780186 2.8461755559267647 7.115438889816805 5.692351111853309 5.692351111853529 5.692351111853678 12.158867304834944 4.2692633338902874 0.0 1063.3028421048627 563.853280867388 -546.8540598182473 752.6578844160925 1082.3403268857023 554.5538898508964 -520.1826934465836 729.953474062776 1063.2873128687677 534.3359460168751 -564.0811323189441 750.7686642209997 1072.8799814619854 562.5084078465451 -548.8981019574229 745.5430450945709 1060.293496902087 557.2577692649924 -399.1260782106995 683.978995967637 1082.0115034640276 571.7520342826805 -441.14631365669277 701.4780593765817 1089.175045277342 667.9442522282739 -389.2541452451358 689.416049055431 1081.5394820946879 611.5701076499789 -530.8291435895147 746.0842893754055 1094.8864990517593 635.7579005704515 -591.1711836741679 757.0097976027768 1067.3990864081663 555.8487448742077 -579.1555706451107 752.1661960467344 1065.7239845029774 566.2538425461045 -492.6804571803291 717.906104982405 1100.9891663430355 615.5561677225111 -432.76519946474707 690.3462133619558 1063.712543072741 524.1048702215089 -417.200763173703 694.7906282328296 1063.5173297942113 542.2414432287434 -438.2479840314213 696.5813128371443 1075.4257619355594 679.7611517078362 -488.7984029106322 699.8936093660349 1087.1270111209028 591.9524581758221 -583.1116726549343 759.0904711593456 1105.3381794635968 577.6011914613248 -610.1887804298794 763.6012729708957 1107.1805986408594 589.5231419826181 -482.8570655687431 704.4539148458406 1060.414765682728 529.5108958878177 -546.1192235091389 747.5391402692167 1080.5408079713793 699.1906874334857 -469.65767967731443 707.7019386272168 1086.8356306210983 660.6092376030232 -452.1586396111495 698.0457663059445 1080.2764641801189 689.2531899037888 -369.60560955145934 680.0141273772645 1080.4472157794837 579.39497322244 -393.7285858157951 686.5055222566664 1098.266947345526 569.1252507024349 -615.8165763999178 760.5682341061457 1090.8133196749177 652.4059493090472 -418.345490151531 687.2526042632101 1091.977571466801 586.0867633665882 -428.4700832481438 694.376731574841 1086.1155332223846 581.4302856230596 -567.6512634908348 755.0104752026062 1056.9603530308377 540.9999855066386 -404.0720756547065 690.2646132569517 1084.1607059998532 689.862431332348 -412.6605783768435 691.2597931544298 1080.5388597957383 589.3528229982776 -500.3849017440841 716.330788496264 1089.3881171043727 638.850796351868 -409.4295954202999 686.3516777919065 1096.8698974591464 609.4512010107005 -398.58046427774565 690.4391981915702 1102.0198363691334 607.8143260684659 -369.65052706489485 677.28285992636 1091.4235045255846 645.8105910182032 -554.6793183158352 751.2793772853087 1068.337365677811 531.6173251198429 -522.7047803483342 737.1376433815802 1072.0734296793146 542.0273912313105 -382.11100818497374 682.0512011220933 1095.9438639289474 643.2764975087192 -513.0453353015981 733.4784558603014 1082.5672811616791 724.0724463860156 -421.0142084626025 692.9406990563244 1088.3833682544519 710.9740500911405 -462.317725652342 695.3393509655506 1062.1182989354784 550.4887538882339 -477.7934890162236 699.9682607207775 1098.8247586921052 639.8564868062078 -477.3692426239518 705.9075401619369 1077.518386906073 596.658483993607 -409.3134922391591 695.6408259666355 1090.5570773516217 574.5571317734601 -443.0436080138214 705.3121739833056 1083.5982545383642 714.733863810124 -537.9093682494819 751.0205971082927 1098.5756392252038 622.55985542171 -432.9409869877018 700.2287875414246 1074.6827638382574 554.7961883830925 -504.07249056760116 723.6801162280437 1093.1679098751424 660.8017305242356 -458.84157559032474 705.7725284434687 1056.2669211806901 560.9413899055479 -551.7536737101088 758.417932154792 1097.2026471603085 615.7789296108652 -490.89184213891883 704.0342885728709 1100.5353099457702 585.6101102957588 -472.05113520001635 713.6775436169963 1083.9256150474741 678.6923036558348 -379.4267449193143 684.409851719071 1085.695855339966 706.566294942061 -469.335438284533 702.0436532286449 1057.0148247898317 554.4220895427381 -509.7569980835746 728.2830250012095 1085.5233818017784 651.9959769404225 -538.2269162733694 743.7576919152344 1079.7433846242996 673.5583052519419 -388.6204476167377 679.2222662679752 1102.1598602393076 598.4788235589435 -374.6101024944682 678.6518209481011 1081.6818829162373 663.9439917608826 -503.62698541906894 712.1245583692582 1096.7961936487486 649.7391990340465 -450.3654663546483 706.772082202406 1097.6175933847774 590.9423172860952 -495.90218393577516 711.5827724649047 1093.1468020171749 577.0958329457856 -463.6970880071502 703.2351779710676 1065.3253475909262 548.9620109118778 -559.049150487023 756.5974883229911 1095.1575814007222 627.6690361640483 -526.6917892776337 742.7511305574149 1077.0403068844803 543.6927077377022 -599.9381909276535 762.7086854765129 1089.9206373247969 563.9358209495389 -483.7726161383986 714.0542220491953 1065.8254754717875 527.5310876113203 -514.6987622418148 724.8584172483539 1080.8255645242564 599.916447370012 -452.5429264840036 692.7954874503728 1081.7125658792781 686.717728998759 -403.26251339736706 681.773073870319 1084.608682648378 669.4136417184964 -519.7752330312825 741.5583704959353 1082.2686306284888 562.4759722466542 -564.1364221744064 759.2131606296047 1085.4704085499134 569.0051972513329 -586.8253265627274 750.1260148370059
1410.0016359619212 7.11543888981686 0.0 5.692351111853484 7.115438889816992 4.269263333890367 5.692351111853677 5.131015952933044 7.115438889816872 5.692351111853765 5.6923511118535775 4.269263333890496 8.538526667780129 5.6923511118533945 10.262031905866184 7.115438889816951 12.158867304834988 4.269263333890236 10.262031905866122 4.269263333890228 0.0 4.269263333890264 5.692351111853564 8.538526667780552 0.0 8.538526667780161 12.158867304834619 8.538526667780358 8.53852666778031 7.115438889816856 7.115438889817094 4.269263333890128 9.000397377424404 5.692351111853521 8.538526667780538 4.269263333889851 4.269263333889974 7.115438889817161 4.269263333890268 5.692351111853707 5.6923511118534345 5.69235111185342 5.692351111853501 5.692351111853524 4.269263333890021 0.0 5.692351111853564 4.269263333889953 5.692351111853665 5.131015952932736 7.115438889816864 4.269263333889781 4.269263333890194 5.692351111853756 10.262031905866321 0.0 12.158867304834688 0.0 4.269263333890083 12.15886730483468 5.131015952933005 5.692351111853379 5.692351111853604 4.269263333889858 4.269263333890033 12.158867304834875 10.262031905866218 10.262031905866031 10.262031905866209 5.692351111853682 4.269263333890125 5.692351111853599 4.269263333890086 12.15886730483473 5.1310159529332395 12.158867304834649 12.158867304834649 7.115438889816735 5.6923511118536245 4.269263333890381 8.538526667780104 5.692351111853334 12.158867304834782 8.53852666778041 8.53852666778021 5.692351111853513 0.0 0.0 5.692351111853438 4.269263333890251 4.269263333890274 5.131015952932765 5.692351111853361 5.6923511118536725 5.692351111853417 12.15886730483487 7.115438889816856 4.269263333890097 0.0 12.158867304834665 5.692351111853505 4.269263333890193 5.692351111853468 8.538526667780214 0.0 10.26203190586646 5.692351111853757 5.692351111853795 8.538526667780415 7.115438889816962 8.538526667780143 7.115438889816898 8.53852666778029 10.262031905866323 5.692351111853474 5.692351111853453 12.158867304834818 4.269263333890533 5.692351111853516 4.26926333389052 10.262031905866394 5.131015952932742 7.115438889817121 4.269263333889881 8.53852666778032 5.692351111853455 4.269263333890251 4.269263333890228 9.546363028425757 4.269263333890166 7.11543888981711 4.269263333890007 4.269263333890189 4.269263333890035 4.269263333890192 7.115438889816864 12.158867304834635 5.692351111853536 7.115438889817062 5.692351111853685 6.7021931019451015 1068.2148385070752 583.5145615212406 -556.286475056824 760.9643471742953 1082.6654577735678 562.5366823644846 -533.6798285131637 740.8142365199448 1064.949042605446 542.4484946745325 -572.8725590537608 755.1248268917128 1076.718076505407 570.8895914164717 -561.2072682947494 752.0766419317791 1065.6930178459747 573.683559303446 -411.51125095986475 684.2619186199441 1077.543423952116 579.1234652690381 -450.5610233350162 703.0959558531941 1085.6331091325997 678.4970435428755 -400.9112602370284 694.4849811454714 1089.5786892565995 626.0240868836025 -542.5294952736873 751.4296678228245 1093.4666963524141 648.4004355552994 -599.5795608341114 763.4728802544503 1072.2308636702567 566.6919211626529 -585.1300280031014 754.6098008555582 1072.8907956632413 576.6217953728733 -501.49483570115166 721.5916997003793 1099.635995488707 622.5180952922675 -442.6530926731752 695.8670827650395 1062.9430970347432 533.5900087983007 -430.41488904535436 700.1765633336753 1063.506220540521 554.9251517495096 -449.53134389529646 697.5238634132494 1076.9656249730601 694.6821720602112 -500.3220691619667 705.6309296975855 1089.353612442676 601.1092026318711 -591.1107671622142 759.4967035210323 1101.4426443472967 588.23533978312 -620.1818087781438 761.8348538436691 1100.7521559757656 599.7162305765789 -493.06166467095835 706.1464307377084 1058.287901420929 540.4667549273179 -553.0007912431125 752.8498596408174 1079.8061345307117 707.9369684399205 -477.24900371702927 709.9137736849517 1083.3107037406694 671.1602535545774 -466.6427334894586 704.824117346493 1081.6863881414874 699.2872267202764 -380.47972630232533 679.9357179491027 1083.3155354329194 594.2129089504092 -403.8641293449818 686.083126693017 1098.8483183946691 573.9903391496716 -630.5645123728654 762.5491900598914 1088.794916960639 667.329748780345 -434.15058750348834 689.7263462023752 1089.6690659677565 593.7320299634927 -433.3451045761409 694.649981502154 1080.533344204458 587.0231308763464 -577.733474596615 760.8010023458127 1059.6994079747312 549.9653912277079 -419.8755938537748 692.8359497937339 1089.513382670188 704.0143615570918 -422.5005464592437 696.8768088724968 1085.9299148173973 601.3050030226333 -509.7957536471351 723.8554794793705 1085.6188269932043 650.9843804645778 -427.0797922164201 688.2406742246403 1094.1760448094262 623.442107549338 -407.56668922349803 690.8704923069582 1097.6361103464158 618.2521316715352 -382.04009938638467 675.22638031659 1088.6028627047497 658.9568119297759 -562.3843096004225 756.6850054032249 1069.226362501591 548.3643530193324 -525.9222559982762 740.4160330592103 1071.8686257496736 556.3221516975584 -395.22672886376154 687.6801209551987 1092.890964814686 657.5885824191222 -522.6664499997842 737.2572406262603 1076.5516594706457 736.3394892654028 -437.0216698591202 705.3754307011898 1081.6889021949453 719.2017182452124 -473.77988534554015 701.175075985366 1064.3959906908935 563.4427195325188 -487.6705207326405 702.8240885119693 1098.0306622729022 649.3905393283965 -488.88136509354496 711.6746902525709 1085.6780167583872 605.9388589651428 -415.74738884795875 698.9354250411213 1091.642051819997 584.2532667112072 -457.30240760372584 707.266781658238 1080.8454824715125 727.0803764851685 -551.4627007684202 755.5047294557523 1095.5955291570287 637.2716293844834 -443.4579095848551 700.9631647479614 1076.0388521152809 564.4924180402883 -512.2949086469017 729.6044488777954 1090.132370805347 674.7027154261774 -470.22274523193613 709.1180624211441 1062.6396022117992 579.0785331623596 -566.4161754352866 761.7589921206568 1095.2351003663198 625.8560925244686 -505.78743439717323 709.4670380326145 1098.7303569189091 597.33003749719 -483.0217318031206 715.5973260954768 1081.0535660211992 686.1515408191602 -386.9245924598324 686.9128027313091 1078.6573940922594 716.3373994375012 -480.5237891927555 700.363878597305 1057.9124218038041 568.7988442542965 -517.2311440631145 733.9753156844904 1082.6868439455072 659.4704214001339 -545.0732355490916 749.1077741801603 1077.345340542662 684.3639838345281 -396.13843886540906 681.7109456286435 1102.2413127866428 611.3493951790563 -389.97998145606687 682.579316595458 1076.986012088741 674.2396410856609 -513.0414834613811 719.634221900583 1094.9615192368021 663.9001435771996 -462.44209104917246 705.0117609309706 1094.6971398316643 601.658000866805 -506.2345386742825 715.6889294579461 1097.753682248136 587.2762613676105 -480.73083591758666 706.9752846730822 1067.5946487701542 561.890047142963 -568.3231560055436 758.6840762008629 1090.4636089861715 638.8253014442511 -537.629137412269 747.9565490418456 1075.0843221368268 551.4494623406072 -611.7156630831568 760.1089002565993 1090.1567689162762 571.9324658756092 -490.30016302481414 717.1407690392499 1072.2668088370074 536.0121590576476 -525.3762218577991 733.8713051629221 1094.182811014272 613.5283777576079 -459.9359703986807 701.1869889849444 1087.9252764644395 697.0105218343388 -415.0873741293225 687.3299618758105 1082.221164804312 680.2227072629491 -528.0645477804447 747.3670792345595 1079.8264816627575 573.3469350095878 -582.9163219636902 762.0650190548303 1084.1006841109993 579.9867867721515 -597.9897880068274 758.3462106469841
1420.0016359619212 12.158867304834937 5.6923511118534496 5.692351111853696 10.262031905866282 0.0 7.1154388898168675 5.6923511118536 5.131015952933213 7.115438889817023 5.69235111185347 10.262031905865976 12.15886730483475 12.15886730483473 4.26926333389006 8.538526667780097 12.158867304834681 5.69235111185363 9.000397377424363 4.269263333889775 7.115438889817041 5.6923511118534265 5.692351111853432 5.692351111853483 10.262031905866138 5.69235111185348 12.158867304834795 5.692351111853619 8.538526667780156 8.53852666778032 10.262031905866298 8.538526667780092 2.846175555926958 5.692351111853408 7.115438889817152 8.538526667779987 12.158867304834805 7.1154388898169865 5.692351111853476 0.0 10.262031905866223 0.0 12.15886730483485 12.158867304835079 5.692351111853459 4.269263333890025 5.692351111853517 5.692351111853531 12.158867304834956 4.26926333389026 5.6923511118535775 5.692351111853683 0.0 4.269263333890327 0.0 10.262031905866266 12.158867304834683 5.692351111853408 8.53852666778016 8.538526667780246 5.692351111853546 12.15886730483469 5.692351111853645 5.131015952933422 4.269263333890239 7.973145106099932 8.538526667780435 5.692351111853523 10.262031905865962 10.262031905866554 4.269263333890119 4.269263333890136 5.692351111853426 5.692351111853645 12.15886730483469 2.9884843337233424 12.158867304834773 4.269263333889956 4.2692633338900725 4.269263333890147 5.131015952933032 7.115438889817107 4.269263333890091 10.262031905865916 7.115438889816878 5.1310159529327795 5.692351111853647 0.0 6.954786538717273 4.269263333890312 5.692351111853583 5.692351111853485 4.269263333890106 8.538526667779905 4.269263333890094 8.538526667779992 12.158867304834732 12.158867304834747 8.538526667780335 4.269263333890095 7.115438889816983 12.158867304835095 12.15886730483485 5.69235111185366 0.0 0.0 5.1310159529332005 12.158867304834638 4.269263333890128 8.538526667780017 12.158867304834722 5.692351111853764 8.538526667780383 0.0 7.115438889817139 12.158867304834889 10.262031905866289 0.0 4.269263333890099 4.26926333389046 17.077053335560645 12.15886730483479 4.269263333890306 5.692351111853701 4.2692633338902635 5.692351111853691 7.115438889816997 4.2692633338898505 5.692351111853478 5.131015952932885 8.538526667780463 5.692351111853583 5.69235111185347 8.53852666778051 5.692351111853488 5.131015952932913 0.0 4.269263333889875 7.115438889816952 7.115438889816807 2.846175555926818 1071.2459966248114 595.151867265501 -571.722886941845 757.0059317329969 1084.236485570287 569.0977409461135 -544.5860575020608 749.4889856092757 1063.6410042288082 555.0193025770074 -582.6689197307612 750.5456844113979 1079.953308299843 582.4630640258225 -575.887851170559 751.5688131795386 1069.4407127440506 590.1693356558651 -422.0763276907375 687.5730651699644 1076.4189372260869 594.9614823047207 -464.227105669168 707.0946489138776 1084.5150605431825 694.4465723277347 -408.3760552958539 691.8840709445575 1091.135718909699 636.0389295872834 -556.3850835951247 758.2165471775155 1088.6357521397013 659.4855388980073 -610.2429504078135 766.6840240470896 1072.0098028644854 577.8001660296599 -593.9868253366018 758.7502114136759 1074.8862682022698 588.0614498177152 -508.2000851839237 727.0585282320419 1094.6493563519014 640.8573628661669 -455.03598183224364 695.8354079039483 1067.2912380331286 549.9251257693129 -446.2285445940113 702.4822594197559 1065.429241519142 569.4455124601369 -459.64499530680905 696.8027384708348 1082.7684918566465 705.6949686510632 -515.1146338073653 708.4281990094255 1089.2413691185186 614.7639382057596 -604.3113028264537 762.0134571980074 1099.4040490056632 600.7143298366781 -633.46234772082 759.4194843843272 1099.2570648622093 614.6782130570757 -506.77768084280905 709.9185502672298 1062.0384297460134 550.3855336296144 -567.1649165749809 751.089426637296 1083.998402857371 721.83185823347 -491.35362770336786 706.5013100679998 1080.1405523940718 674.5069074821303 -485.87612531902465 706.6323909066718 1078.5434791684825 718.8367003503222 -395.18984883240125 686.2295301799512 1084.4948385283437 601.5757469323843 -418.8976403132561 688.3499025701542 1097.5057862639908 583.35627571741 -643.0464910953577 758.9318444792842 1083.9190375265482 678.3944483118299 -446.93416318565517 691.1169812994639 1091.2833014383134 605.2321476780685 -446.96226950611924 698.7587335703968 1080.8152197014135 599.911992446458 -590.3768353381967 762.1072686781995 1065.3669351246958 563.3436815906699 -431.2539201007302 698.8344922488311 1083.6325788620065 714.0435569084017 -437.6016989249057 701.5088131656081 1085.27759423973 618.0905033102438 -519.1280257723927 728.7492922866375 1083.261084391577 661.7961093537587 -438.48054407971364 694.2097310124279 1093.9026967475022 630.6515046618296 -417.07207556606215 697.5968376372919 1095.8132510039522 628.9347941220719 -395.533925465409 679.6483803366573 1086.2270723238871 669.7649937534051 -578.836784696122 755.2892565620898 1069.367967738303 557.9168376153189 -532.4631287320404 746.9103960422177 1072.3363051495614 562.7374557413232 -411.72914208959156 687.9747295077204 1091.8493241628828 667.8801424907084 -540.0538456836576 742.7801850585862 1081.8542800534583 744.1638968226995 -454.7214889510202 706.9373283149697 1081.5483757344596 736.180731717958 -482.3612914618603 699.9311223244974 1063.0880304798725 574.4353527644356 -504.2993317772753 704.9942067092102 1093.363813214253 659.6987608336007 -494.97891850150546 713.3717203723156 1087.3648419030148 622.313063357586 -426.2661446373459 699.7031129986618 1089.0045708373561 593.4286766023264 -471.8707127832063 705.3183934444816 1075.4336427697642 740.4540584820686 -556.7675050169535 760.7707514861918 1093.9546724223603 650.6596128778683 -461.158808523422 702.4772726970257 1077.0072975019496 575.7541113732641 -520.8920008311144 734.2680634080192 1087.264009722207 682.1630634727643 -479.55577383493653 708.0917897249195 1068.2163098094654 599.0324516301008 -582.6395700749957 761.4667749786058 1089.8734454436258 645.7167301820673 -518.0164812351599 718.9022588775881 1099.4400226281853 607.0657570066743 -486.95959430081996 719.1609725443232 1080.7907539025034 698.2423039420584 -398.5872951243756 691.9240841608259 1079.7212136475212 727.9148066122171 -492.249202954559 702.4423586469308 1059.861309691342 581.7517271785017 -524.9924644914603 742.0605046239048 1077.987979720233 669.7668612144182 -556.89961486358 754.2251344056359 1076.2693892290963 694.65345206812 -407.0443150819853 683.9577058395508 1096.3141526504253 623.0746229944135 -401.99828125179556 686.4575483202984 1077.7174369132345 687.3592939194646 -527.1354834294176 728.1912526849685 1088.4242094719814 677.0292518534983 -476.782382458211 698.0522180847788 1092.5457131023895 613.3150296078716 -512.021992650454 724.6000599908975 1092.9777987472178 594.5105828237965 -501.17654279210893 710.2523542605965 1068.7194013879255 575.8365578871648 -585.2283738486408 754.9054941079961 1087.4727703219291 652.7352787725008 -550.1898652111888 753.3099692698395 1080.2718390721227 558.3896607956061 -621.4711230294346 759.487566478459 1090.9943593458331 583.2587821917216 -501.41861401914497 721.4294756210088 1072.111955470864 549.5167662513711 -531.1678595163487 740.2236202421166 1092.7957523462942 620.5027737673157 -470.04560402153567 700.4000007360543 1087.363014270752 704.98521335639 -430.18436764137135 692.0139611781793 1082.4381753786058 687.5604872753487 -535.9520640369861 751.7158591917042 1085.1838539487194 586.859861802058 -599.6484458624886 762.9223303179505 1084.1181282349294 595.9547210961239 -611.1977088476012 760.8397195311575
1430.0016359619212 8.538526667780388 5.692351111853609 4.26926333389032 5.692351111853668 5.692351111853557 0.0 5.692351111853355 9.000397377424646 10.262031905866134 7.115438889816995 10.262031905866474 5.692351111853428 4.269263333890248 12.158867304834843 8.538526667780534 12.158867304834706 4.269263333890176 7.115438889816824 4.26926333389045 5.6923511118535295 9.546363028425603 5.692351111853689 4.269263333889924 5.69235111185354 8.538526667780559 5.692351111853607 4.269263333890323 7.115438889816956 8.53852666778064 7.115438889817029 5.692351111853513 5.131015952933244 4.269263333890384 7.115438889816944 4.269263333890357 5.131015952933153 7.11543888981702 5.692351111853387 4.269263333890227 5.1310159529331525 4.269263333889785 5.692351111853485 8.538526667779996 12.15886730483484 5.6923511118535775 10.262031905866015 4.269263333890041 5.692351111853572 4.269263333890157 7.115438889816944 5.131015952932872 5.131015952932957 8.538526667780479 12.158867304834502 4.269263333890023 7.115438889816973 9.000397377424417 7.11543888981684 5.131015952933329 5.692351111853747 8.53852666778049 4.26926333389008 17.077053335560514 4.269263333890291 12.158867304834695 8.538526667780147 12.15886730483478 4.269263333889985 5.692351111853452 4.269263333890248 4.269263333889856 12.158867304834892 8.538526667780406 5.692351111853458 2.98848433372318 8.538526667780385 5.692351111853699 4.269263333889976 5.13101595293292 8.538526667780296 12.15886730483488 10.262031905866134 7.115438889816702 8.538526667780337 12.158867304834747 4.269263333890161 7.115438889816837 5.692351111853481 5.692351111853491 4.26926333389014 5.69235111185362 4.269263333890107 5.1310159529329 4.269263333890085 12.158867304834589 5.692351111853461 12.15886730483455 0.0 5.692351111853441 4.269263333890241 7.11543888981668 10.262031905866154 7.1154388898167635 4.269263333890218 8.538526667780125 5.6923511118537125 12.158867304834882 10.262031905866312 7.1154388898170335 7.115438889816878 5.6923511118534655 4.269263333890327 7.115438889816811 0.0 5.692351111853642 0.0 5.692351111853536 0.0 5.692351111853598 5.692351111853479 5.692351111853492 5.6923511118536565 12.15886730483485 4.269263333890046 5.692351111853514 12.158867304834747 4.269263333889785 5.692351111853525 4.269263333890135 7.115438889817 5.131015952933306 5.692351111853423 5.692351111853484 7.115438889817033 4.269263333889945 5.692351111853366 4.269263333889781 12.158867304834732 5.69235111185366 12.158867304834743 1077.2159418610536 609.6041770882313 -581.4821094103282 756.5181031213901 1085.696493324315 575.6909794282935 -557.7228869987679 752.3389871251906 1066.0068167593315 564.8553472035946 -595.0822532191074 752.9588984179388 1078.2292209299192 593.391124605097 -586.424483244686 751.2260778256862 1070.227466888807 599.9127391462441 -430.68491485916604 686.4822551757773 1078.56213706418 603.3485222182123 -475.5390383946829 707.8283886128416 1082.9219091692055 707.0514478865225 -419.2435551074137 691.511963601568 1087.3087275700248 648.1634551750843 -568.2531101210312 759.4953188469124 1090.0271102548306 675.1754826974029 -625.4540606713823 762.1338550915262 1074.3094113400252 594.1730601333784 -609.6316468121723 756.833703412044 1076.4441290211093 600.3573413533965 -522.2755710766187 729.4178233902962 1090.9750487658234 652.200695486539 -465.3294954925309 700.0343393807374 1070.0833879985366 556.6648618403091 -456.3271411031222 701.7332065133485 1066.9385275026716 584.0375521538509 -476.16058950144657 696.5876369449643 1081.6706288204912 721.1991041398703 -527.0755650652783 712.7406718707372 1087.0443279786634 625.6055868884264 -620.1323999594123 758.8344228784107 1101.9002625605285 606.8394415514017 -641.8481729576292 757.0678861025189 1099.4105186341767 626.0311211540338 -521.7702237808853 715.0747846166636 1064.525890034565 559.4625202791832 -579.0315817650084 752.258713095768 1083.7321068345307 733.9253761130109 -508.91496049117035 711.2646303640734 1076.5367742752999 690.7135693847226 -493.9514394913351 710.0769722310484 1080.9355676263126 729.9062367052824 -409.2134388728802 694.3663728963907 1084.462954199782 614.453793073075 -434.034333440595 692.9694166027979 1096.9053018527577 594.476900765243 -650.7942117723853 758.2778298979363 1083.316156312087 692.0284135162116 -454.18826142519885 694.4807847205255 1088.3276829819074 614.3231108692449 -454.0281444414432 697.1151868748192 1079.644744292173 619.0694846444112 -605.3735889637435 763.6968726955525 1067.7567306121753 572.4994511045031 -440.67625339251293 700.3976405629667 1086.0248857189017 725.1092074806411 -450.0607071011612 703.9583253787695 1089.854492533257 631.1597964801273 -528.4895234154142 737.1655177598203 1077.7393762608222 670.2897821451102 -446.89889325481175 699.1791450376797 1089.7650434966054 644.3295725391577 -426.7110748418379 693.1013730625141 1096.1691310199003 644.3637421567639 -400.945217961124 688.8394356173377 1078.6429507302412 687.5184057437078 -590.6914336872221 756.4028056480352 1072.245159941531 572.6664880151762 -539.8842999791237 749.831505847686 1070.2161134184205 578.3871828935404 -424.51876747089005 689.429099305641 1081.350266680986 676.8911032163649 -550.0477626519022 748.6673932009072 1083.0212901373523 755.2783183318463 -466.67432194369474 705.4398740505032 1079.930470322727 748.7800986713472 -492.27850233260835 702.6886044194308 1060.4286492728354 592.3874546102786 -509.9403620576682 705.275508945579 1087.3314505563399 670.5098712330017 -507.9524384499985 716.8392493006215 1084.7973162193991 640.356524853082 -433.39834780963275 700.6082578838735 1085.775664579464 604.912779626453 -482.2040021487412 709.4589605422558 1076.3930127906387 752.0002246594254 -569.1484522129932 763.361999278364 1091.582952123755 661.4703233826543 -471.9134446541408 699.378737017495 1074.664996015182 583.3767101622418 -525.3882933936935 742.6944069565998 1087.5183392735364 691.938628709868 -488.6374207532485 716.7628559342746 1067.8632754553119 607.8183517893856 -597.2849874849471 760.6639536442133 1084.856961981704 657.5707537370713 -526.3583945477471 724.6694243358216 1095.8580703063162 619.2395915576341 -499.1970815707496 716.3436104632733 1078.508232632129 713.9337569480748 -413.5819760976084 691.6454181920628 1077.7523519515735 742.0757332494501 -500.7809189269795 707.2225648487683 1062.6335334086168 594.9042564141268 -532.4186057024511 745.0273204750167 1072.4585400854696 678.2553394459117 -570.2552948926331 752.1781403442619 1077.5061565159438 705.4591081919792 -419.432366159353 684.0799954898234 1093.741688387114 635.4602115959218 -412.5186220085402 687.2622654454893 1072.4801160105062 699.9624369805282 -535.4196646404307 741.1795617531387 1082.8926610133026 685.5177415268967 -484.70490643745967 699.0433991732128 1090.9869184345682 621.0586863702197 -528.8953208472592 728.860698796497 1090.5982651339148 607.7536818134959 -512.0332137360838 715.5858002177845 1068.723066567824 591.8336591129392 -601.5311927652283 758.0135623039007 1084.244902098567 667.4049580679688 -562.3291967395816 757.1122752896488 1080.9796411750297 571.2164799963414 -630.2578060075729 754.8924397111912 1088.5724703508586 590.908595704558 -506.92940142381 725.3256095099479 1072.566511140652 555.9351613492679 -543.9706172477693 748.06216599647 1091.2282098431224 633.9156611707322 -484.1854157747142 705.601731889867 1084.9542716971996 715.788405596195 -443.3425143767582 692.222060035342 1088.1343889381342 700.1694495297086 -550.0910754499198 753.6843092568281 1085.7134216924896 598.1932636762685 -614.289746061036 761.9735530930527 1081.781176525265 609.2360879901032 -627.988939934024 756.5136640105583
1440.0016359619212 10.262031905866172 4.269263333890198 12.158867304834715 5.692351111853471 9.00039737742492 5.6923511118534815 4.269263333890431 4.269263333890278 5.692351111853312 4.269263333890356 5.692351111853627 5.692351111853588 5.131015952932664 4.269263333890231 5.692351111853411 7.115438889816968 4.269263333890198 17.077053335560464 4.269263333889783 8.538526667780113 5.692351111853699 4.269263333890046 5.1310159529330415 5.692351111853627 12.158867304834779 5.692351111853503 8.538526667780255 0.0 5.6923511118534735 8.538526667780237 12.15886730483472 4.269263333889969 4.269263333890141 5.692351111853623 4.269263333889731 8.538526667780486 4.269263333889848 4.269263333890151 8.538526667780012 17.077053335560645 7.1154388898170335 5.692351111853631 10.262031905866552 7.115438889816946 5.692351111853748 12.15886730483493 4.269263333890096 2.988484333722986 5.692351111853426 4.2692633338901125 12.158867304834764 5.692351111853575 5.692351111853773 7.115438889816862 4.269263333889868 5.45455174304308 7.115438889816876 4.269263333890207 5.692351111853659 5.692351111853528 5.6923511118534895 5.692351111853594 4.269263333890408 4.269263333890007 12.158867304834603 8.538526667780317 5.6923511118534735 5.6923511118537204 4.269263333890078 5.692351111853764 8.53852666778029 7.115438889816936 5.692351111853644 7.115438889816794 4.2692633338900405 12.158867304834756 10.262031905866461 5.692351111853495 7.115438889816756 7.115438889817126 8.538526667780538 5.692351111853505 4.2692633338899695 0.0 5.692351111853627 10.262031905866248 12.15886730483474 7.11543888981704 4.269263333890336 5.692351111853584 5.6923511118534265 4.2692633338900166 5.6923511118536165 4.269263333890168 7.11543888981694 5.131015952933084 8.538526667779966 5.692351111853444 4.269263333889961 8.538526667780332 7.115438889817056 10.262031905866253 5.692351111853606 5.692351111853553 4.269263333890449 5.6923511118535695 5.692351111853445 4.269263333890193 5.131015952933417 8.538526667780449 5.692351111853673 10.262031905866259 12.158867304834688 4.2692633338901045 5.131015952932865 5.692351111853577 0.0 7.11543888981707 4.269263333889838 4.269263333890189 10.262031905866419 4.269263333890299 5.69235111185354 5.692351111853488 4.269263333890142 7.115438889816809 4.269263333890024 4.269263333890097 8.538526667780644 0.0 5.692351111853606 5.6923511118534345 5.692351111853297 12.158867304834725 8.538526667780564 10.262031905866204 5.692351111853622 7.115438889816759 12.15886730483475 5.692351111853626 1072.293380053269 622.3528884119154 -590.8292657294269 758.2606087861267 1085.9904824531504 588.5614503797834 -568.338885468945 755.6946190808948 1062.3989571568954 573.0877505062228 -608.1342752139496 751.6548628302739 1081.2448356644147 603.6046259320285 -596.5556446154054 753.079106883061 1068.2090230041244 617.2324344286948 -447.0371339016718 692.5547197045934 1076.9071782490869 618.3012821097145 -482.2295280579295 713.3435216688559 1080.0164238308373 725.0281810225421 -435.4119239918648 692.6435855845037 1084.5906747021781 660.5183181987671 -583.5626426175692 755.2460963053909 1086.4680493259655 685.7226470108452 -636.6606442263204 756.5618289570956 1072.7256951017966 596.2996260473465 -620.000423664776 757.3479719882464 1072.8046635502847 613.3168150345831 -526.8152824998446 734.1489826128894 1091.2119319408937 667.635588361401 -475.73684968423214 698.0002352455698 1072.4048552599709 573.777097333759 -472.4233680132412 708.7288818471501 1063.6766924295996 596.3739742976643 -489.8908204346168 700.3592436540525 1079.1252387870834 736.8356156696875 -541.206307767873 721.6791543969144 1087.3921813240117 635.3745680434085 -626.549958805905 753.8419724492859 1098.0416404460277 614.1253944836501 -649.6879817909451 758.0855244281358 1095.2976273203267 639.7053794942847 -531.0032407886616 717.3479972837468 1068.4104685657408 568.002639018222 -587.0403945301739 752.5613399857153 1084.1430089819094 742.127818833103 -526.0684774903348 714.3586942867511 1077.7623779605938 701.5297602568238 -509.8935155483318 717.9088129556046 1073.8090181124203 743.4544218776674 -423.0337837774879 692.3713087984299 1081.5432779849737 629.2582126176297 -449.21222750906685 697.4076089356239 1092.556368074071 598.5185225327036 -656.8252438118463 762.2662921931031 1080.9234012712193 708.1015297908457 -463.62242685018543 695.9228372945697 1085.6425501267656 627.4893942849181 -472.58544500082155 703.3529571858099 1077.9151894859124 633.2473503390237 -616.8654625587633 762.0247245788057 1069.0239606894722 587.1380889493391 -454.5363740848502 706.5202670864367 1084.9722022192534 734.5904105810074 -462.75474026990287 702.65164832549 1089.679170908839 643.2530371735824 -536.4575660245928 737.7757529339905 1077.6518998527993 681.6091028547177 -454.6100579717808 703.8572172014425 1092.0343353794535 656.1566766809777 -439.58190541393043 696.9254155677504 1097.9039466864015 664.1646567188022 -416.6210985267626 686.2054114878815 1081.0291859264296 698.5879283359409 -602.1663102140543 759.6435300503898 1068.0080622683827 576.80325214757 -553.0540268951557 756.283159831208 1065.449185405093 592.8637602228948 -440.3193141455978 690.4167682518889 1079.930049565538 688.7234387765093 -558.3358016688933 751.6332561563272 1075.551044299252 770.1189652970611 -481.792424029864 707.1446120667474 1082.7472503434692 760.2916491667364 -502.6796775941626 712.7921303882795 1061.4707506582963 607.0193953239494 -519.7951523971441 711.4545060843282 1087.6339231200357 674.6239668182325 -516.77097849498 714.1751658622893 1086.5979000760062 648.8315220717903 -444.1256894026234 706.2165633033746 1085.703390108021 617.7842046825772 -497.32002879117545 717.2170931061949 1074.2040509882343 762.8790949881906 -576.6826657175017 766.0480005825613 1086.0591875113294 669.9641862897049 -482.90052124478666 701.1805941383864 1071.2706340275304 589.2132796645244 -533.3749929940458 743.2892369136671 1086.604414821468 701.4577419634792 -499.0359965031956 720.7459203372491 1065.2389338876535 627.420920883447 -609.1657163683748 761.5451829334404 1082.8073518425906 666.8369113160232 -532.7836255685828 724.959906143935 1099.9052654940074 628.9662706873784 -506.69686948440193 721.9739287198337 1077.2197973186637 729.8875302319914 -429.6529655291105 690.3160357830532 1079.3072577522214 753.9541322532865 -508.90617022851063 710.5701318531306 1069.8759284157022 608.2543576771666 -545.5511465650491 751.5808847825391 1075.0247573585089 688.5464725309033 -579.4590285526648 750.3515750086418 1079.6383651032809 720.5236718702467 -429.1852137489349 684.5400637036934 1095.5308022438196 655.2568360827147 -421.10906123105195 686.1536388616258 1076.096762393575 716.1614500803624 -543.4650570818343 745.0611150878588 1084.6422594413432 694.0103352540534 -495.3697837907266 708.059636660691 1092.0881401706242 631.5523426729233 -547.6007443910828 739.2387005510881 1090.1432900844784 610.0796342476589 -525.0122285992041 722.4806786812023 1068.09740617237 602.1783658021631 -614.1871527177801 758.9939123026991 1082.015603140932 677.4386844860054 -571.1677907459919 761.2883129524031 1081.8976093445287 580.9538957296427 -648.0035519476373 753.7823433203647 1085.1301348128395 596.7395139570788 -515.4659361024942 723.811957795685 1078.9369645762977 564.7846927746144 -548.8741521403456 747.9260332605365 1096.3356992508263 649.5760522333604 -493.1838785253258 711.7056812953788 1084.3583531471527 728.6385565119245 -458.2076587929315 697.7333634711102 1086.1530043692742 714.3407238549485 -559.6231232841156 754.4427484196966 1086.2998697163216 607.9470603222846 -627.7320607789192 758.1072243700283 1080.6327232138722 624.8039732306547 -641.0466445147844 754.7983749922939
1450.0016359619212 10.262031905866106 10.262031905866246 4.2692633338901596 5.69235111185343 7.115438889817136 5.692351111853428 5.692351111853658 5.692351111853505 12.158867304834812 8.53852666778022 4.269263333890092 7.11543888981688 5.69235111185383 9.546363028425784 4.26926333389048 5.692351111853688 5.692351111853474 4.269263333890157 5.692351111853325 7.115438889816975 5.69235111185361 4.269263333890134 4.26926333389036 7.115438889817095 4.269263333890231 4.269263333890133 8.538526667780609 7.115438889816753 12.158867304834997 12.15886730483487 12.158867304834937 7.115438889817024 0.0 5.131015952933206 5.692351111853464 0.0 14.230877779634046 5.131015952932944 8.538526667780289 8.53852666778034 0.0 12.158867304834882 12.158867304834672 4.269263333890296 8.538526667780323 4.269263333890133 5.692351111853546 12.158867304834702 8.538526667780639 7.115438889817046 5.69235111185357 10.262031905866282 8.538526667780221 7.115438889816984 5.692351111853643 10.262031905866193 8.538526667780586 5.692351111853495 12.158867304834937 4.269263333890229 7.115438889817053 12.158867304834876 12.158867304834448 5.692351111853643 0.0 8.538526667780507 5.692351111853379 5.692351111853613 9.546363028425885 12.15886730483455 7.115438889817159 5.692351111853571 4.2692633338902475 4.269263333890146 3.9846457782974922 8.823085891248676 8.538526667780651 12.158867304834915 12.158867304834812 5.692351111853373 4.269263333890072 5.692351111853627 7.11543888981694 0.0 4.2692633338902946 5.69235111185364 12.158867304834635 8.538526667780236 4.2692633338900405 7.115438889816969 5.692351111853596 4.269263333890396 5.131015952932811 10.262031905866042 8.538526667780433 5.692351111853578 12.158867304834603 8.538526667780314 4.2692633338904376 12.158867304834926 7.115438889817117 4.2692633338902235 8.53852666777994 5.692351111853402 12.158867304834738 4.269263333890365 10.262031905865781 5.692351111853753 5.692351111853339 7.1154388898170575 8.538526667780205 11.384702223707174 7.115438889816929 8.538526667780408 0.0 5.692351111853613 12.158867304834995 5.692351111853637 4.269263333890426 5.69235111185336 7.115438889816928 12.15886730483489 5.692351111853389 7.115438889816946 5.692351111853604 7.115438889816814 4.2692633338904065 5.69235111185358 11.384702223707157 0.0 0.0 5.692351111853604 5.13101595293348 0.0 5.692351111853336 5.692351111853391 5.69235111185338 5.692351111853596 4.269263333889945 7.11543888981683 1073.1026840646919 635.8453701097462 -600.620395414688 757.4707747348268 1083.4055725435996 596.1487029326565 -579.6667983650325 755.3931427989904 1064.6656032588342 587.9177533356404 -614.0419069196957 754.9478488369024 1078.5523806984315 611.1462287539489 -609.4512215911084 757.573023368074 1070.8118596019724 633.9094560370036 -457.1283218689234 691.7268146582377 1075.3146973720272 626.0290958974514 -494.1696361862325 717.6913809076707 1082.8704612457182 736.1403760697483 -444.39900184193516 701.4083672048355 1080.9036603749398 666.1804099776908 -590.5553451177066 756.4537912652874 1086.4966761405674 696.2805092538044 -649.5063051376226 761.8538959501587 1072.89636810535 610.3007081777937 -638.5104350120216 756.3768255850529 1074.1837060809275 618.4275023101666 -535.5769321784509 738.5365188701312 1088.625843545416 679.2116491454198 -483.6812822373743 705.0469827461665 1071.1752815409184 587.9790569496755 -480.98988337436936 713.4871932312767 1068.474201274723 609.4211633992419 -500.66849384757785 709.2848590654149 1079.4788870541963 748.4458509837837 -550.2477976036804 732.1089080283907 1084.1936953078093 650.0540410506371 -639.4092065426647 753.2234698326496 1093.4372687788266 618.8310850720137 -658.6437143927998 762.8253859521474 1094.2614825066498 649.9972436140745 -538.6654620394777 730.0572998454354 1067.4874243400077 580.7042452306636 -595.2516978550043 751.5762541121939 1083.2622405209306 753.3270394669687 -538.0916069385089 725.6986260027676 1075.0470207367619 713.0501484230927 -524.2226686475868 722.612224435493 1074.3695195837445 757.6720672042591 -436.1312386878223 701.1579188159509 1083.883105469462 641.0885149612046 -455.6116766944918 697.9933194533552 1090.7516169970918 607.8229647520992 -665.9475742187004 767.0068872630928 1080.6427573971296 719.4503459506515 -475.51792313787956 700.4238298212772 1086.3272935524433 635.7226372602095 -487.25576509241415 709.765649969885 1081.367735138761 645.337885005593 -630.2301024218773 757.9787347560983 1070.8047889322759 597.0969780713139 -471.77369609517706 706.3935603629143 1085.8697099463045 744.6342260906798 -476.47230345194913 706.4021909308789 1087.8090550140812 651.7414943274708 -544.9245000088794 735.9395238294472 1078.8569944624421 692.424765207825 -463.1123030100497 708.6738724252225 1088.947144685889 670.0481067909445 -447.8225950262817 705.4543376036487 1091.8547827890748 674.9714781586706 -433.28896286788495 691.1484315652251 1080.4367730201088 711.438465431155 -614.8642900290215 760.4341138289723 1065.3931905833545 591.5763942723656 -562.6050524987724 756.9361070438429 1063.5621247726654 602.9805306098629 -449.12011174287477 694.1747908654038 1080.9312970468764 700.3038432656849 -568.1951926480725 754.758236934706 1071.5508441077345 779.4515193162581 -492.4092851211531 715.7358976605808 1073.9400065346576 768.2339152970794 -519.9444069513519 718.4143039272366 1064.4972815213919 622.1286023869953 -536.7194919800362 715.4664165308944 1084.4027214726923 683.6246132503277 -528.5556280352681 715.5563456859047 1083.053790451857 659.3871729338791 -453.69811467106564 710.156898032897 1082.3100634646532 628.3851064982747 -508.64470885503926 717.626428179724 1069.5927626668813 773.0076077018799 -592.3363065570336 759.2234363106965 1083.3337162906219 674.7241948422078 -493.7717295412475 706.5076918256691 1074.7917513107157 602.7323745079966 -538.7531866283604 740.8040229803687 1084.8700164671102 714.0214511598202 -512.8623013995009 724.1988802369427 1069.5820161707272 641.2614747696613 -621.1802923085507 756.1783134178503 1079.0596348994536 678.1526730154363 -537.1717526915897 734.4492108046328 1097.0935835689286 636.4545672406259 -519.6972484981201 728.8101381320012 1073.6934540418251 746.9778070434302 -439.9501486589334 694.5520923973957 1075.7606359519928 761.078908391431 -517.8464969801695 713.9935998724887 1070.244449896139 624.4578391155463 -551.9739733974968 751.6695722448761 1074.6143466663145 706.2813012562322 -585.6761165104322 751.4643394679152 1078.0614523641452 740.5353365622259 -443.1901547835636 687.3797664388853 1093.6528483151333 663.7433646040931 -435.8920671285396 688.391792240693 1076.9966834016523 731.9155213232297 -548.084652655526 746.0132905432303 1085.2616473819949 707.1228203282406 -510.4037868678155 713.1120082900172 1090.4255729861693 639.2821401974319 -554.1387098782357 746.6128013226469 1090.589478033073 619.8554049599064 -533.5324525026456 720.7857156379154 1069.8625617041857 617.8443967903606 -629.3114316108333 754.0341534096726 1076.9812275940928 683.596819410131 -581.828887403193 764.451634328976 1079.9053014365163 585.4158916406092 -663.2342696878959 759.3339725663742 1084.8232820508636 604.7357835941555 -532.6841137643543 726.6449254996495 1074.7051203718547 583.309288329587 -560.2543809858956 751.4117726877666 1093.4739702525883 657.0407504094494 -502.3724864023995 714.0667406917271 1083.3381846790717 741.4454897050302 -466.4505082847539 697.5694109732405 1084.2417833221084 721.9705880548951 -577.8015461372332 760.3357479954608 1083.5844275127517 615.4550386332849 -642.0163606824035 758.8920012076347 1076.2088420425903 634.3785934179949 -648.7325090671865 757.0065444493317
1460.0016359619212 0.0 5.692351111853528 5.131015952932967 12.158867304834942 7.115438889816944 4.269263333890091 4.269263333890001 5.692351111853532 5.69235111185345 12.158867304834668 5.692351111853278 5.692351111853595 5.692351111853379 7.1154388898169705 8.538526667780543 10.262031905866188 4.269263333890054 7.1154388898168515 0.0 12.158867304834608 12.158867304834937 4.269263333890264 0.0 8.538526667780234 5.692351111853489 12.158867304834708 17.077053335560823 5.131015952933097 5.692351111853546 7.1154388898168754 12.158867304834976 0.0 5.692351111853334 4.26926333389002 4.269263333890055 0.0 4.269263333890349 7.115438889816728 7.115438889817076 12.158867304834649 4.2692633338897865 4.269263333890076 9.000397377424688 7.115438889816952 10.262031905866289 12.158867304834782 5.6923511118535215 7.1154388898168826 12.158867304834708 5.6923511118536005 5.692351111853603 8.53852666778029 8.538526667779955 5.131015952932935 8.538526667780623 7.1154388898168826 7.115438889816906 10.262031905866145 4.269263333890084 10.262031905866293 12.158867304834905 10.262031905866355 0.0 8.538526667780417 8.538526667780504 11.384702223707068 5.6923511118536 12.158867304834859 7.115438889816708 8.53852666778023 5.692351111853505 4.269263333890079 8.538526667780566 7.11543888981696 5.692351111853763 5.692351111853556 12.158867304834938 4.269263333890048 5.692351111853598 8.538526667780319 5.6923511118537355 5.692351111853646 7.115438889817155 7.115438889816921 5.131015952933039 4.269263333890157 7.115438889816759 5.692351111853616 9.54636302842564 12.158867304834773 5.692351111853812 5.131015952933133 7.115438889816776 5.692351111853431 12.158867304834592 12.158867304834567 12.15886730483473 0.0 4.269263333889894 4.269263333890095 4.269263333890023 5.692351111853422 5.692351111853442 7.115438889816914 12.158867304834683 9.00039737742438 10.262031905866074 4.269263333890078 4.26926333388999 12.158867304834947 7.115438889816775 10.262031905866332 12.158867304834722 4.269263333890154 7.11543888981688 10.262031905866067 4.269263333889923 7.115438889816943 12.158867304834923 5.692351111853431 5.131015952932749 5.692351111853714 9.54636302842582 0.0 5.692351111853503 0.0 5.692351111853453 12.15886730483458 5.692351111853611 4.269263333890326 4.269263333889905 9.000397377424385 0.0 12.158867304834807 5.692351111853612 5.692351111853559 5.692351111853619 8.538526667780411 4.26926333389023 4.269263333890116 1072.5560600124454 655.1396533318194 -613.8403734074608 754.6471286447306 1082.8872033516857 604.891765545639 -593.2999073455615 755.2878407224664 1062.3317710949382 593.9528508073761 -626.7433457281151 755.5601136495676 1081.9191386541781 618.3057417956469 -622.1444875919162 758.213589383948 1069.786525451474 649.864544402189 -468.3943470171647 698.4680316644083 1075.6462896479425 641.4647016231528 -507.72195955865453 722.2364819458445 1079.2498190014014 748.2607342517375 -448.7814628277899 706.3202691747352 1084.2290396396716 678.2974751307264 -604.014250608112 757.389478913614 1086.5423096785998 710.9553706169343 -662.8634455936437 769.5506690217985 1070.3114228414763 617.0266928634055 -653.8784594020192 760.7981886299021 1072.4068702010513 632.5896924566019 -542.5481716677455 740.0044115309432 1084.4401171019497 692.0334176392261 -498.0477511427448 706.2701379870161 1064.4020049787086 604.3867960784049 -490.77626956123316 713.5414048563816 1066.5953510797704 624.3782609712717 -514.897728272603 717.6265932026263 1076.6620350988856 764.301049548813 -562.208497813744 736.8763475529935 1083.7509280513707 662.9240922866792 -647.0968284584062 755.4395526119933 1094.9433746529428 628.8478941969696 -668.0536006592442 764.0269607556323 1095.2054018276508 656.686098509774 -551.9025336568341 736.4459031246873 1065.7969133210656 590.0376057849732 -606.5558752166754 750.9243632007526 1076.2910270846103 771.0230466966244 -551.2913384356882 732.1144083733986 1075.9348767993483 727.9596354192793 -535.8044910327222 725.1994161074244 1065.6183279104116 768.9440808488298 -440.37103259064764 703.5827218955326 1082.1534568926104 654.4815192726935 -466.11582163388374 704.532125340131 1093.2888139081426 613.1795024617517 -675.2162518130996 770.5776576367681 1072.9679993491218 733.688333716224 -481.95929638536205 707.005717733768 1082.3289917659918 642.9461520308458 -499.84661137022425 711.4077539985963 1078.2363850141758 664.9115419077053 -647.7806047132262 763.9242666628336 1067.5616311165516 613.4035580848529 -482.6376821073792 711.6943010488098 1080.936165804735 760.4678518916334 -490.35892086878425 706.3492667919077 1089.2151548093486 661.7755539045171 -554.0903065232427 742.6125410720994 1082.7658167081147 706.3994558606083 -475.5038378541377 708.2957093909864 1087.372045266936 676.9810329026466 -457.58079136007507 705.686267459545 1089.562711414924 684.995056015986 -443.6894878396557 689.1644984092477 1080.539617359836 720.414598156492 -628.9457606333591 762.4238625575962 1061.0634936843169 607.6354932482722 -570.5695451183987 757.1542639824767 1061.5291289781635 613.0501000725437 -458.39438955051344 699.2003561557464 1079.2240175029617 712.1302388711562 -578.8683393604749 757.8237771621698 1067.7123645266233 789.8420317440723 -502.69013243449825 717.0543347994724 1069.4559085159624 781.7434838830635 -528.9171782319045 725.3572165503981 1067.691515628983 635.7406865664217 -552.2123916914071 726.0943792630526 1080.003338711861 702.0865625775884 -543.2285671430944 722.4408507676799 1084.4351336687685 669.4234516903297 -470.2028534873197 709.7073024350069 1080.1533188685526 638.439295029588 -523.7826283677234 722.4407633489168 1063.7422122528008 786.0585470041312 -608.1192039764848 760.5082299783414 1085.2916946193836 687.3426484685972 -509.09764054760575 710.3223212438483 1070.0483447813538 608.2436532402486 -548.3472339872934 745.1778555814791 1085.6795597857347 724.8616936054342 -521.5506669023437 728.6573427402576 1067.0085274842402 658.5115212427477 -633.5462999719658 759.0716831946485 1080.0118303205709 689.7300775734652 -542.2983643720049 733.1035631440672 1093.9110440833192 645.4739119805164 -526.1223444679732 736.3477183830294 1071.2538121789694 762.7185709369162 -450.2979397003746 698.684355301261 1070.183474189395 774.2179361708604 -530.6891386835645 718.1600390872749 1068.780623998659 642.7383497480162 -561.2077921306284 758.2430116507952 1075.868921877133 720.4783808980972 -597.7442365754679 751.0279118832054 1075.751588022465 756.3759633316861 -456.91892765150044 691.229304055807 1091.6630617633166 677.8752694045816 -449.3483170471505 687.2870246298578 1078.862061836228 742.3209472907786 -554.4980104794762 754.499956738839 1088.6471060194733 717.7296969055069 -518.6419329548222 712.6296279018079 1087.5822726450924 646.7546157430247 -561.9342906820481 752.2095338075094 1087.133711880069 630.437364976459 -547.7157996074457 726.2500255735201 1071.0640107103895 628.4698525630668 -641.5226196973891 758.0806345922337 1082.3157380107307 697.055576897453 -595.4999334684509 759.5012129076769 1074.6523235459401 594.0862702335868 -675.3334212425001 764.4605541222628 1084.4174010868594 612.7193098717922 -544.0343101068386 730.2775593928012 1069.457794493971 596.7979581823729 -571.3259335601066 752.2377934757872 1094.5164665640098 668.6284759066524 -517.1293808236475 723.7160178954495 1083.7551775237287 752.3306544865505 -475.45983173822316 703.6373720255722 1083.892034259444 734.5132887068197 -586.9894981223264 758.2830189401266 1085.770857359918 622.364620218964 -654.4316026199472 767.6825904571147 1076.9980940317037 647.4934038624726 -660.672164974452 763.3288693378013
1470.0016359619212 5.692351111853415 12.158867304834711 5.692351111853762 12.158867304834741 12.158867304834844 5.692351111853636 5.6923511118535695 7.11543888981697 5.692351111853697 4.269263333890329 10.26203190586609 4.269263333890085 4.269263333889932 8.5385266677802 5.692351111853624 12.158867304834809 5.692351111853443 5.692351111853405 12.158867304834816 7.11543888981707 5.692351111853414 4.269263333890232 4.269263333889851 8.538526667780424 12.158867304834574 5.69235111185352 17.077053335560564 5.1310159529330495 5.692351111853409 7.1154388898169545 5.131015952932842 7.115438889816857 7.1154388898169945 7.115438889816816 4.269263333889994 5.692351111853315 7.11543888981692 5.692351111853535 12.158867304834812 0.0 12.158867304834855 12.158867304834617 12.158867304834478 5.6923511118535615 5.6923511118535775 5.69235111185359 4.26926333388986 8.538526667780399 5.692351111853634 5.131015952933234 5.69235111185358 5.692351111853635 5.692351111853554 5.6923511118537125 5.1310159529334 12.158867304834699 7.1154388898172884 0.0 8.538526667780141 4.269263333890288 7.1154388898169625 12.158867304834818 12.15886730483481 7.115438889816796 7.115438889816669 7.11543888981683 5.131015952933158 4.269263333890256 8.538526667780049 8.53852666778036 7.115438889816881 10.26203190586609 9.546363028425823 12.1588673048348 10.262031905866138 5.131015952933151 5.69235111185334 10.26203190586624 0.0 0.0 10.262031905866538 12.158867304834965 5.6923511118535615 5.6923511118535295 5.131015952933022 12.158867304834974 12.15886730483486 5.692351111853674 5.692351111853474 8.53852666778033 4.269263333889972 10.262031905866182 4.269263333889984 4.269263333890311 0.0 0.0 9.000397377424292 5.69235111185338 5.69235111185372 5.692351111853705 11.72402586981936 5.6923511118535846 7.115438889816866 12.158867304834619 0.0 0.0 5.692351111853355 8.538526667780392 5.692351111853452 8.538526667780207 5.692351111853514 5.692351111853489 5.692351111853478 4.269263333890244 2.84617555592695 5.692351111853686 4.2692633338904065 10.262031905866374 4.2692633338899615 8.287648945434553 10.262031905865937 4.269263333890363 5.692351111853409 0.0 8.538526667780005 3.9846457782975655 5.692351111853315 5.692351111853395 5.131015952933028 10.262031905866003 8.538526667780241 4.269263333889984 12.158867304834969 4.269263333889998 9.000397377424338 10.262031905866317 4.269263333890134 8.538526667780271 4.269263333890137 5.13101595293302 1072.8801102205266 669.8064712719204 -630.2766943116181 756.918105116992 1082.4435495159958 612.8651214526345 -612.4355598366888 755.7595366843613 1065.017861795845 610.64231400721 -636.4652268319456 754.4709818465692 1073.9796959602318 627.121087589153 -634.3601188537248 762.2643140400438 1069.7912611043068 666.0770138396208 -474.5050570007543 700.0668949611909 1064.6370136826717 652.7908580509268 -510.2950629989087 721.6055221301419 1075.4189257296364 760.2988756899092 -456.00868454157563 703.8304886783006 1080.4179740972238 693.6229887468996 -619.7464694832812 753.6604180798444 1085.5989236312412 718.8681045697934 -678.2140469192643 767.9220967066485 1071.1496567173058 635.8003895315129 -666.2737026583178 763.5831647044048 1070.1837181277303 648.2743976589137 -550.4118708121275 745.1818450726115 1086.1517454677557 704.6606185297863 -506.40206713165077 715.5859060325437 1067.3309740861034 619.53198756012 -501.23571227063627 717.2867917897158 1069.5437641629023 644.423477151902 -525.967078272591 722.5207575014853 1072.5699018627129 772.9437223822807 -567.7217979072026 751.0963221087321 1081.0807786156017 670.8696887335369 -657.469769221915 761.5604743001646 1090.9417894578064 636.0650473772022 -680.751859469107 764.4483717306408 1091.7591661624588 666.4387075277539 -563.218539068576 736.1593204183107 1065.8078538854263 602.13944143154 -625.5042950395587 752.4275723096982 1072.8152225630868 781.5306968628404 -561.615091518948 732.9019969660893 1073.007168374231 741.8956954797883 -549.9977755878327 726.8741336516011 1063.0073826236626 780.5728319312373 -451.4024641339006 699.2161729797608 1081.571082722391 662.4551188400509 -477.1370845874129 706.1591007508771 1095.134061967322 621.6499823829535 -684.5920308375906 765.793747019953 1077.1870459594588 748.2317064009815 -497.88713489348606 708.5243550444062 1079.9239970953158 653.7444413047868 -514.1543248263887 719.6395740732534 1078.822674946691 678.0052965957385 -660.3254552621132 765.5399922894138 1068.6076814366581 630.4390851352043 -496.74127730315087 713.9499462965026 1079.1116132917948 769.8551162159337 -501.96282177115864 705.5100120529436 1085.5676705216702 672.270777988044 -559.8303336853567 750.9101516038523 1081.3158127299835 720.7607574530529 -490.18324827062247 708.3209093830227 1086.136248186152 692.1239014037047 -469.3413734665809 707.5570904573522 1088.829111709737 697.8278587965498 -452.2158639496559 693.950310486714 1082.2497138899296 731.5523112460351 -643.049750577616 764.3031127597106 1065.9770663189522 624.830155774473 -585.1736252980601 755.9599007950378 1065.898949497782 632.5535304387294 -466.3557363326827 706.205299145312 1082.9072038083318 725.4871063876902 -592.1137174502844 755.1113700960171 1069.2500420769888 802.8550936333685 -520.4084539063265 724.8069013409126 1068.4572576884252 792.2440383636034 -539.7348593965236 727.6213058956387 1063.1796766479083 645.2597529641636 -563.8595544660506 728.3495379477952 1073.8367080361807 715.9515675632301 -561.745978525514 722.5464006328 1086.126939225981 682.8035735225291 -483.05667680710746 710.5335207905251 1076.9554766271924 647.4507888449373 -534.3735349503261 725.9288814437606 1062.6126609620924 800.6826600955734 -621.1468907754897 758.7490560784589 1081.6535011682856 701.8727787649028 -515.9929321473726 715.5769310758415 1073.4071596096762 615.410641581137 -555.4829448797228 750.1246782001903 1080.980166989379 740.8068530482975 -533.9143064330862 731.326349853441 1065.000354252476 672.6545816322713 -641.6975461996662 757.752244290456 1076.3758194911259 697.7252969797709 -548.8033121306364 736.8041212556086 1092.4752500535456 657.3070175145223 -535.4118409134279 738.2937968690311 1067.7614695714958 777.259640520371 -460.5321504732706 700.2113303452822 1066.56613678523 788.8468724669112 -542.5753198177041 723.0810324096892 1063.6984739887757 660.230914409266 -569.9947663335233 758.5488828124766 1077.816123986638 734.9685870264302 -608.8824914121142 751.504610708974 1070.7994609769212 763.9320167482724 -468.20688474116093 697.9217722613618 1090.1772746569131 684.0090494267299 -460.3166291815861 695.1855023010114 1082.957878302276 756.8835282538429 -569.7196071941447 754.7850238829191 1085.8733824986637 727.5990761095165 -529.9843686194494 719.9967520359545 1086.2087535068435 652.9240860058958 -577.505910631643 754.8694877078285 1080.4834268321606 638.6963816495507 -556.525746388876 724.8197992279023 1075.8364012353616 640.0299785367229 -650.3184430117593 764.0071463653792 1079.4434292377737 712.633736533375 -603.8359340910359 757.1719176431659 1072.2610063653822 600.0565542669236 -690.2275565438648 765.1609930561167 1082.1293146572027 623.55230843622 -554.6435989566776 733.6015897413843 1069.5947265562027 608.1287232447778 -580.8687646289021 752.600682731178 1090.7684763032858 674.2401954986448 -525.8720330547411 728.093541646037 1083.2481860629166 763.8020796193535 -486.0230689721708 703.8649252994439 1083.3454154554856 748.4492215096511 -597.1701341858609 759.8613294146393 1082.9561456007143 629.8539302722542 -667.6136014171794 770.5634820343679 1075.7406314196237 658.5564783639595 -674.1211426391567 765.2664676620849
1480.0016359619212 4.269263333890111 0.0 4.269263333890206 5.69235111185342 12.15886730483474 4.2692633338901285 8.538526667780406 5.131015952933206 4.269263333889833 4.2692633338902715 8.538526667780344 12.158867304834745 5.692351111853433 4.269263333890036 5.692351111853352 4.269263333890015 4.269263333889968 5.131015952933253 5.692351111853531 7.115438889816881 12.158867304834667 5.692351111853722 5.692351111853652 10.262031905866126 12.15886730483498 4.269263333890014 0.0 5.692351111853434 5.692351111853743 8.53852666778035 0.0 7.11543888981716 12.15886730483469 5.692351111853401 5.692351111853771 4.269263333889963 0.0 0.0 4.269263333890236 7.115438889817018 5.6923511118533066 5.692351111853557 7.115438889816871 8.538526667780411 4.269263333890326 12.158867304834699 8.538526667779987 12.158867304834715 5.6923511118537276 7.115438889816996 5.131015952933356 9.54636302842565 5.692351111853468 9.00039737742451 4.269263333889925 2.846175555926816 12.158867304834752 12.158867304834905 5.6923511118537355 0.0 12.158867304834901 8.538526667780307 5.692351111853288 5.131015952933209 5.692351111853487 10.262031905866362 7.115438889817005 4.269263333889961 4.269263333889792 0.0 10.262031905866126 8.538526667780468 5.692351111853508 4.269263333890183 7.1154388898169625 10.262031905866122 10.26203190586607 4.269263333889971 5.692351111853572 5.692351111853565 12.15886730483458 12.158867304834606 5.6923511118536645 4.269263333890099 9.000397377424417 4.269263333890061 5.692351111853676 5.692351111853528 5.692351111853728 5.6923511118537204 5.692351111853606 4.2692633338901755 5.692351111853517 5.692351111853551 7.115438889816911 5.1310159529333665 5.692351111853545 4.269263333890046 4.269263333890361 5.692351111853396 7.115438889816751 5.69235111185352 12.15886730483458 4.2692633338903185 12.158867304834565 8.538526667780145 0.0 7.115438889816977 7.115438889816954 12.15886730483477 12.158867304834796 5.692351111853495 5.692351111853443 5.13101595293322 12.158867304834638 7.115438889817144 5.6923511118536085 12.158867304834917 7.1154388898166765 5.131015952932943 10.262031905865937 2.846175555926654 5.69235111185349 5.692351111853533 11.384702223707212 12.15886730483475 12.158867304834704 4.269263333890011 12.158867304834647 8.538526667780335 0.0 5.692351111853602 5.692351111853458 7.115438889817048 5.692351111853564 4.269263333890192 8.538526667780172 7.11543888981696 6.037650108129515 5.131015952933017 1070.6273530237388 674.147166655611 -642.6643846911027 759.7385948693925 1078.305273893064 626.5349429558647 -627.654129304101 755.4650857042782 1063.5324618273476 628.9123319502783 -651.3835010386281 762.3913071719936 1078.4209498692403 634.582538250997 -644.0946290294647 767.1159216904962 1066.2043352333367 670.9231112774523 -485.6451367748469 707.7119145556813 1065.9761127671738 662.8443255029497 -520.346524575372 723.7666770284791 1070.338022562214 771.9403721666517 -465.1787177472186 706.2012520165598 1080.9865763771543 705.2171959495493 -626.6213191229988 761.7575699153969 1086.1018696869417 725.5993988358204 -691.9838959492789 768.112057208576 1069.025868151382 650.7234755575744 -678.3717330685361 768.7118946652275 1073.585396042906 665.281978629127 -559.3340963489087 749.216827071625 1082.6674767088218 712.7048879132501 -515.9123116112246 716.4589661490652 1069.2793323327658 632.9005660609537 -508.65634240283345 720.1900211573021 1069.85699999544 659.0985402128482 -535.0489349998387 729.2341020142303 1069.0807400876306 783.4486990475491 -578.849795350853 751.7140995041826 1079.9942483128398 685.2545981441217 -667.8150872330187 761.6862390276123 1083.5470139549582 647.3870229336718 -694.2343015809279 764.9692330847662 1091.83878775491 676.216314077741 -572.8938133083054 745.0615150939853 1062.2369526092732 619.1546303806856 -636.9490942391433 756.340973856265 1068.69403220471 790.1593464501407 -577.927407107687 740.6122530466645 1074.3215521749987 757.2241508739158 -565.973634163583 727.4773882096638 1059.1363461586193 795.9502687545782 -457.2115395033195 701.9691955483468 1078.6492397807422 674.754066560261 -491.2795272051721 713.2521532671369 1088.3367649502704 625.0252346896355 -702.480624119542 769.2663249885554 1076.1843385872917 762.863767070126 -508.08922678353133 713.3489995599887 1078.2201412168115 666.3288799195329 -531.9092395061394 723.4491306914739 1079.1772730519742 691.1002763385321 -667.2337270417943 767.6172563105777 1071.0209801849392 641.5017824843457 -506.59040161856944 716.8799339895623 1077.3817115082097 782.6066446334979 -516.5870397746327 712.4346937922318 1087.163067539274 680.7902494494546 -568.3956638497936 757.1800310750951 1080.3387328068331 732.751261949503 -500.66205492152227 712.0137031509266 1085.9890639938526 701.9279016576974 -483.01384388061297 713.4194309695059 1086.667825544241 710.321975120096 -463.20055419316407 695.5974951592564 1078.7045502334138 747.027711105937 -657.3149910148817 764.9432967879758 1064.7733995009073 635.9008452356154 -601.944625092643 756.0650774973888 1061.1970048393061 642.83836333093 -476.5146430029154 711.2060491835525 1085.019692032912 737.6851235303915 -602.3648398431154 750.6223717272721 1063.9998802138991 811.1055024025376 -526.6376150200219 729.7288761314018 1067.4574970684437 802.7445288839536 -552.1500369896136 730.0503967538607 1065.5213876547837 656.3302475957976 -571.4093515860845 732.579479853938 1078.0174233667392 731.1839712208213 -579.2921331122111 723.3741717693102 1082.5564329020594 696.5934328136025 -495.13499566856774 710.9587661241732 1077.3381375654142 656.4691335266604 -542.5715496400968 725.1657225567924 1059.2376295892232 814.5583013325272 -636.5029165238186 763.1970999267414 1079.689422440219 717.7518188038706 -526.1574824847346 720.8548638385726 1074.3965755814147 622.090187201442 -563.0576041521333 752.6405331685946 1078.5248695225976 752.4563832358875 -547.6552241815358 735.2395912197043 1072.7180534108213 685.9551758016635 -647.9953271962665 764.5426403770529 1077.307326799143 707.8175332818257 -554.3702555561702 741.4586137770896 1090.3122444620267 666.5534462561978 -542.9456788921508 740.9655878474464 1062.2661302363933 786.265495027755 -474.9722430910391 707.562298817863 1062.0669345181423 802.3478546799059 -549.7737527112037 723.2764118289415 1059.707020987444 677.1783545845658 -579.117909196231 756.4128894820631 1073.4259556265079 741.0622024220378 -624.0906381556327 751.2049564503258 1065.6973302224258 775.5696054390362 -480.16830804338673 702.1471841478607 1087.402662223332 694.7096538129414 -470.15455968607773 701.3909801671767 1076.020368289109 770.4281911275721 -584.8911776392514 754.8053523287307 1088.2917792147746 744.0322927815023 -540.8173354129975 722.1975776068699 1084.0700385482978 662.1700319038131 -589.588120697469 754.3176936937324 1077.2503599599872 647.6897859922497 -571.5256186014221 726.4148221608156 1071.537945441709 653.6541850313805 -662.382275888959 763.1610551164928 1076.352397298156 723.2953936792821 -616.6999590908287 750.6387782830179 1066.4999815993351 617.962934575881 -704.8457998881155 764.2721944680762 1081.0557828983983 639.5123944257393 -562.5579144571142 738.6828162135221 1068.6283996642023 624.0856853215375 -595.139780771632 753.5625381229497 1090.5826303435058 687.5979218596456 -539.627869833379 735.7350873823386 1076.784414301119 775.8340903509034 -501.1331045415635 708.6330698075536 1080.8250516198734 760.0917856334597 -609.3079466301633 753.2165192423428 1074.4502356224828 640.9153637990577 -684.8325411230192 766.7797058956052 1072.5594592482269 672.0193376441592 -681.6290760880547 762.6362171726566
1490.0016359619212 8.53852666778031 4.269263333890337 12.15886730483474 9.000397377424575 7.115438889816798 5.692351111853539 4.269263333889866 7.115438889817039 8.538526667779962 10.26203190586611 7.115438889816904 4.269263333890079 5.692351111853508 5.692351111853598 4.269263333890193 5.692351111853602 8.53852666778044 8.538526667780143 5.692351111853566 12.15886730483497 5.692351111853535 5.692351111853567 9.54636302842583 5.131015952932988 5.692351111853321 0.0 5.692351111853644 4.269263333890005 5.692351111853661 5.692351111853661 5.692351111853672 5.692351111853738 5.692351111853452 4.269263333890098 8.538526667780635 12.158867304834986 10.262031905865914 10.262031905866058 4.2692633338900405 8.53852666778051 7.115438889817116 5.692351111853702 5.692351111853452 8.5385266677804 4.269263333890108 4.26926333389001 7.115438889817203 0.0 5.692351111853418 7.11543888981693 4.2692633338901995 5.692351111853495 5.692351111853404 4.269263333890316 0.0 8.538526667780403 7.115438889817046 7.115438889816736 4.269263333890033 5.6923511118535695 10.262031905866047 4.269263333890365 17.07705333556056 4.269263333890213 7.115438889816672 12.158867304834747 9.00039737742457 7.11543888981686 9.54636302842576 8.538526667780229 2.8461755559266386 4.26926333389024 4.26926333389015 5.692351111853358 7.1154388898170025 5.692351111853404 0.0 5.692351111853646 7.1154388898167715 4.269263333890151 12.158867304834581 7.115438889816836 8.538526667780204 5.69235111185353 5.692351111853644 4.2692633338902235 3.9846457782972697 4.269263333890209 12.158867304834965 5.692351111853444 12.158867304835004 0.0 10.262031905866303 5.6923511118536645 10.262031905866403 5.692351111853417 2.846175555926848 4.269263333890289 5.692351111853522 4.2692633338899935 7.115438889817041 12.158867304834839 4.269263333890011 5.69235111185347 12.15886730483457 8.538526667780149 7.115438889816879 8.53852666778019 7.115438889816705 0.0 4.2692633338898744 4.269263333890303 4.269263333890184 5.692351111853325 5.131015952932843 0.0 5.131015952932884 0.0 4.2692633338903 7.1154388898169065 12.158867304834653 12.158867304834603 12.158867304834642 8.538526667780175 4.26926333389014 3.9846457782975655 5.692351111853546 4.269263333890278 0.0 5.692351111853704 4.2692633338897386 5.131015952933237 10.262031905866317 10.26203190586609 5.131015952933324 4.2692633338901675 17.07705333556076 4.269263333890293 9.000397377424736 5.692351111853346 1068.544914601754 696.5052882058526 -652.1116767762894 761.5863993840229 1079.9935835253023 640.701206304204 -636.0735893626294 758.1334821886884 1063.2061130683526 644.2366636843531 -670.5059217724512 762.4453052948841 1072.5032506562798 644.5913826720057 -655.297917244369 766.7663716778651 1068.0966132911963 682.8447205976801 -497.2156619023627 710.3586270779572 1058.9493880584857 676.6226905579742 -529.8921405099628 724.4691303722392 1068.4734384313429 781.3188244509529 -470.3395151331398 705.0175632604335 1080.3162404335483 720.2804079075366 -634.6136690373343 761.6057777061898 1081.7842203504144 727.5607543542725 -706.250582209454 768.7327162939389 1067.0658437460777 664.070886480604 -699.882042422734 775.0372179409334 1071.1532040024206 680.1610210341453 -571.8175945097846 751.2917183167444 1074.9501271086474 726.0585193925276 -527.305314014636 720.0000036645612 1068.5127144747428 641.6499115475433 -518.5187754177012 727.119361188953 1063.4523437512903 675.4282600792403 -544.0230970332018 728.5350037547587 1064.7062237095297 792.8241563509223 -593.1108172828534 752.6378098431055 1077.5456577740465 694.4121940790162 -683.051044014455 767.2140677040394 1081.3912137080176 656.6307451756684 -702.6760681701177 761.2619356213853 1088.7379358983205 683.5801904225615 -584.420547553362 748.0690120229801 1064.4344708097585 624.4858048646566 -647.2880968523853 756.4837635173906 1063.696368589498 805.1573899554188 -588.1387179630768 747.0091216601735 1072.731547447605 765.8605307688024 -575.1130563428359 730.2439966560959 1057.3621333183762 808.6760084191568 -466.8113735057513 699.4744199117184 1075.5558506855048 682.1025688643994 -499.5165309241898 716.328167575471 1080.8379226652407 631.4629629255099 -709.3538270937639 765.3593314252073 1070.2067517835878 773.3767996358627 -518.1461185453104 711.8620529582182 1079.782334226583 674.8397076861806 -544.7577540842358 723.521757735518 1079.6530538710992 702.7196068283134 -676.7946736885428 767.6399520228947 1067.300478236763 647.1324487979679 -522.8871001493162 723.9609242121489 1076.136772247613 793.8559986741313 -528.7790976308828 716.1643417912363 1084.0203335957906 688.1451582896124 -581.9848648382502 752.1222879504454 1077.057766134816 754.939467879043 -513.5803555008408 719.6770661315517 1080.6013983889495 717.4693037582977 -491.2293955112122 712.9122687619277 1083.5340086586784 720.9486428622516 -477.57686474353153 696.6714961526708 1078.5634749665926 762.7893462137541 -669.8623100390619 766.5447773797937 1062.3989251489731 651.5620125136296 -610.8985369591388 754.9040159130751 1066.048386853132 658.5638465947535 -481.6748781022049 710.001241868439 1078.830030093446 741.5181129664061 -615.223505676188 749.9986624363688 1060.2015475899489 822.2829083367326 -534.6072436463135 730.0728710379916 1066.7076772505538 812.4949664963958 -564.5948479967767 732.2450419345046 1061.6063295579318 667.5781917961109 -581.5815850035189 739.0843824252137 1073.4175464442744 749.6187833055916 -588.5345777543721 735.6955657108551 1078.9176354803994 709.5687007081408 -510.3320083669373 715.512463348547 1072.870783391094 670.0352376591634 -550.6538563769967 729.0984175391599 1052.0491953122028 824.9889999875979 -642.2912890181472 761.5564089925136 1076.1081829108223 733.5631865720246 -539.2702601583426 719.8068863399019 1072.806693834903 634.6967817629027 -569.1038693643061 754.8330441421421 1079.7318822320215 767.8331758543412 -555.8465914423441 734.3093666263804 1071.3868237286806 698.6370566415591 -661.6277960036002 763.8959206111157 1075.1118797940203 719.5384745728758 -563.737502058487 743.0751868525351 1088.809786257931 677.5832821894659 -550.2290160292846 736.2722775694859 1061.1403394608449 800.8919248375335 -489.94056168022126 706.2235032719061 1058.686979222671 816.2379336807123 -560.0263286146172 728.7305752797904 1066.88056613965 692.049936744849 -589.609077982905 755.5857049596459 1069.677744641709 756.4690829299226 -637.4221169921955 752.9622832034231 1062.8298835725923 787.9477029164641 -493.0065354696661 702.7310405802418 1084.220097973046 706.1322855385495 -479.3958189309965 703.6315943990983 1076.1630504621644 781.3068044869494 -598.8814431176688 752.0296827743924 1081.7566478604099 752.7332954105235 -550.564958370667 721.6216358594368 1085.2903112001038 672.2243118357459 -603.8466244517846 755.1592774481819 1076.6063936495452 655.6677313037696 -577.000440088731 727.3495310841446 1070.1592009499602 669.5839227129155 -678.6677385733511 760.45504311955 1075.2404821084822 742.8179721506177 -629.8683071365159 753.5890490628689 1067.776200895444 628.738801361223 -716.371864403977 762.6311413684592 1077.4346652991592 650.0427985850793 -571.9033338569429 740.2729616944044 1064.0885631962374 633.6103095836455 -603.0278164647353 748.6885056517672 1083.1586479786013 697.0801990900628 -545.7203022638616 733.2552987037371 1077.2988780106982 789.3359027663575 -506.0305252908418 708.4859839630112 1079.254811917271 776.2241780050188 -619.8043604002944 758.228900474894 1069.299545578449 655.1312447049903 -694.7285789158789 770.4306186560481 1072.1516669959092 688.221361474461 -691.4106897589497 773.445402784939
1500.0016359619212 10.262031905866404 7.115438889816979 5.692351111853543 10.262031905866296 10.262031905866213 2.846175555926786 5.692351111853577 7.11543888981712 0.0 5.692351111853492 7.1154388898167085 0.0 0.0 7.115438889816916 8.53852666777999 7.1154388898169785 5.692351111853546 0.0 5.13101595293293 8.538526667780198 5.13101595293305 4.269263333890221 5.692351111853583 12.158867304834937 12.158867304834816 4.269263333890002 0.0 5.692351111853539 7.115438889817101 5.692351111853713 12.158867304834638 5.69235111185342 4.2692633338898975 4.269263333890177 7.115438889816811 4.269263333890169 0.0 7.115438889816786 5.6923511118535925 8.538526667780404 5.692351111853527 12.158867304834839 12.158867304834883 17.077053335560578 4.269263333890156 12.15886730483476 8.53852666778046 0.0 12.15886730483487 8.538526667780282 4.26926333389029 7.115438889817005 5.69235111185354 4.269263333890092 5.692351111853485 5.69235111185374 4.26926333389004 5.692351111853364 4.269263333889876 5.692351111853452 5.692351111853382 4.269263333890377 8.538526667780541 5.692351111853593 5.6923511118533945 5.69235111185361 5.6923511118534815 7.11543888981692 7.115438889817149 4.269263333890035 8.538526667780433 8.53852666778029 5.692351111853717 10.262031905866127 3.9846457782973603 5.692351111853636 5.692351111853352 17.077053335560592 12.158867304834827 5.6923511118534655 0.0 7.115438889816889 5.692351111853441 8.538526667780438 4.269263333889935 7.11543888981678 7.1154388898170895 5.692351111853554 4.2692633338899455 12.158867304834788 5.69235111185376 4.269263333890239 4.269263333890274 4.269263333890195 4.269263333889822 2.846175555926586 12.158867304834622 4.269263333890117 5.692351111853586 5.131015952933358 5.131015952932739 4.269263333890127 4.269263333890434 12.15886730483497 10.262031905866591 4.269263333890105 10.262031905865815 7.115438889816984 5.692351111853548 10.262031905866278 5.692351111853399 12.158867304834725 5.692351111853524 7.1154388898170815 7.115438889817038 10.26203190586605 4.269263333889829 5.692351111853323 12.158867304834786 5.692351111853378 10.262031905866154 10.2620319058663 7.115438889817112 0.0 5.692351111853331 5.692351111853498 5.692351111853548 4.269263333890007 5.692351111853561 7.115438889817032 5.692351111853471 4.269263333890247 7.1154388898171845 7.1154388898171455 12.15886730483471 8.538526667780157 4.269263333890187 5.692351111853442 12.15886730483473 8.53852666778018 1064.6706621247058 714.2941391462755 -666.410871441691 768.1948020331233 1080.1244223925526 650.4812922129992 -645.6952626888532 763.1094059302733 1058.7639296940752 657.7841263295471 -680.4014848955615 766.0972708256174 1074.557077429683 656.4660709846131 -661.9053415687531 771.1965217810111 1063.9469769451982 698.125160239203 -508.0152724998792 709.0084984093587 1063.0169933479021 689.121882307325 -538.5368632372465 721.2535354360928 1059.5761964751096 789.1418724579664 -481.111914264374 707.504497318203 1074.4590304019293 739.1791363556283 -641.5446051226551 769.6751445379687 1080.9431300977744 738.0791150932993 -718.9487457041902 769.1536374568128 1064.3279407500218 679.6673388987348 -714.5980264834573 772.1286424003607 1071.4169943469433 697.4375152022864 -586.3382614875743 745.1291846571153 1075.6636140110147 745.8454341860238 -539.4200083130344 718.9022290662515 1064.4174604264797 653.6814689337228 -532.1816820567811 727.3550624309227 1067.3879808125907 683.7859216136274 -552.8167381353676 728.8706998616449 1058.8305647757938 805.8032438403903 -605.9664166520304 752.0177918284498 1073.3744737179209 704.739860867971 -699.5207928834902 769.31092568323 1082.2072663286144 668.2374473214029 -710.2193197726093 764.6131111118514 1087.1973021486037 693.7953163645379 -594.3056645340425 745.9125626364876 1066.396937003058 634.6895270894048 -662.2195307588561 764.3723153236577 1062.357805471539 815.5806559338716 -602.4080026923695 747.8258195105029 1068.5945824677349 781.9730061704951 -584.6941177199398 735.3323091995118 1054.8350021771673 824.6048708175765 -478.0878004855244 699.6780094651565 1071.6317147608356 687.5766400350642 -513.6749045784865 714.4179875873532 1083.2406825243281 636.9001897833384 -725.1890934381548 766.1795697226158 1070.4134726648256 787.6258441284394 -530.3278593233587 715.4652894530233 1078.119383511023 685.8540586205798 -559.7755078812576 724.9544642851106 1074.4694892564123 716.0253889973741 -684.6373382521851 768.6386212206764 1067.2730604156072 661.152381001791 -531.7103412761504 721.1599756940103 1067.5473594246732 804.2180299070308 -546.4425095483659 720.6725646096895 1084.4961395564799 699.757936698408 -590.1318822592201 750.9091839739643 1077.118587154767 769.9393901268763 -521.1007667781124 722.3745396236158 1079.3640457555573 733.6586165894107 -506.69983596366484 716.2303914591688 1084.4040053328847 726.1867808585672 -487.2810748651636 703.752836037198 1078.4600811457567 774.4078632617933 -676.6208571955834 769.7968567023598 1060.7608422228 668.2510454929369 -619.370289973413 763.2026076949363 1061.2565967243474 672.8283610267586 -489.9165317918288 713.0586385111402 1077.4745215747669 761.0305699798304 -623.8506984818853 757.1117369034492 1056.4303823965154 842.0648792314488 -543.0271528205217 727.9834188301455 1061.2658834631504 823.209684634944 -578.2598829487954 736.8375264148077 1058.8224824607394 683.154047802568 -595.8298727540482 739.9759305180916 1073.2624513530507 765.364704327155 -602.4468309741933 738.8811776572126 1074.3293769335653 724.701271498597 -523.7892239180488 716.9941607134056 1078.5919519048098 676.3898811063079 -559.8052682689994 731.8704754704247 1056.0048247994816 836.5360184924823 -655.170637437169 766.7940343765387 1076.45511615627 751.9414966895812 -551.1024120780393 725.5401809065844 1072.2514027150805 647.5485456895665 -579.2077398831223 751.5714933559497 1075.231825978085 781.3370013536518 -567.7565859248793 735.0721697557339 1072.4137868112605 712.1100926225106 -673.3916772221387 765.3956400734771 1069.3347724051132 730.1637614528456 -572.4648481636788 738.475679860229 1084.3024410830244 685.3883374250164 -558.9944978921151 736.5685588062606 1054.6359882107458 815.233315311865 -498.9562887118499 713.0603702719126 1061.6939300071554 833.9449230733519 -574.070980914975 731.0238804341674 1058.9826183800342 707.0306091235565 -596.3590352223297 752.9380702947992 1071.4705205618982 773.6989390951038 -650.6263585056552 761.8392645636515 1063.6137199126028 796.5721927892312 -500.3569805734431 706.0162429209822 1081.7402207099603 710.338638337512 -491.84778609401826 708.5345148125887 1070.4665439968994 794.4028421235428 -613.4786029845429 750.4163318221343 1081.1873442122112 765.8630213434906 -566.7496340496377 730.4113048057973 1083.714922338591 678.3505120930771 -612.9302966898421 758.7704763453545 1074.7312672000776 668.2341707495932 -589.9792822054277 736.5484402882537 1069.4153597373247 691.4521124949517 -690.6167363438017 766.7585893937977 1072.6199070195412 758.6053161806487 -637.1234834924055 765.29199990797 1069.3871638180274 642.8893530705466 -729.3167317791032 762.3661672636091 1078.2915766650424 661.6249246556978 -584.4169403327459 742.1991548498145 1065.4077913789129 643.667392627189 -616.5149989495945 755.2864601233165 1077.357403093924 704.4542619199538 -551.5838570117256 731.8703908998566 1072.0500641304936 800.9083096922492 -518.4300060663982 711.0295179007646 1077.2095401385545 789.7178985766694 -632.1993235418415 761.0396366074062 1070.311468947677 665.9661120464676 -709.9293246235643 769.9747031329183 1065.4238727507795 703.5654970633856 -701.2712600610594 771.114236409907
1510.0016359619212 7.115438889816978 2.846175555926631 4.269263333890444 5.692351111853508 7.115438889816918 5.692351111853371 5.692351111853425 10.262031905866253 8.538526667780648 5.131015952933117 7.115438889817234 9.54636302842573 4.269263333890054 4.2692633338902235 5.692351111853534 12.158867304834706 12.158867304834859 4.269263333890176 5.692351111853506 0.0 5.692351111853665 5.131015952933294 12.15886730483492 5.692351111853518 5.692351111853665 0.0 12.158867304834823 10.26203190586601 0.0 4.26926333389016 10.262031905866408 5.692351111853371 5.692351111853631 5.6923511118534265 4.26926333389006 12.158867304834784 12.15886730483454 12.158867304834706 5.692351111853626 4.269263333890249 5.692351111853468 7.115438889817011 7.115438889816935 5.692351111853499 4.269263333889784 5.692351111853729 11.38470222370705 7.115438889816805 8.538526667780339 8.538526667780358 10.262031905866362 5.692351111853601 5.131015952933155 7.115438889816832 7.11543888981679 5.692351111853718 10.262031905866161 7.115438889816791 12.158867304834718 4.269263333890322 10.262031905866518 5.692351111853732 5.69235111185346 10.262031905866138 4.269263333889969 7.115438889816747 12.15886730483488 8.538526667780381 5.69235111185366 4.2692633338903185 12.158867304834596 5.692351111853519 4.269263333890152 12.158867304834885 3.9846457782973603 5.131015952933282 5.692351111853492 12.158867304834581 7.115438889816998 0.0 5.692351111853624 12.158867304834748 5.692351111853402 9.000397377424543 5.692351111853598 4.269263333890059 7.1154388898170815 5.692351111853437 5.692351111853338 6.099312900170115 4.2692633338901915 5.692351111853468 5.1310159529330415 5.692351111853705 5.692351111853587 8.538526667780328 0.0 5.131015952933182 7.115438889817325 4.269263333890071 8.538526667779985 5.6923511118535295 4.269263333889927 7.115438889817021 7.115438889817122 4.269263333890383 0.0 5.131015952933177 5.692351111853468 7.115438889817055 5.6923511118535775 5.692351111853583 4.269263333890434 5.692351111853415 5.69235111185351 4.269263333890352 4.269263333889777 0.0 4.269263333890404 5.692351111853484 4.269263333889867 12.158867304834732 5.692351111853571 4.269263333890071 10.262031905866223 12.158867304834843 5.692351111853477 5.692351111853499 10.262031905866218 7.115438889816906 5.131015952933223 4.269263333889993 10.262031905866326 10.262031905865962 0.0 5.692351111853512 5.692351111853571 4.2692633338901 9.000397377424658 7.115438889816802 1067.832257635116 726.8388877991357 -681.1259969151205 765.2783564581312 1078.992245663397 655.0733537453001 -660.1111505613352 762.5611011358928 1058.916613939246 666.7693469469876 -692.9627529219086 767.6741872987801 1073.7306833444438 669.3053782840989 -673.0410646004846 771.4156216156372 1067.411098036058 711.544433071979 -520.7307674157234 713.9137733279272 1059.1330101782974 706.9317593503055 -558.1899218709068 728.2391453866899 1067.9106280249366 797.3257000052274 -491.19262798787275 713.3256176450197 1072.7947429843575 751.944950069569 -658.4982765218982 774.2342155693766 1078.7926014827458 752.3558957536039 -727.0586388516749 767.6166011163629 1063.9786561429116 694.3402279999044 -728.084626162142 772.3077566728491 1070.587894742046 708.7263053981115 -601.2181880920663 747.203690466081 1072.0649382637807 760.4882442101152 -547.5758266497853 722.7159322961134 1065.1442898171408 665.2648853689993 -543.0536822354321 734.0927892166086 1068.6879368389064 692.3387157248924 -565.2882693485855 730.908048254553 1054.6603938097262 821.060086726618 -610.6733487311353 758.624115556248 1069.2783298985398 716.3104067121112 -710.1670771788107 766.9663441339836 1078.1602526842469 683.5246657228764 -719.1100455317312 763.1381925233524 1080.4623722060228 700.101657734271 -608.7277816764749 745.483024398043 1071.496134656675 648.8776819641299 -674.2847805017436 763.5125103886537 1063.6858947447863 823.9912301875581 -613.0633439786534 751.6434665679305 1071.0790413791676 795.3338595316905 -595.3341926901567 739.2485814035655 1055.6219578196244 841.001551341206 -493.71447614726384 707.5721570037813 1071.8100770837134 699.9748123305744 -529.3284155332949 721.0146120889065 1075.6733363695557 648.0669024568504 -735.8852344296039 759.765353217495 1070.5862193873488 800.7700625946488 -540.6025078083052 720.946802199647 1075.5551438681264 695.0089435746402 -573.2593246752249 730.6972312852448 1075.6814431304726 732.1190958880227 -700.3162199602307 770.573588347982 1064.0983833852038 673.3992115977211 -540.7766078175135 728.7922285171809 1056.6942728163533 814.7779482335617 -556.8361103048624 725.6695475450975 1081.3942721376893 710.3821067606189 -594.2139035151358 750.274230242145 1072.2937607835702 787.5779202746896 -531.5580497205707 726.702852300128 1076.3660159937313 746.8183258128529 -513.546656498891 722.404989136626 1080.4092549912023 734.8774870364296 -501.4827790131156 709.1767083515102 1079.8485160270611 788.3416961079237 -686.6825168681199 772.2633583564007 1060.945694178999 681.3625014416705 -630.3482300426588 764.6258475932381 1064.816461622389 686.8678973427758 -500.98682692616956 714.144414964565 1079.4540617831262 770.0268837568674 -637.5083975135753 762.4623435065371 1053.241435378033 858.2209500836464 -552.9689930440281 730.8518412630036 1060.8924883114169 834.417075945075 -586.2670507214299 736.8109821176973 1060.1811427083194 694.2074799887623 -610.8639198475751 740.840684659035 1072.0227182014953 779.9790961263826 -619.2134650282351 744.7299151887422 1074.297016066675 740.437705519023 -537.9161417172119 723.1943298513796 1073.8103337077478 684.9434431197835 -573.328533106966 737.6097549820212 1052.142032893066 852.584652550986 -666.2998657937742 767.0166361085363 1078.5751887620484 764.3183782308571 -565.8609201406317 728.4800909657333 1073.8172963070488 660.9856713376092 -587.5340452148779 749.1688756711585 1075.443804985249 794.8666567708514 -581.2992003806022 740.6930412675048 1071.6188888094657 726.7533153984851 -684.6746316839658 764.431513573856 1070.4895200935657 742.1352553682689 -581.9325407965299 744.6762954804757 1085.1724822905421 695.4724887271535 -565.8325714857707 738.8562476861159 1060.674627355201 830.3021082560683 -511.9005720789306 716.8933650091644 1057.3781995909421 844.1988926032191 -589.8939857824478 732.1736982918575 1062.1375279948738 721.1783135574111 -602.937651676677 751.4356646292598 1065.3488607246495 784.1296139758233 -666.1268941243858 759.0352150514224 1062.2323354352127 809.5462288758168 -514.6008099810907 711.3163359791689 1077.588191448532 723.9516107566868 -507.085469599124 712.9250892900237 1068.9540119154408 808.1826825423094 -621.1737956121225 758.6009310581063 1079.9578642821648 780.5050092755803 -580.9972109198416 731.4100542818774 1082.7982930145454 686.3053651255333 -617.0184264419061 764.0906073333721 1071.9109056440368 678.9608457313092 -603.5787328042053 742.0474277934974 1064.3079205066952 700.71047765417 -707.0869147626516 768.7181707586791 1075.3189274386486 772.8512193021761 -649.7021813749753 772.8819705283821 1065.8007426950676 652.5574939832137 -744.3284458691556 759.5981590179514 1078.9815085837618 673.2382452025223 -595.9982072957116 743.5060979799006 1063.9221071919364 654.680429315923 -629.5346968451928 759.3708393194431 1075.5540503529232 714.6366123365096 -557.8051504854923 732.89378611637 1069.3841473729112 817.0039194665289 -527.3241614181306 719.3996119540107 1076.7268829919194 801.3244108599525 -645.0773201473139 766.2806022788952 1066.143367725037 677.1394720153199 -721.1857155389656 768.7975034779132 1067.0396567603557 718.9004796559292 -715.5637299866626 771.5651473452476
1520.0016359619212 8.538526667780472 12.15886730483472 5.692351111853548 5.692351111853367 5.131015952933495 10.262031905866401 5.69235111185342 5.692351111853442 5.692351111853504 10.262031905866182 10.26203190586637 10.26203190586625 10.262031905866207 5.131015952933001 7.1154388898168195 5.131015952933121 12.158867304834953 0.0 5.692351111853568 7.115438889816935 4.269263333889815 4.269263333890243 4.269263333890008 8.538526667780216 5.692351111853651 5.692351111853501 17.077053335560635 12.15886730483488 12.158867304834782 4.269263333890114 4.269263333890322 7.115438889817097 4.269263333890505 5.692351111853449 5.692351111853428 5.69235111185371 5.692351111853683 5.692351111853355 8.538526667780097 12.158867304834603 0.0 4.269263333890314 8.538526667780264 10.262031905866355 4.269263333890431 5.692351111853349 8.538526667779905 7.11543888981708 7.1154388898170575 0.0 5.692351111853699 4.269263333890198 1.8299009512647695 4.269263333890307 7.1154388898170815 4.269263333890212 10.26203190586625 5.692351111853654 5.692351111853655 4.269263333890181 4.269263333889784 4.269263333890264 4.269263333890442 8.538526667780182 4.269263333890272 12.158867304835008 5.692351111853741 12.15886730483457 5.131015952932758 5.692351111853466 5.692351111853476 10.26203190586612 5.6923511118536325 5.692351111853533 2.988484333723052 5.692351111853442 5.692351111853397 5.692351111853394 7.11543888981691 7.115438889817 12.15886730483469 10.262031905866317 4.269263333889942 4.26926333388996 3.0442595546880384 4.2692633338902874 5.13101595293334 5.692351111853597 0.0 5.131015952932913 5.692351111853436 5.692351111853445 12.15886730483457 5.692351111853428 4.269263333890064 10.262031905866179 10.2620319058658 5.692351111853681 5.692351111853299 12.158867304834597 12.15886730483481 5.131015952932953 5.692351111853708 7.115438889816936 7.115438889817059 4.269263333890009 10.262031905866014 4.269263333890225 4.2692633338905335 8.53852666778015 5.692351111853521 10.262031905866282 17.077053335560546 4.269263333890022 5.692351111853575 8.538526667780188 4.269263333890003 4.269263333890254 4.269263333890059 8.538526667780335 12.15886730483445 5.692351111853546 5.692351111853525 12.158867304834827 5.6923511118535846 2.988484333723323 5.69235111185351 5.131015952932989 12.158867304834764 5.692351111853604 4.269263333890404 0.0 5.692351111853364 4.269263333890304 0.0 0.0 4.2692633338899855 5.131015952932894 5.131015952933169 7.115438889817086 1066.9809436298478 744.8746387427399 -696.5885334142629 769.4005189197194 1074.9879932662232 670.3710768590051 -667.3159122429371 762.267783332944 1059.6420089933129 677.6224324492792 -704.3750561972972 765.2270072224794 1068.928613031515 677.8283857672437 -689.4341308713374 767.3774141417958 1061.628085885465 722.1782187400557 -531.0000781384925 719.3603747506355 1058.3778518427214 721.5749961316459 -573.8929902442497 735.4519544990249 1067.1555453955723 813.5977439617324 -506.62215067278555 712.7746822371566 1069.8489019577037 767.6987424101225 -667.5734210475605 771.7870268031601 1075.2681632672145 766.2115531389368 -742.9638145348474 764.5271870587759 1059.7090762872338 708.7176582541023 -736.1880701098639 766.6374567419225 1065.7798616958512 716.3340869678424 -610.3033332862822 750.812393683896 1077.8026312698858 769.2079531344807 -560.8804276625804 729.6431836264424 1063.4814246441174 671.3862439021962 -553.5974898959263 733.3987036989977 1064.298373710751 704.8218579353838 -580.8286868487426 739.2054070021168 1056.3047105106575 837.9898361987566 -618.360887076027 760.8227658599714 1067.5092524088473 729.8483814690927 -719.6249847000917 758.1931831846305 1075.827993969341 696.0334551101967 -727.9056923337505 760.0895050683056 1078.4238536707169 711.0533339039202 -618.9187069695007 746.8243243079518 1064.5429631014597 656.8851849046192 -688.8334428616176 761.6384531523422 1058.2341144457387 829.1853066420439 -624.1918226242149 751.8969201751831 1065.0547012294974 806.4276385309962 -608.3402694277735 743.4008512360277 1051.0607065294957 855.8577317444267 -506.5793522635439 707.6790980346325 1066.3551809286469 709.8885294817791 -543.9223110863376 724.7309774474435 1071.054399874541 656.6367125151115 -745.432064546532 761.1943233591998 1067.7462240862137 818.5785460370719 -555.4203560406397 718.5984221057506 1070.6029240492849 703.4148719401892 -585.7679897352413 732.5071211091912 1069.648406972811 745.4142597004386 -713.589529832266 764.6344515392161 1063.3999815980096 684.7010396391523 -551.501789613369 726.9491063229335 1055.9598560476952 821.4244711846413 -568.9886508440942 729.9482257202918 1075.6386376535347 721.0277078526555 -599.8500097886092 755.8197369770577 1073.6594645623081 800.1374977695822 -540.9035866780306 728.3002775359541 1073.973207399546 757.6930410878675 -519.272248563247 717.4280594566948 1074.0747231980029 742.778879623507 -515.6691336281955 710.7056208763119 1077.9173632200514 799.5308018589034 -700.3445291564402 771.3187193163589 1061.20691413687 693.3575524068236 -636.4715796839288 766.6036667960054 1062.8693471633064 697.8397127822441 -509.83107184951785 718.2679665192846 1076.4762328869447 784.9260281245629 -646.3160991504897 768.3681679094149 1048.573651370625 871.3868050118848 -564.4910550546948 733.8441353799803 1056.1702793038107 849.9271089226147 -597.6888712107421 740.7829646055025 1058.628204386291 703.6428684511712 -627.6477699223708 746.6334845589394 1071.2168185724872 794.8636799700996 -630.5342499371072 755.7696340694093 1071.0719494386171 750.1821375062309 -548.6548653785792 721.3786059280799 1069.117153950261 700.0521951759146 -580.2916909180549 744.6017621292132 1048.2105450213558 865.7277530725214 -674.6402167307054 770.4238948629419 1076.01193895883 778.5263987895742 -580.8972778097758 729.5247965876275 1069.7994913537711 671.3833466889452 -598.5024724579603 750.6656717714322 1077.6670462820496 807.8302095546368 -589.3012998865153 740.6134606284994 1068.860396892079 739.1537963008923 -696.0834937891353 762.1386870746378 1066.6045871497847 757.5016936735447 -592.2713753982752 744.9157517764531 1076.8114060265532 702.9041920402116 -574.86236038401 742.5776686738177 1057.59455149101 843.114416820968 -519.7595885843617 713.5338563150427 1056.9065397348731 856.7193970026781 -603.3438246412546 738.8144939632816 1057.1611683542553 732.9012224628895 -610.306632891515 756.000454034247 1064.0702386521045 793.6247408008992 -677.8865008299797 760.4791479372124 1061.6631920489326 818.8685311585256 -526.6705027736374 715.9671140269057 1074.7028838767528 732.9988754288491 -520.8612995966579 708.3109181183421 1061.8052181047417 828.3402362990624 -631.8495893566677 762.3682774261699 1079.8637560293248 790.6610387311307 -593.0426304771534 736.7040276631863 1083.0690978602356 689.6748684868253 -624.8604505828146 765.1046813225139 1074.339183463753 687.8589687791388 -617.0634896707055 742.6450509128871 1054.2360015977524 717.4904616232844 -720.1757806639056 762.8195500953698 1071.4411352474483 786.6120871659828 -660.9840934621741 771.9077551276722 1060.290750938068 664.2001016967433 -753.5497570049523 760.0468382370267 1074.1777390263326 681.7360486284362 -605.8711125628283 747.2242994810072 1056.053344978096 670.6018904854513 -640.3636082862167 761.9538899675799 1070.8329421340854 722.5307775246232 -568.8014031347327 739.3780349881483 1062.573790173148 833.0509180144558 -538.4480130770787 720.1291816630198 1072.017640589803 812.1785184553986 -654.4932468149932 767.4768336726046 1066.0906344717012 686.1522099773849 -732.4867477873194 763.5012562349154 1061.4484282823453 728.7542578970937 -726.2471494589433 766.2808507010425
1530.0016359619212 8.538526667780411 5.692351111853511 4.269263333890366 8.53852666778016 5.692351111853711 4.269263333890232 10.262031905866081 4.269263333890052 4.269263333889941 4.269263333890263 5.1310159529330335 12.158867304834747 5.6923511118533 4.269263333890348 7.115438889816828 12.158867304834745 5.692351111853437 12.158867304834837 7.115438889816766 12.15886730483473 9.00039737742486 12.158867304834773 0.0 0.0 5.69235111185367 5.692351111853411 4.269263333890527 5.131015952933319 12.158867304834684 10.262031905866074 7.115438889817017 0.0 4.269263333890049 5.692351111853699 5.692351111853527 5.692351111853626 7.1154388898169305 5.692351111853387 12.158867304834809 4.269263333890279 12.158867304834851 5.692351111853579 0.0 8.53852666778043 5.692351111853502 5.692351111853638 8.538526667780095 7.115438889816905 5.692351111853551 12.15886730483474 4.269263333890018 5.692351111853636 12.15886730483478 4.269263333890223 4.269263333889792 5.692351111853604 7.327650470207506 8.53852666778038 7.115438889816843 5.692351111853588 5.131015952932877 5.131015952933119 5.692351111853435 5.692351111853626 4.269263333890362 0.0 5.6923511118533785 7.1154388898169 8.538526667780094 7.115438889816736 4.269263333890426 12.158867304834674 5.692351111853422 7.115438889817026 8.538526667780513 0.0 4.2692633338903 12.158867304834676 7.453137219561329 10.262031905866099 2.846175555926823 7.115438889816867 4.269263333890139 4.26926333389035 5.692351111853507 4.269263333889961 12.15886730483449 7.115438889816863 12.158867304834986 7.115438889817204 5.131015952932962 12.158867304834828 5.692351111853513 5.1310159529332715 4.269263333889772 4.269263333890036 7.115438889816947 5.692351111853571 4.269263333890416 4.269263333890191 5.692351111853462 5.692351111853648 7.1154388898173115 5.69235111185357 7.115438889816806 8.53852666778039 7.115438889816872 12.15886730483488 8.53852666778052 8.538526667780372 5.692351111853361 7.115438889816797 8.53852666778055 4.269263333890248 5.692351111853485 7.115438889816961 4.269263333889974 5.692351111853439 4.269263333890254 5.6923511118537045 7.115438889816858 5.692351111853348 8.538526667780575 10.262031905866419 5.692351111853677 12.158867304834777 5.6923511118534185 5.692351111853502 10.262031905866522 4.269263333890288 5.131015952932986 5.692351111853396 4.269263333889925 5.692351111853692 4.269263333890258 0.0 17.077053335560812 0.0 4.269263333890075 8.538526667780232 1064.6171389847457 762.5471863953736 -709.0812607097479 771.5302037207987 1075.352141786716 677.864418291937 -678.5570785697049 761.1535916689082 1058.4138364849296 694.5342993973188 -707.8523815944039 760.7191961132061 1064.7332971551946 692.2344786404105 -699.4924254053503 769.4653349679127 1061.1168879374784 731.4631893401449 -545.0657055227679 726.4567397488819 1055.264209906718 738.8538053515969 -584.1959390793079 741.6930327953751 1065.5783382395948 824.3756828530485 -522.6005685239786 713.2857132038432 1068.4583467952789 784.1542755375932 -679.2203372087267 767.1093081332656 1074.8818426263745 780.4718015550342 -762.6002039186527 760.5171242549912 1056.380828448843 719.279843994964 -754.2573038483957 763.3791646225999 1065.7184729198948 732.1040002298455 -620.5156345849546 758.1155944477497 1075.8557020461744 787.1669564862492 -569.1463980799016 733.2474222662703 1065.4822580559123 685.9355299809201 -559.8440059990586 734.3460462465406 1060.5581571914029 716.8971757577423 -591.9689045562874 739.542767091954 1050.5873601540727 853.2327969901633 -625.3899303230759 755.7474403862101 1065.3996409164183 739.9939845615828 -727.5110572904101 756.0568567116704 1069.2301885028082 705.584251302326 -743.6837155599263 757.4301135205097 1077.8498836557749 720.8149630488573 -628.1741210303111 749.2126586090218 1067.0373120015201 665.7866239314862 -695.3227358253878 759.7919212802182 1053.1703499296718 844.8336916915225 -632.9601116652176 751.8243086372314 1060.7753726101541 814.9228648093392 -626.6342929169365 743.7197279779892 1042.4738310799662 869.015422683369 -513.8144464313668 721.062392825587 1065.2237572433905 725.2879053138125 -554.3122157718445 729.9543535997745 1074.7158248842386 665.874537125755 -757.052523215609 756.6553564693868 1065.2100415183 833.3030262179045 -569.1295031468542 723.0732275188235 1068.4650717910306 714.3505039586203 -595.9225335839998 739.8803970694821 1066.8603394630866 756.9952237240756 -721.592485310306 759.0212219122698 1060.2714026570748 699.4216630863036 -564.0086146327183 728.8434094366626 1055.3613452388936 833.9077629908575 -577.1001653935613 734.7202797084107 1075.2316530824605 730.0137189790362 -608.3187574266603 758.1302478474008 1065.9059756754448 810.8882536957826 -551.2743137314648 733.5332465190437 1072.4407729123977 772.2475207384128 -528.2312256182638 719.2945366246678 1074.3564631481606 752.9253081149966 -529.5053206692181 709.5283155408234 1071.5014239784246 810.4511522333189 -715.8826513372995 775.8619191688832 1052.3377954992493 702.2090028743753 -646.8172218267898 766.6968911537898 1057.8184092374483 710.330052686503 -523.4322840514486 723.1087249909914 1073.5966299812974 800.8450326467363 -662.1599072582892 769.0804504727553 1041.3203325015804 872.777500832684 -575.1129157128809 737.772146496092 1051.8525967299297 860.5227302776216 -611.0084479082606 748.5318110291221 1055.3392081235515 709.2565672315063 -641.6003626452898 749.6025000821654 1067.3114274272912 806.1259192701503 -648.7702510021678 762.8478571507871 1074.6175992232652 761.483247080064 -559.2429075187989 725.4217941935827 1064.5406264216285 706.9216534610761 -592.1756073177027 751.0209651613619 1034.428285441043 876.0905142052495 -691.97447402912 772.1793859940492 1076.8166732789794 795.1296854119339 -589.4730579520499 736.6976228149894 1068.5639154885791 680.0657634910938 -613.2385317682547 753.8050219435413 1068.139406574681 816.4558614001867 -603.7141745019588 746.1427547897669 1063.5509072884681 747.3836774917964 -705.191565599678 766.4252947725732 1068.9158125407625 768.4465093886157 -603.3931108537984 751.1901883745239 1074.962944905516 708.9398395591423 -583.2727358451427 750.9446269122311 1056.354950240122 851.5899860014991 -538.2546048229243 722.7443130255956 1048.3866317205918 867.9900460187451 -616.9826604345249 744.1989679021647 1057.9756406391268 749.0671871135498 -620.0393117802868 760.8495938115815 1063.0469257302966 807.043332003689 -689.1857906314863 766.355731752577 1061.8312609870827 823.546359379802 -535.0525948895349 728.1989561391107 1071.7171757824526 741.9943475859635 -535.233535360153 718.022228175556 1059.9359559663806 836.5742211419284 -639.9251390319158 764.1029424175468 1077.4278915237576 805.1133764227444 -606.5211770478103 743.2995511146347 1077.190456844904 697.0049225157672 -631.7357766295804 761.1966050355086 1072.5551999151808 693.9081449547026 -631.6338704148541 740.9437733712327 1055.6063279715877 728.7296149170305 -732.8238239780974 759.5222431344589 1069.5134889813196 797.1045853967048 -670.7192954121306 770.6269245203713 1063.7386677624966 678.2940041980997 -767.2177902403872 761.7214789864927 1070.124625919344 687.1398587843787 -619.8287073664037 750.242114364493 1059.458077274818 684.6841503935307 -653.1280483017605 768.3101792728105 1069.2842117812527 731.159312213154 -580.0419220653189 744.5733160465405 1062.492317015942 840.435536556122 -550.9488566419001 722.1222298313061 1070.632691433186 822.7350754867953 -664.3447629062041 765.0808888162671 1067.7076717174325 701.4790429438685 -748.6731196629186 760.554135364077 1061.354027924489 740.3914141483085 -738.8250702632844 762.7761512555551
1540.0016359619212 7.115438889816879 7.115438889816969 4.269263333890279 5.131015952933163 8.538526667780086 12.158867304834823 7.115438889816992 4.269263333890111 10.262031905866166 4.2692633338899615 7.115438889817127 5.6923511118533945 12.158867304834573 7.711729668100851 5.131015952933148 10.262031905866202 5.692351111853551 7.115438889816958 10.262031905866605 5.131015952933173 4.26926333388995 12.15886730483473 4.269263333890292 5.692351111853509 7.115438889816767 10.262031905866184 5.692351111853682 4.269263333890233 5.692351111853289 5.692351111853411 4.26926333389059 8.538526667780125 9.00039737742472 12.158867304834729 7.115438889816848 4.2692633338903345 8.538526667780447 4.269263333889968 5.692351111853692 4.2692633338901365 7.115438889817134 7.115438889816888 0.0 8.538526667780319 4.269263333890448 5.6923511118535375 8.538526667780179 5.692351111853606 4.269263333890192 0.0 5.131015952932834 0.0 5.692351111853499 4.269263333889952 5.131015952933307 4.269263333889988 7.115438889817064 7.115438889816696 0.0 5.692351111853759 7.115438889817008 5.692351111853562 4.26926333388983 5.692351111853368 4.269263333889833 5.692351111853663 5.692351111853303 0.0 12.158867304834896 0.0 10.262031905866394 5.6923511118535695 4.269263333889978 0.0 7.115438889816676 5.692351111853422 7.115438889816852 5.692351111853528 5.692351111853443 12.15886730483492 8.538526667780504 8.538526667780182 5.692351111853674 4.26926333389018 4.269263333890206 0.0 2.988484333722921 8.538526667780404 5.692351111853818 5.131015952933175 10.262031905865951 5.692351111853735 5.6923511118532435 4.269263333890038 5.692351111853316 5.69235111185373 12.158867304834885 5.692351111853459 4.269263333889816 12.158867304834866 10.262031905866 5.69235111185359 4.269263333890253 5.692351111853729 10.262031905866161 8.538526667780465 8.538526667780024 4.269263333889992 17.077053335560514 5.692351111853452 5.692351111853654 10.262031905866396 12.158867304834969 5.692351111853717 12.158867304834743 5.6923511118534345 4.269263333890239 5.692351111853342 4.269263333890142 7.115438889817051 7.1154388898166685 7.115438889817032 12.15886730483468 12.158867304834704 8.53852666778035 5.692351111853719 5.692351111853611 8.538526667780477 7.115438889817032 12.158867304835018 4.26926333388978 5.692351111853652 5.6923511118538785 12.158867304834759 5.692351111853739 7.1154388898169225 9.000397377424385 5.69235111185364 17.077053335560628 10.262031905866293 1067.5510484320444 777.452202041654 -718.5756234281998 769.2304067637992 1074.935643847599 687.6255506996662 -688.8975323458221 760.793842977905 1059.7048826627158 702.4131471494785 -723.647891263436 759.5750754465249 1064.105363906507 710.2520785614952 -710.6708694985286 767.482412605073 1060.2654857349266 741.2364548235579 -558.7793252361514 730.9159409520291 1054.938397171453 750.4629256869114 -600.0298171301556 742.6277111454317 1058.9598458724333 835.1529186004645 -528.3079369951776 717.6109691468855 1063.1298314539513 792.8499658736284 -690.461603282084 764.3892404412455 1070.7488164209246 792.4545645770008 -776.1238673581182 759.4238953421528 1056.3875760795315 734.2838835351356 -770.2821102235011 763.7083655231535 1063.2434198980277 742.9514092530499 -636.205466949488 760.0749762859718 1076.162434823061 797.7994810397286 -587.6194701776984 738.1959975993506 1063.8014324356996 703.6283649831236 -570.3053264749492 739.4347078788734 1063.845348886628 729.6329305727992 -604.9738489088514 737.682043948082 1044.0156409030726 865.1537000597851 -641.2334813958132 756.5157691896597 1059.234142523246 750.3520551192697 -739.2391671968599 755.4997497418703 1069.0130496399277 717.9781102825401 -756.478028555469 758.3432260761238 1072.1060112973196 730.607805948896 -636.0281366734267 750.1953902356383 1067.1413694183548 678.1945211625185 -704.7164000436776 760.2924450619845 1053.7042537329964 860.020683730585 -645.5133938908275 753.3619274397115 1055.168239474243 829.1876610065918 -637.9280406030483 742.745521873335 1027.182655594284 875.5481745978739 -526.5051313964522 722.009854471146 1068.3195012404744 734.6886378200305 -567.4856687883109 735.4595929578102 1074.6197872905118 679.0494931418556 -769.0772765096215 757.2855361404497 1061.386700803625 839.2655129489142 -574.6578372609134 729.0863768188323 1068.8995622795412 724.4986711610824 -611.9136369673668 739.5924127116602 1064.5524337290155 762.9005830216153 -731.9996808120801 761.0507735003811 1059.8719242788932 712.5649833693349 -577.7557864311209 733.1892657236137 1053.0460217478594 845.8148349427768 -591.5240085375372 734.2931287332251 1076.4742986579743 733.7801307235192 -613.9611767929528 757.6590966932138 1059.3549810273873 822.640157511373 -558.7506133833076 737.0301115248551 1073.9305951205295 777.9568819888875 -540.921605902821 723.3463412976203 1073.2453681341774 755.8969396680139 -538.3017856021468 719.3634578087168 1066.9820232235907 825.9767193485795 -723.672191705722 768.6801404157728 1055.272257367238 716.4095159985241 -653.7315433760973 768.6772937843916 1057.9627031083915 727.4978025834496 -533.5771934928742 724.7798471686375 1065.7186745095876 816.2388546132513 -670.5842034567186 772.3086480250648 1027.0575570536068 883.3451832761224 -583.8704696841955 743.7625286140262 1041.199723875331 871.2191956452589 -624.1626611111768 745.4381692469024 1053.4566873460915 722.7568895119613 -656.333256619473 759.6835013796561 1062.618116474697 809.8287880263073 -656.2341999351542 767.2912510820302 1072.2076192237485 770.7860807244787 -568.1191540154971 730.2953376231018 1063.1962156822788 718.969347629297 -603.3133651234454 757.2764136292438 1020.0655990840497 882.5532066600346 -706.342277838927 769.320807135345 1073.3359259231609 807.5286641413231 -596.371373604598 738.8163375827372 1067.4365492292159 687.9724642115262 -622.6496841731753 755.0086429608496 1061.2468031585358 826.1317765933062 -612.7963510884814 743.7378261091786 1060.7206811714282 760.9257829770382 -714.7526979901584 763.1168314841992 1069.168647239565 783.1153328319009 -612.9547599981926 751.233895790577 1074.3283086496456 718.6837047889718 -598.9482390794597 753.0409011799458 1053.549668413927 868.5855463429145 -552.7343748836203 727.3723369339901 1033.6467207987253 872.505711831349 -628.4183673479447 742.07152412238 1055.0169336143897 763.1432692326459 -626.4573379745257 760.4613390958025 1059.1753741338885 816.7630400840046 -696.9137008419632 770.3988918766191 1052.8548518758903 837.6046530864008 -544.6086405142862 728.4735562903488 1067.158798878976 751.3021430846429 -546.1568993683825 719.7516083117558 1051.9548090834267 854.211085320876 -651.334359589842 761.8431503562676 1072.5830098684028 816.8270096258981 -621.0956601266645 741.5993817025352 1073.7619365400549 700.0769609392422 -642.7377930542684 762.5274041881511 1071.5189702726304 709.3192946418834 -647.204473365466 744.0739158568658 1051.605871583991 744.0380033086512 -746.3599553304864 760.9498032561494 1065.212267611823 800.2772105941291 -686.9231096471518 766.0729583196911 1065.3390554586683 685.3728031921042 -781.3296512395451 761.4084736982195 1068.9707962427854 695.0393748879159 -631.9394740114271 755.363301302198 1062.3642426089216 695.4981429383445 -665.555960208 770.8156953729448 1069.3426281200818 742.0196009000317 -590.6888002228244 748.4067133778622 1060.0054178909443 850.2321061724928 -561.711508746058 724.9067883186243 1065.3552599113148 831.5109890735035 -676.7999467923764 767.4668955003292 1066.6332731331568 712.7719448597084 -761.300907480666 760.1395812533431 1054.6666313082414 758.9968503784368 -751.753038837098 765.1161934538077
1550.0016359619212 7.11543888981687 5.69235111185336 5.692351111853405 5.6923511118537125 4.269263333889833 0.0 5.13101595293319 7.115438889816996 12.158867304834693 5.69235111185354 5.69235111185343 4.2692633338903505 5.692351111853528 12.158867304834924 5.692351111853819 4.269263333889975 5.131015952933221 5.131015952933139 5.1310159529330575 12.158867304834654 5.13101595293293 4.269263333890211 5.692351111853623 12.158867304834688 5.692351111853575 4.269263333890125 5.131015952933461 7.1154388898169305 4.26926333389004 5.692351111853476 4.269263333890536 9.546363028425617 5.692351111853527 12.158867304834986 5.692351111853619 4.269263333890175 4.269263333889825 4.269263333890322 7.115438889817167 9.546363028425835 7.916863183443048 10.262031905866106 8.490436812990978 8.53852666778021 4.269263333890252 4.269263333890172 0.0 8.538526667780358 4.2692633338905495 4.269263333890125 12.15886730483462 5.692351111853361 4.269263333889786 7.115438889816787 5.692351111853484 4.26926333389009 5.692351111853719 7.1154388898170025 8.538526667780374 4.26926333388999 5.692351111853647 4.269263333889991 5.692351111853184 5.692351111853467 4.269263333889763 4.269263333890216 12.158867304834526 5.692351111853722 5.692351111853612 12.158867304834699 5.692351111853646 4.269263333890257 12.158867304834708 7.115438889817106 5.131015952933165 0.0 5.692351111853639 4.269263333890125 8.53852666778024 10.26203190586625 4.269263333890536 0.0 4.2692633338903185 10.262031905866163 4.269263333890312 10.262031905866237 5.6923511118536645 5.131015952933123 4.269263333890335 4.269263333889972 12.1588673048348 5.692351111853443 8.538526667780163 12.158867304834915 4.269263333890059 0.0 5.131015952933232 5.692351111853564 4.269263333890559 2.846175555926732 12.15886730483489 4.269263333890096 12.158867304834805 5.6923511118535455 7.115438889816891 4.269263333890108 5.692351111853592 7.115438889816961 9.546363028425816 5.69235111185364 5.692351111853843 10.262031905866197 4.2692633338900405 8.53852666778037 4.269263333889899 12.158867304834736 4.26926333389013 12.158867304834654 0.0 0.0 4.269263333890005 9.000397377424504 4.269263333890039 4.26926333389027 4.26926333389048 2.988484333723015 5.692351111853339 5.69235111185338 4.269263333890373 10.262031905866095 5.692351111853408 5.6923511118536085 7.1154388898165575 7.115438889816712 4.269263333890328 8.538526667780191 5.6923511118537276 4.269263333890318 10.262031905866115 5.692351111853412 1066.6377181473354 792.7906627345158 -730.9606388187184 762.6425110504599 1073.8628049319614 703.0352676266465 -697.5862416834013 761.0221536752657 1054.6788034074552 714.0625074028479 -739.5749529782379 759.5554165851428 1063.7483579099655 722.6478642208259 -726.1210143944988 759.8444983062105 1055.8010003554598 753.0839777133733 -576.1677285470654 732.1641929852111 1047.5243683401477 762.8562755397547 -608.682299888319 749.7179598311335 1053.9515630437832 846.2195077248207 -549.6903801324485 713.6961192474707 1061.6343714702869 805.4355332995747 -704.7090467719938 765.9648233847217 1071.619363991257 800.9701275467597 -788.2099372926178 759.5297012355055 1054.2891849788075 746.9868124413488 -784.9031867393535 764.752800510823 1060.160376732124 757.8269551828623 -647.8622057021349 762.5900557684281 1072.9323490060087 808.5871559582653 -597.8195228528315 745.5159106643484 1060.0831796280213 715.7121810976452 -577.649298658714 744.0292528563658 1059.920237018059 744.1418662422168 -610.4995918975457 744.3569994959242 1037.3379285902147 865.5993355137593 -652.8091249129986 760.1431765032572 1055.9972255057878 761.8914848525066 -756.453870271107 759.3159770960908 1067.7809814419052 732.6004072435563 -766.3752756080684 760.3415354542682 1065.2000232032492 746.5736035202306 -645.1776687798141 753.6146466702919 1069.2997160090647 695.3786727306659 -714.1208560562175 758.9744668719907 1045.5738277269847 869.6952605196643 -664.8626004209708 758.9496899342568 1051.7103008869176 844.2639241671335 -648.593889954233 746.3495475019398 1017.5253551305993 888.1257379737175 -539.9022190271622 718.0844077684354 1060.1537362230745 750.204171962874 -577.9621487660464 740.4980318715419 1073.2031255413556 691.836320623963 -779.2202792714137 760.1932567720477 1054.4034044535956 850.786944337368 -584.9916003038753 735.2753615526374 1068.4318437927448 740.2506525075113 -618.2783898545914 745.9729832565747 1061.0093698579353 774.2746313796264 -748.683347600702 760.3809428414734 1053.357910361311 724.5514923247619 -591.0734428928383 740.9653142242076 1049.8808604444573 859.2893683996803 -602.1993554486536 738.08093495174 1074.348277703257 739.7653471645026 -620.384709732576 757.2586005431922 1050.457831162593 831.9128216569246 -569.8797073703292 737.4020252747254 1070.857817513184 789.6213776358773 -552.6472433657368 725.0889724900431 1069.769165194352 764.6946985669285 -548.6308148800807 719.7258995410323 1060.8646387870742 835.2690941826392 -741.0501207440774 766.0822410945432 1049.301662406888 730.2573829723914 -663.0867548446398 770.7136602842571 1058.7161464305666 739.456684943375 -543.3017223985075 723.8640731070706 1062.2971787196207 826.2010315422611 -682.5789897915354 770.7535606824573 1020.7362155619888 890.4186011483217 -590.4576402784517 748.2241158187381 1028.530414959007 874.7957241875396 -631.9413767766703 753.5514096196579 1051.106894826935 740.2685910523714 -665.3814159550932 765.288652545927 1062.6139505410756 819.0737910573532 -672.0235583968805 768.6740833364184 1071.1935841284674 778.9425235960762 -584.4248572914285 727.746199275452 1056.8680605543261 730.2053053837863 -611.9518291755936 758.3736225669132 1013.6409666111487 895.2607266217803 -720.5629253006103 764.2675650650934 1073.0060088742437 817.5459256067129 -600.7750691072436 741.7777187337516 1060.0136973181957 699.7087797629514 -631.1507893769219 757.2270206318884 1057.425674752 839.4060167771244 -628.1870535775208 748.0248287712978 1056.3003648978577 768.482534794316 -729.5528752019942 757.697115581474 1066.9708251743036 800.6265803347683 -619.3694438706116 750.8327886209879 1074.442328746605 722.0293523182585 -606.9412369186454 752.8666264350677 1040.5218671800314 878.2332980201245 -563.5271777784696 730.1251810933198 1021.5257451404544 880.769743375091 -640.2735848983375 749.4425769254777 1056.6258823725482 780.2101476133532 -639.0205114769576 761.9538072984606 1054.9019798404097 827.9340100426074 -714.3330728660088 766.8447878605388 1048.9846804985782 854.6100402190275 -555.73163953806 728.9017553100557 1062.5450983718745 763.089117999281 -558.6753157075774 721.5827865876483 1045.166373749382 858.8228719291386 -660.8301054527328 762.7664975482519 1070.474415396348 824.8745363663969 -633.3562728348653 745.4729055593709 1076.980694147493 709.4429602863685 -655.7405960629792 767.458270117729 1071.3228631247214 717.5715801492831 -657.0372873246173 755.8649921208176 1050.9993004795529 755.6074380651042 -753.1302287104647 763.6511845169656 1064.7195030741575 810.8006623455306 -696.3718443086293 766.3732857550839 1065.7157476193413 692.1299605489633 -793.3356230073533 761.8650377253347 1068.9777792058376 706.6763051349742 -641.3620224628737 756.4515010588218 1060.1193024323002 706.3853810239301 -674.8744827043802 773.8738684620608 1067.138923469997 754.6731463383586 -601.6693463054994 749.836540492574 1056.9972588926219 857.8759543795803 -576.2612626659514 729.3407870160706 1062.0183508447747 840.646378495395 -684.8507161128955 764.3515495399171 1068.0659237934376 724.1042071639649 -771.8275780730146 765.646873285735 1050.4104700380121 772.555079588155 -761.1198549048577 763.7305155876631
1560.0016359619212 7.115438889817095 10.262031905866182 5.692351111853521 7.11543888981704 12.158867304834724 8.538526667780456 9.546363028425763 5.692351111853757 9.000397377424505 4.269263333890292 8.53852666778009 10.262031905866106 4.2692633338902715 8.538526667780319 8.538526667780188 4.269263333889985 4.269263333889886 8.538526667780172 5.131015952933208 5.131015952933036 4.269263333890608 5.692351111853638 5.692351111853279 12.158867304834876 5.692351111853597 5.692351111853714 5.692351111853587 5.692351111853427 5.692351111853829 5.692351111853602 5.6923511118538155 2.8461755559269335 12.158867304834999 4.269263333889999 5.692351111853836 5.131015952933013 4.2692633338903185 8.538526667780369 10.262031905866134 10.262031905866175 5.692351111853817 5.692351111853745 5.131015952933012 11.384702223707139 2.8461755559266346 5.692351111853548 5.131015952933029 7.115438889816992 8.538526667780387 4.269263333890099 4.26926333389005 10.262031905866213 4.269263333890417 5.1310159529331605 8.538526667780394 5.69235111185342 5.692351111853587 7.115438889816651 5.69235111185375 5.6923511118533945 0.0 5.6923511118536 5.692351111853574 2.84617555592691 5.692351111853427 7.115438889816801 5.692351111853629 5.692351111853517 12.15886730483492 8.538526667780152 5.69235111185357 5.6923511118535375 5.6923511118536245 12.1588673048347 5.6923511118538 4.269263333890337 4.26926333389011 5.692351111853586 0.0 4.26926333389005 4.269263333890104 4.269263333890325 4.269263333890272 8.538526667780237 0.0 5.692351111853454 7.115438889816952 5.1310159529331285 5.692351111853588 5.692351111853513 7.115438889816958 5.692351111853762 12.158867304834702 7.115438889817161 7.115438889816763 12.158867304834795 5.69235111185373 5.131015952933074 4.269263333890408 5.692351111853523 7.115438889816624 5.692351111853548 4.26926333389004 12.15886730483466 0.0 0.0 10.262031905865962 4.269263333890166 4.269263333890232 4.269263333889987 10.262031905866435 6.037650108129441 4.269263333890384 8.538526667780129 12.15886730483492 10.262031905866426 4.269263333889862 5.692351111853492 12.158867304834962 7.115438889816869 9.000397377424223 5.692351111853593 5.692351111853399 7.115438889816928 0.0 5.692351111853719 4.2692633338900325 4.269263333890166 5.69235111185366 8.538526667780138 4.269263333890219 10.262031905866062 4.269263333889978 5.692351111853536 5.69235111185359 12.158867304834715 12.158867304834622 8.538526667780435 5.692351111853587 12.158867304834642 1059.247661835223 803.203047481072 -742.4825190326999 766.0298042676203 1069.4286103670145 719.8985234931396 -703.9831509710513 766.7482314900162 1054.9093649885076 724.1768384942553 -755.6390454996092 760.8166228311537 1065.8242952706714 734.3081460545419 -739.5137327385039 758.4041151870574 1046.8738916945777 768.0877654995298 -590.5769900652732 737.6776078362901 1046.3662562390293 779.7580144033961 -623.0789276948892 749.0568927791268 1055.5569326554364 853.6822153082513 -565.9047768862179 723.2167906316141 1051.247060003811 819.476728478698 -712.4760777954289 762.0943577138587 1064.0928497101613 811.2340011477714 -798.8750846556835 764.7176784584808 1050.286296336237 759.8413742856901 -790.3503298021408 763.7278774136596 1055.2109146661628 769.4080568644903 -658.9830660518685 762.3072168882927 1067.5479350992002 812.6612213742419 -609.0841672875953 750.4918830630534 1063.3822654594155 727.7611223421704 -594.5885842899959 748.6318875872608 1056.0201559530901 757.0330572173646 -619.9072836165785 745.4731856034036 1030.733070958046 876.6356743995103 -664.1488671585181 757.4367078582407 1048.0441740567114 773.9102246966502 -767.769150034656 764.6434166085635 1060.3150400085144 745.793436879287 -775.3544502016886 761.1458106191762 1060.0635754413097 762.4459294204157 -657.8978522970433 753.5993589392475 1062.9690141591439 707.0569914276083 -722.5598348300123 757.2147428941229 1041.647393353989 883.1209578171806 -683.68691574743 759.8827246542045 1043.7617483985807 854.1763111467328 -662.4808036419178 750.6575302759569 1004.8640829047715 896.9572780647134 -548.2682626137929 726.476785227131 1052.7304241250883 765.01511745632 -586.1183002892353 745.1561978840426 1067.2447670822726 702.4052213945737 -792.0972775423988 760.1823630293311 1039.2536057755513 859.8338626964363 -598.7892161296585 739.4389234943283 1065.5372461134587 754.3696710252392 -626.5285491854482 743.3494646587396 1060.3890160688518 781.0541830494768 -759.9449972686349 765.7994168837299 1054.5660717631515 735.1041737182501 -605.6731626175493 745.1951732291582 1046.768456978761 870.1637958343866 -616.8080567738549 742.2759101114775 1068.7279634408092 747.8084661255906 -628.1235167561839 759.3364858546189 1046.5577962055468 842.9272037160036 -579.2920795797284 738.6624847451421 1066.4448735085796 799.9110266827026 -562.9916473208474 725.346132307799 1067.3217387906222 773.1117585167622 -556.4623275663646 720.8417544741018 1054.192039648845 846.1095382323064 -749.4096905544578 768.4877696157914 1049.2631728724566 747.1393738250816 -668.6898167518599 768.6686488342633 1055.270382937288 748.3311225954288 -554.2545426750221 725.4336775779174 1055.867280419201 837.1395724919998 -693.7299074230044 768.3982752605648 1011.9313708788616 893.1540430596986 -600.2138231837562 753.0416836417448 1025.3731883635362 878.3362509435362 -635.3145161097347 751.5223583310817 1050.1094070347012 755.1663675359778 -676.4867912986205 763.4208895492907 1058.2388137079963 829.545478670552 -681.4741317294128 770.1712133263891 1064.8338842914488 786.3681762452854 -593.3664536988716 732.5066911222087 1054.691918058627 739.5253075953935 -619.6769660690671 760.4831727123365 1006.1323112191446 900.6382631679818 -735.7168590142229 761.7355450250456 1066.0255180673385 828.0983867154831 -612.8879601715918 746.8486400837263 1056.595368431353 713.5710075787185 -637.7037951070565 762.6926106997561 1047.1345877888707 850.5389294418209 -640.2177224084472 746.9400154027298 1050.8087285664951 777.3401838840088 -748.9749675366627 760.2130796729423 1055.8946240908838 814.2089447926803 -631.6794590244826 747.4651930806855 1074.6327437782131 732.1843722907578 -614.494894111229 756.1681587769682 1029.6223850542397 883.3607784003061 -573.0855384850018 730.234144567959 1019.4191971025506 883.128806244167 -654.4537770464192 750.8101392387613 1059.8928945898367 794.3752350362045 -648.2353323646859 765.222687581425 1048.3008800610153 836.7682001108088 -725.1020109326979 762.616724034276 1042.212860665545 864.4994813915584 -563.7223183358785 728.820272408053 1060.9395872954997 772.6718637764861 -568.7630129345463 726.5721771741225 1039.2161815624788 874.6220501965628 -672.1500648353408 758.7059071853824 1065.0932402543758 836.6460032246218 -647.7501583440916 744.583685418968 1077.8030749366242 718.099362272724 -665.403819517528 765.7839924582298 1068.7593949615602 728.3947563547755 -670.4915698488552 756.8404987520973 1043.349811456442 770.3100058285704 -764.2227049687007 767.8371543522476 1057.727716112875 821.3170849377038 -711.3262697779479 766.0124800741334 1060.5029416128634 700.4097818524507 -809.6209162615527 761.1317647340906 1065.3050743748936 713.7833602296458 -647.6735245526694 757.0830524843171 1060.2332329115432 720.6388177640645 -688.3832191108883 770.6845524074755 1069.709393454378 760.915379096446 -617.5037428125327 750.5787473964182 1051.998906624737 861.9854845205257 -588.4820221393234 733.3537576832239 1060.0396048940231 847.0811711370047 -697.4954059160414 764.2929508098558 1066.5779250195362 738.6882004064909 -783.0657009861118 761.1583509428036 1049.9105849317743 784.6198994103048 -776.1368851112802 767.0895056095134
1570.0016359619212 5.692351111853636 12.158867304834715 5.69235111185342 4.2692633338900166 8.53852666777993 4.2692633338900325 5.692351111853556 0.0 8.538526667780157 4.269263333890193 8.538526667780136 5.692351111853716 12.158867304834736 0.0 0.0 12.158867304834954 12.158867304834907 7.115438889816954 5.692351111853434 7.11543888981675 4.269263333890188 5.692351111853507 5.692351111853461 10.262031905866118 17.077053335560706 4.2692633338902155 5.692351111853559 12.158867304834773 4.269263333890135 4.269263333890322 6.736056940107407 10.262031905866229 5.692351111853604 4.269263333890249 5.692351111853829 9.546363028425796 5.6923511118537276 7.115438889817 5.692351111853317 4.2692633338902635 8.538526667780634 9.00039737742459 8.538526667780342 11.38470222370723 5.692351111853412 4.2692633338901596 8.538526667780507 10.262031905866362 5.692351111853552 5.692351111853352 5.692351111853532 8.538526667780323 12.158867304834931 5.692351111853685 7.1154388898170255 5.068809304232183 8.538526667780202 5.692351111853692 4.2692633338903345 5.692351111853343 0.0 5.692351111853502 5.6923511118532835 10.262031905866465 4.2692633338900015 5.692351111853684 5.692351111853476 12.15886730483488 5.13101595293321 0.0 5.131015952932799 7.11543888981683 4.269263333890125 5.692351111853436 5.692351111853436 4.269263333890193 12.158867304834839 5.692351111853612 7.115438889817004 4.269263333890042 4.269263333890312 5.69235111185367 4.269263333890478 12.158867304834867 5.692351111853674 7.115438889817 0.0 5.131015952933125 5.692351111853196 5.131015952933213 12.158867304834832 5.692351111853581 5.131015952933063 7.1154388898169785 7.115438889816703 4.2692633338902946 5.692351111853471 8.53852666778045 7.115438889816686 12.158867304834768 7.1154388898167795 4.269263333890017 10.262031905866017 5.69235111185349 4.26926333388996 5.692351111853484 5.692351111853661 4.2692633338899935 4.269263333890186 12.158867304834612 12.158867304834983 7.115438889817032 4.269263333889906 10.262031905866161 5.692351111853927 5.692351111853444 5.69235111185339 0.0 10.262031905866445 12.158867304834642 8.538526667780438 0.0 5.692351111853543 4.26926333389036 5.692351111853654 10.262031905866015 5.692351111853586 4.269263333889969 5.1310159529329065 0.0 4.269263333889936 5.131015952933022 8.538526667780218 0.0 4.269263333889971 7.115438889816834 7.115438889816964 5.131015952933159 7.1154388898170975 0.0 1055.1525450712936 817.5458309770645 -751.8349709673042 764.5413929618462 1065.8593221193935 729.5152379754354 -714.5042612442475 759.9482805866978 1057.0726521613112 735.2084151210612 -764.8597865092804 767.6617852908573 1064.2514049971383 744.8016201336242 -754.1171116184478 759.8145888419999 1041.9288157701849 775.4994627793506 -599.41469988379 743.5488102000356 1046.8863238220554 793.6852535417731 -637.2171127875114 750.4771043619494 1046.5711120608873 860.5603573527972 -580.485182490206 727.5579394300165 1044.6019009675629 832.302585769451 -727.5848284997533 754.5735777636132 1057.3455979978728 822.9451141169459 -815.0310878446567 757.7104291155582 1046.713658141483 773.0344978028487 -801.3497018992913 762.7239718817015 1045.7372430361836 783.2112214394629 -669.9985991796681 762.8009648493514 1064.3605478741388 817.1785766128654 -618.1356071042861 755.0652593849503 1060.9791522779167 740.3833474722991 -604.8081761909663 749.8596416369477 1052.8921263558666 769.4980107623575 -630.6689226980029 748.9562526054119 1022.6475383878206 882.1380170420337 -672.020290033955 757.7361989077589 1042.8638983066842 782.9270791449151 -778.4363253393794 761.4655426034401 1061.5710548794955 754.8849281579063 -787.1140352198605 763.7493753200877 1054.0206901748757 775.3779460971981 -675.2316020232461 755.6098161340348 1059.570333799877 720.1009166652922 -736.2140017078084 757.8949299476023 1027.0291665101388 887.0510997392897 -691.5429430199332 759.7087731268348 1035.7406906840088 867.1032339954988 -673.5547678481194 751.1909356505803 1004.337899643616 903.9086907381804 -557.9853785744931 725.4121119063702 1046.1798110405232 778.5156147247378 -595.1222202018807 749.8626622655469 1073.5844307997097 713.0692132424883 -805.6810419210043 756.2131376402272 1034.175158740795 873.7903286484561 -610.1272371253267 744.3175867412702 1060.85619923065 767.9164389048585 -635.8613152670785 745.4797679344085 1055.8320730209311 789.3686956111316 -773.5796046818334 765.755697894085 1052.0984269633414 744.3623899480297 -616.2606906220474 750.1903157632669 1037.4682102294678 873.5645092325681 -626.1390878088628 744.4643420507997 1065.5340600495942 758.4893839314899 -635.8687965198662 761.252808190883 1039.2431595430337 855.3186527907636 -591.5425381081225 742.5996044875656 1063.1911068193797 807.1831857387405 -571.7727932635431 731.3078048143724 1066.2949688532476 777.8247049789911 -570.096087507019 726.2934714294955 1045.1734410847262 855.0807245272694 -758.5839271559267 775.3735941408972 1051.97732498024 758.6667346725758 -682.8542242038573 771.2584393667687 1053.1841936309593 762.0439039744908 -562.5874612101911 720.9717954342925 1052.3503678540858 843.4869005996525 -706.1308355968295 762.985827411884 1013.1924345462501 900.6421152625607 -607.9458407732262 755.1283033232941 1012.5452620040336 889.1403811962206 -647.5384531201514 757.3383447361551 1044.790496220837 766.7009852199404 -687.484284085574 763.368306082523 1052.3623275484188 837.0584849144416 -692.5021164010162 767.5778793664399 1065.6323978514076 792.2486715638478 -606.772533437817 740.0996959109616 1052.331279804324 751.3600108106504 -625.9617218269607 761.1267369276964 1008.8044229078879 908.3269346777215 -742.9253871462286 761.8673211664947 1060.331332839075 835.6876710822844 -620.8195850878901 746.6278268065546 1053.3580281428897 725.800820000426 -643.980852180414 763.1873379928796 1041.5095106298922 864.4183634369348 -648.1272684813382 747.5898094854433 1050.0763920273941 791.3045542049603 -754.0079106440785 771.4256220874504 1050.9380275414574 823.2322163256636 -643.3034834628138 750.9015991158278 1072.2448803169584 744.8442561896386 -623.9344186195281 757.1732550592375 1019.5962216783673 889.2504496826069 -587.8625624885432 739.3213763231333 1005.5159869032218 889.7904939368136 -666.9500508854626 755.0760590726842 1058.6210022270743 801.007543544499 -660.9988567702826 763.6193447629743 1044.8674841161753 849.281481557848 -732.51849074331 764.110822180689 1026.9057111474847 874.6938783591362 -577.3598554964202 734.2106222554266 1052.803242817434 783.6453159761251 -585.4003936718724 733.5313320384456 1030.6136449466235 880.7314042281448 -680.7071492814124 761.1911607131312 1059.1796997868432 846.0358933941191 -659.9594627955686 751.3474608181059 1074.558004100046 727.0187218359833 -676.1733698944892 766.8923843485652 1069.8127355810516 735.5650801211615 -682.9490866812216 760.2307197429375 1038.6378789342932 784.9822689899798 -777.2963247212151 769.0733698422937 1049.6761542623096 832.0506001266904 -721.978968860216 757.289464783959 1062.4460699525032 712.8241274608941 -816.0063654669175 752.8302101590438 1064.3832880081673 721.8298793255551 -658.7979773301968 756.632198815258 1060.3216566529686 731.6568638233806 -699.2477625122052 764.332024777761 1068.8381766647453 765.7519882101894 -629.1478696301888 753.0059791328379 1045.0395034554688 866.4130358487888 -594.6037248747433 735.3142122042018 1055.01987776439 853.2112864817974 -704.3839572297277 759.7188267628381 1066.8439881014388 750.7327856288763 -795.1358895485834 761.2327513510143 1051.963686299945 802.4337128877235 -784.8917530528017 766.6501766802169
1580.0016359619212 7.115438889816772 4.269263333889987 4.269263333889895 5.692351111853568 7.115438889817012 5.692351111853468 12.158867304834434 8.538526667780092 5.692351111853668 4.2692633338901125 5.69235111185377 5.692351111853716 5.692351111853531 0.0 12.158867304834711 0.0 4.269263333889985 7.115438889816982 5.692351111853442 8.538526667780262 12.158867304834986 5.692351111853522 5.692351111853453 5.692351111853426 5.692351111853458 10.262031905866175 4.269263333889793 5.692351111853739 5.692351111853315 4.269263333890149 5.131015952933101 8.538526667780351 4.269263333890337 7.1154388898166845 7.115438889816884 0.0 12.158867304835177 8.538526667780374 7.115438889817085 12.158867304834624 4.269263333890407 7.1154388898169225 12.158867304834832 14.230877779633795 9.546363028425823 4.269263333890022 10.2620319058661 4.269263333890147 5.692351111853466 12.15886730483468 5.692351111853311 4.269263333890264 9.000397377424695 5.692351111853516 2.107019946061451 12.15886730483471 7.115438889817134 5.692351111853452 5.692351111853596 4.2692633338903585 7.115438889817022 12.158867304834851 5.692351111853749 4.2692633338900166 4.269263333890104 0.0 4.269263333890032 12.158867304834995 12.158867304834821 5.692351111853444 5.6923511118537204 5.692351111853431 5.692351111853497 12.158867304834557 5.692351111853592 5.6923511118534815 0.0 5.692351111853724 12.158867304834867 10.262031905866234 4.26926333389033 5.692351111853626 4.269263333889905 5.131015952933162 5.692351111853484 7.115438889816856 8.538526667780404 4.26926333389026 4.2692633338903505 4.269263333890194 4.269263333889962 5.692351111853532 12.158867304834963 0.0 4.269263333890465 5.692351111853724 7.115438889816937 5.692351111853453 5.6923511118535535 4.269263333890176 2.8461755559267132 0.0 0.0 5.692351111853545 5.692351111853634 5.692351111853451 7.115438889816902 4.269263333890194 4.2692633338902395 5.6923511118534265 4.269263333889924 8.538526667780374 12.158867304834883 5.692351111853404 5.692351111853524 5.692351111853605 0.0 4.269263333890354 4.269263333890499 12.158867304834834 5.692351111853505 5.692351111853724 5.6923511118535215 12.158867304834613 4.269263333889891 0.0 6.037650108129631 5.6923511118534185 4.269263333890171 5.692351111853446 5.69235111185378 5.692351111853417 10.26203190586633 10.262031905866227 4.2692633338904695 12.158867304834722 12.158867304834624 5.692351111853707 12.158867304834578 8.538526667780431 1051.1853943320807 826.4485982775741 -762.197044197943 760.3592533820338 1063.0996827192666 739.4242900713512 -727.0629027049397 764.2786829308639 1052.9902224053874 750.7293013405576 -773.9302363011844 764.6736141797711 1055.6287716899278 758.1909168077244 -769.8733070773674 758.1478401222984 1033.882963391704 787.2483695660088 -614.3535985148764 745.154562714882 1039.2304292331921 805.71412182763 -649.642745150688 753.62553743793 1039.6660090503965 870.252081606198 -590.1019683203702 733.5098698361533 1035.4291105252194 845.2685971498242 -736.4893127755086 760.5028535106975 1052.8993913857091 832.5360611898191 -827.5543704630376 755.5421406410394 1043.363585507102 786.4675138673757 -815.2857856999539 762.9478112901725 1040.9284309309285 800.5229446280988 -682.6389897730727 767.3930637870869 1062.4229385676479 825.6120242157417 -630.6289236025514 757.3811439705252 1060.266522150248 753.8603124626901 -608.9223662029794 756.2566576477353 1051.3504206160492 784.500272514709 -640.684183120172 753.2717704214336 1015.2748645809636 890.3936441199451 -679.9457594844017 760.054243210056 1037.3088886282856 792.5221764852705 -788.4515471465909 763.0407893928319 1060.0563315203692 766.350339741259 -801.2542402063978 765.5033891914233 1052.9191635365653 791.980696720898 -688.6920971954079 756.5923870677374 1057.0945949803295 732.6969873202402 -746.5306090049771 762.2399585032175 1015.2551865461352 896.6764980812256 -708.3083000600474 760.8079201966577 1026.6200749230932 873.8182979958087 -686.3065546048078 754.611019254138 991.7309064431382 913.2125588852418 -571.503046977933 737.9282865060777 1040.885914359882 792.6495909070757 -600.6127542987032 750.4750375908088 1067.1231056676452 726.7137637423659 -816.1008879443197 758.4719768269557 1023.1117147733593 880.8830256946711 -620.5513837576418 751.2913173424764 1061.3706660781254 782.382613712673 -646.6994930702583 749.7880064104329 1053.938903229587 799.3546020302916 -783.5875067896351 767.3732250752702 1053.91536138369 755.9163627336925 -628.5181293527385 754.8564372716933 1026.074784996239 884.58915771315 -641.0291997476161 746.8722137210344 1062.9402420334354 774.8031897991522 -644.0382622057517 758.2493532166291 1033.736403996893 865.2242644507697 -609.075210919074 749.3299479525205 1055.8334613640598 817.4047387911322 -583.0962361596359 736.3080152475388 1067.1790616005371 783.6994092743687 -579.0496604443156 731.0072004436497 1041.2891833391552 863.211861915263 -772.3788754051997 771.6011516483198 1044.569677961379 773.4019427511531 -699.2609617067336 764.5306252321938 1049.9095277279198 778.9368711110005 -572.1932119578423 732.9602163403476 1043.526730362045 855.7130391044246 -721.0508623487507 761.3279681865649 1005.4409838664108 902.1979237809493 -616.9362995528729 760.786361672237 1002.8754672701905 896.4038739828959 -661.8138801192506 756.6961589286026 1038.3832232699103 781.074238003475 -701.6155054304455 761.2432163735351 1045.4305835890634 843.6181188663439 -704.3437943332588 766.7038391937554 1058.8676787662482 801.0857841802981 -624.7113705333326 743.1104945557839 1051.5762115377913 766.704113992335 -639.9463796372695 764.6443725386945 998.399991664863 907.5122685847621 -749.9416464697274 765.481946998912 1056.258893402764 842.5797983725345 -629.5703422911836 746.1999058540457 1056.8819089448407 739.1448926935255 -655.1910137279377 760.146787087598 1031.3588855620171 872.3393158911261 -665.6148457712887 744.7167559734276 1046.5834166806767 799.2576358312166 -763.347555102655 769.7494111270607 1047.8285876829643 832.8892787273777 -657.7593313513795 746.893259670076 1069.3121125867842 757.3900228313562 -633.0062731569858 762.7298147279762 1009.9265695991636 896.5144635905142 -601.4549358273208 745.6703246128931 997.6336532871386 903.9520026468076 -674.8686810520248 755.0845213896015 1052.2256704198574 806.2036026654642 -675.1978950526563 764.8997564779569 1037.6413649017666 857.6636861640193 -740.7000032402988 765.2487274943494 1016.3605094165255 881.1805781290612 -589.0523179475538 742.7964047124583 1048.0905512079835 791.8757374923374 -596.3508996604432 741.9946031803183 1018.3164911535937 890.9497359503184 -692.5212081606246 760.6913389979541 1055.001613168055 852.8902578394686 -667.8014927547888 751.4323897140039 1070.652065759858 730.5198571759876 -689.6071159773376 767.742973751785 1068.979550851691 743.7690120979025 -698.2536625745747 757.178452766111 1032.3191385632317 797.9324053966753 -791.4744158040481 767.3784831221052 1041.2811664497567 840.5077520729392 -727.7909226014583 758.5877259332026 1062.8824820275959 724.8680838628567 -824.8109347987574 751.9412207776303 1064.8417046578925 733.4753796168985 -668.221824924954 761.5446771011284 1056.7141362096033 746.4276282513833 -713.5774239819822 764.1514446088672 1069.5721055711288 772.2705173743506 -637.5451012275191 757.2236461040453 1039.331615623784 878.2620889748418 -608.0679119358612 742.7968761643072 1048.714821795413 862.3884876325255 -717.6307226959547 757.1078938441156 1063.7394965831477 763.1614176186702 -804.9490300951464 761.3616714534746 1045.5720769505265 809.5470678154853 -798.6062614511283 762.3979768047435
1590.0016359619212 4.269263333890206 8.538526667780271 5.692351111853657 5.692351111853656 8.538526667780006 5.692351111853556 5.692351111853364 8.538526667780106 7.115438889817102 12.158867304834969 8.538526667780586 6.0376501081294345 5.1310159529331285 12.158867304834645 8.538526667779974 0.0 5.692351111853798 0.0 4.269263333890077 12.15886730483473 5.692351111853612 8.538526667780298 5.69235111185326 5.692351111853543 12.158867304834878 4.269263333890115 5.692351111853453 5.131015952933184 4.269263333890003 4.269263333890182 5.6923511118536885 10.262031905866143 10.262031905866383 7.115438889817077 5.6923511118537835 7.115438889816676 7.115438889816832 7.115438889816876 8.538526667780442 4.269263333889983 4.269263333890307 8.538526667780445 12.158867304834832 4.269263333890173 5.692351111853685 4.269263333890273 8.538526667780705 7.11543888981711 5.692351111853463 5.6923511118534735 4.269263333890043 8.538526667780294 5.692351111853304 4.26926333389021 12.158867304834976 12.158867304834875 8.538526667780244 5.69235111185349 12.158867304834613 7.115438889816894 5.692351111853781 12.158867304834727 4.269263333890475 10.262031905866293 7.115438889816664 12.158867304834885 4.269263333890224 8.538526667780374 5.692351111853514 10.26203190586625 4.269263333890389 8.538526667780163 8.538526667780259 4.26926333389019 10.26203190586621 7.115438889817024 5.692351111853372 4.269263333889962 7.11543888981697 12.15886730483494 0.0 10.262031905866317 5.692351111853503 12.158867304834862 5.692351111853684 5.692351111853468 7.115438889817024 4.269263333889972 5.692351111853759 5.131015952933067 5.692351111853513 4.269263333890224 12.15886730483468 5.131015952933309 12.158867304834843 4.269263333890169 7.11543888981697 7.115438889816738 4.269263333890125 0.0 7.115438889816743 4.269263333890106 12.158867304834821 5.692351111853404 10.262031905866595 4.2692633338903105 5.692351111853462 12.15886730483489 4.269263333890187 4.269263333890134 5.131015952933021 5.131015952933205 2.8461755559268225 2.846175555926621 5.69235111185352 12.158867304834622 4.269263333890392 5.692351111853589 4.269263333890266 5.6923511118534655 7.115438889816848 5.692351111853644 10.262031905866419 0.0 0.0 5.692351111853358 5.692351111853685 5.131015952933242 10.262031905866223 4.2692633338900965 5.692351111853466 12.158867304834617 12.158867304834908 7.115438889817093 8.538526667780646 0.0 5.692351111853787 8.538526667780262 4.2692633338900565 8.538526667780369 1049.017521291075 832.8538580169725 -772.7225138875596 764.269251615154 1059.2983120651197 750.6580800548784 -739.8955663384467 764.5766514375957 1048.4586413259988 765.2893505515652 -785.2301736430929 764.5907113103757 1052.952584582049 773.6714508270738 -780.9911446158633 764.2821537131979 1027.5595740726226 799.2824810873547 -626.0690676343555 747.266803299671 1036.9878695135553 825.8555098257227 -663.5468010683625 756.1129881230804 1029.3379668102625 880.1094318171863 -602.1799238000326 739.5157590195072 1035.1726175410568 861.8436797607017 -746.4897117462395 767.2136875660105 1045.8032171784228 841.0195937892455 -837.228212994475 758.6284229873188 1036.9325541477597 794.5397913794039 -827.3605466056594 761.9340167421694 1033.1787606172863 812.2544812504408 -690.5714121072662 766.9198856163122 1058.2932259736906 834.4612724561977 -639.8282916947052 762.6194500149317 1058.5040895962343 765.3972003567607 -618.3771669203508 757.0638947515779 1050.1000310878098 791.0591137236446 -651.680519989231 756.0795454602446 1002.4254049694255 895.8767105355755 -695.1509485101233 761.4209750069211 1031.1799280876317 801.7968555916383 -797.3532854433638 759.6849873102565 1056.5683163047147 782.6449078807569 -814.522897956914 763.2766481781155 1047.116500504272 803.2613438634423 -703.0811948731547 757.8016878116316 1053.7551420482223 745.985122649237 -755.5368981546159 762.9490824397998 1005.9431130193541 905.3195680875272 -722.6649024561302 761.3428839542872 1017.3170161505769 882.4711523269416 -695.179853891584 756.343792313044 982.557476982896 921.3434542985126 -583.1355677632163 740.4848311794593 1036.3989753122653 803.8532550284056 -611.6115182304035 751.4928200491129 1060.8840887234169 729.2391625184399 -828.5826722148789 756.0805379685863 1018.9232088143909 890.9186357667944 -628.1539789188238 755.3515547600676 1059.8571689746457 789.7317585805305 -656.5834682643467 752.9331506995582 1047.9963345844722 812.4552048202826 -792.8213462622741 765.1908386720468 1048.1302229379814 774.1414706452588 -637.2457266821265 754.1376682008495 1013.6107061379948 896.7758468317934 -648.1259851620092 748.377036298153 1057.7063673718585 786.4333414065195 -659.8483054753576 757.394351992376 1023.9306623762058 874.4876458471504 -620.0981606581055 750.2508924878236 1055.6671918173463 827.3131988866292 -590.5755807545665 740.678292144501 1065.3472570912515 793.6892515181871 -588.9985385735346 734.4961634279538 1033.4390394134696 872.0959316559222 -776.2593118527085 767.1477600525453 1038.166828496409 784.3171217047238 -713.4936799851904 762.9474221587433 1045.1095233804579 787.0687647873146 -581.7486970543652 732.8637135952412 1038.326441552932 861.6627800169287 -734.5214962367531 760.4888285059808 987.2940878429138 908.9202784769442 -627.9705565494587 761.5677095164964 995.3124070083829 901.308672225401 -668.930093420674 756.6340269305011 1030.3728774373085 787.2802449737507 -722.6898061019156 757.5627225041118 1039.0982532424168 852.773673272285 -715.388041429604 765.4228830415352 1055.5543018973506 810.246657420797 -635.3411936091278 750.8761699926192 1043.3801247621552 776.5915016658175 -650.4512846193016 759.1843480315617 988.2030415016598 915.3647734433821 -757.9072344317173 765.1610011252387 1052.0645305849253 849.3628343888543 -641.1528879703268 750.3796506865232 1053.697074218636 751.5931205490585 -663.1121590202185 762.5650243576932 1021.014879592724 882.1784111132492 -677.6180430671033 755.1093681616513 1040.4226679561766 810.3392234452325 -769.065522998123 766.2015880101821 1039.4660478203875 846.5427693303966 -668.0933602101043 752.8167562625117 1062.9544121954086 764.8273493372101 -645.6438627867387 763.3539158782253 995.6848675641363 907.1142908043503 -610.1989012934256 745.3383592845713 980.5695803150035 914.1504599578243 -689.2526770199394 757.9133711016106 1041.078295698829 815.6665097667642 -681.5219894872156 765.7774068045331 1028.5879226558552 869.7076340917448 -753.6140670044239 770.1522609791058 1013.5800005943104 891.4164965195959 -598.3640334442696 744.9887621812464 1041.676869973144 801.8092414323701 -608.2665582516466 741.9664235546514 1008.4783974207176 900.1835871465856 -707.3739499580088 759.4612625633442 1046.108282686474 857.7484216695 -685.0321489242802 750.8610643046852 1071.438536639034 737.7136082255254 -701.9284663130735 763.1771318633369 1073.038979280192 749.1569196196695 -712.5470255691115 756.8403762388078 1028.4898955535027 811.6365982999789 -805.8325039063924 766.292471245381 1031.8724273158477 853.2777873652444 -740.2939810072775 756.523591031014 1056.806560765923 736.107989066094 -834.4163038869751 753.7182683342569 1061.0194929845084 742.1192049164636 -680.0268625675856 759.9920020839652 1055.4692169697098 759.9135211671445 -723.5770012487116 767.5907801742695 1063.5283017194263 783.349380338641 -646.3666443346715 752.8501581993478 1030.0325402288863 886.922648620768 -620.4872811502139 746.2430182988551 1039.4144238361669 865.791960767129 -730.0341853363215 755.0633544089459 1058.243946697417 773.677719860258 -819.3519900424857 759.9621473462256 1037.9967324191914 817.7154945802786 -807.9494893168162 763.6735258249164
1600.0016359619212 5.692351111853446 5.1310159529332715 4.26926333389037 10.26203190586624 7.115438889817083 7.115438889816944 5.692351111853549 5.692351111853578 7.115438889816797 5.692351111853631 5.692351111853618 7.115438889816888 5.692351111853663 5.6923511118534345 7.115438889817022 5.692351111853741 4.269263333890441 10.262031905866017 4.269263333890114 7.115438889816776 5.692351111853333 12.158867304834667 4.269263333890457 5.692351111853416 4.269263333889969 4.269263333890283 5.69235111185338 5.692351111853731 5.692351111853739 5.692351111853702 8.538526667780339 5.692351111853675 12.158867304834699 7.115438889816741 4.2692633338900325 5.6923511118535295 12.158867304834803 0.0 12.158867304834837 12.158867304834832 5.692351111853733 5.6923511118537045 2.988484333723093 4.269263333890325 4.269263333890421 0.0 4.269263333890336 0.0 11.317375301186514 4.269263333890146 5.692351111853589 5.692351111853418 4.269263333890349 8.538526667780387 4.269263333890175 10.262031905866186 5.6923511118536405 7.11543888981676 4.269263333890216 4.269263333890057 4.269263333890208 4.26926333389011 4.269263333890288 5.692351111853432 8.538526667780369 5.692351111853403 4.269263333890411 5.6923511118534105 5.692351111853464 5.6923511118534 4.2692633338900485 0.0 5.6923511118534025 0.0 4.269263333890206 7.115438889816949 4.269263333890247 4.269263333890174 12.158867304834537 7.1154388898171055 4.269263333890296 10.262031905866388 4.269263333890311 4.269263333890147 7.115438889817021 5.13101595293324 4.269263333889953 8.53852666778052 5.692351111853804 8.538526667780266 5.692351111853831 5.692351111853535 9.000397377424555 5.692351111853676 10.262031905866351 0.0 5.692351111853826 8.53852666778051 5.692351111853404 5.692351111853444 5.692351111853695 4.2692633338899855 7.115438889816851 5.692351111853452 5.6923511118535295 7.115438889816943 4.269263333890244 4.26926333389008 5.6923511118534895 5.692351111853592 4.2692633338899695 0.0 7.115438889816832 4.269263333890009 4.269263333889937 7.115438889816847 11.384702223707325 5.692351111853441 5.692351111853545 12.158867304834892 0.0 8.538526667780356 8.538526667780301 5.692351111853535 0.0 2.9884843337232287 5.692351111853646 5.69235111185374 10.2620319058661 12.158867304834699 4.269263333890351 4.269263333890333 7.115438889816739 5.692351111853638 0.0 5.692351111853666 5.692351111853392 5.692351111853304 12.158867304834864 7.115438889817008 1043.1331407175962 836.1778015412032 -782.6725385530407 761.8484659653401 1056.2667465866114 761.5361398020157 -753.2584553302402 766.8204593710035 1041.111832989156 775.5830971333461 -803.2422479889606 758.5686067006005 1050.0469216844908 783.0361095041558 -796.4009758182594 763.9926092152538 1027.71181986019 809.1303808972087 -641.1189488443182 746.6500040349526 1036.5018434515669 835.7152235254563 -681.7390093434418 754.1165487881209 1022.8561267497979 889.1603311286605 -613.8037654723563 742.8047428621758 1024.155057804026 874.271815302307 -762.7638700375502 763.9136516898766 1042.1348931672776 852.509495778211 -844.5020242392211 750.9407216579233 1035.29619180981 803.0178450374214 -834.4593479805524 753.2312654166464 1030.7362652052773 819.2922465953052 -697.8161283975977 767.3337231997675 1056.0373040332395 840.8360061326996 -652.5143927990601 759.2012761257542 1052.429952815303 773.753218485567 -627.1122191932159 756.3484060115699 1048.2345068394977 802.2078791970553 -667.5737282356031 758.1439906240718 996.1043036078593 902.9514239013952 -709.8070945237017 764.5009476644537 1022.7808130462851 817.2246297011192 -810.0970323789758 758.495228530298 1044.8503691195274 792.1697089599298 -826.2236937348481 758.3485231985717 1046.4050849445182 810.5050088414749 -716.9669962019913 760.7354385675477 1051.0900115426637 758.8695348446481 -768.3918338008968 758.9295698736433 994.8618922138093 912.381984308494 -731.4594471181343 756.25499284072 1008.7222302366935 893.8753717914846 -709.7586619695222 758.2652780866938 972.7950354951881 927.4637508795302 -589.6370236323694 738.7110071905304 1029.4358407954246 813.467891385411 -624.1592162883412 753.4664565616434 1057.70614965461 741.6142159580465 -836.745365285844 748.2354043455156 1008.6429466886755 900.5237522140201 -634.5049715262442 755.5887445381057 1056.7909802329616 800.927887784382 -664.5431447185119 753.9585390110109 1040.443376150595 820.632074026784 -803.4004432923588 762.2664271740126 1041.426217235207 782.9642860322508 -649.0627663953088 756.7371963768832 1008.1745712799278 904.6409803826313 -662.4466297293834 749.4632802015178 1051.7859952482547 789.1929578264707 -674.1428205670456 758.1039754617354 1015.8705431845951 885.3100902561065 -632.8673870106704 747.3883288174792 1051.5805030084953 834.2075930014734 -600.2508869386811 739.1566122874973 1060.0675767220382 799.6102270039657 -607.7973089826786 737.3771145645486 1027.6914502610248 883.9165172335026 -785.6989101730597 766.0300066191678 1034.4363486720802 794.1001646727539 -725.8297035259733 759.9256847571954 1044.1896446487551 796.9503007657731 -591.0344304994065 734.9772799630722 1031.5567008783732 872.8839870425248 -746.2671076725579 763.1520277503963 982.1956139044566 912.8465331731308 -635.921077897666 759.47293694671 988.9911994639906 908.383294650256 -680.3827160997151 761.9502745766421 1027.1065229809712 800.2508142737864 -737.9517979872861 752.6036300336905 1032.374502063338 865.7937437720033 -731.2168606505719 764.2019311580216 1050.0122141236989 815.8978652793343 -641.6687904427671 751.0389207871817 1035.0426788011057 785.3602275631323 -663.1688700720367 762.6471746938855 978.344513958088 919.2787701956983 -773.595233386265 766.5345803733363 1047.526297004413 852.7610379533064 -652.2747819355063 746.9727238111727 1049.3585567431119 767.1257988630063 -672.6085175577443 762.122408486622 1015.055133062998 890.6350806608287 -691.224989149329 756.4468021407417 1033.315038646233 819.7831393046247 -777.3178698815432 770.3776372116032 1034.7177766825996 859.1950467374973 -671.3646959122876 752.6890486441043 1062.9685786673926 772.0541743547552 -659.8943424715617 757.4243195126646 986.0147057807357 914.3772651969233 -616.970447031613 750.5602295611762 972.1412824154643 923.5832707517083 -699.9543383296249 761.5984299337416 1031.3527992079642 828.1059610998245 -688.683716601546 766.3729021097828 1021.0601761318759 879.9444398787937 -764.7179000900895 769.0514833515333 1001.4457680504735 899.6588473362428 -608.0216587711416 743.3520321428138 1037.1676571402816 812.1908389087229 -622.2955439762693 745.3235596766391 1000.3886579713445 905.6781494105253 -717.7846709446552 754.4592560050669 1043.1968270345003 864.6620250125331 -699.6266662987067 754.2726402715734 1065.1730054286525 745.253589083642 -715.8317319043925 766.1678113264107 1062.7521119948444 756.4385850484384 -726.0849611288638 751.2263557144161 1023.5879912200194 823.7661362624542 -813.4857931131164 761.5283984759991 1028.834201063159 867.4747275286448 -749.8077424999403 755.8688720933897 1051.641596203733 749.4096127570884 -841.8179691485786 742.9890999893122 1056.4595692021157 753.9965183521045 -692.7008178551455 760.1169790975965 1046.3721922280763 773.8037450275531 -740.7308892890985 764.6715140429587 1061.2412169862503 789.3716636937572 -655.8489401516937 750.4737674926573 1016.9534648365643 896.4444574198545 -628.4271460784553 746.086329967986 1033.1589713111189 878.2101418929043 -742.7458935154884 758.8338613902981 1055.430911945021 782.9830836538173 -828.4309222316763 751.9965175667112 1024.68238489716 833.4030386951672 -818.7096891628688 755.3950126414491
1610.0016359619212 4.2692633338903 5.69235111185347 5.692351111853296 7.115438889816915 5.692351111853323 4.269263333890281 5.692351111853471 2.846175555926781 10.262031905866047 7.115438889816848 12.158867304834617 5.131015952932997 12.158867304834871 5.131015952933018 5.692351111853517 12.158867304834864 7.11543888981679 8.538526667780284 5.692351111853711 0.0 4.269263333890276 12.158867304834953 7.115438889816542 5.131015952933033 5.692351111853604 5.692351111853486 5.692351111853589 4.269263333890113 5.692351111853748 5.131015952933073 12.15886730483481 5.692351111853674 5.692351111853476 5.692351111853621 4.269263333890252 4.2692633338900885 8.538526667780294 7.115438889816989 7.115438889816921 5.692351111853657 8.538526667780575 4.269263333890129 2.988484333723093 5.131015952933127 8.120897457539794 5.131015952933102 5.692351111853389 5.692351111853745 4.269263333890403 12.158867304834875 5.692351111853884 12.158867304834965 5.69235111185338 8.538526667780296 4.269263333890173 8.538526667780417 0.0 7.1154388898169465 5.131015952933369 12.158867304834837 4.269263333890212 12.158867304834867 5.692351111853447 12.15886730483458 5.692351111853407 8.53852666778025 10.262031905866381 5.13101595293334 0.0 5.692351111853419 12.158867304834613 8.538526667780253 4.269263333890077 5.131015952933053 12.158867304834727 5.692351111853623 12.158867304834859 5.692351111853422 0.0 8.538526667780163 4.269263333890176 10.262031905866227 4.269263333890181 5.692351111853592 7.115438889816967 4.269263333890088 7.115438889816783 10.26203190586615 4.269263333889916 17.077053335560617 12.158867304835017 12.158867304834825 5.692351111853544 5.6923511118535215 5.692351111853212 0.0 4.2692633338901675 12.158867304834956 5.692351111853423 12.158867304834864 12.158867304834892 10.26203190586604 9.546363028425839 0.0 4.269263333890392 12.158867304834555 5.692351111853685 8.538526667780408 4.269263333890115 5.69235111185342 5.1310159529331365 10.262031905866158 5.692351111853473 0.0 10.262031905866118 8.538526667780332 8.538526667780534 5.692351111853414 5.692351111853688 5.692351111853593 7.115438889817113 7.115438889816797 0.0 0.0 5.692351111853802 10.26203190586617 7.115438889817061 12.15886730483489 7.11543888981707 10.26203190586609 0.0 4.269263333890277 5.131015952933011 5.692351111853624 5.692351111853308 5.692351111853513 5.692351111853428 12.15886730483477 5.692351111853357 5.69235111185352 1037.0122335587153 843.430401999605 -796.4712604978972 764.0415270518654 1051.60966403827 771.6161796909578 -759.4319140428768 765.3916068807657 1038.1155143141564 788.6393148295102 -816.4274951400243 758.1196285054178 1045.9065909473854 795.5421841316564 -808.5991504394068 757.7681568404748 1027.3936160745388 820.8977710320396 -651.4168498078288 745.3588904612835 1027.6965254134527 847.9437365579337 -694.4030280330934 754.0272619377934 1012.1549129272778 902.9239787307193 -624.8780286812009 743.2681904253051 1016.8144846010296 887.8521198425849 -771.3689191504378 762.3797168511607 1033.9314305619023 860.0271949577524 -853.3644171188506 745.2206607075268 1032.398163539241 810.7199253789514 -847.1706223802066 751.202891429805 1025.648525623332 835.0271950751751 -711.3076488298407 760.6785564963019 1047.027131848655 847.6646996925199 -662.2138254054541 762.4175858851249 1045.3001640314724 787.0051981963492 -636.6805218112081 751.7396124745023 1038.8616502041923 814.9383498136623 -686.4337070830212 755.6003076771445 982.9159826500407 912.372015027582 -716.4579118687947 761.1100239808999 1020.4554313747358 829.5027706462231 -824.7185988939088 757.3730597969388 1036.435579451198 805.179092244728 -839.9992550673379 752.2361246954357 1040.5647276698069 823.9776814457081 -728.8739020142892 759.9931005525413 1046.0800673816807 765.1101540960514 -780.593811053428 761.9005329932356 981.8427599261994 919.8332996122325 -745.4409072867384 753.5131423647213 994.6500178742951 902.5065452816764 -720.9341099836183 757.7226441410656 966.2369161643041 937.2953150283389 -602.7505000771357 743.1815598503617 1026.3671922814092 827.7130597253085 -633.8019601921842 750.1115899313716 1055.2869347343585 751.0781211177924 -849.0493511878727 745.0688378661831 1002.67956368801 908.9782871976006 -647.1793246843681 750.7753716300999 1045.143350438507 815.0082252004642 -681.5151863614497 758.7018259868622 1039.2305671379174 831.6903975890976 -809.4011107412811 760.379008085168 1039.604312582809 796.1093875325172 -662.2949910906527 758.1383357182997 998.6929690111966 915.2530386335467 -678.3907520477931 750.8177617597981 1046.1064409250207 801.5339005370066 -693.9048004137331 757.4957399271829 1009.1933526566471 891.0069946121934 -654.1526893275134 748.570147010738 1050.225674848242 841.3315438999707 -609.7018663266466 742.0769589538806 1049.799345613726 805.8538978164892 -607.3365182008655 745.6656925480823 1021.5855643441213 899.6617206619932 -803.15400917292 760.9364422945879 1030.7624874933235 805.097424575459 -740.7133662244204 761.989689822948 1038.646288222097 810.4918559044692 -601.7932330430713 740.4925256374809 1025.6077559367054 881.3497174558237 -762.0003928411596 760.9331920244304 973.7673170124632 922.2793452045578 -641.4968974273187 754.713431946244 976.141274305538 913.8653470501503 -696.2348952271566 761.4373425054118 1025.6831087193505 814.9827780461503 -752.4491856168302 752.1285338595347 1026.436300857172 874.2652180383536 -736.9798003442522 769.1384480191787 1048.4370096363225 823.7284260549468 -658.3080826879382 753.0365817343089 1031.5735569839705 798.3948102109241 -669.3232517533161 759.9242420482036 965.8521431863827 926.1405199639545 -787.523208428793 760.3499946234755 1039.7915082413215 854.384362511676 -665.0169065091043 750.0214700335767 1044.7131741637086 779.0228982496802 -687.7007535064369 761.9730550635887 1002.5835795308726 902.8168427958825 -702.2943321112821 755.1389618399496 1031.5838957645428 829.5148567056455 -784.3649786212359 766.0365629016281 1028.4265643174058 866.2891182805392 -691.7188363914809 749.6972913790491 1059.8064886962059 779.331655799515 -675.6391198633185 755.3112976171711 973.0147046413804 927.1467808488973 -628.1675603942062 748.5359168687075 967.2311534825994 930.8584811506176 -711.0347168612677 755.2464487015205 1027.079279450895 838.9135754172237 -704.4160231575413 764.4728603236656 1011.6055271117344 895.8791289181936 -771.9723138430584 768.5237994621681 995.313096894881 910.0824863781535 -620.5077045135557 747.4837975741892 1033.6524021377236 822.5101765985642 -634.9995004073517 743.2285202911681 987.6073572705511 913.1633178497538 -728.892145327459 753.7619409943917 1036.3356553512117 867.0393237721902 -708.2344277985928 753.112824153972 1062.9776916563287 749.3978812432382 -730.2596532942678 766.209715635291 1062.2268266952549 766.9513148476886 -737.6152885372618 752.720483852793 1017.1172834314194 840.9702849235956 -833.6936017266364 757.1835085954007 1017.7972232282499 879.8798741120071 -764.4653279437972 756.1685337459738 1050.164917399284 759.3953951990532 -855.8601439655014 740.4436011215071 1051.1910276930168 765.5501253952518 -705.2784885857701 758.496519809571 1037.9075022499671 782.505173859885 -753.9271087993978 761.9865957582856 1056.8021233329011 795.9488374612574 -666.9620948395158 752.3256133320905 1006.5885677535749 906.2674563571619 -642.5959045807056 746.2854829670987 1024.4066314782888 891.592785946607 -751.2561783534048 757.0562696131984 1052.4577460113094 789.6018308479463 -840.3483504545701 747.7672686617528 1021.326879997461 851.1797644669813 -829.1553084007971 751.7791982203822
1620.0016359619212 5.692351111853335 4.26926333389011 5.6923511118536405 6.513238477215448 7.115438889816852 8.538526667780264 4.269263333889921 0.0 4.269263333890322 4.269263333890348 5.692351111853734 4.269263333890147 7.115438889816873 8.538526667780289 5.131015952932885 4.269263333890248 5.692351111853407 7.115438889816767 5.6923511118535455 10.262031905866278 4.269263333890304 5.692351111853722 5.692351111853445 4.26926333389029 4.269263333890357 5.692351111853572 4.2692633338901205 12.158867304834745 0.0 5.692351111853471 8.538526667780525 7.1154388898170735 8.538526667780118 12.158867304834839 5.692351111853476 4.269263333890228 7.1154388898168595 7.115438889816817 5.692351111853789 5.692351111853554 5.692351111853684 9.000397377424397 10.262031905866271 12.158867304834653 5.69235111185345 12.158867304834718 12.158867304834763 0.0 7.115438889817046 5.692351111853449 4.269263333890129 7.115438889817003 5.692351111853587 4.269263333889953 7.115438889816916 6.0376501081297 10.26203190586618 7.115438889816977 5.692351111853229 5.692351111853402 7.115438889816933 5.692351111853643 4.26926333389024 7.115438889816728 4.269263333890059 4.269263333890028 5.692351111853326 4.269263333890197 12.158867304834645 5.692351111853561 12.158867304834802 11.38470222370721 5.692351111853656 4.269263333890123 0.0 4.269263333889953 7.115438889816928 8.538526667780465 7.115438889816955 7.115438889816998 7.115438889816904 10.26203190586604 4.269263333890296 5.131015952932944 4.269263333889926 4.269263333889997 7.115438889816837 8.538526667780475 5.6923511118532675 5.6923511118536805 10.262031905866234 5.692351111853385 4.2692633338901995 5.692351111853351 5.692351111853508 5.692351111853414 4.269263333890272 0.0 5.6923511118535375 5.131015952933008 5.69235111185341 5.692351111853664 7.115438889816776 5.131015952933032 0.0 10.262031905866237 12.15886730483457 4.2692633338903185 4.269263333890307 8.538526667780495 5.692351111853634 4.269263333890168 7.115438889817032 7.115438889816859 0.0 7.115438889816861 11.384702223706862 9.00039737742465 7.11543888981727 0.0 8.538526667780333 5.131015952933109 4.269263333890151 7.115438889816862 0.0 2.9884843337231426 12.158867304834514 10.262031905866325 0.0 5.692351111853422 4.269263333890041 7.115438889816887 5.692351111853648 5.692351111853493 7.115438889816808 4.269263333890187 5.692351111853329 5.692351111853581 0.0 5.69235111185376 1030.824096678435 850.6155317369773 -807.026937591582 760.6079831193255 1047.8721206211183 781.4524676161553 -768.1231989939863 768.1588610669879 1035.3469213709093 804.3560754825396 -826.1577919898051 757.284055352207 1042.1268171783129 800.6360386966987 -818.3333537328041 751.9621793390685 1020.5882827089554 834.7390794060401 -662.7684528275753 750.6515553809111 1025.0348758918476 858.2008020864283 -711.7540790408683 757.5525147364181 1004.0654560304927 908.4186848942499 -628.0710633915793 746.8384183401598 1008.1997535172778 893.9380442954748 -782.6232256014549 761.688740800834 1029.0515852237895 867.3223015181417 -866.2862528838233 736.7750375926651 1023.356312980813 825.7227024605289 -857.061157457666 741.3363506726885 1017.5768432995822 849.9958439262496 -730.0776445094109 762.242674049701 1041.850953794834 853.6455058039518 -667.8455991168468 762.006937190049 1046.3889090981077 793.6342340244289 -644.6476181194536 755.1081816282864 1034.7453385046517 825.8571173901247 -701.3473249870151 753.6615299710529 978.871047795264 915.1191698726733 -737.7426419822389 763.1464746577041 1016.2975338718387 843.5958642875589 -830.6625113803597 752.7594808372407 1024.8004414569832 818.1206490025671 -850.757791331437 747.1108613134131 1034.3977505528112 835.2334565910637 -742.5742943767135 759.700304407385 1043.1157513472363 780.3149765861875 -792.6254536977914 760.8000083187111 972.8876948364818 929.8556629715638 -758.2627124715142 752.9235534618604 987.4445298678635 908.7910847020811 -737.7441019973838 756.951108718842 961.6772912083079 953.7895770327801 -620.2228060008042 738.9909804151049 1019.315298266199 843.4546406787676 -652.0010548562984 750.8764477593612 1049.4332814573422 760.5923679660392 -860.826770213845 735.7783627065236 993.1978484760582 919.5902882513404 -657.7117168366996 755.0370719599708 1041.181273573323 822.0014728994487 -693.2977996449871 757.3364318149987 1032.0371745392706 842.1417019828316 -816.8801721294576 757.853436713627 1034.7312278194076 812.3175586011198 -681.1413672125344 755.4695250783869 989.0419660982336 927.8342402810073 -693.854664442677 753.8626933988257 1044.2047769926662 808.0184379352929 -703.8432957062898 755.7912734545932 1002.8727616192474 898.0821351495127 -668.789748581208 754.8837319145724 1044.321088403729 844.6066545999068 -625.6294644957388 740.0072790287267 1049.742204840836 813.7552967249619 -618.3655277305672 747.106327087077 1008.1898807216205 900.4171175381206 -812.5145253107769 761.5921230088471 1018.9583271318653 821.9135241472678 -753.8386346649745 759.0713921889487 1033.9956704296972 818.8935698854348 -614.3208833234912 743.2157552654614 1020.0064935808572 891.187212157071 -768.0418944993753 765.5101435110433 966.3925564246355 930.5330549539713 -652.8268689669296 760.2540470123906 972.8305877211611 924.6901184877241 -707.5759146243956 762.2003552211162 1016.4125087313287 831.8717694389771 -766.870230129762 751.0513793506384 1014.4753961885469 880.5481999118666 -749.1815513399115 765.2633127819364 1046.386965936861 828.1509644406528 -678.5978123894243 753.9457830328558 1029.9732804092669 812.143980482224 -678.0940541676741 760.3023550166567 961.1494953276277 942.0829005352115 -799.5664647736942 759.0967168257755 1036.1880235548908 863.8575978455028 -673.8653523544101 750.9739055912461 1042.1497888843235 788.8097210454066 -698.6600133699106 760.576813200866 989.9222516355204 911.6481386614129 -720.6022189682702 759.4181023640657 1026.0575469122477 843.4441343562744 -793.773712264675 764.4388122570948 1020.1793593318334 873.7614518888024 -707.8228909038411 751.0904274754622 1054.4867703335187 787.152598590202 -687.8579964711494 757.6296907753319 968.1237110421644 939.7402036278735 -636.1693266436 752.0146754087488 961.4749683100666 947.9799630598329 -731.4607703050386 752.8494907209378 1022.1900404579602 848.2560030070161 -713.4035957794738 765.4856414916974 1001.7671364751868 905.1121886389117 -776.2232437734004 766.0974990801286 985.1161756449653 917.9350349683585 -626.8092997525152 752.2628064598522 1029.3652946620896 833.2764208293291 -641.4973005641397 750.221833419552 980.4209573336686 924.765995121396 -743.0971916098296 752.0877323642895 1035.6767139687763 874.9209915788584 -724.6546100526198 755.0971856719025 1055.9848408242365 756.3615531917973 -743.1515290186422 765.6839893404962 1060.195044606494 776.8543721175201 -749.1398470161042 753.8700553305094 1011.5024926604078 852.8714210027198 -847.5006082492463 753.5188393819203 1014.4708995351647 885.3876679645856 -777.2982595508232 761.2839231907615 1047.5277768516232 768.084143935229 -870.925697105032 733.745891091487 1048.383122104453 774.1464561825916 -724.4029472992713 762.5592077262871 1033.3901121655804 792.8049037831901 -763.6647021004572 762.0274163888313 1056.4264234451284 802.5580436447977 -684.297780775085 750.7537183419937 995.5074792747535 913.3300862930151 -655.3159015860938 748.1249075935895 1015.2650156309451 898.2686304756779 -763.0426359586943 755.4547681400722 1051.6994128153012 796.8451330302671 -853.6798237927635 740.4512738963523 1021.9893912647078 866.5509298148817 -840.1195192565755 752.9034043365621
1630.0016359619212 5.692351111853553 5.692351111853637 4.269263333890161 5.692351111853757 7.2462290565179925 12.15886730483485 12.158867304834837 10.262031905866161 5.6923511118534575 0.0 5.692351111853652 4.2692633338900725 9.546363028425647 0.0 4.269263333890263 12.158867304834647 4.26926333389025 8.53852666778048 12.158867304834752 10.26203190586609 4.2692633338901285 0.0 5.692351111853509 4.269263333889992 4.269263333890334 4.269263333890087 12.15886730483454 0.0 7.1154388898169545 5.131015952933166 8.538526667780506 5.692351111853581 0.0 5.692351111853508 4.2692633338900094 12.158867304834587 5.692351111853483 10.262031905866266 8.538526667780385 4.269263333890054 5.692351111853441 8.538526667780275 5.692351111853554 5.692351111853623 5.131015952933031 5.692351111853518 14.230877779633941 8.538526667780262 5.69235111185342 5.69235111185364 4.269263333890506 12.158867304834871 4.269263333889803 8.538526667780134 12.158867304834729 5.692351111853697 7.115438889817024 0.0 5.692351111853587 10.26203190586635 12.158867304834713 2.8461755559268114 4.2692633338901365 7.115438889816788 4.269263333890141 10.262031905866133 5.692351111853456 7.11543888981682 8.538526667780399 5.692351111853646 8.538526667780545 0.0 5.692351111853724 5.131015952932972 4.269263333890128 4.26926333389024 8.538526667780252 5.692351111853508 5.692351111853693 7.115438889817135 4.269263333889922 12.158867304834747 5.692351111853735 12.158867304834661 4.269263333890234 10.26203190586604 7.115438889816932 4.2692633338903 5.6923511118532755 12.158867304834706 5.692351111853468 4.269263333890098 5.6923511118537204 5.692351111853451 5.131015952933343 12.158867304834667 4.2692633338901445 7.115438889816856 4.269263333890481 5.131015952933133 4.2692633338900805 4.269263333890288 7.115438889816984 4.269263333890147 12.15886730483492 4.269263333889985 5.692351111853543 8.538526667780395 12.158867304834613 4.269263333889993 10.26203190586634 5.692351111853415 12.158867304834613 7.115438889816828 0.0 7.115438889816956 10.262031905865925 10.262031905866284 5.692351111853335 7.115438889816735 2.1346316669448604 7.115438889816732 7.1154388898170104 0.0 5.131015952933169 10.262031905866236 5.692351111853564 4.26926333389005 7.115438889816979 5.692351111853743 5.692351111853641 5.692351111853409 12.158867304834658 7.115438889816948 5.692351111853662 5.69235111185342 4.269263333890064 5.69235111185366 4.269263333890013 5.692351111853667 1023.6865223073207 856.9724570602085 -817.4733274589837 756.9912873390412 1044.2484262793869 790.4971655869606 -773.2427765950378 762.9843937362409 1025.1922850706694 816.5355750650953 -837.6692477448881 751.9090768148312 1030.4703732296234 811.6403698215504 -830.2614157054957 747.7492916053322 1009.6317659988935 841.9990761074495 -678.7401326930543 751.4461388246694 1016.49915550432 869.6485751476736 -720.5434207247774 757.1755868588973 992.6459351741663 919.4197178317327 -639.8314152675784 744.0469483993971 999.3268101937981 907.679577276265 -796.5083909012753 761.0145318692577 1025.0134600647536 870.0790391557103 -878.1233357684772 729.9816645476731 1017.9126154926929 837.6780808745191 -870.2634342725876 729.0094760017585 1009.2249725775383 859.504027182145 -745.7615624840164 767.3337539277838 1037.3844635430867 862.3442346288696 -677.7082329619476 757.363412790458 1040.1026984203627 809.7830923221915 -652.493718112649 754.6532020641088 1024.68361767503 836.0055269574049 -711.6711272603077 748.3590995564388 972.5689643833267 927.5119928310712 -751.5905514941464 761.190065842163 1005.8919641304415 855.5363611791665 -842.9676630511682 749.6074078115964 1018.4646414237537 831.3372636578282 -860.7667126841704 738.4608535633131 1026.4452417752598 840.9250311087939 -761.0133900199586 755.1893729363551 1036.57137495531 791.2637326720936 -803.5112697967089 764.7036873198878 968.3542586227953 943.8287894234219 -770.6981001058873 750.7709079257949 984.3030860127124 917.6466146751293 -745.3996940098849 758.7983990936328 956.2988109721512 963.1908467087759 -632.976383409942 745.8641353099696 1009.736661087593 850.8511951500121 -663.8778315129365 751.106543022134 1043.473419769287 775.7836227110755 -863.9585846164962 725.8231531699403 982.8317104637463 929.412069935705 -670.3453149963534 753.894186432188 1033.3292863931595 827.8322662852353 -706.6078473366216 755.2700281654195 1027.6381810694622 850.8856344679548 -822.4152555399522 752.1343417851967 1024.8086152656726 822.6258919457454 -695.8925612078082 758.3122910895887 976.9071574516161 936.0757002164053 -703.4930419473478 748.7534794896256 1038.255519245753 817.4093936549901 -715.3821404145651 757.4223614864737 992.5068441109106 907.9042028102205 -685.409325403539 754.2210230284286 1039.9155377210793 853.3460343344285 -639.0477999876673 740.8730590022168 1047.606918424435 822.1776468977232 -635.875687775282 750.3207861494591 997.4858517603271 914.1778349068849 -826.64485868511 754.1487093824616 1014.4364617472628 834.6669621804479 -766.6685527536933 758.0942791086046 1026.4605718179573 828.0699564973863 -626.9545881434651 740.6823996823834 1011.0328404614474 895.893007938804 -779.5659007799252 759.7563236069415 960.8055826187322 945.6852826139248 -660.6315494762342 758.4675932388977 966.8860569013549 938.4626427583139 -717.6841338689594 760.4372909403252 1004.1843921978813 844.2956581909381 -780.5107681342053 747.1091061154497 1009.5673945375054 887.8245535742974 -761.4360289672322 762.1250206058997 1043.9691312042487 838.4797331253983 -692.9148979847639 756.8457803061485 1020.8827996952378 825.1782659640359 -686.252375775309 761.6451565666129 953.0787546077006 952.8954149990936 -807.0454282448856 756.5253930558205 1033.7672677035268 870.1631116518452 -692.0334301283046 749.9190661919533 1042.1272988459643 802.6243203082737 -707.4373545498971 760.3666578351407 977.4490840895521 923.828149796167 -729.1249020507488 757.6904011032601 1015.6057151876894 850.0740041481295 -808.7369862107802 764.4527449305895 1017.5686181845756 882.0281194002797 -720.8638467874795 747.5814849564701 1051.1626679878846 787.676385415877 -702.1866052892474 762.6996430777652 965.1705803200063 951.9446778648871 -645.776120957458 753.8804636898815 956.2264168810392 959.1936820623323 -738.9147918659854 757.3348251100692 1015.4789212226749 861.2952819887637 -724.7389939896356 765.8141364853874 989.4633003009478 915.3231290576979 -785.6642419472194 764.446586770375 974.4116059053448 931.6953114100226 -636.3112992955713 753.1325186602927 1019.0745029666332 845.3137671409314 -654.1191387485865 749.4719123627724 970.054797852791 934.5877570541135 -754.182592638595 754.2530853995798 1032.5229807680714 878.4637346543133 -737.5186832638284 754.7625332733887 1047.638438011808 777.5140188860269 -755.2224013129962 761.5562455158109 1053.7237617351636 782.0206141163459 -764.7577937301987 751.0712366970395 1002.0609084772865 863.5238662785138 -858.8832751423702 743.1192080900993 1003.0529729836197 896.3903666848884 -788.2827173785334 759.1470685629713 1040.4290798698657 782.400416883678 -883.655171608935 726.6304671715787 1039.2295475262272 787.000481648564 -735.7759734517725 766.3358429532193 1034.652730577517 804.7309322901203 -773.56569237087 759.269614424836 1046.8214355612868 815.1219553173546 -698.2550553213716 753.5925914244237 984.0878353749633 924.3310064786908 -667.2058584539766 748.2812705749923 1006.2911468382347 902.9736839180287 -780.3890159984801 753.0499790974067 1047.798152679951 807.8666615738559 -864.4329464222427 735.3122953078719 1019.2218527801384 876.7918019785798 -852.3051510026087 744.7383016797484
1640.0016359619212 4.269263333890031 4.269263333890149 4.26926333389009 5.692351111853672 5.692351111853741 0.0 0.0 5.692351111853434 10.26203190586616 5.6923511118535055 4.269263333890221 12.158867304834873 12.158867304834915 12.158867304834667 5.6923511118535695 4.269263333890291 4.269263333890256 7.115438889817081 5.6923511118537125 7.115438889816824 17.077053335560677 5.131015952933103 5.692351111853596 10.262031905866117 5.692351111853636 4.269263333890069 4.269263333890124 7.115438889816829 12.158867304834697 4.269263333890096 5.692351111853357 12.158867304835008 5.692351111853514 4.269263333890207 5.6923511118536485 9.000397377424587 4.269263333889781 10.262031905866218 12.158867304834713 7.115438889817025 5.131015952932925 5.131015952933132 2.9884843337230755 7.115438889817051 0.0 8.538526667780106 5.692351111853677 8.538526667780369 7.115438889816792 5.692351111853532 5.692351111853508 4.2692633338901285 4.269263333890247 0.0 8.538526667780275 5.131015952932925 5.692351111853764 12.158867304834745 5.69235111185364 10.262031905866207 8.538526667780225 5.692351111853511 5.692351111853634 0.0 4.269263333889962 4.26926333389026 8.538526667780559 7.115438889816945 5.69235111185357 5.692351111853543 4.269263333890254 8.538526667780333 4.269263333890304 10.262031905866268 7.1154388898170255 5.692351111853676 4.269263333890067 12.15886730483493 7.115438889816867 8.538526667780088 4.2692633338900094 10.262031905866227 4.269263333890003 12.158867304834715 12.158867304834907 5.6923511118533465 0.0 10.26203190586622 4.269263333889945 8.538526667780193 4.269263333890306 5.692351111853535 5.692351111853652 2.846175555926881 10.262031905866289 5.6923511118536085 4.269263333890176 8.538526667780495 5.6923511118534265 0.0 4.269263333890133 5.692351111853455 10.262031905866335 5.692351111853392 5.692351111853611 10.26203190586625 7.115438889816785 4.269263333889943 4.269263333890266 4.269263333890312 8.538526667780472 4.269263333890147 12.158867304835 7.115438889816959 4.26926333389024 5.692351111853596 4.269263333890525 5.692351111853507 4.269263333890162 7.115438889816931 5.69235111185338 0.0 7.115438889817112 5.692351111853479 7.115438889816756 3.9846457782973803 12.158867304834779 4.269263333890154 4.269263333890086 0.0 4.26926333389007 5.131015952932906 5.692351111853356 7.115438889816816 5.692351111853308 0.0 4.269263333890004 9.546363028425903 10.262031905866092 5.692351111853631 1014.8994252370079 859.757698983019 -822.2397094893591 751.5187734418435 1035.6039485195533 797.7945627150916 -787.1811854573887 759.9111992554313 1017.950209439906 827.005904953968 -849.1668302394415 746.4976791611637 1021.9781679063941 820.03726308293 -840.3929642665532 747.8851129124166 1000.3925974805934 850.715640513082 -691.4045952105992 750.7692198779533 1008.2565891832456 877.1266695393928 -738.3418545504757 756.8968839755005 984.386877727567 926.8833049494652 -659.1852962248803 749.1051373280333 992.81729542709 911.4053342910672 -803.0843928603539 760.7094233005876 1017.1012738916247 873.624031627714 -891.6796916704411 721.5330889123028 1008.4157919119099 850.3730132927174 -883.3971200155956 723.5351293569229 999.1008004197237 868.4879760112957 -759.1112169946737 765.0569136708635 1034.81248940131 870.621665320632 -690.7455051125496 759.0590868496665 1033.9677882860738 821.0642479510586 -660.6004091559292 756.2688278057456 1019.2248334885094 845.9380017369418 -726.6014835663702 750.1584527232937 962.560362372604 938.7134575619929 -762.8944833119785 760.6026640061173 994.8771387207202 867.9569403108105 -854.729602954797 740.285721103506 1013.4011483637265 842.6268329558847 -869.2612240334424 734.0648049933387 1021.8628788324329 851.6082208086124 -771.2199969798152 753.5020753980325 1037.2813724345112 805.8359976945615 -809.877862258419 763.744208131286 957.8188860474925 955.619803011878 -781.9709495783314 747.3354589500956 974.2944963874941 928.8480927375325 -760.6538169477296 754.7317204260587 952.7905095164265 972.9908696988736 -644.5339080795613 746.3788379592391 1005.236133932407 859.5379469710832 -674.8429734224054 749.7888577119013 1040.6704766955497 783.5487865047456 -869.9295127191842 726.120212913521 976.1720724712184 940.4251918747595 -683.3438202202678 755.7838971018714 1028.9958572889325 836.5958917081501 -716.4580470714874 752.2041515021011 1024.727289171595 857.79400326464 -829.064627140374 747.2348867406455 1022.9068899698647 830.362267492761 -708.7527868364904 758.525856810438 964.979826507926 952.9843249159604 -720.3389223126042 744.3193308603011 1028.2533794414467 827.5796436235283 -726.776602060329 753.8790845333209 987.2392033111954 913.7997618452113 -697.9209576427428 752.2982331305728 1039.3167491877336 861.2262332897311 -649.1098360496735 748.4881420970748 1037.6053973221042 832.361920982883 -645.3993347570228 750.9267838133034 990.8071247893037 919.8728090065053 -834.8327182619884 751.2142728805943 1004.8792909766098 842.0593503924399 -782.0774371795436 757.2091267058418 1022.610207616397 836.2302229245149 -637.2958101957445 756.8057216949629 1006.818930378467 900.6096611240629 -789.4088821009311 754.1616189664844 950.2702099954988 957.4762961736685 -674.6283302986197 755.6515466981813 958.2885476370736 949.8647079558784 -730.5399709684863 760.1222977291477 993.8918705563729 854.1935133530197 -793.5521263891055 746.4264715311158 1006.0689815559351 895.3006411827204 -774.0162177650702 765.9244765469756 1034.3356812815136 840.6315836115502 -707.5170301800252 753.1764760324953 1013.8126314034398 835.2677407784644 -700.1536808968758 758.2752226673837 950.294835090593 963.1306349175208 -812.92322746994 749.430402074618 1029.2373571967055 878.8300663469607 -701.6149605357185 749.6111917518082 1038.1089012921732 811.5369379220454 -721.6549180037993 758.7989714521062 968.3248177708463 935.8197726064498 -741.8851731271308 753.4402974068333 1008.176880033276 865.6584925468906 -819.5068838601403 756.9236680869056 1014.6172666531868 894.2330174212175 -732.9192892324954 751.0087407253362 1045.42555641376 795.240378309644 -709.3970196677493 762.5968780495676 959.395260268252 963.7479475489275 -654.423352082258 753.1191024213044 951.5046340840669 969.8178503876279 -753.8430650752077 758.4240235663954 1010.79460793162 871.9383835710865 -735.8112751382936 764.5429073469891 978.3820447019782 922.3855275859835 -794.3063587004377 765.3822515068039 969.3514033934072 946.2579895663613 -647.6435280468265 757.1337392425054 1011.7864282207424 853.6457333566452 -667.8528445565 751.6091504230251 958.108331065974 946.1781689166495 -766.3593534276837 750.8425171521488 1018.7972652644943 883.1740060841609 -748.8055813760794 754.4057420391307 1039.7349851093377 790.3289624067226 -770.9850017766792 762.1041459281048 1046.1567075684736 784.3097221849215 -774.6304758016554 748.1654518274624 1001.5059903536451 875.733077921179 -872.5337714161867 736.820436282316 995.6785034750505 904.6443072044823 -806.6208592705791 754.1916330518009 1030.8564574159425 794.9906736486288 -893.7314422575969 717.6284302530181 1027.624318776101 801.9670551880406 -744.9989483299211 764.1087804739481 1028.523556076833 816.0443363388464 -785.0219170214765 750.7473962551596 1041.8073305702906 823.2453525888455 -714.1625295558562 748.3380705913328 973.5524746863135 936.1220326101462 -685.0971481708181 751.2271085063921 1000.8544343745473 910.8385909413148 -796.9506734036826 750.6204027569231 1047.6553169767096 813.7680360592663 -876.5868493507701 729.3847896413823 1011.8528987752823 885.0496589759222 -866.726834403377 738.166071339204
1650.0016359619212 4.269263333890063 7.115438889817083 5.692351111853522 4.2692633338902 5.692351111853398 8.538526667780166 5.131015952932939 8.538526667780417 8.538526667780525 0.0 4.269263333890012 5.69235111185366 5.69235111185338 17.077053335560727 4.269263333890113 5.69235111185372 5.692351111853503 8.5385266677804 5.131015952933166 5.692351111853527 4.269263333890012 5.6923511118535846 5.692351111853617 4.2692633338903425 5.131015952933195 4.269263333889988 4.269263333890314 7.11543888981698 5.6923511118536725 10.262031905866072 0.0 4.269263333890138 5.6923511118536 12.158867304834834 12.158867304835 4.269263333890195 12.15886730483485 12.158867304834745 4.269263333889966 10.26203190586609 7.115438889817053 4.269263333890208 7.1154388898168 17.077053335560624 5.69235111185368 5.692351111853468 4.269263333890038 12.158867304834766 5.692351111853732 5.692351111853727 5.692351111853346 10.262031905866179 4.269263333890128 5.692351111853649 5.692351111853377 4.269263333890132 4.26926333389023 10.262031905866442 4.269263333890355 5.131015952933049 5.6923511118535615 4.269263333890254 4.269263333890064 5.692351111853367 4.26926333389043 7.115438889816818 5.692351111853349 0.0 0.0 12.158867304834741 5.692351111853419 4.269263333890175 10.262031905866074 4.269263333890337 8.53852666778044 5.69235111185346 5.692351111853612 4.269263333890161 0.0 7.115438889816924 7.11543888981686 5.69235111185355 4.269263333890277 4.269263333890146 4.269263333890133 5.131015952933116 7.115438889817051 5.692351111853678 8.538526667780138 4.269263333890355 4.269263333890341 5.692351111853701 8.538526667780284 10.262031905866277 5.69235111185356 5.692351111853495 5.6923511118535 5.692351111853604 12.158867304834875 0.0 4.269263333890277 5.692351111853478 12.15886730483468 5.131015952933149 8.538526667780381 10.262031905866234 4.269263333889929 7.115438889816921 12.158867304834672 4.269263333890004 0.0 12.158867304834782 5.69235111185338 5.131015952933251 12.158867304834688 4.928876916767763 5.692351111853604 5.692351111853609 10.262031905866065 0.0 7.115438889816724 12.158867304834864 7.115438889816985 12.158867304834628 4.269263333890404 3.9846457782973803 12.15886730483462 4.269263333890074 5.69235111185333 10.262031905866193 4.269263333890326 5.69235111185342 4.269263333890249 8.53852666778037 5.692351111853524 12.158867304834658 5.6923511118533305 9.000397377424468 12.15886730483477 4.269263333889972 1010.5380767076279 866.4584867432152 -832.9032744478769 743.8369496370268 1024.2807603001356 807.9715292726015 -794.2943683129203 756.2900447373419 1009.663367899817 836.5498005879317 -855.7671847430124 741.3640247982954 1014.6603854556965 830.3867709685478 -852.0787124171195 747.2863684351264 996.7546018863217 860.1787548400134 -704.4603912110463 752.0224347560148 1004.7649280563135 884.6056550158925 -746.7258191259169 760.7972927925199 978.6115682435743 938.6865787433895 -677.1852154143058 752.7339638197062 987.04202554455 923.2086365362588 -812.0320897776307 757.5602732893759 1014.1398409867802 880.5134433561137 -899.8546335856001 716.7659379560752 1000.5586202103531 859.2602827745308 -893.7814568455427 719.3141954680875 996.1381398442925 875.3780094469319 -765.998521318287 760.5264271924525 1023.7477445776568 877.7098271070038 -698.7009108565436 758.8254559579851 1022.4194235572161 830.9714253428274 -670.1466530348974 756.2290762584341 1015.1952185533069 853.8139328919243 -742.5772018950106 748.7054526590848 958.1961374947012 950.7173296442402 -769.4007460009761 754.9085996196195 989.4512187411079 875.8289419627151 -862.0662612517581 737.3423119842921 1006.8173663704383 853.6880960801017 -878.6711633338601 725.9337425005763 1013.4844681328378 861.0979892283312 -781.4201472308013 749.0342077011917 1032.570637015784 815.2534125172403 -822.092613996982 755.6129354993798 949.5789340861929 968.4015717827452 -793.9550192273832 748.3740631165792 967.6157173200023 934.5429996436081 -769.4187050681657 750.9086650939113 944.3622114074595 982.4236805353545 -651.3425854209754 750.5028983258537 1002.6435961630617 867.8113093405804 -688.4012357249859 754.8837869950537 1038.348586972481 793.8242830495914 -887.6921745073499 722.8573810697894 968.1013335335925 951.2377078404735 -696.156568882816 755.9865568679083 1023.6726781456747 844.52394010237 -730.0541892724526 751.5543133445217 1018.4374343867739 864.8949074446559 -842.4825599654705 744.7972380479207 1015.8073174016555 836.7421629724446 -723.6874928876504 756.598936379631 962.3651183369869 961.2502905587429 -731.0951131836441 741.8718085754275 1023.344001579157 836.8988669978812 -738.5976980133366 752.2339535466068 978.8109290662478 923.2325989920962 -709.3330541133621 757.343060496886 1031.5802330951487 862.8151201853105 -668.7341869086863 752.5968687591486 1033.4849120421688 837.1755138763498 -661.6460039574634 746.8303645367621 983.0939663641219 932.0650473246309 -844.3481479146155 749.5932873058475 1000.6928428503427 846.7994733731493 -790.3471316289084 752.002496956332 1015.232780655783 846.3967190759735 -652.8558880478375 752.9837542234196 997.6756287685957 907.2832399952638 -801.7706062823692 753.7380085087077 938.512088851719 972.4156653780434 -681.3628541376725 758.2205881059374 954.6394370099194 964.6279871609566 -738.2697691092567 758.2290131633963 992.0226286689004 865.224871277414 -810.7616820590313 742.980290912595 995.514614072224 901.7737062626712 -777.8220820021409 762.2295639285759 1030.1840736496852 845.3991790010207 -722.9677338029824 753.5599926269275 1006.5210645295297 843.5939842302239 -717.459716348501 756.0880656320703 938.7250600804034 981.4189620475352 -826.0229885997869 748.4808826305027 1017.4465768892184 883.1481538452481 -714.7330432354795 750.6249693056964 1032.9609930489598 819.5724532620842 -733.7881168660051 762.0376219029533 964.6565733371117 945.2648404436579 -757.0935727987725 757.8496267590438 1001.0174201422004 877.2805223447364 -829.1922865581323 753.4161627918942 1004.1277013900744 895.4631570513898 -748.8325552353435 755.5089434237245 1038.9964700973778 803.2842205953408 -710.714834014352 761.1119348365621 956.592205862894 968.6649552383243 -664.5873863153569 757.8726664547114 945.1834105028188 976.8924585154281 -761.8639785247374 754.9009796947748 1008.5248818488699 876.2704925527713 -739.4613500928335 766.0519245737107 974.8830174653884 929.8613424928444 -801.4048276397996 761.7105568769429 957.9317050779713 957.2588505249664 -655.4977072735886 756.3360016925436 1004.0822703120009 860.5521272226268 -683.4674726754376 749.3412871173978 951.2794738752262 959.1605399970974 -778.1126382424791 745.9638778208117 1008.7728271981441 889.0629602630928 -761.3619550425774 752.2612795034902 1032.134864233304 807.5149222612307 -782.358756026453 756.034946868244 1042.6115446203542 796.6165108081462 -790.4330849092573 745.5661384078744 995.7379005129919 887.5398512755876 -883.6030878789915 730.5333571190276 988.999764303606 910.3392729016841 -820.4116750934983 750.5534807458484 1031.6364783713977 799.6976278405442 -903.3057741277771 709.9736645790582 1016.8054653657528 809.4273807329231 -754.4411841417574 762.7417028461676 1026.2296136403909 822.404448645796 -802.2766143414116 749.9774854775264 1041.469265757468 829.1543334271821 -727.0307350660225 747.9320146488 971.6337475979541 941.8291939671049 -695.0607342998866 753.1561827203307 990.1115924233608 913.9625400550543 -810.8186144867855 749.5725583012362 1040.6838165756094 820.3145844974857 -890.3206155645142 726.4690649338455 999.7202969181462 893.2938623591504 -873.5711350676418 733.9340192659778
1660.0016359619212 5.692351111853544 5.131015952933173 12.158867304834741 4.269263333890219 7.11543888981713 5.69235111185374 7.115438889817039 0.0 0.0 4.269263333890143 5.692351111853445 0.0 4.2692633338902 7.11543888981692 5.69235111185338 8.538526667780468 4.269263333889881 7.115438889816906 5.131015952932933 4.269263333890216 8.538526667780449 4.269263333890092 4.269263333890288 4.269263333889965 4.269263333890146 4.269263333890121 4.269263333890225 0.0 8.538526667780369 10.26203190586617 10.26203190586609 10.2620319058663 4.2692633338901045 5.692351111853566 5.692351111853764 7.107664841567633 5.692351111853907 8.538526667780308 0.0 5.692351111853436 12.158867304834951 8.538526667780369 8.53852666778052 7.115438889816819 5.692351111853604 4.269263333890092 8.538526667780031 5.692351111853646 5.69235111185361 4.269263333890126 4.269263333890239 4.269263333890149 4.269263333890344 5.692351111853676 5.692351111853577 4.26926333389025 8.538526667780248 0.0 4.269263333890351 4.269263333890204 12.158867304834835 12.07349269711579 4.269263333890086 7.1154388898168754 4.269263333890334 5.692351111853604 12.158867304834907 7.115438889817023 7.1154388898169545 12.15886730483472 4.269263333890031 8.538526667780113 5.692351111853684 8.53852666778021 5.131015952933149 2.846175555926704 5.692351111853498 7.115438889816934 7.1154388898167396 12.158867304834729 12.158867304834912 12.158867304834958 5.692351111853324 5.131015952932904 5.692351111853593 5.692351111853323 2.988484333723177 7.11543888981697 7.115438889816904 5.692351111853389 5.692351111853371 5.692351111853556 12.158867304834592 5.131015952933309 4.269263333890125 12.158867304834695 0.0 5.69235111185367 5.131015952933162 12.15886730483483 17.077053335560596 7.11543888981679 12.158867304834809 5.692351111853585 5.692351111853748 5.692351111853608 7.115438889817116 7.115438889816994 12.158867304834839 4.269263333890226 5.692351111853392 4.269263333890085 5.692351111853497 12.158867304834843 4.26926333389021 5.131015952933192 5.692351111853722 12.158867304834759 5.6923511118537435 5.131015952932888 4.269263333890183 5.692351111853627 5.131015952933089 4.269263333890063 7.115438889816736 5.692351111853556 5.692351111853392 10.262031905866365 4.269263333890177 2.8461755559268878 4.269263333890016 4.2692633338903265 5.692351111853551 5.692351111853531 4.269263333890208 10.262031905866172 4.26926333389045 10.26203190586619 8.53852666778013 4.2692633338901675 1001.9591364156039 877.8734930827343 -847.1689073868141 743.2033058369444 1019.6808113419763 820.6907539389954 -805.1927994162046 756.2563859598574 1002.0206350608332 848.7889016204747 -866.4842213371536 732.3827105490169 1007.7351121301632 840.0858937503648 -861.2633761233658 736.8149730109949 994.4890991610301 868.7502549166932 -714.7547908831148 754.574269060618 995.7925261102712 889.3129951027337 -757.5781994906713 761.31887451792 972.4595570601375 943.7919339157388 -687.3614427726773 750.9811863348075 982.1510449241534 935.8020626527797 -821.7602610748372 756.5398785641821 1004.3075024615404 889.7532685085802 -905.4710007608611 706.323629295484 997.3428923168792 871.7878492077244 -893.4240976747635 712.6305694410488 990.7113624093112 885.1239838524128 -776.9103314318542 758.2986624573149 1015.9986232147215 879.2750840088746 -708.5097085504136 759.1623325378114 1014.2464266498305 838.5255820501922 -681.8514356960221 754.3477849473261 1014.543895595047 861.6957477777939 -752.0122927636123 747.2276271249481 954.5278920376434 960.1623966291929 -781.4068404571216 750.9873921780995 981.5743990948545 889.9925552945075 -873.0065901973411 734.5762653284498 1000.6815215148544 858.8095167907582 -886.967114452813 721.410569578864 1007.7400962491242 872.9135878046237 -796.6943561346927 749.707124232968 1026.936261235729 821.8827865951542 -833.0497940394254 748.9294897995791 943.4269217532211 973.5069256089481 -812.7267694614711 749.3456912883233 963.9666080237716 949.3062788934532 -784.8696569802396 747.1195126777609 931.1547258350768 986.52602300871 -667.8728160037049 742.2893584605647 994.2256952608385 877.253233832821 -698.5520967873416 757.6963335359684 1032.4166737880864 799.1574412425003 -897.8043971120298 718.3423138010579 962.1376675758254 959.6920197883802 -704.9905656342394 751.7397044105317 1018.289236831794 852.4304270921955 -740.7421921597411 748.788200569876 1015.4808197546278 871.7883693638511 -850.9929731373644 738.6252024713004 1007.8097229347883 847.6075438503 -737.5829669107242 756.7422068772416 954.8211462755789 971.4732543621849 -746.0431529992592 742.7995785445231 1020.8059206038627 845.1890593583906 -753.9865603995985 752.5320722809101 976.0270157354515 933.467820035634 -722.7737312632572 754.6513940299527 1026.3304847300476 868.725851386254 -674.4298813835563 752.8850476265815 1029.5456706247555 845.2928362208621 -669.1757607643201 749.2927959207949 972.3702511646173 940.507107615236 -851.4331055971302 744.0156576118155 991.7975531238102 862.1660938275111 -801.9856653969828 751.7303537251452 1008.9394970866737 853.5000752357777 -655.9392354551759 740.6060963372347 990.8468351947503 920.2656460564558 -812.6926361363585 756.155208248929 930.6105593752568 981.2589255375386 -694.617853935695 755.7290770047476 948.506559567367 975.0515532169287 -748.7856375783759 751.6234591941488 986.9738873595182 879.7945041313128 -823.1770133095442 744.7320528071867 994.4994404694996 913.5892412457096 -787.5985852944799 756.4657677813045 1025.3268496665587 852.7199670501785 -731.9990086004943 743.9800507338318 998.3323884204383 856.4082923398619 -732.0892008633242 752.5278864957087 924.2948259968205 988.66966017772 -839.9210131976643 740.5012705127596 1009.5512524402869 891.9972168728165 -723.9699429640824 748.4346792155256 1026.5186609423656 830.7077496993347 -744.8102080623222 760.3119095686152 955.7015068989348 955.2872022011229 -772.1787210442825 753.1702609106593 996.4709130600334 885.9390248318389 -841.5933441920262 746.0494284563824 997.1109254574607 905.096865891345 -763.8202655039437 755.9616683373348 1027.8535962105016 816.6319181183567 -727.6541036596382 757.1585568946177 942.1811066694517 981.2338655991504 -674.2926951639142 758.7604548778558 934.7981142259747 981.3960055296843 -775.9680655793443 748.6783838269561 1003.9792894732493 884.9284125592246 -751.6581453370352 762.6360061765837 967.0006259231857 944.0228163236725 -808.8539891843549 759.0835197305554 953.824984469057 966.312136168293 -666.6092206234728 756.0353416279806 1002.0091522431018 868.2287678821624 -697.1298073377623 752.90728346241 949.9066490215 969.5963621849812 -794.589271985571 742.9022296298064 1003.8855871786304 901.658149353181 -774.6050943988723 744.3565227107009 1025.2106307309648 812.0428977037237 -789.8195936450941 748.5259689791085 1034.42172508401 810.3263837393893 -806.6060674660656 748.7450970527022 989.5868655752652 892.6461605197636 -893.2313186124029 725.1946769340254 983.5820394246526 923.52225776253 -832.5348399082835 744.7210773216582 1028.3730321816597 807.3098564777762 -913.3538214393435 701.8833615982672 1019.494333622429 826.3044890008376 -766.088630797383 762.9075541314869 1017.9369739504326 831.9513609228904 -818.7741744271433 750.3756022495675 1035.676008396184 830.4188905242653 -738.1721264009118 743.8524794917222 962.867027743665 955.2005138674693 -709.3346581036163 747.7313658751455 983.113557722496 928.9141795668158 -827.0743698040966 752.4485608834824 1033.373343606666 823.4254255356619 -902.1051358387781 723.217756504511 993.9456894038697 905.097479947176 -880.0523100399115 729.278432367871
1670.0016359619212 5.6923511118534185 4.269263333890157 5.692351111853505 4.269263333890086 5.692351111853513 0.0 7.115438889816968 0.0 7.1154388898170575 4.269263333890239 10.262031905866 4.269263333890178 4.269263333890184 8.53852666778048 12.158867304834708 7.115438889816845 5.692351111853516 8.5385266677804 10.262031905866275 4.2692633338902 4.2692633338900805 5.692351111853425 5.692351111853724 5.692351111853676 0.0 4.2692633338900405 4.269263333890114 4.269263333890195 4.26926333389008 5.692351111853558 7.115438889816941 4.2692633338903345 5.692351111853575 5.692351111853644 0.0 8.53852666778015 5.131015952933331 5.692351111853295 12.158867304834603 7.115438889816836 10.262031905866401 4.269263333890296 7.115438889816961 7.115438889816963 4.26926333388994 4.26926333389011 8.330219287606683 4.269263333890047 5.692351111853463 4.269263333890015 4.26926333389033 4.2692633338900965 4.269263333890332 12.158867304834715 4.269263333890169 5.692351111853455 12.158867304834729 5.692351111853413 4.269263333890036 8.538526667780166 8.53852666778024 4.269263333890144 4.269263333889993 10.26203190586629 4.2692633338902946 5.131015952933315 5.692351111853646 12.158867304834798 4.269263333890177 4.269263333890077 4.269263333890179 14.230877779633984 10.2620319058661 5.1310159529333355 7.115438889816968 4.269263333890282 8.538526667780344 4.269263333889979 8.538526667780406 10.262031905866174 4.26926333389024 5.692351111853684 5.692351111853423 8.538526667780207 12.158867304834823 4.269263333890117 5.69235111185352 10.262031905866102 4.269263333890202 12.158867304834782 5.692351111853537 5.692351111853468 4.269263333890008 10.262031905866266 4.269263333890304 8.538526667780424 4.269263333890184 5.692351111853547 5.692351111853797 5.692351111853476 0.0 4.2692633338900405 4.269263333890086 0.0 5.692351111853612 5.692351111853458 12.158867304834557 10.262031905866266 5.69235111185353 4.269263333890171 8.538526667780305 12.158867304834622 4.269263333890199 12.158867304834818 5.692351111853648 7.5009736789498245 7.115438889816734 8.538526667780289 0.0 0.0 5.692351111853692 4.269263333890086 7.115438889816824 10.262031905866252 12.158867304834608 10.262031905866127 12.158867304834827 5.692351111853692 5.69235111185359 9.546363028425938 4.269263333890083 12.158867304834862 12.158867304834722 5.131015952932917 5.131015952933173 5.692351111853516 5.692351111853609 7.115438889817097 10.262031905866301 10.262031905866218 995.3053731641849 888.889928930839 -860.021542029612 739.7819957552583 1012.498218430169 834.3631671994533 -813.1209501558548 757.1297824577097 995.0558896802137 863.7565044158999 -878.7897984267721 728.3861281121773 1002.1675929976587 849.9428408136808 -874.1679781762152 734.039495732125 987.1423869027115 882.3256902776761 -725.1449106795744 750.6861227952352 988.796866566885 904.2660125310628 -767.672393665694 761.8790711560945 971.2558602177724 952.2585672179323 -694.8047510909037 755.4747481853693 974.4377972067033 947.9942375352508 -829.3859380502844 752.3029277483267 996.4287598331796 903.9167285569052 -911.2046561101406 700.8637876626445 997.3882344832926 882.4242213947844 -902.7597344242894 708.1345268124253 983.8850068681867 898.1079156492999 -786.6632496986072 754.9991025113387 1010.5678839959895 887.1440373968392 -718.988632377318 755.3526127526206 1004.9294572776071 841.9001131643253 -694.9052293198291 758.9258095673285 1008.4009553262356 866.8123585256827 -770.0126920449981 749.0190342427534 944.3302550190625 968.0086469938913 -788.8742661722597 748.4069117414133 976.2420578413468 902.1912985909378 -885.4037120268647 727.5374724463164 995.4463899113837 870.030068044539 -895.7939444730297 714.6669184780143 1004.4151486200788 878.4233496807984 -805.7697095208786 751.4836213243357 1020.9469515175218 832.3981350333786 -844.6669788407748 740.2892567278601 930.3703305412358 980.8930212559223 -828.679714307976 744.5169917367439 958.7163448837457 960.5204554689655 -791.9657991157363 743.4035499037996 919.1641011628698 995.6426050659866 -682.2433841568796 750.5711109417052 988.4555669625327 889.0586779255506 -709.5683968495582 756.3956101478814 1025.9934424834903 810.3126580159238 -903.8240076671531 715.9640924343561 955.306487978673 972.6726754841225 -712.6729628793678 749.9085955766623 1013.9284230300478 859.1316651434423 -750.9349443747974 747.03775528982 1014.9798650734322 877.6966981971806 -867.9534321544661 730.1316963695186 998.5207355334985 856.2755030596301 -749.7349345212723 753.2291874333833 947.9673641234554 984.4458541492148 -762.0049058953095 746.6508035486459 1016.6137681269329 849.9240530437128 -765.976874805105 753.7494350081785 970.5900745588868 941.3326332722492 -732.2507555984357 759.5129153331042 1021.2386015433003 872.6605454502643 -687.4635568893855 753.9495585433928 1021.4922723275935 850.83152569446 -677.2771723661799 753.8362386929454 963.4490324479477 953.2833351725208 -867.0584963108798 736.37239439323 995.3872255120231 875.9579131331499 -812.443912411523 750.4331988466627 1004.5700568058421 860.1952664912909 -670.2814568615868 750.1769329856542 986.1250554130078 930.8898211602298 -825.1777061779985 748.8563763724336 916.9926353189595 992.2888189968425 -702.10759832445 756.489133612098 936.016100569846 981.8548932545625 -755.9413434940559 750.7129195883492 982.9711019836142 893.1792810664231 -836.0562009515447 740.8559083729451 987.1247088636587 921.8429766365591 -798.4383422522681 753.9331638020051 1018.8703664298657 861.7857206873813 -744.636255854176 747.8268107453707 987.2877993580308 868.8070152174951 -738.9362728326246 750.6363909836416 911.0356727240638 998.7644785569478 -853.3223736367022 735.0351523590087 1004.4540446989457 895.9250217712312 -733.4338062309165 747.1166457651983 1017.1429125854515 841.4101168506146 -755.100576686115 756.0293616850159 952.0305308389253 964.7337223682123 -778.1737305956074 751.1431836790252 989.2631487138526 896.2110022832962 -850.4015049835731 740.8085679603217 990.432248282578 910.7918810255412 -772.4276120290738 754.3810309109343 1023.1993485004389 822.0114263578363 -742.6066040392052 757.9819034411116 931.9178166868966 987.2937889300727 -681.4938903846735 758.6062114752796 925.0031188393727 988.5337836529067 -780.4632010305895 742.1463870596718 997.3234484569734 895.9440427428835 -761.0350884293373 760.9938183914304 956.63358979297 953.8435192665171 -820.465137884297 758.5393088320963 946.0971294250949 978.4976030831936 -671.4207760465894 756.4161504374949 1001.3389698253768 876.1072038469945 -707.9428523424941 750.4212138725022 937.5959315549718 974.4618433438582 -813.6274889899289 744.4367683886858 996.5116368653551 909.9126190229933 -790.3010189777873 741.2238307396601 1016.8902256976111 828.8950095917645 -799.5885791495117 747.5841670689471 1027.598739700719 812.8382389561492 -819.304664259649 746.5401760560354 977.4719678446032 906.2065596721477 -901.2193459635912 723.0810915751667 976.922378380526 934.5353726019125 -844.8937271517182 735.5750092198941 1019.0980638858969 818.1164858086584 -916.9248391421718 695.9269655520428 1011.0639429281782 843.0893705227082 -779.983611564991 759.5838688815012 1009.1016922680645 847.3418498662153 -832.7496964359902 746.169439386537 1031.0833767103481 841.10186336132 -758.8749078398189 741.4966471211494 957.4452318168688 968.3818052403307 -721.3851655977271 747.216532160462 975.4003537990228 941.1063893128868 -840.2067418023744 747.1408836885558 1031.0211457137348 829.7637115468525 -912.1149200166541 715.3488401142938 982.6953090263031 914.1292005738994 -894.1639543495113 725.0590978060745
1680.0016359619212 5.692351111853561 4.269263333890202 8.538526667780586 4.269263333889977 4.2692633338900885 4.269263333890071 5.6923511118536805 5.692351111853307 7.115438889816971 5.131015952933247 5.692351111853588 7.115438889816752 12.15886730483494 7.11543888981692 12.158867304834649 7.115438889816933 12.158867304834999 5.692351111853662 10.262031905865987 7.115438889816975 12.158867304834684 10.262031905865962 7.115438889817002 4.26926333389009 7.115438889816765 4.269263333890295 0.0 10.262031905866339 0.0 5.692351111853737 17.077053335560716 5.692351111853447 5.131015952933203 4.269263333890224 4.269263333890039 2.846175555926779 4.269263333890198 4.269263333890129 5.692351111853532 8.538526667780348 4.2692633338900965 8.538526667780339 0.0 7.115438889817051 5.692351111853429 0.0 8.538526667780271 5.131015952933112 4.2692633338901445 0.0 8.538526667780445 0.0 8.538526667780292 17.077053335560556 4.2692633338903185 5.6923511118536325 7.11543888981703 12.158867304834681 5.692351111853568 5.692351111853332 4.269263333890154 0.0 4.26926333389025 8.538526667780289 4.26926333389003 12.1588673048347 5.692351111853457 4.269263333890139 5.692351111853642 7.115438889816768 4.269263333890223 4.269263333890079 5.69235111185374 12.158867304834665 4.269263333890225 11.7578877126366 12.158867304834596 5.1310159529332635 7.115438889817021 7.115438889816769 5.692351111853592 5.131015952933261 5.692351111853494 12.158867304834736 7.115438889816732 8.538526667780387 3.9846457782974904 0.0 8.538526667780326 8.538526667780216 5.692351111853701 4.269263333890316 4.269263333890256 12.158867304834658 5.692351111853604 5.692351111853512 12.15886730483471 5.692351111853414 12.158867304834812 5.692351111853581 7.115438889816964 0.0 8.125796008097483 0.0 4.269263333890227 5.692351111853607 5.69235111185362 5.69235111185374 4.269263333889987 11.384702223707055 5.692351111853467 5.692351111853348 10.262031905866253 5.69235111185354 5.692351111853387 5.692351111853459 0.0 5.1310159529328265 5.69235111185348 12.158867304834565 5.692351111853414 7.1154388898170655 7.115438889816879 12.15886730483465 10.26203190586638 3.9846457782975624 0.0 5.692351111853577 5.692351111853455 9.546363028425997 4.269263333890174 0.0 8.538526667780456 6.056605755026966 5.131015952933221 4.269263333890116 5.692351111853405 0.0 12.158867304834644 12.158867304834745 990.3966518064202 896.165888995288 -871.3900177278185 737.6449414590522 1008.3941139351925 849.7348903531209 -819.427097881803 749.5681924824968 985.414545655575 876.3459471701951 -887.3669750134469 724.4413159516541 994.6418250302511 860.1776467858678 -888.0613219768667 729.771722947782 977.3048615337897 891.5597681500382 -737.5412091682438 750.8446438471841 980.5380813556948 911.7299438024121 -778.903819656277 755.5974137044315 964.920162685028 964.6320213530323 -708.4832862264277 758.2166752370832 966.3361748777515 958.794000775832 -841.6779252367614 750.8173480457914 987.6433222145266 911.9705426865777 -917.6163070351105 698.5144556142972 988.962248195691 891.8593165107196 -909.1345082519995 703.2849088443284 971.054616082574 908.9087584709665 -800.0753015041663 750.1234499386532 1006.1870629843086 893.8312342582417 -728.7850396182291 755.1137457947355 1001.6447521763531 852.7338999902922 -698.9986530099803 759.1354322017869 1001.3682590836058 871.1343721267649 -786.5033776817493 745.8344373880566 938.308963857889 971.0467748331355 -803.6922610947598 742.9439191527797 967.8324049417059 916.9423398317427 -897.9404237446464 723.6557426059641 988.9607253435807 879.0775823854807 -902.3881627835029 714.4437723392948 1002.3306513176145 886.1012916844038 -819.6924900827144 743.4731723333722 1017.3386040785027 841.8655107474432 -857.0811718940372 736.8105591668242 926.4944585755179 988.1483880717605 -838.9166093241437 743.9694427068357 955.3591703667279 965.9939303679101 -811.1032360614461 742.5684703033767 910.7133355923719 1005.0616996446103 -692.8684932295073 747.0076422007949 981.4198763089789 893.3747743244007 -717.0875801752633 750.7277893516718 1017.5687594130694 821.8144544505459 -917.2466288921 704.5706650095528 940.9231861139097 983.0537143764119 -727.0457326175537 748.4928831734456 1008.3369709178518 868.9750815456752 -762.5999402068315 744.6084847221615 1009.3790977735896 887.5339491529218 -881.1604796467022 727.8206244474266 987.6404957711844 866.700011022913 -758.7687256455396 750.3539353189279 932.9764837180445 989.8231634201821 -782.6492736139793 743.4546888140155 1008.2096975607282 859.379889842732 -773.8521292881713 752.3501130694791 966.0215918504754 949.987692015054 -736.815106265001 758.1692961170095 1014.3738267365454 875.0130875648507 -695.2047649650723 755.8314447115586 1015.3556608304029 855.954708943337 -691.981116648423 750.624102065424 956.562108697373 960.9044672974213 -879.6864400083551 734.6246570694284 983.4452801914855 887.5533637797207 -825.684774781512 745.0778604473754 996.5102644070663 871.0166975845896 -682.6345581755919 747.6324064199682 979.8013798735475 937.9616774896627 -837.8471313182089 747.3118209757951 913.2431020118235 997.4226731846768 -715.7380141342351 753.0100473390638 927.1693367099451 994.1952190379073 -768.7284774228659 749.0799209360508 976.4813513825682 902.2239093034856 -849.1053105697473 738.7504538307875 983.6250414593601 929.3176412998037 -808.0952406248354 750.2930453407249 1013.8072949009695 871.0387852864249 -757.458358054557 743.7924130957502 979.2006584795397 874.3057029278126 -752.0922109006822 747.838260162507 901.7605085906439 1006.4137043776527 -870.8965491086616 731.0983363580131 997.0806398741693 904.1800037055284 -744.6833962226216 746.2482427967212 1018.4329944002166 848.8917696172621 -760.7070979019724 755.4628617583887 948.6669751323819 970.2228090956136 -794.9609845961114 746.4084104372943 982.7734546720384 905.2554776310579 -864.8477904868383 736.0220617564071 979.7082698758172 919.2338298258283 -784.3688316024602 750.2485830881175 1012.2550249724552 834.4870579032398 -747.9446652034825 753.8614317169972 922.0690228612655 995.3385450416063 -691.00562294607 757.6987375153219 920.3248542168518 992.8990222701262 -793.520189922922 741.2304648429712 990.1187106665035 902.2294894248412 -771.5550423227064 757.5301920909214 950.9583494731303 963.6228032985625 -830.2692252087276 753.2343013952132 934.7485627575696 981.8994933985575 -685.5261088939411 758.2928587905074 990.6191097610042 884.5544557754879 -718.6414223251365 747.5909839352023 926.3167495676954 981.053784283909 -825.4089999432832 739.6649531188547 987.3683839667941 916.5862598118167 -803.7012337119456 738.7824927314958 1010.828904255545 839.3621965313844 -812.7370921850961 746.3568682243317 1020.6603562603588 829.8371592547584 -832.0735200694453 746.2869156106235 973.8036597028331 915.6516015893177 -910.263758654594 710.9283467691528 971.4776084253601 942.3986498706744 -863.4145480712563 730.2525116479219 1009.883493552904 826.8406832707077 -922.3291275312263 692.0166276775956 998.4724432388333 857.2850237357344 -789.2418164593446 752.5415728733319 999.152967639601 863.886551094042 -845.060125343 744.5403189930635 1025.1198135328243 844.2845832472772 -773.1028732018589 744.3378140356346 948.6049462430487 976.3326252577498 -737.3274092436569 748.1675076071278 971.1919932455196 951.1385672452813 -852.7327586339728 743.9607591234887 1023.7258783349754 838.0809084509334 -922.5019631939936 702.7048790754894 977.6333992253226 928.6902711634121 -906.5461378746147 720.8166922716954
1690.0016359619212 5.692351111853432 5.692351111853403 4.2692633338900645 10.262031905866298 5.131015952933141 5.692351111853517 4.269263333889929 10.262031905866184 0.0 0.0 4.269263333890247 4.269263333890039 5.69235111185346 10.262031905866083 5.692351111853425 4.269263333890082 4.269263333890253 5.692351111853377 5.6923511118534735 4.269263333890218 5.692351111853406 4.269263333890081 8.538526667780284 5.69235111185354 7.115438889816933 10.262031905866115 5.692351111853395 5.692351111853451 8.538526667780369 4.269263333889994 8.538526667780449 5.692351111853442 10.262031905866156 4.269263333890185 2.8461755559268362 10.262031905866065 4.269263333890155 4.269263333889946 10.262031905866284 8.538526667780493 4.26926333389033 0.0 10.262031905866253 7.115438889816694 4.269263333890084 4.269263333890014 0.0 7.115438889816888 0.0 4.269263333890201 4.269263333889928 4.269263333890127 8.538526667780157 8.538526667780426 5.692351111853543 8.538526667780216 8.538526667780364 4.269263333890244 4.269263333890114 5.692351111853687 4.269263333890112 5.69235111185356 5.692351111853597 5.6923511118536565 5.692351111853527 9.000397377424529 5.69235111185355 7.115438889816721 5.692351111853495 12.158867304834823 4.269263333890361 4.269263333890249 5.692351111853694 12.158867304834779 5.692351111853455 5.692351111853656 10.26203190586609 5.692351111853458 5.692351111853447 12.158867304834798 5.692351111853374 5.692351111853433 5.692351111853398 7.115438889817048 12.158867304834688 5.692351111853449 4.269263333890084 7.11543888981701 5.692351111853491 5.692351111853674 12.158867304834853 5.692351111853332 5.131015952933063 4.2692633338900325 5.692351111853564 5.13101595293296 5.69235111185358 5.692351111853403 5.6923511118536405 5.692351111853646 0.0 12.15886730483485 5.692351111853667 7.115438889816812 5.692351111853396 0.0 5.692351111853478 5.692351111853679 5.692351111853575 8.538526667780326 5.131015952932943 7.115438889817153 12.158867304834663 7.115438889816778 4.269263333890177 5.692351111853356 4.269263333890409 12.158867304834937 5.131015952933237 5.692351111853628 8.53852666778031 7.115438889816814 7.115438889816908 7.115438889816858 0.0 3.9846457782975624 5.69235111185354 5.692351111853665 5.692351111853762 17.077053335560464 5.692351111853444 7.115438889817141 8.53852666778044 7.115438889817003 7.115438889817045 7.115438889817079 5.692351111853525 7.115438889817082 5.6923511118535295 7.1154388898170895 984.7903138540194 905.9995285618849 -880.715433242676 733.1481880841015 997.4933230107766 854.848229341079 -827.1112462908735 751.3964899839972 973.0924061019108 881.2419563498526 -899.617503601053 718.4739486970699 985.5313175958274 867.9426430973167 -899.0965767074297 726.1858918674469 969.0636905652226 904.3404253406894 -752.2254736879759 744.9533318867619 977.2218804866915 922.5539908620149 -789.6892417755389 752.951569786572 953.4979101237518 973.3993121397833 -724.6583400388113 757.372308843704 957.2035969071529 968.6765363958735 -854.3003820634754 746.1225861284846 986.0794972275845 919.0588118209336 -928.2344869899696 689.0341762907865 982.4719735690798 900.9033348644007 -917.058570810077 698.0256882212835 965.6131998374517 916.770193680635 -813.4553279114434 747.3600478855777 996.32922317563 897.7466392749029 -734.4600259793293 752.1461463224191 991.81601890574 861.9785749220724 -715.67182088791 757.1289190934698 995.0714667899931 883.5302009017385 -798.3241775187665 741.3770915728022 929.3954176011069 980.0201961260456 -821.5771849223648 740.7487323778596 962.7436740909918 931.5020492406969 -907.3630632592565 717.855973984797 976.6184950940589 878.6545734798137 -906.5732675687805 709.5694432133728 997.9486154626148 892.7877062436011 -833.4962609661483 745.1584699368223 1015.6020951125109 845.609881299365 -866.5261208660866 732.7175278188402 917.6534396515135 994.8905661656721 -850.1390610351204 739.7116916266036 944.3474622989987 970.7616393615274 -821.654017178508 736.8779150923275 899.4551637293532 1010.2390663024033 -705.3405773150615 745.8732717905093 977.036544933801 900.0600245080396 -731.6413163701097 744.0500303317442 1014.1813901203168 834.6371568258523 -926.201126482335 696.7554172318996 931.9643252221332 985.2543255163791 -734.1596596146825 747.6067369558517 1001.8309389731502 872.706432109174 -777.1868489831658 743.3399562137796 1005.1662512823916 892.2515813113662 -891.6982436543495 726.3833865807401 984.860582648633 876.9361287053187 -769.9002829947805 743.1724936066861 923.3358772825579 995.7978639409268 -790.5502199268672 744.3162149156011 1004.0007767073599 864.1018208525066 -786.1381124113129 749.1962059886755 959.40368165761 958.9617879430164 -747.485784018808 749.8435456022152 1007.7212193303162 886.0302176915679 -710.0416881218646 753.1595229404056 1012.5881078693938 866.1934605573783 -704.3359340096391 751.187951131993 947.4669765049699 965.3982998882593 -887.5398686358966 732.2554947265606 979.0622720202797 894.2395083297681 -841.7808935827655 744.173741459586 988.4449391880075 881.8329128265804 -696.5552041131423 751.6113680448702 971.1407994298004 949.3111609688265 -853.1831662122797 741.0637887115469 900.5804046218491 1004.6140202726617 -724.22848928691 748.0895987251222 915.9981432519589 1003.1121182451607 -779.2515143137248 750.409837380955 973.8640258284435 910.4888154504216 -865.0521484946383 728.3687392580033 978.8785865624242 939.9299151171869 -818.2392367483014 749.9753413364828 1012.4195368919702 876.1581514124906 -774.291899421652 739.273342275599 969.3826305689153 888.8584910866421 -765.8241918357387 741.9843542150122 891.2664307705677 1007.8909822618132 -884.7743076464856 727.8104481492097 989.1594690311965 907.7046233982037 -759.6418487490673 746.3405290030555 1009.6653088763796 856.964965663395 -768.5583413064883 751.5284278158381 932.2780053302814 975.2031211484945 -805.8411811487581 746.0243495739599 970.2958800356739 917.4308742094333 -874.1427485799439 733.1242190140532 971.9796421083208 931.4158100840252 -794.7291077299252 746.4020260689103 1006.5313165885724 846.3091496340866 -755.435154274913 753.9022040097726 908.043381762945 1003.4349111044673 -703.3574767550463 758.3051207727776 908.5962995162361 998.8414296781103 -807.653289701413 738.2123041786508 980.1086206949582 913.4295450303308 -776.8124327576252 758.2193640875686 941.5391603285035 966.6858657765899 -835.534635624724 749.4876463362381 923.1801008292306 988.1719646219049 -695.3075482532972 758.384134889827 985.5409176137792 893.7998427032475 -739.5854279815993 740.1764193923717 916.3656693694712 988.905622162849 -842.7120836449861 739.5764144253972 982.6408194870817 927.2099353698596 -814.0312817843902 740.9776923639221 1006.6997131060377 854.7259751667137 -828.1202823041671 743.2789020602605 1013.7024282696079 839.5117320714297 -846.0451750613306 746.2030322736462 968.7147123372023 924.8922996669811 -918.2972894987377 705.7506942204185 963.8517816346723 952.551967599073 -875.9914062548606 726.7718269602474 1005.3802371445985 835.5162090193259 -932.2892138776356 682.5270305415999 994.81605094958 866.7344447636343 -801.8620611612079 750.2668683573878 993.9140609787647 875.1041742685452 -860.5458444525399 735.0212882829248 1016.5618923287982 855.7165730744275 -789.891179498091 739.4979717777595 937.2378588663871 978.3069525621361 -746.744699701945 746.4539507267712 965.668905446523 958.956303866629 -863.8387651396795 744.6237633060321 1022.2017751642778 845.1715326786659 -932.3146544386843 692.3511299464894 971.6447717277937 942.4378492664554 -914.3893543371385 712.9815766374633
1700.0016359619212 4.269263333890273 4.269263333890169 10.262031905866053 4.269263333890071 0.0 5.803862401181259 4.269263333890248 12.158867304834983 7.115438889816772 8.538526667780447 4.269263333890074 5.692351111853709 5.692351111853552 5.692351111853524 4.269263333890122 8.538526667780243 4.269263333890305 7.11543888981687 5.131015952933125 12.1588673048348 7.115438889816991 5.692351111853537 4.269263333890105 4.269263333890007 5.6923511118535846 12.158867304834793 12.158867304834676 12.158867304834796 5.692351111853477 12.15886730483478 8.538526667780497 0.0 5.692351111853751 4.269263333890194 4.269263333890159 12.158867304834759 0.0 5.692351111853536 4.269263333890279 5.692351111853523 7.115438889816968 0.0 7.115438889816809 12.158867304834944 4.269263333890364 4.269263333890175 17.077053335560393 12.15886730483465 0.0 5.692351111853531 5.692351111853742 12.158867304834773 4.269263333890113 4.269263333890168 4.269263333890265 4.269263333890189 0.0 5.692351111853646 5.692351111853426 5.692351111853444 4.269263333889992 12.15886730483478 5.692351111853602 5.692351111853456 5.692351111853551 10.262031905866232 4.269263333890309 5.692351111853586 4.269263333890151 5.692351111853332 5.6923511118537675 8.538526667780395 7.115438889817085 9.54636302842581 4.269263333890224 4.269263333890368 8.538526667780234 4.269263333890194 8.538526667780262 0.0 4.269263333890084 5.692351111853528 5.692351111853567 7.1154388898167085 12.158867304834816 0.0 0.0 12.158867304834912 0.0 12.158867304834848 5.69235111185335 5.692351111853674 12.158867304834859 5.69235111185359 5.692351111853598 4.2692633338901755 5.6923511118534975 4.269263333890271 9.546363028425686 4.269263333890197 10.262031905866337 5.692351111853714 5.131015952932928 12.158867304834585 5.6923511118537 4.269263333890019 4.269263333890222 4.269263333890275 4.269263333890359 4.26926333389037 4.269263333890093 5.692351111853457 8.538526667780452 4.269263333890009 4.269263333889945 5.692351111853521 5.692351111853397 8.538526667780147 5.131015952933175 8.538526667780195 9.546363028425594 5.692351111853445 5.692351111853639 8.538526667780163 8.538526667780319 2.988484333723115 4.269263333890024 0.0 10.262031905866257 5.692351111853552 5.6923511118537 7.115438889817016 12.158867304834661 4.269263333890176 12.158867304834882 10.262031905866081 4.269263333890149 0.0 5.69235111185358 4.269263333890215 982.517562639606 915.647590074029 -889.770819470765 728.1193963745047 990.2928162208664 861.1371342310576 -837.6995978766181 747.6215620847189 964.8310892953118 888.704005488933 -906.2188270510677 710.4301876078343 980.9806526749265 876.5988323602845 -911.4913698796627 711.3707141967045 964.6707693743691 916.331073201509 -760.887075339791 745.7232993547693 968.0490120502518 929.1843609174878 -794.6313014704261 754.8142383821513 941.7824579657291 981.7805648374899 -734.1634225700354 750.667934265104 951.6028242106048 967.6145938071164 -865.8143294745358 742.2574685021331 979.7424103467628 926.1132925878379 -934.9964579196782 683.314098933414 978.1918310050394 912.6504417633108 -929.669505540474 690.6881268680958 960.9754808305935 936.0343924383692 -826.2366470486362 741.7192988282145 988.9539635130982 905.9953824895489 -742.7346221153161 751.9730501086087 983.3912827128079 871.4144850175462 -727.7045190309354 755.9527846061324 992.4562863433888 891.7955462653814 -814.6326797093484 733.1965707561254 918.1907977933911 988.9087320955471 -832.6234352694496 742.039408445672 959.1783300239517 947.5941233658613 -917.1674583611513 711.0386181866998 970.2951279402622 885.727081743567 -913.2928412433201 705.2869489415418 991.7948537085919 897.8914259864166 -848.3592947285184 742.8117149411031 1006.1401807221353 856.2392995342121 -878.9885553613213 722.9437087924567 907.8733607309629 1000.3903559040624 -863.5818095768518 734.5908247157255 933.0543098016966 981.8340578017801 -833.2312560894438 735.3700753927517 886.7787176637299 1018.4775606207243 -721.4844674148773 744.8665192940176 973.7136634688412 910.8840135841201 -737.6577088147619 744.6139233836243 1008.2441171841728 843.11573620909 -936.7192955951339 689.3403172911527 925.4847233228843 994.5464232624686 -746.1200737142067 743.69574566313 996.3968296564541 880.5726531213219 -790.6624958372886 743.2215766931439 997.2640798439592 901.0948845987728 -902.5116114898602 720.9506770981216 980.3068825978542 885.5907980864504 -780.4456742119776 744.3495135638077 917.4326913977948 1001.0430748379517 -802.3801064686824 742.0710490839164 997.5152314520897 873.148913768459 -795.7882516445488 747.9695704715728 947.183881098301 961.4101139738978 -762.479907856077 749.7384692163151 999.6320191337481 891.5250622512369 -721.665054306614 753.444050768018 1005.3868067652345 872.4829285343105 -714.5144229286878 749.5334450496404 944.9566607467227 976.2952672969585 -895.7542709536767 726.1148149342602 972.3781053751018 899.9308319657908 -856.316073971984 742.7049362821228 983.8924466810231 890.486846826326 -701.1243726360475 750.3645654777072 963.9044117032114 958.7784877171476 -869.3871550471403 735.7248164752729 891.2748177504527 1012.0327750973298 -729.8930561204353 745.0682185352556 903.8299591920089 1005.7331165351434 -787.0204040325209 748.727362274682 969.1097330792211 921.1048149743183 -880.9052547837765 717.9132894411276 973.3574461227281 947.7316811369868 -828.5968613998518 747.8325557061615 1008.3754288592582 878.9069442386445 -791.1953313723396 739.205941294719 963.5980667214147 900.6538112557091 -773.698495827064 740.3977297125444 883.7303895703592 1014.7019994760414 -896.0586290091201 719.2235107436609 987.0634702307651 915.3790840714075 -770.4441585901249 743.7005694508678 996.8188861895044 862.4595639746005 -778.0277849610738 754.3785425691585 925.0428360862232 983.6616391868322 -819.3605289795211 741.4088641032722 965.3145589386575 926.2855166293141 -881.3487483424111 729.6227561717199 965.7479328846491 941.7874621207301 -810.8240799789229 739.7702493402949 1000.4123829027458 856.7430842000123 -765.9736090702994 755.2612096676978 897.3055089619513 1007.6357722554885 -717.1979084074346 758.1285139333276 898.4114446969912 1002.6629774369138 -819.6986527749602 730.2948189961073 975.3580453169258 924.0428028323043 -786.9552889594336 758.2262943233094 934.7915224936058 973.3462597375351 -843.3931433577164 750.8765019401113 914.7801884971763 994.1770454871972 -707.471664863479 755.1568074170538 977.0919997617923 897.9089149553791 -749.298433472289 739.419525495653 906.605937765861 994.4182261486746 -855.2584577538476 739.1225122760595 976.1044678523448 936.2249176984778 -823.6290519958404 735.333767704412 991.9655875751057 871.2494351779739 -839.9283665486589 740.1450285309168 1005.659043946745 850.3467697313597 -857.1307248858961 748.2802874529672 960.8563784097564 942.3392733723327 -922.0669933543803 695.6966527223094 955.3779682782483 959.7434990194245 -888.3589898573374 722.4098333691567 1002.2893301528834 849.7004306481189 -940.1357873619296 676.2803389468851 990.0974810941107 877.3599817810164 -808.2738505133559 755.3158578575859 991.131262283135 885.3399783314028 -870.0151245090588 727.6990453658714 1010.0845135816314 864.7709840063338 -802.2997400250878 736.6001844603934 922.8192645365078 991.9202329934999 -753.5388483086662 751.657144815324 957.9940326362711 966.954057199168 -876.5573972853077 737.9624893438528 1014.1268753011519 850.6896213057225 -939.581717312317 684.8432541137992 963.9189856610258 952.4819129915822 -921.1735656824856 703.8587852179503
1710.0016359619212 12.15886730483476 5.6923511118534105 7.115438889816953 5.692351111853429 7.1154388898170335 7.1154388898169945 5.692351111853624 7.115438889816932 12.158867304834894 7.115438889816981 4.269263333890116 8.53852666778032 9.546363028425729 5.131015952932986 5.692351111853377 8.53852666778037 4.269263333890182 5.692351111853508 4.269263333890102 5.131015952933253 12.158867304834825 5.692351111853348 5.692351111853552 5.692351111853588 12.158867304834889 10.262031905866142 5.131015952932965 8.538526667780454 4.269263333890085 0.0 0.0 12.158867304834843 0.0 4.269263333890317 5.692351111853451 0.0 5.692351111853704 5.692351111853355 12.158867304834885 5.692351111853536 5.692351111853709 5.692351111853604 3.9846457782976943 5.692351111853715 0.0 5.692351111853569 7.115438889816864 4.269263333890068 4.26926333389017 7.115438889816881 5.692351111853378 5.692351111853767 7.115438889817015 5.692351111853653 4.269263333890153 4.269263333890252 7.115438889816949 5.6923511118533305 0.0 4.269263333890155 5.692351111853499 0.0 4.269263333890156 10.262031905866014 4.269263333890166 5.692351111853628 7.115438889816726 7.1154388898167955 12.158867304834839 5.692351111853584 10.262031905866262 17.077053335560624 10.262031905866284 12.158867304834635 0.0 5.131015952933223 12.158867304834803 4.269263333890154 0.0 8.538526667780339 0.0 5.692351111853661 5.692351111853428 4.269263333889932 7.11543888981708 5.692351111853564 7.115438889816944 5.692351111853636 5.692351111853619 4.269263333890304 4.2692633338902155 4.269263333890068 4.269263333890278 12.158867304834818 8.53852666778019 5.6923511118536 2.8461755559269575 5.692351111853752 7.11543888981709 5.692351111853747 5.692351111853558 12.158867304834935 5.6923511118536 7.115438889817031 4.269263333890126 10.26203190586637 5.6923511118536725 8.538526667780177 0.0 8.538526667780122 5.692351111853615 8.538526667780324 0.0 12.158867304834654 4.2692633338900405 5.131015952933276 10.262031905866213 12.158867304834942 8.53852666778045 12.158867304834741 7.115438889816932 8.53852666778039 0.0 10.262031905866202 10.262031905866126 3.9846457782974287 4.269263333890087 5.6923511118537675 12.15886730483478 9.00039737742434 4.269263333890325 10.26203190586608 5.69235111185354 4.269263333889988 5.692351111853695 4.2692633338903185 5.131015952932975 5.692351111853552 5.692351111853705 5.131015952933204 971.5700724601311 920.6690593586807 -898.6717050362493 724.023269259908 983.4630710868981 874.117360022536 -846.4747936296021 744.0385102669545 965.0189867643851 902.6934137503553 -912.9918772340757 703.8572040408119 973.7829767431974 888.1942681571887 -920.6070632970853 707.2788257376009 962.2382044039539 931.2322253015982 -771.6739752921354 742.9049980583944 964.6754649415086 943.3145883610696 -800.966797303841 749.6242424714459 927.9214326584578 986.531589907113 -747.2417408382645 744.9492106968574 940.5147514467344 976.6382714492881 -873.0399088779563 736.0207971172144 974.7850615672924 928.0201833384059 -939.3196726264142 669.989654064488 972.3672498253381 913.7849975910467 -930.6195338515095 679.2649378881514 954.2415826214038 944.9203357074762 -837.2796834197177 732.0277704973421 982.7854537529271 911.0758180004258 -752.7911846714488 747.178664262911 979.5444631316525 882.827943749045 -740.4984343776306 754.2534785241498 984.0060549976907 895.8968459447774 -822.8295423739106 731.9010575472072 911.0584686837967 990.3254681924383 -842.8912748913765 737.7828371575044 946.4774572373411 960.5411177860864 -928.2260666813437 699.5701491540427 967.1309289098266 894.5741115946697 -921.2904336197923 702.0547042201276 987.396332085641 904.5614948173222 -859.7289243535455 738.6487385716397 996.6658093311511 866.8568954971346 -887.7162894667158 721.0622255629631 899.8531450732153 1008.1773324233901 -875.7387190632364 730.5448551556559 921.1998452828277 992.3566496799984 -849.7169659703769 734.2127104079591 875.696045132442 1029.5650016590544 -736.4347152708249 744.9721824064459 965.0306100534868 922.225456201108 -750.0042977990336 741.5764757516299 999.3018597933299 853.149008322729 -936.5245575583797 681.3940198653002 916.4976274058625 997.5007159261955 -757.3583472543938 742.2381415977927 989.7294357514395 891.581517651997 -804.3582674262757 741.2515037862114 990.9307263564751 908.1500140379135 -913.5655323917957 710.7569877956591 974.6821838891711 895.4208294624859 -793.5049112950537 742.9040878998162 904.8058737771466 1008.1462455580511 -811.7414217730716 737.8306820030155 991.9066601576513 882.9805540560367 -809.8003472258275 744.4868814155737 941.1960902915833 968.8784179318804 -774.440332088269 747.7999765893576 997.0072470284832 899.7908878862412 -734.0586056451149 748.1706934749218 1000.4763072786111 879.7585180080246 -724.6014203635236 752.5866754085274 932.516534895139 981.3980132614246 -906.7434065270286 718.3000341168201 960.6061648126042 911.4939295621679 -869.2227034707777 732.0897664827778 978.9736098885354 903.0680641023882 -716.0534305660042 755.7981027622178 959.127204206132 960.7286941200547 -880.2063176420749 723.6655372567569 880.8226921839063 1013.8755497189795 -742.6406211280404 745.761522192245 893.9636806110271 1016.2680892193663 -795.9279546031717 747.6229183540048 958.0102156090805 936.6496813145142 -892.8738397371931 717.6639335374268 963.6284436483608 949.3620399282256 -834.9456087349771 739.2072725994203 1005.2141040317628 882.443397634478 -802.0278347738724 738.472256279514 955.6292898241671 914.7593908517883 -786.412630011211 746.8332893220204 881.569756106422 1025.1157723079182 -907.478007769983 710.6555635073239 978.9364168759429 920.8203445981625 -777.0486349653941 750.025028619674 991.0451076419436 874.2634089558987 -785.794287454863 752.5796806988347 918.6459529756568 986.0382236841067 -828.445882291876 738.2878770109139 953.9209427740652 935.0821278340453 -892.0221092871245 722.8368465015394 960.1814416752723 952.8408926122545 -819.7499328479593 738.1654489477356 990.0499088852159 866.569065248657 -775.8765033131435 759.1055014940123 887.2586761424503 1016.6405238315659 -730.7651572767912 753.8183160304819 891.5022671497694 1007.935825980096 -833.5153042079033 726.0799635074686 966.807299390493 933.3727417221642 -794.2946009011949 755.21922216841 925.4723603829456 981.9248225593315 -853.6201165713275 746.4057633290254 903.4357490116913 992.7813981758418 -718.296978305449 758.0821292577465 970.9221791338588 908.3104324252741 -764.3026443622073 739.0572504779789 898.5369188320647 1000.8129174598632 -860.0120168301117 730.3796507901408 973.1058254890572 946.4343428940911 -830.1341023234602 730.7548307379956 987.238499192349 881.8748176646875 -853.245288999726 737.9495844791754 1001.6410853856478 858.4158575716255 -866.5907763330788 739.456988002677 952.4420733876385 956.2106086779179 -926.9287962982766 686.3114613751288 949.170665062519 969.2225279444353 -901.2161130488706 717.9101567585401 996.5213563599162 861.5094758476882 -942.1816281270972 660.3892639117418 982.9016400501187 888.9599796851717 -817.4122902526265 744.6195178281446 980.7506079013314 895.1504407508485 -881.3597934654453 717.8867860478624 1007.6415757838245 871.0687735718639 -811.859685985827 730.9463562058799 905.4121888298098 1001.9836502592964 -762.2139939645031 752.3020385133506 945.2822951827978 974.3899361726682 -882.7672080099679 729.0837792463036 1005.8757749201862 858.1632915441132 -943.7580662156754 668.8010388983627 951.1188170891769 962.0817508439294 -925.456946135901 691.5929018265624
1720.0016359619212 7.296655591774318 4.2692633338902715 7.77063446290614 4.269263333890069 4.269263333890153 4.2692633338901125 5.13101595293311 5.692351111853812 7.115438889816935 7.115438889817117 5.131015952933281 12.158867304834725 12.158867304834917 5.6923511118533385 12.158867304834668 10.262031905866051 9.546363028425748 5.692351111853634 5.692351111853594 8.53852666778037 4.269263333890176 5.692351111853403 4.269263333890137 5.69235111185376 4.269263333890193 5.131015952933212 12.158867304834674 12.158867304834704 7.115438889816967 4.269263333890076 0.0 4.269263333890248 8.538526667780246 5.131015952933198 4.26926333389033 4.26926333389019 4.269263333890031 5.692351111853457 5.692351111853493 12.1588673048347 7.115438889817064 5.131015952933003 2.9884843337228637 8.538526667780364 5.692351111853652 7.11543888981705 4.26926333389011 7.115438889817009 0.0 5.692351111853739 4.269263333890078 0.0 8.538526667780463 5.692351111853628 8.85139531123365 5.692351111853659 5.692351111853638 17.077053335560535 5.131015952932959 12.158867304834827 10.26203190586631 5.692351111853724 4.26926333389003 5.692351111853466 5.692351111853452 5.6923511118534 7.115438889816692 12.158867304834905 7.115438889816923 8.538526667780491 0.0 4.269263333890024 7.115438889817152 5.692351111853786 5.6923511118538 0.0 4.269263333889889 5.131015952933053 4.269263333890162 5.692351111853516 5.692351111853579 12.158867304834809 5.692351111853413 5.692351111853726 7.115438889817025 4.269263333890069 12.158867304834931 4.2692633338900325 4.269263333890224 4.269263333890035 8.538526667780465 8.538526667780172 4.269263333890151 5.692351111853425 8.538526667780443 5.6923511118535695 5.692351111853504 12.158867304834947 7.115438889816976 5.692351111853652 5.692351111853667 4.269263333890053 0.0 5.69235111185374 4.269263333890224 4.269263333890003 5.69235111185338 4.269263333890082 4.269263333890193 5.13101595293303 4.2692633338901524 4.269263333890054 12.158867304834924 5.692351111853342 4.269263333890176 12.15886730483465 10.262031905866253 4.269263333890236 5.692351111853394 4.2692633338903425 4.269263333890384 4.26926333389028 10.262031905866039 8.538526667780173 7.115438889817105 2.988484333723115 5.692351111853514 12.158867304834649 7.115438889816847 5.692351111853559 5.692351111853628 12.158867304834875 12.15886730483485 4.269263333890089 8.538526667780468 5.692351111853645 4.269263333890037 8.538526667780369 4.2692633338900325 10.262031905866035 966.050912289169 929.6020209788738 -910.6460271677445 715.8373290113217 976.9716420944105 886.3572944123762 -847.9015573505368 740.3576638020381 958.2308105378911 913.6194162589502 -919.9707839811068 693.4153329921332 970.4083081986396 899.0086654625057 -929.0599261409179 692.8337841268224 957.1152123526583 941.6748022652681 -788.646729885451 738.4423637175519 959.4233017274673 950.3631961020548 -812.820810721787 741.3480813645896 913.3517949571195 998.6801513215071 -762.4130569585215 749.4429090418724 924.6332616416017 987.378218245066 -883.9234583582183 730.4725091468589 965.157102842034 933.0258735196663 -939.1045973980688 658.1434503338669 967.1330380471629 922.9360798380555 -935.7920188503829 665.942231219366 953.6529112420407 955.5696296935205 -848.0327603069649 728.2791132270405 976.1934228139244 920.031745730255 -771.9593216491751 748.6732006599372 971.6084460011867 891.6354978629483 -753.5810478479872 750.8014836925845 977.2782525907826 906.8726020479021 -833.4153456777307 728.1250259935836 901.5908938198497 996.2548493606358 -853.6615762956261 733.8919282064858 931.9835787232535 969.3173379991246 -937.3488863373642 686.392933929814 957.7611485305129 903.1284516781667 -930.7579883906986 687.2226738889428 984.2132543279595 908.0712184325881 -867.3630271721628 730.3896037875576 989.9985937622137 877.8638613992637 -896.3165908147287 716.5093253231032 885.8457415947443 1017.176615067619 -885.6724504245465 722.6047733417903 909.6315064804224 1003.2086538982455 -863.3910896187352 727.7866511375654 868.7893430190755 1034.051476378731 -743.8204047876258 737.3211288939519 958.5222733861935 929.1533276260217 -763.2700870619982 745.3250676725934 998.0800964212634 856.2978779053714 -942.566618722626 675.790040196316 904.1074758475114 1007.2635132198329 -769.3244015496331 742.651678207887 987.260878315474 897.8710178416512 -813.0346801011171 735.8036547952622 981.5724428919806 916.6964585184568 -924.7009663373206 701.5027764384441 961.2190305760728 907.1956460853058 -806.6747167314702 735.5218272366933 892.7513565642664 1015.8003319851556 -821.9500785660643 729.8300177731389 987.1472805804251 888.2766192824389 -820.7458141812326 741.6853507291474 929.8708863959396 977.4902451155012 -781.7709532105629 746.870671006284 990.8234841638321 904.871633679903 -741.4099152947215 740.5392806847912 994.4906040198687 882.8842084841317 -738.4605188820889 749.1086648132259 922.0303030436922 993.4578827768014 -926.1893770585576 708.0522147845388 952.0013108952111 920.7884075527575 -879.3162659969394 724.3111067864339 971.527507529997 911.2636154385472 -730.3208597122073 748.5748378650546 948.3476094449497 967.8057612544122 -889.0651308670646 713.1718677598941 872.8711327861142 1027.0835224772295 -752.7979004879746 745.837943172292 885.7768586149326 1023.8097131312136 -804.2982239905227 741.1867332039495 956.4563050114976 948.4823603861131 -909.2860484868972 708.6380596679087 955.2527194811889 961.0844336940125 -842.3649533396431 736.1667675775365 998.8812026779933 889.5057942377482 -813.8171034877114 730.0761162173875 946.3107963895551 925.5687475791175 -793.4223708645131 745.0857380101037 875.9670444049054 1032.1781390669873 -918.0917415926671 706.1692398089762 971.6249299506682 926.9686718131361 -787.9341267907023 749.3236561149548 981.7175673878551 888.2124876315715 -795.1939304442487 748.4887319813955 909.2985465104714 992.1111641192928 -836.8216773955418 733.600041719509 948.1620265769214 949.4548794114596 -904.4507394087915 716.289103624766 949.1412900810343 962.0140980947925 -827.2839132994336 735.4716139331372 982.1450624919004 880.7218321325178 -780.8337866629992 754.4896627799557 877.7743791577393 1025.0974883289173 -745.0078628653728 751.4199364635742 878.799894594222 1017.3531145142642 -845.6429555640344 721.8008826830686 964.4355541637858 940.9807811730137 -802.4350275472196 746.3420761314825 917.266492506387 991.8479279078385 -856.301999763295 741.8805867660918 904.5956756738118 999.3871456364903 -732.912485522177 754.4717098848575 966.4496273267658 914.9559178268115 -779.5375501387645 743.2157758432963 887.3383527540473 1012.2111244981293 -876.4505951869735 730.0393020953472 964.4635566616599 946.8225246162823 -842.9833296247779 726.0229817661245 980.8939476995894 894.2551891018652 -861.1556290215951 736.9254693274722 995.3179487393261 865.4886457811618 -873.7878772736988 738.5958430317604 943.3453328955436 965.0453690696031 -931.6867530509517 674.3409426763344 938.322879039313 980.8567668890104 -919.0588887087118 711.8387164481333 988.0856048403139 870.9368029583219 -946.4534771277638 644.5950816118233 977.5992658499171 900.151943506344 -829.0265338450757 741.2663239389049 968.7150014643378 906.6749476475095 -892.6400104439356 706.6085049399621 1001.314591276114 878.1377911842332 -823.8886256705053 723.3657493911545 895.3763662051971 1009.6434739770224 -768.8030100489221 756.087475210803 931.1969517918916 982.3267741281292 -889.912916409439 727.7933923408121 1006.2542752405548 864.8609023069295 -944.1599249715899 652.9142961684724 939.8502653119767 972.5525330765448 -930.792635484157 679.1426295417119
1730.0016359619212 5.692351111853574 7.115438889817075 5.6923511118533225 0.0 4.269263333890174 5.692351111853569 12.158867304834628 5.692351111853521 0.0 5.6923511118537355 5.131015952933125 4.269263333890082 10.262031905866099 5.692351111853506 5.692351111853724 4.2692633338899935 10.2620319058661 4.26926333389021 12.158867304834697 12.158867304834557 5.692351111853423 12.158867304834626 12.158867304834791 5.692351111853568 10.26203190586629 12.158867304834917 5.692351111853545 10.23255307843275 10.262031905866063 4.269263333890172 5.6923511118533625 7.115438889816908 7.115438889817048 0.0 4.269263333890135 5.69235111185333 4.269263333890043 5.692351111853579 10.262031905866356 5.692351111853567 8.538526667780083 8.538526667780454 2.9884843337228637 5.131015952933145 12.15886730483478 8.53852666778044 8.538526667780516 5.692351111853447 5.131015952932897 0.0 5.692351111853385 5.692351111853601 7.115438889817001 4.269263333890366 12.158867304834663 5.692351111853721 12.158867304834637 5.131015952933213 4.269263333889938 12.15886730483481 5.69235111185336 5.131015952932973 5.6923511118535055 8.538526667780305 4.269263333889889 5.13101595293302 4.26926333389007 10.262031905866117 0.0 7.115438889816992 5.692351111853406 0.0 7.115438889817085 7.389620672204384 10.26203190586616 8.538526667780292 8.53852666778055 12.158867304834585 10.262031905866097 4.269263333890183 8.538526667780493 5.1310159529328905 5.692351111853502 10.262031905866074 10.26203190586617 5.692351111853422 12.15886730483466 4.269263333890077 10.262031905866316 5.692351111853556 12.158867304834825 4.269263333890288 0.0 0.0 8.538526667780369 5.692351111853463 5.692351111853734 0.0 8.538526667780348 4.26926333389032 5.131015952933381 4.269263333890311 5.692351111853757 7.115438889816966 4.269263333890225 4.2692633338901 4.26926333389009 5.6923511118535775 7.115438889816797 5.6923511118534895 4.2692633338901125 10.26203190586628 7.115438889816965 10.262031905866092 4.269263333890182 7.115438889816942 4.269263333890028 5.6923511118535925 5.692351111853556 5.692351111853292 7.115438889816947 12.158867304834674 7.11543888981692 5.692351111853668 7.115438889816984 6.215735975891679 12.158867304834681 0.0 8.538526667780202 7.115438889816758 5.692351111853491 5.692351111853515 5.692351111853502 5.692351111853726 5.692351111853668 4.269263333890168 12.158867304834828 7.115438889816824 12.158867304834757 12.15886730483462 958.9000079277206 940.3373075735203 -918.2030024022251 708.7504675006224 966.5021691863558 896.0704083557728 -857.7320725627516 736.4746962971171 957.9424464026376 924.2531574526785 -928.7238169219264 682.1321658472805 962.034320306255 906.3325960462969 -937.3929916413621 679.3628300137684 949.7765806714971 948.8791057570207 -801.6186591470555 740.0112615024691 951.2565246191152 957.5765512618589 -821.7147384501058 737.8642391141752 898.1246352242431 1007.4167711144813 -772.0802888787783 748.0160108145441 913.5334761530341 996.2526710397984 -886.715787652736 721.5984361049127 959.3809786016692 947.3150372651904 -943.1734348459368 647.7989266472424 959.5070179186333 934.2623752649931 -946.6291919629898 655.461932155629 950.3850934431479 963.5251234262553 -857.7789487312522 725.669496272392 967.2641257488302 931.1767540773028 -778.257132057748 743.3831999613135 959.3643762338812 899.6938690878156 -759.6451929305721 744.5296732532165 964.8736182698784 920.1937183457536 -842.603121681322 727.831742812264 892.7715790507714 1002.9471152863711 -863.7662462897385 726.4073889609232 931.2541735987298 979.2586398284839 -942.7309731664212 674.8728193509596 955.1636449384298 909.3646377726848 -934.6732727716694 673.9046553804977 974.2933783794383 911.8262053834891 -874.9676681696269 727.195448166542 983.1090492316503 885.4898819221276 -900.3121098579253 707.0818830063516 877.2773742968341 1030.8683595650316 -896.432030552659 715.6304197743623 903.3706941106726 1008.0025145008378 -870.1613752398769 722.3482718514495 859.5998441522016 1044.777486282733 -761.0403388951339 735.7285511650354 951.5810388768233 941.2035401108685 -771.572842942398 740.6186634472353 1004.7981118583879 866.5680810052964 -941.3576975629429 660.6486538523382 894.6880846851726 1015.8204946820172 -783.881068056436 740.2673749804111 981.2331100543262 900.9493392665537 -826.6854981798991 729.5862834440961 976.3818510092356 920.5120038896703 -927.9562142179194 688.5722438096042 952.4970332496551 916.2209443728444 -815.2720637637614 728.1962126219853 885.9675991992651 1025.244810594296 -833.876442260717 728.3616943538831 982.1671679522616 895.5222469428883 -829.5163440962332 738.0261212493704 926.8418257591201 986.1841690879693 -789.4165066955266 744.6965274114257 979.8455400093663 909.8252843781052 -749.0592126793847 742.7195018013864 986.372026773206 888.3267017895574 -748.9260196308998 747.7504355508978 909.5843388387491 1003.2773040968342 -932.7508848359245 694.9037408469071 952.2265119179888 934.1868467523584 -888.5796852531078 714.296328172685 958.7620720500182 914.4806703453253 -740.4838936352859 748.6988718693333 940.1683021422452 979.920078129674 -896.5386491532464 707.0246505158209 860.8329678596712 1037.4036894334197 -765.8307276796107 738.0461545473468 882.9966271159625 1034.6980719843918 -811.1651538071854 732.2095976454714 948.4362791287814 956.1931724023366 -915.1953539622114 703.2664782299695 948.8509624972977 970.3914124962557 -856.8510408752911 732.1061557613486 988.6416725876198 897.2869974656597 -823.8776891704264 727.1034687739948 946.9334092093385 941.778551855465 -808.8255993477387 738.7590257526953 863.8635383832038 1041.0746592266048 -924.322560258085 695.969126777691 966.2466354681874 939.3722559820358 -795.5608749865586 747.0462181543409 973.0168294782939 893.5474076137779 -804.1787525099819 745.4296474402437 898.9043667753317 994.1642150989628 -844.1043167055722 730.3766893203165 943.7828375840741 963.4032846079167 -911.1987934250777 710.5565345058183 942.249413900376 973.2198168840553 -834.2379499408236 734.1060232995746 974.3599648448514 887.5494726161478 -788.3290109955118 753.7144741800629 871.1616695231182 1038.7918558924757 -756.315239709376 752.1720957389887 867.0343024545589 1033.3768108192205 -862.1383235043753 717.3005061206376 959.6262138668309 954.1036286009943 -813.3500971071135 743.4200652359854 905.1105715842154 996.854699202074 -868.0372568898566 740.5703636101939 890.8658794293707 1012.7107435624463 -742.250428255714 752.3450923672415 967.0297657399746 926.447596799782 -791.0023230927345 737.9688087505169 878.0808065870656 1024.96932924566 -878.3340310635562 718.970003711489 959.2879731280299 961.8580988910875 -854.9166229164139 723.6296746712593 974.2916655589037 903.239484741267 -872.1952769765568 734.3134180447546 988.7963436695418 874.512756272447 -881.5918396963551 730.547249266851 938.1732561677459 971.2261709938973 -934.4652412029935 659.5561892117502 930.0423987841316 989.4632126003781 -922.0231209106694 704.076364476949 981.5490001715356 879.9468948726008 -946.4497984095202 639.6096864330586 967.7238208187633 912.5856603878732 -834.3721661783006 740.9627640853276 955.9990481095168 920.2941051495077 -905.306247978615 696.6318319813021 996.7279993821243 886.7733143809638 -836.9501009003081 725.0700097622941 887.2644721394859 1018.6390409238161 -779.0345320580991 751.718272840571 918.6965839085522 989.4741494893688 -895.3456953663397 721.0001267462601 1003.2661306328476 877.0595446951543 -948.8385692017861 641.1276052527455 931.4422825324294 984.5622481154803 -934.7452980521452 665.0513862062973
1740.0016359619212 4.269263333890137 5.692351111853604 4.269263333890301 5.692351111853443 7.115438889817056 12.158867304834606 12.15886730483482 4.269263333889921 4.269263333890332 7.115438889817076 4.269263333890327 4.269263333890158 2.846175555926821 5.6923511118533705 7.115438889816936 10.26203190586627 5.692351111853791 12.158867304834901 4.269263333890153 4.2692633338901125 12.15886730483492 12.158867304834832 4.269263333890031 9.000397377424283 8.538526667780225 4.269263333890086 4.269263333890167 7.115438889817104 10.262031905866296 12.158867304834615 4.2692633338902874 0.0 12.158867304834889 12.158867304834665 12.158867304834587 12.15886730483473 5.692351111853457 7.115438889817075 5.69235111185367 10.262031905866362 5.692351111853475 4.269263333890352 12.158867304834798 7.115438889816928 2.846175555926499 8.538526667780365 4.269263333890212 4.269263333890267 5.692351111853462 7.115438889817013 4.2692633338900565 8.538526667780456 7.115438889816856 0.0 0.0 7.115438889816728 4.269263333890226 5.131015952933223 0.0 4.2692633338902155 12.158867304834931 10.262031905866127 5.692351111853463 12.158867304834878 5.692351111853604 5.692351111853625 5.1310159529332 0.0 5.692351111853527 8.538526667780369 10.262031905865982 5.692351111853648 7.115438889816855 4.269263333890146 0.0 8.538526667780523 0.0 7.115438889816841 8.538526667780157 5.131015952933195 12.158867304834702 5.692351111853444 5.692351111853454 7.115438889817113 8.538526667780475 4.2692633338902155 12.15886730483441 4.269263333890361 5.692351111853552 5.692351111853592 5.692351111853612 5.692351111853462 5.692351111853436 5.6923511118535375 10.262031905866051 4.269263333890305 5.692351111853356 8.538526667780348 12.158867304834672 7.115438889817055 8.538526667780292 5.131015952933141 0.0 10.262031905866339 5.692351111853361 0.0 2.8461755559267634 5.69235111185366 4.269263333890016 8.538526667780339 5.131015952932965 7.115438889816766 5.692351111853855 7.115438889817008 5.69235111185357 0.0 12.15886730483498 4.269263333890177 4.269263333890228 5.69235111185332 8.538526667780554 0.0 5.692351111853754 5.692351111853468 4.269263333890178 8.538526667780493 5.692351111853574 7.1154388898170575 12.15886730483493 8.538526667780511 8.538526667780108 4.269263333890184 5.131015952933385 5.692351111853372 12.158867304835018 5.692351111853543 0.0 5.692351111853663 10.262031905866184 5.692351111853639 954.2562381999456 948.0664011428518 -923.6196006036763 699.0258478154409 961.6570078622672 901.2606180878438 -866.393934203974 729.524910469049 948.6325605885901 941.7763514041372 -933.3320395146948 666.5319125076056 953.5398109221087 913.5092984243211 -938.130379577931 668.1052785729341 947.9401448882392 958.5947561362378 -811.0768699779196 737.4654314871124 944.3617502964877 965.3001516184472 -830.5114266010925 731.0493836944013 892.1032383061898 1017.8548974281772 -781.408198072693 743.6485520378745 902.6435940893831 1001.5525004921576 -896.900533014055 715.7633536886387 953.7194172540263 957.485012410497 -946.7583725404393 637.2490244047553 954.7682929753264 937.2260732294841 -953.4614023421269 643.7528725400665 942.241484824503 972.2218013049015 -867.4012051475964 716.0747414708851 962.5357785545741 937.5831353264782 -795.1161749713834 741.708878518765 953.999676314189 908.7754942923999 -767.38387704417 742.4831911528516 958.5265042959455 925.05175765931 -859.3573962006892 719.5930110180834 886.1736340509641 1015.2479740486697 -875.4610702054629 719.2679008888276 926.1054649512093 987.988820151792 -945.4994551684865 662.0310279619138 948.3557921280313 921.5014797093513 -938.5082205841819 661.5750619444283 964.4545578855723 922.0905213917057 -889.8981042066088 717.5851454108819 972.1984852286976 899.0862285263602 -913.8390550739608 695.6036323861923 869.1939987978511 1041.2297651120753 -904.0665896157196 708.4908734950815 892.3711422745702 1011.7676114189862 -880.8007200107933 718.8505416574721 845.2637372181877 1053.8401949357547 -772.9979114147177 735.5403898158972 944.2864630117373 951.3177489848074 -787.5154233933713 740.9401864657366 992.4358171793825 876.7083859313473 -945.5680020506846 646.8518351121269 889.1109971813027 1022.9008293372149 -796.539094773072 735.3080787304186 977.0416002617497 908.9099748862764 -845.3208926380505 724.4525155648254 972.8386070387253 925.8931031903171 -931.2428090873138 675.8660794599109 941.6588040059812 925.5313233937253 -828.5190349700822 728.4322267736649 873.1688660222553 1033.1972925168657 -842.1723162345221 729.5696471402609 977.0064569622095 899.3434410259329 -836.6947214329857 734.747398353809 911.5942637032626 993.6837359918368 -800.9033455928395 742.7581924226689 971.1422919401722 919.0111665772611 -759.3460116583948 734.5303906223833 981.8794929290835 894.9439918703291 -760.7507049505393 741.9976339293112 905.4968650061063 1012.3112184142068 -932.2437421378087 684.3345519371825 944.6786481324041 947.9934011932819 -899.6400625786641 709.1689361508912 950.4954288327773 926.34146118396 -754.5403036352278 739.1655733521008 927.5865515878279 991.8888400871965 -905.7956903498659 703.2546192070007 855.7214988690575 1047.8038500511725 -780.3328643041267 739.2709675525454 877.8354723819225 1037.0221435009983 -819.0982668302115 731.6506598386306 939.7159085330197 965.5296953664529 -920.1842828499682 696.0097709950762 938.7787731153707 980.5388029213738 -866.6531226435981 722.7085788674455 981.5363218911914 901.4733822113427 -839.1410081359846 722.8019479142632 939.4858573183183 953.5649035182976 -823.5146520851356 735.6724535635962 852.020479516957 1055.6655974387666 -923.0206508142685 686.8360136291276 963.3905625396907 945.467235132942 -805.877439757557 742.8942574342539 966.7619422421768 907.1707309218542 -815.1214637904641 740.701275613663 898.970767457154 1007.3946889030307 -856.3260838334628 725.5683769685152 933.8361893465974 973.5691306494124 -914.1360024205622 704.7959466754043 935.0395705569499 985.4845146220554 -848.7197175521598 729.9515962180469 967.9055292012804 894.4979498206724 -792.9519726934004 748.7490161563323 864.8569631893685 1044.898336425823 -763.8164199068802 747.6642051981578 862.771812027824 1040.9263326369125 -872.6187559645753 712.6712156104148 951.9309778901068 964.4104249484545 -821.4101215815767 740.0816476746583 902.4618374485553 1007.7694569935518 -876.4860521637172 733.4236389977475 880.7746480908628 1021.6606883699711 -746.4413349283395 741.7508553112021 958.1169584113791 932.0644183405614 -805.207766143644 734.4435578161072 867.8911410745176 1032.4670259880897 -887.8346586607092 710.6782375914327 949.4523321064589 972.2509505087908 -858.7263087904922 714.4599735835465 967.3191132791237 914.0652338618913 -878.8090565000131 725.2685400085959 983.6189830607846 883.7237687117885 -890.9252037208328 723.0943513352511 931.1965338468445 980.1602369018549 -941.2232788303179 648.7833851759685 918.8930264510259 998.2818349261927 -927.5380966196356 693.587725452292 975.4895722143806 888.3128653018053 -959.3074494022823 633.2825466221259 956.652853116092 917.2896132221535 -844.2216353670937 735.8772742077975 948.1975770206363 931.4727492015962 -918.4502939915302 690.5073810750251 990.3272721636338 893.781170340166 -851.3569504137663 721.892071413165 875.9693902755939 1028.3654556691329 -785.6785853245847 747.2193039112146 908.9216304602445 1001.4536154953255 -903.9071363614948 714.8521136970282 1000.9615889667054 881.3742571801877 -962.4379395632307 625.6088300392571 921.059098203487 994.4129672594303 -944.3212211332585 653.9932815587745
1750.0016359619212 7.115438889817119 0.0 12.158867304834875 5.692351111853382 7.11543888981711 4.269263333890304 12.158867304834882 5.69235111185358 17.07705333556055 12.158867304834777 4.269263333890294 4.269263333890248 5.692351111853415 4.269263333890332 7.115438889816882 4.269263333890368 12.158867304834786 12.158867304834612 4.2692633338901675 4.269263333890325 4.269263333890163 12.158867304834859 4.269263333890136 7.115438889816963 5.692351111853804 10.262031905866102 5.6923511118537675 4.269263333890067 12.158867304834786 4.269263333890299 12.158867304834946 7.115438889816987 12.1588673048348 4.2692633338899935 4.269263333890208 12.158867304834878 0.0 5.6923511118534424 8.538526667779964 7.1154388898170495 5.131015952932965 5.692351111853457 2.9884843337228637 5.692351111853524 5.692351111853375 8.538526667780484 4.269263333890116 5.131015952933078 4.269263333889976 4.269263333890156 5.692351111853449 10.262031905866328 5.692351111853483 4.2692633338901205 0.0 8.538526667780346 7.115438889816735 5.692351111853518 4.269263333890199 5.6923511118533945 10.262031905866078 12.15886730483481 4.269263333890256 12.158867304834834 5.692351111853724 5.692351111853546 5.692351111853464 4.269263333890073 7.11543888981714 0.0 12.158867304834791 5.692351111853508 7.115438889816776 0.0 0.0 12.158867304834757 12.158867304835194 8.5385266677802 12.158867304834622 4.269263333890251 7.115438889816848 5.692351111853631 4.269263333890296 7.1154388898170415 0.0 5.692351111853557 8.538526667780742 5.131015952932925 4.26926333389028 10.262031905866296 5.692351111853649 0.0 7.115438889816819 5.13101595293312 5.131015952933306 4.2692633338902315 12.158867304834821 5.692351111853284 4.269263333890352 5.692351111853403 17.07705333556073 5.692351111853511 10.262031905866296 12.158867304834795 5.692351111853324 4.269263333890019 12.158867304834763 4.269263333890241 4.26926333388974 8.538526667780328 4.26926333389006 12.158867304834727 4.26926333389023 10.262031905866136 5.692351111853371 8.53852666778012 4.269263333890276 4.2692633338903345 5.131015952933026 4.26926333389004 4.26926333389033 7.115438889816977 0.0 7.115438889816816 12.158867304834756 8.538526667780463 10.262031905865998 5.692351111853563 8.538526667780411 4.2692633338902075 5.692351111853421 8.538526667780161 5.692351111853871 4.2692633338901675 12.158867304834555 4.2692633338899935 4.269263333890164 2.9884843337230844 8.538526667780339 5.1310159529329935 948.0156098219854 955.2967136971182 -929.3494309187171 694.1963697304559 950.8441723181792 910.6041630898405 -874.9288006508809 724.7597819033782 941.2818753040567 954.9027255507707 -940.7396533233 659.602658904569 946.7765245783221 926.8611002117648 -946.2035242924488 654.4333300909843 931.4536365011 975.8320563944509 -826.3207392070432 727.691068943346 938.2209023733516 975.1572818384304 -842.7796956532877 725.0575982696666 881.9289046563341 1025.3690626783177 -789.7362411573008 740.7259937318609 893.8513891191642 1009.5976507770878 -903.643397824055 706.8756536094808 945.8107975878297 962.8546844852888 -956.8811421605391 623.6209694872302 949.1042294496191 947.3844082996828 -957.3167363297422 632.4731425302374 937.123680144482 987.2225250538551 -880.2766538548055 704.3473695681064 957.9596524798192 941.9709031456186 -809.5048027442169 738.5180932814139 952.8817247363035 919.9674981720235 -781.6018280240918 735.4806463924097 947.4781124671345 934.122995932706 -870.8479756864717 713.7572041783469 873.5858598717508 1027.482252937055 -881.9208570794709 712.2768993415473 913.5109925034328 996.2506234164458 -950.9956329127832 650.6046999612497 938.4103728568473 929.4439269039389 -940.8698141858268 648.6737943750381 957.7533012991967 928.765919626001 -895.9811510342314 708.2242284566167 958.9405470078585 906.0807192502757 -923.8171488953253 690.6821974604425 855.6204767459436 1046.7911631979282 -911.3783304127207 700.0729456680367 884.885688863923 1020.2551669397925 -888.5620304284006 711.9445585042022 833.2183533250495 1058.276356133128 -788.3747451415144 734.4435465465929 937.2211169156876 967.7924440690281 -802.966065778463 739.2257061317262 984.9152530729283 884.8243959435897 -952.3012916318511 635.1610614976879 882.3765246296158 1033.754943162562 -813.1046194499128 733.9265643114431 974.1003456918627 917.0503508593629 -852.7350385842617 712.2719233443255 961.5868241068305 937.0017657598818 -940.5571990970936 668.1790721489954 937.8391119880549 942.2221527855743 -836.3163128848057 724.2453492262428 861.9003557941102 1045.8980097528229 -851.25001664044 719.3192851534807 965.6854582218792 906.051336792687 -840.5148271784985 731.9065807860262 904.3578973233334 1005.1104589282174 -812.9125693618947 739.7468660607533 965.8710772073807 926.0328608435881 -776.9793093757289 727.5099171151678 974.4893628660361 901.0320325405136 -775.2720379300434 733.8087966186368 894.4862914658104 1016.058036290719 -931.8101873870122 672.4713433784909 938.7363251974662 962.7716002964017 -903.6508497156777 699.5186422804517 940.1915112074322 936.2016904507118 -767.7817138527217 735.7282302752067 914.4855633958048 1002.0683293174609 -915.8047724996402 692.7455383364363 840.7427971726547 1051.4528291701695 -796.8519799791391 733.2348612213942 871.5312498011505 1043.1290429219623 -819.7575007875179 726.9657602256245 929.3128846761692 980.2696531088615 -930.5906886159343 688.034605116223 928.8067654865174 994.6060588871183 -877.427529728528 712.190557860989 977.1699166317637 906.0606827518654 -844.6838063503068 718.3858660931795 931.3679575841762 968.4266934242277 -833.342743305789 728.9164399066453 838.1855475779151 1055.5303633541896 -927.0883303973058 672.0135902618395 956.4156614735394 951.9283246748656 -820.4360394141593 742.3802674040685 960.1569673147657 913.9421500285354 -825.699353821896 736.72320837413 882.3079800142067 1016.7963110809837 -868.1677282971391 719.7810582151656 925.5288469675353 983.3347515668505 -919.5427145058302 700.7922292325993 922.0309676297854 995.766559815723 -859.15722804156 721.366947668336 963.5449818617371 899.0443006334234 -801.7757552759213 745.1637326874102 846.1214180468639 1052.7808135782136 -770.9149264876096 740.3868256867203 850.406899765106 1044.126960256008 -889.4470104032873 704.5737977963721 944.5895723085229 969.2257247665539 -831.2207332875851 735.0998087392217 887.7919723682828 1017.1918241456519 -880.4000091821953 726.2523798577486 874.8707672968346 1036.3130546149157 -763.3249777952113 744.6394952222432 950.9404992031658 940.5884475345125 -819.5476752327532 733.8323412811732 860.3784195418848 1040.9339608715388 -893.6469279134093 701.3155900031999 944.9352703778842 979.1849180309321 -872.9290599444063 707.4673025513611 961.7992624293922 923.0584743884065 -877.5684487034117 719.6751047288059 976.3891584530443 893.1991644680912 -898.9810579813703 715.3981081915045 924.640887866664 988.3873134040102 -946.2517947503633 638.0420693255219 907.0286777847905 1008.7812693631787 -934.3085321591286 679.2538392271722 968.9711072655277 895.2013398361115 -963.005309620413 628.0166700925805 953.7955045375434 926.767088623031 -851.7687966777686 729.9825921852033 944.2293675457762 943.3815285164246 -926.4273652946463 681.5527310751291 983.7082001077268 897.3750838401329 -865.9470442194904 715.4418088524268 866.0414185801944 1041.554673909 -793.095633388272 746.0384136007511 897.4542594269925 1008.547545178737 -910.4923843233431 709.7594608802885 988.6850042297823 889.4270033845955 -967.2483008687587 618.764623284371 908.9291492689451 1000.7031108897716 -950.0472680023049 641.8199807338765
1760.0016359619212 5.69235111185344 0.0 0.0 4.269263333890178 8.538526667780381 5.131015952933156 4.269263333890252 4.2692633338901205 5.692351111853372 7.115438889817107 10.262031905866401 4.269263333890009 5.69235111185362 5.692351111853458 7.115438889816974 5.692351111853632 5.692351111853555 7.115438889817015 4.269263333890093 4.269263333890257 7.115438889816855 7.115438889816701 5.692351111853682 5.6923511118534815 12.15886730483489 5.692351111853579 5.692351111853432 5.6923511118537204 5.6923511118535375 12.158867304834716 5.692351111853419 10.262031905866314 7.1154388898167396 7.115438889816725 9.546363028425644 5.692351111853456 0.0 5.692351111853368 7.1154388898168435 4.269263333890349 5.6923511118535295 5.692351111853734 5.692351111853324 10.262031905866337 5.692351111853458 4.269263333890224 4.269263333890092 5.692351111853718 8.538526667780227 0.0 4.2692633338899055 9.546363028425919 4.269263333890058 10.262031905866138 8.538526667780216 8.220422225961535 4.269263333890336 0.0 5.692351111853543 4.269263333890166 10.262031905866213 5.692351111853565 5.692351111853628 5.131015952932949 5.692351111853499 10.262031905866298 4.2692633338900645 5.692351111853663 7.11543888981696 7.115438889817064 7.11543888981684 12.1588673048347 4.269263333890272 5.692351111853473 5.692351111853627 7.115438889816753 0.0 10.262031905866218 10.262031905866298 7.115438889816999 8.538526667780364 4.269263333890158 4.269263333890232 8.538526667780166 8.53852666778056 4.269263333890206 5.692351111853488 8.538526667780417 4.269263333890111 4.269263333889986 12.158867304834976 4.269263333890305 0.0 4.269263333890191 4.269263333890142 4.269263333890189 8.538526667780365 4.269263333890195 4.269263333890263 4.2692633338901995 4.269263333890444 4.269263333890258 4.269263333889945 0.0 5.6923511118534575 5.692351111853514 5.69235111185359 4.269263333890336 10.262031905866229 14.230877779633877 5.131015952933282 4.269263333890184 7.115438889817083 9.54636302842605 4.269263333890201 7.1154388898168275 0.0 5.692351111853348 5.6923511118535775 5.69235111185362 12.158867304834827 12.158867304834855 5.692351111853525 5.692351111853497 10.262031905866298 0.0 5.692351111853558 5.6923511118535135 4.269263333890204 4.269263333890272 5.692351111853444 12.158867304834907 12.15886730483494 5.692351111853496 12.158867304834809 5.692351111853482 4.269263333890062 10.262031905866033 5.131015952932972 12.158867304834576 943.2451041672161 959.3933996024667 -933.8612898345963 685.7628919420437 945.7006416516272 918.9067976268731 -879.3062581451632 720.1094363045082 937.2136474906006 959.935744079024 -941.8880196499275 648.775886657996 941.4469297766059 935.0879547582164 -945.9898669611737 646.4799957969591 923.6872859223744 985.0471055319814 -841.0740392198314 723.636395042934 930.5631090480754 984.3393922190517 -851.3647249306616 720.6694147199815 875.8264248020411 1035.7493059057726 -795.9949956786894 735.7840109855185 880.4279630222863 1018.0469490418899 -909.2385874814796 698.2236591578421 939.1522240590642 968.4211033406284 -967.0457066334368 615.1324122851227 942.0081271299283 953.671675212965 -965.0554862288334 623.8999386230494 928.9287216057024 992.1506533474876 -889.3563374799959 690.4006064063348 947.4485740924849 951.5191327491304 -821.2565605242902 729.1369593425932 943.3076663425562 930.6216131657262 -791.4151390221926 728.6701708767101 939.5161137662138 942.976637076217 -884.029892020504 700.1955716091403 864.6703448415072 1034.039549860326 -888.743589217357 703.6618422657098 903.4802148720335 1005.2789690438203 -955.2254350634454 638.5975256901203 931.8823640746965 943.3854162123673 -950.0645509075454 637.2412754787281 953.4645746670171 939.2514282954387 -903.2365137603025 699.7397868796597 952.1088149485507 919.4436389176356 -932.3325890267314 677.2734944056841 843.5160017292746 1055.6865294993813 -915.1964230232911 695.9063047269775 876.8103382388477 1030.6215605580946 -894.7715739618976 703.7782498751096 820.6995433968757 1061.00010440022 -796.9046525117018 730.6378731037031 932.2708979543407 977.9685539171903 -808.9471972677919 733.9748050574743 975.3284190207431 893.1694377960004 -958.2495562378558 624.8862233193188 868.8050989830194 1039.3206878957478 -823.4448174391723 723.8859765726236 969.8658513795705 919.5807807440088 -867.5349859158655 705.6623335102469 956.247257386304 945.2104748908915 -947.1413351408615 659.8996258695685 932.1244856387858 959.8417477053008 -848.4340214819995 720.0329341190989 847.4937744648834 1047.6556447589678 -860.3448073551929 710.5367891675793 958.6661770523405 914.6583017843938 -853.4476546839907 725.4908556262535 891.6821071850152 1014.5357015878677 -825.2704151670523 732.8028650272172 958.7143624175584 934.5207677209406 -787.2408580584711 725.0055303281353 965.8661034094446 908.0867340998027 -781.2615349344436 734.5959478971199 888.2607303426406 1023.6015600178346 -941.574700514557 657.8924797646746 931.2249844648724 973.5641957692691 -916.6221284945985 687.0650700760575 927.8116263339886 952.0068832061421 -775.8445163162463 734.1034830474871 905.0874062978289 1010.6129386498276 -927.3909469757775 686.5960025076188 826.5964688276689 1058.9046169880667 -806.7639594726944 729.7996527237601 863.2874370441067 1042.5926412765646 -830.1775210250272 720.0864433132233 916.6611575363524 987.1500962125573 -936.4956785449551 676.8249199332482 919.1346493980797 997.5775411506022 -890.3489319418318 698.2947147129915 971.8815683934714 913.1055647497773 -855.7634876636146 716.2078178674784 926.2156041265765 977.1938970699173 -845.2630446162842 728.4704598912625 826.717813892883 1063.9570406713103 -938.1782707592316 662.5273536313767 950.1531679412245 954.3094653465964 -829.4294465097842 736.1516409657654 952.3363897760972 926.0354339810219 -833.7380550025991 729.2063524329199 873.3980584496071 1023.3632845262482 -871.2652551617518 712.9526678006117 915.7358144691754 993.9040915224996 -926.7322992546441 693.062680597845 911.4366807934385 1005.3173699000743 -866.156302488616 712.5215738511401 954.3262281801303 909.9323265291262 -808.4907210131573 740.9145784620971 837.7089146514345 1056.0193215608554 -777.6126188835373 739.545852952438 841.4877414909829 1050.6813630449076 -897.7669110288565 694.8849793558743 939.529918296313 977.9914491983174 -846.2604063469963 733.7211463281478 879.5189680211395 1023.2908376375241 -885.6834908258559 718.3547398581563 858.5581231908019 1039.4702201357486 -766.7686368654794 737.4955464799555 943.7191486556885 945.5415709525166 -827.5993112390775 725.0380170172829 853.8772600553426 1042.7685472795374 -908.8338315069983 693.2161361823238 938.9337174373501 985.6080804084814 -882.136286093121 696.5247526444958 954.6001011858482 931.6040451714119 -881.2026241606903 708.1023441127617 966.1192242399205 898.6465711332262 -902.6182791640797 708.2375185231497 908.0175272898919 999.6119188819729 -956.4297585747021 618.3935494527032 897.5257953604001 1015.8521791484804 -941.0773233944802 668.5040558062158 958.4212855178264 902.5432736435818 -973.5476507526381 618.8048891387336 947.330543620212 936.0815793623797 -863.0812028917433 725.8778381283616 934.3712129624168 948.9327885425854 -935.3851936410828 671.9375663533526 976.5776042392121 908.0988490079386 -874.6527889173317 704.165993800401 854.444135331174 1047.1350250171297 -800.034795804133 740.6404429302447 884.5340686556273 1013.6793783432782 -915.5324687959625 701.7510976591745 979.3449844217442 895.7622446499304 -972.0713063466562 610.2637189902065 894.9223494763363 1009.6806654772726 -952.6684289748611 627.4098919795442
1770.0016359619212 5.692351111853516 4.269263333890294 8.538526667780488 5.692351111853365 4.269263333890368 5.69235111185363 5.692351111853642 4.269263333890286 0.0 5.131015952933179 7.960806768903057 12.158867304834535 5.692351111853452 4.26926333389019 12.158867304834839 4.269263333890265 10.262031905866262 8.53852666778021 17.077053335560638 4.269263333890254 0.0 7.115438889816688 5.692351111853577 5.69235111185336 7.115438889816952 4.269263333890236 4.269263333890336 5.69235111185369 5.692351111853774 4.269263333890148 5.692351111853522 10.262031905866333 7.115438889816931 7.115438889816689 5.69235111185338 10.262031905866415 5.692351111853501 0.0 12.158867304834576 12.158867304834635 5.13101595293293 5.131015952932992 3.9846457782973075 7.115438889817088 4.2692633338901445 12.158867304834736 5.692351111853555 8.538526667780475 5.692351111853364 7.11543888981703 5.692351111853498 0.0 4.26926333389026 0.0 5.692351111853376 12.158867304834613 12.158867304834539 8.538526667780129 5.69235111185356 4.269263333890048 8.538526667780317 12.158867304834603 5.692351111853532 8.538526667780424 5.692351111853498 4.269263333889995 4.269263333890281 5.692351111853373 5.692351111853697 7.115438889817049 5.692351111853443 8.538526667780074 4.269263333890103 4.269263333890073 4.269263333890122 5.692351111853546 7.115438889817116 7.115438889817051 7.1154388898169 4.269263333890143 12.158867304834665 4.2692633338900166 4.269263333890169 7.115438889817049 5.131015952932868 5.692351111853553 8.538526667780076 8.538526667780353 4.2692633338903185 4.269263333889955 4.269263333890168 4.269263333890323 12.158867304834777 4.2692633338901596 0.0 5.692351111853544 5.692351111853651 5.692351111853608 8.538526667780479 4.2692633338900805 10.262031905866156 5.692351111853495 4.269263333889843 5.131015952933159 4.269263333890416 5.692351111853707 5.131015952933054 0.0 4.269263333890214 17.07705333556059 4.269263333890233 17.077053335560567 5.69235111185341 5.131015952933098 5.692351111853416 8.538526667780275 5.692351111853356 12.15886730483485 5.692351111853535 5.692351111853442 10.26203190586633 7.115438889816844 5.131015952933277 4.269263333890245 5.692351111853606 8.538526667780552 5.692351111853739 4.26926333389033 17.077053335560578 5.692351111853515 4.269263333890098 5.131015952933125 9.00039737742444 5.692351111853724 5.692351111853398 4.26926333389019 4.269263333890195 10.262031905866033 4.26926333389011 5.692351111853696 938.6973982100005 966.2594908583909 -939.5194965124352 674.4556212896424 938.3504377873007 932.0693124305499 -880.9105370214985 714.218879903879 930.2676469652547 970.186866633212 -948.5642078298621 639.6488757589541 935.8437404676304 947.9048246324558 -955.0076420923438 634.9167766628153 910.0366194439291 988.0172975239881 -851.6864978188479 716.6638222842547 918.203848289909 987.084346590444 -861.8370591291769 716.4563351911919 864.801751136081 1039.4389208332555 -801.9278282201988 734.7831143609782 867.362201014054 1020.3025599505326 -913.6844826368826 695.3207853502283 935.7142742973123 974.2435550806144 -970.1106082870995 607.0498472117008 927.3308499915213 962.9166126332383 -967.5268421391207 614.6528449668734 922.8258541929803 999.8124385275971 -901.1566276161799 682.9067551093572 934.7986525966419 962.2920792273225 -829.1353882692769 721.1433906092326 934.6276394056069 939.8937200923309 -803.1607803057132 726.6964498383527 929.0309065157362 954.5387110978264 -892.2047431433466 692.4541425366658 855.8170957169846 1042.018555402142 -897.1452493633303 701.8244344106596 896.9846215709244 1007.1422155261962 -960.5842137413706 632.2616266932212 922.1487176636135 956.3160907245345 -953.6844495575954 625.8807934554255 945.9505562152485 947.5352363327379 -908.7854370357533 688.3396186859854 944.8737362118524 924.511447548128 -935.2930814135898 665.3516701664578 836.0011930984797 1064.151951545164 -920.8563373183075 685.4591813440377 870.9473731786547 1031.9887730659657 -902.8343399309676 695.7758822201852 808.7815864689741 1065.3426554935338 -815.978112628227 729.0561159847352 924.8152004080885 983.780114473618 -821.1281068385575 729.1778952413063 968.3341547509968 901.8248820408531 -961.2697870663502 617.5909027428116 856.6360067449818 1046.793514876077 -833.850391715631 715.2069487215633 964.2795394709756 929.7619956454774 -877.6881257533232 701.9232754734415 949.5337968297399 949.5247294560174 -955.9120851023482 646.471316666738 921.6905232818201 968.3451937264252 -855.5189020235472 709.2207734728947 838.1980910245186 1060.373213796688 -872.3002444245669 705.8572993053377 954.0618535244453 919.0021884411046 -863.1796384298565 723.9190592205995 883.6179008680399 1024.9104703453559 -837.3298331777492 721.2780213501011 956.612359839626 938.0322604611483 -798.3654903182653 722.2028447631534 964.6074003594454 915.9238880498359 -792.6761719215446 730.5241800465038 876.669744266161 1029.1912441414036 -948.3970891729233 648.6127662033782 926.268840828705 977.459622580134 -928.1126607438493 680.5257694281876 915.9315042775594 964.937401523211 -784.7289000561063 730.2237267956882 889.2750282863678 1010.5148596534891 -931.7388763407688 675.5247100347781 818.1188333992945 1060.7191737888986 -821.7690484975973 723.5301051471372 849.138892726472 1043.0441626644692 -841.1104996631125 708.5945348276057 902.0521919005527 996.6798960437989 -938.8281879591485 663.9376885145497 912.4201056306865 1007.0526427374758 -897.2138355679785 692.347052107111 961.6889731819083 922.9894787447319 -864.9444768762504 709.4025766265328 916.8509445373896 984.4342758659203 -853.4036362030638 722.4961935261862 812.5215973883155 1066.0002403618564 -944.5821002245211 648.9138887491794 949.453055854016 959.5959234669374 -832.8424956247807 730.2448227083382 946.0512238900371 928.5892263519678 -844.4046279268599 724.4188161251284 863.3391718586774 1033.7043465440504 -881.7903105971294 707.2608219378823 912.8166860767146 1000.542097153668 -930.8056807484751 682.680871285539 895.5005703443453 1015.685739334731 -872.830334797882 709.996712767654 946.5905446213992 915.6120504162899 -816.8027955678757 734.9682652993886 827.6456484990474 1066.3573120970996 -785.6716962428294 736.1607564093642 831.29426464492 1058.171844183667 -904.9619517863114 685.3846302200635 939.4690686538681 985.5908566803998 -851.8328036677973 731.6628572737509 874.9952514821836 1025.146897479345 -885.7690633301281 708.4071298026774 847.7932672149311 1048.8534359394134 -774.7307547865579 738.5383708896869 942.1905539282731 954.6940123175572 -840.6411707105264 713.5594373647775 840.5637021217432 1054.023959372919 -916.7858912084064 683.1528903920699 931.4477064307314 991.4529089680427 -888.7829239971948 692.3941210444505 947.5811614563447 937.9226494213436 -890.4849157011494 699.2731642388094 961.015980657579 906.9762559234158 -907.8586756696756 702.1550642837668 904.2221992570004 1002.4337767761526 -963.4118804539664 607.5994005590711 887.8474254254534 1020.0492110560507 -950.0417074750752 658.7435714869516 952.9366447784233 912.7819273194164 -973.7439134481455 608.643970717804 941.0117310325774 938.4801491147105 -869.5815669529244 716.7422465957931 920.7525119231083 963.4231509263053 -941.8437489719772 655.7634967965785 971.8019206889223 914.5078780764177 -886.9259461869045 697.5400873622856 847.6318264061257 1056.5563007131896 -809.2237578451125 734.6151391064278 874.9197958966136 1019.2894842760044 -920.2401721998865 693.5481102069342 974.0445354661618 906.0981336017578 -977.3807457796631 600.6989668916673 884.7484481961432 1017.1992086378343 -957.7244197473868 618.4002217727126
1780.0016359619212 12.158867304834661 8.53852666778022 5.692351111853644 4.2692633338900325 4.269263333890187 7.115438889817005 4.269263333889973 12.158867304834533 12.15886730483495 12.158867304834777 5.692351111853545 10.26203190586614 4.269263333889948 5.6923511118535455 8.538526667780404 5.69235111185366 5.692351111853348 10.26203190586617 4.269263333890185 5.692351111853658 4.2692633338900805 5.692351111853517 4.2692633338901445 5.692351111853667 12.158867304834649 7.115438889816773 5.692351111853532 10.26203190586616 0.0 9.000397377424553 4.26926333389015 7.115438889817025 5.692351111853492 0.0 5.692351111853536 12.158867304834803 10.262031905866015 5.6923511118536405 12.158867304834839 12.158867304834894 0.0 5.692351111853556 7.115438889816917 12.158867304834798 5.692351111853414 4.269263333889961 5.69235111185346 5.131015952933159 5.69235111185388 7.115438889816712 5.692351111853446 4.269263333890051 4.269263333890263 5.692351111853652 12.158867304834523 7.115438889817064 7.115438889816951 7.115438889817053 5.692351111853495 4.26926333389011 5.692351111853606 8.538526667780118 5.692351111853404 8.538526667780504 4.269263333890078 0.0 8.538526667780157 5.692351111853487 12.158867304834601 5.1310159529332715 2.1346316669450975 8.538526667780484 5.692351111853377 8.538526667780287 7.115438889817215 12.158867304834827 12.158867304834661 7.115438889816978 5.6923511118534496 0.0 5.692351111853377 4.2692633338901045 4.269263333890163 7.115438889816863 7.115438889816966 5.6923511118536085 8.538526667780546 8.538526667780433 4.269263333889923 10.262031905866362 5.131015952933029 5.131015952932977 5.692351111853646 5.692351111853751 5.692351111853548 5.131015952932981 5.692351111853493 4.2692633338901675 0.0 5.131015952932997 12.15886730483482 5.6923511118535775 5.692351111853533 4.269263333889996 4.269263333890023 4.26926333389001 4.269263333889927 5.692351111853638 8.538526667780392 8.538526667780538 5.692351111853696 4.26926333389017 4.269263333890005 5.692351111853547 7.115438889816774 7.1154388898168515 4.269263333890142 5.131015952933204 10.262031905866392 4.2692633338901205 12.158867304834843 5.131015952933054 4.2692633338900725 8.53852666778038 0.0 7.115438889816984 5.692351111853552 4.269263333890022 4.269263333890361 5.692351111853576 4.269263333890193 7.115438889816836 10.262031905866257 5.692351111853444 5.131015952933371 4.269263333890339 4.269263333890105 3.9846457782976126 4.269263333890023 0.0 931.3084046202661 972.1543555613789 -945.7087528901899 666.8332206464594 932.6127240372977 944.7482078543633 -888.5693637108542 713.7502676590856 922.072291672066 975.1204056116891 -955.634299771642 628.903679639633 931.8228323552454 960.4530371754196 -961.1763999950755 622.9242290458793 900.198063615906 1001.2690568642925 -858.7839638011633 708.3039991919328 908.9639328573388 998.4705016200602 -866.7216694201052 712.2463100610022 853.3999283327183 1049.2903122443586 -808.2421016080705 730.0056942209649 863.8030489954488 1028.8077683089496 -915.3965964728912 687.2480241304743 926.1682819635944 978.7321143357968 -978.390884682842 601.7703944502239 917.3276848791069 969.4310989359782 -972.5848680375655 608.1540854404271 914.36321160538 1001.7043012054664 -910.558621248769 675.4001531354038 924.7010205434647 967.41595155251 -841.9387817890262 713.8945597833375 923.250361030236 950.9277830776634 -819.6236778474523 724.4831048901773 921.6439242926878 960.4921175000674 -900.8273964490521 675.6272710362392 846.8328355762355 1047.149231407631 -902.2688656241169 691.0592548786111 888.7117845412502 1013.244583771254 -966.9406443859975 622.876731486561 912.411201625667 965.6213279517466 -959.4294508110241 617.9747009061219 935.4725885722992 954.7913076304116 -918.6246548288053 677.4876583428656 933.5455978081686 934.392084397093 -942.5685352254134 660.8168212987558 819.3741902870382 1067.900566801786 -924.3926070247777 675.7128823495945 859.791193504141 1032.8300479423428 -906.6295595036024 684.3583290306944 801.219673757134 1071.3407605816844 -827.4167930345247 725.495168249081 918.1374844386219 993.2907015754035 -834.5363748269632 725.4020831524977 960.299128564327 909.4513355881156 -968.3311021594889 609.3304262900907 843.1269516856793 1053.7775070276361 -843.3977098920363 705.6146925492022 958.8221264857401 937.8669420268052 -887.7791808251418 695.3863703863907 946.2082407289059 955.4456881103818 -959.0978052351741 634.0447588286834 911.1951812661379 978.0014039224246 -870.7083734102728 705.2972608945857 825.2608021451412 1065.4648504250229 -882.3033940702297 691.412155355447 951.1439600705396 926.4031272356727 -870.14512905485 719.3523742440804 877.9526713874714 1030.5510754959262 -848.599235860379 716.7448273398094 952.2345778667191 944.9973905650766 -812.3472102483512 725.0622516026131 961.2060062721229 923.9291709891071 -803.9989795770613 729.8266997001642 864.699202478735 1040.9374045002878 -955.5822145068291 637.9492224142957 916.7631186510403 983.2628317827405 -931.9028580099484 672.6910376108048 902.8790099512834 971.4014926869899 -796.5042067924788 727.8351007812134 879.0237059311665 1016.5927401583089 -938.3735434007187 669.8968958268406 807.8601609851667 1066.7857570185517 -834.2917411884358 718.5454929058108 837.801679219786 1054.3186293254437 -853.3558834870327 702.2583248390993 898.6741000392856 1008.0405470014765 -947.6940443595993 655.7910056815184 900.9926765426428 1015.5343770405256 -901.9499539084585 684.1410231563901 956.2623921073022 931.1604213980504 -879.0513806175132 698.2254418213943 910.6908845500102 992.0275985966201 -859.0961588823202 716.0315073083539 806.3460087210302 1074.953105814114 -949.33548287767 638.0608978543656 938.9424539684242 966.7129942479153 -842.9984487970353 727.0736299523991 940.6797980096301 933.2735459932361 -851.0683277284382 720.9206986670503 858.5038709987588 1043.14540261602 -891.4899101080748 701.337826794155 906.0542164012148 1010.0006011195736 -939.2056271627163 676.233199818273 887.0243607866059 1017.514065253167 -883.6247949416107 701.0773178984188 945.0478849279624 928.1155284624758 -824.5634301092791 733.139718701233 813.8107352114614 1066.2218817037049 -798.0928086494775 734.7722790837406 819.5008980451689 1059.4795708266947 -911.8637710052067 680.1461935323368 931.9459866988748 991.3852190138078 -860.2735765250467 724.3603386255991 870.9298977432142 1036.9681387339776 -896.6767254043037 700.4329491263042 838.5626729154783 1062.9947824645847 -793.2654281120914 734.9972099700867 937.5845706256083 961.5751279783212 -851.5951022064323 710.6016516105395 832.2814962882259 1060.1099623989328 -928.4674904842637 667.7176948948426 921.3707366714273 999.0845045892253 -897.8141007379797 681.1434663083796 941.7057128173615 938.3092786789675 -896.0701128770689 692.5776064562513 953.6321269475729 910.6375432536406 -909.5662896168552 692.1485571686266 894.2559124843206 1014.2206862061863 -971.259313461326 600.4970757398854 882.0504387747695 1022.8439515006303 -951.2626404260151 647.1845715568408 948.6619001113729 919.8929984418885 -982.2605113562355 592.4931251165561 930.6174999385582 951.921604263797 -873.0592913113554 710.3893422199176 910.8323777649116 971.3352925140479 -948.2735166532498 650.6659331313243 970.0692617567547 924.2498390243526 -894.1899990822724 688.0695924301882 833.6809400637063 1068.2795053867114 -815.7773572772687 732.5881169468446 866.3322563007489 1032.9661351124976 -920.8172928763306 684.9025132280184 964.7335475885681 910.0783638866809 -980.3015591924622 588.1724067925142 874.5597911189717 1024.698777190182 -965.3407362363507 612.0446533504081
1790.0016359619212 5.692351111853375 7.1154388898167475 7.115438889817087 4.2692633338903185 12.158867304834606 12.158867304834695 5.692351111853648 4.2692633338900645 7.115438889816857 5.692351111853447 5.6923511118534345 9.000397377424383 4.269263333890509 7.115438889817002 10.26203190586619 12.158867304834763 5.692351111853478 12.158867304834917 5.692351111853655 5.131015952932938 8.538526667780113 5.692351111853639 10.262031905866314 4.2692633338900645 5.6923511118534735 5.69235111185352 12.158867304834754 5.692351111853568 4.269263333889864 5.131015952933176 5.692351111853558 4.269263333890232 10.262031905866081 12.15886730483492 4.269263333889995 7.115438889817075 0.0 12.158867304834905 8.538526667780507 4.2692633338901285 8.53852666778055 4.269263333890197 3.984645778297508 4.2692633338901285 5.69235111185343 5.69235111185377 4.269263333890204 10.262031905866202 8.538526667780502 8.538526667780346 4.269263333889948 5.692351111853764 12.158867304834807 12.158867304834855 12.158867304834596 0.0 10.262031905866225 10.262031905866055 4.2692633338901524 5.692351111853605 12.15886730483502 4.269263333890216 4.26926333389011 7.115438889816857 12.158867304834683 4.269263333890119 5.69235111185338 0.0 4.269263333890002 4.2692633338902 8.568123036134836 7.115438889816784 0.0 5.692351111853459 12.158867304834859 4.269263333890176 4.26926333389022 0.0 4.2692633338901524 5.692351111853535 7.115438889816795 17.077053335560876 12.158867304834597 4.2692633338900166 4.26926333389014 0.0 8.538526667780424 12.158867304834745 5.692351111853701 5.6923511118535695 5.692351111853546 4.269263333890138 4.269263333890314 10.262031905866007 5.692351111853491 0.0 4.269263333890265 12.158867304834807 4.2692633338899535 5.692351111853619 12.158867304834747 5.69235111185346 5.692351111853652 12.15886730483489 4.269263333889986 4.2692633338900245 0.0 4.269263333889973 5.692351111853653 4.269263333890198 5.692351111853655 8.53852666778035 5.69235111185351 8.538526667780285 5.692351111853525 12.158867304834653 5.692351111853524 5.69235111185348 5.692351111853608 10.262031905866142 5.692351111853418 8.538526667780221 5.69235111185381 4.269263333890204 8.538526667780493 12.158867304834972 7.115438889817105 4.2692633338902395 4.269263333890266 10.262031905866273 11.38470222370698 5.692351111853539 0.0 5.692351111853508 5.692351111853601 4.269263333890167 4.269263333890004 2.9884843337231772 4.2692633338900325 7.115438889817037 920.381544355796 976.1407267358787 -948.0995945685268 652.381825781728 927.953637792104 951.5845456785544 -894.4760390832035 704.407862320911 911.3146124655407 981.8852296950625 -960.1962404664671 620.5002613894872 918.1716414084696 971.2155249668224 -966.2227112499809 616.3853192028079 889.4562368822375 1010.6764726733267 -866.2928927851924 702.1156420988175 898.235136530725 1007.8918537407461 -870.435169071153 707.048595535053 846.4571294536737 1055.8639128110367 -822.2901247362258 720.7595184130556 860.1767650428968 1035.888494095738 -924.6173843930143 679.560233477827 917.5761219558162 988.3074974797295 -981.9693436967597 584.606988085068 907.1555707912601 976.4195106093301 -979.4167424698609 596.3629790687291 904.9060770624077 1010.1930015037032 -920.0176067193294 669.5094954636318 914.9087404142957 978.025055279511 -851.3992517738047 706.4217656951458 916.0002399481198 967.2253979000375 -828.9934880850914 725.2927376729994 909.1671451409873 970.2033113305405 -912.5587439560794 670.9935852382766 838.4855376051997 1051.811482022691 -913.6805040314335 687.3696180858802 877.1178317657802 1018.8324952146803 -969.494113097372 612.8380039570251 900.4293952579563 973.3586429997347 -963.6311807374618 606.9260302295158 929.3343253442512 959.7151909574828 -928.7162079967293 670.1411822299432 928.4823612789895 943.1367564748235 -943.827364696826 651.8872953166725 806.9437248874223 1069.6764256182378 -934.0296930554168 666.2978603037591 849.026324005208 1042.213095628214 -913.7986225963358 680.9360385694625 786.948708059441 1081.8272867680735 -837.2699015640459 723.9110205193435 917.7334081657049 998.0310893539264 -844.6036937889583 719.7806415418281 953.6368238188693 918.6349719926106 -976.298887191908 597.9666566698288 839.4346868489624 1059.4340229462111 -846.9195636479383 697.5245107864041 948.8676334454718 943.2732197454328 -895.0224230066234 687.6659442296656 937.8221329923055 957.6593058281152 -967.9275141957171 621.387697759488 902.9244360141626 982.7837752382344 -880.9044852925405 700.6491300799462 814.9370042932308 1070.1076495303196 -893.9837063015187 680.9005438571157 947.1263654217686 931.439247134011 -871.854330852626 712.9118832708717 865.7844160159865 1038.0248748073545 -856.7630038936181 705.0664157774411 944.9667906503587 951.0686923259339 -830.1605050510716 718.4308015013896 953.202524241615 934.034529896968 -812.0906582848967 724.6300149924458 852.3992824555436 1045.561842832625 -962.5221662381049 627.0987187019028 908.6464615012621 990.873554720444 -939.0692962643448 665.5654899314654 890.0830562266467 983.2703735735772 -808.7082751279806 717.8254736881748 869.4701646724517 1023.6194620301625 -945.0352468972688 660.7643130064957 791.737365843368 1074.2180889323963 -842.4313949519791 711.3107145925245 828.1801335888165 1059.917125935369 -864.6975146924001 694.88526923216 891.7435314787176 1014.6257137788924 -950.9145400230623 645.1213370169852 886.991187364451 1025.851930707613 -908.1435846214084 674.8847887766766 946.0535525051273 939.9095408231851 -888.7817817090242 695.9009247155797 905.7630115306531 998.6437221422761 -863.8431867329143 711.7454851495346 793.9155414902184 1076.728959630008 -955.6552685139953 628.6860755379579 927.5428159786387 972.6908641697917 -851.2032221518754 719.5507863479012 935.2364014275921 944.0187833504094 -852.4121515708674 711.7977041856946 844.8644872203336 1047.2818147791052 -900.1753096209407 693.5717190876373 895.3096774940879 1019.407511347119 -942.9263299158908 670.9623462991005 879.6469116189106 1028.8323352145735 -894.1784869514687 692.728512265023 935.3922656686622 936.2882394060691 -831.8593708384234 729.3788500095675 798.325037409031 1073.1860664167732 -809.7445515732379 731.6213192445298 812.4928371464244 1064.6292084615088 -922.0700906010065 672.9416907901959 924.5888523377405 989.5153228749671 -866.6010508631795 718.3443948933871 862.0767802040812 1044.947297792741 -906.332351307993 693.1999862022038 831.4243631966959 1065.296855995206 -803.6569421901904 725.3334133971941 926.1659023271031 967.1156344637834 -854.7578939870457 699.0209485788873 822.0879652000167 1067.600361746703 -939.0844502199193 658.6050980262957 909.9599613200829 1007.5868171885688 -906.9826270334288 666.286745675458 936.9635994687005 949.9567766333694 -906.2871222220956 683.7989263977538 945.7120230063874 925.5314206752432 -919.6615362034042 685.8409786660699 882.0913160118515 1021.7035610947632 -976.9877544402337 591.6551116755745 873.395999771069 1035.0958058357644 -954.8849052934352 638.4563939063727 940.6244859342261 929.9621994244159 -978.8134953339816 580.4588669279111 923.455411345159 960.6672419363374 -879.6612644419608 709.1034261596136 898.4944252103812 983.7478031611561 -949.2829027943416 639.0847067464699 959.0457202795254 926.1052395392569 -902.609045848164 680.080518900491 823.5052854081854 1073.1239207470776 -819.317454375383 729.3923624855723 853.4609701173982 1039.4833987297225 -928.5283050236667 677.2985402886274 956.5529268244638 922.2668731215423 -983.4726420455248 576.395793624682 868.2553927061214 1030.8060119527433 -972.5176877153654 602.933614358023
1800.0016359619212 5.131015952933067 5.692351111853568 10.262031905866314 5.692351111853509 5.692351111853477 5.131015952933024 12.15886730483482 5.692351111853454 7.115438889816801 5.692351111853588 5.69235111185363 5.692351111853525 5.6923511118533465 0.0 5.692351111853409 4.269263333890164 8.53852666778042 4.269263333890329 10.262031905866202 5.692351111853452 4.269263333890279 4.269263333890223 0.0 5.692351111853545 5.692351111853414 4.26926333388996 8.53852666778009 4.269263333889969 4.26926333389044 4.269263333889921 7.115438889817156 4.269263333890216 7.115438889816936 12.158867304834585 12.158867304834628 5.692351111853726 7.115438889816937 7.115438889816936 5.692351111853442 5.692351111853804 5.692351111853424 5.692351111853417 3.984645778297655 4.269263333890176 7.115438889816845 12.1588673048349 11.384702223706949 5.692351111853533 10.262031905866229 12.158867304834622 4.269263333890099 10.262031905866074 9.546363028425935 4.26926333389016 5.131015952933094 10.26203190586641 10.26203190586593 0.0 5.692351111853469 4.2692633338900094 5.1310159529332235 4.269263333890088 5.131015952933102 4.269263333890018 4.269263333890283 5.131015952933018 4.269263333890201 5.6923511118536 4.269263333890158 4.269263333890185 12.158867304834773 8.538526667780282 5.692351111853472 5.692351111853594 8.538526667780076 5.692351111853337 4.269263333890305 8.56812303613459 5.692351111853282 17.077053335560592 5.692351111853475 5.131015952933138 4.269263333890048 5.692351111853596 5.692351111853785 5.69235111185356 0.0 5.692351111853671 5.69235111185367 5.692351111853564 5.692351111853307 8.538526667780545 5.692351111853616 8.53852666778048 4.2692633338903265 10.26203190586629 4.269263333889898 12.158867304834693 8.538526667780337 4.269263333890274 0.0 4.269263333890255 4.269263333889888 4.269263333890011 0.0 4.269263333890079 4.2692633338902715 4.269263333890232 7.1154388898170104 8.538526667780483 12.158867304834866 7.115438889817025 5.131015952933357 7.115438889817012 5.69235111185349 7.115438889816885 3.217534532268384 5.692351111853499 7.115438889816771 5.692351111853729 5.131015952933002 5.692351111853424 7.11543888981713 5.6923511118534 10.262031905866452 7.115438889816767 5.6923511118536245 12.158867304834839 5.131015952933278 12.15886730483458 4.269263333890018 4.26926333389002 7.115438889817125 5.692351111853734 12.158867304834832 5.692351111853547 5.692351111853533 3.9846457782976126 10.262031905865795 5.692351111853358 914.718719395254 980.4522468612819 -955.2457422352765 644.2104354594566 922.3816432609619 964.9822437118095 -891.8838907974255 699.2910839121781 902.0065747391551 991.8613509377827 -964.6062982791497 608.6622416084103 908.4228119396302 978.6404835587042 -971.0579070615362 599.6188967325033 878.4991902031616 1015.7973053603931 -870.9794055541706 688.2101516137456 885.4382297212532 1015.8486234950359 -871.7641988736838 698.4435627254496 836.1292149324346 1060.5042384766687 -834.2707969766564 714.9439091442299 849.722614710259 1037.684071891849 -928.6717357742971 670.9563260691639 907.8617378968204 991.1653950725389 -987.7523440084353 574.882091350004 899.5848056993485 982.1392253083004 -987.0649358947653 581.4461007955683 894.4535712746934 1012.0068966063734 -916.8270622011374 659.3826259528374 905.4576647107784 985.1957917655272 -860.2300227928775 696.1509236377898 905.3180052758149 975.3769844643693 -838.3646731448733 722.0757304794379 898.2842929076237 975.4815419705074 -913.0863784648175 661.623811034856 822.1047717647939 1053.539803637264 -918.9944479221375 684.6928745485812 868.3310852410007 1028.236609138456 -976.1213159454272 608.5088760956359 892.4548586781899 983.8130375876227 -969.5236611982024 593.9183804226891 920.2591688249169 971.2299085932439 -930.8916578154848 656.4187466813667 925.7272574999575 957.4361526720089 -951.8949214503472 641.5042987725068 798.4022110258013 1074.2056597913083 -937.3160901978049 655.6608101911571 836.7249990563785 1046.8347768242409 -918.2708180399446 671.6731612071202 775.6828410385444 1090.8584803022718 -844.7017566593854 716.7985494505702 910.53783637126 998.9532070232802 -853.2709532024168 712.5371745472382 950.685781050547 927.3610676114384 -984.9254833790443 587.5618952053621 827.706230471274 1062.1544457746568 -857.6793950371455 692.5189968798004 946.2287151955833 950.0295648109324 -897.04118658091 676.2725409088911 928.801135098681 960.228602788531 -969.5431362667128 610.1967758755878 896.1089318896428 990.8368659014039 -885.3577722016148 690.526997800995 808.3688558573026 1071.9179062827432 -901.1995602089694 669.4800176396494 937.9767655592901 938.9734519275835 -878.8920523341437 704.2569339805153 857.6979459835762 1048.3827895711174 -862.9194233777583 702.5700046295551 937.5694077244036 957.0124087338991 -842.9579572550691 708.8452811486051 949.859074300956 939.8988870523733 -815.7896274162674 719.129090381145 841.632250469111 1054.9435899479306 -966.9756725005976 618.6553662488541 904.4292874618618 998.452702317343 -942.5092052731907 651.5443733167548 882.25931643579 991.3009808026383 -820.0042891059418 713.5493744574528 863.3614253639906 1033.9971104747212 -949.8117277452426 652.4556371678378 781.7166916708388 1085.0192323123904 -850.1109154182212 701.1682821059901 823.6565629596397 1061.7650544706976 -873.3897598276992 681.7283669970811 877.6023617914097 1022.0868566393821 -956.0810991421854 635.2562231254182 879.2162955610413 1028.6252207466914 -914.7286568095334 666.6791561315822 940.553669317655 944.4262128646373 -896.1016843309576 687.334190347758 893.615008477616 1006.1486421250837 -869.3484463029333 707.8912385246142 788.7626226039972 1083.051595009758 -964.2203755566015 618.6511275582652 918.9413310106585 982.261892177533 -858.8176876119234 715.4110335077596 935.116571350116 950.18334752083 -852.4127730501287 707.7625319216619 828.7406833579001 1054.709345130008 -906.3706202375539 686.9541291183191 886.1311223937489 1020.2743866830765 -944.221105272842 661.9933790153508 872.7056028064105 1035.407175803943 -901.6429064934503 682.0805459011495 930.3827549631261 950.2263219366478 -841.2281383703215 726.2557112343334 789.8427909954193 1076.1798088428206 -819.6086443679549 722.5804196112463 807.917685460377 1066.4819415648847 -922.3190542063475 664.5328862932121 918.9832485477551 995.2106523513238 -873.0201364520248 713.2574538208207 850.9857164695774 1047.2107820836588 -911.445125746372 683.3801192484447 823.6942936823864 1069.4692145441616 -816.2000907671458 729.9557826987033 922.070804665739 974.7676058879558 -865.5894981680544 687.1553909425157 813.7222068142186 1072.2350564022067 -941.3278053407322 644.049644441036 899.9386116465229 1004.6684960012908 -914.409046559505 650.5718452203405 932.9352102335253 957.1531772734725 -909.4716974763388 674.7399272656862 937.3641211815374 934.0189341831039 -924.5032716851629 675.8715921337964 872.6681812308146 1031.5765729864736 -981.8505574517346 577.4402376164884 865.8821502823054 1043.562003345502 -962.2271579068706 629.4537310710374 929.1892208374148 940.8742328719674 -985.5658598141204 567.710251780504 913.7415727664992 972.6612946431865 -886.2124810009509 698.267294388675 890.3307908803426 991.3223505931429 -959.5088238566404 622.7230530970926 950.6186379603486 933.2844697449942 -908.6215196401523 668.0109916704884 811.1936642309478 1077.682012650033 -827.9665623276665 722.3280790617159 841.9927766355045 1047.9084601434333 -937.2445708028398 663.856715328785 943.6204796803124 930.6553582663157 -991.1060728039455 563.6050982317838 858.8952570809361 1042.100708552332 -978.419288176457 593.2799324060329
#####################################################################
# End of data export. Simulation finished at: 2026-07-02T13:01+0000 #
#####################################################################
