#####################################################################
# Alchemist log file - simulation started at: 2026-07-03T09:33+0000 #
#####################################################################
#
# seed = 8.0, NumberOfHerds = 2, intrinsicForwardCoefficient = 0.17356653559240795, intrinsicLateralMultiplier = 0.55
#
# The columns have the following meaning: 
# time node-0 node-1 node-2 node-3 node-4 node-5 node-6 node-7 node-8 node-9 node-10 node-11 node-12 node-13 node-14 node-15 node-16 node-17 node-18 node-19 node-20 node-21 node-22 node-23 node-24 node-25 node-26 node-27 node-28 node-29 node-30 node-31 node-32 node-33 node-34 node-35 node-36 node-37 node-38 node-39 node-40 node-41 node-42 node-43 node-44 node-45 node-46 node-47 node-48 node-49 node-50 node-51 node-52 node-53 node-54 node-55 node-56 node-57 node-58 node-59 node-60 node-61 node-62 node-63 node-64 node-65 node-66 node-67 node-68 node-69 node-70 node-71 node-72 node-73 node-74 node-75 node-76 node-77 node-78 node-79 node-80 node-81 node-82 node-83 node-84 node-85 node-86 node-87 node-88 node-89 node-90 node-91 node-92 node-93 node-94 node-95 node-96 node-97 node-98 node-99 node-100 node-101 node-102 node-103 node-104 node-105 node-106 node-107 node-108 node-109 node-110 node-111 node-112 node-113 node-114 node-115 node-116 node-117 node-118 node-119 node-120 node-121 node-122 node-123 node-124 node-125 node-126 node-127 node-128 node-129 node-130 node-131 node-132 node-133 node-134 node-135 node-136 node-137 node-138 node-139 
0.0 0.0 0.0 0.0 0.0 0.0 0.0 0.0 0.0 0.0 0.0 0.0 0.0 0.0 0.0 0.0 0.0 0.0 0.0 0.0 0.0 0.0 0.0 0.0 0.0 0.0 0.0 0.0 0.0 0.0 0.0 0.0 0.0 0.0 0.0 0.0 0.0 0.0 0.0 0.0 0.0 0.0 0.0 0.0 0.0 0.0 0.0 0.0 0.0 0.0 0.0 0.0 0.0 0.0 0.0 0.0 0.0 0.0 0.0 0.0 0.0 0.0 0.0 0.0 0.0 0.0 0.0 0.0 0.0 0.0 0.0 0.0 0.0 0.0 0.0 0.0 0.0 0.0 0.0 0.0 0.0 0.0 0.0 0.0 0.0 0.0 0.0 0.0 0.0 0.0 0.0 0.0 0.0 0.0 0.0 0.0 0.0 0.0 0.0 0.0 0.0 0.0 0.0 0.0 0.0 0.0 0.0 0.0 0.0 0.0 0.0 0.0 0.0 0.0 0.0 0.0 0.0 0.0 0.0 0.0 0.0 0.0 0.0 0.0 0.0 0.0 0.0 0.0 0.0 0.0 0.0 0.0 0.0 0.0 0.0 0.0 0.0 0.0 0.0 0.0 0.0
0.04160524323250203 0.0 0.0 0.0 0.0 0.0 0.0 0.0 0.0 0.0 0.0 0.0 0.0 0.0 0.0 0.0 0.0 0.0 0.0 0.0 0.0 0.0 0.0 0.0 0.0 0.0 0.0 0.0 0.0 0.0 0.0 0.0 0.0 0.0 0.0 0.0 0.0 0.0 0.0 0.0 0.0 0.0 0.0 0.0 0.0 0.0 0.0 0.0 0.0 0.0 0.0 0.0 0.0 0.0 0.0 0.0 0.0 0.0 0.0 0.0 0.0 0.0 0.0 0.0 0.0 0.0 0.0 0.0 0.0 0.0 0.0 0.0 0.0 0.0 0.0 0.0 0.0 0.0 0.0 0.0 0.0 0.0 0.0 0.0 0.0 0.0 0.0 0.0 0.0 0.0 0.0 0.0 0.0 0.0 0.0 0.0 0.0 0.0 0.0 0.0 0.0 0.0 0.0 0.0 0.0 0.0 0.0 0.0 0.0 0.0 0.0 0.0 0.0 0.0 0.0 0.0 0.0 0.0 0.0 0.0 0.0 0.0 0.0 0.0 0.0 0.0 0.0 0.0 0.0 0.0 0.0 0.0 0.0 0.0 0.0 0.0 0.0 0.0 0.0 0.0 0.0
10.041605243232503 1.426222742466323 1.2547300488120472 0.6873234809458453 1.4262227424663618 1.4262227424662977 1.254730048812083 1.4262227424662977 1.254730048812083 1.426222742466323 1.2496790562655036 0.6873234809459443 2.5921428475552775 1.249679056265437 3.4991013575428735 2.592142847555364 0.0 2.5921428475553614 3.4991013575428735 0.6873234809459443 2.0994608145257185 1.87971836854603 1.2496790562655036 2.0994608145258398 4.123940885675625 3.49910135754296 1.2547300488120472 1.3746469618918886 1.4996148675183572 1.3746469618918886 2.5921428475552775 2.099460814525866 1.254730048812083 1.499614867518366 1.254730048812083 1.649623689918909 2.5921428475552775 1.249679056265437 2.0994608145257185 1.499614867518366 0.6873234809459653 1.249679056265437 1.4262227424663618 1.2547300488120883 1.3746469618919306 0.6873234809458453 0.4934553847721025 1.87971836854603 1.4262227424663956 1.87971836854603 1.254730048812083 1.4262227424662977 1.8577814762526434 1.249679056265437 1.4262227424663618 1.8797183685460193 1.2547300488120472 2.099460814525866 1.87971836854606 1.249679056265437 1.4996148675183572 1.249679056265437 2.0994608145257185 1.499614867518366 0.0 1.426222742466323 1.2496790562655036 1.2547300488121202 1.2496790562655036 1.8577814762524703 1.2496790562655036 2.5921428475553614 1.4996148675183572 1.8577814762524703 0.6873234809459653 1.249679056265437 1.2547300488120472 0.6873234809459443 1.254730048812083 0.6873234809458453 1.254730048812083 1.857781476252522 1.2496790562655036 1.2496790562654112 1.4262227424663956 1.3746469618918886 0.0 1.3746469618918886 1.87971836854606 1.3746469618918886 1.4262227424663956 1.857781476252522 0.0 1.249679056265437 1.3746469618919306 1.3746469618918886 1.4262227424663618 1.3746469618918886 1.4262227424663618 1.8577814762524703 0.6873234809459653 1.857781476252522 1.254730048812083 1.2547300488121202 1.4262227424663956 2.592142847555364 0.6873234809459653 0.6873234809459443 1.4996148675183572 1.8797183685460193 1.4996148675183572 2.5921428475553614 1.4262227424663618 1.4262227424662977 1.4262227424663618 2.5921428475553614 1.4262227424663956 1.87971836854603 1.4996148675183572 2.099460814525866 1.254730048812083 1.249679056265437 0.0 1.2496790562654112 2.0994608145257185 1.249679056265437 1.4262227424663618 1.499614867518366 1.2547300488120472 2.099460814525866 1.4262227424663618 3.49910135754296 1.4262227424663618 1.249679056265437 2.592142847555347 1.426222742466323 1.254730048812083 1.4262227424662977 1.254730048812083 1.87971836854603 1.4262227424663956
20.041605243232503 1.857781476252522 1.254730048812083 0.6873234809458453 1.4996148675183572 1.4262227424662977 1.254730048812083 1.2496790562654112 1.4262227424663618 0.6873234809459443 2.5921428475552775 0.6873234809459443 3.4991013575428735 2.5921428475553614 1.857781476252388 1.4262227424662977 0.0 1.249679056265437 1.87971836854606 1.857781476252522 1.4262227424663956 1.249679056265437 0.6873234809459653 1.2547300488120876 1.2496790562655036 1.2547300488120883 2.0994608145257185 0.6873234809459443 1.4262227424663956 1.249679056265437 0.0 1.4262227424662977 1.254730048812083 1.499614867518366 1.2547300488120472 1.499614867518366 1.4262227424663956 0.6873234809459443 2.0994608145257185 1.3746469618918886 2.592142847555347 0.6873234809459443 1.8577814762526434 0.6873234809459443 0.6873234809459653 1.857781476252578 1.4262227424663956 1.249679056265437 1.857781476252388 0.6873234809459443 2.0994608145257185 1.3746469618918886 1.4262227424663618 2.5921428475553614 0.6873234809459653 2.099460814525866 1.2547300488120472 1.2547300488120883 1.6496236899189254 0.6873234809459443 1.4996148675183572 2.5921428475553614 1.2547300488120472 2.099460814525866 0.6873234809459653 0.6873234809458453 0.0 1.4262227424662977 1.4262227424663956 0.6873234809458453 0.6873234809459653 1.857781476252522 1.8577814762526434 2.099460814525866 1.4262227424663618 2.5921428475553614 1.4262227424663618 0.6873234809459443 2.0994608145257185 1.3746469618918886 2.0994608145257185 0.6873234809459443 1.8577814762526434 0.6873234809458453 1.4262227424663618 0.6873234809458453 1.2496790562655036 0.6873234809459443 1.3746469618919306 1.249679056265437 1.4262227424663956 0.6873234809459443 1.2496790562655036 1.857781476252522 1.6496236899189254 1.3746469618918886 1.4262227424663618 0.6873234809458453 2.0994608145257185 1.8577814762524703 1.4262227424663618 1.426222742466323 1.8577814762526434 2.099460814525866 1.218216561524829 1.426222742466323 0.6873234809459653 1.857781476252522 0.6873234809459653 1.8797183685460193 1.4262227424663618 1.87971836854603 1.4262227424663956 1.4262227424662977 1.4262227424663618 2.5921428475553614 1.3746469618919306 1.2496790562654112 1.4996148675183572 1.2547300488121202 2.592142847555347 1.249679056265437 1.3746469618919306 1.2496790562654112 1.2547300488120472 0.0 1.2496790562655036 0.6873234809459443 1.4814777115514834 1.4262227424662977 1.8797183685462082 1.426222742466323 1.3746469618919306 1.3746469618918886 0.6873234809459653 1.8577814762524703 1.2547300488120472 1.426222742466323 2.0994608145257185 0.6873234809459443 1.4996148675183572
30.041605243232503 1.249679056265437 1.2547300488120472 0.6873234809458453 1.2496790562655036 2.099460814525866 1.2547300488120472 0.6873234809458453 1.4262227424663618 1.249679056265437 1.3746469618919306 0.6873234809459443 1.857781476252388 1.857781476252522 1.857781476252388 0.6873234809458453 1.4262227424663956 2.5921428475553614 1.2547300488120472 1.857781476252522 1.4262227424663956 0.0 0.6873234809459653 1.857781476252578 1.2496790562655036 1.2547300488121202 1.6496236899189545 0.6873234809459443 1.3746469618919306 0.6873234809459443 1.8577814762526434 1.426222742466323 1.2547300488120472 0.6873234809459443 3.4991013575428735 1.3746469618918886 1.2496790562655036 0.6873234809459443 1.87971836854606 2.592142847555364 1.4262227424663956 0.6873234809459443 1.8577814762526434 1.6496236899189047 0.6873234809459653 1.4262227424662977 1.6496236899189545 1.249679056265437 1.857781476252388 2.592142847555364 1.2547300488120472 1.249679056265437 0.6873234809459653 1.249679056265437 1.4262227424663618 1.249679056265437 0.7807535290995011 2.5921428475553614 1.2547300488120472 1.857781476252522 1.4262227424663618 0.0 1.2496790562655036 0.0 1.2496790562655036 1.2496790562654112 1.3746469618919306 1.649623689918909 0.6873234809459653 1.2496790562654112 1.2496790562655036 0.6873234809459443 2.592142847555347 1.8577814762524703 1.3746469618919306 0.6873234809459443 1.4262227424663956 1.249679056265437 1.4262227424663618 0.6873234809458453 1.254730048812083 0.0 1.254730048812083 0.6873234809458453 1.360271029921159 1.4262227424662977 1.2496790562655036 0.6873234809459443 1.87971836854606 0.6873234809459443 1.4262227424663618 1.249679056265437 1.8577814762526434 1.3746469618918886 1.4262227424663618 1.857781476252578 1.8577814762526434 1.4262227424662977 1.254730048812083 1.4262227424662977 0.0 1.4262227424662977 1.6496236899189254 1.3746469618918886 1.4262227424663618 0.6873234809458453 1.2496790562655036 0.6873234809459443 1.2496790562655036 1.426222742466323 1.4262227424663618 2.5921428475553614 0.6873234809459653 1.3746469618918886 0.09745173076074579 0.6873234809459443 1.857781476252388 1.857781476252578 1.4262227424663618 2.099460814525866 1.2496790562655036 1.249679056265437 1.2496790562655036 0.6873234809458453 1.254730048812083 1.249679056265437 0.6873234809459653 0.6873234809459443 1.4262227424663956 2.592142847555364 1.254730048812083 0.6873234809459443 1.3746469618919306 1.249679056265437 1.2496790562655036 0.6873234809459443 1.4996148675183572 0.6873234809459443 1.2547300488120472 0.6873234809459443 1.4996148675183572
40.0416052432325 1.857781476252522 1.254730048812083 1.2496790562654112 2.5921428475552775 1.2547300488121202 1.4262227424663956 1.2496790562654112 1.4262227424663618 0.6873234809459443 1.2496790562655036 1.249679056265437 1.4262227424663618 1.857781476252522 1.857781476252388 1.2496790562654112 2.5921428475552775 1.3746469618918886 1.254730048812083 1.249679056265437 1.4262227424663618 0.6873234809458453 0.6873234809459653 1.499614867518366 0.6873234809459653 2.099460814525866 1.4262227424663618 0.6873234809459443 1.3746469618919306 1.249679056265437 3.4991013575428735 1.3746469618918886 1.4262227424663956 1.4262227424662977 2.0994608145257185 0.6873234809459443 1.254730048812083 0.6873234809459443 2.0994608145257185 1.857781476252522 1.4262227424663618 1.249679056265437 2.592142847555347 1.4262227424662977 0.6873234809459653 0.6873234809458453 2.0994608145257185 0.6873234809459443 0.6873234809459653 2.592142847555364 2.0994608145257185 0.6873234809459443 1.8577814762526434 2.5921428475553614 1.2496790562655036 1.87971836854603 1.254730048812083 0.6873234809459443 0.6873234809459653 2.5921428475553614 1.4996148675183572 0.6873234809459443 0.0 2.5921428475553614 1.2496790562655036 0.6873234809458453 1.3746469618919306 1.249679056265437 1.857781476252388 0.6873234809458453 0.6873234809459653 1.249679056265437 1.2496790562655036 1.426222742466323 1.8577814762526434 1.249679056265437 0.6873234809459653 0.6873234809459443 1.8577814762526434 2.592142847555364 2.0994608145257185 0.6873234809459443 1.2496790562655036 1.2496790562654112 1.4262227424663618 0.6873234809458453 1.2496790562655036 1.249679056265437 3.4991013575428735 1.249679056265437 0.0 0.6873234809459443 0.0 1.3746469618918886 2.5921428475552775 1.4262227424662977 1.2496790562655036 2.592142847555364 2.0994608145257185 1.2496790562654112 0.6873234809459653 1.499614867518366 2.592142847555347 1.249679056265437 0.5240449207270002 1.2496790562654112 1.2496790562655036 1.249679056265437 1.2496790562655036 1.3746469618918886 1.4996148675183572 0.0 0.6873234809459653 2.592142847555364 1.4996148675183572 1.857781476252522 1.2496790562655036 0.0 1.2496790562655036 1.857781476252522 0.6873234809459653 1.249679056265437 2.592142847555347 1.8577814762524703 1.4262227424663618 1.249679056265437 1.4262227424663618 0.6873234809459443 1.2496790562655036 1.857781476252578 2.0994608145257185 0.6873234809459443 0.0 1.249679056265437 1.2496790562655036 1.3746469618918886 1.4262227424663618 0.6873234809459443 1.1756191416204238 1.8577814762524703 1.2547300488120472
50.0416052432325 1.857781476252522 1.2547300488120472 1.3746469618918886 1.4262227424663618 1.426222742466323 1.6496236899189254 1.8577814762524703 1.8577814762526434 0.6873234809459443 1.2496790562655036 1.249679056265437 2.592142847555347 0.0 2.5921428475552775 1.3746469618918886 1.857781476252388 1.249679056265437 2.0994608145257185 1.249679056265437 1.2496790562655036 1.2496790562654112 0.6873234809459653 0.0 1.2496790562655036 0.6873234809459443 1.2496790562655036 0.6873234809459443 0.6873234809459653 0.6873234809459443 0.6873234809459653 0.6873234809459443 1.4996148675183572 0.6873234809459443 1.8797183685462082 0.6873234809459443 2.0994608145257185 1.249679056265437 2.592142847555347 0.6873234809459443 1.4262227424663618 0.6873234809459443 0.6873234809459653 0.6873234809459443 1.2496790562655036 1.8577814762524703 1.4996148675183572 0.6873234809459443 0.6873234809459653 0.6873234809458453 2.0994608145257185 0.6873234809459443 0.6873234809459653 1.3746469618918886 0.6873234809459653 1.8797183685460193 2.0994608145257185 1.3746469618918886 1.857781476252388 2.5921428475553614 1.4262227424663618 2.592142847555364 0.6873234809459653 0.6873234809459443 0.6873234809459653 1.2496790562654112 2.5921428475552775 1.249679056265437 0.0 0.6873234809458453 0.6873234809459653 2.592142847555364 1.2496790562655036 1.4262227424662977 1.2496790562655036 1.249679056265437 0.6873234809459653 0.6873234809459443 1.2496790562655036 1.2496790562654112 2.0994608145257185 0.6873234809459443 1.2496790562655036 1.2496790562654112 0.6873234809459653 1.2496790562654112 0.0 0.6873234809459443 1.857781476252388 0.6873234809459443 1.4262227424663618 1.249679056265437 1.8577814762526434 1.426222742466323 1.3746469618919306 0.6873234809458453 0.6873234809459653 1.2496790562654112 1.254730048812083 1.8577814762524703 0.6873234809459653 0.0 0.6873234809459653 1.249679056265437 1.4262227424663618 1.2496790562654112 1.2496790562655036 1.249679056265437 0.0 1.8797183685460797 1.8797183685462082 1.249679056265437 0.6873234809459653 1.2496790562654112 1.4262227424663618 2.5921428475553614 1.2496790562655036 1.4262227424662977 1.8577814762526434 1.249679056265437 0.6873234809459653 0.6873234809459443 1.8577814762526434 1.2496790562654112 1.4996148675183572 0.6873234809459443 1.2496790562655036 0.6873234809459443 0.0 1.499614867518366 1.2496790562655036 0.6873234809459443 0.0 1.249679056265437 0.0 0.6873234809459443 1.4996148675183572 0.6873234809459443 1.4262227424663956 0.6873234809459443 1.2547300488120472
60.0416052432325 0.0 1.857781476252528 1.4262227424662977 0.6873234809460369 1.249679056265437 1.2496790562653797 1.426222742466323 0.6873234809460721 0.6873234809459443 1.2496790562653388 1.249679056265437 1.2496790562653717 1.249679056265437 1.4262227424661464 1.2496790562654112 1.8797183685460956 1.857781476252522 2.099460814525739 0.6873234809459443 0.687323480945911 1.3746469618918886 1.2496790562652964 0.6873234809458453 1.2496790562654538 0.6873234809459443 0.6873234809459433 1.249679056265437 0.6873234809459243 0.0 0.6873234809461208 1.249679056265437 1.2496790562653055 0.0 2.5921428475555204 0.6873234809459443 1.4262227424662628 0.6873234809459443 1.6496236899188992 1.3746469618918886 1.2496790562651905 0.6873234809459443 1.2496790562654974 2.592142847555364 0.6873234809459082 1.2496790562654112 1.249679056265197 0.6873234809459443 0.6873234809459818 0.6873234809458453 1.254730048812255 1.249679056265437 0.687323480945886 1.3746469618918886 0.6873234809459338 2.5921428475553614 1.2547300488120243 0.6873234809459443 0.6873234809459129 1.249679056265437 1.374646961891927 0.6873234809459443 0.6873234809459405 1.249679056265437 1.3746469618918011 0.6873234809458453 2.592142847555415 0.0 0.6873234809460333 0.6873234809458453 1.2496790562652833 0.6873234809459443 1.8797183685458965 1.3746469618918886 1.426222742466145 0.0 0.6873234809460302 0.6873234809459443 1.2496790562653863 0.6873234809458453 1.4262227424662874 0.6873234809459443 2.5921428475554094 1.4262227424662977 0.6873234809459272 0.6873234809458453 0.0 1.249679056265437 1.879718368545852 0.6873234809459443 1.249679056265476 0.6873234809459443 1.85778147625242 0.0 2.592142847555441 2.5921428475553614 0.6873234809459543 0.0 1.2547300488122315 1.4262227424662977 0.6873234809458988 1.249679056265437 0.6873234809458603 2.5921428475553614 0.6873234809459465 0.6873234809458453 0.6873234809459137 1.249679056265437 0.6873234809459732 1.857781476252578 1.249679056265486 2.5921428475553614 0.687323480946057 0.0 2.5921428475554857 1.857781476252522 1.374646961891841 1.8577814762524703 1.4996148675182284 0.6873234809459443 0.6873234809458065 0.6873234809459443 1.85778147625258 1.2496790562654112 1.4996148675183771 1.249679056265437 0.6873234809459934 0.6873234809459443 1.2496790562653972 1.2496790562654112 0.6873234809459411 0.6873234809459443 1.8577814762523162 0.6873234809459443 1.25473004881205 1.249679056265437 1.4262227424660376 1.249679056265437 0.6873234809459348 0.6873234809459443 1.2547300488121718
70.04160524323251 1.249679056265437 0.6873234809458536 0.6873234809458453 0.6873234809460809 1.3746469618918886 1.3746469618919648 0.6873234809458453 1.4262227424663465 0.6873234809459443 1.2496790562652076 2.592142847555364 1.374646961891867 1.3746469618918886 1.8797183685461063 0.6873234809458453 1.2547300488120712 1.857781476252522 3.499101357542835 1.8577814762524703 0.6873234809459015 1.2496790562654112 0.6873234809458063 1.2496790562654112 1.3746469618920154 0.6873234809459443 1.2496790562655027 0.6873234809459443 1.4262227424661897 1.249679056265437 0.0 0.6873234809459443 1.4262227424662135 1.249679056265437 1.2547300488119912 1.249679056265437 1.2496790562652114 0.6873234809459443 1.3746469618918795 1.8577814762524703 1.6496236899190249 1.249679056265437 0.6873234809459634 2.592142847555364 0.6873234809460042 0.6873234809458453 1.2496790562654754 0.6873234809459443 0.0 0.6873234809458453 2.0994608145258176 1.3746469618918886 1.8577814762522584 0.0 0.0 2.5921428475553614 1.2547300488120139 1.249679056265437 1.4262227424662244 0.6873234809459443 2.592142847555275 1.8577814762524703 0.6873234809460503 1.249679056265437 0.6873234809458488 0.6873234809458453 1.3746469618919956 1.249679056265437 1.857781476252546 1.3746469618918886 1.2496790562652833 0.6873234809459443 1.4262227424661529 1.499614867518366 0.0 1.8577814762524703 0.6873234809459134 0.6873234809459443 0.6873234809458414 1.2496790562654112 1.4996148675184797 0.6873234809459443 1.857781476252534 0.0 1.2496790562651996 1.2496790562654112 0.0 0.6873234809459443 1.2496790562652647 0.6873234809459443 1.2496790562653064 0.6873234809459443 0.0 1.857781476252522 1.8577814762523093 1.2496790562654112 0.6873234809457632 0.6873234809458453 1.8797183685461218 2.592142847555364 0.6873234809458516 1.857781476252522 1.2496790562654188 0.6873234809459443 1.2496790562653424 2.592142847555364 0.6873234809458372 1.3746469618918886 0.6873234809458537 1.2496790562654112 1.4262227424663947 0.6873234809459443 1.2496790562654108 0.0 1.2496790562655216 1.3746469618918886 2.592142847555283 1.4262227424662977 1.4262227424660523 0.6873234809459443 0.6873234809460271 1.249679056265437 1.2496790562654059 1.857781476252578 1.3746469618918684 0.0 1.8577814762525302 0.6873234809459443 1.2496790562652307 0.6873234809458453 1.8797183685460217 1.249679056265437 2.5921428475554613 0.6873234809459443 1.249679056265223 1.249679056265437 1.4262227424662148 0.6873234809459443 2.5921428475554316 0.6873234809459443 1.4262227424662635
80.04160524323251 0.6873234809459443 1.2496790562652786 0.6873234809458453 0.6873234809459721 1.249679056265437 0.6873234809459731 1.2496790562654112 0.6873234809459626 0.6873234809459443 2.5921428475553627 0.6873234809459443 0.0 1.249679056265437 1.2496790562652962 1.2496790562654112 1.426222742466145 1.249679056265437 1.2496790562654543 0.6873234809459443 1.2496790562653857 1.2496790562654112 1.857781476252432 0.6873234809458453 0.6873234809459468 1.857781476252522 1.2496790562652547 0.6873234809459443 1.4262227424663412 0.6873234809459443 0.6873234809459418 1.499614867518366 0.0 1.249679056265437 1.4262227424662837 1.3746469618918886 2.0994608145257705 1.249679056265437 1.3746469618917505 1.857781476252522 1.249679056265409 1.8577814762524703 1.8577814762523084 0.6873234809459443 1.2496790562653357 1.2496790562654112 0.6873234809459652 0.6873234809459443 0.6873234809459653 0.6873234809458453 1.4996148675183958 0.0 0.0 1.249679056265437 0.6873234809459245 2.5921428475553614 1.426222742466174 0.6873234809459443 0.6873234809460943 1.249679056265437 0.6873234809459305 0.6873234809458453 1.2496790562651914 1.249679056265437 2.061970442837706 1.2496790562654112 1.857781476252372 1.249679056265437 0.6873234809460664 0.6873234809458453 0.6873234809459589 0.6873234809459443 1.6496236899188854 2.099460814525866 1.3746469618919266 0.6873234809459443 1.2496790562651676 1.249679056265437 1.3746469618919512 0.6873234809458453 1.499614867518298 0.6873234809458453 1.8797183685460233 1.4262227424662977 0.6873234809460227 0.6873234809458453 1.2496790562654891 0.6873234809459443 0.3436617404729942 1.4262227424662977 0.687323480945941 0.6873234809459443 1.4262227424662566 2.5921428475553614 0.0 0.6873234809458453 2.592142847555487 0.6873234809458453 1.4262227424661167 1.4262227424662977 0.6873234809458351 0.0 2.592142847555328 1.3746469618918886 0.6873234809458606 0.6873234809458453 0.6873234809460591 1.249679056265437 0.6873234809458546 1.8577814762524703 1.499614867518467 0.6873234809459443 0.6873234809460359 1.4262227424662977 0.6873234809458779 0.6873234809459443 1.3746469618917398 1.8577814762524703 1.8577814762524432 1.8577814762524703 1.2496790562651787 0.6873234809459443 1.426222742466101 0.0 1.4262227424661247 1.857781476252522 1.3746469618918562 1.249679056265437 0.6873234809458755 0.6873234809458453 1.2496790562652214 0.6873234809459443 2.5921428475554085 1.249679056265437 0.6873234809458038 0.6873234809459443 1.2496790562652027 0.6873234809459443 0.6873234809459295 0.6873234809459443 1.4262227424662703
90.04160524323251 0.6873234809459364 0.6873234809459478 0.6873234809460416 0.6873234809459408 1.2496790562654043 1.4262227424663583 0.6873234809459822 1.2496790562654116 3.749037168796053 1.2496790562652504 0.687323480945914 0.0 1.2496790562652753 1.249679056265332 0.687323480945886 1.4262227424663818 1.3746469618919013 1.2547300488121025 0.6873234809459658 0.6873234809457806 0.6873234809459365 0.687323480946018 1.2496790562654259 1.2496790562652358 0.6873234809459721 1.2496790562652684 0.6873234809459322 1.4996148675182777 2.5921428475553228 0.6873234809459506 1.2496790562652786 1.4262227424663942 0.6873234809459187 1.2496790562652216 0.6873234809459704 1.6496236899191121 2.5921428475553245 0.6873234809457932 1.2496790562653057 1.857781476252492 1.2496790562652595 0.687323480946079 1.249679056265271 0.6873234809460435 0.0 2.5921428475553925 1.3746469618918813 1.249679056265264 1.2496790562653926 0.6873234809459902 1.2496790562653999 1.4262227424660416 1.2496790562653932 1.249679056265358 1.2496790562652749 1.4996148675185241 0.687323480945929 0.687323480945924 0.6873234809459363 1.8577814762524048 1.2496790562653302 0.6873234809458688 0.0 2.0619704428377443 0.6873234809459173 1.3746469618920059 0.6873234809459732 0.6873234809460697 1.2496790562653368 0.6873234809460302 0.687323480945948 0.6873234809459099 1.2496790562653126 1.2496790562653404 0.6873234809459688 0.6873234809458268 0.6873234809459738 0.6873234809458839 1.374646961891928 1.4262227424662082 0.6873234809459037 1.8797183685459053 0.6873234809459882 0.6873234809459362 0.6873234809460221 0.6873234809459363 0.6873234809459817 0.0 1.2496790562654103 0.6873234809459843 1.24967905626536 1.2496790562652285 1.857781476252472 2.592142847555259 0.6873234809459625 1.2496790562652198 1.2496790562653104 1.374646961891893 1.426222742466178 0.6873234809458533 0.0 1.2496790562653672 1.4262227424662668 1.249679056265162 0.6873234809460151 1.2496790562652333 0.6873234809459213 1.2496790562651594 0.34366174047297754 1.374646961891914 2.5921428475553254 0.6873234809460732 1.3746469618917656 1.2496790562652167 0.6873234809458738 1.426222742466309 1.4262227424662297 0.6873234809460246 1.249679056265421 0.6873234809459967 0.6873234809459913 2.592142847555502 0.0 1.2496790562654192 1.2496790562653333 1.4262227424660483 1.2496790562652957 0.6873234809458645 1.2496790562653173 1.4996148675183878 0.687323480945919 1.4262227424661325 0.6873234809458639 1.8797183685459924 1.2496790562653173 0.6873234809458166 1.2496790562652698 0.6873234809458976 1.249679056265405 0.6873234809460144
100.04160524323251 1.249679056265425 0.0 1.2496790562654208 0.6873234809459667 0.6873234809459482 2.5921428475553245 0.6873234809459414 0.6873234809458786 0.6873234809458993 1.8577814762525282 2.5921428475554027 1.249679056265258 1.8577814762524052 1.2496790562653197 0.6873234809459695 1.4996148675184862 1.857781476252519 2.592142847555541 0.6873234809459076 0.6873234809460206 1.2496790562653048 0.6873234809458652 1.2496790562653541 0.6873234809459323 1.8577814762524403 0.6873234809460034 0.6873234809459156 2.592142847555221 0.6873234809458971 0.6873234809460829 1.24967905626538 1.4262227424662262 1.2496790562653066 1.2496790562654072 1.2496790562652966 1.2496790562654003 0.6873234809459131 1.249679056265338 0.6873234809459567 1.8577814762523528 0.6873234809459592 1.2496790562653604 1.2496790562653348 1.8577814762524787 1.2496790562653164 1.8577814762524667 0.6873234809459494 1.2496790562654319 0.6873234809459735 1.2496790562654552 0.6873234809460025 0.6873234809459822 1.4262227424662166 0.6873234809459217 2.5921428475554307 1.3746469618918726 0.6873234809459938 0.6873234809460605 1.2496790562653979 1.2496790562652391 0.6873234809460355 0.6873234809461091 1.2496790562653513 0.6873234809459592 1.2496790562654316 1.374646961891967 0.6873234809459264 0.6873234809459393 1.8577814762523293 1.2496790562652043 0.6873234809459681 1.2496790562653628 0.6873234809458924 0.0 1.249679056265399 0.6873234809460556 0.687323480945963 0.6873234809457707 0.6873234809459158 1.4996148675184668 0.6873234809460157 3.499101357542961 0.6873234809460285 0.6873234809457762 1.249679056265422 0.6873234809458711 0.6873234809459157 1.2496790562655313 0.687323480945913 0.6873234809459807 0.6873234809459594 2.592142847555401 0.0 0.6873234809458404 1.2496790562654032 1.857781476252392 1.4262227424661393 0.6873234809460093 1.3746469618917798 0.6873234809459464 1.2496790562653737 1.2496790562652806 1.4262227424662033 0.6873234809459093 0.6873234809460355 0.6873234809460465 1.2496790562652882 0.6873234809458985 0.34366174047297754 0.6873234809459036 0.6873234809459206 1.4262227424663008 1.857781476252586 1.249679056265434 0.6873234809460015 1.4262227424661462 2.5921428475553254 1.8577814762526361 0.6873234809459383 0.6873234809458788 0.6873234809458869 0.0 0.6873234809459415 1.6496236899188887 1.3746469618919015 0.6873234809460688 1.2496790562653863 1.8577814762525242 1.2496790562653382 1.4262227424662668 1.2496790562653286 1.3746469618919628 0.6873234809459555 1.2496790562653721 0.687323480945903 0.6873234809459455 0.6873234809459281 1.3746469618917687 1.2496790562654148 0.6873234809459334
110.04160524323251 0.6873234809459323 0.6873234809459298 0.6873234809459295 1.2496790562652256 0.6873234809459506 0.0 1.2496790562653945 0.6873234809459023 3.749037168796016 2.5921428475552326 1.2496790562652764 1.8577814762523093 1.2496790562653088 1.4262227424663678 1.8577814762524916 1.4262227424661442 1.3746469618918975 1.4262227424661489 0.6873234809459418 1.8577814762524076 1.2496790562654159 0.6873234809459075 1.4262227424661729 0.6873234809460577 1.2496790562653943 0.687323480945865 0.6873234809459877 0.0 0.687323480945952 1.2496790562654085 0.6873234809459342 1.8577814762523037 0.6873234809459663 0.6873234809459422 0.6873234809459667 1.2496790562653561 0.6873234809460079 0.6873234809457595 1.4262227424661513 1.249679056265275 0.6873234809459778 1.2496790562655071 1.2496790562652482 0.6873234809459667 1.8577814762525522 0.6873234809459521 0.687323480945908 1.2496790562654405 0.6873234809458773 2.5921428475555706 0.687323480945923 0.6873234809459217 1.6496236899188852 0.6873234809459833 0.0 1.4262227424663412 0.6873234809459603 1.2496790562652225 1.8577814762524307 1.8577814762522897 1.2496790562653877 1.857781476252552 1.2496790562652624 0.6873234809458538 0.6873234809459228 0.0 1.2496790562653362 0.6873234809458976 0.6873234809459665 0.6873234809459255 0.6873234809458558 1.2496790562655018 1.2496790562653544 1.2496790562653053 0.0 1.2496790562652562 0.6873234809459158 1.426222742466276 2.592142847555333 1.2496790562653919 1.249679056265367 1.8577814762523444 1.3746469618918769 0.6873234809458257 0.6873234809458553 1.426222742466252 0.6873234809458848 2.5921428475552717 0.6873234809459373 2.5921428475553245 0.6873234809459141 0.0 2.5921428475554236 0.687323480945819 0.6873234809459957 0.6873234809459865 0.6873234809459938 0.6873234809458206 1.4262227424661669 0.6873234809458858 0.6873234809459329 0.6873234809459808 0.687323480945964 1.2496790562655202 1.249679056265394 0.6873234809459555 0.6873234809459987 1.2496790562651379 0.34366174047297754 2.5921428475553348 1.2496790562653277 0.6873234809460013 2.5921428475553867 1.2496790562654976 0.6873234809459005 1.3746469618918482 0.0 1.2496790562653746 0.0 0.6873234809459186 0.6873234809459344 0.0 0.6873234809458753 2.5921428475553117 0.0 0.6873234809461175 1.2496790562653524 0.6873234809458576 2.592142847555354 1.4262227424661504 0.6873234809458905 1.3746469618920536 0.6873234809459943 1.24967905626542 0.6873234809459701 0.6873234809458781 0.6873234809459076 1.2496790562653595 0.6873234809459331 0.0
120.04160524323251 1.2496790562653897 0.6873234809459322 0.6873234809459019 0.6873234809459048 0.6873234809459098 1.6496236899188754 1.2496790562653144 1.8577814762522757 0.6873234809459443 2.5921428475555612 0.6873234809459251 1.3746469618918413 1.426222742466132 0.6873234809458926 0.6873234809459977 1.4262227424660343 0.0 1.3746469618917951 1.374646961891925 0.6873234809459604 0.6873234809459556 1.2496790562653783 2.592142847555467 0.6873234809460297 0.6873234809459157 0.6873234809459619 0.6873234809459764 1.8577814762524807 0.6873234809459001 1.249679056265527 2.592142847555362 1.2496790562652755 1.2496790562653883 1.3746469618920405 1.374646961891884 0.0 1.426222742466237 0.6873234809458749 0.6873234809458884 1.4262227424662666 1.2496790562653561 0.6873234809459655 0.6873234809458975 0.6873234809458278 1.3746469618918729 1.2496790562655138 1.2496790562653939 1.8577814762524487 0.6873234809459534 0.6873234809459136 0.6873234809459265 0.0 1.42622274246624 0.6873234809458795 1.2496790562653834 1.4262227424662668 1.2496790562654199 0.6873234809458713 1.2496790562653026 1.2496790562653324 1.2496790562652205 1.2496790562653186 1.4262227424662124 1.2496790562653899 0.6873234809459594 1.4262227424662697 1.2496790562652986 0.6873234809459193 1.4262227424662859 0.6873234809458234 0.6873234809460069 1.374646961891814 3.4991013575429966 0.0 0.0 1.24967905626538 1.3746469618918251 1.2496790562653177 0.0 1.3746469618918755 0.6873234809459975 1.4262227424661742 1.2496790562654114 0.6873234809459658 0.6873234809460226 0.6873234809459635 0.0 0.3436617404729159 0.6873234809458839 1.2496790562651234 1.249679056265299 1.3746469618918442 1.8577814762524107 0.6873234809460245 0.6873234809460264 0.6873234809459458 1.4262227424661427 0.6873234809458169 1.3746469618919277 1.426222742466366 0.6873234809459756 1.3746469618919739 1.8577814762524383 1.8797183685461152 0.6873234809460514 1.2496790562654636 1.2496790562653057 0.6873234809459033 0.6248395281326304 0.6873234809459524 0.6873234809459545 0.6873234809458516 2.5921428475553907 0.6873234809457778 0.6873234809459332 2.5921428475553894 1.374646961891777 0.6873234809460749 1.2496790562652407 0.6873234809459199 0.687323480945945 1.426222742466164 2.592142847555346 0.6873234809460093 0.6873234809459996 0.6873234809460571 0.6873234809459263 0.6873234809458332 1.4262227424663314 1.2547300488121949 0.6873234809459674 1.4262227424662124 1.2496790562653495 1.2496790562652005 0.6873234809459925 0.6873234809458858 0.6873234809459565 1.2496790562653262 1.2496790562653364 0.6873234809459027
130.0416052432325 1.2496790562654063 0.687323480945926 0.0 1.2496790562654616 1.2496790562653064 0.6873234809457872 0.687323480945938 1.2496790562655324 0.6873234809459374 0.0 0.687323480945913 1.4262227424663407 1.3746469618919277 1.8577814762525562 0.6873234809460357 1.249679056265211 1.4262227424661416 1.8577814762523583 0.6873234809459459 0.6873234809460266 1.2496790562652864 0.6873234809460884 0.6873234809459817 1.2496790562653883 2.5921428475553454 0.6873234809458563 0.6873234809459107 1.249679056265249 1.2496790562653095 0.6873234809460228 0.687323480945963 1.2496790562654143 1.249679056265249 0.6873234809460853 0.6873234809459537 3.499101357542786 1.249679056265303 0.6873234809458534 1.4262227424662288 0.0 0.6873234809459532 0.6873234809459478 1.8577814762524727 1.2496790562651745 0.0 0.6873234809458293 0.6873234809459965 1.2496790562651774 1.4262227424662186 0.687323480945859 0.6873234809459298 1.2496790562653262 1.4262227424662721 0.6873234809459238 1.374646961891965 1.249679056265373 2.5921428475553028 0.6873234809459638 0.6873234809459235 0.6873234809459076 0.6873234809460087 0.6873234809460738 0.6873234809459355 0.687323480946001 0.6873234809458755 0.6873234809458615 1.2496790562653783 1.2496790562653215 0.687323480945845 0.6873234809459532 0.6873234809458997 1.249679056265359 2.5921428475553316 0.0 0.0 0.6873234809459995 1.2496790562653495 0.6873234809460275 1.3746469618918578 1.3746469618917931 1.857781476252376 1.3746469618918147 0.6873234809460318 1.2496790562653328 0.6873234809458686 0.6873234809458454 0.6873234809459754 1.8797183685460668 1.2496790562653959 0.6873234809457581 0.6873234809459808 0.0 2.5921428475554715 0.0 0.6873234809459913 0.6873234809460009 1.2496790562653883 0.0 1.3746469618918582 1.2496790562652826 0.6873234809459409 0.6873234809457779 0.687323480945908 1.249679056265525 1.249679056265342 0.6873234809459532 0.0 0.687323480945926 1.2496790562652962 0.6873234809459242 0.6873234809459354 0.687323480945906 1.3746469618919297 0.6873234809458726 0.6873234809459093 1.426222742466376 1.3746469618918435 0.6873234809460611 0.6873234809459441 1.2496790562653284 0.6873234809459768 1.4262227424663068 1.249679056265322 0.6873234809460537 1.3746469618919068 1.2496790562651705 1.2496790562652524 0.6873234809460458 0.6873234809460032 1.4996148675183512 1.2496790562654103 1.2496790562652287 0.6873234809459566 1.24967905626532 1.249679056265308 0.6873234809458117 0.6873234809458814 1.2496790562652536 0.6873234809459113 1.2496790562654887
140.0416052432325 0.6873234809458989 1.2496790562653384 0.6873234809459078 1.2496790562654607 1.2496790562653024 0.6873234809458986 1.2496790562652365 0.6873234809459026 0.687323480945945 1.2496790562653703 1.249679056265301 1.3746469618918025 1.37464696189186 0.0 0.6873234809460284 2.592142847555312 1.857781476252566 1.249679056265502 1.2496790562653408 0.6873234809458983 0.6873234809458995 1.2496790562651765 1.374646961891916 0.6873234809459465 1.8577814762524592 1.249679056265527 0.6873234809459261 2.592142847555256 1.2496790562652746 0.6873234809458223 1.2496790562654005 0.6873234809460652 0.687323480945967 0.6873234809459461 0.6873234809459735 1.8577814762523943 1.2496790562652986 0.6873234809458656 0.6873234809459436 0.6873234809458019 1.2496790562652844 1.249679056265214 1.2496790562652418 0.6873234809459202 1.249679056265311 0.6873234809460438 0.6873234809460096 0.6873234809459049 1.249679056265429 0.6873234809460631 1.2496790562652764 1.374646961891848 1.374646961891889 1.2496790562654996 1.8577814762524352 1.4262227424661955 0.6873234809459142 1.374646961891955 2.5921428475554733 0.6873234809460496 0.6873234809459478 1.2496790562651745 1.374646961891885 1.2496790562651665 1.2496790562653817 0.6873234809458771 2.5921428475553863 0.6873234809459167 0.6873234809458562 1.2496790562654632 0.6873234809459478 1.426222742466214 0.0 1.4262227424662701 0.6873234809459402 0.6873234809460863 1.2496790562653062 0.6873234809458321 2.592142847555401 1.2496790562655091 0.6873234809459168 1.3746469618918071 0.6873234809458564 0.6873234809458388 1.2496790562653202 0.6873234809459626 0.6873234809459405 0.34366174047296805 2.5921428475554693 0.6873234809459361 1.2496790562652433 1.2496790562654534 1.2496790562652453 1.4262227424662832 0.6873234809458584 1.249679056265268 0.6873234809459209 0.6873234809460125 1.2496790562653843 0.6873234809457992 0.6873234809459211 1.2496790562652365 1.8577814762524762 0.6873234809460524 0.6873234809459575 0.6873234809458791 0.6873234809459855 1.2496790562654472 1.2496790562652993 0.6873234809460111 0.6873234809459381 0.6873234809458233 0.0 1.249679056265335 0.6873234809459223 1.4262227424662755 1.4262227424663123 1.8577814762523823 1.6496236899190138 0.687323480946006 0.6873234809459078 1.37464696189192 1.2496790562653424 1.4262227424662697 0.6873234809458836 0.6873234809460405 0.6873234809459635 0.68732348094606 0.6873234809458716 1.6496236899188548 0.6873234809459292 2.5921428475554436 1.249679056265265 0.6873234809458635 1.249679056265405 1.8797183685460812 1.2496790562653075 1.857781476252629 1.2496790562653033 0.6873234809458718
150.0416052432325 1.2496790562653606 0.0 1.3746469618918742 0.6873234809458517 1.2496790562652933 0.0 1.2496790562653406 0.6873234809457837 1.2496790562652682 1.3746469618918695 1.2496790562653535 0.6873234809458205 1.4262227424662668 0.0 0.0 1.8577814762523808 1.8577814762523923 1.3746469618919033 0.6873234809459063 0.687323480945926 1.2496790562653541 0.6873234809457737 0.6873234809459916 0.6873234809459408 0.6873234809459448 0.6873234809458894 0.6873234809459255 1.2496790562654003 0.6873234809459675 0.6873234809458897 1.2496790562653728 0.687323480945827 0.6873234809459775 0.6873234809461264 1.2496790562653262 1.2496790562652542 1.249679056265396 0.6873234809458901 1.249679056265428 0.6873234809458506 1.2496790562653888 0.6873234809459199 1.2496790562653524 0.6873234809458374 1.4262227424661522 0.6873234809460781 2.592142847555427 1.857781476252384 0.6873234809459006 1.249679056265186 0.6873234809459621 1.426222742466189 1.2496790562654116 1.2496790562654216 1.374646961891798 1.2496790562653144 0.0 0.6873234809459247 0.68732348094599 1.37464696189184 0.6873234809459386 0.6873234809460425 1.8577814762524982 0.6873234809459255 1.2496790562652966 0.6873234809459703 1.2496790562654214 0.6873234809460501 1.374646961891779 0.687323480946095 1.2496790562653681 0.6873234809458825 1.2496790562654256 0.0 1.249679056265283 0.6873234809460048 1.2496790562652924 0.6873234809460743 1.2496790562653284 0.0 0.6873234809458767 1.4262227424660405 0.6873234809459878 1.2496790562655082 0.6873234809460232 1.4262227424660494 0.6873234809459235 2.592142847555454 0.6873234809458978 1.249679056265163 0.6873234809459564 1.4262227424662648 1.2496790562653677 1.4262227424661773 1.8577814762525675 1.2496790562653315 1.4262227424662757 0.6873234809460042 2.5921428475554364 0.6873234809460315 2.592142847555347 0.6873234809458912 1.2496790562652436 1.2496790562651743 1.2496790562653024 0.6873234809459953 1.426222742466242 0.6873234809460547 2.592142847555396 0.6873234809459854 1.2496790562652815 0.6873234809458828 1.8577814762524751 1.8577814762524127 0.6873234809459551 1.374646961891899 1.3746469618918653 1.2496790562654687 0.6873234809458982 0.6873234809458741 0.687323480945958 1.8577814762522644 0.6873234809459576 1.4996148675182996 0.0 1.2496790562652644 0.68732348094599 0.6873234809459221 1.3746469618918142 1.8577814762525375 0.6873234809459928 1.3746469618919854 0.6873234809458898 1.857781476252456 0.6873234809459817 0.687323480945955 1.2496790562652413 0.6873234809460944 1.2496790562653848 0.6873234809458211
160.0416052432325 1.249679056265291 0.6873234809461076 1.426222742466275 1.4262227424661094 0.6873234809459635 0.0 0.687323480946004 0.6873234809459581 0.68732348094588 1.4262227424663578 0.6873234809459327 2.592142847555399 1.2496790562652993 2.592142847555368 0.0 1.249679056265311 2.5921428475553325 1.3746469618919115 1.4262227424663039 1.2496790562651672 1.2496790562652602 0.6873234809459702 0.6873234809459133 0.6873234809458438 0.6873234809459031 0.6873234809459127 0.6873234809459516 1.8797183685459418 0.6873234809459903 1.2496790562651727 0.6873234809459545 1.2496790562652542 1.3746469618918924 0.687323480946022 1.8577814762524756 1.8577814762526101 2.592142847555334 2.5921428475552046 1.249679056265318 0.6873234809459394 0.6873234809459859 0.6873234809459176 0.6873234809459103 0.6873234809459466 1.2496790562653994 1.2496790562652709 2.5921428475553854 1.2496790562654838 0.6873234809460215 0.6873234809458447 1.2496790562652564 0.0 1.4262227424662164 0.6873234809459943 1.426222742466167 0.6873234809457982 1.374646961891823 1.8577814762525322 0.6873234809458946 0.6873234809458083 0.6873234809460056 2.5921428475553414 0.0 0.6873234809459954 0.6873234809458886 0.6873234809460107 0.687323480945921 0.6873234809460317 2.5921428475554387 0.6873234809458688 1.2496790562654259 1.4262227424660943 0.0 1.2496790562652984 1.249679056265386 1.2496790562653506 1.249679056265266 1.2496790562653364 1.374646961891897 1.4262227424661036 1.2496790562653672 1.3746469618919048 0.6873234809459091 0.6873234809458451 1.2496790562653224 0.6873234809460215 1.2496790562652964 0.3436617404729523 0.6873234809459778 1.2496790562652131 0.6873234809459436 1.4262227424660545 0.0 0.68732348094593 1.2496790562652276 0.6873234809460647 1.426222742466296 1.2496790562651896 2.5921428475554107 0.6873234809458704 1.426222742466209 0.6873234809460265 0.6873234809459461 0.687323480945824 0.6873234809459718 1.2496790562651536 2.5921428475554666 3.499101357542868 0.624839528132751 0.6873234809459395 0.6873234809459379 0.6873234809458345 1.426222742466314 0.687323480945916 1.2496790562653317 1.2496790562652607 0.6873234809458616 0.6873234809461067 0.6873234809459801 0.6873234809459204 1.249679056265315 1.8577814762524996 1.2496790562653386 0.0 0.6873234809458886 0.6873234809459855 0.6873234809459616 1.2496790562652524 2.5921428475554027 1.4262227424661194 0.6873234809459444 2.5921428475552744 0.6873234809459517 1.2496790562653457 0.6873234809459375 0.6873234809459595 1.2496790562653608 1.2496790562654698 1.2496790562653626 1.2496790562652413
170.0416052432325 0.6873234809459942 0.6873234809459932 1.2496790562653384 1.2496790562651872 0.6873234809459113 1.2496790562654831 0.6873234809460342 0.6873234809459635 0.6873234809459865 1.4262227424664045 0.6873234809458849 1.857781476252525 0.0 2.5921428475554333 2.592142847555328 2.592142847555292 1.4262227424661342 1.8577814762523823 1.4262227424662686 0.6873234809460101 0.6873234809458671 0.6873234809459257 2.5921428475553077 0.6873234809458801 2.592142847555386 1.2496790562652607 0.6873234809459491 0.687323480945919 0.6873234809459556 0.6873234809459581 1.249679056265376 0.6873234809459046 0.687323480945999 1.2496790562652675 0.6873234809459786 0.6873234809460369 0.687323480945944 0.6873234809459836 0.6873234809459797 1.249679056265393 0.687323480945932 0.6873234809459295 1.249679056265264 1.2496790562652391 1.3746469618919597 1.2496790562652222 0.6873234809459317 1.374646961891878 0.6873234809458811 0.6873234809459831 1.4262227424662124 0.687323480945888 1.4262227424662228 1.2496790562654636 1.3746469618917865 1.8577814762522984 1.249679056265317 0.6873234809459248 1.857781476252396 1.8797183685460068 0.6873234809458818 1.2496790562653055 1.426222742466286 0.6873234809458106 0.6873234809458744 1.4262227424661664 0.6873234809459106 0.6873234809459274 1.857781476252536 0.6873234809458056 0.6873234809459735 1.2496790562651623 0.6873234809459321 0.0 1.249679056265326 1.2496790562652922 0.6873234809459693 2.5921428475554573 1.2496790562652411 0.0 0.6873234809460239 1.2496790562651956 1.2496790562654263 1.2496790562653182 1.249679056265417 1.3746469618918835 1.3746469618918487 0.624839528132799 0.6873234809459177 1.8577814762524916 1.249679056265235 1.3746469618918675 2.592142847555457 0.6873234809458876 0.6873234809458373 0.6873234809459801 0.0 1.8577814762526714 1.3746469618919364 1.2496790562653142 1.6496236899188654 1.2496790562654934 0.6873234809459023 0.6873234809460147 1.2496790562652504 1.2496790562651878 1.374646961891847 1.374646961891912 0.34366174047298537 0.687323480945988 0.687323480945885 1.2496790562652964 1.4262227424662899 0.6873234809459466 0.6873234809459016 0.0 0.6873234809458381 0.6873234809458675 1.4262227424661196 0.6873234809459069 0.6873234809459374 1.4262227424660898 0.687323480945841 0.6873234809460024 0.6873234809459636 1.374646961891983 1.2496790562652442 0.6873234809459262 0.6873234809459865 2.592142847555272 0.6873234809459728 0.0 1.2496790562653983 1.249679056265343 0.6873234809458995 1.249679056265408 0.6873234809459606 0.687323480946086 0.6873234809459278 1.2496790562655469
180.0416052432325 0.6873234809458896 1.2496790562652964 1.4262227424662008 0.6873234809458987 1.2496790562653057 0.6873234809460358 0.6873234809459705 0.6873234809459902 0.6873234809459058 1.4262227424661746 1.249679056265296 0.6873234809458877 1.8577814762525027 0.0 0.6873234809460015 1.249679056265549 1.8577814762525062 2.59214284755551 1.249679056265359 0.6873234809458109 1.2496790562652276 0.6873234809459251 0.6873234809459159 0.6873234809461214 1.8577814762524647 0.6873234809460378 0.6873234809459505 2.592142847555258 0.6873234809459307 1.857781476252513 1.249679056265335 0.6873234809459355 1.249679056265365 0.6873234809459036 1.374646961891824 0.6873234809459309 0.6873234809459484 1.249679056265333 0.6873234809459179 0.6873234809458603 0.6873234809459597 0.6873234809458907 0.687323480945919 1.2496790562652904 0.0 0.687323480945847 2.592142847555293 0.6873234809459805 1.2496790562653715 0.6873234809458886 0.6873234809459206 0.687323480945969 0.0 1.2496790562653013 0.0 0.687323480945982 1.24967905626526 0.6873234809459694 0.6873234809459312 0.6873234809458573 0.6873234809459067 1.2496790562654763 1.374646961891884 0.6873234809460139 0.6873234809459535 0.6873234809459872 0.6873234809459786 0.0 0.6873234809460063 0.6873234809458466 1.2496790562652673 1.8577814762524927 0.6873234809459319 1.374646961891891 0.0 0.6873234809460335 0.6873234809459503 1.2496790562652607 1.3746469618918071 1.2496790562652311 0.6873234809458633 0.0 0.6873234809459521 1.2496790562655333 0.6873234809459885 0.6873234809460088 1.4262227424661371 0.3436617404729523 0.6873234809459398 1.2496790562654012 1.2496790562652562 1.8577814762525715 1.4262227424662062 1.2496790562652125 0.6873234809459658 0.6873234809459585 0.6873234809460294 1.8577814762523457 1.2496790562652642 0.6873234809459252 2.5921428475554076 0.6873234809460215 0.6873234809459792 1.2496790562653601 0.6873234809459192 1.2496790562654123 1.374646961891868 0.6873234809460285 0.3436617404729373 0.6873234809457565 1.3746469618918755 1.24967905626527 1.2496790562652849 2.5921428475553445 1.2496790562652444 0.0 0.6873234809459315 1.374646961891839 1.426222742466158 1.2496790562652345 0.6873234809459473 1.3746469618918669 1.249679056265301 0.6873234809460133 0.687323480945952 1.374646961891868 0.6873234809459906 1.2496790562653721 0.6873234809458482 1.24967905626518 0.687323480945925 1.2496790562652766 0.0 1.857781476252553 0.687323480945913 0.6873234809459452 0.6873234809459005 0.6873234809457966 1.2496790562653979 0.6873234809460902
190.0416052432325 0.6873234809459815 0.6873234809459322 0.0 0.6873234809457778 0.0 1.2496790562654223 0.6873234809459446 2.5921428475555173 0.6873234809459561 1.857781476252589 1.2496790562652478 1.2496790562653173 0.0 2.5921428475555333 0.6873234809459106 1.42622274246608 1.2496790562653184 1.2496790562654523 0.6873234809459395 0.6873234809459303 0.6873234809459555 1.2496790562653035 0.6873234809459594 0.6873234809459735 1.2496790562653717 0.0 1.2496790562653128 1.857781476252596 0.6873234809459439 1.2496790562654618 0.6873234809459037 0.0 0.6873234809459695 1.4262227424662441 0.6873234809459006 0.6873234809458297 0.6873234809459586 1.2496790562651938 0.6873234809459243 1.249679056265389 1.2496790562652837 0.6873234809460118 1.2496790562653852 0.6873234809457993 1.3746469618918609 0.6873234809457807 1.4262227424662253 0.687323480945836 0.6873234809458653 0.6873234809459285 1.3746469618918729 0.6873234809458718 1.3746469618918489 1.2496790562654057 1.3746469618919575 1.2496790562652065 1.4262227424661498 0.6873234809458125 0.6873234809459865 1.2496790562654032 0.6873234809459284 1.2496790562654119 0.6873234809459386 0.6873234809458963 1.2496790562652562 1.374646961891734 3.499101357543038 0.6873234809457662 1.8577814762523661 0.6873234809460135 0.6873234809459994 1.857781476252486 1.8577814762523823 0.0 0.6873234809459281 0.6873234809459688 0.6873234809458915 1.4262227424663283 1.3746469618918222 2.592142847555312 1.2496790562653777 1.249679056265261 1.249679056265235 0.6873234809459343 0.6873234809458961 0.6873234809459667 0.6873234809459048 1.2496790562652496 0.6873234809459331 0.6873234809461091 0.6873234809459815 0.0 0.0 1.2496790562653377 0.6873234809458489 1.2496790562652185 1.24967905626541 0.6873234809459015 2.5921428475554533 0.687323480945851 0.6873234809459765 0.6873234809460452 0.6873234809459238 0.6873234809459381 0.6873234809459366 0.6873234809460356 0.6873234809459519 0.6873234809459974 0.3436617404729373 1.4262227424660858 1.2496790562652478 1.2496790562652285 1.426222742466273 0.6873234809460522 1.2496790562652635 1.2496790562655369 0.6873234809459974 1.8577814762523777 1.2496790562654112 0.6873234809459704 0.687323480945897 1.374646961891859 1.374646961891782 1.3746469618919597 1.2496790562654225 0.0 1.2496790562653421 0.6873234809458478 1.85778147625255 1.426222742466036 0.6873234809459432 1.426222742466221 1.249679056265344 1.3746469618917831 0.6873234809459305 0.6873234809459431 0.6873234809459551 0.687323480945937 0.6873234809459625 0.6873234809460282
200.0416052432325 0.6873234809459807 1.2496790562654172 1.4262227424662353 1.2496790562653783 0.6873234809459392 1.8577814762525455 0.6873234809459334 1.3746469618917136 0.687323480945961 1.4262227424661769 0.6873234809459441 2.5921428475552455 1.374646961891867 1.2496790562654077 0.6873234809459858 1.857781476252522 1.249679056265443 1.249679056265419 1.8797183685459873 0.6873234809459234 1.2496790562653202 0.6873234809459918 1.2496790562652769 0.6873234809460468 0.6873234809459482 0.6873234809459298 0.6873234809459575 0.0 1.2496790562652875 1.2496790562652844 0.6873234809459536 2.5921428475555572 1.2496790562652653 0.6873234809461078 1.2496790562653284 1.2496790562654385 0.687323480945913 0.6873234809457994 1.857781476252424 0.6873234809458003 1.857781476252521 1.3746469618919563 1.2496790562652726 0.6873234809458779 0.0 1.2496790562652864 0.0 1.3746469618918657 0.6873234809460135 0.6873234809458556 0.6873234809458938 0.6873234809457693 1.374646961891882 1.2496790562653142 1.24967905626538 0.6873234809457626 0.6873234809458896 1.249679056265278 0.0 1.374646961891752 0.6873234809460209 1.2496790562653837 1.2496790562652405 0.6873234809459234 1.2496790562652944 1.2496790562653097 1.6496236899189636 0.6873234809459208 0.6873234809460178 0.6873234809459917 1.8577814762525235 1.4262227424661125 1.2496790562653384 1.2496790562654807 2.592142847555302 0.6873234809458255 0.6873234809459198 1.3746469618919506 0.0 0.0 0.6873234809458402 0.0 1.3746469618917814 0.6873234809459183 0.6873234809459315 0.6873234809459033 0.6873234809459039 0.0 0.6873234809459495 0.6873234809459178 0.687323480945926 1.857781476252586 2.592142847555381 1.3746469618919002 2.5921428475554498 1.249679056265289 1.2496790562654039 1.2496790562652913 0.6873234809460232 1.249679056265258 0.6873234809459101 0.6873234809459289 0.6873234809459532 0.6873234809459293 0.6873234809458504 1.2496790562652287 1.2496790562653015 1.249679056265276 0.343661740472983 1.8797183685459937 0.6873234809459319 0.6873234809460332 1.8577814762524272 0.6873234809458657 1.857781476252531 1.3746469618917232 1.4262227424661558 0.687323480945945 2.5921428475553707 0.6873234809457947 0.6873234809459563 1.3746469618917998 1.3746469618918309 0.6873234809459303 1.4262227424662297 0.0 1.2496790562653828 1.2496790562654607 1.2496790562653606 2.5921428475553463 0.6873234809459416 2.5921428475552304 1.374646961891893 1.3746469618917327 0.6873234809459384 1.8577814762523337 0.6873234809459644 1.2496790562653308 0.6873234809459016 0.6873234809460682
210.0416052432325 0.6873234809459295 0.6873234809459609 0.6873234809458777 0.6873234809457893 0.6873234809459371 0.0 0.6873234809458886 1.2496790562653806 0.6873234809459607 2.5921428475552917 1.2496790562653233 1.2496790562652391 1.4262227424662177 1.249679056265329 1.2496790562653668 2.5921428475554342 2.5921428475552903 2.592142847555378 1.4996148675184326 1.2496790562652988 1.2496790562652482 1.2496790562651594 1.2496790562653504 0.6873234809459388 0.6873234809459031 1.8577814762524951 0.6873234809459682 1.2496790562655022 0.687323480945928 0.6873234809458795 0.6873234809459141 1.857781476252496 0.6873234809458963 1.249679056265527 0.6873234809459117 1.2496790562654516 0.6873234809459804 0.687323480946004 1.8577814762525386 0.6873234809459643 0.6873234809459843 0.6873234809459646 1.249679056265275 0.6873234809459408 1.2496790562652673 0.6873234809460405 1.3746469618917994 1.3746469618918353 1.2496790562652444 0.6873234809457719 1.3746469618918538 0.6873234809459714 1.3746469618918837 0.6873234809458802 1.3746469618919555 1.426222742466234 1.2496790562652498 2.5921428475553294 2.5921428475554813 1.2496790562653375 1.2496790562653572 1.249679056265299 1.4262227424662528 0.6873234809458895 0.6873234809458951 1.249679056265456 1.2496790562654299 1.857781476252661 0.6873234809458423 1.2496790562652635 1.2496790562652975 0.687323480945838 1.3746469618919113 1.8577814762525302 1.4262227424662322 0.6873234809459237 0.6873234809459448 0.6873234809458162 1.3746469618918555 0.0 0.6873234809460174 1.2496790562654028 0.6873234809458508 0.6873234809460399 0.6873234809459835 1.2496790562653097 0.687323480945952 1.4262227424662046 0.6873234809459705 0.6873234809460925 0.6873234809459623 1.8577814762524736 0.0 0.6873234809459761 0.0 0.6873234809459513 1.3746469618919392 0.6873234809459445 0.6873234809460144 0.6873234809459016 1.2496790562652706 0.6873234809458968 0.6873234809459842 0.6873234809459686 0.6873234809458936 0.6873234809459704 0.687323480945919 1.8577814762523353 0.3436617404730025 0.6873234809460008 0.6873234809459469 0.6873234809460168 0.0 1.3746469618918924 0.0 0.0 0.6873234809458897 0.6873234809459463 1.4262227424662197 0.6873234809458925 0.6873234809459814 0.0 1.374646961891911 1.2496790562652575 0.6873234809459092 0.0 0.6873234809459501 0.6873234809459049 1.8577814762524796 1.2496790562653441 0.687323480945901 1.3746469618920552 0.6873234809459594 1.3746469618918007 0.6873234809459291 0.6873234809458856 0.6873234809459843 0.6873234809459755 0.6873234809459485 1.2496790562654334
220.0416052432325 0.6873234809459515 0.6873234809459986 0.6873234809459502 0.6873234809458566 0.6873234809459867 1.8577814762524603 1.2496790562654028 0.6873234809458896 0.6873234809459388 0.0 0.6873234809459505 0.6873234809458353 0.0 0.687323480945928 0.687323480945981 1.2496790562652191 1.2496790562654099 1.3746469618919666 1.249679056265375 0.6873234809459268 0.6873234809459966 0.687323480945888 0.0 0.6873234809460351 1.2496790562652473 1.2496790562652529 0.6873234809459611 1.426222742466343 0.687323480945971 1.2496790562655198 1.8577814762524052 2.592142847555466 0.6873234809459245 1.2496790562655224 0.0 1.2496790562653184 0.6873234809459225 1.2496790562654254 0.0 1.2496790562654208 0.6873234809459007 0.6873234809459057 1.2496790562653377 0.6873234809460564 1.2496790562653601 1.3746469618918211 1.2496790562654114 1.3746469618918498 1.4262227424662648 0.6873234809459763 1.426222742466206 1.3746469618918287 2.592142847555447 0.6873234809458859 0.6873234809459182 0.6873234809459705 1.4262227424662146 0.0 1.2496790562653357 0.6873234809460275 1.2496790562652715 0.6873234809459865 0.6873234809459795 1.2496790562655267 0.6873234809459056 0.6873234809460484 1.2496790562654163 0.6873234809460675 1.3746469618918513 0.6873234809461117 1.2496790562652684 0.6873234809459723 0.6873234809460116 0.0 0.6873234809459209 1.2496790562652302 0.6873234809459469 0.687323480946111 1.3746469618918498 2.592142847555558 0.6873234809458627 2.592142847555385 0.6873234809459141 0.6873234809459854 0.6873234809459338 1.2496790562651319 0.6873234809459087 0.6248395281326081 1.2496790562652917 0.6873234809460482 1.249679056265298 1.3746469618920154 1.4262227424662535 1.857781476252636 2.5921428475554715 0.687323480945951 1.4996148675184 0.6873234809459782 2.5921428475554396 0.6873234809459404 2.592142847555317 0.6873234809459611 1.2496790562652849 0.6873234809461205 0.6873234809458638 1.2496790562655054 1.249679056265301 1.2496790562653617 0.3436617404730025 1.2496790562653464 0.6873234809459844 1.2496790562651565 1.2496790562652658 1.4262227424661595 0.0 2.5921428475553467 0.0 1.2496790562653897 0.0 1.2496790562652322 1.249679056265311 1.4262227424661884 0.0 0.6873234809459684 0.6873234809459389 1.2496790562653333 0.6873234809459176 0.6873234809459902 1.249679056265314 1.2496790562654765 0.6873234809459758 1.4262227424661964 0.6873234809459107 1.2496790562652766 0.6873234809459033 2.592142847555507 0.6873234809459027 0.6873234809459439 1.2496790562652864 1.2496790562654088
230.0416052432325 0.0 1.8577814762523936 0.6873234809459785 1.2496790562653721 1.2496790562653224 0.6873234809458999 1.2496790562654365 0.6873234809458426 1.249679056265385 1.4262227424660665 0.6873234809459418 1.249679056265391 0.0 1.857781476252622 1.249679056265312 0.0 1.8577814762524316 1.2496790562651585 1.8577814762524287 0.6873234809458398 0.687323480945908 1.2496790562652087 1.249679056265275 1.2496790562652063 0.6873234809458816 1.249679056265338 0.6873234809459133 1.2496790562655071 0.6873234809459247 0.6873234809459489 0.6873234809459463 0.0 1.2496790562653415 1.857781476252376 0.0 1.3746469618919084 0.6873234809459525 1.2496790562652573 1.857781476252474 1.2496790562654463 1.2496790562653066 0.6873234809460017 1.2496790562652929 0.6873234809457599 1.3746469618919683 2.5921428475554738 1.85778147625241 1.3746469618919843 0.687323480945834 0.6873234809459643 0.6873234809459559 0.0 1.6496236899189096 0.6873234809459893 2.592142847555452 1.2496790562654576 1.4996148675183045 1.8577814762523892 1.2496790562652906 1.8577814762523177 0.6873234809459056 1.4262227424663987 0.6873234809459619 1.2496790562652764 0.6873234809458982 0.0 0.6873234809458887 0.6873234809459391 1.2496790562654263 0.6873234809459299 0.6873234809460261 0.6873234809459501 0.6873234809460314 2.5921428475555035 0.6873234809459033 0.6873234809458985 0.6873234809459328 0.687323480945992 1.2496790562653763 1.374646961891855 1.2496790562652484 0.0 0.687323480945859 0.6873234809457623 0.6873234809459027 1.4262227424663674 0.687323480945974 0.34366174047286013 0.6873234809459272 1.2496790562655282 0.6873234809459735 1.426222742466118 0.0 1.374646961891893 1.2496790562652804 0.6873234809459107 1.3746469618918575 1.4262227424663871 1.249679056265311 0.6873234809458031 0.687323480945882 1.2496790562652524 0.6873234809459827 1.2496790562653457 1.249679056265385 0.6873234809459849 2.5921428475553525 0.6873234809459748 0.343661740472974 0.687323480945957 0.6873234809459066 1.2496790562652227 0.0 0.6873234809458839 1.2496790562653406 2.5921428475553627 1.249679056265238 0.6873234809459355 1.2496790562653484 1.249679056265431 0.6873234809459841 1.3746469618919614 1.4262227424663139 0.6873234809458921 0.6873234809459495 1.426222742466224 0.6873234809459718 0.6873234809460064 1.4262227424661236 0.6873234809459137 0.0 0.6873234809458283 0.68732348094594 0.6873234809460079 1.249679056265271 0.6873234809460209 0.6873234809459373 2.592142847555288 0.6873234809459595 2.5921428475551678
240.0416052432325 1.2496790562652518 0.6873234809461103 0.6873234809460111 0.6873234809459555 0.6873234809459583 0.6873234809460564 1.8577814762524296 2.5921428475554005 0.6873234809459051 0.0 0.0 0.6873234809460272 1.2496790562652456 0.0 0.6873234809460341 1.8577814762525375 1.8577814762524776 2.592142847555446 0.6873234809459221 0.6873234809459057 0.6873234809459925 0.6873234809458846 1.4262227424662612 1.2496790562654403 0.6873234809458578 0.6873234809459554 2.5921428475554196 1.2496790562651945 1.2496790562653703 1.2496790562652573 0.6873234809459806 1.2496790562655142 0.6873234809459648 0.687323480945971 1.4262227424662792 1.2496790562654014 1.2496790562653424 2.5921428475555692 0.0 0.6873234809457921 0.6873234809459775 0.6873234809459786 1.2496790562653377 1.2496790562652198 1.2496790562653153 1.2496790562653133 0.6873234809458726 1.2496790562651865 0.6873234809458958 0.6873234809459775 2.5921428475553143 1.2496790562654152 1.426222742466211 2.5921428475552664 0.6873234809460208 0.6873234809460311 0.6873234809459288 1.8577814762524116 0.6873234809459206 0.6873234809458615 1.8577814762524267 0.6873234809457702 2.5921428475553765 1.249679056265271 0.6873234809459309 1.249679056265364 0.6873234809459422 0.6873234809459674 0.6873234809459727 0.6873234809459795 1.249679056265396 0.6873234809459693 1.426222742466124 0.0 0.0 0.6873234809458627 0.687323480945936 0.6873234809458976 1.3746469618917936 0.0 1.2496790562653146 1.2496790562655433 0.6873234809458705 0.6873234809458099 0.6873234809460035 0.6873234809458728 0.6873234809459705 1.24967905626542 0.6873234809459524 0.6873234809458562 1.2496790562653168 1.4262227424661837 1.249679056265285 1.2496790562652442 1.3746469618919275 0.6873234809461147 0.6873234809458619 0.6873234809457999 1.249679056265244 1.426222742466292 1.2496790562653906 1.2496790562653664 0.6873234809458969 0.687323480945879 0.6873234809459668 0.6873234809459535 1.2496790562652873 2.592142847555309 1.4262227424662524 1.2496790562652325 1.249679056265299 0.6873234809460375 0.6873234809459473 0.6873234809460125 2.5921428475554724 0.0 0.6873234809459065 1.2496790562651527 0.687323480945908 0.6873234809458821 0.6873234809459059 1.2496790562652116 0.6873234809458423 0.6873234809458613 1.374646961891829 1.374646961891933 1.2496790562652456 1.249679056265374 1.2496790562654116 1.649623689918947 0.6873234809459219 0.6873234809460015 1.3746469618919221 0.0 1.8797183685460623 1.2496790562653703 1.2496790562654148 1.6496236899189587 0.6873234809459505 0.687323480945893
250.0416052432325 0.6873234809459045 0.6873234809460174 0.687323480945903 0.6873234809459124 0.6873234809459773 1.2496790562655016 1.4262227424662324 0.6873234809458406 2.0619704428378283 1.374646961891859 0.687323480945941 0.6873234809457703 0.0 1.374646961891893 1.4262227424662615 0.6873234809459724 1.4262227424662783 1.8577814762524347 1.2496790562652693 0.6873234809458494 1.2496790562652702 0.6873234809460974 0.6873234809459133 1.2496790562653561 2.5921428475553734 0.687323480945915 0.6873234809458939 1.2496790562654103 1.2496790562653917 1.2496790562653144 2.5921428475553046 1.3746469618918944 0.6873234809459214 0.6873234809458991 2.592142847555459 1.2496790562652729 0.6873234809458962 0.6873234809459507 1.4262227424661642 1.8577814762524492 1.374646961891857 1.2496790562652247 0.6873234809459405 0.6873234809459037 0.6873234809459162 1.2496790562652014 1.3746469618918509 1.3746469618918828 1.8577814762524296 1.2496790562654858 1.2496790562653586 1.249679056265367 0.0 1.249679056265233 0.0 1.2496790562653624 0.6873234809458895 0.0 1.2496790562654265 0.6873234809459765 1.8577814762524816 0.6873234809460581 0.6873234809459049 0.6873234809459026 1.2496790562652427 0.6873234809460687 1.2496790562654247 1.8577814762524067 1.2496790562652471 1.374646961891862 1.2496790562652653 1.8577814762525002 0.6873234809459733 2.5921428475553436 0.6873234809459666 1.2496790562654903 0.6873234809459868 1.249679056265481 0.6873234809459376 2.59214284755548 0.6873234809459385 2.592142847555327 0.6873234809459869 0.6873234809458115 0.6873234809458956 0.0 1.2496790562654203 0.0 0.6873234809459013 0.6873234809461057 0.0 0.0 0.6873234809459104 2.5921428475554036 0.6873234809459475 0.6873234809457784 0.6873234809458864 2.592142847555378 0.6873234809458624 1.249679056265217 0.6873234809459317 2.5921428475551753 1.2496790562652507 1.2496790562652205 1.2496790562652473 0.6873234809459157 1.2496790562653992 0.0 1.2496790562654345 0.6873234809457801 1.249679056265379 0.6873234809458476 0.6873234809458851 0.687323480945894 0.6873234809459228 0.0 0.6873234809460294 1.2496790562653137 1.2496790562654199 0.6873234809459305 1.249679056265402 1.2496790562653155 0.6873234809458435 1.4262227424661151 1.8577814762524276 1.4262227424663438 1.2496790562653266 0.687323480945955 0.6873234809458822 0.6873234809458286 0.6873234809459348 0.0 1.4262227424662384 0.6873234809458784 0.687323480945948 1.2496790562652045 1.2496790562653837 1.8577814762524136 0.6873234809459007 1.2496790562652988
260.04160524323254 0.6873234809459611 1.2496790562653435 0.6873234809459099 0.6873234809459419 0.6873234809459235 1.2547300488120243 0.6873234809459385 1.249679056265432 0.6873234809459315 1.3746469618918504 1.2496790562654285 1.2496790562652804 1.426222742466276 1.249679056265479 0.6873234809459025 1.4262227424661589 0.3436617404729473 1.857781476252514 0.687323480945937 1.2496790562651503 0.6873234809459035 1.2496790562654643 1.8797183685460999 0.6873234809459728 1.2496790562653597 1.2496790562653948 0.0 1.2496790562652365 0.0 1.3746469618919617 2.5921428475554014 1.2496790562652746 0.6873234809459657 2.592142847555456 1.2496790562652595 1.2496790562654148 0.6873234809459329 0.6873234809458996 1.4262227424662897 1.2496790562651583 0.6873234809459174 1.426222742466228 1.2496790562654163 1.2496790562651774 1.2496790562652584 1.3746469618919392 0.6873234809459302 0.687323480945837 1.8577814762523992 0.6873234809460314 0.0 1.374646961891844 1.426222742466243 1.2496790562654319 0.6873234809458857 0.6873234809460373 1.3746469618918338 1.8577814762524116 1.2496790562652509 1.249679056265486 0.6873234809460226 1.2496790562653064 0.6873234809459062 0.6873234809460395 1.2496790562653224 0.6873234809458935 2.592142847555368 1.2496790562653324 1.2496790562652553 0.6873234809459295 0.687323480945838 1.8797183685459313 0.6873234809458622 1.2496790562653084 0.6873234809459139 0.6873234809458938 0.6873234809459016 0.6873234809459849 0.6873234809459224 1.4262227424662168 1.24967905626531 1.4262227424660274 0.6873234809459887 0.6873234809460044 0.6873234809459731 0.6873234809459835 2.5921428475554453 0.0 0.6873234809459206 0.6873234809458656 1.2496790562652433 0.0 1.2496790562652744 1.249679056265494 0.0 1.2496790562653557 0.6873234809459375 1.3746469618917925 1.2496790562652822 1.249679056265391 1.2496790562652398 1.8577814762523481 0.6873234809459701 0.6873234809459369 0.6873234809458503 1.4262227424662284 1.42622274246614 1.374646961891844 1.7870410504595073 0.6873234809460315 1.2496790562653444 1.249679056265179 1.2496790562654403 1.2496790562652091 0.6873234809459765 1.8577814762524802 0.6873234809459593 0.687323480945969 1.4262227424662004 0.6873234809458767 0.6873234809459373 0.0 0.6873234809458791 1.2496790562653395 0.6873234809459663 1.426222742466221 0.6873234809459705 0.687323480945797 0.6873234809459194 0.0 1.2496790562652604 1.374646961891938 1.374646961891899 0.6873234809460745 0.6873234809459471 1.3746469618918462 1.3746469618918202 1.4262227424661114 0.6873234809459036 0.6873234809460275
270.04160524323254 0.6873234809459741 0.6873234809459657 0.6873234809459734 1.249679056265507 0.687323480945898 1.3746469618918413 0.6873234809460338 1.2496790562653397 0.6873234809459672 1.8577814762523628 1.2496790562654085 0.0 1.4262227424662948 0.6873234809459238 1.249679056265319 1.2547300488121662 0.6873234809459154 1.2496790562652276 0.6873234809459884 1.2496790562654456 0.687323480945872 1.2496790562652391 0.687323480946029 0.6873234809459483 0.6873234809459347 1.8577814762525147 0.0 1.6496236899190948 0.6873234809459171 0.6873234809460177 0.6873234809459831 2.5921428475554253 1.3746469618919073 0.6873234809459838 1.374646961891821 0.687323480945947 1.2496790562653324 0.6873234809459237 1.4262227424661875 1.8577814762526665 0.6873234809459347 1.4262227424662899 0.6873234809459565 1.2496790562652227 0.6873234809459221 0.6873234809460023 0.6873234809458605 1.4262227424662939 1.2496790562654214 0.0 1.4262227424661682 0.0 1.8577814762524372 0.6873234809459111 0.6873234809458756 1.8577814762525215 2.5921428475554453 1.3746469618918933 1.2496790562653235 0.6873234809460583 2.592142847555382 0.6873234809457838 1.857781476252458 1.249679056265255 1.249679056265345 0.6873234809458771 1.8577814762525235 0.6873234809458676 0.6873234809459988 1.2496790562652353 0.6873234809460291 2.5921428475553454 1.2496790562652575 0.6873234809458456 1.2496790562653035 0.6873234809459287 1.249679056265294 1.249679056265361 0.6873234809460107 1.8577814762523681 0.6873234809458388 1.8577814762524822 0.6873234809458856 1.2496790562654885 0.6873234809459785 0.6873234809457537 0.687323480945927 1.3746469618918116 0.6873234809458898 1.2496790562652171 0.6873234809459349 1.426222742466374 1.8577814762524787 0.6873234809461255 1.3746469618918633 0.6873234809459597 1.2496790562654285 0.6873234809458661 0.6873234809459255 0.6873234809459763 1.426222742466153 0.6873234809459922 0.6873234809459026 0.6873234809459362 0.6873234809459502 1.4262227424661171 1.857781476252533 0.0 0.41239408856759063 2.5921428475554245 0.6873234809459077 1.2496790562654603 1.2496790562653548 0.6873234809460032 0.6873234809459466 0.0 1.249679056265351 0.0 1.249679056265413 0.6873234809460794 0.6873234809458921 1.4996148675185152 0.6873234809459305 0.6873234809460349 0.6873234809459356 1.426222742466332 1.3746469618918942 0.687323480945853 2.5921428475553916 0.6873234809458896 2.592142847555309 1.2496790562653655 0.0 1.2496790562653304 0.6873234809459848 0.6873234809458248 0.0 1.2496790562654845 0.6873234809459735 0.6873234809458707
280.04160524323254 0.6873234809459557 1.2496790562652706 1.249679056265391 1.2496790562654927 0.6873234809458886 1.4262227424661533 0.6873234809459715 0.6873234809459405 0.687323480945924 1.4262227424662164 0.6873234809459103 1.2496790562653395 1.3746469618918689 1.8577814762525926 0.6873234809459097 1.8577814762525535 0.3436617404729654 1.2496790562652311 1.8577814762524183 0.6873234809460205 1.2496790562652325 0.6873234809460425 0.6873234809458774 1.2496790562652753 2.5921428475554853 0.6873234809459309 1.4262227424662037 2.5921428475554134 0.6873234809459461 0.6873234809458025 0.6873234809459668 0.0 1.8577814762524456 0.6873234809457901 0.0 1.8797183685459737 0.6873234809459395 1.2496790562654303 0.0 1.2496790562654636 0.6873234809459431 1.857781476252535 0.6873234809459503 0.6873234809458488 0.6873234809460439 1.249679056265405 0.6873234809460184 2.5921428475554453 1.2496790562653433 1.2496790562652091 1.4262227424661658 1.3746469618918464 0.0 1.85778147625246 0.6873234809460369 0.6873234809458784 0.6873234809459412 1.4262227424661624 1.2496790562653455 1.249679056265323 0.6873234809460291 0.6873234809459166 0.68732348094588 0.6873234809460589 0.6873234809458783 0.6873234809458132 0.6873234809459018 1.4262227424661564 1.2496790562652762 0.6873234809458454 1.2496790562653273 1.4262227424660368 0.6873234809458804 0.0 0.6873234809459036 0.6873234809459758 1.2496790562653384 0.6873234809460801 1.2496790562653186 1.8577814762524048 1.2496790562652451 0.0 0.687323480945982 1.2496790562652693 0.6873234809459511 0.6873234809459534 0.6873234809459549 1.8577814762524891 0.6873234809459361 0.6873234809459344 1.857781476252464 1.374646961891939 1.24967905626526 0.6873234809460429 0.6873234809459455 1.2496790562653297 1.24967905626535 0.6873234809459399 2.592142847555415 2.592142847555269 1.8577814762524532 0.6873234809458654 0.6873234809459285 1.857781476252448 1.249679056265372 1.249679056265204 1.2496790562654072 0.0 0.34366174047292425 1.8577814762523532 0.6873234809460105 0.6873234809458292 0.6873234809458665 0.6873234809459975 0.6873234809459515 0.0 0.6873234809458262 1.4262227424660805 1.857781476252527 0.6873234809458623 0.6873234809459675 1.8577814762524543 1.3746469618919681 0.6873234809460718 0.6873234809459094 0.0 0.687323480945963 1.2496790562651703 1.2496790562653086 0.687323480945926 1.4262227424661615 1.4262227424662695 0.6873234809459667 0.687323480945954 0.6873234809459348 0.6873234809459365 1.4262227424662983 1.2496790562654874 1.2496790562653877 0.6873234809459315
290.04160524323254 0.6873234809459723 0.6873234809460145 1.2496790562653148 1.2496790562653621 0.6873234809459109 2.5921428475553174 1.8577814762525102 1.3746469618919264 0.0 1.857781476252494 1.2496790562652627 2.592142847555347 1.8577814762524683 0.0 0.6873234809459206 1.2496790562651554 0.6248395281325809 1.426222742466313 1.857781476252528 1.249679056265343 0.687323480945924 0.687323480945904 2.592142847555447 0.687323480945913 1.249679056265349 1.2496790562652484 1.3746469618918185 1.3746469618918553 0.6873234809459949 1.4262227424660454 1.42622274246617 1.2496790562651665 0.687323480945934 0.6873234809458397 1.4262227424661937 1.249679056265515 0.6873234809459389 1.249679056265314 1.8577814762524263 1.2496790562653488 1.4262227424661593 0.6873234809459524 1.2496790562653852 1.2496790562653337 0.6873234809458456 1.2496790562652624 0.6873234809459625 1.3746469618919104 2.592142847555337 1.2496790562654783 1.374646961891906 0.0 1.2496790562652698 0.6873234809459262 1.2496790562653548 1.2496790562654498 1.4262227424661473 1.426222742466149 1.8797183685459637 0.0 0.6873234809459575 0.6873234809460267 1.2496790562653783 1.2496790562652467 0.6873234809459612 0.687323480945875 1.2496790562653377 0.6873234809459983 0.6873234809460335 0.0 0.6873234809459003 0.0 0.687323480945828 1.3746469618917994 1.8577814762523888 0.6873234809459501 1.8577814762525535 0.0 0.6873234809459314 0.0 1.2496790562653202 1.426222742466377 0.6873234809459859 0.6873234809459281 0.6873234809459564 0.6873234809458629 0.6873234809458868 2.592142847555346 1.249679056265284 1.2496790562652056 1.857781476252531 1.2496790562654945 1.857781476252386 0.6873234809458986 0.6873234809458834 0.6873234809459123 1.85778147625243 0.0 1.249679056265346 0.6873234809459111 1.2496790562653284 0.6873234809458105 0.6873234809459833 0.6873234809458368 0.6873234809458859 0.6873234809460251 0.6873234809458993 1.374646961891945 1.857781476252478 1.24967905626529 0.6873234809459492 0.6873234809460238 2.5921428475553663 1.2496790562652424 0.6873234809459194 0.0 0.6873234809458932 0.6873234809460567 0.6873234809459107 0.6873234809460587 0.68732348094597 0.6873234809459126 0.6873234809459275 0.0 1.2496790562652944 1.4262227424662066 0.6873234809459922 0.6873234809459847 0.0 0.6873234809459751 1.8577814762524427 1.3746469618918988 1.4262227424661653 1.2496790562653284 0.687323480945913 0.6873234809459925 0.6873234809459356 0.6873234809458187 0.6873234809459488 0.6873234809458583
300.04160524323254 0.6873234809459876 1.8577814762526275 0.6873234809459374 1.2496790562652758 0.6873234809458925 1.2496790562654998 0.6873234809460207 0.0 1.2496790562653475 1.3746469618919015 0.6873234809459691 0.6873234809459017 0.0 0.6873234809458909 1.2496790562654143 0.6873234809459982 1.2496790562653617 1.3746469618919457 1.4996148675184917 1.426222742466141 1.2496790562653095 1.249679056265393 0.6873234809459116 1.2496790562653313 1.249679056265269 1.2496790562653617 0.0 0.6873234809458526 0.6873234809459622 1.2496790562651852 1.6496236899190067 1.4262227424660465 0.6873234809459101 0.6873234809459305 1.8577814762524592 2.5921428475553414 0.6873234809459718 1.2496790562654099 1.249679056265266 0.6873234809460441 2.5921428475554587 1.2496790562654132 0.6873234809459405 0.6873234809460882 0.6873234809458393 0.687323480945953 1.2496790562652802 0.6873234809459895 0.0 1.8577814762525406 1.4262227424662721 1.4262227424660283 0.0 1.374646961892029 0.6873234809459539 0.6873234809458822 1.3746469618918413 0.6873234809459169 1.2496790562653664 0.0 1.2496790562653166 0.687323480946003 0.6873234809459852 0.6873234809459007 1.2496790562653421 0.6873234809459355 0.6873234809459013 1.8577814762524871 0.6873234809459289 1.2496790562653588 1.2496790562653879 0.687323480945846 1.2496790562652806 0.0 0.6873234809458854 1.2496790562653604 0.6873234809458868 1.4262227424662863 0.6873234809460487 1.2496790562652291 1.2496790562652471 1.249679056265516 0.6873234809458505 0.6873234809459042 0.6873234809458435 0.0 2.5921428475553716 1.4262227424661442 0.687323480945952 1.249679056265534 1.2496790562652456 2.592142847555378 1.2496790562653608 1.2496790562651785 0.6873234809458391 0.6873234809459167 2.5921428475554578 0.687323480946013 0.687323480945935 0.6873234809459725 1.4262227424662137 0.6873234809459642 1.249679056265265 0.6873234809460715 0.6873234809458867 0.0 0.6873234809459332 2.59214284755528 1.374646961891789 1.4996148675183034 0.6873234809459331 0.687323480945916 0.6873234809460175 1.2496790562654774 0.6873234809458966 1.8577814762524656 0.6873234809460458 0.6873234809460534 0.6873234809459265 1.2496790562652569 0.6873234809458393 0.6873234809459036 0.6873234809459065 0.687323480945926 0.0 1.3746469618918702 1.2496790562652835 0.6873234809459274 1.3746469618919273 1.857781476252525 2.5921428475553454 1.2496790562652837 1.249679056265299 2.592142847555333 0.6873234809458895 1.8577814762524096 0.6873234809459559 0.687323480946002 0.6873234809459221 1.2496790562654323
310.04160524323254 1.2496790562654259 0.6873234809458976 0.6873234809460108 0.6873234809459106 0.6873234809459401 0.6873234809458731 1.2496790562653284 1.6496236899190595 1.2496790562653568 0.0 1.2496790562653703 0.6873234809459424 1.426222742466197 1.24967905626547 0.6873234809459235 1.857781476252452 1.8577814762524696 1.8577814762524492 1.2496790562652769 1.2496790562652735 0.6873234809459691 1.2496790562654811 0.6873234809458744 0.6873234809459586 0.687323480945903 0.6873234809458968 0.0 0.6873234809458493 0.6873234809459197 0.6873234809460056 1.2496790562653683 1.2496790562654017 0.6873234809459027 1.2496790562652442 0.0 0.6873234809459896 1.8577814762524962 0.6873234809459855 0.0 0.6873234809459815 1.374646961891849 0.6873234809459378 1.2496790562653197 1.4262227424660618 1.2496790562653217 1.2496790562651405 0.6873234809459255 0.0 0.6873234809459046 0.0 2.5921428475554236 1.6496236899191328 1.4262227424662512 1.24967905626543 0.687323480945937 0.6873234809460846 1.2496790562652675 0.687323480945872 1.3746469618918624 2.5921428475553916 0.6873234809459559 1.2496790562652604 1.8577814762525435 1.2496790562654059 0.6873234809459298 0.6873234809459128 2.592142847555464 0.6873234809458166 1.2496790562652529 1.2496790562652025 0.6873234809460413 0.6873234809459656 1.2496790562652933 0.0 0.6873234809458979 0.6873234809459334 0.6873234809458904 1.8577814762524563 1.2496790562653022 1.4262227424664062 1.2496790562653255 0.0 0.6873234809459965 0.6873234809460597 1.2496790562653197 1.2496790562652809 0.6873234809459515 0.0 1.2496790562653284 1.249679056265376 1.2496790562652436 1.4262227424660985 1.2496790562652544 1.2496790562653122 1.374646961891943 1.857781476252438 0.6873234809460319 1.374646961891986 1.2496790562652336 1.2496790562654752 1.2496790562652471 1.249679056265242 0.6873234809458836 1.2496790562653624 0.6873234809458616 0.6873234809460116 1.8797183685460972 1.8577814762523333 1.3746469618919082 0.687323480945998 1.2496790562652744 0.6873234809460786 0.6873234809459527 0.6873234809459379 0.6873234809459368 1.249679056265232 0.6873234809459488 0.6873234809459027 0.6873234809459241 1.4262227424661023 1.249679056265381 1.2496790562653652 1.2496790562652427 0.6873234809459597 1.2496790562654354 1.4262227424662095 0.6873234809459206 0.6873234809458999 1.3746469618918615 0.6873234809459164 1.4262227424663039 1.2496790562653364 1.3746469618918327 1.24967905626533 0.687323480945884 0.0 1.2496790562653959 1.2496790562653397 0.6873234809458968 0.687323480946029
320.04160524323254 0.6873234809459938 0.6873234809458985 0.6873234809460289 0.6873234809459191 1.2496790562652884 0.687323480945815 1.2496790562653415 0.0 0.0 1.374646961891822 0.6873234809459442 0.6873234809459424 1.3746469618918964 0.0 0.6873234809460165 1.2496790562653437 1.4262227424662788 0.0 0.6873234809459774 1.249679056265458 1.249679056265398 0.6873234809459465 3.4991013575429504 0.6873234809459499 0.6873234809459586 1.2496790562652704 1.374646961891899 1.857781476252626 1.2496790562652855 1.426222742466236 2.5921428475553263 1.2496790562651943 1.2496790562653828 0.687323480946028 0.687323480945913 0.6873234809459319 0.6873234809459142 0.687323480945868 1.3746469618918744 1.2496790562653513 0.6873234809459602 1.2496790562653939 0.6873234809459617 0.6873234809459718 1.4262227424662743 0.6873234809459076 1.2496790562653464 1.3746469618918835 0.6873234809460109 0.6873234809460594 1.4262227424661227 0.6873234809459575 1.3746469618918802 1.2496790562652424 0.6873234809459078 1.8577814762523424 1.8577814762524207 1.2496790562654465 1.4262227424661837 1.3746469618919128 1.2496790562653473 0.6873234809459983 1.4262227424662965 0.6873234809459613 1.2496790562652904 1.3746469618917385 1.374646961891834 1.2496790562655402 0.0 0.0 0.687323480945922 1.2496790562653732 0.6873234809460349 0.0 1.2496790562654017 0.6873234809459472 1.2496790562652547 0.6873234809459479 1.2496790562654119 1.8577814762525082 0.6873234809458505 0.0 1.2496790562653914 0.6873234809460352 0.6873234809459395 2.5921428475554817 1.3746469618918513 1.8577814762524092 0.0 0.6873234809459146 1.2496790562652567 0.0 0.6873234809459725 1.2496790562654392 0.6873234809459438 0.6873234809458522 0.6873234809459146 0.6873234809459661 0.6873234809460186 0.6873234809459434 1.2496790562652826 0.6873234809458576 1.2496790562653146 1.2496790562653073 1.2496790562653097 0.6873234809460311 0.6873234809459678 1.3746469618918955 0.0 0.6873234809459796 0.6873234809458562 1.2496790562654316 0.6873234809459868 0.68732348094587 0.6873234809459046 1.374646961891899 1.2496790562652484 0.6873234809458894 1.2496790562653335 0.687323480945824 1.2496790562653453 1.857781476252398 1.8577814762524416 1.2496790562652031 2.5921428475554773 1.249679056265459 1.2496790562652542 0.687323480946012 1.249679056265374 0.6873234809459986 1.4262227424662792 1.3746469618919417 1.8577814762524862 0.6873234809459176 0.687323480945938 1.249679056265363 0.687323480945895 1.2496790562654363 0.687323480945922 0.6873234809459097
330.04160524323254 0.6873234809459755 0.6873234809457947 0.6873234809458518 0.6873234809459972 2.5921428475554342 1.857781476252376 1.2496790562653612 1.2496790562653637 0.0 0.6873234809459575 0.6873234809459335 1.249679056265206 1.3746469618918087 0.6873234809457686 1.2496790562654172 1.2496790562652205 1.4262227424661258 0.0 1.249679056265342 1.2496790562652749 1.4262227424661966 0.6873234809459272 1.249679056265312 0.6873234809460357 0.6873234809458847 1.249679056265365 1.37464696189189 0.6873234809459875 1.2496790562653006 1.6496236899189884 0.6873234809459386 2.5921428475553174 1.4262227424661365 0.6873234809460319 0.6873234809459641 0.6873234809459573 2.592142847555408 1.249679056265472 1.8577814762524643 0.6873234809460596 0.6873234809459335 0.6873234809460163 1.8577814762524432 0.6873234809459777 1.2496790562652391 1.2496790562652684 0.6873234809459356 1.4262227424660425 0.6873234809458156 1.3746469618918191 0.0 0.0 1.4262227424661562 0.6873234809459275 1.2496790562653284 2.5921428475554706 1.249679056265252 0.6873234809459791 1.4262227424662475 1.2496790562654239 1.24967905626537 1.249679056265288 0.0 0.6873234809460114 0.6873234809459841 0.687323480945952 1.857781476252528 0.6873234809460906 1.2496790562653641 1.2496790562652025 0.687323480945973 1.2496790562652036 0.6873234809459469 1.3746469618918578 1.8577814762524567 0.6873234809460368 1.249679056265363 1.3746469618918338 1.2496790562653106 2.592142847555501 0.6873234809459876 1.374646961891774 0.6873234809460321 0.6873234809459988 0.6873234809459097 1.4262227424661325 0.6873234809459299 0.0 1.249679056265364 1.374646961891859 0.6873234809459852 0.0 1.2496790562653863 0.0 1.2496790562653872 1.2496790562653048 0.6873234809460396 0.6873234809459166 0.6873234809458364 0.6873234809459795 2.5921428475554005 0.6873234809458183 0.687323480945908 1.426222742466146 0.6873234809459295 1.3746469618917505 0.6873234809459585 1.3746469618917747 1.2496790562652575 1.8577814762523002 1.2496790562653013 1.2496790562652738 0.6873234809459315 0.687323480946037 0.687323480945882 0.0 0.6873234809459218 0.6873234809459271 1.2496790562653575 1.2496790562651712 0.6873234809459785 1.2496790562652516 0.6873234809458715 0.6873234809459297 1.8577814762525175 0.6873234809460239 0.6873234809459855 0.6873234809459802 1.6496236899188739 1.649623689919063 1.4262227424662064 1.3746469618918933 2.592142847555447 0.687323480945971 0.6873234809459476 0.6873234809459254 1.2496790562652564 0.0 0.6873234809459313 1.2496790562655353
340.04160524323254 0.687323480945919 0.0 0.6873234809459468 0.687323480945987 1.2496790562652664 2.5921428475553476 0.6873234809459505 0.6873234809458435 0.6873234809459418 0.687323480945947 0.6873234809459065 1.8577814762525326 1.2496790562652829 1.4262227424662384 1.249679056265391 1.2496790562653353 1.3746469618918642 2.5921428475553765 1.4262227424662024 0.687323480945956 0.6873234809458735 1.2496790562653193 0.6873234809458988 0.6873234809459353 0.6873234809459438 1.2496790562653872 1.374646961891886 1.2496790562654552 1.2496790562654256 1.249679056265503 0.6873234809459824 1.374646961891923 1.8577814762524931 0.6873234809460042 2.5921428475553046 1.2496790562652416 0.6873234809459116 1.8577814762524483 1.8577814762524536 0.6873234809459678 1.2496790562653326 1.2496790562652564 1.857781476252524 0.687323480945887 0.687323480945865 0.6873234809459571 0.6873234809458287 0.0 0.6873234809459173 0.687323480945872 1.426222742466308 1.249679056265194 0.0 1.249679056265338 1.6496236899189505 1.249679056265415 1.4262227424662874 0.6873234809459868 1.8577814762523963 1.2496790562654905 1.249679056265262 1.2496790562653908 1.426222742466151 0.6873234809459995 0.6873234809459146 1.3746469618918151 1.2496790562653006 0.6873234809459642 0.6873234809460135 0.6873234809459573 1.249679056265249 2.592142847555487 0.0 0.0 1.2496790562653097 0.6873234809459415 1.2496790562654 2.592142847555279 0.687323480945839 0.0 0.6873234809459727 0.0 0.6873234809459625 1.249679056265228 0.6873234809459255 1.8577814762524647 1.2496790562653548 2.5921428475553427 1.8577814762524503 1.8577814762524263 2.5921428475554604 1.4262227424661291 1.8577814762523543 0.6873234809458464 0.6873234809460255 1.2496790562652866 1.2496790562652564 2.592142847555575 0.6873234809459668 0.6873234809459189 1.2496790562652875 0.687323480946004 0.687323480945908 0.0 1.374646961891854 0.6873234809459067 1.2496790562652744 1.4262227424663676 2.592142847555283 0.6873234809457983 0.6873234809459604 0.6873234809459191 1.2496790562653541 1.2496790562652977 0.6873234809459771 1.857781476252474 1.426222742466187 0.6873234809460306 1.857781476252414 1.8577814762524503 0.6873234809459348 2.5921428475553854 0.6873234809459657 0.6873234809457611 2.5921428475554826 1.249679056265225 1.8577814762524627 1.8577814762524327 1.8577814762525366 1.3746469618919788 0.6873234809459804 1.8577814762525016 1.4262227424662741 1.879718368545954 2.5921428475554293 2.592142847555271 1.2496790562652782 0.6873234809459674 0.6873234809459405 0.687323480945808
350.04160524323254 0.6873234809459361 1.8577814762523084 0.6873234809459775 1.249679056265217 0.6873234809459037 1.3746469618917294 1.2496790562652684 0.6873234809459382 1.2496790562652949 1.3746469618917625 0.6873234809459439 1.2496790562654663 1.857781476252438 1.2496790562651414 1.249679056265245 0.0 2.5921428475554253 1.64962368991901 1.2496790562653854 0.6873234809460953 1.249679056265333 0.6873234809461007 0.6873234809460237 0.6873234809460826 0.6873234809458706 1.2496790562653073 0.6873234809459106 1.3746469618918302 1.2496790562653715 0.6873234809459885 1.2496790562653737 1.2496790562653133 0.6873234809459543 0.6873234809460589 1.3746469618918706 1.2496790562654565 0.6873234809458999 1.2496790562651772 1.4262227424662743 0.687323480945828 1.857781476252462 0.6873234809458608 0.6873234809459771 1.2496790562653817 1.374646961891879 1.2496790562652167 2.5921428475553414 0.0 0.6873234809459735 2.5921428475553587 1.8577814762524436 0.0 2.5921428475553503 1.8577814762524867 1.3746469618918111 0.0 1.2496790562653073 0.0 0.3436617404729667 1.8577814762525806 1.8577814762524936 0.6873234809459822 1.249679056265356 0.6873234809460473 1.2496790562653581 0.0 1.4262227424662133 1.374646961891997 1.374646961891902 1.426222742466259 0.6873234809458776 1.8577814762523643 2.5921428475553063 1.3746469618917558 1.2496790562653388 0.6873234809458166 0.6873234809459374 2.592142847555305 0.6873234809458427 1.3746469618919013 0.687323480945868 1.8797183685461456 1.249679056265328 0.6873234809457908 1.2496790562652853 1.3746469618918504 0.6873234809459695 0.0 1.3746469618918238 0.6873234809460534 2.5921428475554165 1.374646961891868 1.857781476252537 1.857781476252556 0.6873234809459728 2.5921428475553934 1.2496790562653308 1.2496790562651907 1.2496790562654128 0.6873234809460091 0.6873234809459664 1.2496790562654159 0.6873234809459396 1.4262227424660945 1.2496790562652795 0.6873234809459557 1.2496790562653175 1.3746469618919055 1.8577814762523988 2.59214284755549 0.6873234809459556 1.24967905626553 1.249679056265222 0.6873234809460457 1.249679056265403 1.857781476252432 0.687323480946001 0.6873234809459495 0.6873234809459555 1.2496790562651914 0.687323480945914 1.2496790562655185 0.6873234809458626 1.8577814762524967 1.2496790562652456 0.6873234809459391 0.6873234809459102 0.6873234809459355 1.8577814762525502 0.687323480945876 1.4262227424662768 1.426222742466073 0.0 1.249679056265243 1.2496790562653226 1.2496790562655145 0.687323480945963 0.6873234809460068 0.6873234809459812 2.5921428475552752
360.04160524323254 0.6873234809459828 0.68732348094591 1.2496790562654194 0.6873234809458256 1.4262227424663096 1.8577814762523757 1.2496790562653133 2.5921428475552304 0.6873234809459408 0.0 1.2496790562652784 0.6873234809458748 1.3746469618918578 0.0 1.2496790562653683 2.592142847555331 1.2496790562653353 2.59214284755531 1.2496790562653706 0.6873234809458766 0.6873234809459551 1.2496790562654565 0.6873234809458894 1.2496790562652043 1.2496790562654256 0.6873234809458916 0.6873234809459274 1.4262227424663263 0.6873234809458793 0.687323480946036 1.2496790562652298 2.592142847555235 2.59214284755542 1.2496790562654616 1.2496790562654152 0.6873234809458786 1.2496790562653777 0.6873234809459365 1.857781476252543 1.2496790562652687 2.592142847555421 1.4262227424662133 1.857781476252488 0.687323480945928 1.2496790562652746 0.6873234809458402 0.6873234809459099 1.37464696189183 0.6873234809459777 0.6873234809459857 2.5921428475553254 1.8577814762523253 1.2496790562652718 0.0 0.0 1.2496790562653186 1.8577814762525426 1.2496790562652256 0.6248395281327048 1.374646961891819 2.592142847555299 1.2496790562652016 0.0 1.2496790562655384 1.8577814762524272 1.8577814762523968 1.426222742466252 1.2496790562653357 1.3746469618917896 0.6873234809460191 1.2496790562653426 1.8577814762524631 0.6873234809459787 1.3746469618919395 1.4996148675183512 0.6873234809460395 0.6873234809459532 1.8577814762523823 1.3746469618919632 1.4262227424660947 0.6873234809459318 0.0 0.6873234809459808 0.687323480946112 0.6873234809458463 2.592142847555442 0.6873234809459751 2.5921428475555306 0.6873234809459067 0.6873234809457892 1.2496790562653863 2.5921428475553885 1.2496790562653184 0.6873234809459164 0.6873234809458512 1.2496790562652402 0.687323480946026 1.4996148675183383 0.0 0.6873234809458647 1.4262227424662182 0.6873234809459063 0.6873234809459049 0.6873234809458421 1.2496790562652487 0.6873234809460294 1.8577814762524891 1.3746469618917792 1.374646961891929 0.6873234809458519 0.6873234809459431 0.6873234809459473 1.2496790562652753 1.2496790562653697 1.2496790562653037 2.5921428475554853 0.6873234809458899 0.6873234809460634 1.8797183685460879 1.2496790562652516 0.6873234809459116 1.4262227424663032 0.687323480945997 0.0 1.4262227424662202 0.6873234809460163 0.0 1.8577814762524132 1.426222742466292 1.8577814762524516 1.2496790562654163 2.5921428475554906 1.4262227424661902 0.6873234809460159 0.68732348094593 1.2496790562651485 1.3746469618918953 0.6873234809460405 1.2496790562652504 1.2496790562653959
370.04160524323254 2.592142847555385 1.857781476252504 0.6873234809458636 1.2496790562651807 1.2496790562652698 2.592142847555278 0.6873234809459173 1.2496790562654077 0.6873234809459333 1.4262227424662433 1.2496790562654123 0.6873234809458042 1.4262227424663068 1.4262227424660363 1.2496790562653102 0.6873234809457843 2.592142847555354 0.0 0.687323480945934 0.6873234809459918 0.6873234809460139 0.6873234809460292 0.6873234809459573 1.249679056265498 1.857781476252472 0.6873234809458615 0.6873234809459651 0.6873234809460227 0.6873234809459351 0.6873234809460259 1.249679056265332 0.0 1.249679056265307 0.6873234809458839 1.8577814762524862 1.4262227424662286 1.249679056265317 1.2496790562652886 0.0 1.249679056265477 1.4262227424663028 1.249679056265359 1.2496790562654403 1.2496790562653932 0.6873234809459255 1.2496790562651645 1.2496790562652638 0.6873234809460946 0.6873234809459828 1.2496790562654883 1.3746469618918813 0.0 1.3746469618918964 0.6873234809459787 1.8577814762524352 1.3746469618918702 0.0 0.6873234809459678 0.3436617404729667 2.5921428475554555 0.6873234809458982 1.2496790562655142 1.42622274246619 0.6873234809459401 0.6873234809459066 0.6873234809457918 1.8577814762523932 0.6873234809459325 0.6873234809458374 0.0 0.6873234809458454 0.6873234809460289 0.6873234809459047 1.8577814762523572 1.8577814762524676 0.6873234809459533 0.6873234809459023 1.2496790562654143 0.687323480945913 0.0 0.6873234809459036 1.4262227424660363 1.2496790562652573 1.2496790562653453 1.2496790562653735 1.3746469618917367 1.2496790562653688 1.8577814762525435 0.6873234809459886 0.6873234809460765 2.5921428475553414 1.4262227424661493 0.0 2.5921428475554977 1.2496790562653615 1.249679056265323 0.6873234809459656 1.85778147625264 1.8577814762525091 0.0 1.2496790562653937 0.6873234809457526 1.8577814762525147 0.687323480945959 0.6873234809459781 0.6873234809459097 1.8577814762524876 1.3746469618917785 2.5921428475554453 1.3746469618918535 0.6873234809459043 0.6873234809459015 0.6873234809459166 1.8577814762523601 2.592142847555318 1.4262227424661142 1.2496790562653333 0.6873234809459396 1.2496790562653877 1.249679056265345 0.6873234809459617 1.2496790562653823 1.2496790562652322 1.2496790562652247 1.2496790562652624 0.6873234809460365 1.2496790562652709 2.59214284755533 1.8577814762524467 0.0 0.6873234809459803 1.374646961891835 1.2496790562654005 0.0 0.6873234809459431 1.3746469618918498 0.6873234809459375 0.6873234809459715 0.6873234809459479 1.4262227424661482
380.04160524323254 0.6873234809459463 0.6873234809458476 0.6873234809458353 0.6873234809458795 0.6873234809458946 1.4262227424661273 1.374646961891838 0.6873234809458514 1.4262227424661835 1.8577814762525422 0.6873234809459075 1.426222742466191 1.3746469618918915 0.6873234809459342 0.6873234809459702 1.4262227424662854 1.4262227424661267 1.2496790562654942 1.2496790562652758 0.687323480946028 0.6873234809459315 0.6873234809459718 1.3746469618917854 1.2496790562652036 2.5921428475553316 0.687323480945909 0.6873234809459452 1.2496790562652877 0.6873234809458841 0.6873234809459476 1.2496790562653903 0.6873234809458463 0.687323480945971 1.8577814762522722 0.0 1.8577814762525062 1.2496790562653817 0.6873234809459906 0.0 1.857781476252565 0.6873234809459096 1.2496790562652367 1.2496790562652407 0.6873234809458802 1.4262227424662661 0.6873234809460672 0.6873234809459475 0.6873234809458236 0.6873234809460131 1.8577814762525042 1.8577814762525346 0.6873234809460165 0.0 0.6873234809459149 1.4262227424661587 0.6873234809460594 1.3746469618918458 2.592142847555399 1.2496790562654223 0.0 0.68732348094597 0.6873234809459798 0.0 0.6873234809459458 0.6873234809459116 1.3746469618918726 0.6873234809458866 0.6873234809460476 0.6873234809459603 1.2496790562651965 1.3746469618917814 1.8577814762522948 1.426222742466239 1.2496790562655185 0.6873234809458746 1.2496790562653821 0.6873234809459448 1.2496790562652527 0.68732348094585 1.374646961892017 0.6873234809460275 2.592142847555439 0.6873234809459692 0.6873234809460192 0.687323480945901 1.3746469618919923 1.249679056265288 1.2496790562652873 1.2496790562653206 1.8577814762524523 0.6873234809459339 2.59214284755533 1.8797183685460084 1.2496790562655582 1.2496790562653952 0.6873234809459714 0.6873234809459703 0.6873234809458356 1.3746469618918233 0.0 2.5921428475553054 0.6873234809459381 1.249679056265349 0.6873234809458237 0.687323480945844 1.2496790562652074 1.2496790562652331 1.374646961891773 1.249679056265357 1.8577814762524583 0.6873234809459031 0.6873234809457668 1.3746469618919313 0.6873234809459078 0.6873234809459073 1.249679056265485 0.6873234809459405 1.2496790562651918 1.4996148675184093 0.6873234809460095 4.123940885675627 1.4262227424661906 1.249679056265266 1.374646961892012 1.2496790562653228 1.3746469618917743 0.6873234809458888 1.2496790562652675 2.592142847555468 1.8577814762522997 1.374646961891827 1.8577814762522828 0.0 1.857781476252398 0.687323480945975 0.0 1.2496790562652766 0.6873234809459113 0.6873234809459448 0.0
390.04160524323254 1.2496790562654223 1.8577814762522964 1.2496790562652587 0.687323480945912 0.0 2.5921428475555275 0.687323480945949 1.2496790562654372 1.2496790562653102 1.3746469618919728 1.6496236899189447 0.6873234809459222 1.3746469618919004 1.4262227424661964 0.6873234809460265 2.5921428475555213 1.426222742466266 1.4262227424662137 1.2496790562653624 0.687323480945859 0.6873234809459356 0.6873234809459932 1.2496790562653022 0.6873234809460863 2.5921428475554213 0.6873234809458976 1.8577814762524512 0.687323480945934 0.6873234809459637 0.6873234809460327 1.3746469618918595 2.5921428475553934 0.6873234809458857 1.8797183685461631 1.374646961891854 2.5921428475553245 1.2496790562653668 0.6873234809458354 0.0 0.6873234809460209 1.8577814762525442 0.6873234809459661 0.6873234809459232 1.24967905626553 1.2496790562654247 0.6873234809459146 0.6873234809459094 0.6873234809459007 1.2496790562653846 1.4262227424662564 0.0 0.6873234809459831 1.374646961891845 0.6873234809460079 0.0 1.2496790562652296 1.3746469618918942 1.2496790562655056 1.2496790562654223 0.0 0.6873234809459629 0.6873234809459166 2.5921428475554533 0.6873234809458515 1.2496790562654096 0.6873234809460189 2.5921428475553143 0.6873234809458402 0.6873234809459954 1.2496790562652453 0.6873234809459822 2.5921428475554498 1.857781476252448 1.8577814762524463 2.5921428475554107 0.6873234809459512 1.2496790562653755 1.249679056265215 0.6873234809459725 1.8577814762524536 0.6873234809458505 1.2496790562652405 0.6873234809459119 1.2496790562654332 1.249679056265373 1.249679056265309 0.6873234809459106 0.3436617404729644 2.5921428475553534 0.6873234809459351 0.6873234809458786 1.3746469618917865 0.6873234809459349 0.6873234809459885 0.6873234809459418 1.2496790562654438 0.6873234809460168 0.6873234809460101 1.8577814762524496 1.2496790562653382 1.4262227424662381 0.6873234809459365 1.3746469618919115 0.6873234809459404 0.6873234809459506 0.6873234809459835 1.374646961891889 2.5921428475553667 1.3746469618917778 1.85778147625248 0.6873234809459482 0.6873234809459203 1.2496790562653202 1.2496790562653164 0.6873234809459735 1.857781476252567 1.3746469618918038 1.857781476252436 0.6873234809459132 1.2496790562655038 1.3746469618918926 0.0 0.6873234809459925 1.8577814762525142 0.6873234809459491 1.8577814762523697 1.249679056265274 1.249679056265343 0.6873234809458606 1.426222742466302 0.6873234809459304 1.4262227424663683 0.6873234809458741 0.0 0.687323480945939 1.2496790562654103 0.0 0.6873234809460895 0.687323480945884 2.59214284755539
400.04160524323254 1.2496790562652909 1.2496790562651625 0.6873234809459086 0.6873234809458021 0.6873234809459431 1.8577814762523148 1.2496790562653963 0.6873234809460206 0.6873234809458881 2.5921428475554333 0.6873234809459485 1.2496790562652744 1.374646961891846 1.249679056265528 1.2496790562654216 1.4996148675184435 1.374646961891838 1.857781476252414 2.592142847555277 1.2496790562652271 0.6873234809458876 0.6873234809459309 0.6873234809459595 0.6873234809459702 2.5921428475553308 1.2496790562652207 0.0 1.8577814762525027 0.6873234809459695 1.3746469618917334 0.0 1.249679056265167 0.6873234809459585 0.6873234809460135 0.6873234809459501 1.2496790562651336 2.0994608145258087 1.249679056265292 1.249679056265408 1.3746469618917012 1.2496790562653024 0.6873234809458468 1.2496790562652518 0.6873234809459091 0.0 0.6873234809459191 0.6873234809459354 0.6873234809459686 1.2496790562652738 1.3746469618918844 1.374646961891867 0.0 1.3746469618918857 0.6873234809459113 2.5921428475553645 2.5921428475555053 0.0 0.6873234809457911 2.592142847555348 1.2496790562654188 0.6873234809459613 0.6873234809458926 0.6873234809459089 0.6873234809459632 0.6873234809458362 0.6873234809461043 1.2496790562652464 1.2496790562653863 0.6873234809458661 1.4262227424662872 0.6873234809459855 1.3746469618920014 0.6873234809458981 1.8577814762524083 1.2496790562653224 0.6873234809458875 2.5921428475552952 1.2496790562652407 1.8577814762524822 0.6873234809459665 1.2496790562652624 0.0 0.6873234809458608 0.6873234809460061 0.6873234809459321 1.3746469618917256 0.6873234809458838 1.2496790562653088 1.249679056265238 0.6873234809458755 1.2496790562653284 1.4262227424663576 3.499101357543 0.0 1.2496790562652436 0.6873234809459097 0.6873234809458524 0.687323480945941 1.3746469618919224 0.6873234809460209 1.8577814762524716 0.6873234809460779 1.426222742466137 1.4262227424663516 0.6873234809459033 1.2496790562654845 0.6873234809459321 1.3746469618917851 2.5921428475553356 0.6873234809459507 1.2496790562653501 1.24967905626537 1.3746469618918613 0.6873234809459801 0.6873234809459309 1.426222742466381 2.5921428475553827 1.2496790562655387 0.0 0.6873234809459144 1.4262227424662395 1.2496790562652162 1.249679056265265 1.8577814762525582 2.59214284755531 1.2496790562655282 0.6873234809459032 0.687323480945838 1.42622274246618 1.249679056265284 0.6873234809459624 1.374646961891824 0.6873234809459592 0.6873234809460503 0.6873234809459251 1.8577814762522644 0.0 1.249679056265497 0.6873234809459041 1.8577814762524103
410.04160524323254 1.2496790562653775 1.2496790562652837 0.6873234809459204 1.249679056265341 0.6873234809459502 1.8577814762522964 0.6873234809459461 0.6873234809459501 1.249679056265397 1.2496790562653295 1.8577814762524156 1.2496790562651634 1.249679056265299 0.6873234809460437 1.2496790562653244 0.0 1.4262227424662044 0.0 0.6873234809459573 0.6873234809459055 0.6873234809459007 1.4262227424662755 2.5921428475553694 1.2496790562651507 1.857781476252402 0.6873234809459045 0.6873234809459147 0.6873234809457562 0.6873234809459295 1.8577814762522529 1.2496790562653475 1.4262227424662102 1.374646961891909 1.2496790562653188 1.249679056265432 0.0 1.2496790562653883 1.2496790562654165 0.0 0.6873234809460542 1.2496790562654039 1.2496790562654823 0.6873234809459602 0.6873234809459975 0.6873234809460158 0.6873234809459218 0.6873234809459644 1.2496790562653763 0.6873234809459103 0.687323480945788 2.5921428475553987 1.4262227424663079 0.687323480945962 0.6873234809460425 1.2496790562652522 0.687323480945957 1.3746469618918784 1.4262227424660787 1.8577814762525275 0.6873234809459233 1.2496790562654292 1.2496790562654507 1.4262227424663056 0.687323480945847 0.6873234809459334 1.8577814762524192 1.2496790562654163 1.8577814762525076 1.3746469618918478 1.2496790562652573 1.2496790562652778 1.2496790562653273 1.2496790562654063 1.8577814762522764 0.6873234809459403 1.2496790562654791 1.2496790562653999 1.8577814762524183 1.3746469618917843 0.6873234809459452 1.2496790562653834 1.4262227424663183 0.6873234809458276 2.5921428475554844 1.2496790562653466 0.6873234809458426 0.0 1.2496790562653088 2.5921428475553743 2.592142847555335 0.6873234809459045 0.0 1.426222742466284 1.8577814762523557 0.6873234809458849 0.6873234809460652 0.6873234809458378 1.2496790562654263 1.6496236899189745 1.2496790562654516 0.6873234809459209 0.6873234809460709 1.2496790562653488 1.2496790562655122 0.6873234809458497 0.6873234809457622 1.8577814762524847 0.0 1.4262227424662235 0.687323480945939 1.2496790562652513 1.2496790562651356 0.687323480945931 0.687323480945998 0.6873234809459366 1.374646961891924 3.4991013575428913 1.2496790562653926 1.2496790562653084 1.2496790562652604 0.6873234809459449 2.592142847555271 1.2496790562652245 0.6873234809458864 0.6873234809459532 0.6873234809459654 0.6873234809459194 0.6873234809459633 0.6873234809459642 2.592142847555549 1.2496790562653775 1.8577814762525415 1.249679056265265 1.857781476252623 0.6873234809459327 0.6873234809460297 0.6873234809459707 0.0 0.6873234809459658 0.6873234809459969
420.04160524323254 0.6873234809459454 1.2496790562651754 0.6873234809459186 0.6873234809459744 0.6873234809458784 1.2496790562651303 0.6873234809459485 0.6873234809459552 0.6873234809459113 1.426222742466146 0.6873234809459238 0.6873234809458891 2.59214284755547 0.6873234809460516 0.6873234809460209 0.6873234809459964 1.3746469618918402 1.3746469618918367 1.42622274246619 1.4262227424661935 0.6873234809459473 0.6873234809458184 1.3746469618919028 0.6873234809460236 1.4262227424661647 0.6873234809458346 0.687323480945922 0.6873234809459178 1.249679056265389 1.2496790562653144 0.6873234809459374 1.2496790562652984 0.6873234809459698 1.8577814762524811 1.8577814762524403 1.249679056265196 0.6873234809459114 0.6873234809461155 1.4262227424661615 1.2496790562654352 1.3746469618918553 0.6873234809459153 1.3746469618918995 1.3746469618919268 0.6873234809458248 0.6873234809459536 1.249679056265249 1.2496790562654962 0.6873234809458632 1.6496236899189258 1.374646961891881 0.6873234809458109 1.2496790562653763 1.2496790562651703 1.3746469618919137 1.8797183685459329 1.3746469618918318 0.0 1.8797183685460348 1.4262227424663718 0.6873234809459401 0.6873234809458286 0.6873234809459473 1.2496790562654037 0.6873234809458467 1.3746469618918733 0.6873234809459071 0.6873234809459985 1.2496790562653388 1.2496790562653266 0.6873234809460055 0.6873234809458895 0.6873234809459272 0.0 0.6873234809459121 0.6873234809459082 2.592142847555401 2.592142847555249 0.6873234809460103 1.8577814762526494 0.6873234809459005 1.374646961891903 1.2496790562653568 0.6873234809459965 0.6873234809459678 0.6873234809459525 1.2496790562652365 0.6873234809458533 2.5921428475554413 1.249679056265223 0.687323480945961 1.857781476252584 1.2496790562653675 0.6873234809460547 1.2496790562653446 0.6873234809459272 0.6873234809460167 0.6873234809457923 1.2496790562652527 1.249679056265274 1.8577814762524936 0.6873234809459223 1.2496790562652782 1.4262227424663383 0.687323480946036 0.687323480945761 1.4262227424662552 2.592142847555386 1.4262227424662164 0.0 0.6873234809458945 1.2496790562655042 2.5921428475554142 1.2496790562654363 0.687323480945902 0.687323480945974 0.6873234809458606 0.6873234809460799 1.857781476252472 0.6873234809459396 0.6873234809458846 1.4262227424663463 1.857781476252436 0.6873234809458293 2.592142847555421 1.4262227424662006 0.6873234809459545 0.6873234809459333 0.6873234809459788 0.0 0.6873234809459008 1.8577814762525886 2.5921428475553236 1.8577814762524603 1.2496790562653661 1.4262227424663674 0.0 0.6873234809458826 0.6873234809459706 0.6873234809458951
430.04160524323254 1.249679056265284 2.5921428475554196 0.6873234809459338 1.2496790562655191 0.6873234809459581 1.8797183685460217 1.2496790562652913 1.2496790562651725 0.6873234809459857 1.4262227424661051 0.6873234809459001 1.2496790562653324 1.3746469618918224 0.6873234809458886 0.6873234809459052 0.6873234809458355 1.2496790562653588 0.0 1.249679056265437 1.4262227424664038 0.6873234809458678 0.6873234809459293 0.6873234809460149 1.2496790562653126 1.2496790562652427 0.6873234809460024 1.2496790562653723 2.5921428475552597 1.249679056265242 2.592142847555461 1.3746469618918982 1.3746469618919652 1.249679056265251 1.2496790562654423 0.0 1.2496790562655606 0.6873234809459648 1.8577814762525635 0.0 3.4991013575428602 1.249679056265247 2.5921428475553308 0.6873234809459156 1.374646961891865 0.6873234809459061 1.8577814762523683 0.6873234809459265 0.6873234809459281 0.6873234809459845 1.8577814762524687 1.4262227424661926 2.5921428475552357 0.0 0.6873234809460209 1.37464696189193 1.3746469618918897 0.0 1.374646961891826 1.2496790562653326 1.4262227424661011 1.2496790562653943 0.6873234809458695 0.6873234809458771 0.6873234809460025 1.2496790562652569 1.4262227424662703 0.6873234809458876 1.2496790562651752 1.8577814762524592 1.374646961892018 1.249679056265294 1.4262227424661345 1.2496790562653066 1.4262227424662326 0.6873234809459537 0.687323480945905 1.857781476252512 1.8577814762524631 1.3746469618918582 1.8577814762524476 0.6873234809459484 1.426222742466221 1.2496790562652447 1.2496790562653741 0.6873234809459086 1.857781476252513 1.8577814762525051 0.3436617404730647 0.6873234809459835 0.6873234809458323 2.592142847555409 1.4262227424662928 1.3746469618918657 2.5921428475552553 0.6873234809458946 0.6873234809458562 1.249679056265365 3.499101357543042 1.2496790562652642 1.3746469618919217 0.0 1.8577814762524396 1.2496790562653126 1.2496790562651923 1.2496790562652729 1.2496790562654465 0.6873234809459224 1.8577814762523783 1.4262227424662686 1.4262227424661158 0.6873234809459331 0.6873234809460832 0.687323480945927 0.6873234809459808 2.592142847555439 1.2496790562652824 0.687323480945897 0.6873234809458372 0.6873234809459499 1.2496790562652174 1.2496790562653635 0.6873234809459507 2.592142847555434 1.3746469618918602 0.6873234809459565 0.0 0.6873234809459684 0.6873234809458021 1.249679056265434 2.59214284755544 1.8577814762524707 0.6873234809458919 1.3746469618918893 1.8577814762523817 0.6873234809459356 0.6873234809460654 2.5921428475553316 1.249679056265439 1.249679056265398 1.4262227424662781
440.04160524323254 1.2496790562653344 1.2496790562652007 0.6873234809458617 1.2496790562652098 1.2496790562654077 1.2496790562652185 1.2496790562653917 0.6873234809460641 1.2496790562652595 1.2496790562652205 1.249679056265282 1.2496790562654303 0.0 0.6873234809459737 1.2496790562653832 1.499614867518344 0.0 2.5921428475553787 1.6496236899189738 0.6873234809458569 1.2496790562654372 1.2496790562652085 0.6873234809458618 1.2496790562655067 1.2496790562652882 0.6873234809460519 1.3746469618918347 1.8577814762525042 0.6873234809459415 0.6873234809458886 1.2496790562654188 0.0 0.6873234809459003 1.85778147625246 0.0 1.2496790562652564 0.687323480945951 0.6873234809459068 1.2496790562652742 1.857781476252583 0.6873234809459563 0.6873234809460003 0.6873234809459106 1.3746469618917834 0.6873234809459141 0.6873234809460483 0.6873234809459771 0.6873234809460824 0.6873234809459207 0.6873234809459645 1.3746469618918886 0.6873234809459948 1.3746469618918227 0.6873234809458316 0.0 1.8577814762522682 0.0 1.4262227424662317 0.3436617404729822 0.0 0.6873234809458981 0.6873234809458006 2.5921428475554023 0.6873234809459196 1.2496790562654143 1.2496790562654763 0.6873234809459768 0.6873234809458821 0.6873234809458996 1.2496790562652234 1.2496790562654347 0.6873234809460057 0.6873234809459352 1.8577814762524816 1.2496790562653113 1.2496790562652786 0.687323480945933 1.2496790562652151 1.4262227424662552 0.6873234809459102 0.6873234809459915 0.0 1.249679056265388 1.8577814762523692 1.2496790562654403 1.2496790562654774 1.2496790562652416 0.3436617404730647 0.0 1.3746469618917705 0.0 1.374646961891907 0.6873234809459012 1.857781476252663 0.6873234809459904 1.249679056265281 0.6873234809459736 1.2496790562652405 1.3746469618919206 0.6873234809458781 1.2496790562652365 0.6873234809458313 0.6873234809459776 0.0 0.6873234809459126 0.6873234809460488 1.2496790562652982 0.0 1.85778147625238 1.8577814762524232 0.6873234809459453 0.6873234809459847 0.0 0.6873234809460382 1.3746469618918151 0.687323480945809 0.0 0.687323480945948 1.3746469618918886 1.2496790562652926 0.6873234809459825 1.2496790562653184 0.6873234809460423 1.8797183685460797 1.3746469618918227 0.6873234809459311 1.8577814762524403 0.687323480945887 1.8577814762524816 1.8577814762525606 0.6873234809459122 1.3746469618917645 0.6873234809459166 1.857781476252544 1.8577814762525156 0.6873234809459602 0.6873234809459073 0.6873234809459983 0.6873234809459063 1.4262227424662683
450.04160524323254 1.8577814762524603 1.857781476252444 0.6873234809459036 1.2496790562654014 2.592142847555472 1.2496790562652411 2.5921428475553236 1.2496790562654128 1.2496790562652476 0.0 1.3746469618918837 1.8577814762524532 0.0 1.2496790562654365 1.37464696189188 1.374646961891811 1.2496790562652604 0.0 0.6873234809459212 0.6873234809460577 0.6873234809460098 0.6873234809458661 1.857781476252496 0.6873234809458835 1.4262227424662708 0.6873234809457779 1.4262227424662026 1.8577814762523757 1.2496790562654336 2.5921428475553987 0.6873234809459146 1.249679056265503 1.8577814762524927 1.2496790562653486 1.4262227424661604 2.5921428475553094 2.5921428475554373 0.6873234809458826 2.5921428475554276 1.2496790562653335 1.8577814762524056 0.6873234809459613 1.249679056265259 0.687323480945932 0.6873234809460075 0.6873234809458936 0.6873234809459364 0.6873234809458856 1.857781476252376 0.6873234809460355 1.249679056265323 0.6873234809458318 1.857781476252384 0.6873234809459157 1.3746469618919424 0.6873234809459726 1.374646961891831 0.6873234809459166 1.8577814762524503 1.3746469618919304 0.0 0.6873234809459755 1.2496790562653792 2.061970442837904 0.6873234809459718 0.6873234809459261 0.6873234809459124 0.6873234809460185 0.6873234809459444 1.374646961891881 0.6873234809460405 1.2496790562652536 1.2496790562652824 0.6873234809459068 0.6873234809458826 1.857781476252628 2.5921428475553614 1.2496790562651865 0.6873234809459476 1.4262227424662526 0.6873234809458816 0.0 1.2496790562653297 1.2496790562651323 0.6873234809459278 0.6873234809458986 1.2496790562653703 0.34366174047291265 0.6873234809459139 0.6873234809459415 0.687323480945964 0.0 1.2496790562652884 0.6873234809459688 0.6873234809458837 0.6873234809459178 0.6873234809459385 1.8577814762524527 0.6873234809458562 0.6873234809460141 1.426222742466281 0.6873234809458758 0.0 1.249679056265192 1.249679056265286 1.249679056265147 1.2496790562653664 0.0 0.0 1.2496790562653755 1.2496790562652418 1.2496790562654267 0.0 1.2496790562655082 0.6873234809459756 1.426222742466404 1.4262227424662324 0.6873234809459225 1.4262227424661647 2.5921428475555652 1.249679056265363 2.0994608145259392 1.374646961891817 2.592142847555229 1.4262227424662224 0.6873234809458986 1.2496790562653892 0.6873234809459955 1.2496790562652833 1.4262227424660858 1.2496790562653772 1.8577814762523037 1.2496790562654 2.592142847555342 1.2496790562653868 1.2496790562653244 0.6873234809459052 0.6873234809459475 0.687323480945887 1.8577814762524003
460.04160524323254 0.6873234809459672 0.6873234809458617 0.6873234809459031 0.6873234809459179 0.6873234809459142 0.0 1.2496790562653959 0.6873234809459806 0.6873234809459192 0.0 1.2496790562652804 0.6873234809459284 1.4262227424662008 1.2496790562652091 0.6873234809459935 1.2496790562651874 0.0 2.592142847555409 1.857781476252502 0.6873234809459485 0.6873234809458706 1.374646961891849 1.4996148675184207 0.6873234809460027 3.499101357543046 2.5921428475554005 1.3746469618918715 0.6873234809459302 0.687323480945904 0.0 0.6873234809459213 2.592142847555508 0.687323480945902 1.2496790562653397 1.426222742466183 1.3746469618918584 1.2496790562654383 0.6873234809459369 0.0 0.6873234809459238 1.2496790562652778 0.6873234809459449 0.6873234809459271 0.6873234809458866 0.0 1.2496790562655202 1.2496790562653795 0.6873234809459813 0.6873234809460206 0.6873234809458305 1.8577814762524123 1.2496790562652567 1.2496790562652704 1.2496790562651925 1.857781476252432 0.687323480946038 1.2496790562654043 0.6873234809461031 1.8577814762524503 0.6873234809459505 1.4996148675184837 1.2496790562654823 0.6873234809458886 0.6873234809458785 0.6873234809459133 1.24967905626546 1.2496790562653424 0.6873234809460299 0.6873234809459683 1.3746469618917732 0.6873234809458442 1.2496790562652926 0.0 0.6873234809459253 0.687323480945923 1.2496790562651656 1.249679056265406 1.249679056265382 0.0 0.0 1.2496790562653084 0.0 0.687323480945895 0.6873234809458214 0.687323480945988 0.6873234809459652 1.249679056265437 0.34366174047291265 1.2496790562654059 0.6873234809459958 0.6873234809459733 0.0 1.4262227424661407 0.6873234809459329 1.4262227424663023 1.249679056265441 0.6873234809460338 0.6873234809459045 1.2496790562653344 1.249679056265254 1.2496790562652391 1.249679056265493 1.3746469618919195 1.2496790562651858 0.6873234809458296 0.6873234809459147 0.6873234809459172 1.3746469618918975 1.2496790562652842 1.249679056265363 0.6873234809459118 1.2496790562655327 1.374646961891817 1.2496790562651272 1.2496790562653315 1.2496790562654774 2.5921428475553565 0.6873234809458438 1.2496790562652635 0.6873234809458181 1.2496790562652897 0.6873234809460465 0.0 0.6873234809459055 0.6873234809458939 0.6873234809459895 1.2496790562653608 1.249679056265433 1.374646961891855 0.6873234809458871 1.4262227424662128 1.426222742466082 1.374646961891875 1.2496790562655011 0.6873234809459752 0.6873234809459055 0.6873234809458842 1.249679056265399 0.6873234809459513 0.6873234809458036
470.04160524323254 0.6873234809458846 0.6873234809459682 0.6873234809460085 0.6873234809459463 1.2496790562652869 1.2496790562653903 0.6873234809459274 1.249679056265315 0.6873234809458966 1.2496790562652147 0.6873234809458904 0.6873234809458639 2.59214284755541 1.8577814762523401 1.3746469618919046 0.6873234809460809 1.3746469618918413 1.4262227424662097 1.2496790562652966 0.6873234809459478 0.687323480945856 0.6873234809459784 1.2496790562652433 0.687323480945839 2.5921428475552935 1.2496790562655047 0.6873234809458959 0.6873234809458961 0.6873234809458914 0.6873234809458715 0.6873234809459401 0.687323480946013 0.6873234809459794 1.8577814762525542 1.2496790562652633 0.0 1.2496790562653983 1.2496790562654785 0.0 1.8577814762524172 1.8577814762524456 0.6873234809458215 0.6873234809458887 1.3746469618918449 1.249679056265443 1.249679056265503 0.687323480945942 0.6873234809459263 1.2496790562652553 2.5921428475553343 0.0 0.0 0.6873234809458896 0.6873234809460028 1.3746469618917887 0.6873234809459424 0.0 1.4262227424661338 1.8577814762524527 0.6873234809460455 1.2496790562653943 1.2496790562655349 1.649623689919025 0.6873234809459804 1.2496790562653324 0.0 1.2496790562652569 1.2496790562652227 1.2496790562652793 0.0 0.6873234809460071 1.8577814762525147 1.2496790562653735 2.5921428475553028 2.59214284755539 1.2496790562655236 0.6873234809459662 0.6873234809459653 1.8577814762524583 0.6873234809459255 0.6873234809458626 2.592142847555484 0.6873234809459393 0.6873234809460224 0.6873234809459369 1.2496790562653415 1.2496790562652897 1.8577814762523928 0.6873234809459222 0.6873234809460651 1.8577814762524403 0.6873234809460018 1.2496790562652547 2.5921428475555 1.249679056265346 0.6873234809458667 1.2496790562653208 1.4262227424661769 1.2496790562653874 1.3746469618919082 1.4262227424662004 1.2496790562652864 1.8577814762525156 0.6873234809458288 1.2496790562653977 1.2496790562655022 1.8577814762524016 0.0 1.857781476252462 1.8577814762524907 0.6873234809459731 0.6873234809458184 1.2496790562654299 0.6873234809459774 0.6873234809458906 0.6873234809458262 2.5921428475553645 1.24967905626528 0.0 0.6873234809459627 0.687323480945933 1.4262227424661784 2.59214284755543 1.2496790562654403 0.6873234809459742 1.3746469618918218 0.6873234809459335 0.687323480945974 0.6873234809459077 0.6873234809459228 0.6873234809458897 0.0 0.0 2.59214284755542 1.249679056265393 1.249679056265462 1.857781476252456 0.6873234809459875 0.6873234809459003 0.6873234809458622
480.04160524323254 0.6873234809458971 1.4262227424661693 1.2496790562652946 1.8577814762522484 0.6873234809459824 1.4262227424660259 2.5921428475554333 0.687323480945805 0.6873234809458796 0.0 0.6873234809459217 1.249679056265373 1.6496236899189625 0.6873234809458885 1.3746469618918555 2.592142847555335 0.0 2.5921428475554835 2.5921428475553383 0.687323480945979 0.0 1.2496790562654216 1.4996148675184937 0.6873234809460019 1.4262227424662957 0.6873234809458766 0.6873234809459239 2.5921428475553148 1.2496790562652436 0.6873234809459285 0.6873234809459086 1.249679056265349 0.6873234809459448 2.5921428475552375 1.4262227424661666 0.0 0.0 1.2496790562651945 2.5921428475553374 1.8577814762525031 2.5921428475553387 0.6873234809458866 0.6873234809458799 2.5921428475552557 1.2496790562652627 1.2496790562654159 0.6873234809459087 1.2496790562655196 0.6873234809459465 1.2496790562651543 1.4262227424661704 0.0 0.6873234809459365 1.249679056265185 2.5921428475553228 1.249679056265313 0.6873234809459173 1.4262227424661704 0.3436617404729233 0.6873234809459081 1.8577814762524991 1.2496790562653513 0.6873234809458908 0.6873234809458524 1.2496790562654343 0.6873234809459168 0.0 0.6873234809457761 1.2496790562653746 1.374646961891957 0.6873234809458586 1.2496790562653337 1.8797183685460457 0.0 0.6873234809459511 0.6873234809459694 1.3746469618918424 0.6873234809460277 1.3746469618919275 0.6873234809459723 0.6873234809458766 0.0 0.6873234809459552 0.6873234809459047 0.6873234809459653 0.6873234809458988 0.6873234809459146 0.3436617404730612 1.2496790562653652 0.6873234809459111 0.687323480945967 1.3746469618917139 1.4262227424662084 0.6873234809459454 1.2547300488120852 0.6873234809460562 1.8577814762524683 0.6873234809459916 0.0 0.6873234809458992 0.6873234809459815 0.6873234809459372 0.0 0.6873234809459354 0.0 0.6873234809459461 1.2496790562652504 1.3746469618918769 2.5921428475553543 0.6873234809460472 1.249679056265271 0.6873234809459283 0.687323480945847 0.6873234809459156 0.6873234809459805 1.24967905626544 1.2496790562653912 1.374646961891945 0.0 2.592142847555327 0.6873234809459471 1.857781476252536 1.8577814762524747 0.6873234809459425 0.6873234809459052 0.6873234809460245 1.8577814762525566 0.6873234809458454 0.6873234809459301 1.8577814762523441 0.6873234809459725 1.3746469618919508 0.0 0.6873234809458503 1.2496790562653954 0.6873234809459338 1.2496790562652933 0.0 1.8577814762523788 1.2496790562651783
490.04160524323254 1.249679056265412 0.6873234809458989 0.6873234809459141 1.2496790562654223 0.6873234809459536 0.6873234809460071 0.687323480945981 0.6873234809458817 1.2496790562652478 1.8577814762524352 0.6873234809459419 1.249679056265135 2.592142847555429 1.8577814762523408 1.3746469618918273 1.2496790562652265 0.0 1.426222742466235 1.2496790562653606 1.3746469618918236 0.6873234809459532 0.6873234809457608 1.2496790562652502 1.2496790562655584 1.4262227424662597 0.6873234809458478 1.8577814762524272 0.6873234809459953 0.6873234809459168 0.6873234809460009 0.6873234809459896 0.6873234809458995 0.6873234809459084 1.2496790562653242 0.0 1.8577814762523457 0.6873234809459366 0.6873234809459071 1.4262227424662561 1.2496790562654714 0.0 1.2496790562652011 1.2496790562653048 0.6873234809460101 0.6873234809460219 1.2496790562655224 0.6873234809459772 0.6873234809458862 0.6873234809459003 0.6873234809458321 1.3746469618918353 0.0 2.5921428475553827 0.6873234809459784 1.2496790562653388 1.2496790562654598 1.2496790562652949 1.4262227424661007 0.3436617404729828 0.687323480945942 0.6873234809459071 1.3746469618918549 0.6873234809459755 1.249679056265159 0.6873234809459537 0.6873234809458524 0.0 0.6873234809459428 2.592142847555361 0.6873234809459599 0.6873234809458459 2.592142847555349 1.4996148675184429 0.0 1.8797183685459797 1.2496790562654232 0.6873234809459097 0.687323480945973 0.6873234809459998 1.2496790562651907 0.6873234809459033 1.249679056265473 0.6873234809458436 0.6873234809460063 0.6873234809458846 0.6873234809458926 1.2496790562652544 2.5921428475555714 0.6873234809459431 0.6873234809460453 0.687323480945918 1.3746469618918957 1.249679056265329 0.687323480945948 0.6873234809459698 1.4262227424661185 0.6873234809458648 1.2496790562652529 1.2496790562653426 0.6873234809460929 0.6873234809459352 0.6873234809458111 0.6873234809459287 0.687323480946045 0.6873234809459136 0.6873234809458467 0.6873234809458906 1.374646961891957 1.8577814762524671 1.249679056265402 1.2496790562652733 0.6873234809458771 1.2496790562652331 0.687323480945917 0.6873234809459756 1.2496790562651863 1.857781476252488 0.6873234809460094 0.687323480945936 0.0 1.2496790562654247 1.2496790562653661 1.2496790562653384 2.5921428475551855 1.8577814762524911 1.2496790562654532 0.6873234809459615 0.6873234809459418 0.6873234809459274 1.8577814762523863 0.6873234809459448 1.3746469618917878 0.0 1.2496790562654843 1.2496790562654214 1.2496790562654831 1.4262227424661675 1.2496790562655182 1.2496790562653117 1.249679056265209
500.04160524323254 0.6873234809459665 0.6873234809459094 0.6873234809458592 0.687323480945892 0.0 1.4262227424663896 1.249679056265383 0.6873234809459405 0.6873234809459339 1.3746469618918815 0.6873234809459685 1.2496790562652806 0.6873234809459332 1.2496790562652238 0.0 0.6873234809459509 1.2496790562653968 0.0 1.2496790562654287 1.2496790562651872 1.8577814762524496 1.2496790562653144 1.2496790562652864 1.2496790562654652 1.8577814762524991 0.6873234809460761 1.8577814762525047 0.6873234809459046 1.2496790562653253 0.0 1.3746469618918873 1.2496790562653235 0.6873234809459076 2.5921428475552335 2.59214284755535 0.0 1.2496790562653604 0.6873234809460226 1.249679056265263 1.3746469618918433 0.0 0.6873234809458126 0.6873234809459073 1.37464696189189 2.592142847555383 0.6873234809457767 0.6873234809459238 1.249679056265483 0.6873234809458549 1.2496790562652687 1.4262227424661258 1.2496790562655 2.5921428475554817 1.8577814762524016 0.0 0.6873234809459822 2.5921428475554626 1.4262227424663687 0.3436617404729828 1.249679056265267 0.6873234809459183 0.6873234809458879 0.6873234809459234 1.2496790562651805 1.249679056265266 0.6873234809458472 0.0 1.2496790562652005 0.6873234809460287 1.426222742466262 1.2496790562653344 0.6873234809460376 2.5921428475553054 0.6873234809458391 1.3746469618918653 1.2496790562653985 0.6873234809459705 0.68732348094596 0.6873234809460215 1.2496790562653846 1.249679056265248 1.4262227424664113 0.6873234809459472 0.6873234809459144 0.0 1.2496790562653148 1.2496790562652853 0.3436617404730612 0.687323480945919 1.249679056265236 1.2496790562653244 0.6873234809459032 1.426222742466294 0.687323480945963 0.6873234809458876 1.2496790562651903 0.6873234809459522 2.5921428475555928 1.2496790562653932 0.687323480945872 0.6873234809459344 0.6873234809458758 0.687323480945946 0.6873234809457973 0.6873234809459707 1.2496790562651265 0.6873234809458914 1.3746469618917119 1.3746469618919064 1.2496790562654319 0.6873234809459444 1.4262227424661233 0.6873234809459405 1.2496790562654332 1.249679056265347 0.6873234809459445 1.3746469618917692 0.6873234809460237 1.857781476252414 1.8577814762524807 0.6873234809458985 0.6873234809460355 0.0 0.6873234809459731 1.2496790562652784 2.592142847555538 1.2496790562652393 1.249679056265214 1.2496790562654163 0.6873234809459335 1.2496790562654232 1.4262227424661247 0.0 1.249679056265404 0.687323480945929 0.6873234809458265 1.3746469618919022 0.6873234809459542 1.2496790562653914 0.6873234809459035
510.04160524323254 1.4262227424661633 1.2496790562651907 0.6873234809459353 1.249679056265426 1.2496790562654303 1.2496790562655011 0.687323480945952 0.6873234809459188 0.6873234809459469 0.0 0.6873234809459315 0.6873234809460554 0.6873234809459883 1.2496790562652724 0.0 1.8577814762524687 0.0 1.2496790562651847 1.2496790562652407 1.2496790562652413 1.2496790562653202 0.6873234809458522 1.4262227424662153 0.6873234809457739 0.0 0.6873234809460091 0.687323480945974 0.6873234809459485 0.6873234809458827 1.8797183685458765 0.6873234809459794 0.6873234809458485 0.6873234809459712 1.3746469618917645 1.4262227424661928 1.4262227424662577 0.6873234809459685 1.2496790562653306 1.2496790562654172 2.592142847555467 1.8577814762525375 0.6873234809460042 1.2496790562654245 0.6873234809459515 0.6873234809460051 0.6873234809460386 1.2496790562653166 0.6873234809460342 1.249679056265252 2.592142847555434 0.0 1.8577814762525555 0.6873234809459076 2.59214284755522 1.8797183685460477 0.687323480945935 1.2496790562653501 2.59214284755523 0.624839528132586 1.2496790562653801 1.8577814762523996 0.6873234809459384 1.249679056265239 0.6873234809459926 1.2496790562653306 1.8577814762524083 1.2496790562654387 0.0 0.6873234809459705 0.0 0.6873234809459344 0.6873234809460228 1.249679056265266 1.426222742466195 0.687323480945936 0.6873234809459091 1.4262227424662535 1.426222742466106 1.4262227424662501 0.6873234809458522 0.6873234809459209 1.3746469618918389 0.6873234809458946 0.6873234809459591 0.6873234809459162 0.6873234809459469 0.0 0.624839528132564 2.5921428475554817 1.2496790562653626 0.6873234809459586 1.3746469618919066 1.2496790562653124 1.2496790562652536 0.6873234809458952 1.2496790562653421 0.6873234809459431 0.6873234809459207 1.8577814762524822 0.687323480946039 0.6873234809459204 1.8577814762524048 1.249679056265308 0.6873234809458889 1.2496790562652604 0.687323480946078 1.2496790562652995 1.426222742466349 1.4262227424661722 1.85778147625258 1.2496790562652498 1.249679056265471 0.6873234809459081 1.2496790562653324 0.6873234809459287 0.6873234809459059 1.249679056265375 1.249679056265138 0.6873234809459476 1.2496790562653364 1.4262227424661584 0.687323480945949 1.3746469618919641 0.6873234809459149 0.6873234809459275 1.3746469618918222 0.6873234809459606 1.2496790562654363 1.4262227424662166 1.2496790562653048 0.6873234809459855 0.0 1.24967905626538 1.6496236899189696 2.5921428475554 0.6873234809458021 0.6873234809459201 0.6873234809459765 0.6873234809459219 0.6873234809458889
520.0416052432325 1.2496790562654132 0.0 1.249679056265421 0.6873234809459904 1.2496790562654327 1.2496790562652842 1.2496790562654385 0.6873234809458968 0.6873234809458915 1.2496790562652353 0.6873234809459517 1.2496790562651885 0.6873234809458937 1.2496790562654496 0.0 0.6873234809458743 0.6873234809459359 1.3746469618919532 1.249679056265357 0.6873234809459053 0.6873234809459595 0.6873234809459664 1.4262227424662584 0.6873234809458987 0.6873234809458985 0.6873234809458877 0.6873234809459128 1.8577814762524423 0.6873234809459023 1.8577814762524192 0.6873234809459515 1.857781476252478 0.6873234809459667 0.0 0.687323480945891 1.8577814762525386 0.6873234809459076 1.8577814762523597 0.6873234809459652 0.6873234809458756 1.6496236899188956 1.2496790562654632 1.3746469618919195 2.592142847555564 1.2496790562653501 0.6873234809459948 2.5921428475553574 1.2496790562652207 1.249679056265286 1.426222742466352 0.0 1.4262227424662957 0.6873234809459146 0.6873234809458201 2.099460814525734 1.2496790562651883 0.6873234809459038 0.6873234809459793 0.3436617404729345 0.6873234809459133 0.6873234809459321 1.374646961891905 0.6873234809459305 0.6873234809459805 0.6873234809459662 0.6873234809458496 1.857781476252432 1.8577814762523608 0.0 0.6873234809459645 1.8577814762524223 0.6873234809460472 1.4262227424663 1.8577814762525027 1.2496790562652904 1.2496790562653168 2.592142847555302 2.592142847555502 1.3746469618917947 1.2496790562651878 1.2496790562653337 2.592142847555352 1.2496790562653404 1.2496790562655267 0.6873234809459272 0.6873234809459875 0.0 0.624839528132564 1.4262227424661857 2.592142847555473 1.8577814762524087 0.0 1.857781476252522 1.2496790562651865 2.5921428475554826 1.2496790562651647 1.6496236899188534 1.2496790562653597 1.2496790562652351 0.6873234809460333 0.6873234809459648 2.592142847555447 1.4262227424661813 1.2496790562654219 0.6873234809459284 1.2496790562652693 1.857781476252544 0.0 0.0 0.6873234809459474 0.6873234809459876 0.6873234809459058 1.8577814762523723 0.6873234809458709 0.6873234809459022 0.6873234809459215 1.2496790562652789 0.6873234809457928 1.2496790562652353 1.3746469618919432 0.6873234809459604 1.4262227424662315 1.4262227424661569 0.6873234809459909 1.4262227424662324 0.0 1.2496790562653743 1.2496790562654818 1.4996148675184158 1.2496790562652396 1.2496790562652424 1.8577814762525726 1.4262227424662623 0.6873234809460151 1.2496790562653124 1.2496790562654883 0.0 0.6873234809459505 0.6873234809459101 0.6873234809459573
530.0416052432325 0.6873234809459152 0.6873234809459206 1.2496790562653017 0.6873234809460141 0.6873234809458976 0.6873234809458338 2.592142847555368 1.2496790562654443 0.6873234809459104 1.6496236899191024 0.6873234809459481 0.6873234809458836 1.2496790562653965 0.6873234809459016 1.3746469618917851 1.8577814762524576 0.6873234809459196 1.8577814762524032 1.2496790562652766 1.249679056265479 0.0 0.6873234809459109 2.5921428475553703 0.6873234809458831 1.2496790562654123 0.687323480945938 0.6873234809459795 0.6873234809459384 0.6873234809459488 1.4262227424661968 1.2496790562652862 0.6873234809459664 1.4262227424661755 0.6873234809459867 1.2496790562653286 1.4262227424662957 0.6873234809459575 0.6873234809459465 0.687323480945894 1.249679056265225 0.0 2.5921428475554453 1.8577814762524412 1.2496790562652096 1.2496790562654316 1.8577814762523517 1.8577814762524811 0.6873234809459945 0.6873234809459422 0.6873234809459763 0.0 1.4262227424662894 0.6873234809459167 0.6873234809459476 2.592142847555415 1.4262227424663503 1.249679056265387 1.2496790562653888 0.3436617404729345 1.2496790562652924 0.6873234809459905 0.0 1.249679056265285 0.6873234809459317 0.6873234809458905 1.2496790562652216 0.6873234809459162 0.0 1.4262227424662572 1.4262227424663423 1.2496790562653013 0.6873234809459541 1.8577814762524743 0.6873234809458327 1.2496790562653957 0.6873234809460075 1.8577814762524882 0.6873234809459446 1.374646961891804 2.59214284755531 1.2496790562653541 1.4262227424663043 0.6873234809460215 0.6873234809458646 0.6873234809459076 2.5921428475554693 1.249679056265386 0.624839528132564 0.6873234809459036 1.8577814762524008 1.2496790562653497 1.2496790562651625 1.426222742466247 0.6873234809460687 1.4996148675185006 0.6873234809459677 1.4996148675183578 1.2496790562653373 1.374646961891917 0.6873234809458105 1.6496236899189458 1.3746469618919201 0.6873234809459556 0.6873234809459002 0.6873234809460174 1.3746469618918529 1.4262227424662517 0.0 1.426222742466239 1.2496790562654223 0.6873234809459029 1.249679056265124 1.4262227424662743 0.6873234809458971 0.6873234809459624 0.6873234809460236 2.592142847555273 1.2496790562652011 0.6873234809459441 1.2496790562652478 1.8577814762524132 2.5921428475552477 1.4262227424661744 0.6873234809459335 1.2496790562653728 1.4262227424660952 0.687323480945925 1.8577814762525935 0.0 0.6873234809459936 0.6873234809459314 1.249679056265434 0.6873234809459773 0.0 1.4262227424662273 1.3746469618917645 1.4262227424661529 1.2496790562654074 1.8577814762524343 0.6873234809459785
540.0416052432325 0.6873234809459171 0.6873234809459171 0.6873234809459631 0.6873234809459525 2.5921428475554333 1.857781476252554 1.8577814762525056 0.0 1.2496790562652764 1.374646961891808 1.3746469618918467 0.6873234809458201 0.6873234809459686 0.6873234809459092 0.0 1.4262227424661724 0.6873234809458928 1.3746469618918427 0.6873234809459225 1.2496790562652063 0.6873234809460058 0.6873234809458881 0.6873234809459354 0.687323480945964 1.249679056265305 1.2496790562653428 0.6873234809458935 0.6873234809458799 0.6873234809458919 1.3746469618919366 2.5921428475554062 1.2496790562654831 2.5921428475553423 2.592142847555419 0.6873234809459934 0.0 0.6873234809459156 1.8577814762525842 1.249679056265432 1.2496790562652482 1.2496790562652667 2.592142847555449 0.0 1.2496790562652271 0.6873234809460202 0.6873234809459099 1.2496790562653821 1.2496790562651778 1.2496790562653666 1.2496790562652675 1.2496790562652746 1.374646961891887 1.2496790562652702 1.2496790562653137 2.592142847555466 2.5921428475554817 2.5921428475554484 2.5921428475555275 0.6248395281326156 0.0 1.8577814762524771 0.6873234809459009 1.2496790562653433 1.249679056265199 1.2496790562652453 1.2496790562655107 0.6873234809459238 1.8577814762525067 1.3746469618918389 0.6873234809459094 1.2496790562652769 1.249679056265208 1.2496790562653106 1.2496790562653273 0.6873234809459772 0.6873234809458724 0.6873234809459088 1.2496790562651805 1.4262227424662284 1.2496790562654618 1.2496790562653823 1.374646961891879 0.6873234809458766 0.6873234809459422 0.6873234809459452 1.8577814762526186 2.5921428475553854 0.34366174047294235 0.6873234809458834 1.8577814762524671 1.6496236899190138 0.6873234809459747 1.374646961891925 0.6873234809459664 0.0 0.6873234809458968 0.6873234809459305 0.6873234809459483 1.426222742466278 0.687323480945891 0.0 1.2496790562654478 0.6873234809459329 0.6873234809458685 0.6873234809458906 0.687323480945977 1.4262227424662648 0.0 1.3746469618918715 1.249679056265462 1.85778147625243 1.249679056265141 1.374646961891897 0.687323480946016 0.6873234809459405 0.687323480946064 1.3746469618918171 1.3746469618917792 0.6873234809459714 1.8577814762525755 0.687323480945975 0.687323480945998 1.857781476252466 1.857781476252476 0.6873234809459374 1.37464696189191 0.6873234809459524 1.249679056265326 1.426222742466233 0.6873234809458937 0.6873234809459038 1.857781476252482 1.249679056265282 0.6873234809460059 0.6873234809459473 0.687323480945827 1.249679056265343 1.2496790562651554 0.6873234809459461 0.6873234809458938
550.0416052432325 1.2496790562653275 0.687323480945983 0.6873234809459777 1.2496790562654432 1.2496790562652984 0.6873234809458961 2.59214284755546 0.6873234809459111 1.249679056265417 1.8577814762525287 0.6873234809459606 0.6873234809458266 0.6873234809459581 0.6873234809459048 1.426222742466146 0.6873234809458215 1.2496790562654154 0.0 0.687323480945899 0.6873234809459455 1.2496790562652995 1.2496790562653814 1.4996148675183814 0.6873234809459601 0.6873234809459101 0.6873234809458875 0.6873234809459144 1.2496790562654307 0.6873234809459046 2.592142847555455 1.2496790562653692 0.6873234809460208 1.2496790562653115 0.6873234809460249 0.6873234809459847 1.4262227424660565 0.6873234809458868 1.249679056265233 0.6873234809459109 0.6873234809458424 0.687323480945942 0.6873234809458151 0.6873234809459515 1.426222742466066 1.2496790562652664 1.24967905626542 1.2496790562652984 0.6873234809460353 1.2496790562654363 0.6873234809458919 0.6873234809459295 1.4262227424661145 0.6873234809459235 1.2496790562653304 1.3746469618918167 0.687323480945888 0.6873234809459273 0.6873234809459423 1.3746469618918633 1.4262227424663387 1.8797183685459913 1.2496790562652154 0.687323480945966 0.6873234809458796 0.6873234809459765 0.6873234809459841 0.6873234809459056 1.2496790562653304 0.0 1.2496790562652882 2.5921428475553294 0.6873234809458922 0.687323480945897 0.6873234809458235 0.6873234809458993 1.2496790562652802 0.6873234809459506 1.499614867518322 1.3746469618919457 0.6873234809457847 0.6873234809459334 1.3746469618919313 0.6873234809459131 1.249679056265376 0.6873234809459482 1.2496790562654567 1.2496790562653775 0.34366174047294235 1.2496790562652598 0.687323480945976 0.0 0.6873234809459152 0.6873234809458897 0.6873234809457873 1.4262227424662 0.6873234809458743 1.2496790562653182 0.6873234809460232 0.0 0.6873234809460063 0.687323480945888 0.6873234809458026 1.4996148675184986 0.6873234809460637 1.2496790562653282 1.2496790562654734 1.8577814762524008 3.4991013575427505 1.857781476252474 1.3746469618919122 1.4262227424662717 0.6873234809459078 2.5921428475553747 0.6873234809459124 0.687323480945967 0.6873234809458257 1.8577814762523417 0.6873234809459551 2.592142847555318 0.0 0.6873234809459519 0.6873234809459428 1.2496790562653326 0.687323480945931 1.249679056265349 0.0 1.8577814762524267 0.6873234809459505 1.426222742466239 0.0 1.249679056265382 0.0 1.2496790562654259 0.6873234809460042 1.8577814762524392 1.6496236899187953 0.6873234809459279 1.2496790562653726 1.249679056265325 0.687323480946035
560.0416052432325 1.2496790562654017 1.2496790562651177 1.3746469618918546 1.2496790562652493 0.6873234809459248 1.2496790562651887 1.2496790562653064 0.6873234809458615 2.061970442837855 1.2496790562654512 0.6873234809458907 1.2496790562653646 1.2496790562653475 0.0 1.4262227424661964 1.2496790562653257 1.6496236899189072 0.0 1.3746469618918473 0.6873234809459151 1.857781476252474 0.6873234809458157 0.6873234809459579 0.6873234809458477 1.2496790562653952 1.2496790562653155 1.2496790562652884 1.2496790562654738 1.2496790562653721 0.0 0.6873234809459106 1.2496790562655047 0.6873234809459878 1.4262227424662746 0.68732348094599 1.3746469618918953 0.6873234809459735 0.6873234809458448 0.6873234809459585 1.3746469618918389 0.6873234809459295 0.6873234809460625 0.6873234809459576 1.3746469618918942 0.0 0.6873234809459096 0.0 0.6873234809459916 0.6873234809458879 1.2496790562653741 1.4262227424661416 1.857781476252512 1.4262227424662004 0.0 1.426222742466088 1.4262227424663758 0.6873234809459859 1.2496790562651723 2.5921428475554458 0.6873234809459335 1.2496790562653146 0.6873234809458302 0.6873234809459572 0.6873234809458696 0.6873234809460308 0.6873234809458542 0.6873234809459207 0.6873234809459084 1.3746469618918828 1.374646961891874 1.8577814762524512 0.6873234809459292 0.6873234809458993 0.6873234809458818 0.68732348094593 0.687323480945906 0.6873234809458916 0.0 0.0 1.8577814762525606 1.8577814762525515 0.0 1.426222742466301 0.6873234809459501 0.0 0.6873234809459604 1.2496790562652642 1.2496790562654538 0.6873234809459356 0.6873234809459055 0.6873234809459453 0.6873234809459383 1.8577814762523837 0.6873234809459932 0.6873234809459919 0.6873234809460105 1.2496790562652778 2.5921428475553516 1.2496790562653919 2.5921428475554773 1.3746469618918293 2.5921428475555173 1.249679056265419 0.6873234809458917 1.4262227424661964 0.0 1.857781476252438 2.5921428475553445 0.0 2.5921428475553414 1.2496790562653166 0.6873234809460369 0.0 0.6873234809458588 1.4262227424661467 0.6873234809458152 0.0 1.4262227424660519 1.3746469618919124 1.2496790562654216 0.6873234809459208 0.6873234809460492 0.6873234809459262 1.426222742466092 0.6873234809459551 1.426222742466218 1.4262227424662088 0.6873234809459221 0.6873234809459414 0.6873234809458393 0.6873234809459602 1.8577814762524196 2.5921428475554174 0.6873234809459609 0.6873234809459422 0.6873234809458737 0.6873234809458971 0.6873234809460665 0.6873234809459373 1.3746469618917652
570.0416052432325 0.6873234809459287 0.6873234809459693 1.2496790562652904 1.2496790562654345 1.8797183685460184 1.4262227424661584 2.5921428475554618 0.6873234809458868 0.6873234809458975 1.2496790562655256 0.687323480945948 1.2496790562652669 1.249679056265422 0.6873234809459361 0.6873234809459771 1.426222742466397 1.857781476252424 2.5921428475552615 0.6873234809458905 1.8577814762524392 0.68732348094594 0.6873234809459183 1.2496790562653688 0.6873234809459335 2.592142847555486 1.2496790562652764 0.6873234809459672 0.6873234809459695 1.8577814762524612 0.0 0.6873234809459196 0.0 1.2496790562652607 0.6873234809459594 0.6873234809459524 0.0 1.249679056265319 1.6496236899189995 0.6873234809459484 1.37464696189191 0.687323480945997 0.6873234809458932 1.249679056265415 2.5921428475553414 1.8577814762524263 0.6873234809459196 1.3746469618919048 0.68732348094582 1.2496790562653897 0.6873234809458425 1.857781476252406 0.0 0.6873234809459683 1.8577814762522857 1.4996148675183913 1.499614867518521 1.2496790562654247 1.2496790562651556 1.2496790562652578 0.6873234809458794 1.2496790562653954 1.2496790562654219 0.6873234809459482 1.3746469618918198 1.2496790562652758 0.6873234809459084 1.8577814762523968 0.6873234809459212 1.4262227424662668 1.2496790562653113 1.249679056265436 0.6873234809459932 0.6873234809459172 0.687323480946075 2.592142847555418 1.249679056265214 0.6873234809459202 1.8577814762524911 1.2496790562652753 1.374646961891816 0.0 1.8577814762525062 0.6873234809459472 0.6873234809460469 1.24967905626527 0.6873234809460114 1.249679056265421 0.6248395281325149 0.687323480945917 1.3746469618919985 1.374646961891876 1.8577814762525946 1.85778147625249 1.4262227424661238 2.592142847555367 1.2496790562652031 0.6873234809459332 0.6873234809459715 2.5921428475552974 1.2496790562651385 0.0 1.857781476252524 0.6873234809459862 0.6873234809458993 1.3746469618918584 0.0 0.6873234809459176 0.6873234809458979 0.0 3.4991013575427545 0.6873234809458829 0.6873234809459546 1.4262227424663338 1.2496790562651758 0.6873234809459693 0.6873234809459156 1.3746469618918709 1.3746469618917347 1.2496790562652458 1.2496790562654643 1.2496790562653277 1.249679056265265 0.687323480945845 0.6873234809459565 2.592142847555443 1.8577814762524123 0.6873234809459001 0.687323480945819 1.426222742466239 1.2496790562652724 0.6873234809459754 1.249679056265385 0.6873234809459607 1.4262227424662992 1.8577814762525262 0.6873234809460257 0.6873234809459656 0.6873234809459643 1.2496790562653692 2.5921428475553774
580.0416052432325 0.6873234809459305 0.687323480945848 0.6873234809458793 0.6873234809459193 1.2496790562653426 1.249679056265369 1.2496790562653415 1.2496790562652524 0.6873234809459478 1.8577814762526121 0.6873234809459136 0.6873234809459825 1.8577814762523857 0.6873234809459604 1.2496790562652604 0.6873234809459835 1.2496790562653823 1.374646961891973 0.6873234809459245 0.0 0.6873234809459605 0.6873234809458701 1.2496790562653723 0.6873234809459458 1.2496790562653963 1.249679056265436 1.2496790562653302 1.2496790562651772 0.6873234809459268 1.374646961891887 0.687323480945893 1.3746469618919237 0.6873234809458966 0.6873234809460279 0.6873234809459267 1.3746469618918118 1.2496790562653919 1.2496790562655151 1.2496790562654139 1.2496790562653037 0.6873234809459826 0.6873234809460401 0.6873234809458953 1.3746469618920134 1.249679056265413 1.2496790562654039 1.2496790562654094 0.6873234809459334 1.4262227424662712 1.374646961891917 1.8577814762524203 0.0 0.687323480945962 1.249679056265378 0.0 0.0 0.6873234809459127 1.2496790562653959 1.8577814762524807 0.6873234809458771 1.2496790562653604 1.2496790562654523 1.2496790562652322 0.0 1.2496790562653493 1.2496790562651325 1.2496790562653142 2.5921428475555888 1.3746469618918515 0.0 1.4262227424662326 0.6873234809460734 0.6873234809459625 1.2496790562654065 1.8577814762524487 1.249679056265139 0.6873234809459415 0.0 0.0 0.6873234809458694 1.2496790562653424 0.6873234809457957 0.0 0.6873234809458975 0.6873234809459339 0.6873234809458977 1.24967905626529 0.34366174047292053 0.6873234809459555 1.857781476252506 0.687323480945916 1.3746469618919526 1.4262227424662053 2.5921428475553734 1.2496790562653664 1.2496790562653477 1.2496790562652764 2.5921428475552073 2.0994608145257883 1.2496790562653584 1.3746469618918482 1.2496790562652773 0.6873234809458811 0.6873234809459169 1.3746469618918185 0.0 1.2496790562653277 1.8577814762523357 1.857781476252438 1.2496790562652054 0.6873234809459706 0.6873234809459442 1.8577814762524731 1.249679056265352 0.0 0.687323480945983 1.2496790562653652 1.3746469618919166 1.2547300488120818 2.592142847555455 0.6873234809459396 1.857781476252472 1.8577814762525182 0.0 1.2496790562653264 1.6496236899191041 1.2496790562653892 1.6496236899191008 1.4262227424663139 2.592142847555375 1.2496790562652444 1.4262227424663578 1.2496790562652949 0.0 0.0 0.6873234809459595 0.6873234809459655 0.6873234809458383 1.2496790562654063 0.6873234809459623
590.0416052432325 1.2496790562653857 1.2496790562651932 0.6873234809459274 0.6873234809459466 0.6873234809459003 0.6873234809459378 0.6873234809458784 1.2496790562654123 0.6873234809459673 1.8577814762524911 1.2496790562654014 0.0 1.2496790562653308 0.6873234809458851 0.0 1.24967905626536 0.687323480945972 0.0 0.6873234809459761 1.3746469618918804 1.857781476252376 1.2496790562654565 1.4996148675184442 0.0 0.3436617404729181 1.2496790562652305 1.249679056265348 2.592142847555211 0.6873234809459555 1.3746469618918307 1.3746469618918271 1.857781476252458 2.5921428475553046 1.2496790562655042 1.2496790562654014 1.3746469618917612 0.6873234809459894 0.6873234809459503 0.6873234809459052 0.6873234809460597 0.6873234809459691 0.6873234809459358 0.6873234809459515 0.0 2.592142847555313 1.249679056265267 0.6873234809459241 0.6873234809459224 0.0 0.0 1.2496790562652904 1.3746469618919506 0.6873234809459359 0.6873234809459801 1.426222742466198 1.4262227424662144 0.6873234809458905 0.6873234809458987 1.4262227424662164 0.6873234809459905 2.5921428475554453 1.4262227424662828 1.2496790562652995 1.374646961891934 0.6873234809459736 0.6873234809459772 0.687323480945951 0.6873234809459223 1.3746469618919033 2.5921428475555124 1.4262227424661948 1.2496790562652664 0.6873234809459037 1.857781476252476 1.4262227424662433 1.249679056265233 0.6873234809458884 0.6873234809459625 0.0 0.687323480945981 1.249679056265275 0.0 1.24967905626524 0.6873234809457824 0.0 0.687323480945929 1.374646961891892 1.249679056265238 0.6873234809459522 0.6873234809459342 0.6873234809459048 0.0 2.5921428475554773 1.4262227424663938 0.6873234809458976 0.6873234809459272 0.6873234809459772 0.6873234809459247 0.0 0.6873234809457934 0.6873234809458904 0.6873234809459101 1.426222742466271 1.249679056265196 1.3746469618918133 1.426222742466316 1.2496790562653723 1.2496790562652669 1.3746469618918629 1.2496790562654145 0.6873234809458906 0.687323480945914 1.4262227424662883 1.249679056265408 1.249679056265285 0.6873234809459938 1.8577814762523832 1.8577814762524212 0.0 0.0 0.6873234809459686 0.0 1.2496790562653424 0.6873234809459785 0.6873234809459116 0.0 1.2496790562653743 2.5921428475553223 0.6873234809459836 0.6873234809459737 0.6873234809459255 0.6873234809459494 0.6873234809459535 1.2496790562654898 0.6873234809459272 1.249679056265374 1.2496790562654023 2.5921428475552113 0.6873234809459291 1.2496790562654017
600.0416052432325 0.6873234809459828 0.6873234809459011 1.2496790562652613 1.2496790562654738 1.857781476252512 1.2496790562651925 1.2496790562653768 0.6873234809459204 1.2496790562652493 0.0 1.249679056265327 0.6873234809459575 1.8577814762525116 0.6873234809459177 0.0 1.4262227424663503 0.6873234809458959 1.2496790562653406 0.6873234809459667 2.5921428475555213 1.249679056265315 0.6873234809458816 0.0 0.0 0.6248395281326741 1.2496790562652502 0.6873234809459406 0.6873234809459202 0.6873234809459385 1.4262227424662288 1.2496790562653903 1.3746469618918011 2.5921428475553716 0.6873234809460089 0.6873234809458906 0.6873234809458739 0.6873234809459718 0.6873234809459445 1.2496790562653688 1.2496790562654878 1.2496790562652582 0.6873234809459416 1.8577814762524436 1.374646961891937 0.0 0.6873234809459241 2.592142847555315 1.2496790562652924 0.6873234809459886 1.2496790562653046 0.6873234809459207 1.8577814762523908 0.0 0.6873234809459159 2.592142847555408 1.2496790562654865 0.6873234809459492 1.249679056265542 0.0 0.687323480945967 0.0 1.8577814762525402 1.249679056265437 0.6873234809459885 1.2496790562654183 0.6873234809458688 1.857781476252402 0.6873234809460036 0.0 1.3746469618918784 0.6873234809459269 2.592142847555406 2.592142847555408 1.8577814762522664 0.6873234809459267 1.3746469618919455 0.6873234809459335 1.8577814762523592 1.3746469618918165 1.2496790562654803 0.6873234809458649 2.592142847555393 0.0 1.4262227424663072 0.6873234809459103 0.687323480945811 1.2496790562654183 1.4262227424661804 0.6873234809459228 0.6873234809459156 0.6873234809459512 1.4262227424661804 1.426222742466226 2.592142847555194 0.6873234809459323 1.4262227424661444 1.4262227424661396 1.2496790562651623 1.4262227424662737 1.2496790562651918 1.3746469618918506 2.592142847555333 2.592142847555472 0.6873234809460119 0.6873234809459267 1.2496790562653348 1.2496790562654174 1.249679056265183 1.3746469618918993 1.4262227424663703 1.4262227424662246 0.687323480945901 1.8577814762525127 1.249679056265169 0.6873234809459499 1.2496790562652509 2.592142847555309 1.4262227424661085 0.6873234809458977 0.6873234809460378 0.6873234809458766 1.2496790562654132 0.6873234809460363 0.0 1.2496790562654294 1.374646961891824 0.6873234809459562 2.592142847555514 0.687323480945977 1.2496790562653706 1.2496790562653548 1.2496790562654214 1.249679056265412 0.0 1.2496790562653584 1.2496790562655085 0.6873234809459183 1.2496790562651556 0.6873234809459402 1.3746469618919301
610.0416052432325 1.2496790562654108 0.6873234809460536 1.2496790562654163 0.6873234809458916 1.2496790562653 0.6873234809458976 1.8577814762524631 0.6873234809459954 0.687323480945979 1.3746469618918706 0.6873234809458959 2.5921428475555794 1.2496790562652833 1.857781476252639 1.3746469618917876 1.2496790562651612 2.5921428475554555 1.857781476252488 1.4996148675184342 0.6873234809458643 1.8577814762523983 0.6873234809458458 1.426222742466315 2.061970442837917 0.34366174047292425 1.2496790562653746 0.6873234809459647 0.6873234809459935 1.2496790562653501 1.4262227424660932 0.6873234809458977 1.2496790562651292 2.592142847555355 0.6873234809459634 0.6873234809459325 0.687323480945961 1.249679056265238 0.6873234809459823 0.6873234809459259 1.8577814762525056 0.6873234809458966 0.6873234809459123 0.6873234809459889 2.592142847555221 1.2496790562652738 0.6873234809460255 0.6873234809459079 1.2496790562653348 0.6873234809459224 0.6873234809458932 2.5921428475552966 0.0 1.374646961891899 1.3746469618918509 2.5921428475553494 0.6873234809458398 0.687323480945883 1.2496790562654259 1.8797183685460896 0.6873234809458906 0.6873234809459076 1.42622274246626 0.6873234809459746 1.2496790562653843 1.2496790562653082 0.6873234809459611 0.6873234809459025 1.8577814762524063 2.592142847555404 1.3746469618919381 0.6873234809458694 0.0 1.2496790562653206 0.6873234809460023 1.8577814762525542 1.4262227424662783 0.0 0.6873234809458806 1.37464696189195 1.2496790562652498 1.3746469618918165 1.3746469618918356 1.4262227424661829 0.6873234809459201 0.6873234809459808 0.6873234809458949 1.249679056265274 1.4262227424662721 0.6873234809458736 2.5921428475554906 0.6873234809459581 1.426222742466367 0.6873234809459623 1.249679056265459 0.6873234809458961 1.3746469618919532 1.2496790562653568 0.6873234809459831 1.3746469618918729 0.6873234809458736 3.4991013575429615 0.6873234809459323 0.6873234809459898 0.6873234809459735 0.0 2.5921428475553134 1.8577814762524902 1.2496790562653701 0.0 0.687323480945826 1.2547300488120805 1.2496790562652083 1.3746469618919612 0.6873234809459213 1.249679056265402 0.6873234809459557 1.2496790562653912 0.6873234809459156 1.2496790562654132 1.3746469618918618 0.6873234809459137 0.6873234809458982 0.0 0.6873234809459017 1.249679056265267 1.3746469618918085 0.6873234809459368 0.6873234809459259 0.6873234809458791 1.4996148675185577 0.6873234809458806 0.6873234809460007 0.6873234809458951 1.4262227424661393 0.6873234809459715 1.249679056265277 0.6873234809459854 1.8577814762524536 1.2496790562652464 0.6873234809459409
620.0416052432325 1.249679056265347 0.6873234809458435 0.6873234809458492 1.2496790562652345 1.4262227424662937 1.374646961891834 1.4262227424662655 0.687323480946067 0.6873234809459262 2.5921428475554436 1.249679056265388 0.6873234809459106 1.374646961891855 0.0 1.426222742466132 0.6873234809459294 1.2496790562652453 1.8577814762525702 1.2496790562653908 2.5921428475553943 1.857781476252458 0.6873234809459248 1.3746469618918804 0.6873234809459933 0.3436617404729343 0.68732348094598 0.6873234809459308 2.592142847555283 1.24967905626533 1.2496790562654925 0.6873234809459334 2.5921428475554706 1.8577814762524771 1.8577814762523992 0.6873234809459594 1.24967905626547 1.2496790562653166 1.249679056265231 1.4262227424662244 0.0 0.6873234809459665 0.6873234809459988 1.8577814762524323 1.857781476252604 1.426222742466185 0.6873234809459945 1.2496790562653617 1.2496790562652031 0.0 1.4262227424662435 0.6873234809459107 1.8577814762526002 0.6873234809459304 1.4262227424661105 1.426222742466127 1.8577814762525195 0.6873234809459752 1.2496790562652464 3.499101357542989 0.6873234809458756 1.3746469618918518 1.2496790562654938 0.687323480945945 1.2496790562654763 1.2496790562652897 0.6873234809458514 1.8577814762524187 2.592142847555471 1.2496790562653428 1.3746469618919483 1.2496790562653706 1.2496790562651592 0.6873234809458916 1.249679056265475 1.2496790562653506 0.6873234809459653 0.6873234809459249 1.2496790562653723 0.0 0.6873234809460146 1.249679056265241 1.4262227424661917 1.8577814762525056 1.42622274246628 1.2496790562654059 0.6873234809459828 0.6873234809459522 2.592142847555378 0.6873234809459411 0.6873234809458683 0.6873234809459053 0.0 1.6496236899190133 0.6873234809459061 0.6873234809460141 1.24967905626524 1.2496790562652635 1.8577814762525755 1.3746469618919208 0.6873234809459514 1.4262227424661562 2.592142847555522 1.249679056265341 0.6873234809459893 1.2496790562652946 1.8577814762525715 0.6873234809459468 0.0 1.85778147625242 1.3746469618917994 1.2496790562653168 1.2496790562652096 1.857781476252525 0.6873234809460245 0.6873234809459088 0.6873234809458917 1.8577814762523672 2.5921428475552415 1.4262227424662124 0.0 0.6873234809459328 1.249679056265364 1.426222742466194 0.6873234809458555 1.8797183685460548 1.8577814762524916 0.6873234809459458 0.6873234809460205 1.249679056265292 0.6873234809459132 0.687323480945898 1.2496790562653561 0.6873234809459157 1.249679056265287 0.6873234809458927 1.2496790562652094 0.687323480945907 1.2496790562652782 1.249679056265332 0.0
630.0416052432325 0.6873234809459657 0.6873234809459221 0.6873234809459081 0.6873234809460053 0.0 2.5921428475552655 0.6873234809459835 0.6873234809459033 0.687323480945956 1.374646961891837 0.6873234809459602 1.857781476252615 1.8577814762524851 0.0 2.592142847555462 1.249679056265201 1.8577814762524332 1.4262227424661456 1.2496790562653568 1.2496790562653557 0.68732348094596 1.2496790562652362 1.2496790562652824 1.2496790562654498 0.6248395281326223 0.6873234809459753 0.6873234809458886 0.6873234809458832 0.6873234809459642 0.0 0.6873234809459414 1.3746469618918151 1.3746469618918344 1.2496790562652156 0.6873234809459559 1.249679056265231 0.6873234809458832 1.2496790562655031 1.374646961891873 1.2496790562652778 1.2496790562653755 1.4262227424660625 1.2496790562652718 1.374646961891907 1.4262227424662919 0.6873234809459655 1.2496790562652649 0.6873234809459358 0.6873234809458354 1.2496790562652704 0.6873234809459522 1.857781476252448 1.25473004881212 0.0 1.3746469618918342 1.3746469618918398 0.6873234809459964 1.2496790562654936 1.374646961891896 1.24967905626516 1.3746469618918256 1.2496790562651219 0.6873234809459238 1.2496790562653792 0.6873234809459948 0.687323480945878 1.2496790562653493 0.6873234809458959 1.3746469618918067 1.374646961891971 1.3746469618919301 0.6873234809458276 0.6873234809458972 1.8577814762523237 0.0 1.85778147625264 0.6873234809459634 0.6873234809459108 0.0 0.6873234809459924 1.249679056265319 1.2496790562654763 2.592142847555415 0.6873234809458951 0.6873234809459428 0.6873234809459672 1.2496790562654048 1.3746469618917834 1.249679056265282 1.2496790562653963 0.6873234809459555 1.2496790562651774 0.6873234809458941 0.6873234809458615 0.6873234809459338 0.0 1.2496790562653213 1.249679056265164 1.426222742466157 0.6873234809459465 1.4262227424661704 0.6873234809460153 1.2496790562653244 0.6873234809459422 0.6873234809458691 1.2496790562654827 1.426222742466214 2.5921428475554165 1.2496790562653668 1.426222742466247 0.6873234809459247 1.2496790562652556 1.4262227424661604 1.3746469618919372 0.6873234809459965 0.6873234809460101 1.2496790562653504 0.6873234809460752 0.6873234809459557 1.857781476252422 0.6873234809459243 0.6873234809459429 1.4262227424662806 1.249679056265194 0.6873234809459383 1.249679056265498 0.6873234809459716 0.6873234809459976 2.5921428475553037 0.6873234809459784 2.5921428475553636 0.6873234809459565 0.6873234809459601 1.249679056265286 1.2496790562653053 0.6873234809459338 1.857781476252528 1.2496790562651379 0.6873234809459539 2.592142847555278
640.0416052432325 1.2496790562652478 1.8797183685461023 1.3746469618919375 0.6873234809460177 0.0 0.687323480945896 1.2496790562654216 0.6873234809459763 1.2496790562653106 1.2496790562653273 1.249679056265438 0.6873234809459551 2.5921428475553405 0.0 1.374646961891825 0.6873234809458889 2.5921428475554418 0.0 1.2496790562654094 1.857781476252579 2.5921428475553046 1.8577814762524572 0.6873234809460075 2.592142847555467 1.8577814762525366 1.2496790562653621 0.6873234809459648 0.6873234809458593 0.6873234809458992 0.0 0.687323480945995 1.2496790562651994 0.6873234809459597 1.2496790562655022 0.6873234809460007 0.6873234809458126 0.6873234809458826 0.6873234809458948 0.6873234809459005 2.5921428475555146 0.6873234809459663 0.6873234809459048 0.6873234809459109 2.5921428475555612 1.8577814762524731 1.2496790562654965 0.6873234809459403 0.6873234809458906 1.3746469618917783 0.6873234809458971 1.3746469618918884 1.4262227424662304 1.857781476252484 2.5921428475555004 1.2496790562653064 1.4262227424660874 2.5921428475554062 0.6873234809460121 3.499101357542975 0.6873234809459265 0.6873234809459772 0.0 1.4262227424662879 2.0619704428377674 2.5921428475553254 0.6873234809459662 1.8577814762524891 0.6873234809458599 1.2496790562653972 0.0 2.592142847555311 0.6873234809459317 1.2496790562652647 0.6873234809459219 2.5921428475553294 1.8797183685461039 1.2496790562653448 0.6873234809460081 0.6873234809458673 1.2496790562654723 1.3746469618918558 1.3746469618918395 1.4262227424663012 0.6873234809458884 0.6873234809459683 0.6873234809459029 0.6873234809458815 0.0 0.6873234809459596 1.2496790562654085 0.6873234809458868 1.3746469618918795 0.0 0.6873234809458562 0.6873234809460141 1.4262227424664093 1.8577814762525366 2.5921428475555808 0.0 0.6873234809460399 1.2496790562653803 1.2496790562654871 0.6873234809458926 1.249679056265363 1.2496790562652704 0.6873234809460369 1.2496790562652744 1.2496790562651885 1.249679056265316 1.249679056265385 0.6873234809460139 0.6873234809460265 1.8577814762524392 1.2496790562651852 0.6873234809459505 1.4262227424661373 0.0 1.2496790562654447 0.6873234809459731 1.249679056265168 0.6873234809459087 0.6873234809459632 1.249679056265311 1.2496790562653468 0.6873234809459832 1.249679056265447 0.6873234809459042 0.6873234809459948 0.6873234809459753 1.2496790562652023 0.6873234809459668 1.249679056265148 0.6873234809458881 1.2496790562654603 1.857781476252376 0.6873234809458758 0.68732348094592 2.5921428475553236 0.687323480945928 0.6873234809458384
650.0416052432325 0.6873234809458783 1.8577814762523903 0.6873234809459642 0.6873234809460611 1.2496790562653894 2.5921428475554333 0.6873234809459654 1.8577814762524647 0.6873234809459006 1.2496790562654092 0.6873234809459695 0.6873234809460311 1.8577814762523803 1.4262227424661948 1.6496236899189443 1.2496790562654 1.4262227424662643 1.4262227424660452 1.4262227424661247 0.6873234809459232 1.2496790562654274 0.6873234809458926 0.687323480945935 1.8577814762523421 0.6248395281327275 1.2496790562653675 0.6873234809459754 0.6873234809460047 0.6873234809459795 0.0 1.8577814762524363 0.6873234809459278 1.8577814762525502 1.8577814762525522 1.2496790562653166 0.6873234809459603 0.6873234809459664 1.2496790562654927 2.5921428475554023 1.4262227424662064 1.2496790562653037 0.68732348094592 1.8577814762524203 0.0 2.59214284755536 1.2496790562652533 0.6873234809459753 0.6873234809458637 1.8577814762524267 0.0 1.2496790562654054 1.4262227424660963 2.5921428475553103 1.426222742466393 1.85778147625242 0.0 1.8577814762524583 0.6873234809458787 1.2496790562652407 0.6873234809459424 0.6873234809459541 0.6873234809459229 1.426222742466212 1.2496790562651423 1.2496790562652922 1.2496790562655264 0.6873234809458967 0.6873234809460015 0.0 1.2496790562653428 1.2496790562652529 1.2496790562655162 1.2496790562652718 0.6873234809460764 1.2496790562653277 2.592142847555467 0.6873234809459462 1.2496790562653468 0.0 0.6873234809458986 1.2496790562653846 0.6248395281327894 0.6873234809458908 1.4262227424662761 1.2496790562654188 2.5921428475554973 0.6873234809459655 1.2496790562653917 0.6873234809459817 0.6873234809459879 0.6873234809459138 0.6873234809460275 2.5921428475553325 1.249679056265233 1.249679056265332 1.2496790562655002 1.3746469618917887 1.2496790562654323 1.4262227424661247 1.249679056265287 1.2496790562653564 0.6873234809459072 0.687323480945845 0.6873234809458699 1.2496790562654343 2.592142847555198 1.2496790562652462 1.3746469618918773 1.8577814762524911 0.6873234809458805 0.6873234809458363 1.2496790562652897 1.2496790562653608 0.6873234809459264 0.6873234809458718 0.6873234809458673 0.0 0.6873234809460034 1.2496790562653526 1.4262227424662783 2.5921428475553316 0.687323480946041 1.4262227424662701 1.2496790562652307 0.6873234809459006 0.0 0.687323480945886 0.6873234809459076 1.857781476252458 1.8577814762524911 0.6873234809459775 0.0 0.6873234809459345 1.249679056265329 1.2496790562652396 0.6873234809458937 0.6873234809459026 0.6873234809459196 1.2496790562653917 0.6873234809459594
660.0416052432325 0.6873234809459158 0.6873234809458777 1.4262227424663023 1.2496790562652222 1.8577814762524407 3.499101357542848 1.857781476252422 0.6873234809460002 3.749037168796058 0.0 0.6873234809459465 1.2496790562653044 1.4262227424661917 1.426222742466092 1.8577814762525036 0.6873234809459368 1.2496790562652689 1.4262227424662566 0.6873234809458916 0.6873234809459636 0.6873234809459172 1.8577814762525202 2.5921428475553 0.6873234809459546 0.6248395281327017 1.2496790562652123 0.6873234809459747 0.6873234809460124 0.6873234809459465 1.8577814762522937 1.649623689919008 1.3746469618919086 0.6873234809458829 0.6873234809458423 0.6873234809458895 1.2496790562653823 1.2496790562653846 0.6873234809459714 1.2496790562652547 0.6873234809459272 1.374646961891898 1.2496790562654696 1.2496790562652556 1.8577814762524283 1.3746469618918404 1.2496790562652706 0.6873234809459314 0.6873234809460222 2.5921428475553205 0.6873234809459033 0.6873234809459053 0.0 0.6873234809459353 1.249679056265517 1.3746469618919521 1.2496790562652913 1.2496790562653535 0.6873234809458236 1.8577814762524576 0.6873234809459217 0.6873234809459735 1.2496790562653197 0.0 1.3746469618918726 0.0 0.6873234809460278 1.249679056265253 1.374646961891876 1.3746469618917867 1.4262227424660174 0.6873234809459484 1.2496790562652533 0.6873234809459454 1.4262227424662564 0.687323480945929 1.249679056265132 1.2496790562654325 1.2496790562652111 1.857781476252406 1.374646961891951 1.4262227424662064 0.6873234809459725 0.6873234809459173 0.6873234809459828 0.6873234809459255 0.6873234809458807 1.249679056265387 1.4262227424663076 1.8577814762524307 2.5921428475554356 0.6873234809459595 1.3746469618919122 1.8577814762523956 0.6873234809458456 1.2496790562653954 0.6873234809459186 1.4262227424662255 1.2496790562654794 1.2496790562654112 1.2496790562653075 1.249679056265286 1.249679056265375 1.249679056265331 0.6873234809458336 1.8577814762524147 1.374646961891891 1.2496790562653053 1.2496790562654843 0.0 1.2496790562653237 1.8577814762524236 1.8577814762525562 2.592142847555444 0.6873234809459269 2.5921428475554515 0.0 1.374646961891809 0.6873234809458546 0.6873234809459634 1.649623689919102 0.6873234809458836 0.6873234809458906 0.6873234809459583 1.2496790562655293 1.2496790562652698 0.0 1.6496236899190249 1.3746469618918673 0.6873234809459198 1.2496790562655182 1.2496790562653022 1.2496790562654667 1.2496790562653741 1.2496790562653153 2.5921428475553014 0.6873234809458656 1.2496790562652689 1.4262227424661802 1.2496790562653775 0.6873234809459816
670.0416052432325 0.6873234809459541 0.6873234809460085 0.6873234809459571 0.6873234809460034 1.3746469618919053 1.8577814762524942 0.6873234809458816 0.6873234809459058 0.6873234809459781 1.8577814762524802 0.6873234809459267 0.6873234809459734 1.374646961891862 1.3746469618917632 0.0 1.8577814762525475 1.3746469618918458 1.2496790562653028 0.6873234809459875 1.2496790562652444 0.6873234809459176 1.249679056265307 1.2496790562653404 1.2496790562651945 0.34366174047298775 1.857781476252442 0.6873234809459284 1.2496790562653604 0.6873234809458926 1.249679056265404 1.4262227424662601 1.3746469618918329 1.426222742466219 1.649623689918856 1.4262227424662468 1.2496790562651947 2.5921428475553965 0.6873234809459025 1.8577814762525007 1.2496790562654854 0.6873234809459841 1.2496790562651674 2.59214284755533 0.0 1.4262227424663172 2.5921428475553374 0.687323480945966 1.249679056265178 1.4996148675183936 1.374646961891848 0.6873234809459545 1.374646961891897 0.6873234809459458 1.374646961891909 0.0 0.0 0.0 0.6873234809458257 0.0 1.2496790562653637 1.2496790562652749 1.8577814762524907 1.2496790562653488 0.0 1.426222742466171 0.6873234809459037 0.6873234809459857 1.2496790562655475 0.6873234809460338 2.5921428475552895 2.5921428475553054 0.0 2.592142847555446 0.6873234809459987 0.6873234809458978 1.2496790562651854 0.0 1.2496790562652218 1.2496790562653315 1.2496790562653022 0.6873234809458489 0.687323480945901 0.6873234809458844 0.687323480945975 1.2496790562652382 0.6873234809458547 0.6873234809459555 2.5921428475555044 0.6873234809459582 1.2496790562653093 2.592142847555342 0.6873234809458748 2.5921428475553507 1.4996148675184255 1.374646961891923 1.2496790562654208 1.2496790562652904 0.6873234809460284 1.37464696189194 0.6873234809460164 1.2496790562653943 0.6873234809458514 0.6873234809458901 0.6873234809458694 1.857781476252515 0.6873234809458889 0.6873234809459435 1.8577814762523461 1.4262227424662928 0.6873234809459811 1.8577814762524691 0.6873234809459708 1.3746469618919355 1.2496790562654219 1.249679056265407 1.249679056265416 1.4262227424662668 1.4262227424660672 1.8577814762524067 1.2496790562654263 1.249679056265257 0.6873234809458869 0.6873234809458376 0.0 0.6873234809459182 2.592142847555189 0.6873234809459243 1.2496790562653517 2.592142847555321 2.5921428475555133 2.5921428475552992 0.0 1.2496790562653761 0.0 0.6873234809459803 1.2496790562655167 0.687323480945898 2.5921428475553956 1.2496790562652884 1.2496790562654754
680.0416052432325 2.5921428475553063 0.6873234809459973 1.2496790562652833 1.857781476252521 0.6873234809459419 1.249679056265423 0.6873234809459796 1.249679056265522 0.6873234809459737 1.4262227424663767 1.8577814762525526 1.2496790562653632 1.4262227424662104 1.2496790562654934 1.4262227424661913 0.6873234809458197 1.2496790562652347 0.0 1.2496790562652498 0.6873234809459651 0.6873234809458771 2.5921428475553654 0.6873234809459985 0.6873234809459553 1.2496790562652413 1.857781476252536 0.687323480945964 1.8577814762526634 0.6873234809459685 0.0 0.6873234809459045 1.3746469618918267 1.8577814762524807 0.6873234809459007 1.2496790562654383 0.6873234809458091 0.6873234809459683 0.687323480945859 0.0 0.6873234809458844 1.8577814762524716 0.6873234809459127 0.0 1.8577814762523988 1.374646961891891 0.6873234809459097 0.6873234809458734 0.6873234809459665 0.0 1.3746469618918127 1.8577814762525076 0.0 0.6873234809458932 1.374646961891941 1.3746469618919432 0.687323480945948 1.2496790562653324 1.2496790562654227 0.0 1.249679056265306 1.2496790562653295 0.6873234809459112 2.5921428475554515 4.278668227398548 1.2496790562653088 0.6873234809460285 1.249679056265272 0.6873234809459757 0.6873234809460375 1.4262227424660647 0.6873234809460315 2.5921428475553827 0.6873234809459036 1.2496790562655065 0.6873234809459854 1.249679056265207 1.2496790562654225 1.8577814762525142 1.2496790562652746 0.0 1.249679056265309 2.5921428475552615 1.2496790562652398 0.6873234809459006 0.6873234809459208 1.2496790562654496 0.6873234809458915 0.0 0.6873234809459225 0.0 0.0 0.0 0.6873234809459142 0.6873234809459546 0.0 0.6873234809459257 0.6873234809459849 0.6873234809458348 0.6873234809459225 0.6873234809460002 1.42622274246629 1.8577814762523517 0.6873234809459287 1.8577814762524896 1.2496790562653317 0.6873234809459615 1.85778147625247 1.2496790562653561 1.8577814762525122 1.2496790562652071 1.857781476252571 1.3746469618918797 1.3746469618918162 1.3746469618917494 0.6873234809459565 0.687323480945894 1.3746469618917814 0.6873234809459114 0.6873234809459254 1.4262227424660727 1.2496790562653322 0.6873234809459365 0.6873234809459202 1.4262227424660645 0.6873234809459627 1.3746469618917951 0.687323480945988 1.249679056265513 0.6873234809459036 1.2496790562651836 0.6873234809459683 0.0 1.2496790562652556 1.2496790562652162 0.6873234809459643 1.3746469618919128 0.6873234809459469 0.6873234809458705 0.6873234809458922 0.6873234809459076
690.0416052432325 1.2496790562653468 1.2496790562652211 0.687323480945904 1.4262227424661884 0.6873234809459176 1.8577814762525606 1.4262227424662635 0.6873234809458671 2.592142847555449 0.6873234809459217 0.6873234809459844 1.2496790562654791 1.374646961891909 1.2496790562654976 1.249679056265374 2.5921428475552406 1.3746469618919106 1.2496790562653028 0.6873234809458907 0.6873234809459347 1.2496790562654327 0.0 2.5921428475553356 1.8577814762524656 1.8577814762525082 0.6873234809460544 0.6873234809458895 0.0 1.4262227424661835 1.426222742466294 1.2496790562653284 1.857781476252488 0.6873234809459545 1.2496790562655038 0.6873234809459188 1.2496790562652944 1.249679056265376 1.249679056265361 1.3746469618918595 1.857781476252524 0.6873234809459333 0.6873234809459385 1.4262227424662433 1.4262227424660145 1.2496790562652575 0.6873234809460331 0.6873234809459555 1.2496790562653237 0.6873234809459211 0.6873234809459101 1.4262227424662395 1.4262227424663163 0.6873234809459158 1.8577814762525682 1.4262227424663472 1.8577814762524492 0.6873234809459047 0.6873234809459621 1.2496790562653803 0.6873234809460045 0.6873234809459177 0.6873234809458423 1.4262227424661658 0.0 0.6873234809458864 1.2496790562654372 0.6873234809459494 0.6873234809460066 0.68732348094586 1.3746469618918664 1.249679056265392 1.2496790562653852 1.2496790562653504 2.592142847555429 1.2496790562654176 0.6873234809458936 0.687323480945882 1.2496790562654938 0.6873234809460228 1.2496790562654687 1.2496790562653555 2.592142847555508 1.3746469618918493 0.6873234809458808 1.2496790562652789 0.6873234809459147 0.6873234809459319 1.374646961891867 0.6873234809459176 0.0 1.2496790562652973 1.4262227424661469 0.0 1.3746469618918145 0.0 0.6873234809458851 0.6873234809459016 1.2496790562651567 2.592142847555448 1.4996148675182668 1.2496790562653413 1.2496790562654068 0.6873234809460324 0.687323480945891 1.3746469618919503 1.2496790562653244 0.6873234809459599 1.3746469618918717 2.5921428475552917 3.4991013575428322 1.857781476252468 1.8577814762522988 0.0 1.2496790562652988 0.6873234809459784 0.6873234809460202 2.5921428475554547 1.4996148675182912 0.6873234809459793 0.6873234809460409 1.2496790562654068 2.5921428475554302 0.6873234809458779 0.6873234809459987 0.68732348094593 1.4262227424662215 0.687323480945973 1.2496790562654334 1.2496790562652795 1.4996148675182173 1.2496790562652675 1.2496790562653093 1.249679056265372 0.687323480946077 0.6873234809459094 0.6873234809458781 1.249679056265354 0.6873234809459016 0.687323480945899 0.6873234809460171
700.0416052432325 0.6873234809459647 2.5921428475555843 0.6873234809460284 0.6873234809460302 1.4262227424662288 1.4262227424663971 0.687323480945908 0.6873234809459076 0.6873234809459304 1.374646961891838 1.249679056265266 0.0 0.0 0.6873234809458542 0.6873234809458856 1.2496790562654365 2.5921428475554036 1.374646961891867 0.6873234809459202 1.857781476252466 0.6873234809460075 1.249679056265187 0.6873234809459039 0.6873234809459245 0.34366174047298775 0.687323480945859 0.6873234809459186 1.2496790562653919 1.8577814762524687 0.6873234809459614 1.2496790562653193 1.4262227424663614 1.8577814762524656 1.4262227424661875 0.6873234809459527 0.6873234809459895 1.2496790562654263 0.6873234809460448 1.3746469618918762 1.857781476252414 1.374646961891892 0.68732348094601 1.2496790562654272 1.8577814762525842 1.374646961891839 0.6873234809459817 0.6873234809459147 1.2496790562652211 1.4262227424662541 1.2496790562654183 0.687323480945909 1.8577814762524463 1.3746469618918955 1.426222742466352 1.249679056265385 2.592142847555414 1.249679056265314 1.2496790562653477 1.2496790562654017 1.2496790562654196 1.2496790562653968 1.8577814762524727 1.8577814762524942 1.249679056265362 1.2496790562653923 0.6873234809459403 1.4262227424661964 0.0 0.6873234809459977 1.4262227424661889 0.0 1.249679056265232 1.8577814762524436 1.857781476252404 1.857781476252474 1.249679056265262 0.6873234809459633 1.4262227424662728 1.4262227424661778 1.249679056265364 0.6873234809459884 0.6873234809459885 1.8577814762524567 0.6873234809460217 0.0 0.6873234809459305 0.6873234809458957 0.624839528132876 0.6873234809459305 0.6873234809458377 1.249679056265336 0.0 0.687323480945948 0.6873234809459811 1.3746469618919688 1.499614867518408 2.5921428475553356 1.8797183685462266 1.2496790562652957 0.6873234809459527 0.6873234809459572 2.592142847555211 0.6873234809460305 0.6873234809460624 0.6873234809459896 1.2496790562655482 1.8577814762524922 2.5921428475553587 1.426222742466299 1.2496790562654616 1.249679056265255 1.2496790562651754 1.249679056265282 1.4996148675184922 0.6873234809459766 0.6873234809459559 1.4262227424661988 1.8577814762526295 0.6873234809458955 1.4262227424662115 0.6873234809459552 1.2496790562653113 0.6873234809459122 1.3746469618917927 1.2496790562654312 1.8577814762525782 0.6873234809459188 0.6873234809459605 1.8797183685459733 1.2496790562654945 1.4262227424661793 2.5921428475552077 0.6873234809459096 0.6873234809459302 1.2496790562652869 0.6873234809458876 1.2496790562653999 1.2496790562653362 1.2496790562652564 0.6873234809458793
710.0416052432325 0.6873234809459262 1.249679056265165 0.6873234809458706 1.8577814762524412 0.6873234809459426 0.687323480945998 1.2496790562653697 1.249679056265267 0.6873234809459665 2.59214284755539 0.6873234809459209 0.0 1.426222742466241 1.2496790562654496 0.6873234809458846 0.6873234809460647 0.0 2.592142847555387 0.6873234809459245 0.6873234809459112 0.6873234809458431 1.2496790562651512 1.4262227424662222 0.6873234809459697 2.5921428475553348 0.6873234809459136 0.6873234809459791 0.6873234809459852 0.687323480945928 0.0 0.6873234809459482 1.8577814762524216 0.687323480945904 1.249679056265254 1.4262227424662264 2.592142847555555 0.6873234809459595 0.0 1.4262227424662168 1.249679056265396 1.3746469618918533 0.6873234809458564 1.2496790562654256 1.8577814762524316 0.0 0.6873234809458831 0.6873234809458927 0.6873234809459852 2.5921428475552832 1.426222742466295 0.6873234809458986 0.0 2.5921428475553334 2.5921428475552672 1.857781476252583 1.8577814762525475 0.0 0.6873234809460391 1.3746469618918322 1.2496790562654223 0.0 1.2496790562652484 1.4262227424662703 0.6873234809460036 0.6873234809459026 0.6873234809459223 1.249679056265358 1.8577814762525355 1.2496790562652824 0.0 0.6873234809459003 0.6873234809459471 2.592142847555297 1.249679056265171 0.6873234809458814 1.2496790562651718 1.249679056265425 1.2496790562652307 0.6873234809459494 0.6873234809459824 0.6873234809459885 0.0 0.0 1.2496790562655296 0.6873234809458952 0.0 0.0 0.343661740472925 0.0 1.249679056265494 0.6873234809458943 1.3746469618917971 1.4262227424661416 1.2496790562653364 0.0 1.8577814762524762 0.6873234809458496 1.2496790562652271 1.2496790562654103 1.2496790562654216 1.8797183685461323 0.687323480945846 1.2496790562654267 1.2496790562653353 0.6873234809458929 1.2496790562654956 1.4262227424662313 0.6873234809458749 1.2496790562653075 0.0 1.2496790562652675 0.6873234809458912 1.4262227424661083 1.4262227424661924 0.6873234809459171 0.6873234809459177 1.4262227424661689 1.249679056265445 0.6873234809459875 0.6873234809459097 0.6873234809459461 1.3746469618918877 1.4262227424662615 1.2496790562654434 1.2496790562652371 0.6873234809460355 1.2496790562652624 1.2496790562652684 0.6873234809459142 0.6873234809459815 1.3746469618918946 1.2496790562651883 0.6873234809459351 0.6873234809459489 0.6873234809459767 0.6873234809458079 1.24967905626531 1.2496790562653823 0.687323480945904 0.6873234809459503
720.0416052432325 0.6873234809459701 1.2496790562654052 0.6873234809460101 0.6873234809458558 1.2496790562652769 0.0 1.2496790562652946 0.6873234809459583 0.6873234809459778 0.0 0.6873234809458929 0.6873234809458456 1.3746469618918806 1.2496790562652924 0.6873234809459449 2.5921428475551984 1.3746469618918582 1.2496790562653723 1.3746469618918218 1.3746469618918546 0.6873234809458406 1.2496790562652293 0.6873234809459302 2.5921428475552317 0.34366174047299547 0.6873234809459734 1.249679056265424 0.6873234809460251 0.6873234809459672 1.8577814762522904 0.6873234809459455 1.249679056265485 2.5921428475554773 0.6873234809459677 1.4262227424661817 1.3746469618918622 0.0 0.6873234809460285 0.0 0.6873234809460425 1.374646961891884 1.2496790562652986 0.687323480945891 1.4262227424662612 1.3746469618918675 0.6873234809458125 0.6873234809458936 0.6873234809459019 1.426222742466215 1.2496790562653564 1.4262227424662222 1.4262227424661549 2.592142847555446 1.3746469618919512 1.4262227424662293 0.0 1.3746469618919146 0.6873234809458029 0.0 0.6873234809459488 1.249679056265317 0.6873234809459372 1.249679056265363 4.278668227398779 0.6873234809458585 0.6873234809460652 0.6873234809459794 1.2496790562653246 1.249679056265252 1.3746469618918256 1.2496790562652837 0.6873234809458557 1.8577814762524902 0.6873234809459767 0.0 1.4262227424663647 0.6873234809459812 1.2496790562653186 0.6873234809458987 1.4262227424661607 1.2496790562653206 0.6873234809458936 1.2496790562653293 0.6873234809459335 1.249679056265383 1.4262227424660898 2.592142847555349 1.249679056265346 1.4262227424662823 0.6873234809458493 2.592142847555311 1.3746469618918322 0.6873234809459725 1.8577814762524711 1.3746469618917936 0.6873234809459814 1.2496790562653535 0.687323480945898 1.2496790562653675 0.6873234809458652 1.3746469618918271 1.2496790562652451 1.2496790562652509 0.6873234809459381 0.6873234809459319 2.592142847555286 0.6873234809459889 1.2496790562654303 1.4262227424662484 1.8577814762524683 1.249679056265267 0.6873234809458953 1.8577814762524243 1.2496790562651756 0.687323480945894 1.4262227424660812 1.2496790562653322 0.6873234809458759 0.6873234809459332 1.2496790562654074 2.592142847555397 1.4262227424662306 0.687323480945916 1.2496790562652986 0.6873234809459513 0.6873234809458838 1.8577814762525255 0.6873234809460085 1.2496790562653324 1.2496790562654991 0.687323480945924 1.4262227424663056 1.2496790562652933 1.8577814762523182 0.6873234809459446 0.6873234809460718 1.249679056265339 0.6873234809459491 1.2496790562652693 0.6873234809458985
730.0416052432325 0.687323480945945 0.6873234809458875 0.687323480945865 0.6873234809460224 2.5921428475553037 0.6873234809459361 1.249679056265258 1.2496790562652214 0.6873234809459591 0.6873234809458205 1.8577814762524876 0.687323480946027 3.4991013575429193 1.3746469618918198 0.6873234809459332 1.2496790562654854 1.2496790562653284 2.592142847555433 2.5921428475554853 0.6873234809459084 0.6873234809460315 1.857781476252478 0.0 1.249679056265161 1.8577814762524616 0.6873234809459746 0.6873234809459807 0.6873234809459813 1.2496790562652598 1.4262227424662222 1.2496790562653761 1.2496790562652178 1.2496790562653841 0.6873234809459329 1.8577814762524283 1.2496790562654274 0.6873234809459169 0.6873234809459775 1.3746469618918187 1.8577814762524827 1.4262227424661373 0.6873234809458868 1.3746469618918296 1.4262227424660907 1.857781476252392 0.6873234809459884 0.6873234809459713 1.8577814762524116 0.687323480945891 0.0 1.3746469618918333 0.0 2.592142847555441 1.426222742466235 1.6496236899189878 1.2496790562652265 1.2496790562653746 0.6873234809460086 1.879718368545946 0.68732348094585 0.6873234809459431 1.4262227424663225 1.4262227424661367 4.27866822739858 1.2496790562652371 0.6873234809459737 0.6873234809459567 1.2496790562652205 0.6873234809459917 1.8577814762525615 0.6873234809459781 0.6873234809460124 2.099460814525747 0.6873234809458701 0.0 2.592142847555349 0.6873234809459718 0.6873234809459016 0.687323480945964 1.8577814762524292 0.687323480946001 2.5921428475552473 1.85778147625251 0.6873234809459267 1.2496790562652742 1.249679056265127 1.2496790562652362 1.8577814762523677 0.0 1.2496790562654203 1.2496790562652784 0.6873234809460217 1.2547300488120043 0.6873234809459818 0.6873234809460278 0.687323480945875 1.3746469618919388 0.6873234809460163 0.6873234809458841 1.8577814762524696 1.4996148675183192 0.6873234809459008 0.6873234809459196 1.249679056265401 0.6873234809459772 0.0 1.2496790562652518 0.6873234809458554 1.4262227424661524 0.6873234809459376 0.6873234809459693 1.2496790562651912 1.4262227424662 1.249679056265422 1.2496790562652982 1.2496790562653526 1.8577814762524576 0.6873234809460032 1.2496790562652447 0.6873234809459573 0.6873234809459665 1.8577814762522453 0.6873234809460287 1.2496790562651765 1.4262227424663105 1.8577814762523563 0.0 2.592142847555397 1.8577814762525156 1.2496790562652702 2.5921428475552966 0.0 1.8577814762523972 0.687323480946016 0.6873234809459278 1.8577814762523868 0.6873234809459758 1.2496790562651365 1.2496790562653437 0.6873234809460084
740.0416052432325 0.6873234809459121 1.249679056265492 0.6873234809459526 1.2496790562655316 1.2496790562653326 0.6873234809459995 0.6873234809459562 1.2496790562653124 1.2496790562653364 0.6873234809459424 1.2496790562653637 0.6873234809459796 0.0 1.2496790562651552 1.2496790562652422 0.0 1.8577814762524447 1.4262227424663747 1.2496790562653837 0.687323480945894 0.6873234809458736 2.592142847555287 1.374646961891884 1.2496790562654305 1.8577814762524831 1.374646961891781 0.6873234809459455 1.3746469618918713 1.2496790562652573 1.3746469618918722 0.6873234809459748 0.6873234809459771 1.2496790562654032 0.6873234809459543 1.8577814762524136 1.2496790562653433 0.6873234809458884 0.0 0.6873234809459844 1.2496790562655278 1.3746469618918755 0.6873234809459448 1.2496790562652833 0.0 1.2496790562652493 0.687323480945909 1.2496790562652804 1.2496790562654831 0.6873234809459683 2.5921428475554746 1.2496790562653652 0.0 1.2496790562652498 2.5921428475554498 0.0 0.0 1.2496790562652946 0.0 1.649623689918971 0.687323480945948 2.592142847555478 1.2496790562655196 0.6873234809459557 0.0 0.6873234809460101 0.6873234809458852 0.6873234809459321 1.2496790562652602 0.6873234809459392 1.2496790562653204 0.6873234809458656 1.2496790562654814 1.2496790562654088 1.8577814762523703 1.426222742466249 2.5921428475553125 0.6873234809459292 0.6873234809459849 1.2496790562653017 1.3746469618918864 0.6873234809459134 2.592142847555388 1.8577814762524931 0.6873234809459962 0.0 1.4262227424660285 0.6873234809458989 1.8577814762522677 1.4262227424662808 0.6873234809459996 1.3746469618918515 1.2496790562654607 1.499614867518358 1.4262227424662866 1.4262227424661253 0.687323480946029 0.6873234809459855 0.6873234809459401 0.687323480945938 2.592142847555389 0.6873234809459018 0.6873234809460232 1.3746469618919084 1.2496790562653022 0.6873234809460125 0.6873234809459732 1.2496790562652385 1.249679056265243 1.2496790562654103 2.592142847555346 1.2496790562653635 0.6873234809459748 1.374646961891843 1.249679056265283 1.2496790562652844 0.6873234809458629 1.2496790562653934 1.2496790562652313 0.6873234809459128 0.6873234809459747 2.592142847555366 1.374646961891947 1.249679056265244 1.2496790562653994 1.857781476252521 0.0 0.6873234809459245 1.2496790562654032 2.5921428475554187 1.8577814762524976 0.6873234809458836 1.249679056265162 0.0 1.2496790562652498 0.6873234809459059 0.6873234809459169 0.68732348094588 1.2496790562652829 0.6873234809459355 0.6873234809459638
750.0416052432325 0.6873234809458983 0.6873234809459975 0.687323480945949 1.426222742466091 0.0 1.2496790562654112 0.6873234809459554 0.6873234809459737 1.2496790562653444 1.8577814762525406 0.6873234809459502 1.24967905626518 1.3746469618919157 0.6873234809459372 0.6873234809458587 0.6873234809459985 1.3746469618918746 1.3746469618918369 1.2496790562653823 1.4262227424663163 0.6873234809458424 1.2496790562651887 1.8797183685460603 1.8577814762523917 1.8577814762524307 0.6873234809459796 0.6873234809459555 1.8577814762523628 0.6873234809459509 0.0 2.592142847555329 0.6873234809459374 1.2496790562653604 1.2496790562652769 1.3746469618919108 1.8577814762524756 1.2496790562652538 0.6873234809458522 2.592142847555446 0.0 1.4262227424663085 0.6873234809459707 1.2496790562654216 1.374646961891792 1.374646961891939 0.6873234809459957 2.592142847555307 0.0 1.249679056265415 0.687323480945915 1.374646961891912 0.6873234809459411 1.2496790562653204 1.8577814762526594 1.2496790562653066 1.857781476252533 1.8577814762523988 0.0 0.0 0.6873234809458968 3.4991013575430028 1.8577814762524567 0.0 0.0 0.6873234809458953 0.6873234809459444 1.4996148675183656 1.2496790562652467 1.2496790562654023 1.2496790562653284 0.6873234809459755 0.6873234809459645 0.6873234809459605 0.6873234809458568 2.5921428475553965 0.6873234809459136 1.2496790562653997 0.6873234809458555 0.6873234809460287 1.2496790562652138 0.687323480945893 1.4262227424660903 1.2496790562653766 1.8577814762523284 0.6873234809459272 0.0 1.2496790562653672 1.4262227424663905 1.426222742466282 1.2496790562651532 1.249679056265397 1.2496790562652187 0.6873234809458876 0.6873234809459672 1.499614867518495 1.4262227424662004 0.6873234809458725 1.2496790562652935 1.8577814762523972 0.6873234809459768 0.0 0.6873234809460023 0.6873234809459341 1.2496790562653624 1.2496790562652595 2.5921428475555084 1.8577814762524743 0.687323480945966 1.3746469618919162 0.6873234809458656 1.2496790562653124 1.2496790562651494 1.857781476252474 1.2496790562651876 0.6873234809459173 1.374646961891865 0.0 0.0 1.374646961891843 2.5921428475554316 0.6873234809459525 1.249679056265265 0.6873234809459718 0.6873234809459106 1.4262227424662388 1.8577814762523088 1.2496790562654072 1.3746469618919839 1.2496790562653015 0.6873234809458975 0.0 1.8577814762523908 2.592142847555321 0.6873234809459595 1.2496790562653004 1.8797183685460368 1.2496790562652842 1.2496790562653526 0.6873234809459012 0.0
760.0416052432325 1.2496790562653064 1.249679056265464 0.6873234809459323 1.2496790562653377 1.4262227424661755 2.5921428475555577 0.687323480945979 1.2496790562653366 1.2496790562653655 0.6873234809458841 1.2496790562654023 1.2496790562653293 0.0 1.3746469618918642 1.249679056265332 2.5921428475552237 1.8577814762524467 1.3746469618919086 1.2496790562653763 0.6873234809459702 0.6873234809458848 1.8577814762524711 2.592142847555401 0.6873234809460471 1.2496790562653064 0.6873234809459338 0.687323480945918 0.687323480945833 0.6873234809459069 1.2496790562654136 1.8577814762524762 0.6873234809459505 1.2496790562652405 0.687323480945987 1.4262227424661873 1.2496790562653255 0.6873234809459222 0.6873234809459783 1.4262227424661804 1.42622274246618 1.4262227424662444 2.5921428475555315 1.249679056265404 0.0 1.4262227424661311 1.2496790562655449 0.6873234809459187 1.2496790562653264 0.687323480945953 0.6873234809460044 0.0 1.2496790562653646 0.6873234809459575 1.249679056265531 0.6873234809459623 1.8577814762524791 1.879718368545962 0.6873234809458557 1.2496790562653406 2.592142847555521 1.42622274246629 0.6873234809458857 1.2496790562653763 0.6873234809460266 0.6873234809458821 0.6873234809459048 1.2496790562653062 0.6873234809460285 0.6873234809458387 1.8577814762526559 1.2496790562654092 1.2496790562652944 1.8577814762524283 0.6873234809457983 0.0 0.6873234809458367 0.6873234809459415 1.2496790562653703 0.6873234809458916 0.0 1.2496790562653102 1.2496790562654498 0.6873234809459055 0.6873234809458996 1.2496790562653424 2.592142847555253 1.8577814762524603 1.2496790562654623 1.4262227424662102 1.2496790562654856 0.6873234809459234 1.8577814762522968 2.5921428475553574 1.2496790562653781 1.2496790562653723 0.6873234809460171 0.6873234809459627 0.6873234809458578 1.857781476252522 1.8577814762524307 1.249679056265278 0.687323480945997 0.6873234809460247 1.8577814762522902 0.6873234809459393 0.6873234809460627 1.2496790562653943 0.6873234809459495 1.3746469618918806 1.2496790562653766 0.6873234809459726 0.6873234809459904 1.249679056265414 0.0 2.592142847555458 1.4262227424662317 1.374646961891883 1.8577814762525526 1.4996148675184202 1.4262227424663514 1.8577814762524407 0.6873234809458442 0.6873234809458945 1.8577814762524782 1.249679056265386 1.8577814762525882 1.2496790562652744 0.6873234809458643 1.2496790562653917 0.6873234809458596 2.5921428475554036 1.426222742466258 0.0 0.6873234809459794 1.249679056265265 1.4996148675183587 2.592142847555389 1.2496790562652502 0.6873234809459202 0.6873234809459761
770.0416052432325 0.6873234809459645 1.2496790562653486 2.592142847555418 0.687323480945974 1.2496790562653879 0.6873234809460134 1.42622274246625 0.6873234809459734 1.3746469618918564 1.3746469618918316 0.6873234809459866 1.426222742466209 1.8577814762524456 1.857781476252673 0.6873234809460219 2.5921428475551918 1.2496790562652875 1.857781476252402 1.2496790562653741 1.2496790562654023 1.2496790562653284 0.6873234809460596 0.6873234809459405 0.6873234809459605 0.34366174047296294 1.2496790562653781 1.2496790562653346 0.0 1.8577814762525187 1.3746469618917805 1.8577814762523852 1.374646961891781 1.2496790562652575 0.6873234809458503 1.37464696189184 0.6873234809458489 0.6873234809459439 1.4262227424661156 1.426222742466182 0.6873234809460287 1.2496790562654174 0.6873234809459146 1.2496790562653366 0.6873234809460369 1.4262227424661758 0.6873234809459093 0.6873234809459124 1.2496790562654343 1.2496790562653912 1.374646961891975 1.4262227424661904 1.426222742466267 0.687323480945938 1.8577814762526574 0.6873234809458855 0.0 1.2496790562653088 1.8577814762526026 1.4262227424662401 0.6873234809458382 1.24967905626525 0.6873234809458364 0.0 1.374646961891854 1.2496790562653322 0.6873234809459494 2.5921428475552974 1.4262227424661778 0.0 1.8577814762524882 0.6873234809458741 0.6873234809458346 0.6873234809459225 2.592142847555509 2.5921428475553636 1.2496790562655158 0.6873234809459391 1.8577814762524303 0.6873234809458784 1.374646961891961 0.6873234809459499 1.8577814762523484 0.6873234809458355 0.6873234809458899 1.8577814762525435 1.2496790562653721 1.2496790562653706 1.3746469618918853 1.4262227424661285 0.6873234809459905 0.6873234809458951 1.4262227424661982 1.857781476252414 0.6873234809458534 0.6873234809459604 1.2496790562652984 0.6873234809458985 1.8577814762525175 0.6873234809459681 1.2496790562653552 1.426222742466174 0.6873234809459922 1.4262227424662368 1.2496790562652464 1.8577814762524847 1.2496790562654507 0.6873234809459235 1.2496790562653348 0.6873234809459583 1.249679056265492 1.2496790562652502 1.857781476252446 0.6873234809459864 1.4262227424660991 1.2496790562654145 1.8577814762523184 1.8577814762524252 0.6873234809458669 0.6873234809458919 0.0 1.2496790562654068 0.6873234809460542 0.6873234809458968 1.4262227424660845 0.6873234809459685 0.0 0.6873234809459137 0.6873234809458632 1.2496790562653413 1.3746469618918224 1.2496790562653177 1.3746469618919648 1.3746469618918256 0.6873234809460393 0.6873234809458956 3.499101357543034 1.426222742466288 1.2496790562651565 0.687323480945923 0.6873234809460355
780.0416052432325 0.6873234809459097 1.2496790562653828 1.2496790562652498 0.6873234809458766 1.8577814762524463 2.5921428475555834 1.2496790562653284 0.6873234809459406 4.123940885675596 1.857781476252454 0.0 1.426222742466168 0.0 1.857781476252534 0.68732348094603 1.249679056265322 1.8577814762524123 1.374646961891767 1.3746469618918604 1.249679056265305 0.6873234809458793 0.6873234809458777 1.4262227424661589 1.2496790562652307 0.6873234809459864 1.249679056265308 0.0 0.0 0.6873234809459369 2.592142847555515 1.4262227424661944 1.374646961891887 1.2496790562653888 2.5921428475553054 0.0 1.8797183685458725 1.37464696189184 1.4262227424661555 0.0 0.6873234809458927 1.8577814762524947 0.6873234809458796 0.6873234809459231 1.4262227424661988 0.6873234809458653 0.6873234809459753 1.2496790562653726 1.2496790562654754 1.374646961891877 0.6873234809460055 1.4262227424661504 2.592142847555467 0.6873234809459194 1.2496790562651743 0.6873234809459934 1.4262227424663647 1.2496790562654212 1.426222742466297 1.8797183685460523 0.6873234809458987 0.6873234809458757 1.2496790562651787 1.8577814762524596 3.749037168795909 0.6873234809458564 1.2496790562653919 1.4262227424662857 1.249679056265367 0.6873234809459159 1.4262227424661642 0.687323480945827 1.857781476252608 0.6873234809459859 1.426222742466296 1.3746469618918145 1.2496790562654418 0.6873234809459725 0.0 0.6873234809458828 1.42622274246604 0.6873234809459958 1.249679056265308 1.8577814762524152 1.249679056265259 1.8577814762524372 0.687323480945982 0.6873234809459322 0.3436617404728762 1.374646961891837 1.249679056265473 0.6873234809459582 1.2496790562653923 2.5921428475554347 1.499614867518379 0.6873234809459638 0.6873234809457927 1.2496790562652682 2.5921428475553014 1.2496790562653144 1.2496790562652484 0.6873234809459579 1.2496790562651965 0.6873234809458465 0.6873234809460375 0.6873234809458586 0.6873234809459597 0.6873234809459564 2.5921428475553405 0.0 1.426222742466112 0.6873234809459042 1.249679056265208 0.6873234809459976 0.6873234809459313 0.6873234809459683 1.2496790562652138 1.3746469618919102 0.6873234809458841 0.6873234809459632 1.426222742466014 0.6873234809459061 1.4262227424660319 1.3746469618919108 0.6873234809458779 1.2496790562652424 1.249679056265307 0.0 1.4262227424661604 2.592142847555371 1.4262227424661005 1.426222742466124 1.2496790562654023 0.0 1.649623689918891 1.2496790562653475 1.85778147625254 1.2496790562653524 1.2496790562653577 0.6873234809459643 1.249679056265433
790.0416052432325 1.8577814762525067 0.687323480945893 0.687323480946016 1.2496790562654883 1.2496790562652453 0.6873234809460063 1.374646961891921 0.6873234809459015 4.123940885675593 1.2496790562654823 2.5921428475553516 1.3746469618919415 1.3746469618918127 1.2496790562654627 0.6873234809459214 1.8577814762523408 2.592142847555342 0.0 0.0 0.6873234809459757 0.68732348094599 0.6873234809459295 1.2496790562653979 4.123940885675618 0.34366174047295545 1.2496790562652178 1.374646961891881 0.0 1.2496790562654372 0.0 1.2496790562653588 1.8577814762524292 1.2496790562654216 1.879718368545936 1.3746469618918273 1.2496790562655031 1.2496790562652764 0.6873234809459771 1.8577814762524147 0.6873234809458953 1.857781476252476 0.6873234809458911 1.4262227424662686 1.374646961891967 0.0 1.24967905626554 0.6873234809459785 0.6873234809459732 1.2496790562652644 0.0 1.8577814762525227 0.6873234809458914 1.4262227424661424 0.0 0.6873234809459302 1.4262227424663563 2.5921428475553796 1.8577814762524136 1.3746469618919102 0.6873234809458855 1.8577814762524756 0.6873234809458756 1.374646961891839 1.4262227424662757 0.687323480945985 0.6873234809458945 2.5921428475554404 1.8577814762524947 0.687323480945851 1.4262227424661165 0.6873234809458766 0.6873234809458217 0.6873234809459137 0.6873234809458919 1.3746469618918493 1.2496790562652014 1.2496790562654378 0.6873234809460395 1.374646961891911 1.8577814762524751 0.6873234809459824 2.5921428475552215 1.249679056265333 0.6873234809458683 2.5921428475554356 0.6873234809458626 1.2496790562653934 1.2496790562653717 2.592142847555419 0.6873234809458327 1.2496790562653928 1.2496790562651523 1.2496790562653373 0.6873234809458639 1.8577814762524103 2.5921428475552473 0.6873234809459732 1.2496790562653912 1.2496790562653344 0.6873234809460129 2.5921428475554245 1.4262227424662997 1.3746469618917896 0.6873234809459243 0.6873234809459867 1.857781476252551 1.2496790562654294 1.649623689918876 0.6873234809458879 1.2496790562654743 0.6873234809459107 0.6873234809459446 0.6873234809460017 1.2496790562653632 1.8797183685461138 0.6873234809459173 0.6873234809460196 1.8577814762526006 1.2496790562653832 1.3746469618919372 0.6873234809459623 1.2496790562654145 1.2496790562652402 0.6873234809458652 1.8577814762523943 0.6873234809459317 1.8577814762524312 1.249679056265279 0.6873234809459372 1.8577814762525746 2.5921428475553228 1.374646961891854 0.0 1.2496790562653846 0.0 0.0 1.4262227424661449 0.687323480945876 0.6873234809459673 1.2496790562651972
800.0416052432325 0.6873234809459331 1.2496790562653948 0.6873234809459455 0.6873234809458729 0.6873234809459559 0.6873234809458982 2.592142847555463 0.687323480945923 4.278668227398547 1.4262227424662788 0.6873234809459806 1.2496790562653146 1.3746469618919248 0.0 1.2496790562653304 1.87971836854585 1.3746469618918917 1.3746469618918555 2.5921428475553934 0.6873234809459849 1.2496790562652913 1.2496790562652684 1.2496790562653903 0.6873234809459655 1.2496790562653168 1.2496790562651738 1.4262227424662768 0.0 1.374646961891839 2.5921428475552815 0.6873234809459279 1.4262227424661384 1.2496790562652706 2.5921428475554786 0.0 0.6873234809458592 1.426222742466175 0.6873234809460259 1.4262227424662335 1.8577814762523182 0.0 2.592142847555463 1.2496790562653066 1.3746469618918815 1.2496790562653937 0.6873234809459815 1.426222742466287 0.6873234809459176 0.6873234809459554 1.2496790562654465 2.592142847555426 0.0 0.6873234809459496 2.5921428475552943 0.6873234809459542 1.8577814762524663 0.0 1.4262227424664033 1.8577814762524507 1.8577814762524176 0.6873234809460079 1.4262227424661535 1.4262227424661953 0.6873234809460044 0.6873234809458755 0.6873234809459565 1.2496790562653464 1.4262227424660714 1.8577814762525686 1.4262227424662963 0.687323480946023 2.592142847555276 0.6873234809459142 1.8577814762526215 1.426222742466121 0.0 1.857781476252476 1.2496790562653644 0.6873234809459903 1.857781476252598 0.6873234809458777 1.4996148675184227 0.6873234809459822 0.6873234809458586 2.59214284755538 0.6873234809459766 1.249679056265327 1.2496790562654405 1.3746469618918888 1.2496790562651714 0.6873234809458851 1.249679056265268 0.6873234809458961 1.8577814762524343 1.249679056265349 1.2496790562651205 0.6873234809458826 0.687323480945995 2.592142847555396 0.6873234809458576 0.6873234809459161 1.249679056265195 0.6873234809460181 0.6873234809459378 0.6873234809459751 0.0 1.2496790562654356 0.6873234809460071 1.4262227424661966 1.249679056265512 0.6873234809459221 0.6873234809458383 1.8577814762525446 1.426222742466315 1.3746469618918595 0.6873234809459895 0.6873234809460224 1.426222742466085 1.2496790562653792 0.0 1.8577814762524407 0.6873234809459031 0.6873234809460005 0.6873234809459259 1.374646961891883 1.2496790562652 0.0 1.249679056265482 0.6873234809459656 1.3746469618919173 0.6873234809459327 1.6496236899191374 0.6873234809459193 0.687323480945963 0.6873234809459529 0.6873234809458181 1.2496790562654265 0.687323480945793 0.6873234809458814 1.2496790562653253
810.0416052432325 1.2496790562652536 0.6873234809458711 0.6873234809459015 1.3746469618919195 0.6873234809459656 1.4996148675185277 0.6873234809458764 1.4262227424663148 2.0619704428378087 1.426222742466054 0.0 1.8577814762523917 1.249679056265308 1.426222742466165 1.2496790562653377 0.6873234809459832 1.857781476252446 2.5921428475553823 1.2496790562653977 0.6873234809460029 0.6873234809458547 0.0 1.426222742466168 0.6873234809458516 0.6248395281327076 1.2496790562653672 1.8577814762524796 1.3746469618918282 1.4262227424662524 0.6873234809458881 0.6873234809459198 2.5921428475553623 1.249679056265267 1.2496790562654474 1.3746469618918868 0.0 1.857781476252472 0.6873234809458473 1.374646961891881 2.59214284755543 1.3746469618919055 1.4996148675184635 0.6873234809459183 0.0 0.6873234809458297 0.6873234809460615 1.2496790562653841 1.2496790562652944 0.6873234809459541 2.592142847555273 0.0 0.6873234809459747 1.4262227424662388 1.374646961891928 1.2496790562653612 0.6873234809459206 2.5921428475554027 1.3746469618919694 2.592142847555412 0.6873234809459087 1.8797183685460808 0.6873234809460406 1.2496790562654345 0.6873234809459315 2.5921428475554786 1.2496790562651428 1.4262227424661722 0.0 0.6873234809458776 0.0 1.8577814762525127 1.4996148675184593 0.6873234809459192 1.499614867518417 1.8577814762525016 0.6873234809460119 0.6873234809459264 1.8577814762523688 1.2496790562654272 0.0 0.6873234809459046 0.6873234809458286 0.687323480945938 1.857781476252591 1.249679056265321 0.6873234809458626 1.2496790562652365 1.2496790562654914 1.4262227424662668 0.0 0.6873234809459186 0.6873234809459038 1.3746469618919155 0.6873234809458566 0.6873234809459321 1.2496790562654307 1.2496790562654212 1.249679056265167 0.6873234809459571 0.6873234809459697 1.374646961891841 1.4262227424662364 1.8577814762524427 1.2496790562654585 1.8577814762524552 1.426222742466095 0.0 0.6873234809458786 0.6873234809459076 0.6873234809459503 1.2496790562653686 0.6873234809460687 0.6873234809459262 1.2496790562655091 0.0 0.6873234809460456 0.6873234809458497 0.0 1.2496790562653637 0.0 0.6873234809459764 1.2496790562655224 1.249679056265314 0.687323480945981 1.857781476252462 1.4262227424663232 0.0 0.0 1.249679056265242 1.374646961891889 1.426222742466139 1.3746469618919357 1.249679056265421 2.5921428475555213 0.6873234809458771 1.2496790562654028 0.6873234809459372 0.6873234809459322 1.8577814762524192 1.2496790562651756
820.0416052432325 1.2496790562653657 0.6873234809459579 0.6873234809459646 1.2496790562651594 1.2496790562652653 1.2496790562652382 2.5921428475554187 0.6873234809459492 0.6873234809459826 1.2496790562652185 0.687323480945915 1.857781476252645 1.3746469618919186 1.2496790562652256 1.2496790562653801 1.2496790562653564 1.3746469618918251 1.426222742466276 2.592142847555448 1.8577814762524836 0.6873234809459692 0.6873234809458557 0.6873234809459327 0.6873234809459712 1.8577814762524603 1.2496790562653985 0.0 0.0 1.2496790562652678 0.6873234809459405 1.374646961891897 1.4262227424663425 1.2496790562654232 1.4262227424660978 1.3746469618918404 1.4262227424663636 0.6873234809459217 1.2496790562653084 0.0 1.426222742466293 2.5921428475553485 1.8577814762524916 1.8577814762524472 2.5921428475553596 0.6873234809458718 0.6873234809460356 1.2496790562653797 1.8577814762523572 1.3746469618918513 1.3746469618919195 0.0 1.2496790562652769 1.2496790562653464 2.592142847555474 0.6873234809459879 2.5921428475554706 1.8577814762524862 0.6873234809459511 1.4262227424662643 0.6873234809459748 0.6873234809459048 1.4262227424662866 1.4262227424661793 0.6873234809459821 1.2496790562653817 1.249679056265166 1.2496790562653437 0.6873234809459257 0.6873234809459703 1.2496790562653701 1.2496790562653994 1.374646961891933 1.2496790562652618 2.0994608145256466 1.4262227424662326 1.2496790562651678 0.0 0.6873234809459863 0.6873234809458704 1.3746469618917982 0.6873234809459005 0.0 0.6873234809459972 1.3746469618919488 0.6873234809459245 1.2496790562654123 1.2496790562652325 1.2496790562654914 1.649623689918953 1.2496790562653157 1.2496790562653088 1.4262227424661476 1.2496790562653743 1.24967905626535 0.6873234809459674 0.6873234809460023 0.687323480945966 1.2496790562651865 0.6873234809459233 0.6873234809460461 1.426222742466228 0.6873234809459623 0.6873234809460351 1.2496790562655455 1.3746469618918118 0.0 0.6873234809458622 0.6873234809459865 0.0 1.2496790562653046 0.6873234809458962 1.2496790562653843 1.2496790562654008 0.0 0.0 1.2496790562651539 0.6873234809458492 1.2496790562651665 0.687323480945974 0.6873234809458023 0.6873234809459295 0.6873234809459985 0.687323480945956 0.6873234809459502 0.687323480945961 1.4262227424661615 1.649623689918938 1.2496790562654079 1.2496790562653037 2.5921428475554484 1.2496790562652635 0.0 2.5921428475553077 1.2496790562652365 1.2496790562654274 1.2496790562653923 1.4996148675184937 1.2496790562651554 1.4262227424662537 0.6873234809459849
830.0416052432325 0.6873234809458748 1.249679056265379 0.6873234809459269 1.4996148675184782 1.2496790562652498 1.857781476252575 1.249679056265367 0.6873234809458646 0.6873234809458989 1.2496790562652382 0.6873234809459329 1.4262227424662604 1.857781476252502 1.249679056265489 0.6873234809460566 1.8577814762523097 1.4262227424662217 0.0 1.8577814762524383 0.6873234809458908 1.2496790562653903 1.249679056265383 0.6873234809459717 1.2496790562653348 0.34366174047295545 1.2496790562655244 0.0 0.6873234809460257 1.2496790562653242 0.6873234809458358 2.592142847555386 1.2496790562655191 2.592142847555325 1.2496790562655322 1.4262227424662368 1.8577814762524651 1.3746469618918904 0.6873234809459485 1.8577814762524167 0.6873234809459136 1.4262227424662475 2.592142847555549 1.4262227424662937 1.2496790562653164 0.6873234809458715 0.6873234809459533 0.6873234809459412 0.6873234809458612 1.2496790562653333 1.2496790562654272 0.0 1.3746469618917834 2.592142847555291 1.2496790562653484 2.5921428475553028 1.3746469618917867 1.8577814762524827 1.374646961891934 1.374646961891822 0.6873234809460135 0.6873234809459066 1.2496790562654414 1.3746469618918908 1.3746469618918002 1.2496790562654085 1.249679056265518 0.6873234809459428 1.4262227424661715 1.2496790562653863 0.0 0.6873234809459532 0.6873234809459706 1.2496790562652984 1.249679056265303 1.426222742466311 2.592142847555466 0.0 0.6873234809459816 0.6873234809460248 1.249679056265319 1.4262227424661091 0.6873234809458286 0.6873234809459376 0.6873234809460316 0.6873234809458942 1.2496790562654883 0.6873234809459388 1.8577814762524008 1.374646961891875 0.6873234809459527 1.374646961891909 0.0 2.5921428475554293 1.3746469618917994 1.24967905626532 1.8577814762524207 2.5921428475553974 1.2496790562654212 2.592142847555429 0.6873234809460459 1.8577814762524922 0.6873234809460138 0.6873234809459082 0.687323480945908 2.5921428475553765 0.6873234809459615 1.249679056265397 1.8577814762526041 0.6873234809458928 1.249679056265432 1.8577814762524103 1.8577814762523523 0.6873234809459957 1.8577814762525762 0.6873234809459636 0.6873234809459344 2.5921428475554444 1.3746469618919832 1.2496790562653601 1.3746469618919233 0.6873234809459412 1.426222742466271 0.6873234809459509 1.2496790562653324 1.8577814762524603 0.0 0.0 1.8577814762523728 0.0 1.8797183685459429 1.857781476252464 0.0 1.2496790562652849 1.2496790562655156 1.249679056265291 2.592142847555488 0.6873234809458949 1.857781476252571 1.3746469618918506 0.6873234809458945
840.0416052432325 0.6873234809459224 1.426222742466323 0.6873234809459338 1.374646961891875 0.6873234809459329 0.687323480945879 1.24967905626544 0.6873234809460348 0.0 1.2496790562654971 1.857781476252553 1.8577814762523301 0.0 1.8577814762524247 2.5921428475554453 2.592142847555527 1.4262227424662115 1.3746469618918555 1.3746469618918418 2.5921428475554125 2.5921428475554373 1.2496790562651907 1.2496790562653135 0.6873234809459768 1.2496790562653168 0.6873234809459094 1.2496790562653046 1.2496790562652331 1.4262227424662501 0.6873234809460598 1.8577814762524612 0.6873234809459958 0.6873234809458989 1.249679056265284 1.3746469618918749 1.2496790562653335 1.4262227424662708 0.6873234809459944 2.5921428475554604 1.3746469618918398 1.3746469618918835 1.4262227424662177 0.687323480945945 0.0 0.6873234809459944 0.6873234809458607 1.6496236899189127 0.6873234809459442 1.2496790562653903 1.3746469618919195 1.374646961891908 1.4262227424660705 1.249679056265432 1.3746469618918706 1.249679056265255 1.374646961891871 1.3746469618918993 0.6873234809460702 1.3746469618918877 1.249679056265499 1.2496790562653528 0.6873234809459172 1.879718368546024 0.6873234809459091 0.6873234809460209 1.2496790562651512 0.6873234809459549 0.6873234809458526 1.249679056265309 1.857781476252599 2.5921428475554866 0.6873234809460621 0.6873234809459065 2.5921428475555586 1.2496790562653413 1.3746469618919042 0.0 1.8577814762525646 1.2496790562653728 0.0 0.687323480946016 0.6873234809458286 0.6873234809458701 1.249679056265341 0.6873234809458731 0.6873234809460426 1.8577814762524072 1.3746469618918555 1.374646961891863 0.6873234809459146 1.3746469618919173 1.4262227424663125 1.2496790562653102 1.8577814762523588 1.2496790562653164 0.6873234809460192 0.687323480946012 1.2496790562654363 1.8577814762524587 0.6873234809459164 1.8577814762524922 0.68732348094598 1.249679056265411 0.6873234809459888 0.6873234809459433 1.2496790562652533 0.6873234809459221 1.3746469618918278 0.6873234809459405 0.6873234809459492 1.2496790562652431 3.499101357542758 0.6873234809460126 0.6873234809459455 1.8577814762524887 1.2496790562652824 2.592142847555466 2.592142847555315 0.0 1.249679056265294 0.6873234809459311 0.6873234809459275 1.8577814762524243 1.4262227424662381 1.2496790562653404 1.374646961891877 0.0 1.3746469618917971 0.6873234809459283 1.4262227424663148 0.6873234809459718 0.6873234809458522 0.687323480945909 0.6873234809459163 1.2496790562652669 1.8577814762523617 1.426222742466162 1.2496790562651547 0.6873234809458847 0.6873234809459795
850.0416052432325 1.2496790562652613 0.6873234809460189 0.6873234809459648 1.4262227424663412 1.249679056265361 1.4262227424663743 0.6873234809459237 0.6873234809459694 1.249679056265333 2.5921428475555057 1.4262227424662914 0.0 0.0 1.2496790562652003 1.2496790562652258 1.8577814762524127 1.37464696189183 1.8577814762523341 0.0 0.6873234809458753 2.5921428475553414 0.6873234809458786 1.3746469618918613 0.6873234809458909 0.6248395281327076 1.2496790562652431 1.8577814762525156 1.4262227424663536 0.6873234809459919 0.687323480945889 0.0 2.5921428475552695 0.0 1.4262227424662133 1.2496790562653646 1.3746469618918293 0.6873234809459865 1.2496790562654305 1.2496790562653306 1.3746469618919384 1.3746469618918644 1.2496790562652713 1.4262227424661365 1.4262227424661498 0.6873234809459675 0.6873234809459704 0.6873234809458832 1.249679056265304 1.426222742466225 2.5921428475555772 1.4262227424662077 0.6873234809459484 1.8577814762524971 2.5921428475552672 1.2496790562653843 0.687323480945931 1.374646961891903 1.249679056265529 0.6873234809459375 0.6873234809458134 0.6873234809459541 2.592142847555413 1.374646961891861 0.6873234809459164 0.6873234809459857 0.6873234809459029 0.6873234809459241 1.2496790562655058 0.687323480945851 1.8577814762523752 0.6873234809459585 2.592142847555497 0.6873234809459309 2.5921428475552637 1.426222742466317 0.68732348094585 1.374646961891863 1.2496790562652034 1.8577814762525082 1.249679056265182 0.6873234809459265 2.592142847555571 0.6873234809458982 1.249679056265483 2.5921428475553294 0.6873234809459285 0.0 1.8577814762524008 1.4262227424661724 0.6873234809460367 0.6873234809459399 0.6873234809460085 1.499614867518428 1.2496790562654667 0.687323480945957 0.687323480945967 0.6873234809458654 0.6873234809458817 1.2496790562653821 0.6873234809460285 0.0 0.687323480945924 1.2496790562652373 0.6873234809459278 1.249679056265363 0.6873234809458877 0.6873234809459765 1.8577814762525275 0.0 0.0 1.2496790562653124 0.6873234809459391 0.687323480945911 1.2496790562653595 1.2496790562653965 0.6873234809458546 0.6873234809459138 0.0 1.2496790562653317 1.374646961891903 1.426222742466133 0.6873234809458495 1.2496790562653184 0.6873234809458746 1.8577814762524996 0.6873234809458374 2.5921428475554142 1.374646961891865 1.24967905626539 0.6873234809460315 0.687323480945925 1.249679056265135 0.6873234809459037 0.6873234809459643 0.687323480945925 1.249679056265231 0.0 1.374646961891796 2.592142847555382 0.6873234809460211
860.0416052432325 1.2496790562654225 1.249679056265244 0.6873234809459904 1.249679056265543 1.4262227424663034 1.2496790562654467 1.2496790562653042 1.2496790562651612 1.4262227424661285 0.6873234809458412 0.0 1.2496790562653757 1.374646961891924 1.2496790562655002 0.6873234809459864 1.2496790562651456 1.8577814762524671 1.8577814762524008 0.0 0.6873234809460245 1.8577814762524272 0.687323480946027 0.687323480945978 3.7490371687959003 1.2496790562652849 1.249679056265437 1.4262227424662808 0.6873234809460097 1.42622274246617 1.2496790562654656 1.4262227424662008 1.374646961891863 0.6873234809459442 2.5921428475554826 1.4262227424661271 0.0 0.6873234809459356 1.2496790562655342 2.59214284755535 1.857781476252374 1.8577814762525011 0.6873234809458602 1.2496790562653122 1.2496790562653317 0.6873234809458829 0.6873234809458956 1.8577814762524003 0.687323480945914 0.6873234809459884 0.0 0.0 1.2496790562655282 0.6873234809459875 0.0 1.857781476252468 1.2496790562651767 0.0 0.6873234809459353 0.6873234809458829 1.3746469618918018 0.6873234809458996 0.6873234809458968 1.249679056265305 0.0 1.24967905626534 0.6873234809460693 0.687323480945919 0.6873234809459026 0.6873234809459894 1.249679056265317 0.6873234809459218 1.8577814762523257 0.6873234809459318 1.2496790562655409 0.0 0.6873234809459818 1.2496790562653837 1.2496790562652513 1.2496790562653548 0.0 0.6873234809459372 2.592142847555571 1.2496790562653024 1.426222742466122 2.5921428475554253 1.2496790562651516 1.2496790562652518 1.8577814762524008 0.0 0.6873234809458634 1.857781476252408 0.6873234809459545 0.6873234809458991 1.8577814762524367 0.6873234809459573 1.8577814762524256 0.6873234809459153 1.249679056265433 0.68732348094598 1.3746469618919488 1.8577814762524802 0.6873234809459036 0.6873234809459768 0.6873234809460285 1.2496790562652556 0.6873234809459697 0.6873234809459728 1.2496790562651776 0.6873234809459405 1.8577814762524467 1.2496790562654312 2.5921428475554977 1.2496790562652649 0.6873234809458659 0.687323480945948 1.2496790562655111 1.249679056265313 0.68732348094593 0.6873234809459234 1.249679056265466 1.2496790562653506 1.4262227424660243 1.2496790562653475 0.6873234809458727 1.2496790562654276 1.4262227424663374 2.5921428475553814 1.37464696189177 0.6873234809459448 1.2496790562655422 1.2496790562654256 1.4262227424661889 0.6873234809459836 1.249679056265269 1.2496790562652853 0.6873234809458593 1.249679056265343 0.6873234809459609 0.6873234809459116 0.6873234809459704
870.0416052432325 1.2496790562653448 1.8577814762525806 0.6873234809458482 0.6873234809459133 0.6873234809459525 1.4262227424661484 0.6873234809459166 0.6873234809460823 1.2496790562653846 0.6873234809460497 0.6873234809459585 2.592142847555527 0.0 1.2496790562651456 1.6496236899188963 0.0 1.249679056265302 1.426222742466276 1.3746469618919266 0.6873234809459692 1.2496790562652904 0.6873234809459842 1.24967905626525 1.2496790562655262 0.6248395281326482 0.6873234809459488 1.8577814762524656 1.374646961891817 0.6873234809459349 1.4262227424663962 1.249679056265323 0.6873234809459209 1.4262227424661826 0.68732348094593 1.4262227424662808 1.3746469618918693 0.6873234809459335 1.3746469618918586 1.857781476252452 1.2496790562651523 1.249679056265408 1.426222742466341 1.2496790562653892 1.8577814762525406 1.2496790562653277 0.687323480945913 0.6873234809458894 0.6873234809459503 1.249679056265405 1.2496790562654791 1.8577814762524476 2.592142847555475 1.2496790562653228 1.2496790562653464 1.249679056265302 0.6873234809459198 1.8577814762524243 0.6873234809459777 1.2496790562653306 0.6873234809460018 1.8577814762524127 1.3746469618918629 0.0 0.6873234809458902 1.2496790562654119 0.6873234809459979 0.6873234809459545 0.0 0.6873234809458736 1.4262227424662544 0.6873234809459073 0.6873234809458947 0.6873234809459433 1.8577814762525455 1.374646961891869 2.592142847555259 0.0 0.6873234809458355 1.2496790562654407 1.857781476252515 0.6873234809459975 1.2496790562654914 0.6873234809460169 0.0 1.374646961891895 0.6873234809459555 0.6873234809459906 1.8577814762524008 1.4262227424663005 1.857781476252554 1.2496790562653712 1.249679056265271 1.2496790562653786 1.2496790562652977 2.5921428475553854 1.2496790562654185 0.6873234809458867 1.2496790562652218 1.249679056265334 0.6873234809459835 1.249679056265281 0.6873234809458361 0.6873234809459012 1.2496790562654259 0.687323480945901 1.4262227424660066 1.4262227424662781 0.6873234809459845 1.3746469618919162 0.687323480945962 0.6873234809458961 0.6873234809458902 0.6873234809460002 0.6873234809459141 0.6873234809459485 2.592142847555562 0.6873234809459043 0.6873234809458286 1.2496790562653084 0.0 0.6873234809459622 0.6873234809459084 0.6873234809460205 0.6873234809458699 0.6873234809458938 1.4262227424662053 1.374646961891828 0.0 0.6873234809458886 0.0 1.4262227424661609 1.2496790562653106 1.2496790562653357 0.6873234809460361 0.687323480945953 1.4262227424662632 0.6873234809459245 1.2496790562654723 0.6873234809459813 1.3746469618918884
880.0416052432325 0.6873234809459763 0.6873234809459952 0.6873234809460158 0.6873234809460615 0.687323480945948 0.6873234809459438 1.2496790562653068 1.2496790562652125 0.687323480945925 1.2496790562654498 1.3746469618919026 0.0 0.0 1.8577814762524008 1.2496790562652753 1.8577814762523341 0.0 0.0 0.0 1.2496790562652405 0.6873234809459077 0.6873234809459196 1.2496790562653577 0.6873234809460429 0.6873234809458961 0.6873234809460409 1.2496790562654143 1.3746469618918817 1.2496790562653823 1.4262227424661298 1.2496790562653626 1.2496790562652202 1.8577814762524796 1.2496790562654914 0.0 1.4262227424661738 1.857781476252524 0.6873234809459386 0.0 1.2496790562652833 0.6873234809459725 0.0 1.249679056265261 1.4262227424663694 1.2496790562653206 1.2496790562653124 0.6873234809459422 0.6873234809459815 1.249679056265256 1.2496790562652873 2.592142847555419 1.4262227424664145 0.0 1.3746469618919421 0.687323480945962 0.6873234809460452 2.5921428475553556 1.2496790562653157 1.8577814762524612 0.6873234809459127 1.8577814762524483 0.0 1.4262227424661498 2.061970442837737 1.2496790562652969 1.249679056265269 0.6873234809459884 1.4262227424660663 0.6873234809459882 0.0 0.6873234809459557 0.6873234809459756 1.8577814762524296 1.8577814762524931 0.0 0.6873234809460099 1.3746469618918353 0.6873234809460039 1.249679056265284 1.649623689919035 1.2496790562653102 1.426222742466081 0.6873234809459833 1.249679056265228 0.0 0.6873234809458809 0.6873234809459565 1.8577814762524008 1.3746469618918518 1.249679056265398 1.2496790562652678 1.2496790562655065 1.8577814762524667 2.592142847555484 0.0 0.6873234809458898 0.6873234809459259 1.3746469618917894 0.6873234809459475 0.6873234809458755 1.4262227424661937 1.249679056265196 0.6873234809458817 0.6873234809458755 0.6873234809458709 1.374646961891859 2.5921428475554285 1.2496790562655238 0.6873234809459602 1.2496790562652054 0.6873234809458904 1.2496790562652211 0.6873234809458877 0.6873234809459472 0.6873234809459237 1.8577814762524782 1.2496790562653346 2.5921428475553823 0.6873234809459663 0.6873234809458715 0.6873234809459557 0.6873234809459745 0.6873234809458485 1.857781476252456 1.4996148675183583 2.592142847555434 1.8577814762524671 1.8577814762522677 0.6873234809458967 0.6873234809458286 1.2496790562653664 2.592142847555486 0.6873234809459873 1.2496790562651963 0.6873234809459151 0.6873234809460332 1.2496790562653395 1.8577814762525862 0.6873234809458942 0.0
890.0416052432325 1.249679056265328 0.6873234809460335 1.249679056265309 0.687323480945841 0.6873234809458849 0.68732348094593 0.6873234809458739 0.6873234809459685 1.2496790562653044 1.2496790562651456 1.8577814762524631 1.8577814762524008 1.4262227424662646 1.3746469618918555 0.6873234809458626 1.3746469618918555 1.2496790562653421 1.426222742466276 1.249679056265351 1.4262227424661644 0.6873234809459056 1.2496790562653166 0.6873234809459134 0.6873234809460672 0.34366174047299525 1.2496790562654325 0.0 1.2496790562653666 1.2496790562653481 1.3746469618917907 0.6873234809459029 0.6873234809459665 2.592142847555412 1.3746469618918555 1.4262227424662617 1.2496790562654914 1.2496790562653863 1.8577814762524916 1.4262227424662763 0.0 1.374646961891861 1.879718368545912 0.6873234809458973 0.0 1.2496790562653983 0.6873234809458848 2.5921428475554467 0.6873234809458659 1.24967905626527 0.0 1.249679056265299 0.6873234809459252 1.8577814762525047 1.4262227424661702 0.6873234809459338 2.5921428475553308 0.0 1.2496790562652953 1.2496790562653073 0.6873234809459707 1.2496790562653 2.592142847555321 1.85778147625241 1.2496790562651943 0.6873234809459525 0.6873234809459605 0.0 0.687323480946052 1.2496790562653866 0.0 1.2496790562652675 0.6873234809460361 1.2496790562653879 1.2496790562654914 1.4262227424662102 0.6873234809459194 1.2496790562653164 1.8577814762525247 0.687323480945934 1.3746469618918555 1.24967905626524 1.2496790562654914 1.2496790562653501 2.592142847555213 1.2496790562654398 1.2496790562653723 0.6873234809458891 0.0 0.0 0.6873234809460392 0.6873234809459495 0.0 1.2496790562653053 1.2496790562654914 0.6873234809459287 1.2496790562653604 0.6873234809458346 0.6873234809458424 1.2496790562652764 0.6873234809459372 1.4262227424662584 0.6873234809459482 1.2496790562653726 0.6873234809458801 1.2496790562653128 0.0 1.4262227424662026 0.6873234809460291 0.6873234809459803 0.68732348094593 0.6873234809459179 1.2496790562652031 0.6873234809458709 1.2496790562653342 0.6873234809459293 2.592142847555381 0.6873234809459241 1.8797183685461856 0.6873234809459515 0.0 1.249679056265413 0.6873234809459665 1.249679056265266 1.2496790562653701 1.8577814762524352 0.6873234809459833 1.374646961891833 0.0 1.2496790562653886 1.4996148675183214 0.6873234809459225 1.649623689919124 1.4262227424661753 0.6873234809458286 0.6873234809458872 0.6873234809458661 0.6873234809459433 2.59214284755537 1.4262227424661296 0.6873234809459096
900.0416052432325 1.2496790562653048 0.6873234809459016 1.4262227424661222 1.374646961891887 0.6873234809459497 0.68732348094593 0.6873234809459549 0.6873234809459683 1.85778147625244 0.6873234809458286 1.249679056265353 1.3746469618918555 1.374646961891856 0.6873234809458286 0.6873234809459459 1.426222742466276 0.0 1.426222742466276 1.8577814762524816 1.2496790562654023 0.6873234809459425 0.6873234809458636 0.6873234809459422 0.6873234809459081 0.3436617404729618 0.6873234809460049 0.0 0.68732348094593 1.2496790562653943 1.2496790562654707 2.5921428475554635 1.2496790562653575 2.592142847555279 1.2496790562654914 2.5921428475554054 0.0 0.6873234809458768 0.6873234809459196 1.8577814762524896 0.68732348094593 0.0 0.6873234809459675 0.6873234809459335 1.8577814762524902 0.6873234809458911 1.2496790562652973 1.2496790562652622 1.2496790562653692 1.2496790562652904 2.592142847555528 1.3746469618919057 1.2496790562653943 1.857781476252478 1.3746469618917618 0.6873234809459615 1.2496790562655422 1.426222742466127 0.6873234809460543 0.6873234809459194 1.2496790562653965 0.0 1.2496790562651576 1.2496790562653268 0.6873234809459546 0.6873234809459475 0.6873234809458487 1.2496790562653608 0.6873234809459803 1.2496790562653064 1.4262227424661322 2.592142847555448 1.249679056265247 0.6873234809459661 2.592142847555571 1.426222742466242 1.249679056265423 1.857781476252434 0.0 0.6873234809459305 1.3746469618918555 0.6873234809460488 1.2496790562654914 1.2496790562653541 0.0 2.592142847555347 1.2496790562652353 1.2496790562653595 1.426222742466081 1.4262227424661826 1.857781476252466 1.2496790562653017 0.6873234809459529 1.8577814762524887 1.2496790562654914 0.6873234809459884 0.687323480945964 0.687323480945901 1.8577814762525215 0.6873234809459594 0.6873234809459373 1.426222742466236 0.6873234809459335 1.2496790562653572 0.6873234809459774 0.6873234809458918 1.2496790562654083 1.3746469618919355 1.649623689918959 0.6873234809459018 0.6873234809458286 0.6873234809459171 0.6873234809459353 0.6873234809459544 0.6873234809458333 1.4262227424662626 0.6873234809458627 0.6873234809459086 1.426222742466276 1.3746469618918729 2.5921428475554253 1.374646961891909 0.6873234809458377 1.4262227424662224 0.0 0.6873234809459036 1.4262227424660778 1.3746469618918926 0.0 0.6873234809459802 0.6873234809458286 0.6873234809458784 0.6873234809458286 0.0 0.6873234809458286 1.2496790562653672 0.687323480945995 1.857781476252376 1.4262227424661675 0.6873234809459332 1.4262227424663605
910.0416052432325 0.6873234809458862 0.6873234809460175 0.6873234809459255 1.3746469618918251 0.6873234809459136 1.8577814762524008 0.6873234809459777 0.6873234809458302 1.3746469618918642 1.426222742466276 2.5921428475553783 2.592142847555571 1.2496790562653173 2.592142847555571 2.5921428475553836 3.4991013575427496 2.5921428475553707 1.8577814762523341 1.426222742466236 1.4996148675183667 1.4262227424662686 0.6873234809458354 1.2496790562653053 0.6873234809458987 1.3746469618918558 1.2496790562655078 2.592142847555406 1.2496790562655422 0.6873234809459114 0.0 0.6873234809458961 1.2496790562651963 1.8577814762525027 0.6873234809458286 1.4262227424662643 1.426222742466276 0.6873234809459604 1.426222742466309 1.4262227424662184 1.426222742466276 1.85778147625249 1.8577814762523797 0.0 1.85778147625261 0.6873234809459715 0.6873234809458957 1.8577814762524087 0.6873234809459485 1.2496790562654325 1.3746469618919661 1.4262227424662155 1.2496790562654077 0.0 1.3746469618918955 1.2496790562653781 1.426222742466276 2.5921428475553503 1.2496790562651545 1.4262227424662481 0.6873234809459243 1.4996148675184 1.4996148675183154 1.8577814762525047 0.0 1.857781476252422 0.6873234809458381 1.426222742466279 1.426222742466289 0.6873234809460135 1.2496790562653821 0.6873234809459194 1.8577814762522882 1.4262227424662153 1.426222742466276 1.3746469618918788 0.6873234809458092 1.4262227424661738 1.249679056265186 0.6873234809459461 1.8577814762523341 2.5921428475554533 1.6496236899187942 4.123940885675621 0.0 1.2496790562653177 1.2496790562652216 1.374646961891913 1.3746469618918555 1.4262227424661524 1.2496790562651654 0.687323480945872 1.2496790562655002 1.4996148675183991 2.5921428475553823 0.6873234809459126 0.6873234809460368 1.2496790562652564 2.592142847555484 0.6873234809460115 0.6873234809458701 1.4262227424662524 1.2496790562655369 1.2496790562653701 0.6873234809459186 1.857781476252474 1.374646961891903 0.6873234809459045 0.6873234809459392 1.249679056265326 1.2496790562654914 0.6873234809459176 0.0 0.6873234809459379 1.8577814762523233 1.2496790562654139 0.6873234809458754 0.687323480945975 1.8577814762523341 0.6873234809459454 1.8797183685461298 0.6873234809459564 0.68732348094593 0.6873234809459524 1.374646961891861 1.2496790562653706 1.426222742466243 1.8577814762524496 1.857781476252582 0.6873234809459126 0.6873234809458286 0.6873234809459255 1.8577814762524008 1.3746469618918866 1.8797183685461856 0.6873234809460016 0.6873234809459152 1.2496790562652924 1.2496790562655093 1.8577814762524043 1.8577814762524367
920.0416052432325 1.2496790562653224 1.8577814762523932 0.6873234809459188 0.6873234809460075 0.6873234809459033 1.249679056265506 0.6873234809459505 1.2496790562654523 1.3746469618919142 1.4262227424663603 1.4262227424662166 2.5921428475553614 0.0 2.5921428475552726 1.2496790562653903 1.857781476252519 1.4262227424662368 1.4262227424661744 1.8577814762524723 1.2496790562651847 1.249679056265302 0.6873234809459461 0.6873234809459565 0.687323480945942 1.2496790562654 1.2496790562651774 1.4262227424662703 0.6873234809458587 1.2496790562653106 1.8577814762523541 1.2496790562653892 1.374646961891849 1.2496790562654279 1.2496790562651636 1.426222742466185 1.8577814762524483 1.4262227424662246 0.6873234809460086 1.4262227424662857 0.6873234809459239 1.426222742466233 0.6873234809459061 2.592142847555457 1.2496790562653335 0.6873234809458543 0.6873234809460084 0.6873234809459685 0.6873234809459147 2.5921428475552935 1.374646961891903 0.0 0.0 1.2496790562653493 1.2496790562652964 0.6873234809459084 0.6873234809458989 1.374646961891853 1.2496790562651763 1.4996148675184202 1.2496790562654165 0.6873234809459361 1.2496790562653102 1.8577814762524552 1.426222742466292 1.8577814762524147 1.2496790562654028 1.8577814762524343 1.2496790562651507 0.0 1.4262227424660916 1.2547300488121154 2.592142847555368 0.6873234809459309 1.4996148675183874 1.8577814762524376 1.2496790562653084 1.8577814762524292 0.6873234809459917 0.6873234809459763 0.0 0.6873234809458298 0.6873234809459572 1.374646961891987 1.4262227424660037 0.0 0.687323480945907 1.2496790562653706 1.2496790562654034 0.0 1.2496790562655096 0.6873234809458898 0.6873234809459673 1.4262227424662288 0.6873234809460016 1.2496790562652598 0.6873234809460211 0.6873234809459512 0.6873234809459897 0.6873234809459707 0.6873234809459405 1.426222742466215 0.6873234809458015 1.2496790562653115 1.4262227424661658 1.249679056265333 0.0 1.2496790562652658 1.2496790562653421 2.59214284755542 1.8577814762524283 1.857781476252446 1.2496790562653084 1.2496790562652695 1.249679056265495 1.2496790562654057 1.24967905626519 0.6873234809459604 0.6873234809459319 1.8577814762524476 1.2496790562654223 1.2496790562653641 0.6873234809460053 1.2496790562653106 0.0 1.2496790562653672 0.6873234809459654 2.592142847555452 0.0 1.2496790562653552 0.6873234809459232 1.2496790562652902 0.6873234809459938 0.0 0.6873234809460003 2.592142847555409 1.2496790562655302 1.2496790562653477 0.6873234809459606 1.2496790562653832 1.8577814762525635
930.0416052432325 2.5921428475553965 1.2496790562652236 1.2496790562652653 0.6873234809459076 1.2496790562652975 1.8797183685460164 1.4262227424661726 0.6873234809458736 0.0 1.2496790562652842 1.2496790562652513 2.592142847555568 0.0 0.6873234809459196 1.249679056265247 2.5921428475552752 2.5921428475553805 0.0 1.3746469618918904 0.6873234809459108 1.8577814762524583 1.8577814762524476 0.6873234809459615 1.24967905626513 0.3436617404729623 0.6873234809458629 1.374646961891816 0.6873234809459658 0.6873234809459586 1.3746469618918244 0.6873234809459132 0.6873234809458505 1.4262227424661928 1.4262227424660925 0.0 2.592142847555362 1.2496790562652393 1.2496790562654465 0.0 2.592142847555409 1.6496236899189294 0.0 1.2496790562654296 0.6873234809458602 2.5921428475553827 0.6873234809460443 2.592142847555488 0.687323480946049 0.6873234809459159 0.0 1.249679056265337 1.3746469618918722 0.0 0.6873234809460388 0.6873234809459092 1.3746469618918347 1.3746469618918884 0.6873234809458004 2.5921428475553854 0.6873234809459364 1.8577814762524332 1.8577814762524263 1.374646961891887 0.6873234809458577 1.2496790562653022 1.2496790562653513 0.6873234809459585 1.2496790562654878 1.2496790562653404 1.4262227424661045 1.426222742466189 1.4996148675185716 2.5921428475554147 1.8577814762524816 1.4262227424662666 0.6873234809459807 1.4262227424661744 1.8797183685462318 1.249679056265257 1.3746469618919026 0.6873234809460076 2.5921428475551807 2.0619704428378394 0.6873234809458905 1.3746469618918273 0.6873234809459086 1.4262227424661558 1.2496790562654034 1.3746469618919006 0.6873234809459768 0.6873234809459206 0.0 1.857781476252496 1.2496790562654025 1.857781476252458 0.6873234809458346 1.2496790562653133 1.857781476252563 1.249679056265269 0.6873234809458926 2.5921428475553903 0.6873234809458516 1.2496790562654156 0.6873234809459415 0.6873234809459331 1.4262227424662617 0.6873234809459832 1.2496790562651898 2.592142847555354 1.24967905626524 0.6873234809458912 1.2496790562653868 0.6873234809458928 0.6873234809459742 1.4262227424661498 1.8577814762523082 0.6873234809459505 1.2496790562653404 0.0 0.0 1.2496790562653708 1.3746469618919193 0.687323480945849 2.5921428475554036 1.249679056265275 0.6873234809459527 0.0 1.4262227424660583 1.2496790562653355 0.6873234809459039 2.5921428475553494 1.857781476252625 0.0 0.6873234809459886 1.2496790562654323 1.8577814762525076 1.37464696189187 0.6873234809459314 0.6873234809459078 0.0
940.0416052432325 1.4996148675184975 0.6873234809459356 1.249679056265331 0.0 1.2496790562654283 1.857781476252649 1.249679056265288 0.6873234809459076 0.0 0.6873234809459262 1.2496790562653521 1.2496790562652507 1.2496790562653552 0.6873234809459281 0.6873234809459465 0.0 2.592142847555429 1.2496790562652078 1.3746469618918151 0.6873234809458492 0.6873234809459442 0.6873234809458773 0.6873234809459624 0.6873234809460356 2.59214284755535 0.0 1.4262227424662923 0.6873234809459805 1.2496790562653863 1.8577814762526261 1.249679056265258 1.2496790562653897 0.6873234809459436 2.5921428475555515 0.0 1.4262227424660825 1.374646961891873 1.4262227424662361 1.8577814762524436 1.2496790562654718 1.2496790562653173 0.0 1.2496790562653046 1.3746469618918489 0.6873234809460058 0.6873234809459742 1.8577814762524956 0.6873234809460025 0.6873234809459667 1.2496790562651692 1.3746469618918278 1.249679056265198 1.4262227424662366 1.857781476252529 1.2496790562653197 1.3746469618917407 1.8577814762524507 0.6873234809460089 1.2496790562653246 1.857781476252521 0.6873234809459393 1.249679056265319 0.0 4.1239408856757285 1.8577814762525442 0.6873234809458065 1.8577814762524287 1.8577814762524543 0.6873234809458826 1.3746469618917758 0.6873234809459515 0.687323480945876 2.5921428475553836 1.857781476252661 1.4262227424661782 0.0 1.4262227424661744 0.6873234809458947 1.2496790562652484 1.3746469618919375 1.2496790562653823 2.5921428475555586 2.0619704428377035 2.5921428475553525 0.6873234809459515 1.2496790562653584 1.8577814762524347 2.5921428475553765 1.2496790562653817 1.2496790562653446 1.8577814762524476 0.6873234809460315 0.6873234809459505 0.6873234809460267 0.6873234809459734 1.8577814762522977 0.687323480945924 2.592142847555259 0.687323480945917 1.2496790562651443 0.0 0.0 0.6873234809459395 0.6873234809459642 1.2496790562653313 1.2496790562652205 0.0 1.2496790562654634 0.687323480945924 1.249679056265172 0.6873234809459334 2.5921428475553236 1.2496790562653075 0.6873234809459315 1.2496790562652573 1.3746469618918056 1.2496790562653675 1.857781476252494 1.2496790562653053 0.6873234809459247 1.2496790562652293 0.6873234809458374 1.249679056265378 1.374646961891904 1.2496790562653535 1.2496790562653253 1.8577814762524851 1.8577814762525775 0.0 1.249679056265393 0.687323480945942 2.5921428475553054 0.0 1.2496790562652522 0.6873234809458997 2.5921428475555857 1.8577814762524623 1.3746469618919506 0.6873234809459329 1.3746469618918529
950.0416052432325 2.5921428475553974 1.2496790562652196 1.8577814762524816 1.249679056265142 0.6873234809459215 2.592142847555352 1.2496790562652798 0.6873234809459048 1.4262227424662828 2.592142847555238 1.2496790562653453 1.374646961891853 1.249679056265316 2.5921428475555404 1.8577814762525056 2.592142847555358 1.8577814762524563 1.4262227424662095 1.426222742466193 0.687323480945905 1.2496790562652962 0.6873234809459549 1.8577814762524432 0.6873234809459924 1.857781476252462 0.6873234809459151 1.3746469618918502 0.6873234809459539 1.8577814762523777 0.0 0.6873234809459066 0.0 0.6873234809458666 0.6873234809459063 1.374646961891815 1.3746469618918549 1.3746469618918975 0.0 0.0 0.6873234809458074 1.2496790562652544 1.3746469618917714 0.6873234809459219 1.374646961891949 0.6873234809458989 0.6873234809460266 0.6873234809458633 0.6873234809460723 0.6873234809459836 0.6873234809459635 1.85778147625246 0.6873234809460198 1.2496790562653544 1.2496790562653959 0.6873234809459381 1.3746469618918606 2.592142847555379 0.6873234809460492 0.6873234809459705 1.249679056265517 1.8577814762524651 1.4262227424662737 1.4262227424662293 0.6873234809458737 1.2496790562654094 0.6873234809459521 0.6873234809458917 1.4262227424661225 1.8577814762525215 2.5921428475555652 2.59214284755534 0.6873234809459876 0.6873234809459263 1.2496790562654319 1.4262227424662446 0.0 1.4262227424661484 0.6873234809460071 0.6873234809460579 1.4262227424663356 1.2496790562653564 0.687323480945908 3.749037168795956 0.0 0.687323480945898 0.6873234809460441 0.0 0.6248395281324813 1.8577814762524323 0.6873234809459081 1.8577814762524427 0.6873234809459688 0.6873234809459572 0.6873234809459181 0.6873234809460023 0.0 1.8577814762524307 0.6873234809459541 0.6873234809459287 1.2496790562651428 1.3746469618918677 1.8577814762523708 0.6873234809459788 0.6873234809459449 0.6873234809458306 0.6873234809458078 0.6873234809459956 0.6873234809459297 1.2496790562653528 0.6873234809458616 0.6873234809459047 0.6873234809460206 0.6873234809459094 1.8577814762524842 0.6873234809459768 0.6873234809458246 0.6873234809459471 0.6873234809458835 0.6873234809459651 1.2496790562653146 2.592142847555403 1.2496790562654643 2.5921428475553485 1.3746469618918238 1.249679056265267 0.687323480945922 1.8577814762524592 1.4262227424662643 0.6873234809459157 2.5921428475553707 1.2496790562653408 1.8577814762523597 1.3746469618919142 0.6873234809459868 0.6873234809458731 1.2496790562652114 1.4262227424663039 0.6873234809458999 0.6873234809458627 1.4996148675184262
960.0416052432325 0.6873234809459385 1.2496790562653828 1.249679056265429 0.0 1.249679056265395 0.687323480945955 0.6873234809458966 0.6873234809460281 1.3746469618918713 1.8577814762524971 1.2496790562654125 1.3746469618918598 2.5921428475553387 0.6873234809459321 0.6873234809459365 2.592142847555358 1.3746469618918655 0.0 1.3746469618918706 1.2496790562652644 0.6873234809459795 1.2496790562652837 2.5921428475553943 0.687323480945897 1.8577814762524512 0.687323480945853 1.2496790562653337 0.6873234809458596 0.6873234809459728 1.4262227424662595 1.2496790562652818 1.3746469618918646 0.6873234809459478 1.2496790562654059 1.2496790562653164 1.8577814762525566 1.426222742466311 0.6873234809459028 0.0 1.2496790562654505 1.8577814762523936 2.5921428475554396 1.2496790562653093 0.6873234809459386 0.6873234809458645 0.6873234809459 1.249679056265404 1.2496790562653022 2.592142847555479 0.6873234809458787 0.0 1.2496790562652993 0.0 0.6873234809458603 1.2496790562653366 0.0 0.0 3.4991013575429237 0.6873234809459636 0.6873234809458669 1.8577814762524627 0.6873234809459952 1.3746469618918749 3.749037168796111 1.2496790562653517 0.6873234809459045 1.3746469618918487 2.592142847555552 0.6873234809459295 1.2496790562652729 1.8577814762525076 0.6873234809458875 0.6873234809459389 0.6873234809459027 0.0 1.3746469618917718 1.3746469618918244 2.5921428475552264 1.4262227424661535 1.2496790562654203 1.8577814762525187 0.6873234809458523 1.4262227424662244 1.8577814762523752 0.6873234809459456 0.6873234809460536 1.8577814762524723 0.34366174047289516 0.0 1.8577814762524842 0.0 1.2496790562652196 1.2496790562653473 0.6873234809460375 0.6873234809459444 1.2496790562653732 1.857781476252464 0.6873234809458848 1.8577814762525027 0.6873234809459393 1.857781476252404 3.4991013575429126 1.249679056265411 0.6873234809457976 1.2496790562653948 0.0 0.6873234809459543 1.2496790562653197 1.2496790562653035 0.0 1.8797183685460959 0.6873234809458917 0.6873234809459634 1.2496790562654725 2.592142847555476 0.687323480945991 0.6873234809459865 1.249679056265469 0.6873234809459128 0.6873234809459442 1.249679056265361 0.687323480945872 0.6873234809459499 0.0 0.6873234809459099 1.2496790562653428 1.4262227424662346 0.0 1.3746469618919044 1.2496790562653959 1.8577814762525287 1.2496790562653601 1.2496790562654347 0.6873234809458765 1.2496790562654156 1.426222742466318 0.0 1.426222742466244 0.6873234809459581 1.3746469618919361
970.0416052432325 0.6873234809458765 0.6873234809459131 1.249679056265371 0.6873234809459399 1.2496790562654199 1.3746469618919404 0.6873234809460105 0.6873234809460056 2.5921428475553014 1.8577814762524871 1.2496790562653 1.2496790562652835 1.426222742466171 0.0 0.6873234809458755 2.592142847555394 0.0 1.4262227424663474 1.2496790562653672 1.2496790562654312 1.2496790562653781 0.6873234809459431 1.857781476252502 0.6873234809459126 1.8577814762524671 1.2496790562651947 1.426222742466193 1.3746469618917898 1.42622274246624 1.2496790562651359 1.8797183685460457 0.0 1.4262227424662617 2.5921428475552406 2.5921428475553308 0.6873234809459717 1.2496790562653983 0.687323480945877 1.3746469618918309 2.5921428475551895 1.249679056265404 1.4262227424662983 1.8577814762524956 0.6873234809459903 0.6873234809458311 1.249679056265416 1.8577814762524343 1.249679056265164 1.2496790562653848 1.2496790562651368 1.6496236899189287 0.6873234809459768 1.426222742466227 0.6873234809459638 1.2496790562653122 1.857781476252568 0.0 1.2496790562653948 1.249679056265375 0.6873234809458889 1.249679056265322 0.0 0.0 1.249679056265312 0.6873234809459235 0.687323480945977 1.6496236899189483 1.2496790562651576 2.5921428475554564 0.0 0.0 1.2496790562651685 1.857781476252458 2.5921428475553845 1.3746469618918624 0.6873234809458253 1.8577814762524063 1.2496790562654463 0.6873234809459094 1.4262227424663418 0.6873234809459564 0.6873234809459345 2.0619704428377728 0.0 2.59214284755532 0.6873234809459767 1.857781476252402 0.34366174047300796 0.0 1.2496790562654787 0.6873234809459304 0.0 1.8577814762525162 0.6873234809459133 0.6873234809459657 1.2496790562655036 1.2496790562653441 0.6873234809459725 1.249679056265362 0.6873234809458719 1.4262227424662095 0.0 0.6873234809459675 0.6873234809459754 1.2496790562652729 0.6873234809459084 1.2496790562654225 0.6873234809460232 1.4262227424661762 1.4262227424661682 1.4262227424662344 1.2496790562654236 0.6873234809459973 2.5921428475555066 0.6873234809459842 0.6873234809458895 1.24967905626538 0.687323480945827 0.6873234809459333 1.2496790562653324 0.6873234809460018 1.2496790562652411 1.8577814762524016 1.37464696189176 2.5921428475553134 0.6873234809458789 0.0 1.8577814762524911 0.0 1.85778147625241 1.249679056265302 1.2496790562654672 1.254730048812 0.6873234809458754 0.687323480945927 1.4262227424661855 0.0 0.6873234809459114 1.2496790562653435 1.374646961891788
980.0416052432325 1.4262227424662806 0.6873234809459658 1.2496790562652798 1.249679056265256 1.2496790562653293 1.249679056265156 1.24967905626537 1.2496790562652338 1.374646961891856 2.5921428475553294 1.85778147625239 1.2496790562653763 0.0 1.2496790562651583 0.687323480945965 1.249679056265359 1.857781476252424 1.3746469618918675 0.0 0.6873234809458953 0.6873234809459785 1.2496790562654312 1.4262227424662615 1.249679056265373 1.426222742466189 2.5921428475555377 1.4262227424661955 2.5921428475553276 0.6873234809459006 0.0 0.0 1.857781476252408 0.6873234809459396 1.8577814762525362 1.2496790562653683 1.2496790562652322 1.4262227424661584 2.5921428475554373 1.4262227424661629 1.2496790562653597 1.2496790562653104 1.2496790562654103 1.2496790562652778 1.2496790562653768 0.6873234809459214 0.6873234809459773 0.0 0.6873234809459755 0.6873234809459295 0.6873234809459959 1.2496790562653957 0.6873234809459072 2.592142847555393 1.24967905626526 0.6873234809459695 1.2496790562655071 2.592142847555395 1.2496790562653624 1.24967905626532 1.2496790562652556 0.6873234809459158 0.6873234809460234 1.2496790562653233 1.4262227424661988 1.8577814762524707 0.0 0.6873234809459431 1.3746469618918213 1.2496790562652607 2.5921428475555017 2.5921428475553934 1.2496790562652234 1.2496790562653775 1.2496790562653317 1.3746469618918624 1.4262227424663845 0.0 1.8577814762523692 0.6873234809458626 1.249679056265428 0.6873234809459654 0.6873234809458515 0.6873234809458494 1.374646961891738 0.687323480946015 1.2496790562652313 1.2496790562652862 0.3436617404729424 2.5921428475553334 1.2496790562652789 1.649623689918956 1.2496790562653408 0.6873234809459199 0.6873234809459694 0.6873234809459413 0.6873234809459992 0.687323480945964 0.6873234809458352 0.6873234809459712 0.6873234809458324 2.59214284755537 2.5921428475554893 1.2496790562653088 2.5921428475553387 1.8577814762525475 1.4262227424661524 1.4262227424662524 1.249679056265411 1.2496790562653384 1.4262227424661464 1.3746469618918578 1.2496790562651814 0.6873234809459808 0.6873234809460348 0.6873234809459249 1.2496790562652815 1.2496790562653823 1.4262227424662672 1.8577814762525002 2.59214284755525 0.6873234809460074 2.5921428475553094 0.6873234809459347 2.5921428475552575 1.2496790562653206 0.6873234809459992 1.374646961891922 0.0 0.6873234809459303 1.3746469618918455 0.6873234809459405 1.3746469618918398 1.2496790562652784 1.249679056265515 2.5921428475553507 2.592142847555222 1.426222742466224 2.5921428475553814 1.8577814762523643 1.249679056265271
990.0416052432325 0.6873234809459335 0.6873234809459943 0.687323480945901 1.499614867518343 1.2496790562653648 0.6873234809458711 2.592142847555415 0.6873234809460094 1.2496790562653268 0.6873234809460208 1.2496790562652436 1.426222742466159 1.2496790562652962 1.2496790562652524 1.2496790562653286 1.2496790562654123 1.3746469618918356 1.249679056265437 2.592142847555399 0.6873234809458659 0.687323480945941 0.6873234809459018 1.3746469618919255 2.5921428475553103 1.8577814762524352 2.592142847555249 0.0 1.249679056265275 1.249679056265279 0.0 1.4262227424661336 1.8577814762525107 1.649623689919013 0.6873234809459515 1.249679056265402 1.8577814762524842 1.3746469618918362 1.2496790562652973 1.8797183685460472 1.2496790562652016 1.3746469618918606 1.8577814762525087 1.2496790562653575 0.687323480945974 0.6873234809458819 1.3746469618918449 0.6873234809459524 0.6873234809459087 1.2496790562653286 1.8577814762523996 1.8577814762525136 1.2496790562654505 2.592142847555334 1.2496790562651325 0.6873234809459752 0.6873234809459798 2.5921428475554036 0.6873234809458377 1.4262227424661766 0.6873234809460073 1.8577814762524856 2.5921428475552726 1.2496790562653648 4.278668227398588 1.8577814762525706 1.2496790562651772 0.6873234809459685 2.592142847555437 1.2496790562653963 0.0 2.592142847555483 1.249679056265241 0.6873234809459494 0.6873234809458426 0.0 1.2496790562655002 1.4262227424661729 0.6873234809459625 0.6873234809459409 1.2496790562655347 1.8577814762524896 1.2496790562652105 1.4262227424661345 0.0 0.6873234809459454 1.249679056265267 0.6873234809459746 0.3436617404729959 1.3746469618918573 1.249679056265208 0.6873234809459695 1.4262227424662033 1.24967905626534 1.8577814762525047 1.2496790562653113 0.0 1.2496790562654267 0.6873234809459078 1.4262227424662604 0.6873234809459215 0.0 1.426222742466353 0.6873234809459896 0.6873234809458643 1.8577814762524416 1.85778147625265 1.4996148675184144 1.857781476252544 0.6873234809459341 1.2496790562655047 1.249679056265311 0.6873234809459241 0.6873234809459997 1.8577814762523857 0.6873234809459426 0.0 1.2496790562653863 1.3746469618918706 0.6873234809459655 0.6873234809459573 0.6873234809459525 1.4262227424662066 1.8577814762525147 1.2496790562654472 1.4262227424662544 0.6873234809459066 2.592142847555326 1.374646961891774 1.2496790562653943 0.0 1.6496236899189316 0.6873234809458263 0.6873234809459116 3.499101357543139 0.6873234809459137 1.4262227424663643 1.374646961891903 0.6873234809459001 1.4262227424661864 0.6873234809459566
1000.0416052432325 1.249679056265352 1.2496790562653952 1.2496790562653735 1.8577814762524103 0.0 1.4262227424661038 0.6873234809459744 0.6873234809459741 1.4262227424662943 0.0 0.0 0.6873234809460357 2.5921428475554413 0.6873234809459778 0.6873234809458836 1.3746469618918424 1.2496790562653717 2.5921428475555413 1.4262227424662364 0.6873234809459224 0.6873234809459747 2.5921428475553907 0.6873234809459495 0.687323480945857 0.0 1.37464696189201 1.426222742466309 0.0 1.374646961891859 2.59214284755523 1.4262227424662903 1.2496790562651876 1.8577814762524207 1.3746469618918882 0.6873234809459534 2.592142847555429 0.687323480945959 0.6873234809458594 1.8797183685460228 0.6873234809459873 1.3746469618919024 1.374646961891941 1.2496790562652824 0.6873234809459932 0.6873234809459313 1.249679056265279 2.5921428475553907 1.2496790562652438 0.6873234809459231 1.2496790562654447 0.0 1.2496790562654962 1.3746469618918298 0.6873234809458559 0.0 0.0 1.6496236899189913 0.6873234809458016 0.0 0.6873234809458861 1.4262227424662326 0.6873234809460638 0.0 0.0 1.2496790562652882 1.2496790562652722 1.4262227424661704 1.2496790562654092 0.6873234809459356 1.3746469618918857 0.0 0.6873234809459542 1.2496790562653064 1.374646961891804 1.3746469618918464 0.0 2.5921428475553605 1.2496790562653146 0.6873234809458619 2.592142847555317 0.6873234809459516 1.2496790562652884 0.6873234809459515 0.0 1.2496790562653455 0.6873234809459903 0.6873234809459934 1.3746469618919297 1.374646961891804 0.6873234809460095 0.6873234809459995 1.2496790562652662 0.6873234809459822 2.5921428475551935 1.2496790562653224 1.24967905626548 1.2496790562652913 1.37464696189181 0.6873234809459762 2.592142847555557 0.6873234809459186 1.857781476252531 0.6873234809459067 1.2496790562654254 0.6873234809459086 1.8577814762523102 1.4262227424662524 1.3746469618919457 1.249679056265297 1.2496790562653493 1.249679056265434 0.6873234809460317 1.2496790562654003 1.2496790562654219 0.6873234809459399 1.4262227424661065 0.6873234809459173 1.8577814762525287 0.6873234809458998 1.426222742466071 1.2496790562653006 1.3746469618919626 1.2496790562653983 0.6873234809460118 0.6873234809459488 1.249679056265417 1.426222742466176 0.0 2.592142847555384 1.3746469618919255 0.0 1.2496790562654407 1.2496790562652527 1.3746469618917911 0.6873234809459337 0.0 1.249679056265268 1.3746469618919246 2.5921428475554853 1.2496790562651583
1010.0416052432325 1.8577814762524367 0.6873234809458475 1.2496790562653979 1.3746469618918309 0.6873234809459338 0.6873234809459633 1.2496790562653348 0.6873234809459895 2.592142847555407 1.2496790562652276 1.8577814762524771 0.6873234809458676 0.0 0.6873234809458617 1.2496790562653586 1.3746469618918258 0.0 1.3746469618917934 1.2496790562653197 1.2496790562652005 1.2496790562653823 1.3746469618918293 1.374646961891907 0.6873234809459015 1.8577814762524696 0.6873234809459674 1.374646961891816 2.592142847555293 0.6873234809459435 1.857781476252562 1.857781476252448 1.2496790562651918 0.6873234809459303 1.2496790562651394 1.8577814762524807 1.3746469618919768 0.6873234809459616 1.499614867518462 1.3746469618918353 0.6873234809459836 0.0 1.3746469618918749 2.5921428475553854 0.6873234809458786 0.687323480945893 1.24967905626537 1.4262227424662024 0.6873234809459201 1.249679056265245 0.6873234809459345 1.8577814762524123 2.5921428475554262 1.4262227424662632 0.6873234809459066 0.6873234809459563 1.8577814762524436 1.249679056265349 0.687323480945899 2.5921428475554316 0.6873234809458701 0.6873234809459535 1.426222742466105 1.3746469618919024 1.4262227424663234 1.2496790562653255 0.6873234809460446 0.687323480945966 2.592142847555381 1.2496790562653153 0.0 1.4262227424661247 2.5921428475552766 2.5921428475554054 1.2496790562651765 1.8577814762524156 0.0 1.4262227424662564 0.6873234809460429 0.6873234809458939 0.0 0.6873234809459845 0.687323480946005 0.6873234809459566 0.0 1.8577814762525426 0.6873234809458872 2.59214284755535 1.857781476252537 1.8577814762524627 1.249679056265518 1.2496790562652627 1.2496790562652105 0.0 0.6873234809458162 1.6496236899189805 0.6873234809459176 1.2496790562654263 0.0 0.687323480945962 0.6873234809458945 1.249679056265347 0.687323480945959 0.6873234809459372 1.2496790562653568 0.6873234809459721 1.2496790562654594 1.2496790562653755 1.2496790562654962 0.687323480945916 1.249679056265251 0.0 2.59214284755548 0.6873234809459325 2.592142847555208 0.6873234809459675 0.6873234809459255 0.6873234809459285 2.5921428475551735 0.6873234809459465 1.3746469618919235 1.8577814762524751 1.4262227424661644 0.6873234809459554 1.2496790562653108 1.8577814762524256 1.2496790562651972 1.3746469618918984 2.5921428475554134 0.6873234809459449 1.4262227424662424 1.249679056265332 0.6873234809459413 3.49910135754288 1.2496790562654003 1.2496790562653348 1.8577814762522422 1.8577814762524476 0.6873234809459536 1.2496790562653575 0.6873234809459905
1020.0416052432325 1.6496236899189904 0.6873234809459006 0.6873234809459994 1.2496790562652067 1.2496790562653426 0.6873234809459651 0.6873234809459278 1.2496790562653037 0.0 0.6873234809458858 0.6873234809459317 1.2496790562652966 1.4262227424661942 0.68732348094594 0.687323480945889 1.4262227424662324 1.4262227424662561 1.2496790562652278 1.3746469618919166 1.249679056265442 1.2496790562652667 0.6873234809459737 1.2496790562653353 2.06197044283787 1.4262227424661815 0.6873234809459665 1.2496790562653326 0.0 0.6873234809459415 1.4262227424660616 1.374646961891833 0.6873234809459567 0.6873234809459716 2.592142847555328 0.6873234809459206 1.3746469618919774 0.6873234809458766 0.6873234809459259 1.4262227424661844 0.6873234809459885 0.0 1.4262227424662528 1.3746469618918464 0.6873234809458186 0.6873234809459285 0.6873234809459433 1.2496790562652649 0.6873234809459045 0.6873234809459022 0.6873234809458396 2.5921428475553654 0.6873234809460458 1.374646961891885 1.2496790562654863 0.6873234809459086 1.2496790562654427 1.426222742466247 0.6873234809459963 1.2496790562653743 0.0 0.6873234809459232 0.6873234809460209 0.0 2.5921428475553188 0.687323480946005 0.6873234809460385 1.2496790562652969 2.59214284755541 1.2496790562654403 0.0 0.687323480945934 0.6873234809458948 0.687323480945956 0.6873234809459482 0.0 2.592142847555489 1.4262227424662557 1.8577814762525706 1.2496790562653257 0.0 1.4262227424662668 0.0 0.6873234809459036 1.3746469618918475 0.6873234809459109 0.6873234809459289 0.6873234809458616 2.592142847555271 1.3746469618918513 2.59214284755536 1.2496790562653297 0.6873234809459091 0.6873234809459796 1.249679056265267 2.592142847555428 0.687323480945927 0.6873234809459133 1.2496790562652325 1.24967905626533 0.6873234809459026 0.6873234809459967 2.5921428475554174 1.2496790562653142 1.8577814762523197 0.6873234809459056 1.2496790562652045 1.249679056265338 0.6873234809458386 0.6873234809458898 1.2496790562653288 1.2496790562652749 0.0 0.6873234809459168 1.249679056265535 2.5921428475553787 0.6873234809459099 1.249679056265292 1.2496790562652549 1.2496790562653495 0.6873234809459279 1.2496790562654114 1.2496790562652687 1.2496790562652917 0.6873234809459223 0.687323480945994 1.2496790562654483 1.4262227424662837 1.374646961891843 0.6873234809459126 1.249679056265293 1.2496790562653803 0.6873234809459469 1.8577814762524327 1.42622274246612 1.2496790562653732 0.687323480945815 1.8577814762524263 1.2496790562652902 1.426222742466131 0.6873234809459107
1030.0416052432324 0.6873234809459484 0.6873234809458192 2.59214284755548 1.2496790562651785 0.6873234809459471 0.687323480946058 0.6873234809459328 1.2496790562653686 1.374646961891873 1.249679056265319 0.6873234809459715 0.6873234809459982 0.0 0.0 1.857781476252422 0.0 2.5921428475554453 0.0 1.2496790562653064 1.857781476252595 1.2496790562652609 1.249679056265528 1.374646961891869 0.0 1.2496790562653595 1.2496790562652453 1.3746469618918749 1.2496790562652833 1.2496790562653635 0.687323480945952 0.6873234809459164 1.857781476252458 1.249679056265379 1.3746469618918706 1.2496790562652573 0.687323480945955 0.687323480945915 1.2496790562653888 1.2496790562653264 0.6873234809459922 1.3746469618918393 1.24967905626521 1.374646961891848 2.59214284755543 0.0 0.687323480945871 1.2496790562653923 0.6873234809459241 0.6873234809459537 0.6873234809460465 1.4262227424662157 0.6873234809458826 0.6873234809459455 0.6873234809458486 0.687323480945952 1.3746469618918256 1.857781476252464 1.2496790562653874 1.2496790562653557 0.0 0.6873234809458978 1.8577814762523213 1.3746469618918922 0.0 1.2496790562654079 0.6873234809459714 1.2496790562653786 1.8577814762524816 0.6873234809459765 2.592142847555493 0.687323480945935 0.6873234809459623 0.6873234809458976 1.2496790562654285 0.0 2.592142847555262 1.2496790562654136 1.2547300488121167 0.6873234809458869 1.374646961891896 0.6873234809459187 1.374646961891818 2.5921428475554387 1.8577814762523903 1.426222742466157 0.0 1.2496790562652857 1.857781476252414 0.6873234809459505 1.8577814762525922 0.6873234809458632 1.4262227424662783 1.3746469618918806 0.6873234809459182 1.2496790562652864 0.6873234809459235 0.6873234809459257 1.2496790562652444 1.2496790562653128 1.249679056265187 0.6873234809458879 1.8577814762525742 0.0 1.8577814762523264 0.6873234809460118 1.2496790562652242 0.6873234809459525 0.687323480945842 0.6873234809459645 0.6873234809458879 0.6873234809459529 1.3746469618918733 1.2496790562653288 0.6873234809458856 0.6873234809458963 0.6873234809460088 1.2496790562653588 0.6873234809459728 0.687323480945915 1.8577814762523421 2.5921428475554733 1.426222742466125 0.6873234809459086 1.4262227424663347 1.3746469618919455 1.8577814762525815 1.4262227424662641 1.8577814762525315 1.426222742466261 1.8577814762524572 1.2496790562653084 0.6873234809458971 0.0 2.592142847555193 0.6873234809459446 1.6496236899189627 0.0 1.2496790562651587 1.857781476252448 2.592142847555409
1040.0416052432324 0.6873234809459681 0.6873234809458758 1.249679056265373 0.6873234809458666 1.8577814762524176 0.6873234809458277 1.4262227424662697 0.6873234809459408 1.2496790562652667 1.2496790562652371 0.6873234809458931 1.4262227424662093 1.2496790562653715 0.6873234809458677 0.6873234809458837 0.0 0.0 1.4262227424663398 1.2496790562653473 0.687323480946018 0.6873234809459795 0.6873234809459865 2.5921428475553854 0.6873234809459182 0.0 0.6873234809459621 0.6873234809459576 1.426222742466202 0.6873234809460236 1.249679056265425 1.879718368546062 0.0 1.3746469618918749 2.5921428475553236 1.426222742466188 1.374646961891939 1.249679056265345 1.2496790562653994 2.5921428475553987 1.8577814762523976 1.42622274246625 1.2496790562654825 1.2496790562653746 0.6873234809457978 0.6873234809459555 0.6873234809459654 0.6873234809459278 2.5921428475554555 0.6873234809459772 1.249679056265226 1.4262227424661866 1.857781476252482 1.249679056265336 1.2496790562653222 0.6873234809459278 1.249679056265422 0.0 1.2496790562654339 0.6873234809459239 0.6873234809460093 0.6873234809459405 2.592142847555297 2.5921428475554293 0.6873234809459272 0.6873234809460165 1.8577814762525955 1.2496790562653473 1.3746469618918813 1.2496790562653652 0.0 0.6873234809459325 1.2496790562652205 0.6873234809459086 0.6873234809459705 2.592142847555391 1.2496790562652205 1.2496790562653917 2.5921428475554404 1.426222742466289 1.3746469618919241 1.4262227424661558 0.6873234809459832 1.2496790562652544 1.2496790562651685 2.5921428475553716 1.3746469618919392 1.8797183685460503 0.34366174047288334 0.0 1.2496790562653186 0.6873234809459525 0.687323480946013 0.6873234809458848 1.2496790562651814 0.6873234809459023 0.687323480946019 1.2496790562653646 0.6873234809459302 0.6873234809459411 1.2496790562653952 0.6873234809459291 1.3746469618917632 0.6873234809459026 2.5921428475553268 0.6873234809459523 1.2496790562653446 1.3746469618919068 0.6873234809460108 1.2496790562653326 0.6873234809460177 2.5921428475552832 0.0 0.6873234809460201 0.6873234809458773 0.6873234809459179 2.5921428475554986 1.2496790562653557 0.6873234809458835 0.687323480945965 2.5921428475554698 1.3746469618918293 0.6873234809458919 0.6873234809459299 0.0 2.5921428475554746 0.0 0.0 1.2496790562653204 1.3746469618918975 2.5921428475553028 2.592142847555368 0.687323480945903 1.374646961891844 1.2496790562651336 1.2496790562652582 0.6873234809460539 1.4262227424662541 1.4262227424663363 1.2496790562653761 0.0
1050.0416052432324 2.5921428475553503 1.857781476252523 1.857781476252384 1.2496790562653108 0.6873234809459859 1.2496790562654774 1.3746469618919124 1.8577814762524107 1.4262227424662541 1.2496790562654256 1.8577814762523883 1.2496790562653752 1.2496790562652975 1.8577814762523484 1.2496790562654243 0.0 2.592142847555368 1.4262227424661464 1.374646961891841 1.2496790562652493 1.2496790562653508 0.6873234809460135 1.4262227424662508 0.6873234809460684 2.5921428475553636 1.2496790562652664 1.8577814762524902 0.6873234809458744 0.6873234809458896 0.6873234809459838 1.2496790562653126 0.0 1.374646961891887 0.6873234809460305 1.4262227424661784 1.374646961891809 1.2496790562653926 0.6873234809459204 1.8577814762524807 2.5921428475554706 1.2496790562654043 2.5921428475553543 1.4262227424662297 1.3746469618919643 1.2496790562653348 1.249679056265141 0.6873234809459436 0.6873234809460308 0.6873234809458825 1.249679056265357 1.4262227424661975 1.2496790562652618 1.426222742466185 0.6873234809458908 1.249679056265324 1.2496790562654907 2.592142847555363 0.6873234809459395 0.6873234809459859 1.3746469618917816 0.6873234809459285 1.2496790562653504 1.8577814762524696 0.6873234809459128 0.6873234809459362 1.8577814762524811 1.8577814762524323 1.3746469618918764 0.6873234809459755 0.0 0.6873234809460029 0.6873234809459635 0.6873234809458877 1.249679056265511 1.374646961891904 1.4262227424661136 1.4262227424661365 0.6873234809459681 1.2496790562652769 1.857781476252486 1.8577814762524116 0.6873234809459221 1.2496790562653604 2.592142847555435 2.5921428475554227 0.6873234809459968 2.592142847555332 1.8577814762524283 1.2496790562653282 1.8797183685458478 1.249679056265302 0.0 1.8577814762524052 0.6873234809459705 0.6873234809459206 1.249679056265322 0.687323480945869 1.8577814762523561 1.249679056265293 0.6873234809458691 0.6873234809459607 1.2496790562651923 0.6873234809458898 0.6873234809460342 0.6873234809459678 1.249679056265247 1.2496790562653264 1.4262227424660923 0.6873234809458895 1.2496790562654794 1.426222742466198 1.857781476252558 0.6873234809458872 1.2496790562654665 0.0 1.3746469618919013 1.2496790562653364 1.85778147625244 2.59214284755536 1.857781476252426 0.0 1.2496790562651885 0.6873234809459423 2.5921428475555692 1.2496790562653202 0.6873234809460292 1.426222742466253 1.249679056265396 1.374646961891868 2.592142847555247 0.6873234809459475 1.2496790562652325 1.3746469618918475 0.0 1.2496790562653568 0.0 1.426222742466184 1.2496790562652211 0.6873234809458825 1.2496790562653128
1060.0416052432324 0.6873234809458759 2.592142847555462 0.6873234809458956 1.3746469618918138 2.5921428475554107 0.6873234809458624 1.8577814762524651 1.2496790562652484 1.4262227424661604 1.374646961891888 1.2496790562654012 2.592142847555332 0.687323480945928 1.2496790562653852 2.592142847555479 1.4262227424660257 0.34366174047296527 1.857781476252446 1.2496790562653208 1.2496790562652167 1.8577814762524607 0.0 2.592142847555376 0.6873234809459353 2.5921428475553636 1.8577814762524911 1.8577814762524756 0.6873234809458325 0.6873234809459755 1.4262227424663267 0.0 0.0 1.2496790562653721 1.2496790562654014 1.8577814762524736 1.3746469618917803 2.5921428475553654 0.6873234809460075 0.0 0.6873234809459133 1.3746469618918955 0.0 1.2496790562653461 0.687323480945913 0.687323480945912 1.8797183685461727 1.8577814762524 1.2496790562654092 1.2496790562653028 1.8577814762523561 0.0 1.249679056265145 0.687323480945903 0.6873234809459828 1.2496790562653406 1.4262227424661773 1.4262227424662173 1.8577814762526226 1.8577814762524771 1.8577814762526481 1.8577814762524951 1.2496790562655398 0.0 0.0 1.2496790562652775 1.4262227424663227 0.6873234809459745 1.249679056265242 0.687323480945989 2.5921428475551878 1.4262227424662652 1.2496790562653637 0.6873234809459898 1.4262227424661085 1.426222742466209 1.3746469618919805 0.0 1.8577814762525235 0.0 1.426222742466274 0.6873234809459571 1.8577814762525462 0.6873234809459349 1.374646961891873 1.4262227424661378 0.68732348094599 1.249679056265367 0.34366174047291864 2.592142847555341 1.2496790562653475 1.2496790562653544 1.2496790562652158 1.2496790562653324 1.2496790562653448 0.6873234809459354 1.2496790562652786 0.6873234809459003 1.2496790562654603 0.6873234809459031 0.6873234809459973 1.2496790562653843 1.857781476252541 0.687323480945923 1.3746469618918646 0.6873234809459154 1.374646961891837 0.6873234809458877 1.2496790562654263 1.24967905626529 1.8577814762523621 1.2496790562653428 1.8577814762525107 0.6873234809458847 0.6873234809460208 0.687323480945957 1.4262227424662255 0.6873234809459585 1.2496790562652014 1.2496790562653057 0.6873234809458594 0.0 0.6873234809459164 0.6873234809459482 1.8577814762524467 1.8577814762524243 2.5921428475554746 1.8577814762524387 1.249679056265345 1.8577814762524723 1.2496790562652025 0.6873234809459439 0.0 1.3746469618918578 1.2496790562651903 0.6873234809459462 1.2496790562653475 1.3746469618919033 0.6873234809459645 1.2496790562654112 0.0
1070.0416052432324 1.2496790562653322 1.857781476252504 0.6873234809459238 0.6873234809459031 0.6873234809459177 1.3746469618919588 1.8797183685459937 2.5921428475553165 0.6873234809459208 0.6873234809458898 1.2496790562653417 1.2496790562651525 1.4262227424662333 1.2496790562654028 1.4262227424662293 0.0 0.34366174047296616 1.42622274246632 1.3746469618918888 1.2496790562653761 1.857781476252533 1.2496790562651874 1.8577814762524543 4.1239408856757365 0.0 0.6873234809458657 1.8577814762524616 1.2496790562651745 0.687323480945937 1.2496790562653388 1.2496790562653415 0.0 1.4262227424661735 0.6873234809459627 1.374646961891814 1.3746469618919503 1.2496790562653373 0.6873234809460019 1.3746469618918797 1.8577814762524547 1.2496790562654483 1.4262227424661282 1.3746469618918205 1.857781476252486 0.6873234809459442 1.2496790562654279 0.687323480945972 1.2496790562654316 2.5921428475554205 1.2496790562652564 1.4262227424661913 0.687323480945965 0.0 1.2496790562654676 1.2496790562653033 0.687323480946003 1.8577814762525062 1.2496790562653162 1.2496790562653515 1.4262227424661225 1.8577814762524676 1.2496790562652818 1.2496790562653002 2.5921428475552943 1.249679056265423 0.68732348094598 1.249679056265366 0.0 1.2496790562653899 0.6873234809459247 1.2496790562652693 1.2496790562654223 0.687323480945936 2.592142847555498 0.0 1.2496790562651705 0.0 1.249679056265503 0.6873234809459476 1.8577814762525222 0.6873234809459559 0.6873234809460342 1.2496790562652178 0.0 1.2496790562654303 0.6873234809459564 1.249679056265364 1.2496790562651738 1.4262227424662095 1.3746469618919388 0.6873234809459392 0.6873234809459182 2.5921428475553863 0.6873234809458766 1.2496790562653581 0.6873234809459808 1.8577814762523903 2.5921428475554498 0.687323480945954 1.249679056265207 0.6873234809459482 1.8577814762523308 1.8577814762523732 1.2496790562651379 0.6873234809459073 0.6873234809459439 1.4262227424662346 1.374646961891961 1.2496790562653601 1.249679056265525 1.2496790562653353 0.6873234809459338 0.6873234809459522 1.8577814762524911 0.6873234809459345 0.6873234809459581 0.6873234809458987 1.2496790562653095 0.6873234809459728 1.2547300488120523 1.3746469618918553 1.4262227424661804 0.6873234809459275 0.0 1.2496790562653344 1.2496790562655256 1.3746469618919368 2.592142847555208 1.2496790562653064 0.6873234809458545 2.5921428475553645 1.3746469618918924 1.2496790562653448 0.6873234809459609 1.2496790562652789 0.6873234809459186 0.0 1.3746469618918933 0.6873234809458566 1.2496790562651863
1080.0416052432324 1.857781476252474 1.2496790562652857 1.2496790562654478 0.6873234809459237 0.6873234809459416 1.2496790562652085 0.6873234809459697 1.249679056265329 1.4262227424661518 0.687323480946013 1.2496790562653863 1.249679056265355 0.6873234809459666 0.6873234809459609 1.2496790562654125 1.2496790562652824 1.8577814762524547 1.3746469618918533 1.4262227424662082 1.374646961891798 0.6873234809458773 1.2496790562654143 1.374646961891904 0.6873234809458342 0.0 0.6873234809459094 1.2496790562652964 0.6873234809460216 0.6873234809459788 1.6496236899190153 1.2547300488120339 1.8577814762524603 1.249679056265344 1.2496790562651447 0.6873234809459383 2.592142847555354 1.249679056265243 0.6873234809460075 1.4262227424662564 0.6873234809460116 1.4262227424661325 1.3746469618917578 1.6496236899189833 1.2496790562654791 1.2496790562652973 2.592142847555568 1.857781476252524 1.2496790562652378 0.6873234809459534 1.2496790562652473 1.3746469618919093 0.68732348094596 2.5921428475554342 0.6873234809458604 0.6873234809458906 1.374646961891956 0.0 1.2496790562651445 0.6873234809458916 2.592142847555356 1.85778147625247 0.6873234809459329 1.374646961891927 0.6873234809458741 1.2496790562653035 0.6873234809459378 2.5921428475553676 1.3746469618919201 0.6873234809459234 0.6873234809459245 1.8577814762525247 1.426222742466096 0.6873234809458958 1.2496790562652784 1.857781476252472 1.6496236899189585 1.8577814762524412 1.8577814762523637 1.2496790562653997 0.0 1.857781476252542 0.6873234809460036 0.6873234809458443 0.0 0.68732348094594 1.857781476252581 0.6873234809459345 1.3746469618918693 1.426222742466155 0.687323480945897 1.2496790562653708 1.249679056265322 0.6873234809459756 1.2496790562654243 0.6873234809459785 2.5921428475554054 1.2496790562653926 0.6873234809459903 0.6873234809459234 0.6873234809458953 1.2496790562653233 1.8577814762525362 0.6873234809459273 0.687323480945922 1.8577814762523888 1.3746469618919608 0.6873234809459626 0.6873234809459992 0.6873234809459207 1.2496790562654203 1.2496790562653144 0.6873234809458935 0.6873234809459255 1.2496790562652167 0.6873234809459895 0.6873234809459247 1.2496790562653812 0.6873234809458498 1.2496790562653706 1.4262227424661305 1.2496790562653073 0.6873234809459737 1.2496790562653444 0.6873234809459953 0.6873234809460069 1.2496790562654105 1.3746469618918669 1.4262227424662604 1.2496790562653683 0.6873234809460063 1.2496790562653657 1.4262227424662741 1.4262227424662866 0.6873234809459349 1.426222742466226 1.2496790562654256 1.374646961891936 0.687323480945976 1.4262227424663123 0.6873234809459562
1090.0416052432324 1.2496790562652604 1.3746469618917663 0.6873234809459279 1.6496236899189674 0.6873234809459702 0.6873234809459315 1.249679056265302 2.592142847555268 0.6873234809459409 0.687323480945897 0.6873234809459461 0.6873234809460106 1.8577814762525036 1.857781476252502 1.4262227424663068 0.0 0.3436617404729756 0.0 1.8577814762524392 0.6873234809459103 2.5921428475554475 0.6873234809458565 1.249679056265321 0.6873234809458701 1.426222742466212 0.6873234809459563 1.4262227424662473 0.6873234809459959 0.6873234809459576 1.3746469618919162 1.426222742466197 0.0 1.649623689918965 1.3746469618918542 0.6873234809459704 1.2496790562653637 1.426222742466225 0.6873234809460423 0.0 1.2496790562652187 1.374646961891897 2.5921428475555244 0.0 1.8577814762525515 0.6873234809459782 1.2496790562651756 0.6873234809459691 0.6873234809460016 1.649623689919038 1.2496790562653926 0.0 0.687323480946006 1.2496790562653743 0.6873234809458477 0.6873234809458715 1.4262227424661484 2.5921428475553934 1.3746469618919634 0.687323480945915 0.6873234809458257 2.5921428475553743 0.687323480945867 0.0 0.6873234809458929 0.6873234809458907 1.2496790562651794 1.8577814762524747 1.2496790562653821 0.6873234809460045 2.592142847555261 1.857781476252406 0.6873234809459291 2.5921428475553645 0.6873234809458684 1.8577814762524603 1.2496790562651428 1.4262227424661442 0.6873234809459263 0.6873234809459167 1.4262227424663918 0.6873234809458648 0.6873234809459345 2.061970442837893 1.2496790562652993 0.0 1.8577814762523348 0.6873234809458758 1.8577814762525382 2.592142847555399 0.6873234809458234 1.3746469618919428 1.4262227424662373 1.2496790562653228 0.6873234809460471 0.6873234809459557 1.2496790562653857 0.6873234809459106 1.2496790562654416 0.6873234809458936 1.2496790562654236 0.6873234809458953 2.592142847555329 1.8577814762524891 0.6873234809460206 1.2496790562653435 0.0 1.857781476252436 1.2496790562653672 0.6873234809458986 0.6873234809458374 1.2496790562653384 1.2496790562652518 1.857781476252488 0.6873234809459238 1.2496790562652684 1.8577814762524156 1.2496790562653408 0.6873234809459694 1.2496790562653648 0.6873234809458667 0.6873234809459097 0.6873234809459411 1.2496790562653586 0.6873234809459768 1.426222742466235 0.6873234809458852 1.426222742466155 1.3746469618919264 1.4262227424662632 0.6873234809460056 1.2496790562653106 1.426222742466282 2.5921428475553765 0.6873234809459351 1.2496790562654478 1.2496790562653028 0.0 1.374646961891889 0.6873234809459341 0.6873234809459857
1100.0416052432324 1.249679056265327 1.4262227424663 0.0 0.687323480945925 1.2496790562653084 0.687323480945943 1.2496790562653486 0.6873234809460291 1.2496790562653421 0.6873234809459196 1.2496790562652833 0.6873234809458948 1.249679056265323 0.6873234809459484 1.2496790562652558 1.37464696189187 0.3436617404729756 1.374646961891796 1.374646961891869 2.5921428475554342 0.6873234809459414 0.6873234809459371 0.6873234809459051 1.4262227424661957 2.5921428475554014 1.2496790562652205 1.374646961891876 1.2496790562652424 2.5921428475553507 0.6873234809459801 1.4262227424661764 1.3746469618919428 0.0 1.4262227424660947 0.0 0.0 1.2496790562653242 0.6873234809459716 1.426222742466254 0.6873234809459005 0.0 1.374646961891866 1.249679056265317 1.3746469618919746 1.2496790562653373 0.6873234809459289 1.2496790562653268 0.687323480945934 0.6873234809459391 1.8577814762523368 1.3746469618918666 2.5921428475555444 0.6873234809459771 0.6873234809458891 0.687323480945878 1.2496790562654774 3.499101357542963 1.426222742466282 1.3746469618918988 1.426222742466093 1.249679056265335 0.6873234809459962 0.0 0.6873234809459772 0.6873234809459033 1.8577814762523528 0.6873234809459532 1.3746469618917991 1.3746469618918151 1.8577814762523193 0.6873234809459795 1.2496790562651765 0.6873234809459101 0.6873234809460154 1.426222742466252 1.8577814762524922 1.374646961891849 1.2496790562652378 0.6873234809459255 1.4262227424662475 2.592142847555426 0.6873234809459992 2.0619704428377803 1.374646961891821 1.4262227424661233 1.2496790562653857 0.6873234809459412 2.5921428475553694 1.4262227424663063 0.6873234809459962 1.2496790562653437 1.8577814762526326 0.6873234809459066 0.687323480945916 0.6873234809459211 1.2496790562653834 0.6873234809459362 0.6873234809458344 0.6873234809459223 0.6873234809459678 1.3746469618918882 1.499614867518544 1.8577814762524136 1.2496790562653304 0.6873234809459315 0.0 1.2496790562653484 0.6873234809460053 0.6873234809459476 1.249679056265474 0.6873234809459305 2.5921428475554187 1.2496790562652924 1.2496790562654467 2.5921428475554613 0.0 0.6873234809459207 1.2496790562654023 0.6873234809459486 1.2496790562655449 0.6873234809459375 1.8577814762523632 0.6873234809459295 0.6873234809459395 1.2496790562653206 1.857781476252502 0.0 1.8577814762524651 1.3746469618918469 1.4262227424663263 0.6873234809459576 1.249679056265427 1.8577814762525147 1.374646961891909 1.8577814762524096 0.6873234809458877 1.2496790562652726 1.2496790562653695 1.8577814762525235 2.5921428475552397
1110.0416052432324 0.6873234809458978 0.6873234809460179 1.2496790562653421 0.6873234809460208 1.2496790562652944 1.6496236899191579 0.6873234809459307 0.6873234809459255 1.2496790562653914 1.3746469618918085 1.8577814762525031 1.2496790562653703 1.2496790562653646 0.6873234809459503 0.6873234809458972 0.0 1.8577814762524483 1.4262227424660372 1.8577814762524383 1.2496790562651368 0.6873234809459431 0.6873234809460465 1.2496790562653566 0.68732348094584 0.0 0.6873234809459682 0.0 1.8577814762523737 1.249679056265379 0.687323480945908 1.2496790562653395 1.2496790562654363 0.0 1.2496790562653237 1.2496790562652969 0.0 1.249679056265308 1.2496790562652866 1.3746469618918638 0.6873234809458171 1.2496790562653102 0.6873234809458446 0.6873234809459245 1.4262227424661076 1.2496790562653137 1.2496790562652942 1.2496790562652906 0.6873234809458655 0.6873234809459386 1.2496790562653177 1.8577814762524927 0.6873234809458922 1.3746469618918213 1.8577814762524456 0.6873234809459361 0.6873234809460262 0.0 0.687323480945981 1.4262227424662164 0.6873234809460443 1.2496790562653757 1.2496790562653426 1.3746469618919366 4.123940885675492 2.5921428475553414 0.6873234809460336 1.8577814762524791 1.3746469618919208 0.6873234809459726 1.8577814762525615 1.8577814762523892 1.8577814762522809 1.2496790562653555 1.4262227424660128 1.8577814762524951 0.0 0.0 0.6873234809460029 0.6873234809459801 0.0 0.687323480945924 0.6873234809459932 0.0 1.4262227424663203 0.6873234809459742 1.2496790562655022 0.6873234809459321 0.34366174047299763 0.0 1.8577814762525007 1.2496790562653557 1.2496790562651872 1.249679056265367 2.5921428475555706 0.6873234809459613 1.2496790562651854 2.592142847555317 0.6873234809458841 0.6873234809459302 0.6873234809459243 0.6873234809459289 0.6873234809458786 0.6873234809459743 2.5921428475553507 1.857781476252412 1.4262227424662697 0.6873234809459143 0.687323480945864 0.687323480945934 1.857781476252627 1.4262227424662668 1.857781476252466 1.857781476252452 0.6873234809459211 0.6873234809459581 1.4262227424660485 1.2496790562653408 1.2496790562652622 0.6873234809459353 1.2496790562652091 0.6873234809459137 0.0 1.2496790562652957 2.592142847555245 1.2496790562653601 2.5921428475552366 0.0 1.249679056265484 0.6873234809458691 1.2496790562651516 1.374646961891839 0.6873234809459915 1.8577814762524592 1.8577814762524683 1.2496790562653821 0.6873234809460287 1.4262227424663023 0.6873234809458522 1.4262227424661673 1.8577814762525036
1120.0416052432324 0.6873234809459411 1.2496790562655222 0.6873234809459381 1.2496790562654772 0.6873234809459547 0.0 1.4262227424662166 0.6873234809459285 1.2496790562654057 1.2496790562651952 0.6873234809459751 1.4262227424661336 1.2496790562653024 1.2496790562652906 1.2496790562652444 0.0 1.8577814762524802 0.0 2.5921428475554067 0.6873234809459965 1.4262227424662368 1.2496790562655204 0.0 1.2496790562651576 0.0 0.6873234809459142 1.2496790562653326 0.6873234809459653 0.6873234809459041 1.2496790562651956 0.0 0.6873234809458478 1.3746469618918844 2.592142847555492 1.249679056265295 1.8577814762524092 1.6496236899189518 0.6873234809458519 1.374646961891867 1.4262227424662253 1.374646961891826 1.2496790562653641 0.6873234809459657 1.374646961891886 0.6873234809458839 1.249679056265254 0.6873234809459517 1.2496790562654159 1.3746469618918804 0.6873234809459906 2.5921428475553596 1.3746469618918942 0.6873234809459852 1.8577814762523523 0.6873234809459186 1.426222742466363 0.0 0.6873234809459257 1.2496790562653 1.249679056265264 0.6873234809459342 1.8797183685462442 2.5921428475553574 0.0 1.2496790562654425 0.6873234809459782 1.8577814762525007 1.3746469618918116 1.2496790562654354 1.8577814762524667 0.6873234809459353 1.3746469618919237 1.2496790562653035 1.4262227424661285 1.249679056265356 0.6873234809459552 1.2496790562654256 1.249679056265336 0.6873234809460225 0.0 1.2496790562654423 1.2496790562654463 2.0619704428377843 1.4262227424661338 1.2496790562652997 1.249679056265387 1.8577814762524902 0.6248395281325001 1.3746469618918076 2.5921428475552313 0.6873234809458653 1.2496790562654745 1.2496790562652824 1.249679056265266 0.6873234809459571 0.0 1.2496790562653297 0.6873234809459712 1.2496790562653364 1.8577814762523124 0.6873234809458976 1.249679056265359 0.687323480945944 1.2496790562653861 1.2496790562653317 1.24967905626534 1.2496790562653275 0.6873234809459758 1.2496790562653708 1.2496790562652256 0.687323480945981 1.2496790562654019 0.68732348094591 1.4262227424663008 0.6873234809459052 1.2496790562654083 1.2496790562653688 1.24967905626522 1.249679056265343 0.0 1.4262227424662286 2.5921428475554755 0.6873234809459284 1.2496790562655313 1.2496790562653706 1.374646961891909 1.4262227424662999 0.0 0.6873234809459435 0.6873234809458852 1.4996148675183583 0.0 1.4262227424662932 1.2496790562652444 1.3746469618918675 1.249679056265214 2.592142847555389 0.6873234809459399 1.426222742466216 0.0
1130.0416052432324 1.3746469618918633 1.8577814762523537 1.2496790562654216 0.687323480945943 0.6873234809459445 1.374646961891841 1.249679056265366 0.6873234809459026 1.249679056265335 0.6873234809459046 2.5921428475553507 0.6873234809459737 0.6873234809459513 1.87971836854602 1.2496790562653046 1.8577814762524996 2.592142847555382 0.0 2.5921428475553414 0.6873234809458767 0.6873234809459525 0.6873234809459936 1.249679056265336 1.2496790562653004 0.0 0.6873234809459323 0.6873234809459554 1.2496790562652624 0.6873234809459879 1.374646961891943 0.0 0.6873234809459846 0.0 1.24967905626522 0.6873234809460215 1.3746469618918038 1.4262227424662037 0.687323480945843 0.0 1.249679056265135 0.0 1.8577814762525535 1.2496790562653657 1.2496790562654396 1.2496790562653115 1.374646961891947 1.249679056265303 1.2496790562653932 1.2496790562653306 0.6873234809458949 0.0 2.5921428475552992 0.0 0.6873234809458432 0.6873234809459381 1.8577814762523976 0.6873234809459374 2.5921428475555053 1.4262227424662755 0.6873234809459027 0.6873234809459446 2.592142847555386 1.3746469618918586 1.2496790562653106 0.6873234809459584 1.249679056265492 0.6873234809459442 0.6873234809459756 0.6873234809459753 1.426222742466099 1.2496790562652864 0.6873234809458456 0.6873234809459596 2.592142847555535 1.3746469618918582 0.0 1.3746469618918915 1.2496790562654025 1.2496790562653144 1.2496790562654363 1.249679056265366 1.2496790562654982 0.0 0.0 0.6873234809459693 2.5921428475551966 0.6873234809458956 0.3436617404729003 1.3746469618918757 0.6873234809458896 1.8577814762525482 1.2496790562654303 1.249679056265322 0.0 0.687323480945926 1.249679056265239 1.249679056265373 0.6873234809459207 0.6873234809459565 1.249679056265363 1.3746469618918302 0.687323480945968 0.6873234809458998 3.499101357542848 1.2496790562653415 1.85778147625257 0.6873234809459006 2.592142847555393 0.6873234809459758 0.6873234809459359 0.0 1.4262227424663643 0.6873234809459068 1.8577814762523321 0.6873234809459797 1.2496790562653137 1.2496790562653501 0.6873234809459581 0.6873234809459545 1.2496790562653834 0.6873234809459492 0.687323480945837 0.6873234809459317 1.2496790562654856 1.2496790562653237 1.426222742466057 1.2496790562652946 2.592142847555435 1.2496790562652957 1.2496790562652018 0.6873234809459331 2.5921428475551975 1.2496790562652775 0.6873234809459194 0.6873234809459885 0.6873234809460025 1.4262227424663105 0.6873234809458778 1.3746469618918846 2.5921428475554786
1140.0416052432324 0.687323480945928 1.8577814762524212 0.687323480945952 0.6873234809459225 1.2496790562652866 1.426222742466109 1.2496790562653448 1.8577814762523683 1.8577814762524962 1.2496790562652247 0.68732348094592 1.3746469618918422 0.6873234809458866 0.6873234809460051 0.6873234809459208 1.8577814762523568 0.3436617404729302 1.374646961891811 1.2496790562653488 0.6873234809458549 1.2496790562652593 2.5921428475553743 1.3746469618918897 0.6873234809459238 1.8577814762524862 1.249679056265223 1.37464696189189 1.2496790562651738 1.3746469618919186 0.6873234809459104 1.879718368546044 0.6873234809459671 0.0 0.0 1.2496790562652762 1.8577814762525726 1.2496790562652569 1.2496790562655302 2.5921428475554515 0.6873234809459502 2.592142847555367 2.5921428475555186 1.2496790562653046 1.249679056265497 0.687323480945886 1.8577814762525031 0.6873234809458976 0.6873234809458627 1.3746469618918438 1.2496790562653304 1.2496790562653055 0.6873234809460395 1.249679056265371 1.4262227424663876 0.6873234809459274 1.3746469618919597 0.6873234809459084 0.6873234809459104 1.3746469618918755 1.2496790562653606 1.2496790562653302 1.2496790562655178 1.2496790562653597 0.0 1.2496790562653945 0.6873234809459768 0.6873234809459076 1.8577814762524683 0.6873234809459068 1.374646961891883 0.6873234809459534 0.6873234809460037 0.0 0.687323480945981 1.8577814762524483 0.0 1.4262227424661984 2.59214284755534 1.249679056265347 0.0 2.5921428475553627 0.6873234809460199 0.6873234809459741 1.374646961891906 1.8577814762524827 0.687323480945897 1.8577814762524043 2.5921428475553068 1.3746469618918764 1.3746469618919444 0.6873234809459066 0.6873234809459606 0.687323480945947 1.426222742466336 0.6873234809459573 1.3746469618919075 1.2496790562653701 1.4262227424663019 1.2496790562653182 0.6873234809458919 0.6873234809459311 1.2496790562654116 1.3746469618918835 0.687323480945949 0.6873234809459079 1.3746469618918273 0.6873234809459345 1.2496790562654563 0.6873234809459359 0.6873234809459525 0.6873234809459453 1.3746469618918837 1.2496790562653677 2.5921428475553823 0.6873234809459 1.2496790562652345 0.6873234809459235 0.6873234809458428 0.6873234809458987 0.6873234809459322 0.687323480945946 0.6873234809460055 0.6873234809458866 0.6873234809459909 1.426222742466218 1.2496790562653015 1.4262227424662355 1.2496790562651463 0.6873234809459429 1.2496790562652245 0.6873234809459073 0.0 0.0 0.6873234809458809 0.6873234809458996 1.4262227424661456 1.3746469618918702 0.0 0.0 1.3746469618919053
1150.0416052432324 1.8577814762523976 0.0 1.2496790562653908 1.2496790562651878 1.2496790562653204 1.4262227424663723 0.687323480945959 0.6873234809458386 1.4262227424663019 0.6873234809459766 2.592142847555429 1.4262227424660712 1.249679056265355 0.6873234809458835 1.3746469618918544 1.3746469618919526 0.6248395281327302 0.0 0.6873234809459026 1.2496790562652524 1.249679056265259 1.3746469618918198 0.6873234809459426 0.687323480945881 1.3746469618918726 0.6873234809458328 1.8577814762524831 1.2496790562651505 1.2496790562653644 0.0 1.4262227424661773 0.687323480946024 0.0 1.2496790562652902 1.426222742466184 1.426222742466315 1.6496236899189871 1.24967905626537 1.857781476252468 0.6873234809459522 1.3746469618918722 1.2496790562652658 1.426222742466186 2.592142847555207 2.5921428475553814 1.2496790562655056 1.2496790562653204 0.6873234809459393 0.6873234809459007 0.6873234809459579 1.3746469618918373 0.6873234809460314 1.3746469618918675 0.6873234809460035 0.6873234809459581 1.2496790562653324 0.687323480945975 0.6873234809459015 0.0 1.2496790562655395 1.2496790562653861 1.2496790562653282 0.0 0.0 0.6873234809458573 1.3746469618919566 1.2496790562653535 1.3746469618919788 0.0 1.4262227424660878 0.6873234809459405 1.3746469618918908 0.6873234809459297 0.6873234809459027 1.2496790562653994 1.3746469618918984 1.374646961891887 0.6873234809458766 0.687323480945915 1.3746469618919759 0.0 1.4262227424661538 0.687323480945937 1.4262227424661336 1.426222742466239 1.2496790562654896 1.374646961891847 0.624839528132863 1.2496790562653124 0.0 2.5921428475553934 2.5921428475552606 1.2496790562653914 1.2496790562654103 0.6873234809458887 1.857781476252584 0.6873234809459676 0.687323480945884 0.6873234809459206 1.8577814762525302 0.6873234809459512 1.2496790562652682 0.6873234809459728 1.2496790562651745 0.687323480945924 1.857781476252488 1.2496790562653801 1.8577814762524942 0.6873234809459944 1.4996148675182719 0.6873234809459194 1.857781476252533 0.6873234809459592 0.687323480945926 1.2496790562652753 1.4262227424663962 1.2496790562653306 2.5921428475552313 0.6873234809459539 0.6873234809460044 1.2496790562653783 1.8577814762524316 0.6873234809459471 0.6873234809458988 0.6873234809459107 0.6873234809459031 1.2496790562654023 1.2496790562653164 1.4262227424662064 1.2496790562653555 1.8577814762524312 1.2496790562655309 1.4262227424661225 1.3746469618918071 2.592142847555341 1.4262227424663518 2.592142847555385 1.2496790562653004 0.0 1.2496790562651365
1160.0416052432324 1.3746469618918111 0.6873234809459251 0.6873234809459363 0.6873234809459257 0.6873234809459764 1.2496790562654136 1.2496790562654043 2.592142847555359 0.0 1.374646961891937 1.3746469618918298 1.2496790562652487 1.2496790562653826 0.6873234809459695 1.2496790562652895 1.249679056265351 1.249679056265343 1.4262227424662155 1.3746469618918664 0.6873234809460074 0.6873234809459094 0.6873234809460137 1.2496790562653712 0.0 0.0 0.6873234809459805 1.3746469618918065 1.249679056265297 1.2496790562653624 2.592142847555221 1.8797183685460037 0.6873234809459752 1.426222742466185 0.0 1.4262227424662217 0.6873234809458594 0.0 0.0 1.2496790562653441 0.6873234809459701 0.0 1.2496790562651405 1.249679056265379 1.4262227424661107 1.2496790562653977 1.4262227424662564 0.6873234809459325 1.2496790562653972 0.6873234809459366 1.2496790562652975 1.3746469618918808 1.85778147625239 0.0 0.6873234809459076 1.249679056265333 1.4262227424662273 1.2496790562653184 1.4262227424662248 1.374646961891879 1.2496790562652986 1.2496790562652895 0.6873234809458963 0.0 3.749037168796109 2.5921428475553876 2.592142847555368 0.6873234809459656 0.6873234809458769 1.3746469618918702 0.0 1.4262227424661962 2.5921428475554165 0.6873234809459315 0.0 1.374646961891875 1.2496790562653903 1.2496790562653397 2.592142847555327 0.6873234809459824 1.8577814762523224 1.2496790562653584 1.2496790562653461 0.6873234809459315 0.0 1.2496790562654323 0.6873234809458967 1.879718368546006 2.592142847555183 1.3746469618918695 0.6873234809460074 0.6873234809459622 2.592142847555544 1.2496790562652935 1.2496790562654245 0.6873234809459693 1.2496790562653644 1.249679056265318 1.2496790562653322 0.6873234809459172 1.4262227424663083 0.6873234809459278 0.6873234809459575 1.249679056265352 0.6873234809458257 1.857781476252512 1.8577814762524487 1.2496790562653584 1.649623689918983 1.2496790562653415 0.6873234809459684 0.6873234809459555 0.6873234809460258 0.6873234809459574 1.4262227424663743 0.0 1.2496790562653848 0.6873234809459889 1.8577814762524651 1.2496790562653142 1.249679056265499 0.6873234809458892 1.3746469618919657 0.6873234809459675 0.6873234809459878 0.6873234809458976 0.6873234809458547 2.59214284755544 1.4262227424663325 0.6873234809459471 0.6873234809460069 1.4262227424662577 2.5921428475554964 2.592142847555385 2.592142847555405 0.6873234809459569 0.6873234809459843 2.592142847555378 1.249679056265428 0.6873234809459168 1.8577814762524927
1170.0416052432324 2.5921428475553685 0.6873234809459621 0.6873234809459177 2.592142847555275 0.6873234809459499 0.0 0.6873234809458921 0.6873234809458656 1.2496790562653342 0.6873234809460109 1.4262227424661837 0.6873234809458759 1.2496790562653184 1.249679056265455 1.8577814762525042 1.3746469618917967 1.2496790562653592 1.4262227424661733 0.0 1.8577814762524343 1.8577814762524296 1.249679056265462 0.6873234809459405 0.6873234809459592 0.0 1.24967905626539 2.592142847555334 0.68732348094603 1.2496790562652458 0.0 0.0 1.8577814762525386 1.8577814762524851 1.2496790562654636 1.2496790562652806 0.0 1.6496236899189456 1.8577814762524127 0.0 1.2496790562652964 1.4262227424662635 1.2496790562654403 0.6873234809458869 1.249679056265534 0.6873234809459443 0.6873234809459037 1.2496790562653817 0.6873234809460289 0.6873234809459275 0.6873234809458735 0.0 1.2496790562651963 0.6873234809459158 1.4262227424660563 0.6873234809459488 1.857781476252658 0.6873234809459619 1.2496790562652473 2.592142847555415 1.2496790562651763 0.6873234809459287 2.592142847555211 1.2496790562653426 3.749037168796152 1.249679056265327 0.6873234809458519 1.8577814762524347 1.249679056265321 0.687323480946026 0.687323480945942 1.249679056265294 0.6873234809460205 0.0 1.2496790562654854 1.426222742466217 1.2496790562653568 1.2496790562652933 0.6873234809459658 0.6873234809459895 1.2496790562654672 0.6873234809460146 0.6873234809459969 4.1239408856756326 1.8577814762524951 1.4262227424662206 0.6873234809458942 1.857781476252418 0.3436617404730041 0.6873234809459445 1.6496236899189298 1.249679056265431 1.3746469618919506 0.0 0.6873234809459702 0.6873234809459656 2.5921428475555772 0.6873234809459184 0.6873234809460415 1.24967905626535 1.2496790562652487 1.2496790562653792 0.6873234809458669 1.3746469618918342 0.6873234809458924 0.687323480945968 1.2496790562653821 0.6873234809459602 0.0 1.24967905626536 1.2496790562653006 1.2496790562653284 1.3746469618919674 1.2496790562653284 0.6873234809458506 0.6873234809459966 1.2496790562655002 0.687323480945942 1.4262227424661857 0.6873234809458848 0.6873234809458638 1.8577814762524 1.8577814762524867 0.6873234809459001 1.2496790562653777 1.8577814762524991 0.6873234809458773 1.8577814762524787 1.8577814762524292 0.6873234809459096 0.6873234809459716 0.6873234809459271 1.8577814762525422 0.0 1.4262227424662406 1.2496790562653808 0.6873234809459553 1.249679056265282 1.3746469618918713 1.2496790562653028 0.6873234809460259
1180.0416052432324 1.2496790562652822 1.4262227424663383 1.2496790562653093 0.6873234809460012 0.6873234809458967 1.4262227424661884 1.249679056265337 0.6873234809459863 1.2496790562654103 0.6873234809459525 0.0 1.249679056265143 1.3746469618918733 0.6873234809458424 1.37464696189192 0.0 1.8577814762524587 1.2496790562651345 0.6873234809459003 1.2496790562654692 1.2496790562652764 2.5921428475552912 0.6873234809459488 1.2496790562655062 1.857781476252474 1.2496790562652662 0.0 0.0 1.857781476252416 0.0 1.3746469618918171 1.857781476252589 2.5921428475553374 2.5921428475552015 1.2496790562653481 0.6873234809458807 1.3746469618918011 0.0 1.4262227424661715 0.6873234809458718 1.8577814762524747 0.6873234809459569 0.6873234809459624 1.3746469618918926 0.6873234809459355 0.6873234809459878 1.8577814762524931 1.2496790562655142 0.687323480945958 0.6873234809460327 0.0 1.2496790562653375 2.592142847555415 1.2496790562654874 0.6873234809459697 1.2496790562652833 0.6873234809458746 1.3746469618919708 1.24967905626534 0.6873234809458816 0.6873234809459418 0.6873234809460278 0.6873234809459616 3.7490371687959483 1.249679056265397 1.2496790562651925 1.4262227424662564 0.687323480945909 1.857781476252454 1.4262227424663643 1.2496790562653504 0.6873234809458729 0.6873234809459673 1.8577814762525575 1.374646961891878 1.3746469618918 1.2496790562653324 1.2496790562653772 1.2496790562653062 1.374646961891868 1.2496790562653726 1.2496790562653017 0.0 1.4262227424661036 1.2496790562653244 1.426222742466123 0.6873234809459452 1.2496790562654008 0.6873234809459018 0.6873234809460361 1.2496790562653683 1.8577814762524287 0.6873234809459334 0.687323480946005 0.6873234809459648 0.6873234809459573 1.2496790562653248 1.2496790562653122 1.249679056265359 1.8577814762523563 0.6873234809459076 1.2496790562651505 1.4996148675184313 1.2496790562653142 0.6873234809460077 0.0 0.6873234809459909 0.687323480945933 0.6873234809458968 1.4262227424663456 0.6873234809459391 0.0 1.2496790562653517 0.6873234809459606 1.4262227424662364 1.249679056265372 1.2496790562652877 1.6496236899191545 0.6873234809459103 1.426222742466172 0.6873234809460121 0.687323480945987 1.2496790562653384 1.24967905626549 2.592142847555356 3.499101357542942 0.0 1.6496236899188441 0.6873234809459535 1.8577814762524643 0.6873234809459849 1.3746469618918498 1.8577814762524956 0.6873234809458748 0.687323480945969 0.6873234809459092 2.5921428475553454 2.592142847555428 1.2496790562653053 1.8577814762524931
1190.0416052432324 1.249679056265338 0.6873234809458963 1.2496790562653513 1.4262227424662561 1.249679056265328 1.8577814762524343 2.5921428475553934 0.6873234809459585 2.592142847555359 0.6873234809459156 0.6873234809458836 1.8577814762524656 0.687323480945905 0.6873234809459959 0.687323480945923 1.3746469618918271 1.2496790562653592 1.3746469618919122 1.2496790562653062 1.4996148675184504 0.6873234809459038 2.5921428475555808 0.6873234809459723 0.6873234809459772 0.0 1.8577814762525662 1.857781476252508 1.4262227424662723 0.6873234809459419 1.2496790562652371 1.2496790562653524 1.4262227424660874 1.857781476252472 1.2496790562653584 1.8577814762524822 1.2496790562653664 0.6873234809459594 2.5921428475551935 0.0 2.59214284755539 0.0 1.857781476252511 0.6873234809459768 1.249679056265317 1.249679056265388 0.6873234809459825 0.6873234809459667 1.8577814762525475 2.592142847555354 0.6873234809459274 1.649623689918933 1.8577814762525042 1.4262227424662146 0.0 1.2496790562653797 1.3746469618918884 1.2496790562653282 0.6873234809460178 0.6873234809459524 0.6873234809459176 0.6873234809459585 1.3746469618918082 1.2496790562653686 0.0 1.2496790562652613 0.6873234809458746 1.3746469618918566 0.6873234809458777 0.6873234809459916 1.8577814762525555 0.6873234809459132 0.6873234809460315 0.6873234809459504 2.592142847555571 1.3746469618918369 1.4262227424663487 0.0 1.4996148675185865 0.68732348094596 2.5921428475555057 0.6873234809459026 0.0 3.7490371687960202 1.8577814762525142 1.3746469618918744 0.6873234809459563 0.6873234809459218 0.3436617404729665 0.6873234809459065 2.5921428475552384 0.68732348094599 1.426222742466163 0.6873234809459632 1.2496790562654052 0.6873234809458892 1.2496790562655187 0.6873234809459517 1.249679056265205 0.6873234809459858 0.0 0.6873234809459343 0.6873234809459731 0.6873234809459366 1.4262227424662675 1.2496790562652798 1.249679056265458 1.2496790562653184 0.687323480945998 1.2496790562653555 0.6873234809459765 1.249679056265306 1.3746469618918657 0.6873234809459244 0.6873234809458453 1.4262227424662395 1.8577814762525147 0.6873234809459792 1.2496790562654803 1.2496790562653912 0.0 0.6873234809458342 1.2496790562653224 0.0 0.6873234809459435 0.6873234809458825 1.4262227424661542 1.3746469618918067 1.2496790562655065 0.6873234809459006 1.2496790562653424 0.6873234809459511 2.5921428475552597 1.4262227424661973 1.2496790562654483 0.6873234809459705 1.2496790562651838 1.3746469618918316 0.6873234809458559 0.0 0.6873234809458905
1200.0416052432324 2.5921428475553787 1.42622274246625 1.2496790562652815 0.6873234809459982 2.5921428475554 1.2496790562651368 1.2496790562653253 0.6873234809459875 2.592142847555355 1.2496790562652174 1.2496790562654063 1.2496790562653195 1.4262227424662044 1.8577814762523528 2.59214284755533 1.2496790562652005 0.34366174047293735 1.3746469618918171 0.6873234809459082 0.6873234809458753 1.2496790562652982 1.249679056265435 0.687323480945995 0.6873234809460275 1.374646961891861 1.2496790562652116 1.2496790562653348 2.5921428475553228 0.6873234809458793 1.2496790562654159 1.374646961891862 1.4262227424663505 1.2496790562653397 0.0 1.8577814762524227 0.6873234809459435 0.687323480945963 1.8577814762523777 1.3746469618918835 0.6873234809458776 1.3746469618918393 1.85778147625255 0.6873234809459513 1.8577814762526175 1.8577814762524372 1.8577814762526386 0.6873234809459376 0.6873234809460294 0.6873234809459245 1.2496790562651343 1.3746469618918769 1.8577814762524083 1.3746469618919115 1.2496790562652604 0.6873234809459777 1.2496790562653262 2.5921428475553645 0.0 1.4262227424662255 1.2496790562655042 1.2496790562653188 1.2496790562653097 1.2496790562653584 4.278668227398763 0.6873234809458986 1.2496790562652476 0.6873234809459224 1.2496790562654696 1.2496790562653837 2.592142847555362 1.2496790562653322 1.6496236899189365 0.687323480945917 1.499614867518439 0.0 1.4262227424663814 0.0 0.687323480945952 0.6873234809459826 1.249679056265479 1.2496790562653546 1.2496790562652393 3.749037168796035 0.0 0.0 0.6873234809459543 1.2496790562653217 1.8577814762523837 1.249679056265374 0.6873234809459987 1.2496790562653557 1.8577814762524187 0.6873234809459191 1.8577814762525202 0.6873234809459267 0.6873234809460163 0.6873234809458991 1.249679056265224 0.6873234809458992 1.2496790562652926 0.6873234809459209 1.249679056265406 0.6873234809459361 1.2496790562651963 0.6873234809459537 1.426222742466109 0.0 2.59214284755527 1.2496790562653084 1.2496790562654618 0.6873234809459647 1.4262227424661285 0.6873234809459973 1.2496790562654594 0.6873234809459033 0.6873234809460059 1.249679056265341 0.687323480945978 1.2496790562653313 1.8577814762524703 1.2496790562653304 3.499101357543088 1.2496790562653461 1.249679056265262 0.6873234809459103 0.687323480945887 0.0 1.8577814762523752 1.2496790562653233 0.6873234809459118 1.249679056265318 1.8577814762523768 0.0 1.2496790562654065 1.2496790562652975 0.6873234809458366 1.4262227424662375 1.2496790562651872 3.499101357542975 1.249679056265213
1210.0416052432324 0.6873234809459685 1.2496790562653184 1.2496790562652633 0.6873234809458867 0.6873234809459141 1.374646961891967 1.2496790562653528 0.6873234809460155 0.0 1.2496790562653297 0.6873234809459635 0.6873234809459885 0.6873234809459295 1.2496790562655242 1.3746469618918375 1.2496790562655316 1.2496790562653592 1.3746469618919228 0.6873234809459172 1.2496790562651716 0.6873234809460247 0.687323480945995 0.6873234809459784 0.6873234809459798 1.4262227424662481 0.6873234809460268 0.0 1.3746469618918415 2.592142847555425 0.0 1.8577814762525 0.6873234809460197 0.0 1.857781476252541 0.6873234809459183 0.6873234809458573 0.6873234809458831 0.6873234809460095 1.426222742466232 0.6873234809459897 0.0 2.592142847555195 0.687323480945999 1.857781476252613 0.6873234809459572 1.2496790562653106 1.8577814762525242 1.8577814762523162 0.6873234809458921 0.687323480945998 0.0 1.24967905626517 1.3746469618918806 1.3746469618919213 0.6873234809459255 1.2496790562654425 0.6873234809459114 0.6873234809458726 0.6873234809459418 1.2496790562653397 0.6873234809459637 1.8577814762525362 0.6873234809459837 2.0619704428378234 0.6873234809459677 1.2496790562655262 0.6873234809459335 1.2496790562652327 0.6873234809459039 1.426222742466219 0.6873234809459697 0.6873234809459099 0.6873234809459197 0.6873234809459743 2.5921428475554213 1.3746469618918868 0.0 0.6873234809459834 1.2496790562653546 1.3746469618919612 0.6873234809459331 1.6496236899191314 0.6873234809458716 1.3746469618919375 1.6496236899189742 0.6873234809459674 0.0 0.6248395281327004 0.6873234809459086 0.6873234809459374 0.6873234809458969 1.4262227424661011 0.6873234809459272 0.6873234809458949 0.6873234809459026 1.4262227424662937 1.8577814762524756 1.2496790562654743 0.6873234809458827 0.0 0.6873234809459036 2.59214284755538 0.6873234809459519 1.2496790562655062 0.6873234809459606 0.0 1.249679056265342 0.6873234809458648 0.6873234809459315 1.8577814762525355 1.8577814762524816 0.6873234809460141 1.2496790562653133 0.6873234809458317 0.6873234809460064 2.5921428475553343 1.2496790562652704 0.6873234809458483 0.6873234809459361 0.687323480945994 1.8577814762524543 0.6873234809460067 1.2496790562653297 0.687323480945897 0.6873234809458847 0.687323480945963 1.3746469618918693 1.3746469618917878 1.2496790562653222 0.6873234809459484 0.687323480945932 0.0 1.4262227424662202 0.6873234809460045 0.6873234809459166 0.6873234809459395 1.3746469618918848 0.6873234809458807 1.3746469618919204 1.2496790562655182
1220.0416052432324 1.8797183685460752 1.249679056265199 2.5921428475553308 1.8797183685459613 0.6873234809459603 0.0 0.687323480945897 0.6873234809459341 0.0 1.249679056265393 1.249679056265399 0.0 0.6873234809459602 1.3746469618918404 0.6873234809459227 0.6873234809459844 0.6248395281326493 1.3746469618918367 0.6873234809459243 1.2496790562651678 0.6873234809458627 0.6873234809460231 1.249679056265365 1.2496790562654951 2.592142847555386 0.0 1.249679056265286 1.4262227424662444 0.6873234809458836 0.0 1.3746469618918689 0.6873234809460198 0.0 1.4262227424660814 1.2496790562653444 1.8577814762523368 1.2496790562653592 0.687323480945917 1.8577814762524927 0.687323480945992 0.0 1.2496790562651903 2.592142847555412 1.857781476252388 1.2496790562653424 0.6873234809458522 0.6873234809458729 1.2496790562653595 1.249679056265363 0.6873234809459261 0.0 1.249679056265204 1.374646961891861 0.6873234809460027 0.6873234809459186 0.687323480945834 1.3746469618919017 1.4262227424661926 1.3746469618918897 0.6873234809458555 0.6873234809459688 0.6873234809458763 0.687323480945946 4.123940885675569 0.6873234809459537 0.6873234809458517 1.2496790562653388 1.2496790562651654 0.6873234809458503 1.2496790562652966 2.5921428475553863 0.6873234809458413 1.249679056265393 0.6873234809458926 1.2496790562653373 1.4262227424661744 0.0 1.2496790562652706 0.6873234809459594 1.3746469618918091 0.6873234809459243 1.3746469618918251 2.061970442837894 1.3746469618918271 1.374646961891853 0.6873234809459136 0.6873234809459132 1.2496790562653295 1.85778147625242 0.687323480945833 1.2496790562653641 0.0 1.857781476252511 1.374646961891885 0.6873234809459854 2.5921428475552855 1.2496790562652853 0.6873234809458706 0.6873234809458971 1.249679056265438 0.6873234809458898 0.6873234809460355 0.68732348094593 0.6873234809459889 1.2496790562653153 1.8577814762523241 0.6873234809459334 1.4262227424663114 1.2496790562653624 0.6873234809458809 0.6873234809458847 1.374646961891957 0.6873234809459259 2.592142847555468 1.249679056265335 0.6873234809459223 1.2496790562653266 1.8577814762525506 0.6873234809459092 0.6873234809459969 1.4262227424662242 0.6873234809460257 0.6873234809459016 2.592142847555509 0.6873234809459237 1.2496790562653808 2.5921428475554134 0.0 0.687323480945894 0.687323480946011 0.0 1.8577814762524572 0.0 1.2496790562652764 0.6873234809458835 2.592142847555486 1.857781476252454 0.0 0.0 0.6873234809459002
1230.0416052432324 1.2496790562653584 1.2496790562653626 0.6873234809458779 2.5921428475555364 1.2496790562653584 1.3746469618919372 1.8577814762524212 0.6873234809459015 0.0 1.2496790562654063 2.5921428475554493 0.0 0.687323480945932 0.6873234809458741 0.6873234809458623 1.2496790562653055 1.8577814762524563 1.3746469618918493 0.0 0.6873234809459505 0.6873234809459303 2.592142847555419 0.6873234809459737 0.6873234809459084 1.3746469618918695 0.6873234809459257 1.3746469618918897 1.4262227424662175 1.2496790562653308 0.0 1.4262227424662222 0.6873234809459852 1.3746469618919035 1.4262227424660838 0.6873234809459495 1.8577814762524492 2.5921428475554156 0.0 1.4262227424662464 1.2496790562655424 1.2496790562653295 1.8577814762524796 1.4262227424662046 0.0 0.6873234809459965 0.687323480945848 0.6873234809459082 1.2496790562653088 1.249679056265319 0.6873234809459223 1.2496790562652775 0.6873234809459274 1.3746469618919195 1.2496790562655433 0.6873234809459529 0.6873234809459086 1.2496790562653044 1.2496790562652031 1.8577814762524443 2.5921428475555914 1.2496790562653064 0.6873234809458557 0.6873234809459665 0.6873234809459785 0.68732348094592 1.249679056265484 1.8577814762524436 1.2496790562653015 0.6873234809459896 1.3746469618918313 1.249679056265333 0.6873234809459962 1.2496790562652897 1.857781476252589 1.3746469618918717 1.249679056265445 1.8577814762524947 1.249679056265332 0.6873234809458586 1.4262227424662153 0.6873234809459225 1.857781476252619 0.0 1.2496790562655395 1.3746469618918267 1.24967905626553 1.8577814762524867 0.6248395281326594 0.6873234809459094 1.2496790562655304 0.6873234809459691 1.2496790562654712 1.249679056265317 1.4262227424661404 1.426222742466212 1.3746469618918171 0.687323480945946 0.6873234809458747 0.6873234809459196 1.2496790562654523 1.2496790562652929 0.6873234809458463 1.249679056265295 1.2496790562655202 1.249679056265382 0.0 1.249679056265351 0.6873234809460015 1.2496790562653004 1.2496790562654738 0.0 0.6873234809460019 1.249679056265345 0.6873234809459841 1.249679056265346 0.687323480945894 0.6873234809459176 1.4262227424660534 0.6873234809459258 1.2496790562654623 2.5921428475554 1.3746469618919275 0.6873234809459234 0.6873234809459636 2.5921428475553716 1.3746469618919535 1.4262227424662537 0.0 0.6873234809459146 1.249679056265235 1.4262227424662473 0.6873234809460054 0.0 0.6873234809459765 1.2496790562653637 1.8577814762524343 2.592142847555427 0.6873234809459055 0.6873234809458484 0.6873234809459909
1240.0416052432324 1.8577814762524782 0.6873234809459426 1.2496790562653664 0.0 0.6873234809459509 1.8577814762524856 0.6873234809459787 0.6873234809459339 1.3746469618918824 1.8577814762524667 1.2496790562653561 0.6873234809458536 1.2496790562653326 0.6873234809460033 1.249679056265387 1.249679056265529 2.5921428475553943 0.0 0.6873234809459455 1.2496790562652755 0.6873234809458999 0.6873234809460214 1.2496790562653872 1.2496790562653157 1.3746469618918475 1.249679056265381 1.4996148675184577 1.8577814762524607 1.426222742466179 0.0 1.3746469618918282 0.6873234809458846 2.592142847555356 0.0 1.4262227424662528 1.8577814762524456 2.5921428475553188 0.6873234809460302 0.0 1.4262227424661174 0.6873234809458986 0.0 0.6873234809459411 0.0 1.249679056265338 0.687323480945898 1.2496790562653173 0.687323480945956 1.2496790562652922 0.6873234809458346 0.6873234809459207 1.8577814762523983 1.4262227424661862 0.6873234809459414 1.2496790562653415 0.6873234809459235 1.2496790562653217 2.592142847555434 1.374646961891877 0.687323480945892 0.6873234809459852 1.3746469618918111 1.857781476252426 1.2496790562653604 0.6873234809459898 1.2496790562651683 0.6873234809459875 1.249679056265429 0.6873234809459708 1.8577814762524032 1.857781476252502 1.4996148675185383 1.857781476252458 0.6873234809458576 0.0 0.6873234809460275 0.0 2.5921428475554733 0.6873234809458605 1.2547300488121365 0.6873234809459904 1.4262227424662475 2.061970442837721 2.5921428475555306 0.0 1.2496790562651983 1.4262227424662268 0.6248395281328382 0.0 2.592142847555213 1.3746469618918375 1.426222742466285 0.68732348094594 1.857781476252476 0.6873234809459334 1.2496790562655324 0.6873234809459463 1.2496790562654656 0.6873234809458949 1.2496790562653468 0.6873234809459977 0.6873234809459745 0.6873234809459507 0.6873234809459849 0.6873234809458802 0.0 0.6873234809459535 1.2496790562653621 0.6873234809458946 2.592142847555273 0.6873234809459289 1.2496790562651403 0.6873234809459515 0.6873234809459436 0.6873234809459382 1.2496790562652946 0.6873234809458891 1.426222742466289 0.687323480945964 1.3746469618919188 1.8577814762525127 1.426222742466176 0.687323480945915 0.6873234809460306 0.687323480945931 0.6873234809458828 0.0 1.3746469618917854 0.6873234809459436 2.592142847555263 1.3746469618918338 2.5921428475553 0.0 0.0 0.6873234809458754 1.2496790562651476 1.8577814762524172 0.6873234809458645 0.6873234809459342 1.2496790562652675
1250.0416052432324 1.8577814762524396 2.59214284755518 2.592142847555299 1.4262227424661587 0.6873234809459384 1.374646961891846 0.6873234809459069 0.6873234809458846 1.2496790562653004 0.687323480945978 1.8577814762524236 0.6873234809458868 0.6873234809459027 1.249679056265144 1.426222742466146 1.4262227424660683 0.6248395281326493 1.8577814762524891 0.687323480945901 1.2496790562655111 0.6873234809459166 1.249679056265443 0.6873234809459191 0.6873234809459768 1.3746469618918646 1.2496790562654034 1.2496790562653972 0.0 2.592142847555417 1.2496790562652633 0.0 1.249679056265363 2.592142847555387 1.4262227424662348 2.592142847555408 0.0 0.6873234809459435 0.6873234809459374 1.374646961891882 0.6873234809459725 0.6873234809459821 0.6873234809458997 1.8577814762524332 0.0 1.374646961891815 1.2496790562651412 1.2496790562652917 1.857781476252472 1.2496790562653128 0.6873234809459201 0.6873234809458914 1.2496790562654163 1.3746469618918775 1.8577814762522822 0.6873234809459547 0.6873234809458282 0.0 0.6873234809459678 1.42622274246617 0.6873234809460295 0.6873234809459207 0.6873234809459745 1.249679056265311 0.6873234809459265 2.5921428475554187 0.6873234809459725 0.6873234809458817 1.2496790562652353 0.6873234809459492 0.0 0.6873234809459489 0.6873234809459305 0.6873234809458828 0.6873234809459734 1.2496790562653572 0.687323480945903 1.4262227424662774 0.6873234809458582 1.8577814762524232 1.426222742466159 0.6873234809458573 1.3746469618919648 1.426222742466304 3.4991013575431436 1.374646961891881 1.374646961891963 1.2496790562653117 1.2496790562653197 1.2496790562653262 1.2496790562654072 0.6873234809459329 0.0 1.2496790562653795 1.2496790562652296 1.249679056265384 0.6873234809459059 1.2496790562653801 0.6873234809459126 0.6873234809459221 0.0 0.6873234809459295 1.8577814762524762 0.6873234809459915 0.6873234809459345 0.6873234809459039 0.0 0.6873234809458935 0.6873234809459302 0.6873234809459033 1.426222742466066 0.6873234809459815 1.2496790562655236 1.2496790562653244 1.2496790562653444 0.0 0.6873234809459962 0.6873234809459732 1.8577814762526135 0.6873234809459432 0.6873234809458747 0.6873234809459651 1.2496790562655313 1.2496790562653268 0.6873234809459884 0.6873234809459594 0.6873234809458699 1.249679056265325 1.3746469618918786 0.687323480945917 1.3746469618918349 0.0 0.0 1.4262227424661704 1.2496790562652667 0.6873234809459323 1.2496790562655058 2.5921428475553374 1.2496790562654623 0.687323480945883 1.2496790562652857
1260.0416052432324 1.2496790562653672 1.8577814762525542 1.2496790562653601 1.24967905626516 0.6873234809459295 0.0 1.249679056265334 0.0 1.249679056265346 1.2496790562654014 0.0 1.8577814762525682 1.374646961891841 1.2496790562655353 0.6873234809459744 0.6873234809458634 1.2496790562653592 1.3746469618918573 2.5921428475554174 0.687323480945883 0.6873234809459576 0.0 1.2496790562653628 0.6873234809459118 2.5921428475553445 0.6873234809460098 0.0 1.4262227424661653 1.3746469618919144 1.3746469618919246 0.0 1.2496790562652724 1.4262227424662466 1.3746469618918575 1.8577814762525 0.0 1.2496790562653637 0.6873234809458967 0.0 0.687323480945992 0.6873234809459017 0.0 0.6873234809458891 1.4262227424661893 0.6873234809459402 1.8577814762523472 0.6873234809459164 1.2496790562652615 1.249679056265344 0.6873234809458417 0.6873234809459529 0.6873234809459731 1.2496790562653493 0.6873234809459563 0.687323480945936 0.687323480945944 0.6873234809459249 1.2496790562652353 1.8577814762525016 1.2496790562653013 0.6873234809459092 2.592142847555178 0.6873234809459519 0.0 0.6873234809458786 1.3746469618918313 1.2496790562652822 0.6873234809458887 0.6873234809459962 1.8577814762525287 1.2496790562653701 0.6873234809458401 0.6873234809459906 1.2496790562653706 0.0 0.6873234809459838 0.0 2.5921428475554658 0.6873234809458387 0.0 0.687323480945912 1.8577814762524592 2.0619704428378576 1.2496790562653564 0.0 0.6873234809459945 1.4262227424661835 1.426222742466062 1.2496790562653266 0.6873234809458716 0.6873234809459109 1.4996148675184655 0.6873234809459215 1.249679056265474 0.6873234809459001 1.249679056265326 1.2496790562652995 0.6873234809458686 0.6873234809459251 1.3746469618918717 1.2496790562653324 0.6873234809458477 0.6873234809459295 0.6873234809458433 0.6873234809459012 0.0 1.8577814762524862 1.4262227424663674 0.6873234809459235 0.6873234809458936 0.6873234809459613 1.2496790562652624 1.2496790562653306 0.6873234809459711 0.6873234809459315 0.6873234809458462 1.2496790562653948 0.6873234809460387 0.687323480945893 1.426222742466213 0.6873234809459338 1.2496790562654887 0.6873234809459403 1.249679056265157 0.6873234809459825 1.8577814762526355 1.3746469618919073 1.4262227424662144 0.6873234809459365 0.6873234809458589 1.3746469618918669 1.3746469618919581 0.68732348094594 1.8577814762525202 1.2496790562653208 0.6873234809458647 0.0 0.0 0.687323480945911 1.249679056265346
1270.0416052432324 1.249679056265348 0.6873234809459485 1.2496790562653886 2.592142847555441 0.6873234809459456 0.0 1.2496790562653004 1.2496790562654643 1.2496790562652764 0.6873234809460247 1.4262227424662224 3.4991013575429193 0.0 0.6873234809460257 1.2496790562652975 1.4262227424662766 0.6873234809459572 2.592142847555265 0.6873234809458896 0.6873234809458877 1.426222742466186 1.4262227424661107 1.249679056265347 1.8577814762525335 1.2496790562653655 1.2496790562653055 1.3746469618919013 1.374646961891767 1.4262227424662 1.4262227424661549 0.0 1.2496790562653983 1.3746469618918762 1.8577814762523992 2.5921428475554027 0.6873234809459127 1.4262227424662017 0.6873234809459733 1.4262227424662413 1.2496790562654503 0.6873234809459716 1.2547300488119637 1.2496790562653237 1.4996148675182979 1.249679056265323 0.0 1.2496790562653575 1.2496790562653357 1.2496790562653461 1.249679056265398 1.249679056265279 1.8577814762524048 2.5921428475553334 2.5921428475555723 0.6873234809458995 1.2496790562651339 1.249679056265353 1.8577814762526206 1.4262227424662297 1.249679056265214 0.6873234809459147 1.4262227424662683 0.6873234809459179 0.0 0.6873234809459544 0.6873234809458658 0.6873234809459512 0.6873234809459219 0.6873234809459783 1.3746469618919293 0.6873234809459274 1.8577814762523033 0.6873234809459601 1.249679056265328 1.8577814762524796 0.6873234809459253 1.374646961891863 1.3746469618919 0.6873234809460235 0.0 0.6873234809458587 1.8577814762524432 0.0 0.0 0.0 0.687323480946007 1.374646961891925 1.8577814762523357 1.2496790562652709 1.4262227424661431 0.6873234809459428 0.0 0.6873234809458842 1.8577814762524247 0.687323480945996 0.0 0.687323480945958 0.6873234809460022 0.6873234809459768 0.6873234809459496 0.6873234809459232 1.2496790562653781 0.6873234809459448 0.6873234809458655 0.687323480945894 0.0 0.6873234809459254 0.0 0.6873234809459446 0.6873234809459016 0.6873234809459552 1.2496790562654991 0.6873234809459761 0.6873234809459012 0.687323480945937 0.6873234809458706 0.6873234809459686 0.6873234809458229 0.687323480945923 1.374646961891785 0.6873234809458949 1.6496236899190393 1.2496790562653317 0.6873234809459902 1.2496790562653353 2.5921428475552863 1.3746469618918222 1.2496790562653057 0.6873234809459183 1.2496790562653244 1.4262227424661753 2.5921428475554507 0.0 0.6873234809459435 1.2496790562653752 1.2496790562652136 0.0 1.4262227424662237 2.5921428475553183 1.2496790562655244
1280.0416052432324 1.2496790562653608 1.2496790562651892 0.6873234809459585 1.4262227424661504 0.6873234809459724 1.374646961891771 0.6873234809459725 0.6873234809458605 1.3746469618919366 0.6873234809459055 1.2496790562653712 1.249679056265396 1.2496790562652744 0.6873234809458934 1.2496790562652942 0.6873234809460418 1.2496790562653592 1.249679056265443 0.68732348094593 0.6873234809459334 1.2496790562652724 0.0 1.2496790562653315 0.6873234809459238 1.8577814762524136 1.4996148675183478 1.374646961891899 1.4262227424662672 0.0 1.2496790562652063 2.5921428475553916 1.8577814762524423 0.0 1.4262227424662812 0.6873234809459101 1.2496790562652718 0.0 0.6873234809459836 1.2496790562653084 1.3746469618919681 1.2496790562653248 1.857781476252418 1.249679056265324 0.0 1.2496790562653242 1.2496790562653977 1.2496790562652833 0.6873234809459207 0.6873234809459225 1.2496790562654525 0.6873234809459636 1.4996148675184109 1.2496790562653959 1.8577814762525455 1.2496790562652826 0.6873234809458835 1.2496790562653235 2.592142847555183 1.3746469618918813 1.2496790562653723 0.6873234809459527 1.857781476252378 0.6873234809459378 0.0 0.6873234809459398 1.249679056265137 0.6873234809459926 1.4996148675183871 0.6873234809459546 1.857781476252496 0.6873234809459632 1.2496790562652456 0.6873234809459513 0.6873234809460582 0.0 1.8577814762522842 2.5921428475554245 0.0 1.4262227424661797 1.2496790562651447 0.6873234809459264 1.3746469618919226 1.2496790562654014 0.0 1.8577814762525076 0.6873234809459903 1.24967905626531 1.374646961891831 1.2496790562653508 1.4996148675183723 0.6873234809459365 2.592142847555389 1.8577814762524403 0.6873234809459978 0.6873234809459204 0.0 0.6873234809459515 1.4996148675184389 0.6873234809458773 0.6873234809459076 1.2496790562653164 1.4262227424661333 0.6873234809459325 0.6873234809458452 0.687323480945977 1.4262227424662481 0.6873234809459209 1.4262227424661644 0.6873234809459255 0.6873234809459905 1.4262227424662042 1.2496790562651499 0.6873234809459229 1.8577814762523528 0.6873234809458983 0.6873234809459186 1.249679056265297 1.8577814762523592 1.249679056265372 0.0 1.2496790562653661 2.592142847555443 0.6873234809459683 1.2496790562652025 1.2496790562653253 1.8577814762525462 0.0 1.3746469618918007 0.6873234809459199 1.2496790562654363 1.2496790562653917 1.426222742466326 1.3746469618919306 0.6873234809458834 1.4262227424661615 0.6873234809458599 0.0 0.687323480945871 0.6873234809460265 0.6873234809459554
1290.0416052432324 0.6873234809459059 1.2496790562652682 1.2496790562653595 1.4262227424661853 1.2496790562653444 1.4262227424660534 0.6873234809459191 0.6873234809459855 0.0 1.2496790562651485 1.8577814762524143 0.6873234809459519 0.6873234809459575 0.0 1.2496790562653604 2.5921428475554764 1.2496790562653592 0.6873234809459964 1.4262227424662444 0.6873234809460025 0.6873234809459532 0.687323480946019 0.6873234809459652 0.6873234809460239 1.2496790562652766 2.59214284755537 1.2496790562652735 0.0 0.0 1.8577814762525007 1.2496790562653204 1.2496790562653024 1.4262227424661673 1.2496790562652365 0.6873234809459583 1.3746469618919444 0.6873234809459415 0.6873234809458735 0.0 1.374646961891947 0.6873234809459459 0.6873234809460438 0.6873234809459435 1.8577814762524247 0.6873234809459882 1.4262227424660296 0.6873234809459505 0.687323480945847 1.8577814762525011 1.8577814762524056 1.2496790562652844 1.2496790562651743 1.426222742466217 2.592142847555316 0.6873234809459435 0.6873234809460127 2.5921428475553525 0.6873234809459378 1.8577814762524716 0.0 0.6873234809459902 0.6873234809458847 1.2496790562653097 0.6873234809458847 1.2496790562652913 1.2496790562654276 1.37464696189187 1.374646961891887 0.6873234809459424 0.0 1.2496790562653601 1.2496790562653484 0.687323480945977 0.6873234809459045 1.4262227424661802 2.5921428475554733 1.426222742466193 1.2496790562655349 0.6873234809459124 1.3746469618918644 0.6873234809459344 1.4262227424662977 1.249679056265283 1.3746469618919617 1.426222742466189 0.6873234809459173 1.3746469618918997 2.592142847555526 1.85778147625254 1.857781476252598 1.2496790562653284 1.2496790562653393 1.2496790562653306 1.2496790562653648 0.6873234809459638 0.0 0.6873234809459291 1.2496790562653914 0.6873234809459202 0.6873234809459084 0.6873234809459582 0.687323480945981 0.687323480945907 1.3746469618918185 1.2496790562652864 0.0 0.6873234809459122 1.2496790562653572 0.687323480945974 0.6873234809460249 2.5921428475554142 1.249679056265536 1.249679056265352 1.426222742466352 0.6873234809459047 0.6873234809459704 0.6873234809459285 1.8577814762525495 1.249679056265352 1.4262227424662295 1.2496790562653728 1.8797183685461647 0.6873234809458825 0.6873234809459555 1.2496790562653004 1.8577814762523537 1.3746469618919297 1.3746469618919614 0.6873234809459215 1.426222742466398 1.4262227424662148 1.4262227424663199 0.6873234809458928 1.2496790562653641 0.6873234809459665 0.6873234809459426 1.4262227424661746 1.2496790562655025 1.8577814762524156 0.6873234809459339
1300.0416052432324 1.4262227424662581 2.592142847555338 1.2496790562654012 0.0 0.6873234809458925 1.3746469618917811 0.6873234809459207 0.6873234809459543 0.0 1.2496790562653772 1.426222742466254 2.5921428475555035 0.6873234809459363 1.249679056265512 0.6873234809459235 0.6873234809459561 0.34366174047293735 1.3746469618917572 1.426222742466247 2.5921428475555173 0.6873234809458758 1.3746469618917592 0.6873234809459295 1.249679056265259 1.374646961891832 1.857781476252535 1.426222742466216 1.4262227424661498 1.8577814762525102 1.3746469618919042 0.6873234809459273 0.6873234809459439 1.8577814762524227 1.4262227424661542 1.4996148675183418 0.6873234809459995 0.6873234809458424 0.6873234809460151 1.2496790562653417 0.0 1.2496790562653908 1.2496790562652424 2.592142847555418 1.8577814762525606 0.6873234809459831 0.0 0.6873234809459643 0.6873234809459364 1.2496790562653648 1.3746469618919568 0.6873234809459552 1.2496790562654823 0.0 1.3746469618918706 0.6873234809459071 0.6873234809459036 1.374646961891865 1.2496790562654896 1.6496236899189831 1.85778147625258 0.6873234809458819 1.3746469618917718 0.6873234809459796 2.0619704428378536 1.2496790562652644 1.8577814762523222 1.426222742466236 2.59214284755521 0.6873234809459118 0.0 0.6873234809458827 1.374646961891876 1.249679056265296 1.2496790562654516 1.249679056265373 2.5921428475554777 1.249679056265334 0.687323480945887 0.6873234809459159 1.8577814762523501 0.6873234809458766 1.8577814762523588 0.6873234809459063 1.3746469618917858 1.3746469618919366 0.6873234809460153 0.6873234809458936 0.0 0.6873234809459016 1.2496790562651445 1.2496790562653524 1.8577814762524163 0.6873234809459302 0.6873234809459695 0.6873234809459232 1.2496790562652205 1.2496790562653288 1.2496790562652746 0.6873234809459263 1.4262227424663243 0.6873234809459078 0.6873234809459587 0.6873234809458957 1.4262227424664287 1.2496790562652562 0.0 0.6873234809459442 1.4262227424663794 0.6873234809458868 0.0 0.6873234809459816 1.3746469618918031 0.6873234809459565 1.249679056265388 1.2496790562652935 0.687323480945847 0.6873234809459365 0.6873234809458915 0.6873234809459379 1.374646961891847 1.8577814762523648 1.2496790562654123 0.6873234809459882 1.2496790562654765 0.6873234809459338 1.426222742466208 1.8577814762524587 1.3746469618918593 0.6873234809459553 1.426222742466088 1.426222742466193 1.249679056265422 1.2496790562653894 1.8577814762523843 0.0 0.6873234809458626 1.2496790562653692 1.2496790562653401 1.2496790562653517 0.6873234809459495
1310.0416052432324 1.3746469618918753 0.6873234809459833 2.5921428475554498 1.4262227424662544 0.6873234809458982 1.2496790562654245 1.2496790562653315 1.2496790562654643 1.4262227424663039 0.6873234809458972 1.426222742466309 0.6873234809460285 0.6873234809459251 1.2496790562653912 0.6873234809458458 1.2496790562651738 0.6248395281326493 1.2496790562652162 0.687323480945955 2.5921428475553907 0.6873234809458526 1.249679056265231 1.2496790562653002 1.8577814762524523 2.5921428475553894 0.6873234809460291 1.3746469618919173 1.4262227424661778 0.0 0.0 2.5921428475553356 0.687323480945994 1.2496790562653284 0.0 1.2496790562653652 0.6873234809459954 0.6873234809459626 0.687323480945959 1.8577814762524467 1.2496790562653208 0.6873234809459479 1.3746469618919446 1.2496790562653748 0.6873234809459152 1.2496790562653406 1.857781476252518 1.2496790562653155 1.2496790562651874 0.6873234809459859 0.6873234809460474 1.3746469618918191 1.249679056265352 0.0 0.6873234809460171 1.2496790562653333 0.6873234809459507 1.2496790562653717 1.2496790562652498 1.3746469618918948 0.687323480945819 1.249679056265283 1.249679056265423 0.6873234809459702 0.6873234809459964 0.6873234809459157 1.2496790562651665 1.2496790562653404 0.6873234809458905 1.2496790562653122 1.374646961891853 0.687323480945941 0.6873234809459466 0.6873234809459372 1.249679056265329 0.0 1.3746469618918211 1.4262227424662401 1.8577814762524412 0.6873234809459984 1.249679056265208 1.2496790562653364 0.0 0.687323480945967 1.2496790562654507 1.8577814762524856 2.592142847555229 1.4262227424662266 1.6496236899188443 1.2496790562653832 1.37464696189198 1.857781476252454 0.6873234809459672 0.6873234809459463 1.249679056265142 0.687323480945971 1.24967905626535 0.6873234809459501 1.2496790562652635 0.6873234809459113 0.6873234809459111 1.2496790562653997 0.6873234809460074 0.6873234809459375 0.6873234809459341 0.687323480945901 1.6496236899187837 1.2496790562653344 1.8577814762524762 0.6873234809459444 0.6873234809458529 0.0 0.0 1.2496790562653173 0.687323480945959 0.6873234809459744 1.2496790562654434 1.2496790562653386 1.4262227424661094 0.6873234809458756 1.4262227424662441 1.2496790562653526 1.24967905626553 0.6873234809459485 0.687323480946017 1.6496236899189352 0.6873234809458245 1.3746469618918733 0.0 1.249679056265369 1.2496790562655309 0.6873234809458915 0.0 2.5921428475553654 2.592142847555313 0.0 0.6873234809459952 1.426222742466185 0.6873234809458342 0.6873234809458971 0.6873234809459714
1320.0416052432324 1.8577814762525091 0.6873234809459275 0.687323480945926 0.0 1.4262227424661982 1.4262227424662184 0.6873234809459914 0.6873234809459103 1.8577814762524936 1.37464696189194 0.0 0.0 1.2496790562653317 0.687323480946005 0.6873234809459415 0.6873234809460025 1.2496790562653592 0.34366174047286224 1.2496790562653117 1.249679056265355 0.6873234809458633 1.8577814762523697 0.6873234809459139 2.5921428475554795 1.4262227424661895 0.6873234809459674 1.8577814762525202 0.0 1.4262227424662173 1.426222742466066 0.6873234809459581 0.6873234809458972 0.0 1.8577814762524603 1.24967905626532 1.2496790562653683 1.857781476252559 0.6873234809460442 0.0 0.6873234809459838 0.6873234809458956 0.0 2.592142847555379 2.592142847555224 0.6873234809459504 1.8577814762524707 0.6873234809458783 0.6873234809459929 1.8577814762525136 1.2496790562651725 0.6873234809459705 0.6873234809459181 1.4262227424662302 1.24967905626529 0.6873234809459061 0.6873234809459859 0.6873234809459006 0.0 1.857781476252486 1.249679056265305 0.687323480945972 0.6873234809459651 0.6873234809459579 0.0 1.2496790562653883 1.8577814762524487 1.3746469618918797 0.6873234809459458 1.2496790562653506 2.5921428475552295 0.6873234809459632 1.426222742466051 0.6873234809459176 1.2496790562651523 0.0 0.6873234809458404 1.4262227424661984 1.249679056265196 0.6873234809459111 1.2496790562651936 0.6873234809459543 2.592142847555438 1.249679056265374 2.5921428475553583 1.3746469618919097 0.6873234809460126 0.6873234809459375 1.374646961891925 1.249679056265334 1.8577814762523532 0.6873234809459741 1.3746469618918693 1.4262227424661806 2.5921428475555164 0.6873234809459513 1.37464696189187 0.6873234809459743 0.6873234809460412 1.249679056265381 1.2496790562653772 0.6873234809458961 0.6873234809458112 0.6873234809459156 1.8577814762525542 0.6873234809459493 1.8577814762525926 1.2496790562653641 1.4262227424662186 0.6873234809459314 1.857781476252673 0.6873234809459186 0.6873234809458755 0.6873234809459225 1.4262227424663108 0.6873234809459575 0.6873234809458796 1.2496790562653761 2.5921428475552855 0.6873234809459069 0.0 1.8577814762523792 1.249679056265451 0.6873234809459825 0.6873234809458838 1.2496790562653475 2.592142847555559 0.0 1.37464696189192 0.687323480945945 0.6873234809458536 1.2496790562652802 1.2496790562653304 1.249679056265332 0.6873234809458817 1.249679056265359 0.6873234809459693 1.374646961891921 0.6873234809458924 1.2496790562653324 1.249679056265499
1330.0416052432324 0.0 0.6873234809458973 0.6873234809459412 0.0 1.2496790562653748 1.4262227424662892 0.6873234809459555 0.6873234809459635 1.2496790562652884 0.6873234809458935 1.8577814762524603 0.6873234809459116 0.687323480945893 0.6873234809459667 0.6873234809459581 1.42622274246609 0.6248395281326687 0.6248395281325899 1.3746469618918251 0.6873234809459133 1.2496790562652784 1.4262227424661358 0.6873234809459785 1.857781476252538 1.374646961891837 1.2496790562653841 0.0 1.8577814762524403 0.0 1.8577814762524747 0.6873234809459026 0.687323480945857 2.5921428475553574 2.592142847555421 1.3746469618918236 0.6873234809458961 1.2496790562653184 1.2496790562654418 1.2496790562653008 0.6873234809458746 1.2496790562653235 1.4262227424664022 0.6873234809459051 0.0 2.592142847555415 1.4262227424663687 0.6873234809459156 0.6873234809458302 0.6873234809459225 2.592142847555421 0.68732348094593 1.2496790562652167 0.6873234809459619 0.6873234809458305 0.6873234809459215 0.6873234809460325 1.249679056265311 2.592142847555223 0.6873234809459424 0.6873234809459179 1.2496790562653743 1.4262227424663783 0.6873234809459199 4.123940885675655 0.6873234809459557 1.857781476252418 1.3746469618918176 0.6873234809458482 0.6873234809459475 1.37464696189183 1.8577814762524123 0.6873234809460076 1.24967905626534 2.5921428475552446 1.857781476252448 0.687323480945981 1.8577814762524822 1.249679056265139 0.6873234809459415 1.3746469618919281 1.249679056265366 1.2496790562652051 0.6873234809459828 1.3746469618919426 1.2496790562653883 1.2496790562651257 0.6873234809459723 1.2496790562652647 1.8577814762524856 0.6873234809458616 1.3746469618918693 1.8577814762526086 0.0 0.6873234809460184 0.687323480945926 1.3746469618918609 1.2496790562652764 2.592142847555287 0.6873234809459665 1.6496236899189123 1.2496790562653137 1.2496790562653548 0.687323480945876 0.6873234809459257 1.4262227424661837 1.4262227424660523 0.6873234809459351 1.249679056265449 0.6873234809459422 1.2496790562651816 0.6873234809459194 1.3746469618918982 0.6873234809458776 0.6873234809460205 0.6873234809458636 0.6873234809459374 1.2496790562652984 1.2496790562652684 0.6873234809459174 1.2496790562651878 0.6873234809459082 1.3746469618917714 0.6873234809458961 0.6873234809459191 0.0 1.85778147625247 1.4262227424662424 2.592142847555349 0.6873234809459399 0.6873234809459505 2.592142847555413 1.2496790562652504 0.68732348094599 0.687323480945931 2.592142847555393 1.4262227424663518 0.0 0.6873234809459291 1.2496790562653604 1.2496790562652311
1340.0416052432324 1.374646961891837 1.857781476252534 0.687323480946042 1.374646961891962 0.687323480945966 0.6873234809458916 1.249679056265328 1.2496790562651645 1.3746469618918649 0.6873234809460297 1.426222742466233 2.592142847555196 1.8577814762524942 1.8577814762523661 0.687323480946004 1.8577814762522977 0.3436617404729448 1.2496790562651798 1.2496790562653286 2.5921428475552433 0.6873234809458908 0.0 0.6873234809459565 0.6873234809458806 1.857781476252432 1.2496790562652558 0.6873234809458798 1.8577814762524407 1.249679056265249 1.3746469618917914 1.2496790562652937 2.592142847555363 1.3746469618918684 0.0 0.687323480945943 0.0 0.6873234809459129 0.6873234809458351 1.4262227424662528 1.2496790562654327 0.6873234809459596 0.6873234809459546 1.2496790562653264 1.2496790562653963 0.6873234809458846 0.6873234809459186 1.249679056265322 0.6873234809458952 0.6873234809459088 0.6873234809459794 1.426222742466184 1.2496790562651734 1.2496790562653761 1.24967905626549 0.6873234809459591 0.6873234809459172 1.2496790562653821 1.2496790562653832 2.592142847555395 1.2496790562652333 0.6873234809459243 0.6873234809460063 1.3746469618918669 1.2496790562654088 1.249679056265346 1.249679056265239 1.3746469618919035 0.6873234809458993 0.6873234809459554 0.0 0.6873234809459868 0.6873234809458726 0.6873234809458865 0.6873234809459458 1.8577814762524443 1.249679056265539 1.4262227424661094 2.592142847555308 0.6873234809458573 0.6873234809458568 0.6873234809460034 1.857781476252557 1.4262227424662277 1.3746469618919246 1.3746469618918227 1.2496790562654922 0.6873234809459671 1.2496790562652083 1.2496790562653004 1.2496790562652758 0.6873234809459495 0.6873234809460051 0.6873234809459348 1.8577814762523552 0.6873234809459476 1.3746469618919328 1.249679056265366 1.2496790562654023 0.6873234809459403 1.8577814762525426 0.6873234809459156 0.6873234809460179 1.249679056265303 1.24967905626536 0.687323480946032 0.0 1.2496790562653741 1.4262227424660479 0.6873234809459636 1.2496790562652877 0.6873234809459496 1.3746469618917996 0.6873234809459507 0.6873234809459177 0.6873234809459954 0.6873234809459629 1.2496790562653124 1.2496790562654942 0.6873234809459831 1.2496790562653242 0.6873234809460038 2.5921428475554684 0.6873234809459581 0.6873234809459936 0.6873234809458811 1.374646961891835 1.374646961891875 1.374646961891857 1.2496790562653428 2.5921428475553787 0.6873234809459235 0.6873234809460136 1.8797183685460657 1.8577814762523683 0.687323480945961 0.6873234809459006 0.0 0.6873234809458896 0.6873234809459567 0.6873234809458326
1350.0416052432324 0.6873234809459154 0.6873234809459835 1.2496790562653688 1.426222742466354 0.6873234809459277 0.6873234809460164 1.4262227424661675 0.6873234809458793 1.4262227424661724 1.2496790562654723 0.0 2.5921428475553108 2.5921428475554134 0.6873234809459641 1.2496790562653148 1.8577814762523532 0.6248395281327012 1.8577814762524467 1.426222742466242 1.8577814762526585 1.2496790562654037 0.0 0.6873234809459225 1.374646961891934 1.85778147625251 2.5921428475554498 0.0 1.3746469618919046 1.4262227424663005 1.374646961891941 0.6873234809459761 0.6873234809459635 1.3746469618918418 1.3746469618919386 0.6873234809459629 1.4262227424662397 0.6873234809458834 0.6873234809459481 1.4262227424662066 0.6873234809459501 1.8577814762524931 0.6873234809459579 0.687323480945949 2.592142847555542 0.6873234809459832 0.687323480945861 1.2496790562653797 0.6873234809459201 0.6873234809459898 1.2496790562652098 0.0 0.6873234809460201 1.426222742466179 0.6873234809460085 0.6873234809459331 0.6873234809458557 1.2496790562653348 0.6873234809459317 1.2496790562653264 0.6873234809459172 0.6873234809458862 1.2496790562653277 0.687323480945936 1.249679056265535 0.6873234809458763 0.6873234809459794 1.4262227424662077 0.6873234809459884 0.6873234809459172 1.3746469618919466 0.687323480945975 2.5921428475555452 0.6873234809459288 1.3746469618918142 2.5921428475554107 1.4262227424661829 0.0 0.6873234809459771 0.6873234809458563 1.4262227424663927 1.2496790562652975 1.6496236899191412 1.374646961891896 1.2496790562652624 1.2496790562653723 1.2496790562652837 0.6873234809459394 0.0 1.249679056265327 0.6873234809459973 0.6873234809459625 0.6873234809458596 0.6873234809459522 1.426222742466125 0.6873234809459664 0.0 0.6873234809459586 0.6873234809459215 1.2496790562653528 0.6873234809458166 0.6873234809459458 0.6873234809460452 0.6873234809459061 1.249679056265442 0.687323480945974 0.0 1.2496790562653506 1.3746469618918185 1.2496790562653264 0.6873234809458756 0.687323480945982 2.5921428475553174 1.2496790562653004 1.249679056265546 1.2496790562653164 1.8577814762523788 0.6873234809459077 1.249679056265335 0.6873234809458816 1.4262227424662623 1.4262227424662546 0.0 1.2496790562653435 0.6873234809458156 0.6873234809459186 0.0 0.0 2.5921428475553254 1.249679056265318 0.6873234809458572 1.374646961891887 0.6873234809459022 0.6873234809459141 1.249679056265304 0.687323480945943 0.6873234809460048 2.592142847555433 1.8577814762523113 0.6873234809459003 1.2496790562654805
1360.0416052432324 1.4262227424661618 1.2496790562653104 1.2496790562653064 0.6873234809458632 1.249679056265316 0.6873234809459936 1.2496790562653057 0.6873234809458838 1.2496790562653024 1.2496790562652444 0.687323480945961 0.6873234809459523 0.6873234809459479 1.3746469618918962 0.6873234809459213 0.6873234809459753 1.3746469618918664 1.8577814762524756 0.0 0.6873234809459985 0.6873234809459559 0.0 0.6873234809459555 0.0 1.4262227424662652 0.6873234809458327 1.2496790562653743 1.8577814762523484 1.857781476252442 0.0 0.6873234809459849 0.6873234809458307 1.8577814762524927 1.2496790562653628 1.3746469618919115 1.8577814762522968 0.6873234809459885 1.85778147625257 0.0 1.8577814762523408 0.6873234809459334 1.2496790562653297 1.8577814762524862 2.5921428475552086 0.6873234809459361 1.2496790562653748 0.6873234809459265 1.2496790562652644 1.2496790562653364 1.249679056265311 2.5921428475554373 1.249679056265495 1.8577814762524902 1.2496790562653632 0.6873234809459585 2.5921428475553316 0.6873234809459174 1.8577814762523333 0.6873234809459515 0.6873234809458719 0.6873234809459331 0.687323480946005 0.6873234809459227 0.6873234809459152 0.6873234809458918 0.6873234809459571 1.3746469618919013 0.6873234809459412 1.374646961891918 1.374646961891934 0.6873234809459181 0.6873234809458356 0.6873234809459622 2.5921428475555266 1.2496790562653644 1.426222742466325 1.374646961891902 1.499614867518371 0.6873234809458628 1.2496790562653868 0.6873234809458664 1.3746469618918116 4.2786682273986765 1.4262227424663747 1.4262227424663225 1.2496790562653142 0.6873234809459335 1.374646961891921 1.2496790562653526 0.68732348094585 1.249679056265291 0.6873234809459174 2.592142847555368 1.426222742466119 1.249679056265297 1.8577814762523113 1.249679056265343 0.6873234809460044 1.2496790562653204 0.6873234809459298 1.2496790562653435 1.249679056265178 1.2496790562653217 1.2496790562654159 0.6873234809460175 1.8577814762524212 0.6873234809459524 1.8577814762522944 0.6873234809458991 0.6873234809458165 0.6873234809459077 0.6873234809459758 0.6873234809459051 1.8577814762525982 0.6873234809459565 0.6873234809459734 0.6873234809459445 0.6873234809459993 0.6873234809459251 0.6873234809458948 1.374646961891937 1.2496790562655138 1.2496790562653255 1.2496790562654676 0.0 1.4262227424661666 1.374646961891862 1.4262227424660894 0.6873234809460037 1.2496790562651727 0.6873234809458918 1.2496790562652318 1.3746469618918975 2.5921428475552846 1.42622274246619 1.2496790562655076 0.0 1.2496790562654743 0.6873234809459162 0.6873234809459621
1370.0416052432324 1.2496790562653306 0.6873234809459249 0.687323480945928 0.0 0.6873234809459567 0.0 0.6873234809458906 1.3746469618918518 0.0 0.6873234809459504 0.6873234809459359 0.0 0.6873234809458924 1.3746469618918362 0.6873234809459879 0.0 2.59214284755544 1.249679056265323 2.59214284755534 1.4262227424660145 0.6873234809459549 1.8577814762524687 0.6873234809459319 2.5921428475555155 1.3746469618918806 1.8577814762524911 0.6873234809459792 1.8577814762525455 0.0 1.2496790562653324 0.6873234809459441 0.687323480945926 1.3746469618918897 0.0 1.857781476252502 0.0 1.2496790562652744 1.2496790562654037 1.4262227424661942 1.24967905626538 1.24967905626535 2.5921428475553254 1.2496790562652906 1.2496790562655327 0.6873234809459495 0.6873234809459315 1.2496790562653601 0.6873234809458821 0.6873234809459795 0.6873234809458751 0.6873234809459038 0.6873234809458454 1.4262227424662293 1.2496790562654623 1.2496790562653013 1.2496790562653144 1.2496790562652886 1.2496790562652549 0.6873234809459244 1.249679056265161 0.6873234809459456 1.2496790562654436 0.6873234809458872 0.6873234809460322 0.0 1.3746469618919448 1.3746469618918518 0.68732348094598 0.687323480945937 1.374646961891901 0.687323480945947 0.6873234809460195 0.6873234809458945 1.3746469618918178 0.0 0.6873234809459651 1.374646961891891 0.0 0.6873234809458589 0.6873234809458376 0.6873234809459721 1.4262227424662703 1.374646961891949 1.857781476252452 1.3746469618918946 1.2496790562653626 1.2496790562653834 1.4262227424663336 1.3746469618918828 1.249679056265305 0.0 0.6873234809459765 0.6873234809459655 1.8577814762523253 1.2496790562653732 1.3746469618919646 1.2496790562652944 1.2496790562653262 1.2496790562653968 0.6873234809458595 0.6873234809458972 0.6873234809458079 0.6873234809459536 0.6873234809459416 0.6873234809458633 0.0 0.687323480945905 1.8577814762525182 0.6873234809458948 1.2496790562654416 1.2496790562652935 2.5921428475553454 1.2496790562653157 1.8577814762524352 0.6873234809459872 1.2496790562652613 0.6873234809459441 1.2496790562651903 0.6873234809459544 0.6873234809459698 1.8577814762524476 1.2496790562654456 1.2496790562653577 1.2496790562651365 0.6873234809459202 1.2496790562655022 1.2496790562653617 1.857781476252574 0.6873234809458951 0.6873234809460261 1.8577814762524967 0.6873234809459317 1.4262227424661744 0.0 0.6873234809459596 0.6873234809458635 2.592142847555422 1.4262227424660523 1.2496790562652893 1.2496790562654463
1380.0416052432324 1.37464696189189 0.6873234809460078 1.2496790562653255 1.2496790562652278 1.2496790562653444 1.2496790562655442 0.6873234809459735 0.6873234809459418 1.8577814762524187 0.0 0.6873234809459661 1.2496790562653737 0.6873234809459396 1.3746469618918427 0.6873234809459858 1.2496790562652234 0.3436617404729601 1.426222742466017 2.5921428475553254 1.2496790562651567 1.2496790562653666 1.249679056265373 0.6873234809459301 1.8577814762524232 1.4262227424662561 0.6873234809459897 1.2496790562653333 1.4262227424660823 1.4262227424662006 1.4262227424662541 0.6873234809459731 0.6873234809458572 0.0 0.0 0.6873234809459824 0.0 0.6873234809458906 0.6873234809458769 1.374646961891926 0.6873234809459272 0.6873234809459281 1.2496790562653923 1.2496790562653453 1.6496236899188872 1.2496790562653157 2.5921428475554364 0.6873234809459315 0.68732348094589 0.6873234809459187 1.2496790562654903 0.6873234809459986 1.4262227424663463 1.3746469618918573 0.6873234809458878 0.6873234809459585 0.6873234809459555 0.6873234809459678 0.687323480945976 1.2496790562653208 0.6873234809459967 0.6873234809459221 0.0 1.3746469618918764 0.0 1.2496790562653708 2.5921428475552877 0.0 1.857781476252549 0.6873234809459525 0.0 1.2496790562653135 1.2496790562654778 0.6873234809459083 1.3746469618919164 1.3746469618918211 0.0 1.2496790562653948 1.8577814762524283 1.2496790562653113 0.6873234809458895 1.2496790562653364 0.6873234809459002 1.374646961891945 1.3746469618918995 1.8577814762524756 0.6873234809460191 1.4262227424662297 2.592142847555568 2.5921428475553814 1.2496790562651794 0.687323480945911 0.6873234809460224 0.6873234809459728 1.249679056265179 1.2496790562653641 1.4262227424660234 0.68732348094599 0.0 0.6873234809459804 1.4262227424663212 0.6873234809458837 0.6873234809458576 0.6873234809458836 0.6873234809458727 1.2496790562653113 1.4262227424662528 0.6873234809459059 1.3746469618919694 0.6873234809459465 1.3746469618918078 1.2496790562653488 1.4262227424660743 0.6873234809458862 1.2496790562651396 0.687323480945969 0.6873234809458791 0.6873234809459143 0.687323480946008 0.6873234809459405 1.8577814762524871 1.3746469618919468 1.2496790562654283 0.687323480945957 0.6873234809458464 1.4262227424662113 1.2496790562653204 1.857781476252446 0.0 1.249679056265343 2.592142847555582 1.857781476252502 1.8577814762525755 2.5921428475554213 1.3746469618917536 1.426222742466266 1.2496790562653999 1.7870410504593945 2.5921428475552064 0.687323480945947 0.6873234809459137
1390.0416052432324 2.592142847555351 0.6873234809459186 1.2496790562653615 1.3746469618918955 0.6873234809459268 1.4262227424661138 0.6873234809459035 1.2496790562654274 1.857781476252448 1.4262227424662315 0.6873234809459399 1.4262227424662042 1.2496790562653224 1.374646961891897 1.2496790562653053 0.6873234809459916 0.3436617404729601 1.4262227424661031 1.8577814762524816 1.4262227424660563 0.6873234809459706 1.2496790562654319 0.6873234809459412 2.592142847555501 1.374646961891851 1.2496790562654319 0.6873234809459137 0.0 1.3746469618919288 1.3746469618918449 0.6873234809459363 1.857781476252376 1.4262227424662275 0.0 1.2496790562653415 1.8577814762522988 0.0 1.2496790562654345 0.0 1.2496790562654099 0.6873234809458809 1.4262227424663603 0.687323480945892 1.6496236899191161 1.2496790562653666 0.687323480945871 1.249679056265334 0.6873234809459953 0.6873234809459295 0.6873234809459118 0.6873234809458922 0.0 0.0 1.249679056265198 0.6873234809459204 0.6873234809459245 0.6873234809459614 1.3746469618918216 1.249679056265298 0.6873234809459876 0.6873234809459285 0.0 0.6873234809459355 0.6873234809459825 0.6873234809459842 2.592142847555356 1.2496790562652846 2.592142847555339 1.2496790562653723 1.499614867518528 1.2496790562653475 1.8577814762524523 1.2496790562653821 1.8577814762524887 1.426222742466208 0.0 1.8577814762524252 1.4262227424661835 1.2496790562653517 1.2496790562652373 0.6873234809458749 1.2496790562654283 1.3746469618918025 0.0 1.4262227424662703 0.6873234809458899 1.8577814762525042 1.3746469618918853 0.6873234809459444 0.0 0.687323480945967 0.6873234809459997 0.6873234809459122 0.6873234809458365 0.6873234809458899 0.0 0.6873234809459136 1.4262227424661207 1.2496790562653493 0.6873234809458809 1.2496790562653117 0.6873234809459678 1.249679056265387 1.374646961891817 1.2496790562653053 1.2496790562651423 1.249679056265317 1.2496790562653919 0.6873234809459393 2.5921428475555732 1.2496790562652915 1.2496790562652678 0.6873234809459579 0.0 0.6873234809459868 0.6873234809459433 0.6873234809459031 0.6873234809458318 0.6873234809458989 0.6873234809459116 1.3746469618918877 3.499101357542813 0.6873234809458834 1.2496790562654183 2.59214284755536 2.5921428475553063 1.4262227424661906 1.8577814762522904 0.6873234809459476 1.8577814762525302 0.6873234809459022 0.6873234809458856 0.6873234809459298 1.8577814762523424 0.6873234809459623 0.6873234809458946 1.7870410504594607 1.857781476252534 0.6873234809459601 0.6873234809459667
1400.0416052432324 1.3746469618918733 0.6873234809459567 1.8797183685459733 1.2496790562651787 0.6873234809459285 1.8577814762524676 0.6873234809459383 1.4262227424664302 0.0 2.5921428475552424 2.5921428475554165 1.4996148675183854 0.6873234809459807 1.374646961891892 0.6873234809458778 1.8577814762523643 1.2496790562653073 1.8577814762522928 2.5921428475554067 1.4996148675183498 0.6873234809459147 0.0 0.6873234809459744 1.249679056265539 1.8577814762524127 0.6873234809460407 1.3746469618918196 1.8577814762524703 1.374646961891831 1.8577814762525207 0.687323480945915 0.6873234809458814 0.6873234809459273 1.857781476252478 1.4262227424662375 1.3746469618919297 0.6873234809459795 0.6873234809458346 0.0 1.8577814762523381 0.6873234809459138 0.0 0.6873234809459645 0.6873234809458566 1.4262227424661962 1.4262227424663432 1.2496790562653428 1.2496790562653828 0.6873234809458996 1.249679056265464 0.6873234809458929 0.6873234809458642 1.4262227424662464 1.2496790562651652 1.2496790562652964 1.2496790562654023 0.687323480945979 1.8577814762522709 1.249679056265294 1.2496790562652829 0.6873234809459956 0.68732348094601 0.6873234809459228 0.6873234809458393 1.2496790562653333 0.6873234809459774 0.6873234809459366 0.6873234809459002 0.6873234809459046 1.4262227424663345 0.6873234809459058 1.8577814762524132 0.6873234809459788 0.0 1.857781476252416 1.2496790562651794 1.4262227424661964 1.2496790562654594 1.249679056265338 1.2496790562654059 1.8577814762525202 2.592142847555259 1.374646961891787 1.2496790562652909 1.374646961891883 1.2496790562653406 1.2496790562653526 1.8577814762523408 1.8577814762524267 1.249679056265521 0.6873234809459176 1.8577814762525906 0.6873234809458854 1.3746469618917603 1.2496790562653879 0.0 0.6873234809458978 0.6873234809458936 0.6873234809459264 1.249679056265469 1.2496790562653175 0.6873234809460448 0.687323480945957 1.2496790562655236 1.2496790562653288 1.4262227424660299 1.249679056265289 1.4262227424661869 1.2496790562653315 1.2496790562653046 0.6873234809459305 1.3746469618918071 1.249679056265358 2.5921428475554134 1.2496790562653601 1.4996148675182868 0.6873234809458965 0.6873234809458756 0.6873234809459485 1.8577814762525315 1.426222742466238 2.592142847555446 1.2496790562653985 1.4996148675182617 0.6873234809459843 1.3746469618917925 0.0 0.0 1.2496790562652933 2.592142847555229 1.2496790562653421 2.5921428475552135 1.2496790562653832 1.374646961891867 1.374646961891887 1.3746469618919093 0.0 0.0 0.6873234809459848 0.6873234809460146
1410.0416052432324 1.4262227424662408 1.8577814762524156 0.6873234809459428 1.374646961891957 1.249679056265342 0.6873234809459805 0.6873234809459344 0.6873234809459768 2.592142847555388 1.2496790562653683 0.6873234809458887 0.6873234809460278 0.6873234809459087 1.426222742466368 0.6873234809459033 0.0 0.34366174047300707 1.8577814762523563 0.6873234809459559 1.4262227424661365 1.2496790562653424 1.8577814762524576 0.6873234809459883 1.3746469618919643 0.0 1.374646961891919 0.0 1.249679056265203 1.4262227424662746 1.3746469618917614 0.6873234809459597 0.6873234809458407 0.6873234809459382 1.4262227424661773 1.4262227424662037 1.2496790562652835 1.2496790562653326 1.2496790562651738 0.0 0.687323480946002 1.2496790562653028 1.3746469618918558 0.6873234809459363 1.8577814762524967 1.2496790562653979 0.0 0.6873234809459532 0.6873234809458415 0.6873234809459571 1.4262227424660632 0.6873234809459515 1.2496790562653164 0.0 1.2496790562653592 0.6873234809458968 0.6873234809460208 1.249679056265315 0.6873234809459036 1.8577814762524136 1.2496790562653637 1.249679056265292 1.4262227424662524 0.6873234809459513 1.3746469618918213 1.2496790562653521 2.592142847555242 1.3746469618918786 0.6873234809459592 0.6873234809459576 1.4262227424662923 0.6873234809459194 0.6873234809459056 1.2496790562653175 1.3746469618918222 0.0 0.0 1.4262227424662661 0.6873234809460165 0.6873234809458832 0.6873234809459505 0.6873234809459681 1.4262227424661151 4.278668227398704 1.3746469618917876 2.592142847555327 1.2496790562652782 1.8577814762524931 0.34366174047301024 0.687323480945897 1.2496790562652467 0.6873234809459831 0.6873234809459016 0.6873234809458836 1.2496790562651465 0.6873234809459051 0.6873234809460196 1.249679056265339 0.6873234809459471 0.6873234809458784 0.6873234809458634 1.2496790562653415 1.2496790562652167 0.6873234809459285 0.6873234809458594 1.8577814762524547 2.592142847555562 1.24967905626531 1.8577814762526046 0.6873234809459504 2.5921428475552672 0.6873234809459532 0.0 1.2496790562653028 1.4262227424663012 0.687323480945966 1.2496790562651547 1.249679056265369 1.2496790562653357 0.687323480945964 1.8577814762526061 1.4262227424662532 1.8797183685460368 0.6873234809459616 2.592142847555508 1.2496790562653621 0.0 0.0 2.592142847555314 0.6873234809459622 1.3746469618918793 1.2496790562652864 0.0 0.6873234809459006 0.0 1.2496790562653834 1.857781476252428 0.3436617404729363 0.6873234809459505 0.6873234809459429 1.2496790562653783
1420.0416052432324 1.8577814762524896 1.8577814762523501 1.2496790562653253 2.592142847555496 0.6873234809459355 1.3746469618917698 1.2496790562653561 0.68732348094589 1.4262227424662939 1.374646961891838 1.2496790562653812 2.5921428475552375 0.6873234809459066 0.687323480945884 1.249679056265322 1.4262227424661988 0.34366174047300707 1.8577814762523968 0.6873234809459274 0.6873234809459078 1.2496790562653202 1.2496790562653572 0.6873234809459531 0.0 2.5921428475553534 1.249679056265321 1.4262227424662561 2.592142847555331 0.6873234809459096 1.3746469618918806 0.6873234809459274 0.6873234809458483 0.6873234809459651 1.8577814762524476 1.2496790562653695 1.2496790562653652 1.6496236899189762 1.2496790562655005 0.0 0.6873234809459003 0.6873234809459734 0.6873234809459355 1.857781476252488 1.374646961891857 1.2496790562653273 1.2496790562654827 0.6873234809459838 0.6873234809459862 0.6873234809459725 0.687323480945868 1.4996148675183594 1.249679056265173 1.374646961891896 0.6873234809459422 0.6873234809459604 0.6873234809458402 1.2496790562653444 0.6873234809459785 1.2496790562653841 0.6873234809460037 1.2496790562653117 1.249679056265428 0.6873234809459157 0.687323480945837 0.6873234809459235 0.6873234809458406 2.592142847555438 1.2496790562655242 0.687323480945913 0.0 1.249679056265292 0.0 0.6873234809458809 0.6873234809458711 1.4262227424662546 1.4262227424664156 1.8577814762524667 1.249679056265172 0.687323480945856 1.24967905626545 0.6873234809458733 1.4262227424664118 2.0619704428378696 1.8577814762524936 1.4262227424661402 1.2496790562653932 1.2496790562653046 1.8577814762524456 1.249679056265323 0.6873234809459579 1.2496790562653886 2.5921428475553276 0.6873234809458871 1.85778147625249 0.6873234809459179 0.6873234809459405 0.6873234809459806 0.6873234809460217 0.6873234809459527 0.6873234809460039 1.2496790562653097 1.249679056265218 0.6873234809459534 0.6873234809458206 1.8577814762523928 0.0 0.6873234809458838 0.687323480945861 1.2496790562652946 2.592142847555243 0.6873234809459908 0.6873234809459993 0.6873234809458902 0.6873234809459915 1.2496790562653297 2.5921428475552086 0.6873234809459629 0.6873234809458696 0.6873234809459879 0.6873234809458858 1.3746469618918449 0.6873234809458801 1.2496790562653297 2.5921428475555572 1.2496790562654025 1.3746469618919412 1.857781476252464 0.0 0.687323480945934 1.249679056265288 0.6873234809459122 1.249679056265358 2.592142847555374 1.4262227424660554 0.6873234809458729 0.6873234809459554 1.2496790562653644 0.6873234809460494 0.6873234809459399 1.8577814762523668
1430.0416052432324 1.4262227424662604 0.6873234809458761 1.2496790562652629 1.8577814762524363 1.2496790562653415 1.8577814762524156 0.6873234809459372 0.6873234809460546 0.0 1.3746469618919837 0.6873234809458866 0.6873234809459812 1.2496790562653506 0.0 1.4262227424662766 1.2496790562654103 1.2496790562652984 1.85778147625251 1.4262227424662517 1.3746469618918495 0.6873234809458832 1.249679056265453 1.2496790562653137 1.8577814762525302 1.37464696189192 1.2496790562651534 1.3746469618919286 1.8577814762522824 1.2496790562653333 1.8577814762524436 0.6873234809459939 0.6873234809460501 1.2496790562652893 1.2496790562654108 1.4262227424661906 1.249679056265531 0.6873234809459121 0.6873234809458737 1.426222742466202 0.6873234809459386 1.8577814762524751 0.6873234809459325 2.592142847555355 1.2496790562652969 0.6873234809459305 0.6873234809460173 1.2496790562653124 0.6873234809459265 1.2496790562653664 0.6873234809460247 0.6873234809459111 0.6873234809458879 1.4262227424662204 0.6873234809460078 0.6873234809459889 1.3746469618918962 0.6873234809459212 1.2496790562653541 1.8577814762524503 0.6873234809458688 0.6873234809459121 2.592142847555521 0.6873234809459265 0.6873234809460118 0.6873234809459121 1.2496790562654405 1.3746469618919046 1.249679056265353 0.6873234809459532 0.6873234809459107 0.6873234809459762 2.5921428475553534 0.6873234809459076 0.6873234809458852 1.3746469618918844 1.4262227424661114 1.2496790562653484 1.42622274246635 1.8577814762524503 1.249679056265161 1.857781476252378 1.4262227424660576 0.0 0.0 1.3746469618918493 1.2496790562652311 1.2496790562652853 1.4262227424661411 0.6873234809459473 0.6873234809458346 0.6873234809459042 1.2496790562651945 0.6873234809459806 0.6873234809459667 0.687323480945937 1.4262227424663703 0.6873234809459003 1.2496790562654643 0.6873234809459313 1.4262227424661327 0.6873234809459416 1.2496790562652584 0.6873234809459353 1.8577814762523288 0.6873234809460086 1.4262227424662453 0.6873234809459376 0.6873234809459281 0.6873234809458864 1.4262227424660758 0.6873234809459136 1.2496790562654931 0.687323480945972 0.6873234809458576 0.6873234809459151 1.4996148675185856 0.6873234809459576 0.6873234809459645 0.6873234809459211 1.4262227424660636 1.2496790562653317 0.687323480945959 1.3746469618918924 1.4262227424662588 1.4262227424662286 0.0 1.3746469618918578 0.0 0.6873234809458877 0.0 1.2496790562653382 0.6873234809460275 1.4262227424661857 1.374646961891781 1.24967905626536 0.6873234809459616 1.7870410504594367 0.687323480945829 1.2496790562653137 0.6873234809459494
1440.0416052432324 1.4262227424662526 1.8797183685459884 0.6873234809460084 1.426222742466099 0.6873234809459534 1.249679056265469 1.249679056265344 0.6873234809459525 0.0 1.8577814762525087 0.687323480945902 1.4262227424663163 0.6873234809459933 1.3746469618919144 0.687323480945938 1.8577814762523701 1.2496790562653783 1.4262227424660692 1.249679056265293 1.3746469618918153 0.6873234809459311 1.2496790562654598 0.6873234809459435 0.0 1.4996148675183953 1.2496790562651972 1.374646961891869 1.2496790562654378 0.6873234809459786 1.3746469618919437 0.68732348094594 0.6873234809460123 0.6873234809459069 1.4262227424661156 1.249679056265369 0.6873234809459579 1.3746469618918367 0.6873234809460104 0.0 1.2496790562651654 2.592142847555385 0.6873234809458638 1.8577814762524256 1.2496790562654407 0.6873234809458895 1.2496790562654492 1.2496790562652966 0.6873234809459898 1.2496790562653826 0.6873234809459254 0.6873234809459673 1.2496790562654894 0.6873234809459162 1.2496790562653508 1.2496790562652924 0.6873234809459874 0.6873234809459448 0.6873234809459695 1.4262227424661829 1.249679056265363 0.6873234809459308 2.592142847555398 0.6873234809459635 0.6873234809459157 0.6873234809459806 0.6873234809460071 1.3746469618918291 0.6873234809459355 0.6873234809459265 1.3746469618918993 0.6873234809459059 0.6873234809458968 0.6873234809459178 2.592142847555268 2.5921428475554165 1.3746469618919461 2.592142847555378 0.6873234809459522 0.6873234809459633 2.592142847555319 0.6873234809459301 2.592142847555363 1.2496790562653137 1.3746469618919779 1.857781476252496 0.0 0.6873234809459624 1.2496790562653823 0.6873234809459862 2.5921428475554116 1.249679056265364 1.2496790562653435 1.2496790562653013 0.6873234809459161 0.6873234809459511 2.592142847555278 0.6873234809459535 1.2496790562653863 1.2496790562653197 0.6873234809458547 1.249679056265348 0.687323480946024 0.6873234809459696 2.5921428475552046 0.6873234809459695 1.3746469618918178 0.687323480945925 1.2496790562654962 1.2496790562653124 1.2496790562651785 0.6873234809459637 1.374646961891962 0.6873234809459835 0.6873234809460114 0.6873234809459329 0.6873234809458473 0.6873234809459612 1.374646961891893 0.6873234809459298 1.3746469618917938 1.3746469618918336 0.0 0.6873234809459096 0.6873234809459745 0.6873234809459885 1.4262227424663707 0.0 1.8577814762524996 0.6873234809459106 1.857781476252416 0.6873234809459795 1.2496790562653306 1.374646961891853 1.8577814762523652 0.6873234809459666 1.249679056265231 0.3436617404729253 1.6496236899190393 1.2496790562653564 0.6873234809458755
1450.0416052432324 1.2496790562653446 0.6873234809459156 0.6873234809459383 1.8577814762524216 0.6873234809459211 0.6873234809459988 1.249679056265379 1.2496790562651805 0.0 0.6873234809458852 2.592142847555404 1.2496790562655082 0.6873234809458881 2.592142847555355 0.6873234809460088 0.6873234809459383 0.3436617404729811 1.2496790562651592 1.4262227424662306 1.249679056265184 0.6873234809459646 1.2496790562655087 0.6873234809459833 1.426222742466275 0.6873234809459137 0.687323480945934 1.2496790562653681 1.2496790562654962 2.592142847555364 1.4262227424662908 1.85778147625247 0.6873234809458585 0.6873234809459045 1.8577814762525415 0.0 1.249679056265459 1.2496790562653792 1.4262227424662335 0.0 1.3746469618919257 1.2496790562653217 1.2496790562654831 1.2496790562653417 0.6873234809458336 1.2496790562653288 0.6873234809458475 0.6873234809459867 0.6873234809459385 1.2496790562653437 1.4996148675185703 1.3746469618919324 1.85778147625253 0.6873234809459099 0.6873234809460501 0.6873234809459043 0.6873234809458642 1.2496790562653493 1.2496790562653624 1.2496790562653615 0.6873234809459805 1.2496790562653586 2.5921428475555857 0.6873234809459376 0.0 0.6873234809459129 1.426222742466181 0.0 0.6873234809459664 1.2496790562653688 1.4262227424662663 1.2496790562653635 0.687323480945865 1.2496790562653761 3.49910135754292 0.0 0.0 1.4262227424661922 0.0 0.6873234809459904 1.857781476252396 1.249679056265323 0.0 0.0 1.8797183685461627 2.592142847555338 1.2496790562655429 0.6873234809459056 1.8577814762523481 0.687323480945914 0.0 0.0 1.4262227424662635 0.6873234809459651 1.8577814762524048 1.2496790562653097 1.2496790562651634 0.6873234809459089 0.6873234809459478 0.6873234809459743 0.6873234809459072 0.6873234809459763 0.687323480945952 1.2496790562653384 1.249679056265125 0.6873234809459312 1.2496790562651778 1.2496790562653397 2.5921428475552575 0.6873234809459686 0.0 0.6873234809459342 0.0 0.6873234809459376 1.3746469618918853 1.2496790562653695 2.592142847555456 0.6873234809459026 1.4262227424663019 0.6873234809458746 1.2496790562653561 1.37464696189182 1.8577814762526041 0.6873234809459411 2.5921428475554396 0.6873234809459637 0.0 1.2496790562652944 2.592142847555526 0.6873234809459822 1.2496790562652045 0.687323480945923 1.8577814762524243 0.6873234809459772 1.8577814762524163 1.249679056265362 1.249679056265258 0.41239408856755216 1.3746469618919201 1.426222742466216 1.2496790562654263
1460.0416052432324 1.3746469618918256 0.6873234809460074 0.6873234809458586 1.249679056265288 1.2496790562653761 1.8577814762525011 1.2496790562653763 0.6873234809459625 1.3746469618919168 0.687323480945866 0.6873234809459546 1.2496790562653544 1.2496790562652949 1.8577814762523888 1.2496790562653572 0.6873234809459212 0.6248395281326762 1.3746469618917831 1.3746469618918495 1.4262227424662937 1.2496790562653752 1.4262227424663712 1.2496790562653124 1.8577814762526046 1.2496790562652926 0.6873234809459129 1.2496790562652982 1.857781476252512 0.6873234809458597 0.0 0.687323480945924 0.6873234809458767 1.2496790562653644 0.6873234809460315 1.4262227424662437 0.0 0.6873234809459241 0.0 1.3746469618919257 1.2496790562653406 1.2496790562653268 2.5921428475553174 1.249679056265381 0.6873234809458748 0.687323480945962 0.6873234809459466 0.6873234809459634 0.6873234809458206 1.2496790562653446 0.6873234809459257 1.2496790562653561 0.6873234809458777 0.6873234809459317 1.2496790562654205 0.6873234809459294 0.6873234809459206 0.6873234809458936 1.857781476252552 0.0 0.6873234809459215 1.2496790562653661 0.6873234809458552 1.2496790562653695 4.123940885675602 1.3746469618917876 1.4262227424664382 0.0 0.6873234809458898 1.2496790562653417 1.4262227424662761 1.2496790562653617 0.6873234809459522 1.8577814762524256 0.6873234809460405 1.857781476252468 1.3746469618918524 1.4262227424662495 2.5921428475554213 1.426222742466183 0.6873234809459154 0.6873234809459675 0.0 1.2496790562653854 0.0 1.2496790562652924 1.2496790562654023 1.2496790562653828 1.2496790562655093 1.2496790562653404 1.4262227424662566 1.2496790562653266 0.6873234809458315 0.6873234809459348 0.6873234809458246 0.687323480945976 1.8577814762526086 1.249679056265339 0.687323480946024 1.2496790562653644 1.249679056265499 0.6873234809459484 0.6873234809459564 0.6873234809459823 0.6873234809458955 1.2496790562653624 0.0 1.2496790562653748 1.857781476252442 0.6873234809459671 1.2496790562651734 0.6873234809459505 0.6873234809460534 1.2496790562653723 1.499614867518496 1.2496790562652849 0.6873234809458587 0.6873234809459166 1.2496790562651545 0.6873234809459234 1.3746469618918045 0.0 1.4996148675184695 0.6873234809459671 1.4262227424663376 0.687323480945922 0.0 0.6873234809459643 1.3746469618917758 0.6873234809458975 2.5921428475552855 0.6873234809459284 1.4996148675184542 0.0 0.0 1.8577814762524771 1.2496790562654294 0.34366174047299786 1.249679056265443 1.2496790562653624 2.592142847555308
1470.0416052432324 2.592142847555355 1.2496790562654234 0.6873234809458588 1.3746469618918802 0.6873234809459107 0.6873234809459632 0.6873234809459964 0.6873234809459522 1.374646961891851 0.6873234809458811 1.249679056265381 2.592142847555392 0.6873234809459545 2.0994608145257483 0.6873234809459803 0.6873234809458756 1.374646961891894 1.3746469618918997 0.0 1.2496790562652984 0.6873234809459895 1.2496790562652311 1.2496790562653126 1.4262227424660945 1.6496236899189343 0.6873234809458701 1.2496790562653783 1.4262227424661265 0.6873234809458573 0.6873234809458479 0.687323480945919 0.6873234809458975 0.6873234809459087 0.68732348094588 0.0 1.3746469618918749 0.0 0.6873234809459455 2.592142847555348 2.5921428475555177 0.6873234809459424 1.4262227424661744 0.6873234809459935 1.3746469618918817 1.2496790562653683 1.4262227424663894 1.249679056265319 1.2496790562655014 1.249679056265378 1.249679056265368 1.2496790562652829 1.8577814762524363 0.6873234809459705 0.6873234809458321 0.6873234809459525 0.6873234809458463 1.2496790562653433 1.2496790562654558 0.0 1.3746469618919004 0.6873234809459566 0.6873234809458596 0.6873234809459255 4.12394088567563 0.6873234809459855 0.6873234809460115 1.3746469618918258 0.6873234809460198 1.2496790562652986 1.4996148675182142 1.2496790562653812 1.8577814762523321 0.6873234809459016 0.6873234809459743 1.3746469618918953 1.3746469618919261 1.3746469618919162 0.6873234809459176 1.2496790562653517 1.4262227424661746 0.6873234809459787 1.374646961891839 0.0 1.4262227424664364 1.2496790562653792 0.0 0.6873234809459554 0.0 1.3746469618918955 1.8577814762525247 0.6873234809459761 0.687323480945904 0.6873234809459329 1.3746469618918944 1.2496790562653202 1.4262227424662117 0.68732348094596 0.6873234809459323 1.2496790562653235 0.0 0.6873234809458826 0.6873234809459275 0.6873234809459209 0.68732348094588 1.2496790562652744 1.4262227424663128 0.6873234809459532 2.5921428475552712 1.249679056265317 1.2496790562651576 0.6873234809459233 1.4262227424663703 0.6873234809459536 0.6873234809459656 0.6873234809459092 1.857781476252382 1.2496790562653637 3.499101357543047 0.6873234809458972 2.5921428475553254 1.3746469618918278 0.0 1.249679056265286 1.2496790562652305 0.6873234809459279 1.2496790562651372 0.6873234809459725 1.2496790562652231 0.6873234809459623 1.8577814762526046 0.6873234809459149 0.6873234809459621 0.6873234809459835 1.374646961891808 2.59214284755539 1.2496790562653937 0.34366174047299786 1.4262227424663398 1.2496790562653013 0.6873234809459263
1480.0416052432324 1.2496790562653666 1.4262227424661067 0.6873234809459084 1.374646961891947 0.0 1.8577814762525202 0.6873234809459264 0.687323480945896 0.0 0.687323480945904 1.24967905626538 0.6873234809459335 0.6873234809459021 0.0 1.2496790562653084 1.8577814762523368 0.0 0.0 1.374646961891838 0.0 0.6873234809459249 1.3746469618919654 0.6873234809459481 0.6873234809459288 0.6873234809459137 0.6873234809459299 1.4262227424662415 1.3746469618918016 1.3746469618918191 1.374646961891801 0.687323480945995 0.6873234809459374 0.6873234809459127 1.8577814762525955 0.0 1.2496790562652087 2.5921428475553827 0.6873234809458806 1.374646961891854 1.3746469618919226 0.6873234809459039 0.6873234809460007 0.6873234809459499 2.592142847555393 0.6873234809458825 0.6873234809458558 0.6873234809459273 1.8577814762523357 0.6873234809459338 1.2496790562652849 0.6873234809459425 1.2496790562653843 0.6873234809459304 1.249679056265517 0.6873234809459202 1.2496790562652125 0.6873234809459537 0.6873234809459945 1.649623689919004 1.2496790562654934 0.6873234809458993 1.4262227424664213 0.6873234809459128 0.0 0.6873234809459517 0.6873234809458972 1.3746469618919106 0.6873234809459969 0.6873234809459103 1.2496790562654796 0.6873234809459349 0.6873234809459998 0.6873234809458945 1.2496790562652749 2.5921428475553454 1.3746469618918864 1.3746469618919115 1.857781476252585 0.6873234809459328 0.6873234809459919 0.687323480945881 1.4262227424660416 4.27866822739862 1.8577814762524063 1.374646961891941 0.6873234809458811 0.6873234809459273 1.2496790562651443 1.857781476252456 1.3746469618919677 0.6873234809459111 0.6873234809460481 0.6873234809459325 0.687323480945932 1.2496790562653572 0.68732348094596 1.2496790562653202 0.6873234809459131 0.6873234809459525 1.2496790562655327 0.6873234809459465 0.6873234809459331 0.6873234809459704 0.6873234809460181 1.3746469618919555 1.8577814762525262 0.6873234809459737 0.6873234809458674 1.2496790562653979 1.3746469618919226 0.6873234809459241 0.6873234809459815 0.6873234809459247 1.2496790562654376 0.6873234809459783 0.6873234809459302 0.687323480945994 0.6873234809458967 0.6873234809459126 1.374646961891788 1.3746469618918316 1.2496790562654632 0.6873234809459619 0.6873234809458667 0.6873234809458963 0.0 1.2496790562653284 2.5921428475553228 1.2496790562653215 2.59214284755519 0.6873234809459852 1.374646961891951 0.6873234809459158 0.0 1.2496790562653477 2.5921428475552206 0.6248395281326417 1.2496790562653735 0.6873234809458865 1.8577814762523353
1490.0416052432324 1.4262227424662246 1.8577814762526665 1.8577814762524487 1.8577814762525295 0.6873234809459262 1.426222742466324 0.6873234809458956 2.5921428475555612 0.0 0.6873234809459005 1.2496790562653473 1.249679056265299 0.687323480945916 0.6873234809458784 0.6873234809459285 0.6873234809460019 1.249679056265377 1.8577814762524283 0.0 0.6873234809459615 0.6873234809459693 2.5921428475552353 0.6873234809459312 0.6873234809459008 1.4262227424662564 0.6873234809459509 0.687323480945915 1.249679056265167 1.2496790562652895 0.6873234809458786 1.2496790562653852 1.2496790562652451 0.6873234809458967 1.249679056265163 1.85778147625249 1.2496790562652484 0.6873234809459401 0.6873234809458681 1.4262227424662008 0.0 1.2496790562653366 1.8797183685459984 0.6873234809459255 1.4262227424664 1.2496790562653686 0.0 1.2496790562653781 0.6873234809459556 0.6873234809459042 1.2496790562651625 0.6873234809459695 2.59214284755533 0.6873234809459179 0.6873234809458711 0.687323480945935 0.6873234809459906 1.8577814762524412 1.8577814762525546 1.374646961891918 0.6873234809460168 1.249679056265332 0.0 1.4262227424662008 0.0 1.8577814762524303 1.426222742466048 0.6873234809459539 1.2496790562655502 0.6873234809459702 1.857781476252384 0.6873234809458931 0.6873234809459711 0.6873234809459665 1.4262227424662408 0.0 0.0 2.5921428475553503 1.2496790562654967 1.6496236899190417 0.6873234809459237 0.6873234809459279 1.4262227424663123 4.278668227398695 2.5921428475552317 2.5921428475553783 0.6873234809460192 0.0 0.3436617404730551 1.426222742466214 1.374646961891848 1.2496790562653164 0.687323480945953 0.6873234809459492 2.5921428475553214 0.6873234809459366 0.6873234809460564 0.6873234809459938 0.6873234809459627 0.6873234809459463 1.3746469618919268 1.3746469618918917 2.5921428475553574 0.6873234809459706 1.2496790562652484 2.5921428475553485 1.2496790562654916 1.2496790562653117 0.68732348094593 0.6873234809459295 1.2496790562651652 0.6873234809459009 1.426222742466048 0.687323480945931 0.6873234809459265 0.6873234809459866 0.6873234809458434 0.687323480945973 1.2496790562651665 0.6873234809459556 1.4262227424663794 0.0 1.2496790562652016 0.6873234809459375 2.592142847555488 0.6873234809459444 1.3746469618917645 0.6873234809459221 1.857781476252398 0.6873234809459215 1.6496236899188228 1.3746469618918953 1.4262227424663187 0.6873234809459188 1.2496790562653863 2.5921428475554102 0.6873234809458306 0.34366174047299786 2.592142847555263 0.6873234809459109 1.2496790562653761
1500.0416052432324 1.3746469618919115 1.2496790562653242 0.6873234809459816 0.0 1.24967905626534 0.687323480945979 0.6873234809459143 0.6873234809459068 0.0 0.6873234809458896 1.2496790562653344 1.8577814762524103 0.687323480945904 1.3746469618918427 0.6873234809459213 1.2496790562653817 1.3746469618918769 1.3746469618919603 0.0 1.24967905626554 0.6873234809459455 0.687323480945887 1.2496790562653328 1.8577814762524936 0.0 1.2496790562653175 0.6873234809459545 1.374646961891798 1.2496790562652922 1.649623689919068 0.6873234809458739 1.8577814762525655 1.2496790562653797 0.687323480945975 1.8577814762524967 0.6873234809459857 0.0 1.2496790562654416 1.374646961891847 0.0 0.6873234809458969 1.374646961891953 1.4262227424662515 1.4996148675182717 0.6873234809459997 0.6873234809458676 1.2496790562653084 1.249679056265213 0.6873234809458917 0.6873234809459073 1.2496790562652966 1.426222742466088 0.6873234809458935 1.2496790562655071 0.6873234809458758 1.2496790562654803 0.6873234809459753 1.2496790562654456 0.6873234809459495 1.2496790562655171 0.6873234809459845 1.3746469618918016 1.249679056265338 1.4262227424661809 0.6873234809459953 0.6873234809460135 1.4262227424662146 0.6873234809459287 0.6873234809459695 1.8577814762524871 0.6873234809459758 1.2496790562651467 0.6873234809459425 1.2496790562654043 1.3746469618918493 1.3746469618918749 1.4262227424662703 2.5921428475552646 0.6873234809459408 0.6873234809459224 1.2496790562653666 0.0 1.2496790562653224 1.2496790562655005 1.4262227424662524 1.2496790562654378 0.0 0.34366174047293935 1.8577814762524223 0.6873234809458763 1.2496790562653424 0.6873234809459046 0.6873234809459292 1.3746469618918669 0.6873234809459561 1.4996148675183214 0.6873234809459898 0.6873234809459983 0.6873234809459126 1.8577814762524147 0.6873234809458976 1.85778147625251 1.2496790562653377 0.6873234809458503 1.249679056265348 0.0 0.6873234809459441 1.37464696189181 1.2496790562653062 1.2496790562655287 0.6873234809459565 0.0 0.6873234809459126 2.5921428475554373 0.6873234809459265 0.6873234809459928 1.2496790562653879 0.687323480946061 0.6873234809459097 1.8577814762524212 1.2496790562653417 1.4262227424663223 0.6873234809459503 1.2496790562654865 1.2496790562653532 2.5921428475554626 0.6873234809459385 1.3746469618919108 1.2496790562652837 1.3746469618918207 0.6873234809459227 1.857781476252468 0.6873234809459107 2.5921428475553236 0.6873234809459441 0.687323480945898 1.8577814762524747 1.8577814762525375 0.6873234809460024 1.2496790562654065
1510.0416052432324 1.4262227424662182 1.4262227424660308 0.6873234809459315 1.374646961891904 0.687323480945917 1.4262227424660945 0.6873234809459602 0.6873234809460125 0.0 0.6873234809459997 1.4262227424662317 1.2496790562652271 0.6873234809459305 2.592142847555465 1.2496790562653224 1.2496790562653313 1.8577814762524483 1.8577814762525187 0.6873234809459503 0.6873234809458465 0.6873234809459247 1.4262227424660479 0.6873234809459505 2.592142847555369 1.3746469618919082 1.374646961891968 0.6873234809458982 1.426222742466278 1.2496790562653144 1.374646961891942 1.2496790562653204 1.426222742466271 1.2496790562652929 0.6873234809458637 0.0 0.6873234809460308 1.4262227424662248 0.6873234809459522 0.0 1.2496790562653308 0.0 0.0 1.3746469618919135 1.2496790562652051 0.6873234809459737 0.6873234809458945 0.6873234809459327 1.2496790562654163 1.2496790562653617 1.4262227424663212 0.6873234809458777 0.0 1.2496790562653388 1.4262227424661336 0.6873234809459128 0.6873234809460271 1.2496790562653677 0.687323480945886 0.687323480945931 0.6873234809459751 1.2496790562653137 1.2547300488121782 0.6873234809458955 0.6873234809458741 0.6873234809459665 0.6873234809460088 0.0 1.249679056265307 0.6873234809459696 0.6873234809459056 0.6873234809459241 1.2496790562652849 1.2496790562653104 1.8577814762525182 1.374646961891915 1.3746469618919641 1.426222742466236 1.249679056265202 1.8577814762524147 1.8577814762523976 0.6873234809459833 0.0 3.749037168796019 1.4262227424661824 0.0 0.6873234809459705 0.6873234809459086 0.34366174047292597 3.499101357542985 1.4996148675182588 0.6873234809459623 0.6873234809459884 0.6873234809459641 2.5921428475553436 0.687323480945973 0.6873234809459036 0.6873234809459375 0.6873234809458257 1.2496790562653652 1.4262227424661185 0.6873234809459376 0.6873234809460086 1.2496790562653317 0.687323480945958 2.592142847555361 2.5921428475553756 0.6873234809459335 1.3746469618919386 0.6873234809459274 3.4991013575428487 0.6873234809459164 0.6873234809459017 0.6873234809459865 1.2496790562651998 1.2496790562653264 0.687323480945858 0.687323480945894 0.6873234809459139 1.2496790562653846 2.5921428475554067 1.8577814762524951 1.2496790562651503 0.6873234809459384 1.8577814762524552 0.6873234809459239 2.5921428475555612 0.6873234809459333 1.249679056265519 0.687323480945912 1.8577814762524687 1.2496790562653457 1.649623689919118 0.6873234809459092 0.0 2.592142847555404 0.6873234809459332 1.8577814762524736 1.2496790562652578 1.2496790562653217 0.6873234809460228
1520.0416052432324 1.4262227424662528 0.6873234809458456 1.426222742466251 1.374646961891775 0.6873234809459455 0.6873234809459327 0.6873234809459063 1.2496790562653934 1.249679056265376 2.592142847555434 0.6873234809458829 1.2496790562655131 0.6873234809459775 1.8577814762523968 0.6873234809459348 0.6873234809459857 0.6248395281327142 1.3746469618917931 1.3746469618918933 0.6873234809459112 1.2496790562653546 0.0 1.2496790562653617 1.4262227424660858 1.2496790562653122 0.0 0.6873234809459515 1.3746469618917432 2.592142847555395 1.8577814762526599 1.2496790562653384 0.0 1.2496790562653433 1.4262227424660918 1.2496790562653104 1.4262227424663556 0.6873234809459071 0.6873234809459973 1.8577814762524416 1.3746469618919541 1.4262227424662246 1.8577814762524791 2.5921428475554373 0.6873234809458778 1.2496790562653242 0.6873234809459597 0.6873234809459459 0.6873234809460105 0.6873234809458947 0.0 1.3746469618918258 1.857781476252392 0.6873234809459076 1.249679056265234 0.6873234809459245 1.249679056265185 1.857781476252434 1.8577814762524048 0.687323480945936 0.687323480945953 1.249679056265364 0.6873234809460231 1.4262227424661802 0.0 1.24967905626533 1.249679056265309 0.0 1.2496790562652684 1.8577814762524287 0.6873234809459559 0.6873234809458774 0.0 1.2496790562652962 1.3746469618917965 1.426222742466255 1.4262227424661376 0.0 1.8577814762524187 1.2496790562653364 1.2496790562652815 0.6873234809458624 1.3746469618918422 0.6873234809460151 0.0 1.857781476252414 1.2496790562651914 0.6873234809459376 0.6248395281325683 1.3746469618918884 0.6873234809459698 0.687323480945928 1.8577814762525726 0.6873234809458925 1.4262227424662826 1.2496790562653255 1.2496790562655038 1.2496790562653284 1.249679056265241 1.2496790562653033 0.6873234809460422 0.6873234809459674 0.6873234809458856 0.6873234809459396 0.6873234809459086 0.687323480945939 1.4262227424660334 0.6873234809459281 1.426222742466065 0.6873234809459424 0.6873234809459096 0.6873234809459385 0.6873234809458358 0.6873234809459737 1.4262227424661555 0.6873234809459758 0.6873234809458372 1.249679056265327 2.5921428475552983 1.24967905626534 0.0 1.374646961891849 1.2496790562651492 0.6873234809459905 1.2496790562652205 0.6873234809459678 1.8577814762524931 0.687323480945984 0.0 1.3746469618918833 1.8577814762524676 0.6873234809459242 1.3746469618918298 0.6873234809458967 1.4262227424662013 2.592142847555342 0.687323480945815 0.6248395281326573 1.8577814762525011 0.6873234809459643 0.687323480945919
1530.0416052432324 1.3746469618918475 0.6873234809458696 1.249679056265321 0.0 0.6873234809459532 1.4262227424662375 0.6873234809458857 1.8577814762524887 1.2496790562653979 0.6873234809459597 0.687323480945917 1.3746469618918407 0.6873234809459001 1.249679056265229 0.6873234809459932 1.2496790562651805 0.3436617404729901 1.8577814762525096 1.3746469618918336 1.2496790562654816 1.2496790562653561 0.6873234809459645 0.6873234809459645 1.426222742466337 0.0 1.249679056265316 1.2496790562653664 1.3746469618919093 0.6873234809459465 1.2496790562653262 1.2496790562653564 1.3746469618919137 0.6873234809459144 0.687323480945818 1.249679056265328 1.249679056265176 1.2496790562653024 0.6873234809459041 0.0 1.8577814762525715 1.4262227424662555 1.374646961891781 1.2496790562653228 0.6873234809459805 1.2496790562653235 0.6873234809458716 1.2496790562652835 0.687323480946012 0.6873234809459766 1.2496790562654456 1.2496790562653208 0.687323480945881 0.687323480945941 1.2496790562653481 1.2496790562653919 0.6873234809460013 0.6873234809459069 1.2496790562653228 0.6873234809458912 0.6873234809459695 0.6873234809459058 0.6873234809458565 0.6873234809459648 2.0619704428377927 2.592142847555359 0.6873234809458566 0.0 2.592142847555549 1.426222742466223 0.0 0.6873234809459146 1.2496790562654756 1.2496790562652824 1.8577814762525116 1.3746469618918415 1.4262227424660516 1.2496790562653703 1.8577814762524756 0.6873234809460336 1.249679056265297 0.6873234809458559 1.2496790562654108 0.6873234809459369 1.2496790562652418 1.37464696189186 0.6873234809459975 1.374646961891906 0.3436617404729108 1.3746469618918487 1.8577814762524272 0.6873234809459556 0.6873234809459159 0.6873234809459478 1.2496790562653213 0.6873234809459814 0.6873234809458628 0.6873234809459179 2.5921428475553436 1.2496790562653273 1.426222742466326 0.6873234809459653 1.24967905626522 1.2496790562654008 1.2496790562654982 1.8577814762524336 2.5921428475552855 1.2496790562653308 0.0 1.2496790562653608 2.0994608145259366 1.2496790562653024 0.6873234809459897 0.6873234809459661 1.8577814762525726 0.6873234809458949 0.6873234809459285 0.6873234809459418 1.4262227424663994 0.6873234809459866 0.6873234809458948 1.2496790562653446 1.2496790562653208 1.2496790562653157 0.6873234809458724 0.6873234809458877 1.4262227424661982 1.2496790562653572 1.374646961891799 0.6873234809459302 1.2496790562654623 0.6873234809459355 0.6873234809459847 1.2496790562653532 0.6873234809459876 0.6873234809459576 0.6873234809460382 0.34366174047297265 0.6873234809460012 0.6873234809459441 0.6873234809460166
1540.0416052432324 0.0 0.6873234809459193 0.6873234809458392 0.0 0.6873234809459274 1.4262227424662735 0.6873234809459117 1.2496790562654214 0.0 2.5921428475552446 1.8577814762524987 2.592142847555456 1.2496790562653672 1.8577814762523803 0.6873234809459506 0.687323480945987 1.8577814762524576 0.0 0.0 0.6873234809459919 0.6873234809459473 2.592142847555567 0.6873234809459605 0.0 1.4262227424662108 0.6873234809460105 1.249679056265312 0.6873234809459275 0.6873234809459071 1.2496790562653313 0.6873234809458991 1.4262227424662446 0.6873234809459045 1.249679056265201 1.8577814762524167 1.426222742466399 1.426222742466207 0.6873234809459525 1.4262227424661944 1.2496790562651556 0.6873234809459152 1.857781476252462 0.0 0.6873234809460307 0.6873234809459313 1.2496790562651665 0.6873234809459653 1.249679056265244 0.6873234809459218 1.4262227424662923 0.6873234809459239 1.2496790562653528 0.6873234809459012 0.0 0.6873234809459515 0.0 1.249679056265377 0.6873234809458882 0.6873234809459132 0.6873234809459755 0.6873234809459567 0.6873234809459475 0.6873234809459845 1.249679056265422 0.6873234809458911 1.4262227424663003 0.0 1.2496790562652584 1.249679056265353 0.6873234809460278 1.2496790562653213 0.6873234809458686 1.2496790562653342 0.6873234809458866 1.4262227424662433 1.374646961891961 0.6873234809459626 0.6873234809458564 0.6873234809460411 0.6873234809459754 0.6873234809459868 1.4262227424662666 0.6873234809460114 0.0 0.0 0.6873234809458365 1.2496790562653723 0.3436617404729108 1.3746469618918304 0.687323480945831 0.6873234809459592 1.8577814762525846 1.2496790562653322 0.6873234809459896 1.249679056265323 0.0 1.2496790562653601 0.6873234809459581 1.249679056265341 0.0 0.687323480945981 0.6873234809458884 0.687323480945931 0.6873234809459957 0.6873234809460047 1.4262227424662108 0.6873234809458924 1.4262227424660976 0.6873234809458826 0.6873234809459994 1.2496790562653224 0.6873234809458945 1.2496790562653277 0.6873234809459922 1.2496790562653215 0.687323480945874 0.6873234809459524 2.5921428475552575 0.6873234809459177 0.0 1.4262227424662564 0.6873234809458295 0.6873234809459439 1.8577814762522662 1.2496790562653004 1.3746469618919581 1.2496790562653557 0.0 1.2496790562653681 1.249679056265313 1.249679056265386 1.8577814762525067 0.6873234809459587 1.3746469618919195 0.6873234809459366 0.6873234809458888 0.41239408856753196 0.6873234809459033 0.6873234809458999 0.6873234809459522
1550.0416052432324 1.426222742466211 0.6873234809459712 0.6873234809459418 1.4262227424660923 1.2496790562653395 1.2496790562651916 0.6873234809458957 2.5921428475552273 1.4262227424661986 0.6873234809458323 0.6873234809459587 1.2496790562655185 0.6873234809459806 0.6873234809458808 0.6873234809459294 0.6873234809460337 0.6873234809459308 0.0 1.426222742466194 0.68732348094592 0.6873234809459721 1.2496790562655202 1.2496790562653213 1.3746469618918171 0.0 0.6873234809460353 0.6873234809459625 1.2496790562651459 1.4262227424662108 0.6873234809459907 0.6873234809459668 1.4262227424664082 0.6873234809459149 0.6873234809459747 0.0 1.8577814762524847 1.37464696189185 0.6873234809458416 0.0 0.0 1.2496790562653606 2.5921428475554507 1.4262227424662466 0.6873234809459442 0.6873234809459563 1.2496790562652202 1.249679056265347 0.6873234809458951 1.2496790562653124 0.6873234809460202 0.687323480945971 1.2496790562654836 1.2496790562653883 0.0 0.6873234809459858 1.2496790562653661 0.6873234809459411 1.2496790562652849 1.4262227424661729 0.6873234809458716 0.6873234809459904 1.2496790562654654 1.249679056265364 3.74903716879612 1.2496790562653197 0.6873234809459855 0.687323480945896 1.2496790562655273 1.2496790562653566 0.6873234809460058 0.687323480945945 1.2496790562654982 0.6873234809459194 0.0 1.8577814762524716 0.0 0.6873234809459478 1.8577814762524847 1.374646961891885 0.6873234809458308 2.0619704428378225 1.2496790562652824 1.4262227424661738 0.0 1.3746469618918342 1.249679056265197 1.4262227424661995 0.3436617404729108 1.426222742466191 0.6873234809459571 0.6873234809459225 1.2496790562654065 1.2496790562652955 0.6873234809459156 0.687323480945974 2.592142847555589 0.6873234809459006 0.687323480945982 0.6873234809458894 2.5921428475554715 0.687323480945981 0.6873234809459782 0.6873234809459204 0.687323480946024 0.6873234809459599 1.4262227424661433 1.2496790562653524 1.8577814762523872 0.6873234809459541 1.4262227424661942 1.2496790562653313 1.2496790562654385 0.6873234809459948 0.6873234809459289 0.6873234809458783 0.6873234809459263 0.6873234809459478 0.6873234809460016 0.6873234809459493 0.6873234809459406 1.426222742466214 1.374646961891838 0.6873234809459831 0.6873234809459772 1.2496790562653175 1.3746469618919432 0.6873234809459098 0.0 1.2496790562652924 1.3746469618919166 0.6873234809459284 2.592142847555562 0.6873234809458868 1.8577814762524787 0.6873234809459787 1.2496790562651685 1.2496790562653193 0.6873234809459648 1.3746469618918749 0.6873234809460388
1560.0416052432324 0.0 1.8577814762525122 0.6873234809460025 1.2496790562652749 0.6873234809459613 0.6873234809459622 0.6873234809459211 0.6873234809459218 2.5921428475553743 0.6873234809458949 1.857781476252436 0.0 0.6873234809459782 1.426222742466172 0.6873234809459146 0.6873234809458609 1.8577814762524916 1.4262227424661167 0.0 0.6873234809458744 0.687323480945921 0.0 1.2496790562653084 0.0 1.3746469618918733 1.2496790562651516 0.6873234809459384 2.5921428475554014 1.2496790562653664 0.6873234809460057 1.2496790562653044 2.5921428475554134 0.6873234809458807 0.6873234809458297 1.3746469618919124 0.6873234809458705 0.0 0.6873234809458734 1.2496790562653697 0.0 0.6873234809459488 1.374646961891816 0.0 0.0 0.6873234809459206 1.2496790562655122 0.687323480945936 0.687323480945891 1.2496790562652866 1.2496790562651667 0.6873234809459101 1.4262227424661862 0.0 1.8577814762524947 1.2496790562653084 1.2496790562653415 1.2496790562652802 1.2496790562653202 0.6873234809459069 0.6873234809458646 0.0 1.3746469618919013 2.592142847555351 0.6873234809459285 0.6873234809459702 0.6873234809459406 0.6873234809459389 1.8577814762525091 0.6873234809459422 0.6873234809459865 0.6873234809459648 0.0 1.2496790562653708 1.4262227424663483 1.3746469618918464 0.0 0.6873234809459111 0.6873234809459945 0.6873234809458574 0.6873234809459132 0.6873234809459297 0.6873234809459885 0.0 1.2496790562651525 1.2496790562653532 0.6873234809458504 1.249679056265352 0.0 1.6646550622771275 2.592142847555487 0.6873234809459399 0.6873234809459511 1.2496790562652935 0.6873234809460332 1.2496790562653846 2.5921428475552375 0.6873234809459435 0.6873234809459399 0.6873234809459058 1.4262227424662628 0.0 1.857781476252596 0.6873234809458842 0.6873234809458421 0.6873234809458812 1.3746469618917645 1.8577814762524363 1.3746469618918875 0.6873234809459838 1.3746469618919142 0.6873234809458908 0.0 1.2496790562652909 1.2496790562655349 0.6873234809458849 0.6873234809458486 0.6873234809459206 0.687323480945959 1.2496790562653437 1.249679056265512 1.2496790562653357 1.3746469618917943 0.687323480945964 1.8577814762522702 0.6873234809459926 0.0 0.6873234809459077 0.0 0.6873234809459036 1.4262227424660354 1.2496790562653595 1.2496790562651465 0.6873234809459283 2.592142847555413 0.6873234809458965 0.6873234809460409 0.6873234809459565 1.2496790562654183 1.249679056265384 1.2496790562653364
1570.0416052432324 1.4262227424662637 1.2496790562651425 0.6873234809459753 0.0 0.6873234809459686 0.6873234809460669 0.6873234809459746 1.2496790562654172 1.8577814762524612 1.8577814762524731 0.6873234809459787 1.6496236899189154 1.2496790562653186 2.592142847555259 0.6873234809459259 0.6873234809459595 0.6248395281326402 0.0 0.6873234809459263 0.6873234809458814 0.6873234809459347 0.6873234809459805 1.2496790562653104 2.5921428475555333 0.0 0.6873234809460179 0.6873234809459257 2.5921428475553894 1.4996148675183985 2.5921428475555515 0.6873234809459118 0.0 0.0 1.2496790562653781 1.3746469618918578 0.6873234809459645 1.2496790562653495 0.6873234809459897 1.4262227424662743 0.0 0.6873234809459845 1.374646961891779 1.4996148675184393 0.0 0.6873234809459439 1.4262227424663223 1.8577814762525031 0.6873234809458444 1.2496790562653315 0.6873234809459186 0.6873234809458891 1.857781476252609 0.0 0.687323480946024 0.6873234809458804 2.5921428475553054 0.0 1.2496790562655233 1.4262227424662177 0.6873234809460056 0.687323480945995 0.6873234809459772 2.592142847555358 1.426222742466414 0.6873234809459983 1.3746469618919719 1.249679056265321 1.426222742466067 1.2496790562653743 0.68732348094604 0.6873234809459952 1.8577814762523588 1.2496790562653657 0.6873234809458193 1.374646961891888 1.8797183685461676 1.8577814762524252 1.8577814762525315 0.6873234809459983 1.2496790562652256 1.2496790562653102 0.6873234809459372 1.3746469618918786 1.3746469618918367 1.2496790562652964 2.5921428475555253 1.374646961891893 0.3436617404728685 1.4262227424661595 0.0 0.6873234809459015 0.6873234809458828 0.6873234809459228 1.8577814762525235 1.2496790562653404 1.4262227424662344 0.687323480945935 1.8797183685458758 1.249679056265288 1.3746469618919714 0.687323480945971 1.2496790562654183 0.6873234809459648 0.6873234809460115 1.249679056265323 2.5921428475553143 0.6873234809459763 0.0 0.6873234809459204 0.6873234809459825 1.2496790562653939 1.4996148675183962 0.6873234809459795 0.687323480946001 0.6873234809459425 1.2496790562653217 1.2496790562653513 0.6873234809458568 0.6873234809459411 0.6873234809459379 2.5921428475553854 1.426222742466263 0.6873234809459499 0.6873234809459379 0.6873234809459284 1.857781476252522 1.2496790562653661 1.4262227424662666 0.6873234809459505 1.857781476252468 0.6873234809459379 1.4262227424662017 0.687323480945984 0.6873234809459096 0.6873234809459065 0.6873234809458728 1.7870410504593794 1.3746469618919726 0.6873234809458818 0.6873234809460306
1580.0416052432324 0.0 1.6496236899187597 0.6873234809458846 1.8577814762524971 0.6873234809459188 0.6873234809460285 1.2496790562653364 1.249679056265174 2.592142847555435 1.2496790562651665 0.6873234809459133 1.3746469618919308 0.6873234809459946 0.0 1.249679056265339 0.6873234809459768 1.2496790562653062 1.3746469618918937 0.6873234809459638 0.687323480945963 0.6873234809459925 1.85778147625261 1.2496790562653792 2.5921428475554618 0.0 1.3746469618918782 1.249679056265326 0.6873234809459667 0.6873234809459642 1.2496790562651878 0.6873234809459305 0.6873234809460399 1.857781476252454 0.6873234809458796 2.5921428475553787 1.249679056265212 2.5921428475554134 1.2496790562652969 1.3746469618918635 1.2496790562652882 0.6873234809459393 1.3746469618918273 1.4262227424661995 1.2496790562655065 0.6873234809459882 2.592142847555487 0.6873234809458788 0.687323480945971 0.687323480945923 0.6873234809458858 1.2496790562653397 0.6873234809459662 0.0 1.249679056265328 0.6873234809459355 0.6873234809458875 1.2496790562653497 0.6873234809459815 1.2496790562653852 0.6873234809459737 0.0 1.3746469618919732 0.6873234809459645 0.0 1.2496790562653124 1.8577814762522644 0.6873234809458877 1.857781476252508 0.6873234809459478 0.6873234809459908 0.6873234809459245 1.249679056265273 1.249679056265325 0.6873234809458993 0.0 1.3746469618919526 0.6873234809459439 0.6873234809459675 1.8577814762524532 1.2496790562652285 1.2496790562653073 0.687323480945894 0.6873234809458785 1.8577814762523464 1.4262227424662428 0.6873234809458754 1.2496790562653297 1.2496790562653743 1.3746469618918562 1.8577814762524563 1.2496790562652724 1.2496790562654183 1.2496790562653584 0.6873234809460171 0.6873234809459497 0.0 0.6873234809459435 0.6873234809458924 0.6873234809459747 1.3746469618918662 1.2496790562653546 0.6873234809460065 0.687323480945909 0.6873234809459902 0.6873234809460116 1.8577814762525027 1.857781476252464 2.5921428475553348 0.6873234809458799 0.6873234809458916 0.6873234809458855 1.2496790562651403 0.6873234809459225 1.3746469618919446 0.6873234809458987 1.2496790562654623 1.2496790562653604 0.6873234809459371 0.6873234809459176 1.3746469618919408 0.0 1.3746469618917492 1.2496790562653184 1.2496790562653761 1.249679056265338 0.0 0.0 0.0 0.6873234809459209 1.3746469618918669 0.687323480945975 1.2496790562653584 0.6873234809459765 0.6873234809459481 0.687323480945939 0.6873234809458166 2.5921428475553934 0.6873234809459552 0.6873234809458839 1.2496790562653912
1590.0416052432324 0.0 0.0 1.2496790562652604 1.426222742466375 1.2496790562653364 1.857781476252502 0.687323480945913 1.8577814762523548 0.0 0.6873234809459228 0.0 1.374646961891955 0.6873234809459077 1.3746469618918669 0.6873234809459235 1.2496790562654967 0.68732348094596 1.3746469618918895 1.4262227424662464 0.6873234809459012 0.6873234809459433 1.2496790562652005 1.249679056265317 1.374646961891787 1.2496790562653084 1.2496790562651796 1.2496790562653186 1.8577814762524347 0.6873234809459418 1.24967905626537 1.374646961891874 1.857781476252595 1.2496790562653313 1.4262227424661509 0.0 0.6873234809459953 0.6873234809458838 0.6873234809460445 1.3746469618918253 1.249679056265284 0.6873234809459345 0.6873234809459101 0.6873234809459037 1.2496790562652882 1.2496790562653204 1.8577814762524776 0.6873234809459517 2.5921428475555044 0.6873234809459364 1.2496790562655262 0.6873234809459375 0.6873234809459179 0.0 0.6873234809459365 1.2496790562653641 1.3746469618918513 1.2496790562653075 1.249679056265494 1.3746469618918686 0.6873234809460549 0.6873234809458938 0.6873234809460025 0.6873234809459207 4.123940885675625 1.3746469618918238 1.2496790562652655 1.2496790562653035 1.4262227424660627 0.6873234809459395 1.2496790562652658 0.6873234809459338 0.6873234809460099 0.6873234809459922 1.2496790562652536 1.3746469618918666 0.6873234809458512 0.6873234809459629 0.0 1.2496790562652866 0.6873234809458475 0.6873234809459615 0.6873234809458763 0.6873234809458599 2.5921428475554493 1.3746469618918533 1.857781476252549 0.6873234809459922 2.592142847555408 1.8577814762524971 1.2496790562652866 0.6873234809459352 1.2496790562652318 1.249679056265326 1.4262227424662117 0.6873234809459378 2.5921428475552553 0.6873234809459094 1.4262227424662788 0.6873234809458945 0.6873234809458919 0.6873234809459056 0.6873234809459156 1.2496790562653446 0.6873234809459249 0.6873234809459702 2.592142847555525 1.2496790562653517 0.0 1.4262227424661722 1.249679056265206 0.6873234809459206 1.3746469618918147 1.2496790562653588 1.2496790562653537 0.6873234809459272 0.6873234809460015 0.6873234809458949 1.4262227424661416 0.687323480945955 2.5921428475554005 0.0 1.249679056265258 0.6873234809459227 0.6873234809458152 0.6873234809459887 1.426222742466055 1.2496790562653752 1.3746469618918173 0.6873234809459159 1.2496790562654676 0.6873234809458835 1.426222742466264 0.68732348094589 0.6873234809460097 1.3746469618918666 0.6873234809459696 1.7870410504593794 0.6873234809459906 0.687323480945915 1.2496790562653464
1600.0416052432324 0.0 0.6873234809458524 0.0 1.426222742466012 0.6873234809459317 1.4262227424662595 1.2496790562653715 1.3746469618918966 1.374646961891856 2.592142847555514 1.2496790562653703 1.3746469618918091 1.2496790562653253 1.4262227424662384 0.6873234809459859 0.6873234809459726 0.34366174047298 0.0 1.374646961891865 1.249679056265188 0.687323480945893 0.6873234809460069 1.2496790562652995 1.3746469618918769 1.3746469618918749 0.6873234809460265 0.6873234809459233 1.4262227424661125 1.8577814762524882 0.0 1.2496790562653604 0.6873234809459775 1.4262227424661542 1.426222742466091 1.374646961891858 0.687323480946 1.249679056265307 0.6873234809458476 1.3746469618918675 0.0 0.0 0.6873234809458865 1.2496790562653481 1.4262227424661533 0.687323480945975 0.6873234809459985 1.2496790562653612 1.8577814762523073 0.687323480945917 1.2496790562653313 0.6873234809459345 0.6873234809458346 1.4262227424662453 1.4262227424662126 0.6873234809459076 0.687323480945876 0.6873234809459906 1.85778147625257 1.374646961891878 0.6873234809458417 1.3746469618918795 0.0 0.6873234809459735 4.2786682273986125 1.4262227424661784 0.6873234809460596 0.6873234809459813 1.2496790562653182 0.6873234809459509 1.4262227424663263 0.6873234809459033 0.6873234809458201 0.6873234809459022 1.857781476252374 1.426222742466235 0.6873234809460372 0.687323480945938 1.2496790562652975 0.6873234809459515 1.2496790562654574 0.6873234809458734 1.8577814762524647 0.6873234809459812 1.3746469618917456 1.3746469618918735 2.592142847555268 0.0 0.6248395281325237 1.4262227424661975 1.2496790562655002 0.6873234809459461 1.4262227424661966 0.6873234809459285 1.2496790562653257 0.6873234809459647 1.3746469618919086 0.6873234809459555 1.2496790562654134 1.249679056265346 2.5921428475554706 0.687323480945876 0.6873234809460108 0.6873234809459315 2.5921428475554573 1.2496790562653364 1.857781476252533 0.6873234809459056 1.857781476252586 0.6873234809459597 1.2496790562651592 1.2496790562653464 0.0 0.6873234809458751 0.6873234809458881 1.2496790562653575 0.6873234809460114 1.249679056265334 1.8577814762524412 0.6873234809459452 1.2496790562654883 1.8577814762524762 0.6873234809458802 1.249679056265308 0.687323480945937 0.6873234809459131 1.8577814762524427 0.6873234809459493 2.592142847555409 1.2496790562653348 0.0 1.3746469618918487 0.0 0.6873234809459835 1.249679056265206 0.68732348094593 0.6873234809459716 1.7870410504593794 1.8577814762524456 1.2496790562653388 0.6873234809458802
1610.0416052432324 0.0 0.6873234809460056 0.6873234809460107 1.249679056265328 1.2496790562653164 2.5921428475555053 1.249679056265296 1.2496790562653832 1.3746469618918509 1.2496790562654854 0.6873234809458806 1.3746469618918564 0.6873234809459342 1.2496790562654294 0.6873234809459238 1.2496790562653852 0.6248395281327078 1.8577814762524276 1.4262227424661749 1.2496790562653242 0.6873234809459865 1.249679056265542 0.6873234809459161 0.6873234809459116 0.0 1.2496790562654991 0.6873234809459382 1.857781476252428 1.2496790562653743 1.8577814762523177 0.6873234809459422 0.6873234809459348 0.6873234809459784 0.6873234809458586 2.5921428475554342 1.2496790562653584 0.6873234809458776 0.687323480945955 1.3746469618918689 0.6873234809459936 0.687323480945956 1.857781476252384 0.6873234809459389 0.6873234809459952 1.2496790562653821 1.2496790562652547 1.2496790562653193 2.592142847555409 0.6873234809459596 0.6873234809458646 0.6873234809459325 1.374646961891809 0.0 1.2496790562654136 1.2496790562653701 1.4262227424663163 0.6873234809459116 0.6873234809459359 0.0 1.2496790562652418 0.6873234809459245 1.3746469618919368 0.687323480945991 0.0 1.4262227424662506 1.649623689918957 0.6873234809459373 1.249679056265203 0.6873234809459033 0.6873234809459619 0.6873234809459331 0.6873234809460029 0.687323480945924 0.0 0.0 0.6873234809459394 0.6873234809458884 0.6873234809458675 1.2496790562653117 1.249679056265485 0.6873234809459609 1.499614867518281 0.6873234809459007 1.2496790562653048 1.8577814762525142 1.2496790562652957 1.2496790562653166 0.6873234809459183 1.2496790562653544 1.24967905626537 0.6873234809459461 1.249679056265449 1.426222742466259 1.249679056265168 1.2496790562653688 2.59214284755533 0.6873234809459305 1.2496790562654372 0.6873234809459935 1.4262227424662726 1.24967905626536 1.2496790562653772 0.687323480945966 0.6873234809460025 0.6873234809458568 0.0 2.5921428475553787 1.4262227424663 0.687323480945888 1.3746469618917794 0.6873234809458927 0.0 1.249679056265363 1.2496790562654596 0.6873234809459385 0.6873234809460689 0.6873234809459373 1.3746469618918058 0.6873234809459251 0.6873234809459319 1.4262227424662601 1.2496790562651547 0.687323480945905 0.6873234809459418 0.6873234809459426 1.8577814762523812 0.6873234809459391 1.2496790562655098 0.6873234809459117 1.374646961891959 1.2496790562653532 1.426222742466227 1.8577814762524802 1.2496790562652271 1.3746469618919273 0.6873234809459743 1.6646550622771215 0.6873234809459761 0.6873234809458916 0.6873234809460278
1620.0416052432324 1.3746469618918702 0.0 0.6873234809459744 1.3746469618917778 0.6873234809459382 2.592142847555549 0.6873234809459335 1.4262227424661296 2.59214284755541 2.5921428475555377 0.6873234809458918 1.2496790562653795 1.2496790562653444 0.0 1.2496790562653495 0.6873234809459453 0.34366174047298825 0.0 0.6873234809459552 0.6873234809460009 1.2496790562653277 0.6873234809460415 1.2496790562652964 2.5921428475551784 0.0 0.6873234809459993 0.6873234809459359 1.3746469618917998 1.8577814762524252 1.426222742466155 0.6873234809459062 1.4262227424660603 0.6873234809459142 1.857781476252595 2.5921428475553534 0.6873234809460532 1.8577814762524343 1.249679056265469 1.3746469618918393 1.4262227424663947 0.6873234809459225 1.857781476252388 0.6873234809459078 0.68732348094585 1.2496790562653637 0.0 1.2496790562653017 0.687323480945991 0.6873234809459765 1.2496790562652063 0.6873234809459225 0.6873234809459365 1.4262227424661817 1.8577814762523504 1.2496790562653362 1.3746469618919925 1.249679056265288 0.6873234809458603 0.0 0.6873234809459046 0.6873234809459399 1.4262227424662024 0.6873234809459334 0.0 1.4262227424662304 0.687323480945935 1.24967905626537 1.8797183685461376 0.6873234809459704 0.6873234809458872 0.6873234809459455 1.8577814762525011 0.6873234809459895 1.2496790562652147 1.374646961891871 1.2496790562654225 0.6873234809459368 1.3746469618919612 1.8577814762524252 0.6873234809460435 0.6873234809460355 1.249679056265465 1.2496790562653681 1.426222742466367 0.0 1.2496790562653335 1.8577814762524287 0.6873234809458608 1.6646550622771237 1.2496790562651554 1.426222742466224 0.6873234809458477 0.0 0.6873234809459008 0.6873234809459171 1.3746469618919348 1.2496790562653681 1.4262227424662146 1.2496790562653737 0.0 0.6873234809459484 1.2496790562652031 0.6873234809459497 0.0 0.687323480945962 2.5921428475554746 0.6873234809459943 1.4262227424662242 0.6873234809459448 0.6873234809459184 0.6873234809459579 1.2496790562652011 0.6873234809459606 1.2496790562651539 0.6873234809458756 1.2496790562651905 0.6873234809459359 0.6873234809460462 1.2496790562653641 0.0 1.3746469618919075 1.426222742466083 0.6873234809459673 1.4262227424663223 1.3746469618918835 0.0 0.6873234809459395 1.2496790562651803 1.3746469618919017 1.4262227424660106 0.6873234809458674 1.4262227424661071 0.6873234809459429 0.6873234809459775 1.4262227424661589 0.6873234809458703 0.41239408856753196 1.2496790562653197 1.2496790562652946 0.6873234809458498
1630.0416052432324 0.0 1.4262227424661857 0.6873234809459201 1.4262227424660714 0.6873234809459461 1.3746469618917752 0.6873234809459763 0.6873234809458283 1.3746469618918304 1.2496790562653326 2.592142847555378 1.8577814762523792 1.2496790562653606 1.8577814762525802 1.249679056265327 1.8577814762523224 0.3436617404729404 1.4262227424662128 0.6873234809459405 1.2496790562652866 0.687323480945964 2.5921428475552974 0.68732348094593 1.6496236899188086 1.249679056265378 1.3746469618919748 0.6873234809459855 1.3746469618919135 1.2496790562653388 1.374646961891795 1.2496790562653337 0.6873234809459078 0.6873234809459637 1.8577814762524842 1.3746469618918786 0.6873234809459606 0.6873234809459096 1.2496790562652844 0.0 1.249679056265515 1.249679056265287 1.8577814762524671 1.4262227424662492 0.6873234809459698 1.2496790562653133 1.3746469618919863 0.68732348094593 0.6873234809460034 0.6873234809459386 1.4262227424662828 0.6873234809459181 1.2496790562653581 1.3746469618918848 1.2496790562652829 0.6873234809459016 1.2496790562653823 0.6873234809459154 0.6873234809458256 1.426222742466232 0.6873234809458766 1.2496790562653608 1.4262227424662308 1.2496790562653417 1.2496790562654587 0.0 1.4262227424660214 0.6873234809459583 0.6873234809459403 0.6873234809459932 1.2496790562655333 0.6873234809459623 1.2496790562654423 1.2496790562653428 1.24967905626555 1.4262227424662013 0.6873234809459154 1.2496790562653297 0.6873234809459433 0.6873234809459768 0.6873234809458476 1.2496790562653155 2.592142847555203 0.6873234809459051 1.4262227424662843 1.857781476252452 1.2496790562654778 0.0 0.0 2.5921428475553627 0.6873234809458978 1.2496790562653044 0.6873234809459845 0.0 0.687323480945891 0.6873234809459841 0.0 0.6873234809459567 1.2496790562651465 0.6873234809459536 1.2496790562654416 0.6873234809459873 0.6873234809458137 0.6873234809459502 0.6873234809459218 0.6873234809458783 0.0 1.2496790562653486 1.37464696189196 0.6873234809459112 0.6873234809459777 1.2496790562653115 0.6873234809458607 0.6873234809459225 0.6873234809458518 0.6873234809459454 1.2496790562652247 0.6873234809459638 2.5921428475553583 0.687323480945959 1.2496790562653577 0.0 1.2496790562651663 0.6873234809459043 2.5921428475553854 0.6873234809459219 0.0 0.6873234809459293 1.4262227424660308 1.2496790562653235 1.3746469618918242 1.2496790562653157 1.2496790562655395 2.5921428475553765 0.6873234809459865 1.2496790562653053 0.6873234809460036 1.3746469618918786 0.6873234809458559 0.687323480945927 0.6873234809458836
1640.0416052432324 1.4262227424662344 1.4262227424662688 0.6873234809459335 1.3746469618918238 0.6873234809459355 1.3746469618918975 1.2496790562653568 1.249679056265287 2.592142847555343 1.2496790562653253 1.8577814762524691 1.3746469618918886 0.6873234809459432 1.2496790562653792 1.2496790562654059 0.687323480945886 1.8577814762524762 1.374646961891768 0.6873234809459051 0.6873234809460055 0.6873234809459151 1.8577814762524967 1.249679056265273 1.2496790562654831 1.374646961891869 0.687323480945979 1.2496790562653213 1.8577814762525235 0.6873234809459519 0.0 0.6873234809459627 0.6873234809460255 0.6873234809459934 0.6873234809458392 0.0 0.6873234809459264 0.0 1.2496790562652962 2.114322537185461 0.6873234809458942 1.8797183685460253 0.6873234809459371 1.2496790562653133 1.249679056265235 1.2496790562653761 1.2496790562654831 0.6873234809459033 2.0619704428377883 0.6873234809458929 0.6873234809459003 1.2496790562653772 1.2496790562651512 1.2496790562653415 1.2496790562652975 0.6873234809458819 0.6873234809460453 1.857781476252426 1.249679056265402 1.4262227424662635 0.6873234809459084 0.6873234809459415 0.6873234809458616 1.2496790562653444 2.592142847555527 1.3746469618918806 2.5921428475553574 0.6873234809459012 0.6873234809459665 0.6873234809459305 1.8577814762524427 1.2496790562653044 0.6873234809459139 0.6873234809459269 1.2496790562651912 1.3746469618918635 0.6873234809459182 0.0 1.2496790562653588 1.2496790562653395 0.6873234809459275 1.249679056265394 0.6873234809459527 1.2496790562653424 0.0 1.374646961891884 0.6873234809459334 2.5921428475554023 1.8577814762522638 1.8577814762524127 1.2496790562653066 1.4262227424661988 0.0 1.3746469618918937 1.2496790562652487 0.6873234809459645 0.687323480946058 0.6873234809458868 0.6873234809460007 1.2496790562653703 1.8577814762525615 0.6873234809459435 1.2496790562654312 0.6873234809459353 1.2496790562653044 0.6873234809459521 1.249679056265169 1.2496790562653288 1.249679056265145 0.0 1.4262227424662661 0.6873234809459232 1.8577814762524922 0.6873234809459131 0.6873234809460418 1.2496790562653224 0.0 0.6873234809459177 1.2496790562652644 0.6873234809458938 0.6873234809458709 1.426222742466174 1.2496790562652837 0.6873234809459042 0.6873234809460445 1.8577814762524691 1.24967905626525 1.2496790562653244 1.426222742466235 1.4262227424661928 1.426222742466263 0.6873234809459826 1.8577814762523972 1.2496790562653604 1.8577814762523368 1.2496790562652917 1.2496790562652444 0.0 1.85778147625238 0.6873234809459832 0.687323480946039
1650.0416052432324 1.8577814762524887 1.2496790562651987 1.2496790562652884 0.0 0.6873234809458992 1.8577814762524236 0.6873234809459466 1.2496790562651443 0.0 0.6873234809458919 0.6873234809458966 2.5921428475552477 0.687323480945939 0.0 0.6873234809459338 0.6873234809459279 0.6248395281326619 0.0 0.687323480945941 0.6873234809458463 0.6873234809459615 0.0 0.6873234809459037 0.6873234809460055 2.592142847555365 0.6873234809458793 1.2496790562653564 1.2496790562654834 1.249679056265368 1.2496790562654818 0.6873234809459895 0.6873234809458941 0.6873234809459008 1.2496790562651858 1.249679056265325 0.6873234809460002 0.6873234809458906 0.6873234809458484 3.249165546289828 0.6873234809459052 0.687323480945909 1.8577814762522828 1.2496790562653441 0.6873234809459042 1.2496790562653348 0.6873234809458908 0.6873234809459774 0.6873234809458924 1.2496790562653854 0.6873234809459865 1.3746469618918156 0.6873234809458162 1.37464696189181 1.8577814762523193 0.6873234809458876 1.857781476252634 0.687323480945885 0.6873234809458839 0.0 0.6873234809459353 1.2496790562653106 0.687323480945936 0.687323480945995 1.2496790562655165 2.592142847555445 1.249679056265479 0.6873234809459557 0.6873234809458254 0.6873234809458957 0.6873234809459228 1.2496790562652915 1.3746469618918484 0.6873234809459566 1.8577814762523452 1.426222742466225 0.6873234809460302 1.2496790562653166 1.85778147625246 0.0 0.6873234809459805 0.6873234809459737 0.6873234809459361 4.278668227398655 1.2496790562652325 2.5921428475553565 0.6873234809459946 1.2496790562653206 0.3436617404730031 1.8577814762525027 0.6873234809460063 1.2496790562652795 1.2496790562654514 1.426222742466249 1.2496790562651188 0.6873234809459461 0.6873234809458076 1.2496790562653233 1.2496790562651963 0.6873234809459141 2.59214284755523 0.687323480945928 0.6873234809458743 1.2496790562652993 1.2496790562651803 0.0 1.3746469618919297 1.2496790562653155 1.426222742466262 0.6873234809458996 1.2496790562652593 0.6873234809459291 0.6873234809458422 1.2496790562653772 1.2496790562655515 0.6873234809459501 0.6873234809460024 0.6873234809459647 0.0 1.2496790562653581 1.4262227424662834 1.8577814762524827 2.5921428475555093 0.6873234809459166 0.6873234809460339 0.6873234809458926 1.3746469618919737 1.2496790562653042 2.5921428475553765 1.3746469618918813 1.8577814762526506 1.249679056265377 1.4262227424663743 1.2496790562653377 1.249679056265468 0.6873234809459369 0.6873234809458264 0.6873234809459579 1.2496790562653555 0.6873234809459122 0.6873234809458816
1660.0416052432324 1.3746469618918873 0.6873234809458554 0.6873234809459955 1.8577814762524727 0.6873234809460053 1.2496790562653106 0.6873234809459053 0.6873234809460115 0.0 1.8577814762524048 0.6873234809459505 1.3746469618919548 0.6873234809459298 2.5921428475553174 0.687323480945923 0.6873234809458126 0.34366174047297976 1.2496790562654416 0.6873234809459334 0.6873234809459866 0.6873234809459186 0.0 0.6873234809458998 0.0 0.0 0.6873234809458639 0.6873234809459142 1.3746469618917352 0.6873234809459468 1.3746469618919162 0.6873234809459233 0.6873234809457991 0.6873234809459726 0.6873234809459551 1.249679056265325 0.6873234809459002 0.6873234809459822 0.6873234809460202 2.114322537185461 1.857781476252434 0.6873234809459934 1.8577814762523663 0.6873234809459737 0.6873234809459071 0.6873234809459084 0.6873234809458943 0.6873234809458854 0.6873234809459178 0.6873234809459702 1.2496790562654942 0.6873234809459364 0.6873234809460214 1.3746469618918633 0.6873234809459485 0.6873234809459255 0.6873234809459462 1.249679056265307 0.6873234809459642 0.0 1.2496790562652345 1.2496790562653621 1.2496790562654616 0.6873234809459602 1.2496790562654345 0.6873234809459613 0.6873234809459385 1.2496790562653652 0.6873234809459687 2.5921428475554076 2.592142847555497 1.249679056265372 1.426222742466159 0.6873234809459744 1.8577814762523244 0.0 0.6873234809458777 1.2496790562652822 1.2496790562654376 1.2496790562653564 1.249679056265228 1.2496790562653357 1.374646961891865 2.0619704428377483 1.374646961891862 1.3746469618919082 1.2496790562653228 2.5921428475554293 0.3436617404730031 1.4262227424662541 0.6873234809458765 1.2496790562653397 0.6873234809459876 2.592142847555332 1.2496790562653266 0.6873234809459455 1.249679056265305 1.2496790562652824 0.6873234809458141 1.249679056265366 1.374646961891942 1.2496790562653244 1.2496790562654263 1.2496790562653657 1.2496790562652496 1.8577814762524276 1.374646961891947 0.6873234809459697 1.3746469618918273 0.6873234809459275 1.2496790562652447 1.249679056265376 1.4262227424663503 0.6873234809459695 0.6873234809458428 0.687323480945959 0.6873234809458997 1.2496790562653148 1.4262227424664036 1.2496790562653832 1.2496790562654247 1.426222742466225 1.2496790562652411 0.6873234809459101 1.8577814762524056 1.374646961891893 0.0 0.6873234809458914 0.0 0.6873234809459707 1.374646961891897 0.6873234809459754 1.3746469618918298 0.6873234809459385 1.2496790562652362 0.6873234809459495 0.687323480946007 1.249679056265338 0.0 0.6873234809459664 0.6873234809459141
1670.0416052432324 0.0 1.2496790562653224 1.2496790562653741 1.374646961891878 0.6873234809459242 1.3746469618919088 0.6873234809459744 0.68732348094593 1.2496790562653046 1.2496790562652904 1.2496790562652922 1.3746469618918713 0.0 1.4262227424664 0.687323480945957 0.6873234809460165 0.6248395281326627 0.6873234809459029 0.6873234809459177 1.249679056265434 0.6873234809459462 1.3746469618918553 0.6873234809459551 0.6873234809459262 0.0 0.6873234809458986 0.6873234809459964 1.426222742466282 0.6873234809459352 1.374646961891826 0.6873234809459807 0.6873234809458836 0.6873234809459186 1.2496790562653093 2.5921428475554293 0.6873234809459926 0.6873234809459743 0.6873234809458192 2.114322537185402 0.6873234809459555 1.2496790562653677 1.2496790562653415 1.249679056265303 1.8577814762523313 0.6873234809459152 1.24967905626546 0.6873234809459285 2.061970442837777 2.592142847555398 0.6873234809459844 1.374646961891924 1.249679056265302 0.0 1.3746469618919164 0.6873234809459344 0.6873234809459828 0.687323480945896 1.8577814762524911 0.0 0.6873234809459048 0.6873234809459196 2.592142847555369 1.2496790562653266 1.8577814762525675 1.3746469618918942 0.687323480945946 1.8577814762524387 0.0 1.249679056265344 0.6873234809459711 0.6873234809458967 2.5921428475553374 0.6873234809459116 0.6873234809460075 1.3746469618918582 0.6873234809459674 1.4262227424661906 1.2496790562654077 0.6873234809459228 1.249679056265381 1.2496790562653293 0.6873234809459906 2.061970442837821 0.0 1.4262227424662448 1.2496790562651405 1.4262227424662404 0.6248395281326019 1.8577814762524811 0.6873234809459303 0.6873234809459233 0.6873234809458536 0.0 1.249679056265178 1.2496790562653575 0.6873234809459587 0.687323480945893 0.6873234809459532 0.6873234809459131 0.0 1.2496790562653441 0.687323480945945 0.6873234809459288 1.2496790562652103 0.6873234809459927 0.0 0.6873234809459563 1.3746469618918689 0.6873234809459 0.6873234809457904 0.6873234809459451 1.4262227424662466 0.6873234809459106 1.85778147625244 0.687323480945968 0.687323480945893 0.6873234809459575 1.4262227424661285 1.2496790562653104 1.2496790562651605 1.3746469618918993 1.2496790562651505 0.6873234809458887 2.59214284755523 0.0 0.0 0.6873234809459164 1.8577814762524392 1.2496790562653477 1.4262227424661702 1.249679056265315 1.3746469618919934 1.2496790562653421 0.6873234809458484 1.2496790562653524 0.6873234809458506 1.2496790562653044 1.249679056265192 1.249679056265326 0.6873234809459113
1680.0416052432324 1.426222742466233 1.2496790562652762 2.5921428475553414 1.4262227424660865 0.687323480945962 2.5921428475553054 0.687323480945931 1.4996148675183303 0.0 2.592142847555467 1.249679056265316 1.2496790562655078 0.0 1.8577814762523233 0.6873234809459522 0.6873234809459525 1.2496790562653564 1.4262227424663096 0.6873234809459486 0.6873234809459609 0.6873234809459643 1.3746469618919446 0.6873234809459761 1.857781476252488 0.0 2.5921428475554236 1.2496790562653586 1.4262227424663678 2.592142847555436 1.857781476252515 1.2496790562653188 0.6873234809459766 0.6873234809458961 1.8577814762524028 0.412394088567574 0.6873234809459677 0.6873234809459836 1.8577814762523548 1.7870410504593892 0.687323480945842 0.6873234809459088 0.0 0.687323480945964 0.6873234809458905 0.6873234809458972 0.0 0.6873234809459103 1.3746469618917931 1.249679056265368 1.42622274246636 1.2496790562653572 1.2496790562652231 0.0 0.6873234809458881 0.6873234809459478 0.6873234809459218 0.6873234809458743 1.8577814762525127 0.0 1.8577814762525415 0.6873234809458971 0.0 0.6873234809459439 1.2496790562652331 0.6873234809459006 1.2496790562654787 1.8577814762524572 1.2496790562654743 1.2496790562653024 1.2496790562654618 1.2496790562653204 1.2496790562652444 0.6873234809459545 1.6496236899188543 0.0 1.2496790562654803 1.2496790562653504 1.2496790562652964 1.2496790562652984 1.2496790562653373 1.2496790562653526 1.4262227424661114 0.6873234809458736 0.0 0.0 1.2496790562653 0.6873234809459324 1.2496790562654727 1.85778147625244 1.8577814762524427 0.6873234809458937 1.249679056265527 1.4262227424661873 2.5921428475553023 1.2496790562653222 2.5921428475554404 0.6873234809459884 0.6873234809459773 0.6873234809459332 1.4262227424662641 0.0 0.6873234809458496 0.6873234809459128 0.6873234809459605 0.6873234809459398 1.8797183685459484 0.6873234809459825 1.3746469618918968 0.6873234809459782 0.6873234809458917 0.6873234809458875 1.426222742466121 1.2496790562653242 0.6873234809458162 1.249679056265283 0.6873234809459767 1.2496790562653048 1.4262227424662743 1.2496790562653313 1.4262227424661793 1.4262227424661595 1.3746469618918624 0.6873234809458894 0.6873234809459093 1.374646961891877 0.0 0.6873234809459665 1.8577814762524467 0.6873234809459459 2.592142847555313 0.6873234809459223 1.2496790562654492 1.2496790562652982 2.5921428475553325 1.2496790562653852 1.2496790562653148 0.6873234809459285 1.2496790562654236 0.6873234809459658 0.6873234809459032
1690.0416052432324 1.2496790562653801 0.6873234809458729 0.0 1.3746469618918526 0.6873234809458982 1.8577814762524532 0.6873234809459255 0.6873234809460035 1.8577814762524882 1.4262227424663734 1.374646961891812 1.8577814762524982 1.374646961891933 1.3746469618918389 0.6873234809459846 0.687323480945909 2.5921428475554062 1.8577814762523168 0.6873234809459309 0.6873234809459936 0.687323480946003 1.3746469618918256 0.6873234809459426 1.857781476252524 1.4262227424662217 0.6873234809458895 0.6873234809459232 1.3746469618917903 0.6873234809459771 0.0 0.6873234809459625 0.687323480945996 0.6873234809459308 1.4262227424660399 2.1143225371854184 1.857781476252594 0.6873234809459079 1.249679056265462 2.1143225371854597 1.8577814762525136 0.687323480945931 1.8577814762523517 1.374646961891881 0.687323480945887 0.6873234809459194 0.6873234809458456 0.6873234809459101 1.4262227424662248 0.6873234809459013 0.6873234809458731 1.3746469618918749 0.6873234809459008 1.4262227424661984 0.6873234809459342 0.6873234809459079 1.249679056265207 0.68732348094587 2.5921428475552886 1.2496790562653528 1.2496790562652444 1.249679056265297 1.374646961891845 1.249679056265322 1.4262227424663128 1.2496790562652924 0.6873234809458973 3.2491655462898614 1.3746469618919732 1.2496790562653195 2.592142847555459 0.6873234809459325 1.6496236899189287 0.6873234809459609 1.2496790562654139 1.4262227424662166 1.2496790562652138 1.2496790562652966 1.2496790562651663 1.2496790562653295 1.8577814762523222 0.6873234809459924 1.2496790562651927 2.061970442837863 1.374646961891906 0.0 1.426222742466097 1.249679056265322 1.2496790562653464 0.0 2.592142847555483 1.2496790562653242 1.857781476252502 1.374646961891849 1.426222742466389 1.2496790562653048 1.24967905626521 0.6873234809459529 1.426222742466328 1.2496790562653137 1.8577814762523908 1.2496790562653348 1.2496790562655284 1.2496790562653417 0.6873234809458826 1.2496790562653557 0.0 0.6873234809459018 2.5921428475553308 1.4262227424661826 1.879718368545826 0.6873234809459339 1.4262227424661709 1.2496790562653506 0.6873234809460304 0.6873234809459375 1.2496790562654336 1.2496790562653783 1.857781476252434 0.687323480945989 1.2496790562651805 1.8577814762524656 0.6873234809459894 1.2496790562652964 0.6873234809458822 1.3746469618918693 1.4262227424663962 1.2496790562653586 1.4262227424663025 0.6873234809459646 1.4262227424661271 0.6873234809459225 1.4262227424663294 0.687323480945946 1.4262227424662342 1.2496790562653355 0.6873234809459877 1.8577814762525027 0.6873234809458496 1.2496790562653508 1.2496790562651798
1700.0416052432324 0.0 1.2496790562652837 2.5921428475553614 1.4262227424661649 0.68732348094588 1.374646961891985 0.6873234809459058 1.4262227424661345 2.5921428475554262 1.3746469618919357 0.0 0.6873234809459344 1.3746469618918793 2.5921428475554467 1.249679056265333 1.2496790562652484 2.5921428475554062 2.5921428475552264 0.687323480945945 0.6873234809459943 1.2496790562653814 2.592142847555385 0.6873234809459586 1.2496790562651374 2.592142847555382 0.687323480945886 0.68732348094593 1.4262227424662974 0.687323480945943 0.0 0.6873234809459838 0.6873234809459855 1.249679056265336 0.6873234809459651 1.6646550622771168 0.6873234809459047 0.6873234809459445 0.6873234809459048 1.7870410504594472 0.6873234809459295 0.6873234809459315 0.0 0.6873234809459206 1.857781476252525 0.6873234809459511 1.2496790562651472 1.2496790562653544 2.061970442837898 0.6873234809459442 1.249679056265359 0.6873234809459094 0.687323480945958 0.6873234809459525 0.6873234809459465 1.2496790562653737 1.2496790562651923 1.2496790562653368 0.6873234809459935 0.0 1.2496790562652658 0.6873234809459123 0.6873234809458578 1.249679056265377 1.4262227424661829 1.374646961891913 2.5921428475553174 1.4262227424662643 0.6873234809459162 1.249679056265393 1.2496790562652498 0.687323480945892 1.3746469618918922 0.0 0.6873234809458786 1.3746469618918749 0.6873234809458326 1.249679056265359 1.4262227424663543 1.2496790562653282 0.6873234809460135 0.6873234809459295 2.592142847555274 0.6873234809459177 1.3746469618918262 1.2496790562653386 1.2496790562654576 0.6873234809459221 2.5921428475552384 1.4262227424662801 0.6873234809459209 0.6873234809459435 1.2496790562652944 0.0 1.8577814762523628 0.6873234809459313 1.857781476252591 0.6873234809460007 1.4262227424662604 1.2496790562653122 1.4262227424662237 1.2496790562653288 0.6873234809459549 0.6873234809459554 0.6873234809459186 0.6873234809459173 1.3746469618918422 0.6873234809459061 1.374646961891865 0.0 1.2496790562655098 1.2496790562653612 1.8577814762525866 0.6873234809458884 0.6873234809459253 0.6873234809459623 0.6873234809459166 1.2496790562653326 1.4262227424663827 0.6873234809459274 1.2496790562651512 1.426222742466189 0.6873234809460114 0.0 0.6873234809459697 0.0 2.5921428475551953 1.2496790562653868 2.5921428475552806 1.374646961891918 1.3746469618917612 0.6873234809459146 1.249679056265547 1.2496790562653735 0.0 0.0 1.249679056265169 1.2496790562653484 2.5921428475555452 1.8577814762524127 1.2496790562653866
1710.0416052432324 2.592142847555367 1.2496790562654376 1.4262227424662055 1.4262227424663452 0.6873234809459041 1.8577814762524523 0.687323480945908 0.687323480945818 1.857781476252444 0.0 1.3746469618918618 0.0 1.4262227424662144 1.3746469618918191 1.2496790562652866 1.2496790562653508 0.6248395281326559 0.6873234809460199 1.2496790562652988 1.2496790562655329 0.6873234809459238 1.2496790562653928 0.6873234809458867 1.2496790562652274 1.4262227424662124 0.6873234809459047 0.6873234809459677 1.2496790562652376 1.2496790562653772 2.592142847555449 0.6873234809459022 1.249679056265204 1.2496790562653564 1.4262227424662115 1.7870410504594794 0.6873234809458203 0.6873234809459485 0.6873234809459442 1.7870410504594472 0.6873234809460039 0.6873234809459521 0.0 0.6873234809459924 0.0 1.2496790562653324 1.49961486751823 0.6873234809459836 1.249679056265493 1.2496790562653244 1.4262227424663132 0.6873234809459999 1.2496790562651945 0.6873234809459061 0.6873234809460154 0.68732348094589 0.68732348094602 0.6873234809459113 0.6873234809458602 1.374646961891877 1.2496790562652043 1.2496790562653224 1.374646961891882 0.6873234809459565 1.4262227424660905 2.5921428475553894 2.592142847555455 0.0 0.6873234809459604 0.6873234809459634 1.8577814762525826 0.6873234809459841 0.6873234809460158 0.6873234809459745 0.6873234809458646 0.0 1.4262227424661245 2.592142847555365 2.5921428475553543 0.6873234809459811 0.6873234809459816 0.6873234809459278 1.8577814762524512 2.0619704428378167 0.0 1.85778147625247 0.6873234809459816 0.687323480945901 0.0 1.3746469618918558 0.6873234809459465 0.6873234809459366 1.8577814762523857 1.426222742466243 0.6873234809459494 1.2496790562652775 1.2496790562652424 0.6873234809459635 1.249679056265281 1.2496790562653421 1.2496790562651814 0.6873234809459529 0.6873234809460563 0.6873234809459381 0.6873234809459895 0.687323480945978 1.2496790562651587 0.6873234809459604 1.2496790562654312 0.6873234809459189 2.592142847555187 1.2496790562653128 1.2496790562653655 1.2496790562653086 0.6873234809458211 1.2496790562653532 1.2496790562652584 0.6873234809459052 1.8577814762524612 0.687323480945948 1.2496790562653135 2.592142847555406 1.879718368545859 1.249679056265353 1.249679056265354 1.374646961891909 1.85778147625262 0.6873234809459323 1.2496790562652045 0.6873234809459613 1.374646961891795 0.6873234809459605 1.3746469618918264 0.6873234809459667 0.6873234809459089 0.0 1.249679056265289 0.6873234809459345 1.8577814762523222 0.6873234809459954 2.59214284755542
1720.0416052432324 1.4262227424662104 0.6873234809459385 1.3746469618918447 0.0 1.2496790562653453 2.5921428475554715 0.6873234809459403 2.5921428475553934 2.5921428475553845 0.6873234809458333 1.8577814762525147 1.374646961891921 0.0 1.4262227424662621 0.6873234809459096 1.249679056265501 0.3436617404729744 1.4262227424661387 1.857781476252442 0.6873234809460376 1.2496790562653122 2.5921428475552335 1.2496790562653988 0.6873234809460582 1.426222742466214 0.6873234809459119 0.6873234809459521 1.2496790562652011 1.8577814762524456 1.8577814762525215 0.6873234809458921 0.6873234809458437 1.2496790562652966 1.4262227424663627 1.426222742466202 0.6873234809458573 1.249679056265374 2.592142847555566 1.4262227424662413 1.2496790562655535 1.2496790562653208 1.2496790562654498 0.6873234809459485 1.374646961891754 0.687323480945946 0.6873234809458932 0.6873234809459676 1.2496790562652405 1.4262227424662135 0.6873234809460397 1.2496790562653135 0.6873234809458753 1.426222742466266 1.2496790562654578 1.249679056265311 1.2496790562655382 1.2496790562653832 1.2496790562653801 1.4262227424662346 0.6873234809460262 1.2496790562653903 1.2496790562654607 1.249679056265375 1.4262227424662375 0.0 0.6873234809459661 0.0 1.8577814762524036 0.6873234809459297 1.2496790562654205 0.6873234809459526 0.687323480945845 1.2496790562652969 1.2496790562653584 1.3746469618918706 0.0 1.2496790562653073 1.4262227424662914 1.2496790562652764 2.592142847555412 0.6873234809459071 1.2496790562654922 1.3746469618918873 1.3746469618917776 1.2496790562653695 0.6873234809459479 0.6873234809459089 0.0 1.249679056265358 1.249679056265321 0.6873234809459366 0.0 1.4262227424661935 1.2496790562651963 1.2496790562653313 1.4262227424662788 0.6873234809459745 0.6873234809458799 0.6873234809459419 3.4991013575428407 0.6873234809459506 0.687323480945867 0.687323480945897 0.6873234809458414 1.24967905626534 0.0 0.6873234809459634 1.37464696189179 0.6873234809459078 1.2496790562653701 1.24967905626531 1.426222742466415 0.6873234809459554 0.6873234809458763 0.6873234809459183 0.6873234809459015 0.6873234809458872 1.85778147625253 0.6873234809459006 0.0 1.249679056265298 1.2496790562655076 1.4262227424662033 2.5921428475555093 0.0 1.4262227424661964 0.6873234809459634 1.249679056265536 0.6873234809459934 1.3746469618918655 1.2496790562653666 0.6873234809458653 0.6873234809459458 0.6873234809460105 1.8577814762524782 0.6873234809459253 1.249679056265333 1.4262227424661962 1.2496790562653153 1.2496790562654116
1730.0416052432324 1.3746469618918884 2.59214284755533 1.3746469618918944 0.0 1.2496790562653315 1.857781476252464 0.6873234809459022 1.8577814762523244 1.8577814762524703 1.249679056265393 1.374646961891917 1.8577814762524811 1.374646961891854 1.8577814762524962 0.6873234809458881 0.6873234809459398 0.6248395281326955 1.4996148675182999 1.2496790562653175 1.8577814762524667 0.6873234809459787 2.592142847555305 0.6873234809458795 1.3746469618919175 0.68732348094594 0.6873234809458646 2.592142847555392 1.374646961891787 0.6873234809459826 1.857781476252416 1.2496790562652962 1.2496790562653894 0.6873234809459096 1.249679056265523 1.4262227424662028 1.8577814762526046 0.6873234809459754 0.6873234809459227 0.0 1.2496790562653068 0.0 0.6873234809458846 1.426222742466203 1.4262227424660492 0.6873234809459915 0.0 1.2496790562653899 2.061970442837876 0.6873234809459315 0.6873234809459287 0.6873234809459204 1.2496790562654356 4.123940885675584 0.6873234809459683 1.2496790562653206 0.687323480945978 0.6873234809459545 1.2496790562655014 1.3746469618918815 0.0 1.2496790562653721 0.6873234809459879 0.687323480945918 1.4262227424661804 1.8577814762525022 1.2496790562654077 1.374646961891884 0.6873234809459056 1.249679056265338 1.2496790562653564 0.6873234809459454 1.24967905626518 1.249679056265363 0.6873234809459854 0.0 1.3746469618917905 1.3746469618918138 2.5921428475553934 1.3746469618918873 1.8577814762523308 1.2496790562653204 0.0 0.6873234809459949 1.8577814762525506 1.2496790562652706 1.2496790562653153 0.6873234809459217 2.5921428475552046 0.687323480945956 0.6873234809458949 1.2496790562653506 1.249679056265229 1.3746469618919115 0.687323480945905 0.6873234809459555 2.5921428475555013 0.687323480945955 0.6873234809458799 1.249679056265309 1.4262227424664 0.6873234809459671 0.6873234809459962 1.4262227424661833 0.6873234809459712 0.6873234809459325 0.0 0.6873234809458982 1.4262227424660625 0.6873234809459302 0.6873234809459046 2.592142847555439 0.6873234809460294 0.6873234809459723 0.0 1.249679056265312 0.6873234809458241 0.6873234809458999 1.249679056265267 1.2496790562653224 1.2496790562652071 0.41239408856753146 0.0 0.6873234809459274 0.6873234809459929 1.374646961891886 1.426222742466424 0.6873234809459394 1.3746469618919348 1.2496790562653135 1.649623689919023 1.2496790562653122 1.3746469618918096 1.2496790562653726 1.2496790562653999 1.3746469618918542 0.6873234809459734 0.6873234809459603 1.2496790562653293 0.6873234809459516 1.857781476252428
1740.0416052432324 1.3746469618918258 2.5921428475555297 0.0 0.0 0.6873234809459824 0.0 0.6873234809459353 1.2496790562651325 1.3746469618919117 0.0 0.6873234809459972 1.426222742466427 1.2496790562653122 0.0 0.0 0.6873234809459151 2.5921428475553747 0.0 0.6873234809459281 0.687323480945802 0.6873234809459433 0.0 1.249679056265336 1.2496790562652826 0.6873234809459282 0.6873234809458676 0.6873234809458987 2.592142847555373 1.8577814762524716 1.4262227424661025 0.687323480945977 0.6873234809459621 1.2496790562652906 0.6873234809459284 1.8577814762524612 2.5921428475553245 0.6873234809459592 1.2496790562653262 1.4262227424662146 1.3746469618920132 1.374646961891854 0.6873234809459825 1.4996148675184486 1.2496790562651687 1.2496790562653013 0.6873234809459144 0.6873234809459964 2.061970442837867 0.6873234809459492 1.2496790562655398 1.2496790562653608 0.6873234809459368 1.3746469618918338 0.6873234809460403 0.6873234809459285 1.2496790562655373 1.3746469618919142 1.2496790562653957 0.0 0.6873234809459753 0.6873234809459524 0.687323480945904 0.6873234809459439 1.3746469618919108 1.8577814762524336 0.0 1.4262227424662723 1.8577814762525522 1.2496790562652942 0.6873234809460268 0.6873234809459012 1.3746469618918857 1.2496790562653382 0.6873234809459046 1.3746469618918866 1.3746469618919928 1.374646961891821 1.2496790562653464 0.0 1.249679056265207 0.6873234809459712 1.2496790562651818 0.0 1.42622274246624 0.6873234809459939 1.2496790562652504 0.6873234809459536 0.343661740472894 1.4262227424662064 0.6873234809458957 0.6873234809458927 0.6873234809457877 1.374646961891837 0.6873234809458957 1.249679056265385 0.6873234809459866 1.2496790562653122 0.6873234809460117 0.6873234809459308 1.3746469618919548 0.6873234809458908 1.2496790562654325 1.2496790562653581 1.8577814762523042 1.2496790562653324 2.5921428475552752 0.6873234809459523 1.4262227424663037 0.6873234809459232 0.6873234809459903 0.6873234809459106 1.4262227424660336 0.6873234809459059 2.592142847555497 2.5921428475553605 0.6873234809458638 1.2496790562653406 1.3746469618919042 0.6873234809459385 1.426222742466397 0.41239408856753146 2.5921428475554733 0.6873234809459169 0.0 0.0 0.0 0.6873234809459705 1.426222742466355 0.6873234809459488 1.2496790562652598 0.6873234809459347 0.6873234809458021 1.2496790562653344 1.3746469618919341 1.3746469618918908 0.6873234809460055 2.0994608145257954 0.6873234809457963 0.6873234809459735 0.6873234809460064
1750.0416052432324 1.3746469618918844 0.6873234809459875 1.374646961891899 1.2496790562654692 0.6873234809459824 1.3746469618918051 0.687323480945949 0.6873234809459364 0.4123940885675896 1.2496790562654247 0.6873234809459661 1.3746469618919395 0.0 1.8577814762524811 1.2496790562653666 1.2496790562653424 1.3746469618918833 0.6873234809460173 1.4262227424661864 0.6873234809458956 0.6873234809458917 1.4262227424662326 0.6873234809459747 1.3746469618918251 0.0 0.6873234809460171 1.85778147625251 1.4262227424661165 2.592142847555373 1.2496790562651845 0.687323480945959 0.6873234809459333 1.24967905626535 0.687323480945927 1.2496790562653703 1.3746469618919175 0.6873234809459711 0.6873234809460261 1.374646961891843 2.5921428475555888 1.3746469618918447 0.6873234809458921 2.5921428475554116 0.0 0.687323480945977 2.5921428475552157 1.2496790562652962 3.74903716879604 0.6873234809459549 1.2496790562651943 0.6873234809459721 1.2496790562653572 0.0 1.85778147625261 1.2496790562653315 0.6873234809459648 1.3746469618918884 1.857781476252659 1.4262227424662326 1.857781476252548 0.6873234809459691 1.2496790562652085 0.6873234809459475 1.2496790562652746 1.374646961891888 2.5921428475554076 1.3746469618919241 0.6873234809458953 0.6873234809459651 0.6873234809459153 1.2496790562653521 1.857781476252628 0.6873234809459274 1.8577814762524612 0.687323480945938 1.2496790562651978 1.4262227424661815 0.6873234809459293 1.374646961891867 1.8577814762525455 0.6873234809459753 1.8577814762525562 0.0 0.0 1.8577814762525195 2.5921428475555044 0.6873234809459454 0.6873234809460258 0.6873234809458886 1.4262227424662124 0.6873234809459413 0.6873234809459611 0.6873234809459633 1.8577814762524372 1.2496790562653401 0.6873234809460382 0.6873234809459755 0.6873234809460829 1.2496790562653344 1.2496790562652849 0.6873234809459341 0.6873234809458726 0.6873234809459219 0.6873234809459916 1.4262227424661924 0.0 0.6873234809459665 0.0 0.6873234809459342 1.4262227424663334 0.6873234809459791 1.4262227424664016 0.6873234809458788 1.2496790562654723 0.6873234809459003 1.2496790562652182 1.249679056265316 0.0 1.2496790562653124 0.6873234809460423 2.5921428475553845 0.0 1.2496790562653313 1.857781476252614 0.6873234809459048 1.3746469618919077 0.687323480945945 1.4262227424661134 0.687323480945948 2.5921428475554897 0.6873234809459366 1.2496790562651785 0.6873234809458884 1.2496790562652158 1.426222742466223 0.6873234809459237 1.374646961891867 1.249679056265235 0.6873234809459714 0.6873234809460488
1760.0416052432324 0.4123940885676043 0.6873234809460067 1.374646961891881 0.6873234809458976 0.6873234809459767 1.3746469618918706 0.6873234809459493 0.6873234809458799 1.2496790562653357 2.59214284755532 1.2496790562653401 1.4262227424660512 0.6873234809458865 1.4262227424664178 1.2496790562653806 1.6496236899187673 1.3746469618918995 0.6873234809458734 0.687323480945931 0.687323480945953 0.6873234809459811 1.42622274246618 1.2496790562653521 1.3746469618918589 1.4262227424662015 0.6873234809460065 1.249679056265323 2.5921428475553046 0.6873234809459504 0.0 1.2496790562653364 1.2496790562654267 1.4262227424662364 1.8797183685459178 1.2496790562652882 0.6873234809459146 1.2496790562653184 1.249679056265401 1.3746469618918717 1.2496790562654676 1.3746469618919135 1.3746469618918786 1.857781476252482 0.0 0.6873234809459624 0.6873234809460195 0.6873234809459365 3.7490371687960082 0.6873234809459087 0.6873234809458556 0.6873234809459186 1.8577814762522882 0.0 0.6873234809459113 0.687323480945974 0.6873234809459775 1.4262227424662017 0.6873234809459586 4.2786682273986525 1.2496790562655022 0.6873234809459274 1.8797183685459569 0.6873234809459571 0.0 1.4262227424662428 2.592142847555282 0.0 0.687323480945962 1.2496790562653932 1.2496790562654205 1.2496790562653277 1.249679056265273 0.6873234809459281 0.6873234809458502 0.6873234809459225 1.8577814762523148 1.374646961891883 0.0 0.6873234809459672 0.6873234809458436 0.0 2.5921428475555333 0.6873234809459629 0.0 1.4996148675183856 0.6873234809459029 0.6873234809459622 0.6248395281325154 0.6873234809459283 0.687323480945869 0.6873234809459057 0.0 0.6873234809458965 0.687323480945813 0.6873234809459734 1.2496790562651487 0.6873234809459646 0.6873234809458276 0.6873234809459541 0.0 1.8577814762524503 0.6873234809460237 0.6873234809458865 0.6873234809459623 1.3746469618918675 2.59214284755554 1.2496790562652977 2.5921428475553943 0.6873234809459691 0.6873234809460329 1.2496790562653783 0.0 1.249679056265391 1.2496790562652949 0.6873234809458961 0.6873234809459756 1.2496790562653288 2.5921428475552784 1.2496790562653723 0.6873234809459698 1.664655062277119 1.4262227424660443 1.2496790562653808 1.2496790562651876 1.8577814762524356 1.8577814762523588 1.2496790562653202 1.4262227424663922 1.3746469618918615 2.592142847555349 0.6873234809459611 0.0 0.6873234809459282 1.2496790562651956 1.4262227424661693 0.6873234809459059 0.0 0.6873234809458173 0.68732348094591 0.6873234809458953
1770.0416052432324 1.6646550622771703 1.249679056265212 1.8577814762524243 0.6873234809459662 0.6873234809459334 1.3746469618918564 1.2496790562653015 0.6873234809459863 0.4123940885675896 2.5921428475554733 0.6873234809458998 0.6873234809458192 0.0 2.5921428475552837 0.6873234809459094 0.6873234809460307 0.0 1.499614867518338 1.374646961891869 0.6873234809458504 1.2496790562653661 1.374646961891874 1.2496790562653712 0.0 0.6873234809459291 0.0 1.249679056265385 2.5921428475553814 1.3746469618918353 2.5921428475553494 0.6873234809459544 0.6873234809458095 0.6873234809459847 0.0 1.4262227424662661 2.592142847555353 0.6873234809459126 0.6873234809458573 0.0 1.8577814762524691 1.3746469618918513 1.8577814762524043 1.4262227424662115 1.2496790562653903 0.6873234809459666 1.2496790562654676 0.6873234809459474 1.2496790562654752 0.6873234809459473 0.6873234809458723 1.2496790562653288 1.2496790562652909 0.0 0.687323480945793 0.6873234809459228 0.6873234809458945 1.2496790562653746 1.2496790562653337 1.2496790562653266 1.857781476252568 0.6873234809458898 0.0 1.2496790562653524 1.3746469618918322 1.426222742466237 0.0 0.0 0.687323480945923 0.6873234809458781 0.6873234809459902 0.6873234809459562 0.6873234809458678 1.249679056265318 1.249679056265406 0.6873234809459255 0.6873234809458622 1.3746469618919128 1.2496790562651627 1.3746469618919044 1.4262227424661176 1.2496790562653681 2.5921428475553636 1.3746469618918695 0.0 1.4996148675183818 0.6873234809458287 0.6873234809458976 1.2496790562652724 0.0 1.2496790562655347 0.6873234809459338 2.5921428475553214 0.6873234809459325 0.6873234809458814 0.6873234809458991 0.6873234809458755 0.6873234809458987 0.6873234809459643 1.2496790562653208 1.37464696189187 1.2496790562652917 1.249679056265205 0.6873234809459405 0.6873234809460093 0.0 1.8577814762523832 1.2496790562653544 1.4262227424662643 1.2496790562653648 1.4262227424662093 0.6873234809459305 1.857781476252392 0.6873234809459389 1.8577814762524716 1.2496790562653124 1.2496790562655042 1.2496790562653446 1.2496790562654525 0.6873234809459798 1.8577814762523264 1.7870410504594596 1.374646961891804 0.6873234809459344 0.6873234809459237 0.6873234809459029 1.3746469618919324 1.2496790562653732 1.42622274246608 1.8577814762524707 1.8577814762524216 0.6873234809459045 0.6873234809459663 0.6873234809459666 0.6873234809459003 2.5921428475553694 1.2496790562652105 0.6873234809459186 1.8577814762523432 0.6873234809459715 0.6873234809458175
1780.0416052432324 1.2496790562653624 1.8577814762523917 1.4262227424662215 0.6873234809459453 1.2496790562653781 0.0 0.6873234809459795 1.2496790562651525 0.4123940885675896 0.6873234809459757 1.249679056265329 0.687323480946048 1.2496790562653806 1.4262227424660778 0.6873234809458809 0.6873234809460066 1.787041050459405 1.4262227424662326 0.0 1.2496790562654143 0.6873234809459586 1.4262227424663678 0.6873234809459291 1.3746469618918833 0.6873234809459146 0.6873234809459507 1.2496790562653026 1.4262227424662115 0.687323480945915 1.4262227424661507 0.6873234809459106 0.6873234809458517 0.687323480945975 0.687323480945932 1.6496236899189423 0.6873234809460272 1.249679056265335 0.0 1.374646961891849 0.0 1.2496790562653453 0.6873234809459761 2.5921428475553823 1.249679056265483 1.2496790562653124 0.6873234809459356 1.2496790562653473 3.7490371687961237 0.6873234809459515 0.6873234809459665 1.2496790562653044 1.2496790562653177 1.3746469618918544 1.2496790562654223 0.6873234809459281 0.6873234809459866 0.6873234809459275 1.6496236899191172 1.4262227424662066 0.6873234809459339 0.6873234809459832 0.6873234809459179 0.6873234809459096 1.2496790562652482 2.5921428475553476 0.0 0.0 0.6873234809460523 0.6873234809459112 0.6873234809459289 1.2496790562653863 1.8577814762526155 1.2496790562652953 1.2496790562654063 0.0 0.6873234809459032 0.0 1.8577814762525935 1.426222742466231 0.6873234809459806 0.6873234809459449 1.8577814762523748 0.0 1.3746469618918773 1.3746469618918733 0.6873234809458866 0.6873234809459143 1.4262227424661675 1.3746469618918271 2.592142847555524 0.6873234809459471 1.3746469618919004 0.687323480945956 1.3746469618918968 0.6873234809459302 2.592142847555363 1.2496790562653186 0.6873234809459707 0.6873234809459438 1.4262227424662093 0.6873234809459186 0.6873234809459376 1.2496790562653346 0.6873234809458746 1.4262227424662495 0.0 0.6873234809459722 0.0 1.249679056265327 1.2496790562655007 1.2496790562653584 2.5921428475554946 0.6873234809459438 1.2496790562652949 0.6873234809459204 0.68732348094588 0.687323480945903 1.374646961891868 1.2496790562652988 1.4262227424662248 0.4123940885676082 1.4262227424663965 0.6873234809459425 0.6873234809460181 0.6873234809459848 0.0 0.6873234809459108 0.0 1.8577814762524947 2.5921428475553605 0.6873234809459572 0.6873234809459345 0.6873234809459209 1.249679056265474 1.249679056265325 0.6873234809458111 0.6873234809459381 1.426222742466173 0.6873234809459312 0.6873234809457909
1790.0416052432324 1.2496790562653624 0.6873234809459866 1.2496790562653306 2.592142847555329 1.2496790562653162 1.8577814762524762 0.687323480945934 0.0 1.6646550622770706 1.8577814762523528 1.249679056265288 1.426222742466153 1.374646961891917 1.3746469618917496 0.6873234809459445 0.6873234809458869 1.8577814762524631 1.3746469618919928 0.0 1.2496790562654763 0.6873234809459241 2.592142847555241 0.6873234809458938 1.6496236899188026 1.2496790562653286 0.687323480946001 0.6873234809459334 1.3746469618917372 0.6873234809459248 1.2496790562653215 0.6873234809459866 1.2496790562653757 0.6873234809459465 1.4996148675182541 1.3746469618918782 0.6873234809459308 0.6873234809459194 0.6873234809459852 0.0 0.6873234809458967 1.4262227424662037 0.6873234809459705 1.3746469618918726 1.374646961891979 0.6873234809459681 0.6873234809459116 1.3746469618918733 1.374646961891927 0.6873234809459773 1.2496790562652569 0.6873234809459438 1.2496790562652775 0.0 1.8577814762522977 1.2496790562653555 0.6873234809457947 0.6873234809459711 1.4262227424662686 1.4262227424662337 0.687323480945953 1.2496790562653617 0.687323480945949 0.6873234809459363 1.4262227424663472 1.374646961891906 1.374646961891834 1.4262227424661595 1.857781476252653 0.6873234809459475 0.6873234809460633 0.6873234809459356 1.4262227424661693 0.6873234809459067 0.687323480945945 0.6873234809459106 1.4262227424662346 0.6873234809459795 0.0 0.6873234809458921 1.8577814762524592 1.3746469618918686 1.3746469618920276 0.0 0.0 1.374646961891883 1.2496790562653564 0.6873234809459424 0.0 0.0 2.5921428475553143 0.6873234809459495 0.0 0.6873234809459476 1.857781476252496 1.2496790562653255 2.592142847555447 1.2496790562653564 1.2496790562652356 0.6873234809459036 1.2496790562653965 1.3746469618918582 0.6873234809458366 0.6873234809459616 1.2496790562653377 1.4262227424662417 1.4262227424660237 0.6873234809459609 0.0 1.2496790562653375 0.687323480945814 1.2496790562653701 1.3746469618918011 1.249679056265335 0.6873234809459893 0.6873234809459625 0.6873234809458666 0.6873234809459452 1.3746469618919357 1.2496790562653386 1.4262227424661273 0.4123940885676082 1.3746469618917816 0.6873234809459329 1.4262227424661003 0.6873234809458925 0.0 0.6873234809459515 0.0 0.6873234809459478 0.0 0.6873234809459106 0.6873234809459964 1.2496790562653715 0.6873234809458378 1.249679056265358 0.6873234809458081 1.4262227424662504 1.374646961891883 0.6873234809459394 0.6873234809459403
1800.0416052432324 2.592142847555381 0.6873234809458088 1.4262227424662548 1.2496790562654545 0.6873234809458932 2.59214284755546 0.6873234809458854 1.4262227424660965 1.6646550622771066 1.3746469618918675 0.6873234809459288 0.6873234809460856 1.8577814762524647 0.0 1.374646961891889 0.6873234809459658 0.4123940885675518 1.8577814762524376 1.3746469618918646 0.6873234809459697 1.3746469618918657 0.0 0.6873234809459241 1.8577814762523368 0.6873234809459501 1.6496236899190169 2.5921428475554174 3.499101357543062 1.2496790562653797 1.426222742466032 0.6873234809459197 0.6873234809460018 1.24967905626531 1.2496790562653235 1.4262227424662124 1.2496790562653273 0.6873234809458854 0.6873234809459055 1.42622274246619 2.5921428475551935 0.6873234809459564 1.3746469618918573 0.0 1.374646961891833 0.6873234809459225 0.6873234809458519 0.6873234809459067 1.2496790562653057 0.6873234809459127 0.6873234809459019 0.6873234809459796 0.6873234809458648 2.0619704428378163 1.8577814762522837 0.6873234809458926 0.6873234809459737 0.6873234809458949 1.8577814762525635 0.0 1.8577814762524016 0.6873234809458968 0.6873234809460013 0.6873234809459109 0.0 1.2496790562653555 1.374646961891825 1.3746469618919153 1.249679056265431 0.6873234809459516 0.6873234809459339 0.6873234809459461 1.8577814762523368 1.2496790562653761 1.2496790562654028 1.3746469618918615 0.6873234809460744 1.2496790562653548 0.0 1.4262227424662657 0.6873234809459837 1.426222742466223 1.426222742466296 1.3746469618918475 1.426222742466132 0.6873234809459097 2.592142847555582 1.8577814762524962 1.857781476252521 0.0 0.6873234809459088 0.6873234809459217 0.0 0.6873234809458956 0.6873234809458221 0.6873234809459164 0.6873234809458326 0.6873234809459644 0.6873234809459465 0.6873234809459805 1.85778147625245 0.6873234809459683 0.6873234809459943 0.687323480945916 0.6873234809459365 1.8577814762524467 2.5921428475552695 0.6873234809459702 1.4262227424661778 0.6873234809458957 2.5921428475553165 0.6873234809459223 0.6873234809459944 1.2496790562653255 1.2496790562653113 1.2496790562653575 0.687323480945897 0.6873234809458995 1.3746469618918786 1.2496790562653237 1.2496790562652904 1.4262227424662026 1.85778147625249 1.2496790562653177 2.5921428475554467 0.6873234809459057 1.426222742466151 0.6873234809459515 1.426222742466102 2.5921428475553507 1.426222742466409 0.6873234809459778 1.2496790562654605 0.6873234809459438 0.6873234809459751 1.249679056265374 0.6873234809460634 1.2496790562653879 1.374646961891894 0.6873234809459788 0.687323480945971
#####################################################################
# End of data export. Simulation finished at: 2026-07-03T09:34+0000 #
#####################################################################
